Project	UserID	Protocol	Session	Station	Run	Subject	Time	Current State	Transition State	Transition Event	A1 - LLR	A2 - RLR	A3 - MAG	A4 - 	A[1] LLR_OFF	A[2] RLR_OFF	A[3] MAG_OFF	A[4] 
C	Marios	76	312	9	1	18____	0	0	1	0	0	0	0	0	0	0	0	0
C	Marios	76	312	9	1	18____	1157	1	0	0	1	0	0	0	0	0	0	0
C	Marios	76	312	9	1	18____	1181	1	0	0	0	0	0	0	1	0	0	0
C	Marios	76	312	9	1	18____	1256	1	0	0	1	0	0	0	0	0	0	0
C	Marios	76	312	9	1	18____	1260	1	0	0	0	0	0	0	1	0	0	0
C	Marios	76	312	9	1	18____	1483	1	3	1	1	0	0	0	0	0	0	0
C	Marios	76	312	9	1	18____	1486	3	0	0	0	0	0	0	1	0	0	0
C	Marios	76	312	9	1	18____	1733	3	1	0	0	0	0	0	0	0	0	0
C	Marios	76	312	9	1	18____	6712	1	0	0	1	0	0	0	0	0	0	0
C	Marios	76	312	9	1	18____	6737	1	0	0	0	0	0	0	1	0	0	0
C	Marios	76	312	9	1	18____	6742	1	3	1	1	0	0	0	0	0	0	0
C	Marios	76	312	9	1	18____	6754	3	0	0	0	0	0	0	1	0	0	0
C	Marios	76	312	9	1	18____	6992	3	1	0	0	0	0	0	0	0	0	0
C	Marios	76	312	9	1	18____	7124	1	0	0	1	0	0	0	0	0	0	0
C	Marios	76	312	9	1	18____	7131	1	0	0	0	0	0	0	1	0	0	0
C	Marios	76	312	9	1	18____	9785	1	2	2	0	1	0	0	0	0	0	0
C	Marios	76	312	9	1	18____	9800	2	0	0	0	0	0	0	0	1	0	0
C	Marios	76	312	9	1	18____	10035	2	1	0	0	0	0	0	0	0	0	0
C	Marios	76	312	9	1	18____	11293	1	0	0	1	0	0	0	0	0	0	0
C	Marios	76	312	9	1	18____	11301	1	0	0	0	0	0	0	1	0	0	0
C	Marios	76	312	9	1	18____	12948	1	0	0	1	0	0	0	0	0	0	0
C	Marios	76	312	9	1	18____	12988	1	0	0	0	0	0	0	1	0	0	0
C	Marios	76	312	9	1	18____	12992	1	3	1	1	0	0	0	0	0	0	0
C	Marios	76	312	9	1	18____	12995	3	0	0	0	0	0	0	1	0	0	0
C	Marios	76	312	9	1	18____	12999	3	0	0	1	0	0	0	0	0	0	0
C	Marios	76	312	9	1	18____	13011	3	0	0	0	0	0	0	1	0	0	0
C	Marios	76	312	9	1	18____	13242	3	1	0	0	0	0	0	0	0	0	0
C	Marios	76	312	9	1	18____	13832	1	0	0	0	1	0	0	0	0	0	0
C	Marios	76	312	9	1	18____	13842	1	2	2	0	1	0	0	0	1	0	0
C	Marios	76	312	9	1	18____	13847	2	0	0	0	0	0	0	0	1	0	0
C	Marios	76	312	9	1	18____	14092	2	1	0	0	0	0	0	0	0	0	0
C	Marios	76	312	9	1	18____	19629	1	3	1	1	0	0	0	0	0	0	0
C	Marios	76	312	9	1	18____	19638	3	0	0	0	0	0	0	1	0	0	0
C	Marios	76	312	9	1	18____	19879	3	1	0	0	0	0	0	0	0	0	0
C	Marios	76	312	9	1	18____	30000	1	5	0	0	0	0	0	0	0	0	0
C	Marios	76	312	9	1	18____	32324	5	0	0	1	0	0	0	0	0	0	0
C	Marios	76	312	9	1	18____	32334	5	0	0	0	0	0	0	1	0	0	0
C	Marios	76	312	9	1	18____	33387	5	0	0	1	0	0	0	0	0	0	0
C	Marios	76	312	9	1	18____	33419	5	0	0	0	0	0	0	1	0	0	0
C	Marios	76	312	9	1	18____	34749	5	6	1	1	0	0	0	0	0	0	0
C	Marios	76	312	9	1	18____	34759	6	0	0	0	0	0	0	1	0	0	0
C	Marios	76	312	9	1	18____	34999	6	5	0	0	0	0	0	0	0	0	0
C	Marios	76	312	9	1	18____	35095	5	6	1	1	0	0	0	0	0	0	0
C	Marios	76	312	9	1	18____	35107	6	0	0	0	0	0	0	1	0	0	0
C	Marios	76	312	9	1	18____	35111	6	0	0	1	0	0	0	0	0	0	0
C	Marios	76	312	9	1	18____	35118	6	0	0	0	0	0	0	1	0	0	0
C	Marios	76	312	9	1	18____	35132	6	0	0	1	0	0	0	0	0	0	0
C	Marios	76	312	9	1	18____	35139	6	0	0	0	0	0	0	1	0	0	0
C	Marios	76	312	9	1	18____	35345	6	5	0	0	0	0	0	0	0	0	0
C	Marios	76	312	9	1	18____	39127	5	6	1	1	0	0	0	0	0	0	0
C	Marios	76	312	9	1	18____	39187	6	0	0	0	0	0	0	1	0	0	0
C	Marios	76	312	9	1	18____	39377	6	5	0	0	0	0	0	0	0	0	0
C	Marios	76	312	9	1	18____	40438	5	0	0	1	0	0	0	0	0	0	0
C	Marios	76	312	9	1	18____	40525	5	0	0	0	0	0	0	1	0	0	0
C	Marios	76	312	9	1	18____	40563	5	0	0	1	0	0	0	0	0	0	0
C	Marios	76	312	9	1	18____	40570	5	0	0	0	0	0	0	1	0	0	0
C	Marios	76	312	9	1	18____	46199	5	6	1	1	0	0	0	0	0	0	0
C	Marios	76	312	9	1	18____	46210	6	0	0	0	0	0	0	1	0	0	0
C	Marios	76	312	9	1	18____	46449	6	5	0	0	0	0	0	0	0	0	0
C	Marios	76	312	9	1	18____	48477	5	0	0	1	0	0	0	0	0	0	0
C	Marios	76	312	9	1	18____	48760	5	0	0	0	0	0	0	1	0	0	0
C	Marios	76	312	9	1	18____	53386	5	0	0	0	1	0	0	0	0	0	0
C	Marios	76	312	9	1	18____	53480	5	0	0	0	0	0	0	0	1	0	0
C	Marios	76	312	9	1	18____	53511	5	0	0	0	1	0	0	0	0	0	0
C	Marios	76	312	9	1	18____	53519	5	0	0	0	0	0	0	0	1	0	0
C	Marios	76	312	9	1	18____	53644	5	7	2	0	1	0	0	0	0	0	0
C	Marios	76	312	9	1	18____	53657	7	0	0	0	0	0	0	0	1	0	0
C	Marios	76	312	9	1	18____	53894	7	5	0	0	0	0	0	0	0	0	0
C	Marios	76	312	9	1	18____	65054	5	0	0	1	0	0	0	0	0	0	0
C	Marios	76	312	9	1	18____	65188	5	0	0	0	0	0	0	1	0	0	0
C	Marios	76	312	9	1	18____	65228	5	0	0	1	0	0	0	0	0	0	0
C	Marios	76	312	9	1	18____	65249	5	0	0	0	0	0	0	1	0	0	0
C	Marios	76	312	9	1	18____	65263	5	6	1	1	0	0	0	0	0	0	0
C	Marios	76	312	9	1	18____	65296	6	0	0	0	0	0	0	1	0	0	0
C	Marios	76	312	9	1	18____	65513	6	5	0	0	0	0	0	0	0	0	0
C	Marios	76	312	9	1	18____	65954	5	0	0	1	0	0	0	0	0	0	0
C	Marios	76	312	9	1	18____	65991	5	0	0	0	0	0	0	1	0	0	0
C	Marios	76	312	9	1	18____	67673	5	6	1	1	0	0	0	0	0	0	0
C	Marios	76	312	9	1	18____	67706	6	0	0	0	0	0	0	1	0	0	0
C	Marios	76	312	9	1	18____	67923	6	5	0	0	0	0	0	0	0	0	0
C	Marios	76	312	9	1	18____	76955	5	0	0	1	0	0	0	0	0	0	0
C	Marios	76	312	9	1	18____	77000	5	0	0	0	0	0	0	1	0	0	0
C	Marios	76	312	9	1	18____	77042	5	0	0	1	0	0	0	0	0	0	0
C	Marios	76	312	9	1	18____	78457	5	0	0	0	0	0	0	1	0	0	0
C	Marios	76	312	9	1	18____	78487	5	6	1	1	0	0	0	0	0	0	0
C	Marios	76	312	9	1	18____	78546	6	0	0	0	0	0	0	1	0	0	0
C	Marios	76	312	9	1	18____	78548	6	0	0	1	0	0	0	0	0	0	0
C	Marios	76	312	9	1	18____	78623	6	0	0	0	0	0	0	1	0	0	0
C	Marios	76	312	9	1	18____	78737	6	5	0	0	0	0	0	0	0	0	0
C	Marios	76	312	9	1	18____	80742	5	0	0	0	1	0	0	0	0	0	0
C	Marios	76	312	9	1	18____	80762	5	0	0	0	0	0	0	0	1	0	0
C	Marios	76	312	9	1	18____	91851	5	6	1	1	0	0	0	0	0	0	0
C	Marios	76	312	9	1	18____	91860	6	0	0	0	0	0	0	1	0	0	0
C	Marios	76	312	9	1	18____	92101	6	5	0	0	0	0	0	0	0	0	0
C	Marios	76	312	9	1	18____	95669	5	0	0	0	1	0	0	0	0	0	0
C	Marios	76	312	9	1	18____	95679	5	0	0	0	0	0	0	0	1	0	0
C	Marios	76	312	9	1	18____	95716	5	0	0	0	1	0	0	0	0	0	0
C	Marios	76	312	9	1	18____	95735	5	0	0	0	0	0	0	0	1	0	0
C	Marios	76	312	9	1	18____	95976	5	0	0	1	0	0	0	0	0	0	0
C	Marios	76	312	9	1	18____	96050	5	0	0	0	0	0	0	1	0	0	0
C	Marios	76	312	9	1	18____	96840	5	6	1	1	0	0	0	0	0	0	0
C	Marios	76	312	9	1	18____	96847	6	0	0	0	0	0	0	1	0	0	0
C	Marios	76	312	9	1	18____	96897	6	0	0	1	0	0	0	0	0	0	0
C	Marios	76	312	9	1	18____	96939	6	0	0	0	0	0	0	1	0	0	0
C	Marios	76	312	9	1	18____	97090	6	5	0	0	0	0	0	0	0	0	0
C	Marios	76	312	9	1	18____	97892	5	0	0	1	0	0	0	0	0	0	0
C	Marios	76	312	9	1	18____	99480	5	0	0	0	0	0	0	1	0	0	0
C	Marios	76	312	9	1	18____	99497	5	6	1	1	0	0	0	0	0	0	0
C	Marios	76	312	9	1	18____	99531	6	0	0	0	0	0	0	1	0	0	0
C	Marios	76	312	9	1	18____	99747	6	5	0	0	0	0	0	0	0	0	0
C	Marios	76	312	9	1	18____	99905	5	6	1	1	0	0	0	0	0	0	0
C	Marios	76	312	9	1	18____	99916	6	0	0	0	0	0	0	1	0	0	0
C	Marios	76	312	9	1	18____	99945	6	0	0	1	0	0	0	0	0	0	0
C	Marios	76	312	9	1	18____	99953	6	0	0	0	0	0	0	1	0	0	0
C	Marios	76	312	9	1	18____	100155	6	5	0	0	0	0	0	0	0	0	0
C	Marios	76	312	9	1	18____	101431	5	0	0	1	0	0	0	0	0	0	0
C	Marios	76	312	9	1	18____	101474	5	0	0	0	0	0	0	1	0	0	0
C	Marios	76	312	9	1	18____	101736	5	6	1	1	0	0	0	0	0	0	0
C	Marios	76	312	9	1	18____	101750	6	0	0	0	0	0	0	1	0	0	0
C	Marios	76	312	9	1	18____	101986	6	5	0	0	0	0	0	0	0	0	0
C	Marios	76	312	9	1	18____	120000	5	4	0	0	0	0	0	0	0	0	0
C	Marios	76	312	9	1	18____	120250	4	-1	0	0	0	0	0	0	0	0	0
C	Marios	76	312	10	1	20____	0	0	1	0	0	0	0	0	0	0	0	0
C	Marios	76	312	10	1	20____	3762	1	2	2	0	1	0	0	0	0	0	0
C	Marios	76	312	10	1	20____	3780	2	0	0	0	0	0	0	0	1	0	0
C	Marios	76	312	10	1	20____	4012	2	1	0	0	0	0	0	0	0	0	0
C	Marios	76	312	10	1	20____	12072	1	0	0	1	0	0	0	0	0	0	0
C	Marios	76	312	10	1	20____	12089	1	0	0	0	0	0	0	1	0	0	0
C	Marios	76	312	10	1	20____	12096	1	0	0	1	0	0	0	0	0	0	0
C	Marios	76	312	10	1	20____	12097	1	0	0	0	0	0	0	1	0	0	0
C	Marios	76	312	10	1	20____	12440	1	3	1	1	0	0	0	0	0	0	0
C	Marios	76	312	10	1	20____	12449	3	0	0	0	0	0	0	1	0	0	0
C	Marios	76	312	10	1	20____	12690	3	1	0	0	0	0	0	0	0	0	0
C	Marios	76	312	10	1	20____	15381	1	0	0	1	0	0	0	0	0	0	0
C	Marios	76	312	10	1	20____	15550	1	0	0	0	0	0	0	1	0	0	0
C	Marios	76	312	10	1	20____	18140	1	2	2	0	1	0	0	0	0	0	0
C	Marios	76	312	10	1	20____	18150	2	0	0	0	0	0	0	0	1	0	0
C	Marios	76	312	10	1	20____	18390	2	1	0	0	0	0	0	0	0	0	0
C	Marios	76	312	10	1	20____	19136	1	2	2	0	1	0	0	0	0	0	0
C	Marios	76	312	10	1	20____	19145	2	0	0	0	0	0	0	0	1	0	0
C	Marios	76	312	10	1	20____	19386	2	1	0	0	0	0	0	0	0	0	0
C	Marios	76	312	10	1	20____	19622	1	0	0	1	0	0	0	0	0	0	0
C	Marios	76	312	10	1	20____	19852	1	0	0	0	0	0	0	1	0	0	0
C	Marios	76	312	10	1	20____	20360	1	0	0	1	0	0	0	0	0	0	0
C	Marios	76	312	10	1	20____	20470	1	0	0	0	0	0	0	1	0	0	0
C	Marios	76	312	10	1	20____	20482	1	3	1	1	0	0	0	0	0	0	0
C	Marios	76	312	10	1	20____	20494	3	0	0	0	0	0	0	1	0	0	0
C	Marios	76	312	10	1	20____	20732	3	1	0	0	0	0	0	0	0	0	0
C	Marios	76	312	10	1	20____	21222	1	0	0	0	1	0	0	0	0	0	0
C	Marios	76	312	10	1	20____	21233	1	0	0	0	0	0	0	0	1	0	0
C	Marios	76	312	10	1	20____	21612	1	0	0	1	0	0	0	0	0	0	0
C	Marios	76	312	10	1	20____	21814	1	0	0	0	0	0	0	1	0	0	0
C	Marios	76	312	10	1	20____	21887	1	0	0	1	0	0	0	0	0	0	0
C	Marios	76	312	10	1	20____	21971	1	0	0	0	0	0	0	1	0	0	0
C	Marios	76	312	10	1	20____	22020	1	3	1	1	0	0	0	0	0	0	0
C	Marios	76	312	10	1	20____	22030	3	0	0	0	0	0	0	1	0	0	0
C	Marios	76	312	10	1	20____	22270	3	1	0	0	0	0	0	0	0	0	0
C	Marios	76	312	10	1	20____	22568	1	0	0	1	0	0	0	0	0	0	0
C	Marios	76	312	10	1	20____	22616	1	0	0	0	0	0	0	1	0	0	0
C	Marios	76	312	10	1	20____	22627	1	0	0	1	0	0	0	0	0	0	0
C	Marios	76	312	10	1	20____	22861	1	0	0	0	0	0	0	1	0	0	0
C	Marios	76	312	10	1	20____	22869	1	3	1	1	0	0	0	0	0	0	0
C	Marios	76	312	10	1	20____	22879	3	0	0	0	0	0	0	1	0	0	0
C	Marios	76	312	10	1	20____	22890	3	0	0	1	0	0	0	0	0	0	0
C	Marios	76	312	10	1	20____	22895	3	0	0	0	0	0	0	1	0	0	0
C	Marios	76	312	10	1	20____	23119	3	1	0	0	0	0	0	0	0	0	0
C	Marios	76	312	10	1	20____	24197	1	0	0	1	0	0	0	0	0	0	0
C	Marios	76	312	10	1	20____	24398	1	0	0	0	0	0	0	1	0	0	0
C	Marios	76	312	10	1	20____	24406	1	0	0	1	0	0	0	0	0	0	0
C	Marios	76	312	10	1	20____	24469	1	0	0	0	0	0	0	1	0	0	0
C	Marios	76	312	10	1	20____	24477	1	3	1	1	0	0	0	0	0	0	0
C	Marios	76	312	10	1	20____	24495	3	0	0	0	0	0	0	1	0	0	0
C	Marios	76	312	10	1	20____	24504	3	0	0	1	0	0	0	0	0	0	0
C	Marios	76	312	10	1	20____	24512	3	0	0	0	0	0	0	1	0	0	0
C	Marios	76	312	10	1	20____	24727	3	1	0	0	0	0	0	0	0	0	0
C	Marios	76	312	10	1	20____	25370	1	3	1	1	0	0	0	0	0	0	0
C	Marios	76	312	10	1	20____	25381	3	0	0	0	0	0	0	1	0	0	0
C	Marios	76	312	10	1	20____	25620	3	1	0	0	0	0	0	0	0	0	0
C	Marios	76	312	10	1	20____	26234	1	0	0	1	0	0	0	0	0	0	0
C	Marios	76	312	10	1	20____	26242	1	0	0	0	0	0	0	1	0	0	0
C	Marios	76	312	10	1	20____	26251	1	3	1	1	0	0	0	0	0	0	0
C	Marios	76	312	10	1	20____	26261	3	0	0	0	0	0	0	1	0	0	0
C	Marios	76	312	10	1	20____	26501	3	1	0	0	0	0	0	0	0	0	0
C	Marios	76	312	10	1	20____	27091	1	3	1	1	0	0	0	0	0	0	0
C	Marios	76	312	10	1	20____	27099	3	0	0	0	0	0	0	1	0	0	0
C	Marios	76	312	10	1	20____	27341	3	1	0	0	0	0	0	0	0	0	0
C	Marios	76	312	10	1	20____	28192	1	0	0	1	0	0	0	0	0	0	0
C	Marios	76	312	10	1	20____	28318	1	0	0	0	0	0	0	1	0	0	0
C	Marios	76	312	10	1	20____	28335	1	0	0	1	0	0	0	0	0	0	0
C	Marios	76	312	10	1	20____	28376	1	0	0	0	0	0	0	1	0	0	0
C	Marios	76	312	10	1	20____	28439	1	3	1	1	0	0	0	0	0	0	0
C	Marios	76	312	10	1	20____	28461	3	0	0	0	0	0	0	1	0	0	0
C	Marios	76	312	10	1	20____	28538	3	0	0	1	0	0	0	0	0	0	0
C	Marios	76	312	10	1	20____	28563	3	0	0	0	0	0	0	1	0	0	0
C	Marios	76	312	10	1	20____	28689	3	1	0	0	0	0	0	0	0	0	0
C	Marios	76	312	10	1	20____	28746	1	0	0	1	0	0	0	0	0	0	0
C	Marios	76	312	10	1	20____	28751	1	0	0	0	0	0	0	1	0	0	0
C	Marios	76	312	10	1	20____	28783	1	3	1	1	0	0	0	0	0	0	0
C	Marios	76	312	10	1	20____	28793	3	0	0	0	0	0	0	1	0	0	0
C	Marios	76	312	10	1	20____	28804	3	0	0	1	0	0	0	0	0	0	0
C	Marios	76	312	10	1	20____	28819	3	0	0	0	0	0	0	1	0	0	0
C	Marios	76	312	10	1	20____	29033	3	1	0	0	0	0	0	0	0	0	0
C	Marios	76	312	10	1	20____	29830	1	0	0	1	0	0	0	0	0	0	0
C	Marios	76	312	10	1	20____	29969	1	0	0	0	0	0	0	1	0	0	0
C	Marios	76	312	10	1	20____	30000	1	5	0	0	0	0	0	0	0	0	0
C	Marios	76	312	10	1	20____	30336	5	0	0	1	0	0	0	0	0	0	0
C	Marios	76	312	10	1	20____	30342	5	0	0	0	0	0	0	1	0	0	0
C	Marios	76	312	10	1	20____	31550	5	0	0	0	1	0	0	0	0	0	0
C	Marios	76	312	10	1	20____	31579	5	0	0	0	0	0	0	0	1	0	0
C	Marios	76	312	10	1	20____	31596	5	0	0	0	1	0	0	0	0	0	0
C	Marios	76	312	10	1	20____	31621	5	0	0	0	0	0	0	0	1	0	0
C	Marios	76	312	10	1	20____	31759	5	7	2	0	1	0	0	0	0	0	0
C	Marios	76	312	10	1	20____	31773	7	0	0	0	0	0	0	0	1	0	0
C	Marios	76	312	10	1	20____	32009	7	5	0	0	0	0	0	0	0	0	0
C	Marios	76	312	10	1	20____	32192	5	0	0	1	0	0	0	0	0	0	0
C	Marios	76	312	10	1	20____	32257	5	0	0	0	0	0	0	1	0	0	0
C	Marios	76	312	10	1	20____	32311	5	0	0	1	0	0	0	0	0	0	0
C	Marios	76	312	10	1	20____	32398	5	0	0	0	0	0	0	1	0	0	0
C	Marios	76	312	10	1	20____	34064	5	6	1	1	0	0	0	0	0	0	0
C	Marios	76	312	10	1	20____	34088	6	0	0	0	0	0	0	1	0	0	0
C	Marios	76	312	10	1	20____	34314	6	5	0	0	0	0	0	0	0	0	0
C	Marios	76	312	10	1	20____	34846	5	0	0	1	0	0	0	0	0	0	0
C	Marios	76	312	10	1	20____	34862	5	0	0	0	0	0	0	1	0	0	0
C	Marios	76	312	10	1	20____	34916	5	0	0	1	0	0	0	0	0	0	0
C	Marios	76	312	10	1	20____	34950	5	0	0	0	0	0	0	1	0	0	0
C	Marios	76	312	10	1	20____	34968	5	6	1	1	0	0	0	0	0	0	0
C	Marios	76	312	10	1	20____	34976	6	0	0	0	0	0	0	1	0	0	0
C	Marios	76	312	10	1	20____	35218	6	5	0	0	0	0	0	0	0	0	0
C	Marios	76	312	10	1	20____	38110	5	0	0	1	0	0	0	0	0	0	0
C	Marios	76	312	10	1	20____	38121	5	0	0	0	0	0	0	1	0	0	0
C	Marios	76	312	10	1	20____	38138	5	0	0	1	0	0	0	0	0	0	0
C	Marios	76	312	10	1	20____	38188	5	0	0	0	0	0	0	1	0	0	0
C	Marios	76	312	10	1	20____	38285	5	6	1	1	0	0	0	0	0	0	0
C	Marios	76	312	10	1	20____	38314	6	0	0	0	0	0	0	1	0	0	0
C	Marios	76	312	10	1	20____	38535	6	5	0	0	0	0	0	0	0	0	0
C	Marios	76	312	10	1	20____	42650	5	0	0	0	1	0	0	0	0	0	0
C	Marios	76	312	10	1	20____	42712	5	0	0	0	0	0	0	0	1	0	0
C	Marios	76	312	10	1	20____	42720	5	7	2	0	1	0	0	0	0	0	0
C	Marios	76	312	10	1	20____	42731	7	0	0	0	0	0	0	0	1	0	0
C	Marios	76	312	10	1	20____	42752	7	0	0	0	1	0	0	0	0	0	0
C	Marios	76	312	10	1	20____	42758	7	0	0	0	0	0	0	0	1	0	0
C	Marios	76	312	10	1	20____	42970	7	5	0	0	0	0	0	0	0	0	0
C	Marios	76	312	10	1	20____	43090	5	6	1	1	0	0	0	0	0	0	0
C	Marios	76	312	10	1	20____	43245	6	0	0	0	0	0	0	1	0	0	0
C	Marios	76	312	10	1	20____	43340	6	5	0	0	0	0	0	0	0	0	0
C	Marios	76	312	10	1	20____	46464	5	0	0	1	0	0	0	0	0	0	0
C	Marios	76	312	10	1	20____	46534	5	0	0	0	0	0	0	1	0	0	0
C	Marios	76	312	10	1	20____	46696	5	6	1	1	0	0	0	0	0	0	0
C	Marios	76	312	10	1	20____	46940	6	0	0	0	0	0	0	1	0	0	0
C	Marios	76	312	10	1	20____	46946	6	5	0	0	0	0	0	0	0	0	0
C	Marios	76	312	10	1	20____	47000	5	0	0	1	0	0	0	0	0	0	0
C	Marios	76	312	10	1	20____	47013	5	0	0	0	0	0	0	1	0	0	0
C	Marios	76	312	10	1	20____	47051	5	0	0	1	0	0	0	0	0	0	0
C	Marios	76	312	10	1	20____	47392	5	0	0	0	0	0	0	1	0	0	0
C	Marios	76	312	10	1	20____	47395	5	6	1	1	0	0	0	0	0	0	0
C	Marios	76	312	10	1	20____	47555	6	0	0	0	0	0	0	1	0	0	0
C	Marios	76	312	10	1	20____	47581	6	0	0	1	0	0	0	0	0	0	0
C	Marios	76	312	10	1	20____	47591	6	0	0	0	0	0	0	1	0	0	0
C	Marios	76	312	10	1	20____	47645	6	5	0	0	0	0	0	0	0	0	0
C	Marios	76	312	10	1	20____	47658	5	0	0	1	0	0	0	0	0	0	0
C	Marios	76	312	10	1	20____	47674	5	0	0	0	0	0	0	1	0	0	0
C	Marios	76	312	10	1	20____	47731	5	6	1	1	0	0	0	0	0	0	0
C	Marios	76	312	10	1	20____	47740	6	0	0	0	0	0	0	1	0	0	0
C	Marios	76	312	10	1	20____	47823	6	0	0	1	0	0	0	0	0	0	0
C	Marios	76	312	10	1	20____	47839	6	0	0	0	0	0	0	1	0	0	0
C	Marios	76	312	10	1	20____	47981	6	5	0	0	0	0	0	0	0	0	0
C	Marios	76	312	10	1	20____	48797	5	7	2	0	1	0	0	0	0	0	0
C	Marios	76	312	10	1	20____	48829	7	0	0	0	0	0	0	0	1	0	0
C	Marios	76	312	10	1	20____	49047	7	5	0	0	0	0	0	0	0	0	0
C	Marios	76	312	10	1	20____	49659	5	0	0	1	0	0	0	0	0	0	0
C	Marios	76	312	10	1	20____	49797	5	0	0	0	0	0	0	1	0	0	0
C	Marios	76	312	10	1	20____	51085	5	0	0	0	1	0	0	0	0	0	0
C	Marios	76	312	10	1	20____	51233	5	0	0	0	0	0	0	0	1	0	0
C	Marios	76	312	10	1	20____	51241	5	0	0	0	1	0	0	0	0	0	0
C	Marios	76	312	10	1	20____	51479	5	0	0	0	0	0	0	0	1	0	0
C	Marios	76	312	10	1	20____	51536	5	7	2	0	1	0	0	0	0	0	0
C	Marios	76	312	10	1	20____	51592	7	0	0	0	0	0	0	0	1	0	0
C	Marios	76	312	10	1	20____	51786	7	5	0	0	0	0	0	0	0	0	0
C	Marios	76	312	10	1	20____	53071	5	0	0	1	0	0	0	0	0	0	0
C	Marios	76	312	10	1	20____	53085	5	0	0	0	0	0	0	1	0	0	0
C	Marios	76	312	10	1	20____	53398	5	0	0	0	1	0	0	0	0	0	0
C	Marios	76	312	10	1	20____	53444	5	0	0	0	0	0	0	0	1	0	0
C	Marios	76	312	10	1	20____	53473	5	0	0	0	1	0	0	0	0	0	0
C	Marios	76	312	10	1	20____	53496	5	0	0	0	0	0	0	0	1	0	0
C	Marios	76	312	10	1	20____	53742	5	7	2	0	1	0	0	0	0	0	0
C	Marios	76	312	10	1	20____	53785	7	0	0	0	0	0	0	0	1	0	0
C	Marios	76	312	10	1	20____	53992	7	5	0	0	0	0	0	0	0	0	0
C	Marios	76	312	10	1	20____	54494	5	0	0	0	1	0	0	0	0	0	0
C	Marios	76	312	10	1	20____	54529	5	0	0	0	0	0	0	0	1	0	0
C	Marios	76	312	10	1	20____	54531	5	0	0	0	1	0	0	0	0	0	0
C	Marios	76	312	10	1	20____	54546	5	0	0	0	0	0	0	0	1	0	0
C	Marios	76	312	10	1	20____	54551	5	7	2	0	1	0	0	0	0	0	0
C	Marios	76	312	10	1	20____	54718	7	0	0	0	0	0	0	0	1	0	0
C	Marios	76	312	10	1	20____	54720	7	0	0	0	1	0	0	0	0	0	0
C	Marios	76	312	10	1	20____	54801	7	5	0	0	0	0	0	0	0	0	0
C	Marios	76	312	10	1	20____	54829	5	0	0	0	0	0	0	0	1	0	0
C	Marios	76	312	10	1	20____	54834	5	0	0	0	1	0	0	0	0	0	0
C	Marios	76	312	10	1	20____	54886	5	0	0	0	0	0	0	0	1	0	0
C	Marios	76	312	10	1	20____	54889	5	7	2	0	1	0	0	0	0	0	0
C	Marios	76	312	10	1	20____	54976	7	0	0	0	0	0	0	0	1	0	0
C	Marios	76	312	10	1	20____	54979	7	0	0	0	1	0	0	0	0	0	0
C	Marios	76	312	10	1	20____	54990	7	0	0	0	0	0	0	0	1	0	0
C	Marios	76	312	10	1	20____	54993	7	0	0	0	1	0	0	0	0	0	0
C	Marios	76	312	10	1	20____	55000	7	0	0	0	0	0	0	0	1	0	0
C	Marios	76	312	10	1	20____	55027	7	0	0	0	1	0	0	0	0	0	0
C	Marios	76	312	10	1	20____	55095	7	0	0	0	0	0	0	0	1	0	0
C	Marios	76	312	10	1	20____	55139	7	5	0	0	0	0	0	0	0	0	0
C	Marios	76	312	10	1	20____	58255	5	0	0	1	0	0	0	0	0	0	0
C	Marios	76	312	10	1	20____	58315	5	0	0	0	0	0	0	1	0	0	0
C	Marios	76	312	10	1	20____	58370	5	6	1	1	0	0	0	0	0	0	0
C	Marios	76	312	10	1	20____	58391	6	0	0	0	0	0	0	1	0	0	0
C	Marios	76	312	10	1	20____	58620	6	5	0	0	0	0	0	0	0	0	0
C	Marios	76	312	10	1	20____	59525	5	0	0	0	1	0	0	0	0	0	0
C	Marios	76	312	10	1	20____	59651	5	0	0	0	0	0	0	0	1	0	0
C	Marios	76	312	10	1	20____	59653	5	7	2	0	1	0	0	0	0	0	0
C	Marios	76	312	10	1	20____	59729	7	0	0	0	0	0	0	0	1	0	0
C	Marios	76	312	10	1	20____	59903	7	5	0	0	0	0	0	0	0	0	0
C	Marios	76	312	10	1	20____	60987	5	6	1	1	0	0	0	0	0	0	0
C	Marios	76	312	10	1	20____	61087	6	0	0	0	0	0	0	1	0	0	0
C	Marios	76	312	10	1	20____	61102	6	0	0	1	0	0	0	0	0	0	0
C	Marios	76	312	10	1	20____	61237	6	5	0	0	0	0	0	0	0	0	0
C	Marios	76	312	10	1	20____	61470	5	0	0	0	0	0	0	1	0	0	0
C	Marios	76	312	10	1	20____	97879	5	0	0	1	0	0	0	0	0	0	0
C	Marios	76	312	10	1	20____	98077	5	0	0	0	0	0	0	1	0	0	0
C	Marios	76	312	10	1	20____	98138	5	0	0	1	0	0	0	0	0	0	0
C	Marios	76	312	10	1	20____	98206	5	0	0	0	0	0	0	1	0	0	0
C	Marios	76	312	10	1	20____	98246	5	6	1	1	0	0	0	0	0	0	0
C	Marios	76	312	10	1	20____	98258	6	0	0	0	0	0	0	1	0	0	0
C	Marios	76	312	10	1	20____	98496	6	5	0	0	0	0	0	0	0	0	0
C	Marios	76	312	10	1	20____	99207	5	6	1	1	0	0	0	0	0	0	0
C	Marios	76	312	10	1	20____	99216	6	0	0	0	0	0	0	1	0	0	0
C	Marios	76	312	10	1	20____	99457	6	5	0	0	0	0	0	0	0	0	0
C	Marios	76	312	10	1	20____	99937	5	6	1	1	0	0	0	0	0	0	0
C	Marios	76	312	10	1	20____	99949	6	0	0	0	0	0	0	1	0	0	0
C	Marios	76	312	10	1	20____	100187	6	5	0	0	0	0	0	0	0	0	0
C	Marios	76	312	10	1	20____	113596	5	6	1	1	0	0	0	0	0	0	0
C	Marios	76	312	10	1	20____	113604	6	0	0	0	0	0	0	1	0	0	0
C	Marios	76	312	10	1	20____	113722	6	0	0	1	0	0	0	0	0	0	0
C	Marios	76	312	10	1	20____	113735	6	0	0	0	0	0	0	1	0	0	0
C	Marios	76	312	10	1	20____	113775	6	0	0	1	0	0	0	0	0	0	0
C	Marios	76	312	10	1	20____	113800	6	0	0	0	0	0	0	1	0	0	0
C	Marios	76	312	10	1	20____	113846	6	5	0	0	0	0	0	0	0	0	0
C	Marios	76	312	10	1	20____	114124	5	0	0	1	0	0	0	0	0	0	0
C	Marios	76	312	10	1	20____	114401	5	0	0	0	0	0	0	1	0	0	0
C	Marios	76	312	10	1	20____	115012	5	0	0	0	1	0	0	0	0	0	0
C	Marios	76	312	10	1	20____	115193	5	0	0	0	0	0	0	0	1	0	0
C	Marios	76	312	10	1	20____	115229	5	0	0	0	1	0	0	0	0	0	0
C	Marios	76	312	10	1	20____	115291	5	0	0	0	0	0	0	0	1	0	0
C	Marios	76	312	10	1	20____	115304	5	7	2	0	1	0	0	0	0	0	0
C	Marios	76	312	10	1	20____	115351	7	0	0	0	0	0	0	0	1	0	0
C	Marios	76	312	10	1	20____	115354	7	0	0	0	1	0	0	0	0	0	0
C	Marios	76	312	10	1	20____	115386	7	0	0	0	0	0	0	0	1	0	0
C	Marios	76	312	10	1	20____	115397	7	0	0	0	1	0	0	0	0	0	0
C	Marios	76	312	10	1	20____	115402	7	0	0	0	0	0	0	0	1	0	0
C	Marios	76	312	10	1	20____	115554	7	5	0	0	0	0	0	0	0	0	0
C	Marios	76	312	10	1	20____	117187	5	0	0	1	0	0	0	0	0	0	0
C	Marios	76	312	10	1	20____	117195	5	0	0	0	0	0	0	1	0	0	0
C	Marios	76	312	10	1	20____	117215	5	6	1	1	0	0	0	0	0	0	0
C	Marios	76	312	10	1	20____	117271	6	0	0	0	0	0	0	1	0	0	0
C	Marios	76	312	10	1	20____	117465	6	5	0	0	0	0	0	0	0	0	0
C	Marios	76	312	10	1	20____	120000	5	4	0	0	0	0	0	0	0	0	0
C	Marios	76	312	10	1	20____	120250	4	-1	0	0	0	0	0	0	0	0	0
C	Marios	76	312	12	1	22____	0	0	1	0	0	0	0	0	0	0	0	0
C	Marios	76	312	12	1	22____	165	1	0	0	1	0	0	0	0	0	0	0
C	Marios	76	312	12	1	22____	169	1	0	0	0	0	0	0	1	0	0	0
C	Marios	76	312	12	1	22____	175	1	0	0	1	0	0	0	0	0	0	0
C	Marios	76	312	12	1	22____	213	1	0	0	0	0	0	0	1	0	0	0
C	Marios	76	312	12	1	22____	317	1	3	1	1	0	0	0	0	0	0	0
C	Marios	76	312	12	1	22____	340	3	0	0	0	0	0	0	1	0	0	0
C	Marios	76	312	12	1	22____	567	3	1	0	0	0	0	0	0	0	0	0
C	Marios	76	312	12	1	22____	793	1	2	2	0	1	0	0	0	0	0	0
C	Marios	76	312	12	1	22____	798	2	0	0	0	0	0	0	0	1	0	0
C	Marios	76	312	12	1	22____	800	2	0	0	0	1	0	0	0	0	0	0
C	Marios	76	312	12	1	22____	804	2	0	0	0	0	0	0	0	1	0	0
C	Marios	76	312	12	1	22____	854	2	0	0	0	1	0	0	0	0	0	0
C	Marios	76	312	12	1	22____	874	2	0	0	0	0	0	0	0	1	0	0
C	Marios	76	312	12	1	22____	1043	2	1	0	0	0	0	0	0	0	0	0
C	Marios	76	312	12	1	22____	1442	1	3	1	1	0	0	0	0	0	0	0
C	Marios	76	312	12	1	22____	1452	3	0	0	0	0	0	0	1	0	0	0
C	Marios	76	312	12	1	22____	1455	3	0	0	1	0	0	0	0	0	0	0
C	Marios	76	312	12	1	22____	1457	3	0	0	0	0	0	0	1	0	0	0
C	Marios	76	312	12	1	22____	1692	3	1	0	0	0	0	0	0	0	0	0
C	Marios	76	312	12	1	22____	2033	1	0	0	0	1	0	0	0	0	0	0
C	Marios	76	312	12	1	22____	2065	1	0	0	0	0	0	0	0	1	0	0
C	Marios	76	312	12	1	22____	2207	1	0	0	1	0	0	0	0	0	0	0
C	Marios	76	312	12	1	22____	2225	1	0	0	0	0	0	0	1	0	0	0
C	Marios	76	312	12	1	22____	2229	1	0	0	1	0	0	0	0	0	0	0
C	Marios	76	312	12	1	22____	2261	1	0	0	0	0	0	0	1	0	0	0
C	Marios	76	312	12	1	22____	2276	1	3	1	1	0	0	0	0	0	0	0
C	Marios	76	312	12	1	22____	2309	3	0	0	0	0	0	0	1	0	0	0
C	Marios	76	312	12	1	22____	2526	3	1	0	0	0	0	0	0	0	0	0
C	Marios	76	312	12	1	22____	2649	1	0	0	1	0	0	0	0	0	0	0
C	Marios	76	312	12	1	22____	2656	1	0	0	0	0	0	0	1	0	0	0
C	Marios	76	312	12	1	22____	2663	1	0	0	1	0	0	0	0	0	0	0
C	Marios	76	312	12	1	22____	2665	1	0	0	0	0	0	0	1	0	0	0
C	Marios	76	312	12	1	22____	2742	1	0	0	0	1	0	0	0	0	0	0
C	Marios	76	312	12	1	22____	2815	1	0	0	0	0	0	0	0	1	0	0
C	Marios	76	312	12	1	22____	3099	1	3	1	1	0	0	0	0	0	0	0
C	Marios	76	312	12	1	22____	3168	3	0	0	0	0	0	0	1	0	0	0
C	Marios	76	312	12	1	22____	3349	3	1	0	0	0	0	0	0	0	0	0
C	Marios	76	312	12	1	22____	3402	1	0	0	1	0	0	0	0	0	0	0
C	Marios	76	312	12	1	22____	3451	1	0	0	0	0	0	0	1	0	0	0
C	Marios	76	312	12	1	22____	3681	1	3	1	1	0	0	0	0	0	0	0
C	Marios	76	312	12	1	22____	3701	3	0	0	0	0	0	0	1	0	0	0
C	Marios	76	312	12	1	22____	3931	3	1	0	0	0	0	0	0	0	0	0
C	Marios	76	312	12	1	22____	4330	1	0	0	0	1	0	0	0	0	0	0
C	Marios	76	312	12	1	22____	4369	1	0	0	0	0	0	0	0	1	0	0
C	Marios	76	312	12	1	22____	6114	1	0	0	0	1	0	0	0	0	0	0
C	Marios	76	312	12	1	22____	6117	1	0	0	0	0	0	0	0	1	0	0
C	Marios	76	312	12	1	22____	6720	1	3	1	1	0	0	0	0	0	0	0
C	Marios	76	312	12	1	22____	6760	3	0	0	0	0	0	0	1	0	0	0
C	Marios	76	312	12	1	22____	6970	3	1	0	0	0	0	0	0	0	0	0
C	Marios	76	312	12	1	22____	7068	1	0	0	1	0	0	0	0	0	0	0
C	Marios	76	312	12	1	22____	7107	1	0	0	0	0	0	0	1	0	0	0
C	Marios	76	312	12	1	22____	7118	1	3	1	1	0	0	0	0	0	0	0
C	Marios	76	312	12	1	22____	7167	3	0	0	0	0	0	0	1	0	0	0
C	Marios	76	312	12	1	22____	7211	3	0	0	1	0	0	0	0	0	0	0
C	Marios	76	312	12	1	22____	7215	3	0	0	0	0	0	0	1	0	0	0
C	Marios	76	312	12	1	22____	7298	3	0	0	0	1	0	0	0	1	0	0
C	Marios	76	312	12	1	22____	7324	3	0	0	0	1	0	0	0	0	0	0
C	Marios	76	312	12	1	22____	7368	3	1	0	0	0	0	0	0	0	0	0
C	Marios	76	312	12	1	22____	7431	1	0	0	0	0	0	0	0	1	0	0
C	Marios	76	312	12	1	22____	7575	1	3	1	1	0	0	0	0	0	0	0
C	Marios	76	312	12	1	22____	7618	3	0	0	0	0	0	0	1	0	0	0
C	Marios	76	312	12	1	22____	7624	3	0	0	1	0	0	0	0	0	0	0
C	Marios	76	312	12	1	22____	7680	3	0	0	0	0	0	0	1	0	0	0
C	Marios	76	312	12	1	22____	7825	3	1	0	0	0	0	0	0	0	0	0
C	Marios	76	312	12	1	22____	9532	1	0	0	1	0	0	0	0	0	0	0
C	Marios	76	312	12	1	22____	9569	1	0	0	0	0	0	0	1	0	0	0
C	Marios	76	312	12	1	22____	9635	1	3	1	1	0	0	0	0	0	0	0
C	Marios	76	312	12	1	22____	9645	3	0	0	0	0	0	0	1	0	0	0
C	Marios	76	312	12	1	22____	9885	3	1	0	0	0	0	0	0	0	0	0
C	Marios	76	312	12	1	22____	10114	1	3	1	1	0	0	0	0	0	0	0
C	Marios	76	312	12	1	22____	10177	3	0	0	0	0	0	0	1	0	0	0
C	Marios	76	312	12	1	22____	10206	3	0	0	1	0	0	0	0	0	0	0
C	Marios	76	312	12	1	22____	10213	3	0	0	0	0	0	0	1	0	0	0
C	Marios	76	312	12	1	22____	10244	3	0	0	1	0	0	0	0	0	0	0
C	Marios	76	312	12	1	22____	10333	3	0	0	0	0	0	0	1	0	0	0
C	Marios	76	312	12	1	22____	10364	3	1	0	0	0	0	0	0	0	0	0
C	Marios	76	312	12	1	22____	10463	1	0	0	1	0	0	0	0	0	0	0
C	Marios	76	312	12	1	22____	10509	1	0	0	0	0	0	0	1	0	0	0
C	Marios	76	312	12	1	22____	10532	1	0	0	1	0	0	0	0	0	0	0
C	Marios	76	312	12	1	22____	10653	1	0	0	0	0	0	0	1	0	0	0
C	Marios	76	312	12	1	22____	10682	1	3	1	1	0	0	0	0	0	0	0
C	Marios	76	312	12	1	22____	10685	3	0	0	0	0	0	0	1	0	0	0
C	Marios	76	312	12	1	22____	10803	3	0	0	1	0	0	0	0	0	0	0
C	Marios	76	312	12	1	22____	10827	3	0	0	0	0	0	0	1	0	0	0
C	Marios	76	312	12	1	22____	10932	3	1	0	0	0	0	0	0	0	0	0
C	Marios	76	312	12	1	22____	13709	1	0	0	1	0	0	0	0	0	0	0
C	Marios	76	312	12	1	22____	13781	1	0	0	0	0	0	0	1	0	0	0
C	Marios	76	312	12	1	22____	13919	1	0	0	0	1	0	0	0	0	0	0
C	Marios	76	312	12	1	22____	13936	1	0	0	0	0	0	0	0	1	0	0
C	Marios	76	312	12	1	22____	14031	1	0	0	0	1	0	0	0	0	0	0
C	Marios	76	312	12	1	22____	14107	1	0	0	0	0	0	0	0	1	0	0
C	Marios	76	312	12	1	22____	23754	1	3	1	1	0	0	0	0	0	0	0
C	Marios	76	312	12	1	22____	23756	3	0	0	0	0	0	0	1	0	0	0
C	Marios	76	312	12	1	22____	23757	3	0	0	1	0	0	0	0	0	0	0
C	Marios	76	312	12	1	22____	23813	3	0	0	0	0	0	0	1	0	0	0
C	Marios	76	312	12	1	22____	24004	3	1	0	0	0	0	0	0	0	0	0
C	Marios	76	312	12	1	22____	24925	1	0	0	0	1	0	0	0	0	0	0
C	Marios	76	312	12	1	22____	25028	1	0	0	0	0	0	0	0	1	0	0
C	Marios	76	312	12	1	22____	25097	1	0	0	0	1	0	0	0	0	0	0
C	Marios	76	312	12	1	22____	25147	1	0	0	0	0	0	0	0	1	0	0
C	Marios	76	312	12	1	22____	25347	1	2	2	0	1	0	0	0	0	0	0
C	Marios	76	312	12	1	22____	25410	2	0	0	0	0	0	0	0	1	0	0
C	Marios	76	312	12	1	22____	25597	2	1	0	0	0	0	0	0	0	0	0
C	Marios	76	312	12	1	22____	25682	1	2	2	0	1	0	0	0	0	0	0
C	Marios	76	312	12	1	22____	25710	2	0	0	0	0	0	0	0	1	0	0
C	Marios	76	312	12	1	22____	25932	2	1	0	0	0	0	0	0	0	0	0
C	Marios	76	312	12	1	22____	26283	1	3	1	1	0	0	0	0	0	0	0
C	Marios	76	312	12	1	22____	26314	3	0	0	0	0	0	0	1	0	0	0
C	Marios	76	312	12	1	22____	26476	3	0	0	0	1	0	0	0	0	0	0
C	Marios	76	312	12	1	22____	26533	3	1	0	0	0	0	0	0	0	0	0
C	Marios	76	312	12	1	22____	26569	1	0	0	0	0	0	0	0	1	0	0
C	Marios	76	312	12	1	22____	26582	1	0	0	0	1	0	0	0	0	0	0
C	Marios	76	312	12	1	22____	26588	1	0	0	0	0	0	0	0	1	0	0
C	Marios	76	312	12	1	22____	26600	1	2	2	0	1	0	0	0	0	0	0
C	Marios	76	312	12	1	22____	26622	2	0	0	0	0	0	0	0	1	0	0
C	Marios	76	312	12	1	22____	26850	2	1	0	0	0	0	0	0	0	0	0
C	Marios	76	312	12	1	22____	26998	1	0	0	1	0	0	0	0	0	0	0
C	Marios	76	312	12	1	22____	27087	1	0	0	0	0	0	0	1	0	0	0
C	Marios	76	312	12	1	22____	27121	1	3	1	1	0	0	0	0	0	0	0
C	Marios	76	312	12	1	22____	27143	3	0	0	0	0	0	0	1	0	0	0
C	Marios	76	312	12	1	22____	27371	3	1	0	0	0	0	0	0	0	0	0
C	Marios	76	312	12	1	22____	27487	1	2	2	0	1	0	0	0	0	0	0
C	Marios	76	312	12	1	22____	27523	2	0	0	0	0	0	0	0	1	0	0
C	Marios	76	312	12	1	22____	27737	2	1	0	0	0	0	0	0	0	0	0
C	Marios	76	312	12	1	22____	28359	1	0	0	0	1	0	0	0	0	0	0
C	Marios	76	312	12	1	22____	28426	1	0	0	0	0	0	0	0	1	0	0
C	Marios	76	312	12	1	22____	30000	1	5	0	0	0	0	0	0	0	0	0
C	Marios	76	312	12	1	22____	56834	5	0	0	1	0	0	0	0	0	0	0
C	Marios	76	312	12	1	22____	56840	5	0	0	0	0	0	0	1	0	0	0
C	Marios	76	312	12	1	22____	57327	5	0	0	1	0	0	0	0	0	0	0
C	Marios	76	312	12	1	22____	57333	5	0	0	0	0	0	0	1	0	0	0
C	Marios	76	312	12	1	22____	66416	5	0	0	0	1	0	0	0	0	0	0
C	Marios	76	312	12	1	22____	66762	5	0	0	0	0	0	0	0	1	0	0
C	Marios	76	312	12	1	22____	66821	5	0	0	0	1	0	0	0	0	0	0
C	Marios	76	312	12	1	22____	66825	5	0	0	0	0	0	0	0	1	0	0
C	Marios	76	312	12	1	22____	67011	5	7	2	0	1	0	0	0	0	0	0
C	Marios	76	312	12	1	22____	67052	7	0	0	0	0	0	0	0	1	0	0
C	Marios	76	312	12	1	22____	67261	7	5	0	0	0	0	0	0	0	0	0
C	Marios	76	312	12	1	22____	67406	5	0	0	0	1	0	0	0	0	0	0
C	Marios	76	312	12	1	22____	67434	5	0	0	0	0	0	0	0	1	0	0
C	Marios	76	312	12	1	22____	67457	5	7	2	0	1	0	0	0	0	0	0
C	Marios	76	312	12	1	22____	67502	7	0	0	0	0	0	0	0	1	0	0
C	Marios	76	312	12	1	22____	67707	7	5	0	0	0	0	0	0	0	0	0
C	Marios	76	312	12	1	22____	68334	5	0	0	1	0	0	0	0	0	0	0
C	Marios	76	312	12	1	22____	68339	5	0	0	0	0	0	0	1	0	0	0
C	Marios	76	312	12	1	22____	68699	5	0	0	1	0	0	0	0	0	0	0
C	Marios	76	312	12	1	22____	68708	5	0	0	0	0	0	0	1	0	0	0
C	Marios	76	312	12	1	22____	68710	5	6	1	1	0	0	0	0	0	0	0
C	Marios	76	312	12	1	22____	68758	6	0	0	0	0	0	0	1	0	0	0
C	Marios	76	312	12	1	22____	68772	6	0	0	1	0	0	0	0	0	0	0
C	Marios	76	312	12	1	22____	68781	6	0	0	0	0	0	0	1	0	0	0
C	Marios	76	312	12	1	22____	68797	6	0	0	1	0	0	0	0	0	0	0
C	Marios	76	312	12	1	22____	68895	6	0	0	0	0	0	0	1	0	0	0
C	Marios	76	312	12	1	22____	68960	6	5	0	0	0	0	0	0	0	0	0
C	Marios	76	312	12	1	22____	69009	5	0	0	1	0	0	0	0	0	0	0
C	Marios	76	312	12	1	22____	69048	5	0	0	0	0	0	0	1	0	0	0
C	Marios	76	312	12	1	22____	69172	5	0	0	1	0	0	0	0	0	0	0
C	Marios	76	312	12	1	22____	69183	5	0	0	0	0	0	0	1	0	0	0
C	Marios	76	312	12	1	22____	69266	5	7	2	0	1	0	0	0	0	0	0
C	Marios	76	312	12	1	22____	69288	7	0	0	0	0	0	0	0	1	0	0
C	Marios	76	312	12	1	22____	69516	7	5	0	0	0	0	0	0	0	0	0
C	Marios	76	312	12	1	22____	70027	5	0	0	1	0	0	0	0	0	0	0
C	Marios	76	312	12	1	22____	70162	5	0	0	0	0	0	0	1	0	0	0
C	Marios	76	312	12	1	22____	70237	5	0	0	1	0	0	0	0	0	0	0
C	Marios	76	312	12	1	22____	70281	5	0	0	0	0	0	0	1	0	0	0
C	Marios	76	312	12	1	22____	71027	5	7	2	0	1	0	0	0	0	0	0
C	Marios	76	312	12	1	22____	71067	7	0	0	0	0	0	0	0	1	0	0
C	Marios	76	312	12	1	22____	71174	7	0	0	0	1	0	0	0	0	0	0
C	Marios	76	312	12	1	22____	71214	7	0	0	0	0	0	0	0	1	0	0
C	Marios	76	312	12	1	22____	71277	7	5	0	0	0	0	0	0	0	0	0
C	Marios	76	312	12	1	22____	71400	5	0	0	0	1	0	0	0	0	0	0
C	Marios	76	312	12	1	22____	71419	5	0	0	0	0	0	0	0	1	0	0
C	Marios	76	312	12	1	22____	71429	5	7	2	0	1	0	0	0	0	0	0
C	Marios	76	312	12	1	22____	71472	7	0	0	0	0	0	0	0	1	0	0
C	Marios	76	312	12	1	22____	71679	7	5	0	0	0	0	0	0	0	0	0
C	Marios	76	312	12	1	22____	73508	5	0	0	1	0	0	0	0	0	0	0
C	Marios	76	312	12	1	22____	73774	5	0	0	0	0	0	0	1	0	0	0
C	Marios	76	312	12	1	22____	74391	5	0	0	0	1	0	0	0	0	0	0
C	Marios	76	312	12	1	22____	74425	5	0	0	0	0	0	0	0	1	0	0
C	Marios	76	312	12	1	22____	74553	5	7	2	0	1	0	0	0	0	0	0
C	Marios	76	312	12	1	22____	74583	7	0	0	0	0	0	0	0	1	0	0
C	Marios	76	312	12	1	22____	74803	7	5	0	0	0	0	0	0	0	0	0
C	Marios	76	312	12	1	22____	75018	5	0	0	1	0	0	0	0	0	0	0
C	Marios	76	312	12	1	22____	75034	5	0	0	0	0	0	0	1	0	0	0
C	Marios	76	312	12	1	22____	75368	5	0	0	1	0	0	0	0	0	0	0
C	Marios	76	312	12	1	22____	75451	5	0	0	0	0	0	0	1	0	0	0
C	Marios	76	312	12	1	22____	76239	5	6	1	1	0	0	0	0	0	0	0
C	Marios	76	312	12	1	22____	76248	6	0	0	0	0	0	0	1	0	0	0
C	Marios	76	312	12	1	22____	76489	6	5	0	0	0	0	0	0	0	0	0
C	Marios	76	312	12	1	22____	76634	5	6	1	1	0	0	0	0	0	0	0
C	Marios	76	312	12	1	22____	76714	6	0	0	0	0	0	0	1	0	0	0
C	Marios	76	312	12	1	22____	76884	6	5	0	0	0	0	0	0	0	0	0
C	Marios	76	312	12	1	22____	77137	5	7	2	0	1	0	0	0	0	0	0
C	Marios	76	312	12	1	22____	77321	7	0	0	0	0	0	0	0	1	0	0
C	Marios	76	312	12	1	22____	77325	7	0	0	0	1	0	0	0	0	0	0
C	Marios	76	312	12	1	22____	77333	7	0	0	0	0	0	0	0	1	0	0
C	Marios	76	312	12	1	22____	77348	7	0	0	0	1	0	0	0	0	0	0
C	Marios	76	312	12	1	22____	77366	7	0	0	0	0	0	0	0	1	0	0
C	Marios	76	312	12	1	22____	77387	7	5	0	0	0	0	0	0	0	0	0
C	Marios	76	312	12	1	22____	77428	5	0	0	0	1	0	0	0	0	0	0
C	Marios	76	312	12	1	22____	77461	5	0	0	0	0	0	0	0	1	0	0
C	Marios	76	312	12	1	22____	77467	5	0	0	0	1	0	0	0	0	0	0
C	Marios	76	312	12	1	22____	77515	5	0	0	0	0	0	0	0	1	0	0
C	Marios	76	312	12	1	22____	77582	5	7	2	0	1	0	0	0	0	0	0
C	Marios	76	312	12	1	22____	77671	7	0	0	0	0	0	0	0	1	0	0
C	Marios	76	312	12	1	22____	77832	7	5	0	0	0	0	0	0	0	0	0
C	Marios	76	312	12	1	22____	78646	5	0	0	1	0	0	0	0	0	0	0
C	Marios	76	312	12	1	22____	78874	5	0	0	0	0	0	0	1	0	0	0
C	Marios	76	312	12	1	22____	107189	5	7	2	0	1	0	0	0	0	0	0
C	Marios	76	312	12	1	22____	107218	7	0	0	0	0	0	0	0	1	0	0
C	Marios	76	312	12	1	22____	107439	7	5	0	0	0	0	0	0	0	0	0
C	Marios	76	312	12	1	22____	107598	5	0	0	1	0	0	0	0	0	0	0
C	Marios	76	312	12	1	22____	107749	5	0	0	0	0	0	0	1	0	0	0
C	Marios	76	312	12	1	22____	107869	5	0	0	1	0	0	0	0	0	0	0
C	Marios	76	312	12	1	22____	107886	5	0	0	0	0	0	0	1	0	0	0
C	Marios	76	312	12	1	22____	107897	5	6	1	1	0	0	0	0	0	0	0
C	Marios	76	312	12	1	22____	107900	6	0	0	0	0	0	0	1	0	0	0
C	Marios	76	312	12	1	22____	107901	6	0	0	1	0	0	0	0	0	0	0
C	Marios	76	312	12	1	22____	107924	6	0	0	0	0	0	0	1	0	0	0
C	Marios	76	312	12	1	22____	107947	6	0	0	1	0	0	0	0	0	0	0
C	Marios	76	312	12	1	22____	107952	6	0	0	0	0	0	0	1	0	0	0
C	Marios	76	312	12	1	22____	107970	6	0	0	1	0	0	0	0	0	0	0
C	Marios	76	312	12	1	22____	107975	6	0	0	0	0	0	0	1	0	0	0
C	Marios	76	312	12	1	22____	108147	6	5	0	0	0	0	0	0	0	0	0
C	Marios	76	312	12	1	22____	108234	5	7	2	0	1	0	0	0	0	0	0
C	Marios	76	312	12	1	22____	108261	7	0	0	0	0	0	0	0	1	0	0
C	Marios	76	312	12	1	22____	108484	7	5	0	0	0	0	0	0	0	0	0
C	Marios	76	312	12	1	22____	110208	5	6	1	1	0	0	0	0	0	0	0
C	Marios	76	312	12	1	22____	110219	6	0	0	0	0	0	0	1	0	0	0
C	Marios	76	312	12	1	22____	110231	6	0	0	1	0	0	0	0	0	0	0
C	Marios	76	312	12	1	22____	110242	6	0	0	0	0	0	0	1	0	0	0
C	Marios	76	312	12	1	22____	110244	6	0	0	1	0	0	0	0	0	0	0
C	Marios	76	312	12	1	22____	110246	6	0	0	0	0	0	0	1	0	0	0
C	Marios	76	312	12	1	22____	110458	6	5	0	0	0	0	0	0	0	0	0
C	Marios	76	312	12	1	22____	110483	5	7	2	0	1	0	0	0	0	0	0
C	Marios	76	312	12	1	22____	110598	7	0	0	0	0	0	0	0	1	0	0
C	Marios	76	312	12	1	22____	110733	7	5	0	0	0	0	0	0	0	0	0
C	Marios	76	312	12	1	22____	110913	5	6	1	1	0	0	0	0	0	0	0
C	Marios	76	312	12	1	22____	110961	6	0	0	0	0	0	0	1	0	0	0
C	Marios	76	312	12	1	22____	111163	6	5	0	0	0	0	0	0	0	0	0
C	Marios	76	312	12	1	22____	111490	5	0	0	0	1	0	0	0	0	0	0
C	Marios	76	312	12	1	22____	111553	5	0	0	0	0	0	0	0	1	0	0
C	Marios	76	312	12	1	22____	115358	5	0	0	1	0	0	0	0	0	0	0
C	Marios	76	312	12	1	22____	115437	5	0	0	0	0	0	0	1	0	0	0
C	Marios	76	312	12	1	22____	115814	5	6	1	1	0	0	0	0	0	0	0
C	Marios	76	312	12	1	22____	115846	6	0	0	0	0	0	0	1	0	0	0
C	Marios	76	312	12	1	22____	116064	6	5	0	0	0	0	0	0	0	0	0
C	Marios	76	312	12	1	22____	116291	5	0	0	0	1	0	0	0	0	0	0
C	Marios	76	312	12	1	22____	116623	5	0	0	0	0	0	0	0	1	0	0
C	Marios	76	312	12	1	22____	118697	5	0	0	0	1	0	0	0	0	0	0
C	Marios	76	312	12	1	22____	118741	5	0	0	0	0	0	0	0	1	0	0
C	Marios	76	312	12	1	22____	119741	5	0	0	1	0	0	0	0	0	0	0
C	Marios	76	312	12	1	22____	119773	5	0	0	0	0	0	0	1	0	0	0
C	Marios	76	312	12	1	22____	120000	5	4	0	0	0	0	0	0	0	0	0
C	Marios	76	312	12	1	22____	120250	4	-1	0	0	0	0	0	0	0	0	0
C	Marios	76	312	13	1	43____	0	0	1	0	0	0	0	0	0	0	0	0
C	Marios	76	312	13	1	43____	5674	1	2	2	0	1	0	0	0	0	0	0
C	Marios	76	312	13	1	43____	5681	2	0	0	0	0	0	0	0	1	0	0
C	Marios	76	312	13	1	43____	5924	2	1	0	0	0	0	0	0	0	0	0
C	Marios	76	312	13	1	43____	6138	1	0	0	0	1	0	0	0	0	0	0
C	Marios	76	312	13	1	43____	6141	1	0	0	0	0	0	0	0	1	0	0
C	Marios	76	312	13	1	43____	22340	1	0	0	1	0	0	0	0	0	0	0
C	Marios	76	312	13	1	43____	22355	1	0	0	0	0	0	0	1	0	0	0
C	Marios	76	312	13	1	43____	22365	1	0	0	1	0	0	0	0	0	0	0
C	Marios	76	312	13	1	43____	22375	1	0	0	0	0	0	0	1	0	0	0
C	Marios	76	312	13	1	43____	22403	1	3	1	1	0	0	0	0	0	0	0
C	Marios	76	312	13	1	43____	22412	3	0	0	0	0	0	0	1	0	0	0
C	Marios	76	312	13	1	43____	22529	3	0	0	1	0	0	0	0	0	0	0
C	Marios	76	312	13	1	43____	22531	3	0	0	0	0	0	0	1	0	0	0
C	Marios	76	312	13	1	43____	22653	3	1	0	0	0	0	0	0	0	0	0
C	Marios	76	312	13	1	43____	22718	1	3	1	1	0	0	0	0	0	0	0
C	Marios	76	312	13	1	43____	22729	3	0	0	0	0	0	0	1	0	0	0
C	Marios	76	312	13	1	43____	22840	3	0	0	1	0	0	0	0	0	0	0
C	Marios	76	312	13	1	43____	22842	3	0	0	0	0	0	0	1	0	0	0
C	Marios	76	312	13	1	43____	22846	3	0	0	1	0	0	0	0	0	0	0
C	Marios	76	312	13	1	43____	22849	3	0	0	0	0	0	0	1	0	0	0
C	Marios	76	312	13	1	43____	22853	3	0	0	1	0	0	0	0	0	0	0
C	Marios	76	312	13	1	43____	22858	3	0	0	0	0	0	0	1	0	0	0
C	Marios	76	312	13	1	43____	22862	3	0	0	1	0	0	0	0	0	0	0
C	Marios	76	312	13	1	43____	22893	3	0	0	0	0	0	0	1	0	0	0
C	Marios	76	312	13	1	43____	22968	3	1	0	0	0	0	0	0	0	0	0
C	Marios	76	312	13	1	43____	23004	1	0	0	1	0	0	0	0	0	0	0
C	Marios	76	312	13	1	43____	23008	1	0	0	0	0	0	0	1	0	0	0
C	Marios	76	312	13	1	43____	23570	1	3	1	1	0	0	0	0	0	0	0
C	Marios	76	312	13	1	43____	23573	3	0	0	0	0	0	0	1	0	0	0
C	Marios	76	312	13	1	43____	23820	3	1	0	0	0	0	0	0	0	0	0
C	Marios	76	312	13	1	43____	24209	1	0	0	0	1	0	0	0	0	0	0
C	Marios	76	312	13	1	43____	24210	1	0	0	0	0	0	0	0	1	0	0
C	Marios	76	312	13	1	43____	24229	1	2	2	0	1	0	0	0	0	0	0
C	Marios	76	312	13	1	43____	24371	2	0	0	0	0	0	0	0	1	0	0
C	Marios	76	312	13	1	43____	24378	2	0	0	0	1	0	0	0	0	0	0
C	Marios	76	312	13	1	43____	24419	2	0	0	0	0	0	0	0	1	0	0
C	Marios	76	312	13	1	43____	24421	2	0	0	0	1	0	0	0	0	0	0
C	Marios	76	312	13	1	43____	24479	2	1	0	0	0	0	0	0	0	0	0
C	Marios	76	312	13	1	43____	24490	1	0	0	0	0	0	0	0	1	0	0
C	Marios	76	312	13	1	43____	24790	1	0	0	1	0	0	0	0	0	0	0
C	Marios	76	312	13	1	43____	24796	1	0	0	0	0	0	0	1	0	0	0
C	Marios	76	312	13	1	43____	24800	1	3	1	1	0	0	0	0	0	0	0
C	Marios	76	312	13	1	43____	24821	3	0	0	0	0	0	0	1	0	0	0
C	Marios	76	312	13	1	43____	24831	3	0	0	1	0	0	0	0	0	0	0
C	Marios	76	312	13	1	43____	24877	3	0	0	0	0	0	0	1	0	0	0
C	Marios	76	312	13	1	43____	24932	3	0	0	1	0	0	0	0	0	0	0
C	Marios	76	312	13	1	43____	24936	3	0	0	0	0	0	0	1	0	0	0
C	Marios	76	312	13	1	43____	25011	3	0	0	1	0	0	0	0	0	0	0
C	Marios	76	312	13	1	43____	25022	3	0	0	0	0	0	0	1	0	0	0
C	Marios	76	312	13	1	43____	25040	3	0	0	1	0	0	0	0	0	0	0
C	Marios	76	312	13	1	43____	25050	3	1	0	0	0	0	0	1	0	0	0
C	Marios	76	312	13	1	43____	25054	1	0	0	1	0	0	0	0	0	0	0
C	Marios	76	312	13	1	43____	25058	1	0	0	0	0	0	0	1	0	0	0
C	Marios	76	312	13	1	43____	25063	1	3	1	1	0	0	0	0	0	0	0
C	Marios	76	312	13	1	43____	25065	3	0	0	0	0	0	0	1	0	0	0
C	Marios	76	312	13	1	43____	25313	3	1	0	0	0	0	0	0	0	0	0
C	Marios	76	312	13	1	43____	25411	1	2	2	0	1	0	0	0	0	0	0
C	Marios	76	312	13	1	43____	25565	2	0	0	0	0	0	0	0	1	0	0
C	Marios	76	312	13	1	43____	25661	2	1	0	0	0	0	0	0	0	0	0
C	Marios	76	312	13	1	43____	26440	1	3	1	1	0	0	0	0	0	0	0
C	Marios	76	312	13	1	43____	26450	3	0	0	0	0	0	0	1	0	0	0
C	Marios	76	312	13	1	43____	26503	3	0	0	1	0	0	0	0	0	0	0
C	Marios	76	312	13	1	43____	26524	3	0	0	0	0	0	0	1	0	0	0
C	Marios	76	312	13	1	43____	26690	3	1	0	0	0	0	0	0	0	0	0
C	Marios	76	312	13	1	43____	26842	1	0	0	1	0	0	0	0	0	0	0
C	Marios	76	312	13	1	43____	26849	1	0	0	0	0	0	0	1	0	0	0
C	Marios	76	312	13	1	43____	27492	1	2	2	0	1	0	0	0	0	0	0
C	Marios	76	312	13	1	43____	27496	2	0	0	0	0	0	0	0	1	0	0
C	Marios	76	312	13	1	43____	27742	2	1	0	0	0	0	0	0	0	0	0
C	Marios	76	312	13	1	43____	27868	1	0	0	1	0	0	0	0	0	0	0
C	Marios	76	312	13	1	43____	27872	1	0	0	0	0	0	0	1	0	0	0
C	Marios	76	312	13	1	43____	27891	1	3	1	1	0	0	0	0	0	0	0
C	Marios	76	312	13	1	43____	27900	3	0	0	0	0	0	0	1	0	0	0
C	Marios	76	312	13	1	43____	27979	3	0	0	1	0	0	0	0	0	0	0
C	Marios	76	312	13	1	43____	27982	3	0	0	0	0	0	0	1	0	0	0
C	Marios	76	312	13	1	43____	28141	3	1	0	0	0	0	0	0	0	0	0
C	Marios	76	312	13	1	43____	30000	1	5	0	0	0	0	0	0	0	0	0
C	Marios	76	312	13	1	43____	31900	5	0	0	0	1	0	0	0	0	0	0
C	Marios	76	312	13	1	43____	31911	5	0	0	0	0	0	0	0	1	0	0
C	Marios	76	312	13	1	43____	31946	5	0	0	0	1	0	0	0	0	0	0
C	Marios	76	312	13	1	43____	32020	5	0	0	0	0	0	0	0	1	0	0
C	Marios	76	312	13	1	43____	32028	5	7	2	0	1	0	0	0	0	0	0
C	Marios	76	312	13	1	43____	32107	7	0	0	0	0	0	0	0	1	0	0
C	Marios	76	312	13	1	43____	32134	7	0	0	0	1	0	0	0	0	0	0
C	Marios	76	312	13	1	43____	32248	7	0	0	0	0	0	0	0	1	0	0
C	Marios	76	312	13	1	43____	32278	7	5	0	0	0	0	0	0	0	0	0
C	Marios	76	312	13	1	43____	32716	5	0	0	0	1	0	0	0	0	0	0
C	Marios	76	312	13	1	43____	32826	5	0	0	0	0	0	0	0	1	0	0
C	Marios	76	312	13	1	43____	33298	5	0	0	0	1	0	0	0	0	0	0
C	Marios	76	312	13	1	43____	33382	5	0	0	0	0	0	0	0	1	0	0
C	Marios	76	312	13	1	43____	34832	5	0	0	1	0	0	0	0	0	0	0
C	Marios	76	312	13	1	43____	34837	5	0	0	0	0	0	0	1	0	0	0
C	Marios	76	312	13	1	43____	34855	5	0	0	1	0	0	0	0	0	0	0
C	Marios	76	312	13	1	43____	34872	5	0	0	0	0	0	0	1	0	0	0
C	Marios	76	312	13	1	43____	34913	5	6	1	1	0	0	0	0	0	0	0
C	Marios	76	312	13	1	43____	35020	6	0	0	0	0	0	0	1	0	0	0
C	Marios	76	312	13	1	43____	35163	6	5	0	0	0	0	0	0	0	0	0
C	Marios	76	312	13	1	43____	35528	5	0	0	0	1	0	0	0	0	0	0
C	Marios	76	312	13	1	43____	35586	5	0	0	0	0	0	0	0	1	0	0
C	Marios	76	312	13	1	43____	42847	5	0	0	0	1	0	0	0	0	0	0
C	Marios	76	312	13	1	43____	42922	5	0	0	0	0	0	0	0	1	0	0
C	Marios	76	312	13	1	43____	44205	5	6	1	1	0	0	0	0	0	0	0
C	Marios	76	312	13	1	43____	44208	6	0	0	0	0	0	0	1	0	0	0
C	Marios	76	312	13	1	43____	44455	6	5	0	0	0	0	0	0	0	0	0
C	Marios	76	312	13	1	43____	44532	5	6	1	1	0	0	0	0	0	0	0
C	Marios	76	312	13	1	43____	44540	6	0	0	0	0	0	0	1	0	0	0
C	Marios	76	312	13	1	43____	44714	6	0	0	1	0	0	0	0	0	0	0
C	Marios	76	312	13	1	43____	44730	6	0	0	0	0	0	0	1	0	0	0
C	Marios	76	312	13	1	43____	44782	6	5	0	0	0	0	0	0	0	0	0
C	Marios	76	312	13	1	43____	52569	5	6	1	1	0	0	0	0	0	0	0
C	Marios	76	312	13	1	43____	52778	6	0	0	0	0	0	0	1	0	0	0
C	Marios	76	312	13	1	43____	52819	6	5	0	0	0	0	0	0	0	0	0
C	Marios	76	312	13	1	43____	52859	5	6	1	1	0	0	0	0	0	0	0
C	Marios	76	312	13	1	43____	53023	6	0	0	0	0	0	0	1	0	0	0
C	Marios	76	312	13	1	43____	53102	6	0	0	1	0	0	0	0	0	0	0
C	Marios	76	312	13	1	43____	53109	6	5	0	0	0	0	0	0	0	0	0
C	Marios	76	312	13	1	43____	53123	5	0	0	0	0	0	0	1	0	0	0
C	Marios	76	312	13	1	43____	53163	5	0	0	1	0	0	0	0	0	0	0
C	Marios	76	312	13	1	43____	53173	5	0	0	0	0	0	0	1	0	0	0
C	Marios	76	312	13	1	43____	53177	5	6	1	1	0	0	0	0	0	0	0
C	Marios	76	312	13	1	43____	53340	6	0	0	0	0	0	0	1	0	0	0
C	Marios	76	312	13	1	43____	53348	6	0	0	1	0	0	0	0	0	0	0
C	Marios	76	312	13	1	43____	53372	6	0	0	0	0	0	0	1	0	0	0
C	Marios	76	312	13	1	43____	53427	6	5	0	0	0	0	0	0	0	0	0
C	Marios	76	312	13	1	43____	53457	5	0	0	1	0	0	0	0	0	0	0
C	Marios	76	312	13	1	43____	53498	5	0	0	0	0	0	0	1	0	0	0
C	Marios	76	312	13	1	43____	57339	5	6	1	1	0	0	0	0	0	0	0
C	Marios	76	312	13	1	43____	57362	6	0	0	0	0	0	0	1	0	0	0
C	Marios	76	312	13	1	43____	57589	6	5	0	0	0	0	0	0	0	0	0
C	Marios	76	312	13	1	43____	58062	5	0	0	0	1	0	0	0	0	0	0
C	Marios	76	312	13	1	43____	58363	5	0	0	0	0	0	0	0	1	0	0
C	Marios	76	312	13	1	43____	83943	5	0	0	0	1	0	0	0	0	0	0
C	Marios	76	312	13	1	43____	83946	5	0	0	0	0	0	0	0	1	0	0
C	Marios	76	312	13	1	43____	120000	5	4	0	0	0	0	0	0	0	0	0
C	Marios	76	312	13	1	43____	120250	4	-1	0	0	0	0	0	0	0	0	0
C	Marios	76	313	9	1	24____	0	0	1	0	0	0	0	0	0	0	0	0
C	Marios	76	313	9	1	24____	1995	1	3	1	1	0	0	0	0	0	0	0
C	Marios	76	313	9	1	24____	2000	3	0	0	0	0	0	0	1	0	0	0
C	Marios	76	313	9	1	24____	2004	3	0	0	1	0	0	0	0	0	0	0
C	Marios	76	313	9	1	24____	2030	3	0	0	0	0	0	0	1	0	0	0
C	Marios	76	313	9	1	24____	2245	3	1	0	0	0	0	0	0	0	0	0
C	Marios	76	313	9	1	24____	4589	1	3	1	1	0	0	0	0	0	0	0
C	Marios	76	313	9	1	24____	4610	3	0	0	0	0	0	0	1	0	0	0
C	Marios	76	313	9	1	24____	4839	3	1	0	0	0	0	0	0	0	0	0
C	Marios	76	313	9	1	24____	5192	1	0	0	0	1	0	0	0	0	0	0
C	Marios	76	313	9	1	24____	5244	1	0	0	0	0	0	0	0	1	0	0
C	Marios	76	313	9	1	24____	5988	1	0	0	1	0	0	0	0	0	0	0
C	Marios	76	313	9	1	24____	6009	1	0	0	0	0	0	0	1	0	0	0
C	Marios	76	313	9	1	24____	6013	1	3	1	1	0	0	0	0	0	0	0
C	Marios	76	313	9	1	24____	6042	3	0	0	0	0	0	0	1	0	0	0
C	Marios	76	313	9	1	24____	6263	3	1	0	0	0	0	0	0	0	0	0
C	Marios	76	313	9	1	24____	7431	1	0	0	1	0	0	0	0	0	0	0
C	Marios	76	313	9	1	24____	7445	1	0	0	0	0	0	0	1	0	0	0
C	Marios	76	313	9	1	24____	7465	1	3	1	1	0	0	0	0	0	0	0
C	Marios	76	313	9	1	24____	7519	3	0	0	0	0	0	0	1	0	0	0
C	Marios	76	313	9	1	24____	7715	3	1	0	0	0	0	0	0	0	0	0
C	Marios	76	313	9	1	24____	7977	1	0	0	0	1	0	0	0	0	0	0
C	Marios	76	313	9	1	24____	7980	1	0	0	0	0	0	0	0	1	0	0
C	Marios	76	313	9	1	24____	9053	1	0	0	1	0	0	0	0	0	0	0
C	Marios	76	313	9	1	24____	9075	1	0	0	0	0	0	0	1	0	0	0
C	Marios	76	313	9	1	24____	11170	1	2	2	0	1	0	0	0	0	0	0
C	Marios	76	313	9	1	24____	11191	2	0	0	0	0	0	0	0	1	0	0
C	Marios	76	313	9	1	24____	11420	2	1	0	0	0	0	0	0	0	0	0
C	Marios	76	313	9	1	24____	11689	1	2	2	0	1	0	0	0	0	0	0
C	Marios	76	313	9	1	24____	11700	2	0	0	0	0	0	0	0	1	0	0
C	Marios	76	313	9	1	24____	11734	2	0	0	0	1	0	0	0	0	0	0
C	Marios	76	313	9	1	24____	11743	2	0	0	0	0	0	0	0	1	0	0
C	Marios	76	313	9	1	24____	11939	2	1	0	0	0	0	0	0	0	0	0
C	Marios	76	313	9	1	24____	11986	1	0	0	1	0	0	0	0	0	0	0
C	Marios	76	313	9	1	24____	12014	1	0	0	0	0	0	0	1	0	0	0
C	Marios	76	313	9	1	24____	12130	1	0	0	1	0	0	0	0	0	0	0
C	Marios	76	313	9	1	24____	12158	1	0	0	0	0	0	0	1	0	0	0
C	Marios	76	313	9	1	24____	12224	1	2	2	0	1	0	0	0	0	0	0
C	Marios	76	313	9	1	24____	12260	2	0	0	0	0	0	0	0	1	0	0
C	Marios	76	313	9	1	24____	12280	2	0	0	0	1	0	0	0	0	0	0
C	Marios	76	313	9	1	24____	12293	2	0	0	0	0	0	0	0	1	0	0
C	Marios	76	313	9	1	24____	12474	2	1	0	0	0	0	0	0	0	0	0
C	Marios	76	313	9	1	24____	13046	1	0	0	0	1	0	0	0	0	0	0
C	Marios	76	313	9	1	24____	13052	1	0	0	0	0	0	0	0	1	0	0
C	Marios	76	313	9	1	24____	13257	1	0	0	0	1	0	0	0	0	0	0
C	Marios	76	313	9	1	24____	13266	1	0	0	0	0	0	0	0	1	0	0
C	Marios	76	313	9	1	24____	13305	1	2	2	0	1	0	0	0	0	0	0
C	Marios	76	313	9	1	24____	13309	2	0	0	0	0	0	0	0	1	0	0
C	Marios	76	313	9	1	24____	13555	2	1	0	0	0	0	0	0	0	0	0
C	Marios	76	313	9	1	24____	13764	1	0	0	0	1	0	0	0	0	0	0
C	Marios	76	313	9	1	24____	13780	1	0	0	0	0	0	0	0	1	0	0
C	Marios	76	313	9	1	24____	13785	1	0	0	0	1	0	0	0	0	0	0
C	Marios	76	313	9	1	24____	13795	1	0	0	0	0	0	0	0	1	0	0
C	Marios	76	313	9	1	24____	13861	1	2	2	0	1	0	0	0	0	0	0
C	Marios	76	313	9	1	24____	13870	2	0	0	0	0	0	0	0	1	0	0
C	Marios	76	313	9	1	24____	14111	2	1	0	0	0	0	0	0	0	0	0
C	Marios	76	313	9	1	24____	17376	1	2	2	0	1	0	0	0	0	0	0
C	Marios	76	313	9	1	24____	17417	2	0	0	0	0	0	0	0	1	0	0
C	Marios	76	313	9	1	24____	17626	2	1	0	0	0	0	0	0	0	0	0
C	Marios	76	313	9	1	24____	18077	1	0	0	1	0	0	0	0	0	0	0
C	Marios	76	313	9	1	24____	18102	1	0	0	0	0	0	0	1	0	0	0
C	Marios	76	313	9	1	24____	18110	1	0	0	1	0	0	0	0	0	0	0
C	Marios	76	313	9	1	24____	18137	1	0	0	0	0	0	0	1	0	0	0
C	Marios	76	313	9	1	24____	18166	1	3	1	1	0	0	0	0	0	0	0
C	Marios	76	313	9	1	24____	18202	3	0	0	0	0	0	0	1	0	0	0
C	Marios	76	313	9	1	24____	18416	3	1	0	0	0	0	0	0	0	0	0
C	Marios	76	313	9	1	24____	19977	1	2	2	0	1	0	0	0	0	0	0
C	Marios	76	313	9	1	24____	20046	2	0	0	0	0	0	0	0	1	0	0
C	Marios	76	313	9	1	24____	20227	2	1	0	0	0	0	0	0	0	0	0
C	Marios	76	313	9	1	24____	20342	1	0	0	0	1	0	0	0	0	0	0
C	Marios	76	313	9	1	24____	20417	1	0	0	0	0	0	0	0	1	0	0
C	Marios	76	313	9	1	24____	21923	1	3	1	1	0	0	0	0	0	0	0
C	Marios	76	313	9	1	24____	21930	3	0	0	0	0	0	0	1	0	0	0
C	Marios	76	313	9	1	24____	22173	3	1	0	0	0	0	0	0	0	0	0
C	Marios	76	313	9	1	24____	22610	1	0	0	0	1	0	0	0	0	0	0
C	Marios	76	313	9	1	24____	22678	1	0	0	0	0	0	0	0	1	0	0
C	Marios	76	313	9	1	24____	22694	1	2	2	0	1	0	0	0	0	0	0
C	Marios	76	313	9	1	24____	22739	2	0	0	0	0	0	0	0	1	0	0
C	Marios	76	313	9	1	24____	22944	2	1	0	0	0	0	0	0	0	0	0
C	Marios	76	313	9	1	24____	24315	1	0	0	0	1	0	0	0	0	0	0
C	Marios	76	313	9	1	24____	24356	1	0	0	0	0	0	0	0	1	0	0
C	Marios	76	313	9	1	24____	24413	1	0	0	0	1	0	0	0	0	0	0
C	Marios	76	313	9	1	24____	24434	1	0	0	0	0	0	0	0	1	0	0
C	Marios	76	313	9	1	24____	24442	1	2	2	0	1	0	0	0	0	0	0
C	Marios	76	313	9	1	24____	24447	2	0	0	0	0	0	0	0	1	0	0
C	Marios	76	313	9	1	24____	24452	2	0	0	0	1	0	0	0	0	0	0
C	Marios	76	313	9	1	24____	24466	2	0	0	0	0	0	0	0	1	0	0
C	Marios	76	313	9	1	24____	24476	2	0	0	0	1	0	0	0	0	0	0
C	Marios	76	313	9	1	24____	24523	2	0	0	0	0	0	0	0	1	0	0
C	Marios	76	313	9	1	24____	24692	2	1	0	0	0	0	0	0	0	0	0
C	Marios	76	313	9	1	24____	27887	1	2	2	0	1	0	0	0	0	0	0
C	Marios	76	313	9	1	24____	27953	2	0	0	0	0	0	0	0	1	0	0
C	Marios	76	313	9	1	24____	28137	2	1	0	0	0	0	0	0	0	0	0
C	Marios	76	313	9	1	24____	29471	1	0	0	0	1	0	0	0	0	0	0
C	Marios	76	313	9	1	24____	29540	1	0	0	0	0	0	0	0	1	0	0
C	Marios	76	313	9	1	24____	29562	1	2	2	0	1	0	0	0	0	0	0
C	Marios	76	313	9	1	24____	29566	2	0	0	0	0	0	0	0	1	0	0
C	Marios	76	313	9	1	24____	29593	2	0	0	0	1	0	0	0	0	0	0
C	Marios	76	313	9	1	24____	29620	2	0	0	0	0	0	0	0	1	0	0
C	Marios	76	313	9	1	24____	29692	2	0	0	0	1	0	0	0	0	0	0
C	Marios	76	313	9	1	24____	29725	2	0	0	0	0	0	0	0	1	0	0
C	Marios	76	313	9	1	24____	29812	2	1	0	0	0	0	0	0	0	0	0
C	Marios	76	313	9	1	24____	30000	1	5	0	0	0	0	0	0	0	0	0
C	Marios	76	313	9	1	24____	30167	5	0	0	0	1	0	0	0	0	0	0
C	Marios	76	313	9	1	24____	30188	5	0	0	0	0	0	0	0	1	0	0
C	Marios	76	313	9	1	24____	31125	5	7	2	0	1	0	0	0	0	0	0
C	Marios	76	313	9	1	24____	31158	7	0	0	0	0	0	0	0	1	0	0
C	Marios	76	313	9	1	24____	31375	7	5	0	0	0	0	0	0	0	0	0
C	Marios	76	313	9	1	24____	31608	5	0	0	0	1	0	0	0	0	0	0
C	Marios	76	313	9	1	24____	31611	5	0	0	0	0	0	0	0	1	0	0
C	Marios	76	313	9	1	24____	31641	5	7	2	0	1	0	0	0	0	0	0
C	Marios	76	313	9	1	24____	31644	7	0	0	0	0	0	0	0	1	0	0
C	Marios	76	313	9	1	24____	31891	7	5	0	0	0	0	0	0	0	0	0
C	Marios	76	313	9	1	24____	32845	5	0	0	1	0	0	0	0	0	0	0
C	Marios	76	313	9	1	24____	32860	5	0	0	0	0	0	0	1	0	0	0
C	Marios	76	313	9	1	24____	32892	5	6	1	1	0	0	0	0	0	0	0
C	Marios	76	313	9	1	24____	32898	6	0	0	0	0	0	0	1	0	0	0
C	Marios	76	313	9	1	24____	33142	6	5	0	0	0	0	0	0	0	0	0
C	Marios	76	313	9	1	24____	52812	5	0	0	1	0	0	0	0	0	0	0
C	Marios	76	313	9	1	24____	52928	5	0	0	0	0	0	0	1	0	0	0
C	Marios	76	313	9	1	24____	52940	5	6	1	1	0	0	0	0	0	0	0
C	Marios	76	313	9	1	24____	52952	6	0	0	0	0	0	0	1	0	0	0
C	Marios	76	313	9	1	24____	53190	6	5	0	0	0	0	0	0	0	0	0
C	Marios	76	313	9	1	24____	53460	5	7	2	0	1	0	0	0	0	0	0
C	Marios	76	313	9	1	24____	53710	7	5	0	0	0	0	0	0	0	0	0
C	Marios	76	313	9	1	24____	53949	5	0	0	0	0	0	0	0	1	0	0
C	Marios	76	313	9	1	24____	54048	5	7	2	0	1	0	0	0	0	0	0
C	Marios	76	313	9	1	24____	54094	7	0	0	0	0	0	0	0	1	0	0
C	Marios	76	313	9	1	24____	54142	7	0	0	0	1	0	0	0	0	0	0
C	Marios	76	313	9	1	24____	54173	7	0	0	0	0	0	0	0	1	0	0
C	Marios	76	313	9	1	24____	54298	7	5	0	0	0	0	0	0	0	0	0
C	Marios	76	313	9	1	24____	54946	5	6	1	1	0	0	0	0	0	0	0
C	Marios	76	313	9	1	24____	54999	6	0	0	0	0	0	0	1	0	0	0
C	Marios	76	313	9	1	24____	55052	6	0	0	1	0	0	0	0	0	0	0
C	Marios	76	313	9	1	24____	55080	6	0	0	0	0	0	0	1	0	0	0
C	Marios	76	313	9	1	24____	55196	6	5	0	0	0	0	0	0	0	0	0
C	Marios	76	313	9	1	24____	57457	5	0	0	0	1	0	0	0	0	0	0
C	Marios	76	313	9	1	24____	57536	5	0	0	0	0	0	0	0	1	0	0
C	Marios	76	313	9	1	24____	57575	5	7	2	0	1	0	0	0	0	0	0
C	Marios	76	313	9	1	24____	57576	7	0	0	0	0	0	0	0	1	0	0
C	Marios	76	313	9	1	24____	57825	7	5	0	0	0	0	0	0	0	0	0
C	Marios	76	313	9	1	24____	57984	5	6	1	1	0	0	0	0	0	0	0
C	Marios	76	313	9	1	24____	58020	6	0	0	0	0	0	0	1	0	0	0
C	Marios	76	313	9	1	24____	58234	6	5	0	0	0	0	0	0	0	0	0
C	Marios	76	313	9	1	24____	63172	5	0	0	1	0	0	0	0	0	0	0
C	Marios	76	313	9	1	24____	63177	5	0	0	0	0	0	0	1	0	0	0
C	Marios	76	313	9	1	24____	63425	5	6	1	1	0	0	0	0	0	0	0
C	Marios	76	313	9	1	24____	63434	6	0	0	0	0	0	0	1	0	0	0
C	Marios	76	313	9	1	24____	63675	6	5	0	0	0	0	0	0	0	0	0
C	Marios	76	313	9	1	24____	63782	5	0	0	0	1	0	0	0	0	0	0
C	Marios	76	313	9	1	24____	63888	5	0	0	0	0	0	0	0	1	0	0
C	Marios	76	313	9	1	24____	96867	5	7	2	0	1	0	0	0	0	0	0
C	Marios	76	313	9	1	24____	97008	7	0	0	0	0	0	0	0	1	0	0
C	Marios	76	313	9	1	24____	97117	7	5	0	0	0	0	0	0	0	0	0
C	Marios	76	313	9	1	24____	100008	5	6	1	1	0	0	0	0	0	0	0
C	Marios	76	313	9	1	24____	100061	6	0	0	0	0	0	0	1	0	0	0
C	Marios	76	313	9	1	24____	100258	6	5	0	0	0	0	0	0	0	0	0
C	Marios	76	313	9	1	24____	100340	5	0	0	1	0	0	0	0	0	0	0
C	Marios	76	313	9	1	24____	100365	5	0	0	0	0	0	0	1	0	0	0
C	Marios	76	313	9	1	24____	100373	5	0	0	1	0	0	0	0	0	0	0
C	Marios	76	313	9	1	24____	100399	5	0	0	0	0	0	0	1	0	0	0
C	Marios	76	313	9	1	24____	104342	5	6	1	1	0	0	0	0	0	0	0
C	Marios	76	313	9	1	24____	104351	6	0	0	0	0	0	0	1	0	0	0
C	Marios	76	313	9	1	24____	104592	6	5	0	0	0	0	0	0	0	0	0
C	Marios	76	313	9	1	24____	104660	5	0	0	0	1	0	0	0	0	0	0
C	Marios	76	313	9	1	24____	104678	5	0	0	0	0	0	0	0	1	0	0
C	Marios	76	313	9	1	24____	106033	5	0	0	0	1	0	0	0	0	0	0
C	Marios	76	313	9	1	24____	106043	5	0	0	0	0	0	0	0	1	0	0
C	Marios	76	313	9	1	24____	107559	5	7	2	0	1	0	0	0	0	0	0
C	Marios	76	313	9	1	24____	107575	7	0	0	0	0	0	0	0	1	0	0
C	Marios	76	313	9	1	24____	107809	7	5	0	0	0	0	0	0	0	0	0
C	Marios	76	313	9	1	24____	108030	5	0	0	0	1	0	0	0	0	0	0
C	Marios	76	313	9	1	24____	108057	5	0	0	0	0	0	0	0	1	0	0
C	Marios	76	313	9	1	24____	109291	5	7	2	0	1	0	0	0	0	0	0
C	Marios	76	313	9	1	24____	109404	7	0	0	0	0	0	0	0	1	0	0
C	Marios	76	313	9	1	24____	109541	7	5	0	0	0	0	0	0	0	0	0
C	Marios	76	313	9	1	24____	110320	5	6	1	1	0	0	0	0	0	0	0
C	Marios	76	313	9	1	24____	110369	6	0	0	0	0	0	0	1	0	0	0
C	Marios	76	313	9	1	24____	110478	6	0	0	1	0	0	0	0	0	0	0
C	Marios	76	313	9	1	24____	110495	6	0	0	0	0	0	0	1	0	0	0
C	Marios	76	313	9	1	24____	110570	6	5	0	0	0	0	0	0	0	0	0
C	Marios	76	313	9	1	24____	120000	5	4	0	0	0	0	0	0	0	0	0
C	Marios	76	313	9	1	24____	120250	4	-1	0	0	0	0	0	0	0	0	0
C	Marios	76	313	2	1	25____	0	0	1	0	0	0	0	0	0	0	0	0
C	Marios	76	313	2	1	25____	5834	1	0	0	0	1	0	0	0	0	0	0
C	Marios	76	313	2	1	25____	5854	1	0	0	0	0	0	0	0	1	0	0
C	Marios	76	313	2	1	25____	5872	1	2	2	0	1	0	0	0	0	0	0
C	Marios	76	313	2	1	25____	5913	2	0	0	0	0	0	0	0	1	0	0
C	Marios	76	313	2	1	25____	5918	2	0	0	0	1	0	0	0	0	0	0
C	Marios	76	313	2	1	25____	5924	2	0	0	0	0	0	0	0	1	0	0
C	Marios	76	313	2	1	25____	6122	2	1	0	0	0	0	0	0	0	0	0
C	Marios	76	313	2	1	25____	7336	1	3	1	1	0	0	0	0	0	0	0
C	Marios	76	313	2	1	25____	7350	3	0	0	0	0	0	0	1	0	0	0
C	Marios	76	313	2	1	25____	7586	3	1	0	0	0	0	0	0	0	0	0
C	Marios	76	313	2	1	25____	8279	1	0	0	0	1	0	0	0	0	0	0
C	Marios	76	313	2	1	25____	8303	1	0	0	0	0	0	0	0	1	0	0
C	Marios	76	313	2	1	25____	11690	1	2	2	0	1	0	0	0	0	0	0
C	Marios	76	313	2	1	25____	11758	2	0	0	0	0	0	0	0	1	0	0
C	Marios	76	313	2	1	25____	11940	2	1	0	0	0	0	0	0	0	0	0
C	Marios	76	313	2	1	25____	13442	1	2	2	0	1	0	0	0	0	0	0
C	Marios	76	313	2	1	25____	13478	2	0	0	0	0	0	0	0	1	0	0
C	Marios	76	313	2	1	25____	13692	2	1	0	0	0	0	0	0	0	0	0
C	Marios	76	313	2	1	25____	14184	1	0	0	1	0	0	0	0	0	0	0
C	Marios	76	313	2	1	25____	14201	1	0	0	0	0	0	0	1	0	0	0
C	Marios	76	313	2	1	25____	15612	1	0	0	0	1	0	0	0	0	0	0
C	Marios	76	313	2	1	25____	15630	1	0	0	0	0	0	0	0	1	0	0
C	Marios	76	313	2	1	25____	15634	1	2	2	0	1	0	0	0	0	0	0
C	Marios	76	313	2	1	25____	15669	2	0	0	0	0	0	0	0	1	0	0
C	Marios	76	313	2	1	25____	15884	2	1	0	0	0	0	0	0	0	0	0
C	Marios	76	313	2	1	25____	18435	1	0	0	0	1	0	0	0	0	0	0
C	Marios	76	313	2	1	25____	18567	1	0	0	0	0	0	0	0	1	0	0
C	Marios	76	313	2	1	25____	18569	1	0	0	0	1	0	0	0	0	0	0
C	Marios	76	313	2	1	25____	18630	1	0	0	0	0	0	0	0	1	0	0
C	Marios	76	313	2	1	25____	19266	1	0	0	1	0	0	0	0	0	0	0
C	Marios	76	313	2	1	25____	19269	1	0	0	0	0	0	0	1	0	0	0
C	Marios	76	313	2	1	25____	19482	1	2	2	0	1	0	0	0	0	0	0
C	Marios	76	313	2	1	25____	19503	2	0	0	0	0	0	0	0	1	0	0
C	Marios	76	313	2	1	25____	19732	2	1	0	0	0	0	0	0	0	0	0
C	Marios	76	313	2	1	25____	19929	1	2	2	0	1	0	0	0	0	0	0
C	Marios	76	313	2	1	25____	19999	2	0	0	0	0	0	0	0	1	0	0
C	Marios	76	313	2	1	25____	20061	2	0	0	0	1	0	0	0	0	0	0
C	Marios	76	313	2	1	25____	20086	2	0	0	0	0	0	0	0	1	0	0
C	Marios	76	313	2	1	25____	20179	2	1	0	0	0	0	0	0	0	0	0
C	Marios	76	313	2	1	25____	21567	1	0	0	0	1	0	0	0	0	0	0
C	Marios	76	313	2	1	25____	21747	1	0	0	0	0	0	0	0	1	0	0
C	Marios	76	313	2	1	25____	21825	1	2	2	0	1	0	0	0	0	0	0
C	Marios	76	313	2	1	25____	21858	2	0	0	0	0	0	0	0	1	0	0
C	Marios	76	313	2	1	25____	22075	2	1	0	0	0	0	0	0	0	0	0
C	Marios	76	313	2	1	25____	22234	1	0	0	0	1	0	0	0	0	0	0
C	Marios	76	313	2	1	25____	22281	1	0	0	0	0	0	0	0	1	0	0
C	Marios	76	313	2	1	25____	22777	1	0	0	1	0	0	0	0	0	0	0
C	Marios	76	313	2	1	25____	22855	1	0	0	0	0	0	0	1	0	0	0
C	Marios	76	313	2	1	25____	24274	1	0	0	0	1	0	0	0	0	0	0
C	Marios	76	313	2	1	25____	24299	1	0	0	0	0	0	0	0	1	0	0
C	Marios	76	313	2	1	25____	25829	1	2	2	0	1	0	0	0	0	0	0
C	Marios	76	313	2	1	25____	25870	2	0	0	0	0	0	0	0	1	0	0
C	Marios	76	313	2	1	25____	26079	2	1	0	0	0	0	0	0	0	0	0
C	Marios	76	313	2	1	25____	28678	1	2	2	0	1	0	0	0	0	0	0
C	Marios	76	313	2	1	25____	28711	2	0	0	0	0	0	0	0	1	0	0
C	Marios	76	313	2	1	25____	28928	2	1	0	0	0	0	0	0	0	0	0
C	Marios	76	313	2	1	25____	30000	1	5	0	0	0	0	0	0	0	0	0
C	Marios	76	313	2	1	25____	39450	5	0	0	0	1	0	0	0	0	0	0
C	Marios	76	313	2	1	25____	39659	5	0	0	0	0	0	0	0	1	0	0
C	Marios	76	313	2	1	25____	39900	5	0	0	1	0	0	0	0	0	0	0
C	Marios	76	313	2	1	25____	40001	5	0	0	0	0	0	0	1	0	0	0
C	Marios	76	313	2	1	25____	43470	5	7	2	0	1	0	0	0	0	0	0
C	Marios	76	313	2	1	25____	43483	7	0	0	0	0	0	0	0	1	0	0
C	Marios	76	313	2	1	25____	43596	7	0	0	0	1	0	0	0	0	0	0
C	Marios	76	313	2	1	25____	43627	7	0	0	0	0	0	0	0	1	0	0
C	Marios	76	313	2	1	25____	43720	7	5	0	0	0	0	0	0	0	0	0
C	Marios	76	313	2	1	25____	44266	5	0	0	0	1	0	0	0	0	0	0
C	Marios	76	313	2	1	25____	44295	5	0	0	0	0	0	0	0	1	0	0
C	Marios	76	313	2	1	25____	44467	5	0	0	1	0	0	0	0	0	0	0
C	Marios	76	313	2	1	25____	44508	5	0	0	0	0	0	0	1	0	0	0
C	Marios	76	313	2	1	25____	44541	5	6	1	1	0	0	0	0	0	0	0
C	Marios	76	313	2	1	25____	44550	6	0	0	0	0	0	0	1	0	0	0
C	Marios	76	313	2	1	25____	44791	6	5	0	0	0	0	0	0	0	0	0
C	Marios	76	313	2	1	25____	44876	5	6	1	1	0	0	0	0	0	0	0
C	Marios	76	313	2	1	25____	44931	6	0	0	0	0	0	0	1	0	0	0
C	Marios	76	313	2	1	25____	45126	6	5	0	0	0	0	0	0	0	0	0
C	Marios	76	313	2	1	25____	45191	5	0	0	1	0	0	0	0	0	0	0
C	Marios	76	313	2	1	25____	45242	5	0	0	0	0	0	0	1	0	0	0
C	Marios	76	313	2	1	25____	53546	5	0	0	0	1	0	0	0	0	0	0
C	Marios	76	313	2	1	25____	53745	5	0	0	0	0	0	0	0	1	0	0
C	Marios	76	313	2	1	25____	53806	5	0	0	0	1	0	0	0	0	0	0
C	Marios	76	313	2	1	25____	54141	5	0	0	0	0	0	0	0	1	0	0
C	Marios	76	313	2	1	25____	54154	5	7	2	0	1	0	0	0	0	0	0
C	Marios	76	313	2	1	25____	54172	7	0	0	0	0	0	0	0	1	0	0
C	Marios	76	313	2	1	25____	54404	7	5	0	0	0	0	0	0	0	0	0
C	Marios	76	313	2	1	25____	54554	5	7	2	0	1	0	0	0	0	0	0
C	Marios	76	313	2	1	25____	54621	7	0	0	0	0	0	0	0	1	0	0
C	Marios	76	313	2	1	25____	54804	7	5	0	0	0	0	0	0	0	0	0
C	Marios	76	313	2	1	25____	57000	5	0	0	0	1	0	0	0	0	0	0
C	Marios	76	313	2	1	25____	57015	5	0	0	0	0	0	0	0	1	0	0
C	Marios	76	313	2	1	25____	64674	5	0	0	0	1	0	0	0	0	0	0
C	Marios	76	313	2	1	25____	64805	5	0	0	0	0	0	0	0	1	0	0
C	Marios	76	313	2	1	25____	75047	5	7	2	0	1	0	0	0	0	0	0
C	Marios	76	313	2	1	25____	75297	7	5	0	0	0	0	0	0	0	0	0
C	Marios	76	313	2	1	25____	75614	5	0	0	0	0	0	0	0	1	0	0
C	Marios	76	313	2	1	25____	91161	5	0	0	0	1	0	0	0	0	0	0
C	Marios	76	313	2	1	25____	91872	5	0	0	0	0	0	0	0	1	0	0
C	Marios	76	313	2	1	25____	96297	5	0	0	0	1	0	0	0	0	0	0
C	Marios	76	313	2	1	25____	96563	5	0	0	0	0	0	0	0	1	0	0
C	Marios	76	313	2	1	25____	99533	5	7	2	0	1	0	0	0	0	0	0
C	Marios	76	313	2	1	25____	99556	7	0	0	0	0	0	0	0	1	0	0
C	Marios	76	313	2	1	25____	99783	7	5	0	0	0	0	0	0	0	0	0
C	Marios	76	313	2	1	25____	99960	5	7	2	0	1	0	0	0	0	0	0
C	Marios	76	313	2	1	25____	100066	7	0	0	0	0	0	0	0	1	0	0
C	Marios	76	313	2	1	25____	100210	7	5	0	0	0	0	0	0	0	0	0
C	Marios	76	313	2	1	25____	102256	5	0	0	0	1	0	0	0	0	0	0
C	Marios	76	313	2	1	25____	102357	5	0	0	0	0	0	0	0	1	0	0
C	Marios	76	313	2	1	25____	102958	5	0	0	1	0	0	0	0	0	0	0
C	Marios	76	313	2	1	25____	102997	5	0	0	0	0	0	0	1	0	0	0
C	Marios	76	313	2	1	25____	103028	5	0	0	1	0	0	0	0	0	0	0
C	Marios	76	313	2	1	25____	103063	5	0	0	0	0	0	0	1	0	0	0
C	Marios	76	313	2	1	25____	106370	5	7	2	0	1	0	0	0	0	0	0
C	Marios	76	313	2	1	25____	106502	7	0	0	0	0	0	0	0	1	0	0
C	Marios	76	313	2	1	25____	106620	7	5	0	0	0	0	0	0	0	0	0
C	Marios	76	313	2	1	25____	109568	5	0	0	0	1	0	0	0	0	0	0
C	Marios	76	313	2	1	25____	109862	5	0	0	0	0	0	0	0	1	0	0
C	Marios	76	313	2	1	25____	118119	5	0	0	0	1	0	0	0	0	0	0
C	Marios	76	313	2	1	25____	118296	5	0	0	0	0	0	0	0	1	0	0
C	Marios	76	313	2	1	25____	118423	5	0	0	1	0	0	0	0	0	0	0
C	Marios	76	313	2	1	25____	118547	5	0	0	0	0	0	0	1	0	0	0
C	Marios	76	313	2	1	25____	120000	5	4	0	0	0	0	0	0	0	0	0
C	Marios	76	313	2	1	25____	120250	4	-1	0	0	0	0	0	0	0	0	0
