Project	UserID	Protocol	Session	Station	Run	Subject	Time	Current State	Transition State	Transition Event	A1 - LLR	A2 - RLR	A3 - MAG	A4 - 	A[1] LLR_OFF	A[2] RLR_OFF	A[3] MAG_OFF	A[4] 
C	Marios	17	90	9	1	18____	0	0	1	0	0	0	0	0	0	0	0	0
C	Marios	17	90	9	1	18____	1571	1	3	1	1	0	0	0	0	0	0	0
C	Marios	17	90	9	1	18____	1621	3	0	0	0	0	0	0	1	0	0	0
C	Marios	17	90	9	1	18____	1821	3	1	0	0	0	0	0	0	0	0	0
C	Marios	17	90	9	1	18____	18783	1	0	0	0	1	0	0	0	0	0	0
C	Marios	17	90	9	1	18____	18914	1	0	0	0	0	0	0	0	1	0	0
C	Marios	17	90	9	1	18____	27755	1	0	0	1	0	0	0	0	0	0	0
C	Marios	17	90	9	1	18____	27757	1	0	0	0	0	0	0	1	0	0	0
C	Marios	17	90	9	1	18____	27809	1	0	0	1	0	0	0	0	0	0	0
C	Marios	17	90	9	1	18____	27812	1	0	0	0	0	0	0	1	0	0	0
C	Marios	17	90	9	1	18____	51269	1	3	1	1	0	0	0	0	0	0	0
C	Marios	17	90	9	1	18____	51274	3	0	0	0	0	0	0	1	0	0	0
C	Marios	17	90	9	1	18____	51519	3	1	0	0	0	0	0	0	0	0	0
C	Marios	17	90	9	1	18____	54593	1	0	0	0	1	0	0	0	0	0	0
C	Marios	17	90	9	1	18____	54700	1	0	0	0	0	0	0	0	1	0	0
C	Marios	17	90	9	1	18____	86433	1	0	0	1	0	0	0	0	0	0	0
C	Marios	17	90	9	1	18____	86434	1	0	0	0	0	0	0	1	0	0	0
C	Marios	17	90	9	1	18____	90000	1	4	0	0	0	0	0	0	0	0	0
C	Marios	17	90	9	1	18____	90250	4	-1	0	0	0	0	0	0	0	0	0
C	Marios	17	90	10	1	20____	0	0	1	0	0	0	0	0	0	0	0	0
C	Marios	17	90	10	1	20____	17826	1	3	1	1	0	0	0	0	0	0	0
C	Marios	17	90	10	1	20____	17843	3	0	0	0	0	0	0	1	0	0	0
C	Marios	17	90	10	1	20____	18076	3	1	0	0	0	0	0	0	0	0	0
C	Marios	17	90	10	1	20____	18680	1	3	1	1	0	0	0	0	0	0	0
C	Marios	17	90	10	1	20____	18858	3	0	0	0	0	0	0	1	0	0	0
C	Marios	17	90	10	1	20____	18891	3	0	0	1	0	0	0	0	0	0	0
C	Marios	17	90	10	1	20____	18898	3	0	0	0	0	0	0	1	0	0	0
C	Marios	17	90	10	1	20____	18930	3	1	0	0	0	0	0	0	0	0	0
C	Marios	17	90	10	1	20____	23075	1	0	0	1	0	0	0	0	0	0	0
C	Marios	17	90	10	1	20____	23197	1	0	0	0	0	0	0	1	0	0	0
C	Marios	17	90	10	1	20____	23309	1	3	1	1	0	0	0	0	0	0	0
C	Marios	17	90	10	1	20____	23330	3	0	0	0	0	0	0	1	0	0	0
C	Marios	17	90	10	1	20____	23559	3	1	0	0	0	0	0	0	0	0	0
C	Marios	17	90	10	1	20____	48102	1	0	0	1	0	0	0	0	0	0	0
C	Marios	17	90	10	1	20____	48157	1	0	0	0	0	0	0	1	0	0	0
C	Marios	17	90	10	1	20____	54083	1	3	1	1	0	0	0	0	0	0	0
C	Marios	17	90	10	1	20____	54121	3	0	0	0	0	0	0	1	0	0	0
C	Marios	17	90	10	1	20____	54333	3	1	0	0	0	0	0	0	0	0	0
C	Marios	17	90	10	1	20____	90000	1	4	0	0	0	0	0	0	0	0	0
C	Marios	17	90	10	1	20____	90250	4	-1	0	0	0	0	0	0	0	0	0
C	Marios	17	90	12	1	22____	0	0	1	0	0	0	0	0	0	0	0	0
C	Marios	17	90	12	1	22____	1144	1	0	0	0	1	0	0	0	0	0	0
C	Marios	17	90	12	1	22____	1165	1	0	0	0	0	0	0	0	1	0	0
C	Marios	17	90	12	1	22____	10446	1	2	2	0	1	0	0	0	0	0	0
C	Marios	17	90	12	1	22____	10486	2	0	0	0	0	0	0	0	1	0	0
C	Marios	17	90	12	1	22____	10696	2	1	0	0	0	0	0	0	0	0	0
C	Marios	17	90	12	1	22____	19228	1	0	0	0	1	0	0	0	0	0	0
C	Marios	17	90	12	1	22____	19243	1	0	0	0	0	0	0	0	1	0	0
C	Marios	17	90	12	1	22____	19255	1	0	0	0	1	0	0	0	0	0	0
C	Marios	17	90	12	1	22____	19261	1	0	0	0	0	0	0	0	1	0	0
C	Marios	17	90	12	1	22____	19556	1	2	2	0	1	0	0	0	0	0	0
C	Marios	17	90	12	1	22____	19568	2	0	0	0	0	0	0	0	1	0	0
C	Marios	17	90	12	1	22____	19806	2	1	0	0	0	0	0	0	0	0	0
C	Marios	17	90	12	1	22____	20284	1	0	0	0	1	0	0	0	0	0	0
C	Marios	17	90	12	1	22____	20305	1	0	0	0	0	0	0	0	1	0	0
C	Marios	17	90	12	1	22____	20310	1	2	2	0	1	0	0	0	0	0	0
C	Marios	17	90	12	1	22____	20368	2	0	0	0	0	0	0	0	1	0	0
C	Marios	17	90	12	1	22____	20560	2	1	0	0	0	0	0	0	0	0	0
C	Marios	17	90	12	1	22____	20800	1	2	2	0	1	0	0	0	0	0	0
C	Marios	17	90	12	1	22____	20808	2	0	0	0	0	0	0	0	1	0	0
C	Marios	17	90	12	1	22____	21050	2	1	0	0	0	0	0	0	0	0	0
C	Marios	17	90	12	1	22____	21813	1	0	0	0	1	0	0	0	0	0	0
C	Marios	17	90	12	1	22____	21826	1	0	0	0	0	0	0	0	1	0	0
C	Marios	17	90	12	1	22____	21837	1	2	2	0	1	0	0	0	0	0	0
C	Marios	17	90	12	1	22____	21846	2	0	0	0	0	0	0	0	1	0	0
C	Marios	17	90	12	1	22____	21872	2	0	0	0	1	0	0	0	0	0	0
C	Marios	17	90	12	1	22____	21880	2	0	0	0	0	0	0	0	1	0	0
C	Marios	17	90	12	1	22____	22087	2	1	0	0	0	0	0	0	0	0	0
C	Marios	17	90	12	1	22____	22268	1	2	2	0	1	0	0	0	0	0	0
C	Marios	17	90	12	1	22____	22273	2	0	0	0	0	0	0	0	1	0	0
C	Marios	17	90	12	1	22____	22518	2	1	0	0	0	0	0	0	0	0	0
C	Marios	17	90	12	1	22____	25418	1	0	0	0	1	0	0	0	0	0	0
C	Marios	17	90	12	1	22____	25435	1	0	0	0	0	0	0	0	1	0	0
C	Marios	17	90	12	1	22____	25448	1	2	2	0	1	0	0	0	0	0	0
C	Marios	17	90	12	1	22____	25460	2	0	0	0	0	0	0	0	1	0	0
C	Marios	17	90	12	1	22____	25698	2	1	0	0	0	0	0	0	0	0	0
C	Marios	17	90	12	1	22____	29814	1	0	0	0	1	0	0	0	0	0	0
C	Marios	17	90	12	1	22____	29817	1	0	0	0	0	0	0	0	1	0	0
C	Marios	17	90	12	1	22____	30001	1	2	2	0	1	0	0	0	0	0	0
C	Marios	17	90	12	1	22____	30012	2	0	0	0	0	0	0	0	1	0	0
C	Marios	17	90	12	1	22____	30082	2	0	0	0	1	0	0	0	0	0	0
C	Marios	17	90	12	1	22____	30091	2	0	0	0	0	0	0	0	1	0	0
C	Marios	17	90	12	1	22____	30111	2	0	0	0	1	0	0	0	0	0	0
C	Marios	17	90	12	1	22____	30114	2	0	0	0	0	0	0	0	1	0	0
C	Marios	17	90	12	1	22____	30251	2	1	0	0	0	0	0	0	0	0	0
C	Marios	17	90	12	1	22____	36655	1	2	2	0	1	0	0	0	0	0	0
C	Marios	17	90	12	1	22____	36726	2	0	0	0	0	0	0	0	1	0	0
C	Marios	17	90	12	1	22____	36905	2	1	0	0	0	0	0	0	0	0	0
C	Marios	17	90	12	1	22____	46723	1	0	0	0	1	0	0	0	0	0	0
C	Marios	17	90	12	1	22____	46742	1	0	0	0	0	0	0	0	1	0	0
C	Marios	17	90	12	1	22____	47735	1	2	2	0	1	0	0	0	0	0	0
C	Marios	17	90	12	1	22____	47791	2	0	0	0	0	0	0	0	1	0	0
C	Marios	17	90	12	1	22____	47985	2	1	0	0	0	0	0	0	0	0	0
C	Marios	17	90	12	1	22____	49061	1	2	2	0	1	0	0	0	0	0	0
C	Marios	17	90	12	1	22____	49100	2	0	0	0	0	0	0	0	1	0	0
C	Marios	17	90	12	1	22____	49311	2	1	0	0	0	0	0	0	0	0	0
C	Marios	17	90	12	1	22____	67043	1	2	2	0	1	0	0	0	0	0	0
C	Marios	17	90	12	1	22____	67071	2	0	0	0	0	0	0	0	1	0	0
C	Marios	17	90	12	1	22____	67293	2	1	0	0	0	0	0	0	0	0	0
C	Marios	17	90	12	1	22____	69044	1	3	1	1	0	0	0	0	0	0	0
C	Marios	17	90	12	1	22____	69089	3	0	0	0	0	0	0	1	0	0	0
C	Marios	17	90	12	1	22____	69294	3	1	0	0	0	0	0	0	0	0	0
C	Marios	17	90	12	1	22____	69774	1	3	1	1	0	0	0	0	0	0	0
C	Marios	17	90	12	1	22____	69930	3	0	0	0	0	0	0	1	0	0	0
C	Marios	17	90	12	1	22____	69979	3	0	0	1	0	0	0	0	0	0	0
C	Marios	17	90	12	1	22____	69982	3	0	0	0	0	0	0	1	0	0	0
C	Marios	17	90	12	1	22____	70024	3	1	0	0	0	0	0	0	0	0	0
C	Marios	17	90	12	1	22____	70212	1	2	2	0	1	0	0	0	0	0	0
C	Marios	17	90	12	1	22____	70298	2	0	0	0	0	0	0	0	1	0	0
C	Marios	17	90	12	1	22____	70462	2	1	0	0	0	0	0	0	0	0	0
C	Marios	17	90	12	1	22____	71263	1	3	1	1	0	0	0	0	0	0	0
C	Marios	17	90	12	1	22____	71277	3	0	0	0	0	0	0	1	0	0	0
C	Marios	17	90	12	1	22____	71403	3	0	0	1	0	0	0	0	0	0	0
C	Marios	17	90	12	1	22____	71447	3	0	0	0	0	0	0	1	0	0	0
C	Marios	17	90	12	1	22____	71513	3	1	0	0	0	0	0	0	0	0	0
C	Marios	17	90	12	1	22____	74478	1	0	0	0	1	0	0	0	0	0	0
C	Marios	17	90	12	1	22____	74498	1	0	0	0	0	0	0	0	1	0	0
C	Marios	17	90	12	1	22____	85188	1	2	2	0	1	0	0	0	0	0	0
C	Marios	17	90	12	1	22____	85198	2	0	0	0	0	0	0	0	1	0	0
C	Marios	17	90	12	1	22____	85255	2	0	0	0	1	0	0	0	0	0	0
C	Marios	17	90	12	1	22____	85272	2	0	0	0	0	0	0	0	1	0	0
C	Marios	17	90	12	1	22____	85438	2	1	0	0	0	0	0	0	0	0	0
C	Marios	17	90	12	1	22____	87192	1	3	1	1	0	0	0	0	0	0	0
C	Marios	17	90	12	1	22____	87240	3	0	0	0	0	0	0	1	0	0	0
C	Marios	17	90	12	1	22____	87442	3	1	0	0	0	0	0	0	0	0	0
C	Marios	17	90	12	1	22____	87646	1	3	1	1	0	0	0	0	0	0	0
C	Marios	17	90	12	1	22____	87686	3	0	0	0	0	0	0	1	0	0	0
C	Marios	17	90	12	1	22____	87896	3	1	0	0	0	0	0	0	0	0	0
C	Marios	17	90	12	1	22____	89261	1	0	0	1	0	0	0	0	0	0	0
C	Marios	17	90	12	1	22____	89330	1	0	0	0	0	0	0	1	0	0	0
C	Marios	17	90	12	1	22____	89438	1	0	0	1	0	0	0	0	0	0	0
C	Marios	17	90	12	1	22____	89450	1	0	0	0	0	0	0	1	0	0	0
C	Marios	17	90	12	1	22____	89525	1	3	1	1	0	0	0	0	0	0	0
C	Marios	17	90	12	1	22____	89535	3	0	0	0	0	0	0	1	0	0	0
C	Marios	17	90	12	1	22____	89775	3	1	0	0	0	0	0	0	0	0	0
C	Marios	17	90	12	1	22____	90000	1	4	0	0	0	0	0	0	0	0	0
C	Marios	17	90	12	1	22____	90250	4	-1	0	0	0	0	0	0	0	0	0
C	Marios	17	90	13	1	43____	0	0	1	0	0	0	0	0	0	0	0	0
C	Marios	17	90	13	1	43____	168	1	0	0	0	1	0	0	0	0	0	0
C	Marios	17	90	13	1	43____	171	1	0	0	0	0	0	0	0	1	0	0
C	Marios	17	90	13	1	43____	1390	1	3	1	1	0	0	0	0	0	0	0
C	Marios	17	90	13	1	43____	1454	3	0	0	0	0	0	0	1	0	0	0
C	Marios	17	90	13	1	43____	1640	3	1	0	0	0	0	0	0	0	0	0
C	Marios	17	90	13	1	43____	3786	1	0	0	0	1	0	0	0	0	0	0
C	Marios	17	90	13	1	43____	3789	1	0	0	0	0	0	0	0	1	0	0
C	Marios	17	90	13	1	43____	3811	1	2	2	0	1	0	0	0	0	0	0
C	Marios	17	90	13	1	43____	3823	2	0	0	0	0	0	0	0	1	0	0
C	Marios	17	90	13	1	43____	3826	2	0	0	0	1	0	0	0	0	0	0
C	Marios	17	90	13	1	43____	3832	2	0	0	0	0	0	0	0	1	0	0
C	Marios	17	90	13	1	43____	3834	2	0	0	0	1	0	0	0	0	0	0
C	Marios	17	90	13	1	43____	3839	2	0	0	0	0	0	0	0	1	0	0
C	Marios	17	90	13	1	43____	3843	2	0	0	0	1	0	0	0	0	0	0
C	Marios	17	90	13	1	43____	3848	2	0	0	0	0	0	0	0	1	0	0
C	Marios	17	90	13	1	43____	4061	2	1	0	0	0	0	0	0	0	0	0
C	Marios	17	90	13	1	43____	6115	1	0	0	0	1	0	0	0	0	0	0
C	Marios	17	90	13	1	43____	6139	1	0	0	0	0	0	0	0	1	0	0
C	Marios	17	90	13	1	43____	6186	1	0	0	0	1	0	0	0	0	0	0
C	Marios	17	90	13	1	43____	6210	1	0	0	0	0	0	0	0	1	0	0
C	Marios	17	90	13	1	43____	6211	1	2	2	0	1	0	0	0	0	0	0
C	Marios	17	90	13	1	43____	6216	2	0	0	0	0	0	0	0	1	0	0
C	Marios	17	90	13	1	43____	6218	2	0	0	0	1	0	0	0	0	0	0
C	Marios	17	90	13	1	43____	6222	2	0	0	0	0	0	0	0	1	0	0
C	Marios	17	90	13	1	43____	6227	2	0	0	0	1	0	0	0	0	0	0
C	Marios	17	90	13	1	43____	6229	2	0	0	0	0	0	0	0	1	0	0
C	Marios	17	90	13	1	43____	6318	2	0	0	0	1	0	0	0	0	0	0
C	Marios	17	90	13	1	43____	6320	2	0	0	0	0	0	0	0	1	0	0
C	Marios	17	90	13	1	43____	6322	2	0	0	0	1	0	0	0	0	0	0
C	Marios	17	90	13	1	43____	6326	2	0	0	0	0	0	0	0	1	0	0
C	Marios	17	90	13	1	43____	6461	2	1	0	0	0	0	0	0	0	0	0
C	Marios	17	90	13	1	43____	9159	1	0	0	0	1	0	0	0	0	0	0
C	Marios	17	90	13	1	43____	9161	1	0	0	0	0	0	0	0	1	0	0
C	Marios	17	90	13	1	43____	9165	1	2	2	0	1	0	0	0	0	0	0
C	Marios	17	90	13	1	43____	9192	2	0	0	0	0	0	0	0	1	0	0
C	Marios	17	90	13	1	43____	9205	2	0	0	0	1	0	0	0	0	0	0
C	Marios	17	90	13	1	43____	9206	2	0	0	0	0	0	0	0	1	0	0
C	Marios	17	90	13	1	43____	9217	2	0	0	0	1	0	0	0	0	0	0
C	Marios	17	90	13	1	43____	9220	2	0	0	0	0	0	0	0	1	0	0
C	Marios	17	90	13	1	43____	9222	2	0	0	0	1	0	0	0	0	0	0
C	Marios	17	90	13	1	43____	9223	2	0	0	0	0	0	0	0	1	0	0
C	Marios	17	90	13	1	43____	9227	2	0	0	0	1	0	0	0	0	0	0
C	Marios	17	90	13	1	43____	9347	2	0	0	0	0	0	0	0	1	0	0
C	Marios	17	90	13	1	43____	9367	2	0	0	0	1	0	0	0	0	0	0
C	Marios	17	90	13	1	43____	9415	2	1	0	0	0	0	0	0	0	0	0
C	Marios	17	90	13	1	43____	9495	1	0	0	0	0	0	0	0	1	0	0
C	Marios	17	90	13	1	43____	9554	1	0	0	0	1	0	0	0	0	0	0
C	Marios	17	90	13	1	43____	9555	1	0	0	0	0	0	0	0	1	0	0
C	Marios	17	90	13	1	43____	9583	1	2	2	0	1	0	0	0	0	0	0
C	Marios	17	90	13	1	43____	9624	2	0	0	0	0	0	0	0	1	0	0
C	Marios	17	90	13	1	43____	9648	2	0	0	0	1	0	0	0	0	0	0
C	Marios	17	90	13	1	43____	9652	2	0	0	0	0	0	0	0	1	0	0
C	Marios	17	90	13	1	43____	9833	2	1	0	0	0	0	0	0	0	0	0
C	Marios	17	90	13	1	43____	10882	1	0	0	1	0	0	0	0	0	0	0
C	Marios	17	90	13	1	43____	10905	1	0	0	0	0	0	0	1	0	0	0
C	Marios	17	90	13	1	43____	10920	1	3	1	1	0	0	0	0	0	0	0
C	Marios	17	90	13	1	43____	10959	3	0	0	0	0	0	0	1	0	0	0
C	Marios	17	90	13	1	43____	11170	3	1	0	0	0	0	0	0	0	0	0
C	Marios	17	90	13	1	43____	19478	1	3	1	1	0	0	0	0	0	0	0
C	Marios	17	90	13	1	43____	19511	3	0	0	0	0	0	0	1	0	0	0
C	Marios	17	90	13	1	43____	19728	3	1	0	0	0	0	0	0	0	0	0
C	Marios	17	90	13	1	43____	20281	1	0	0	1	0	0	0	0	0	0	0
C	Marios	17	90	13	1	43____	20381	1	0	0	0	0	0	0	1	0	0	0
C	Marios	17	90	13	1	43____	20923	1	0	0	0	1	0	0	0	0	0	0
C	Marios	17	90	13	1	43____	20925	1	0	0	0	0	0	0	0	1	0	0
C	Marios	17	90	13	1	43____	20928	1	0	0	0	1	0	0	0	0	0	0
C	Marios	17	90	13	1	43____	20932	1	0	0	0	0	0	0	0	1	0	0
C	Marios	17	90	13	1	43____	23109	1	0	0	1	0	0	0	0	0	0	0
C	Marios	17	90	13	1	43____	23113	1	0	0	0	0	0	0	1	0	0	0
C	Marios	17	90	13	1	43____	23116	1	3	1	1	0	0	0	0	0	0	0
C	Marios	17	90	13	1	43____	23120	3	0	0	0	0	0	0	1	0	0	0
C	Marios	17	90	13	1	43____	23122	3	0	0	1	0	0	0	0	0	0	0
C	Marios	17	90	13	1	43____	23125	3	0	0	0	0	0	0	1	0	0	0
C	Marios	17	90	13	1	43____	23366	3	1	0	0	0	0	0	0	0	0	0
C	Marios	17	90	13	1	43____	24162	1	0	0	0	1	0	0	0	0	0	0
C	Marios	17	90	13	1	43____	24165	1	0	0	0	0	0	0	0	1	0	0
C	Marios	17	90	13	1	43____	24184	1	0	0	0	1	0	0	0	0	0	0
C	Marios	17	90	13	1	43____	24302	1	0	0	0	0	0	0	0	1	0	0
C	Marios	17	90	13	1	43____	24323	1	2	2	0	1	0	0	0	0	0	0
C	Marios	17	90	13	1	43____	24324	2	0	0	0	0	0	0	0	1	0	0
C	Marios	17	90	13	1	43____	24529	2	0	0	0	1	0	0	0	0	0	0
C	Marios	17	90	13	1	43____	24573	2	1	0	0	0	0	0	0	0	0	0
C	Marios	17	90	13	1	43____	24626	1	0	0	0	0	0	0	0	1	0	0
C	Marios	17	90	13	1	43____	24747	1	0	0	0	1	0	0	0	0	0	0
C	Marios	17	90	13	1	43____	24808	1	0	0	0	0	0	0	0	1	0	0
C	Marios	17	90	13	1	43____	25105	1	2	2	0	1	0	0	0	0	0	0
C	Marios	17	90	13	1	43____	25142	2	0	0	0	0	0	0	0	1	0	0
C	Marios	17	90	13	1	43____	25145	2	0	0	0	1	0	0	0	0	0	0
C	Marios	17	90	13	1	43____	25221	2	0	0	0	0	0	0	0	1	0	0
C	Marios	17	90	13	1	43____	25355	2	1	0	0	0	0	0	0	0	0	0
C	Marios	17	90	13	1	43____	35244	1	0	0	0	1	0	0	0	0	0	0
C	Marios	17	90	13	1	43____	35245	1	0	0	0	0	0	0	0	1	0	0
C	Marios	17	90	13	1	43____	35249	1	2	2	0	1	0	0	0	0	0	0
C	Marios	17	90	13	1	43____	35260	2	0	0	0	0	0	0	0	1	0	0
C	Marios	17	90	13	1	43____	35499	2	1	0	0	0	0	0	0	0	0	0
C	Marios	17	90	13	1	43____	47632	1	2	2	0	1	0	0	0	0	0	0
C	Marios	17	90	13	1	43____	47839	2	0	0	0	0	0	0	0	1	0	0
C	Marios	17	90	13	1	43____	47882	2	1	0	0	0	0	0	0	0	0	0
C	Marios	17	90	13	1	43____	57721	1	0	0	0	1	0	0	0	0	0	0
C	Marios	17	90	13	1	43____	57731	1	0	0	0	0	0	0	0	1	0	0
C	Marios	17	90	13	1	43____	68427	1	0	0	1	0	0	0	0	0	0	0
C	Marios	17	90	13	1	43____	68537	1	0	0	0	0	0	0	1	0	0	0
C	Marios	17	90	13	1	43____	68564	1	3	1	1	0	0	0	0	0	0	0
C	Marios	17	90	13	1	43____	68713	3	0	0	0	0	0	0	1	0	0	0
C	Marios	17	90	13	1	43____	68814	3	1	0	0	0	0	0	0	0	0	0
C	Marios	17	90	13	1	43____	90000	1	4	0	0	0	0	0	0	0	0	0
C	Marios	17	90	13	1	43____	90250	4	-1	0	0	0	0	0	0	0	0	0
C	Marios	17	91	9	1	24____	0	0	1	0	0	0	0	0	0	0	0	0
C	Marios	17	91	9	1	24____	9445	1	0	0	0	1	0	0	0	0	0	0
C	Marios	17	91	9	1	24____	9489	1	0	0	0	0	0	0	0	1	0	0
C	Marios	17	91	9	1	24____	15763	1	0	0	1	0	0	0	0	0	0	0
C	Marios	17	91	9	1	24____	15779	1	0	0	0	0	0	0	1	0	0	0
C	Marios	17	91	9	1	24____	16540	1	2	2	0	1	0	0	0	0	0	0
C	Marios	17	91	9	1	24____	16549	2	0	0	0	0	0	0	0	1	0	0
C	Marios	17	91	9	1	24____	16790	2	1	0	0	0	0	0	0	0	0	0
C	Marios	17	91	9	1	24____	17412	1	0	0	0	1	0	0	0	0	0	0
C	Marios	17	91	9	1	24____	17464	1	0	0	0	0	0	0	0	1	0	0
C	Marios	17	91	9	1	24____	20966	1	2	2	0	1	0	0	0	0	0	0
C	Marios	17	91	9	1	24____	20969	2	0	0	0	0	0	0	0	1	0	0
C	Marios	17	91	9	1	24____	21216	2	1	0	0	0	0	0	0	0	0	0
C	Marios	17	91	9	1	24____	22524	1	2	2	0	1	0	0	0	0	0	0
C	Marios	17	91	9	1	24____	22540	2	0	0	0	0	0	0	0	1	0	0
C	Marios	17	91	9	1	24____	22566	2	0	0	0	1	0	0	0	0	0	0
C	Marios	17	91	9	1	24____	22569	2	0	0	0	0	0	0	0	1	0	0
C	Marios	17	91	9	1	24____	22774	2	1	0	0	0	0	0	0	0	0	0
C	Marios	17	91	9	1	24____	23310	1	2	2	0	1	0	0	0	0	0	0
C	Marios	17	91	9	1	24____	23315	2	0	0	0	0	0	0	0	1	0	0
C	Marios	17	91	9	1	24____	23337	2	0	0	0	1	0	0	0	0	0	0
C	Marios	17	91	9	1	24____	23342	2	0	0	0	0	0	0	0	1	0	0
C	Marios	17	91	9	1	24____	23349	2	0	0	0	1	0	0	0	0	0	0
C	Marios	17	91	9	1	24____	23351	2	0	0	0	0	0	0	0	1	0	0
C	Marios	17	91	9	1	24____	23456	2	0	0	0	1	0	0	0	0	0	0
C	Marios	17	91	9	1	24____	23461	2	0	0	0	0	0	0	0	1	0	0
C	Marios	17	91	9	1	24____	23560	2	1	0	0	0	0	0	0	0	0	0
C	Marios	17	91	9	1	24____	25198	1	0	0	0	1	0	0	0	0	0	0
C	Marios	17	91	9	1	24____	25268	1	0	0	0	0	0	0	0	1	0	0
C	Marios	17	91	9	1	24____	25285	1	0	0	0	1	0	0	0	0	0	0
C	Marios	17	91	9	1	24____	25294	1	0	0	0	0	0	0	0	1	0	0
C	Marios	17	91	9	1	24____	25305	1	2	2	0	1	0	0	0	0	0	0
C	Marios	17	91	9	1	24____	25308	2	0	0	0	0	0	0	0	1	0	0
C	Marios	17	91	9	1	24____	25371	2	0	0	0	1	0	0	0	0	0	0
C	Marios	17	91	9	1	24____	25447	2	0	0	0	0	0	0	0	1	0	0
C	Marios	17	91	9	1	24____	25458	2	0	0	0	1	0	0	0	0	0	0
C	Marios	17	91	9	1	24____	25462	2	0	0	0	0	0	0	0	1	0	0
C	Marios	17	91	9	1	24____	25481	2	0	0	0	1	0	0	0	0	0	0
C	Marios	17	91	9	1	24____	25484	2	0	0	0	0	0	0	0	1	0	0
C	Marios	17	91	9	1	24____	25488	2	0	0	0	1	0	0	0	0	0	0
C	Marios	17	91	9	1	24____	25491	2	0	0	0	0	0	0	0	1	0	0
C	Marios	17	91	9	1	24____	25555	2	1	0	0	0	0	0	0	0	0	0
C	Marios	17	91	9	1	24____	25904	1	0	0	0	1	0	0	0	0	0	0
C	Marios	17	91	9	1	24____	25962	1	0	0	0	0	0	0	0	1	0	0
C	Marios	17	91	9	1	24____	25969	1	2	2	0	1	0	0	0	0	0	0
C	Marios	17	91	9	1	24____	26084	2	0	0	0	0	0	0	0	1	0	0
C	Marios	17	91	9	1	24____	26219	2	1	0	0	0	0	0	0	0	0	0
C	Marios	17	91	9	1	24____	26623	1	0	0	0	1	0	0	0	0	0	0
C	Marios	17	91	9	1	24____	26638	1	0	0	0	0	0	0	0	1	0	0
C	Marios	17	91	9	1	24____	37729	1	0	0	0	1	0	0	0	0	0	0
C	Marios	17	91	9	1	24____	37754	1	0	0	0	0	0	0	0	1	0	0
C	Marios	17	91	9	1	24____	37801	1	2	2	0	1	0	0	0	0	0	0
C	Marios	17	91	9	1	24____	37809	2	0	0	0	0	0	0	0	1	0	0
C	Marios	17	91	9	1	24____	38051	2	1	0	0	0	0	0	0	0	0	0
C	Marios	17	91	9	1	24____	38760	1	2	2	0	1	0	0	0	0	0	0
C	Marios	17	91	9	1	24____	38764	2	0	0	0	0	0	0	0	1	0	0
C	Marios	17	91	9	1	24____	39010	2	1	0	0	0	0	0	0	0	0	0
C	Marios	17	91	9	1	24____	39178	1	0	0	0	1	0	0	0	0	0	0
C	Marios	17	91	9	1	24____	39191	1	0	0	0	0	0	0	0	1	0	0
C	Marios	17	91	9	1	24____	39195	1	0	0	0	1	0	0	0	0	0	0
C	Marios	17	91	9	1	24____	39198	1	0	0	0	0	0	0	0	1	0	0
C	Marios	17	91	9	1	24____	39202	1	2	2	0	1	0	0	0	0	0	0
C	Marios	17	91	9	1	24____	39211	2	0	0	0	0	0	0	0	1	0	0
C	Marios	17	91	9	1	24____	39212	2	0	0	0	1	0	0	0	0	0	0
C	Marios	17	91	9	1	24____	39219	2	0	0	0	0	0	0	0	1	0	0
C	Marios	17	91	9	1	24____	39232	2	0	0	0	1	0	0	0	0	0	0
C	Marios	17	91	9	1	24____	39269	2	0	0	0	0	0	0	0	1	0	0
C	Marios	17	91	9	1	24____	39452	2	1	0	0	0	0	0	0	0	0	0
C	Marios	17	91	9	1	24____	40920	1	0	0	0	1	0	0	0	0	0	0
C	Marios	17	91	9	1	24____	40932	1	0	0	0	0	0	0	0	1	0	0
C	Marios	17	91	9	1	24____	40981	1	0	0	0	1	0	0	0	0	0	0
C	Marios	17	91	9	1	24____	40983	1	0	0	0	0	0	0	0	1	0	0
C	Marios	17	91	9	1	24____	41045	1	2	2	0	1	0	0	0	0	0	0
C	Marios	17	91	9	1	24____	41098	2	0	0	0	0	0	0	0	1	0	0
C	Marios	17	91	9	1	24____	41295	2	1	0	0	0	0	0	0	0	0	0
C	Marios	17	91	9	1	24____	41443	1	2	2	0	1	0	0	0	0	0	0
C	Marios	17	91	9	1	24____	41616	2	0	0	0	0	0	0	0	1	0	0
C	Marios	17	91	9	1	24____	41647	2	0	0	0	1	0	0	0	0	0	0
C	Marios	17	91	9	1	24____	41693	2	1	0	0	0	0	0	0	0	0	0
C	Marios	17	91	9	1	24____	41788	1	0	0	0	0	0	0	0	1	0	0
C	Marios	17	91	9	1	24____	41952	1	0	0	0	1	0	0	0	0	0	0
C	Marios	17	91	9	1	24____	41954	1	0	0	0	0	0	0	0	1	0	0
C	Marios	17	91	9	1	24____	41961	1	2	2	0	1	0	0	0	0	0	0
C	Marios	17	91	9	1	24____	41964	2	0	0	0	0	0	0	0	1	0	0
C	Marios	17	91	9	1	24____	42061	2	0	0	0	1	0	0	0	0	0	0
C	Marios	17	91	9	1	24____	42064	2	0	0	0	0	0	0	0	1	0	0
C	Marios	17	91	9	1	24____	42211	2	1	0	0	0	0	0	0	0	0	0
C	Marios	17	91	9	1	24____	42686	1	0	0	0	1	0	0	0	0	0	0
C	Marios	17	91	9	1	24____	42691	1	0	0	0	0	0	0	0	1	0	0
C	Marios	17	91	9	1	24____	42732	1	0	0	0	1	0	0	0	0	0	0
C	Marios	17	91	9	1	24____	42751	1	0	0	0	0	0	0	0	1	0	0
C	Marios	17	91	9	1	24____	42753	1	2	2	0	1	0	0	0	0	0	0
C	Marios	17	91	9	1	24____	42838	2	0	0	0	0	0	0	0	1	0	0
C	Marios	17	91	9	1	24____	42881	2	0	0	0	1	0	0	0	0	0	0
C	Marios	17	91	9	1	24____	42907	2	0	0	0	0	0	0	0	1	0	0
C	Marios	17	91	9	1	24____	43003	2	1	0	0	0	0	0	0	0	0	0
C	Marios	17	91	9	1	24____	43020	1	0	0	0	1	0	0	0	0	0	0
C	Marios	17	91	9	1	24____	43024	1	0	0	0	0	0	0	0	1	0	0
C	Marios	17	91	9	1	24____	43137	1	2	2	0	1	0	0	0	0	0	0
C	Marios	17	91	9	1	24____	43168	2	0	0	0	0	0	0	0	1	0	0
C	Marios	17	91	9	1	24____	43193	2	0	0	0	1	0	0	0	0	0	0
C	Marios	17	91	9	1	24____	43199	2	0	0	0	0	0	0	0	1	0	0
C	Marios	17	91	9	1	24____	43203	2	0	0	0	1	0	0	0	0	0	0
C	Marios	17	91	9	1	24____	43237	2	0	0	0	0	0	0	0	1	0	0
C	Marios	17	91	9	1	24____	43387	2	1	0	0	0	0	0	0	0	0	0
C	Marios	17	91	9	1	24____	45388	1	0	0	0	1	0	0	0	0	0	0
C	Marios	17	91	9	1	24____	45455	1	0	0	0	0	0	0	0	1	0	0
C	Marios	17	91	9	1	24____	45536	1	0	0	0	1	0	0	0	0	0	0
C	Marios	17	91	9	1	24____	45543	1	0	0	0	0	0	0	0	1	0	0
C	Marios	17	91	9	1	24____	45547	1	2	2	0	1	0	0	0	0	0	0
C	Marios	17	91	9	1	24____	45601	2	0	0	0	0	0	0	0	1	0	0
C	Marios	17	91	9	1	24____	45797	2	1	0	0	0	0	0	0	0	0	0
C	Marios	17	91	9	1	24____	46814	1	0	0	0	1	0	0	0	0	0	0
C	Marios	17	91	9	1	24____	46826	1	0	0	0	0	0	0	0	1	0	0
C	Marios	17	91	9	1	24____	47969	1	0	0	0	1	0	0	0	0	0	0
C	Marios	17	91	9	1	24____	47994	1	0	0	0	0	0	0	0	1	0	0
C	Marios	17	91	9	1	24____	48002	1	2	2	0	1	0	0	0	0	0	0
C	Marios	17	91	9	1	24____	48026	2	0	0	0	0	0	0	0	1	0	0
C	Marios	17	91	9	1	24____	48252	2	1	0	0	0	0	0	0	0	0	0
C	Marios	17	91	9	1	24____	50488	1	0	0	0	1	0	0	0	0	0	0
C	Marios	17	91	9	1	24____	50510	1	0	0	0	0	0	0	0	1	0	0
C	Marios	17	91	9	1	24____	50528	1	0	0	0	1	0	0	0	0	0	0
C	Marios	17	91	9	1	24____	50540	1	0	0	0	0	0	0	0	1	0	0
C	Marios	17	91	9	1	24____	54027	1	2	2	0	1	0	0	0	0	0	0
C	Marios	17	91	9	1	24____	54065	2	0	0	0	0	0	0	0	1	0	0
C	Marios	17	91	9	1	24____	54277	2	1	0	0	0	0	0	0	0	0	0
C	Marios	17	91	9	1	24____	54846	1	0	0	0	1	0	0	0	0	0	0
C	Marios	17	91	9	1	24____	54893	1	0	0	0	0	0	0	0	1	0	0
C	Marios	17	91	9	1	24____	65680	1	2	2	0	1	0	0	0	0	0	0
C	Marios	17	91	9	1	24____	65719	2	0	0	0	0	0	0	0	1	0	0
C	Marios	17	91	9	1	24____	65724	2	0	0	0	1	0	0	0	0	0	0
C	Marios	17	91	9	1	24____	65728	2	0	0	0	0	0	0	0	1	0	0
C	Marios	17	91	9	1	24____	65734	2	0	0	0	1	0	0	0	0	0	0
C	Marios	17	91	9	1	24____	65737	2	0	0	0	0	0	0	0	1	0	0
C	Marios	17	91	9	1	24____	65742	2	0	0	0	1	0	0	0	0	0	0
C	Marios	17	91	9	1	24____	65747	2	0	0	0	0	0	0	0	1	0	0
C	Marios	17	91	9	1	24____	65753	2	0	0	0	1	0	0	0	0	0	0
C	Marios	17	91	9	1	24____	65761	2	0	0	0	0	0	0	0	1	0	0
C	Marios	17	91	9	1	24____	65763	2	0	0	0	1	0	0	0	0	0	0
C	Marios	17	91	9	1	24____	65766	2	0	0	0	0	0	0	0	1	0	0
C	Marios	17	91	9	1	24____	65771	2	0	0	0	1	0	0	0	0	0	0
C	Marios	17	91	9	1	24____	65774	2	0	0	0	0	0	0	0	1	0	0
C	Marios	17	91	9	1	24____	65779	2	0	0	0	1	0	0	0	0	0	0
C	Marios	17	91	9	1	24____	65791	2	0	0	0	0	0	0	0	1	0	0
C	Marios	17	91	9	1	24____	65802	2	0	0	0	1	0	0	0	0	0	0
C	Marios	17	91	9	1	24____	65825	2	0	0	0	0	0	0	0	1	0	0
C	Marios	17	91	9	1	24____	65930	2	1	0	0	0	0	0	0	0	0	0
C	Marios	17	91	9	1	24____	67327	1	2	2	0	1	0	0	0	0	0	0
C	Marios	17	91	9	1	24____	67340	2	0	0	0	0	0	0	0	1	0	0
C	Marios	17	91	9	1	24____	67348	2	0	0	0	1	0	0	0	0	0	0
C	Marios	17	91	9	1	24____	67357	2	0	0	0	0	0	0	0	1	0	0
C	Marios	17	91	9	1	24____	67577	2	1	0	0	0	0	0	0	0	0	0
C	Marios	17	91	9	1	24____	68298	1	0	0	1	0	0	0	0	0	0	0
C	Marios	17	91	9	1	24____	68309	1	0	0	0	0	0	0	1	0	0	0
C	Marios	17	91	9	1	24____	69057	1	0	0	0	1	0	0	0	0	0	0
C	Marios	17	91	9	1	24____	69111	1	0	0	0	0	0	0	0	1	0	0
C	Marios	17	91	9	1	24____	69132	1	0	0	0	1	0	0	0	0	0	0
C	Marios	17	91	9	1	24____	69149	1	0	0	0	0	0	0	0	1	0	0
C	Marios	17	91	9	1	24____	69205	1	2	2	0	1	0	0	0	0	0	0
C	Marios	17	91	9	1	24____	69232	2	0	0	0	0	0	0	0	1	0	0
C	Marios	17	91	9	1	24____	69241	2	0	0	0	1	0	0	0	0	0	0
C	Marios	17	91	9	1	24____	69253	2	0	0	0	0	0	0	0	1	0	0
C	Marios	17	91	9	1	24____	69259	2	0	0	0	1	0	0	0	0	0	0
C	Marios	17	91	9	1	24____	69268	2	0	0	0	0	0	0	0	1	0	0
C	Marios	17	91	9	1	24____	69275	2	0	0	0	1	0	0	0	0	0	0
C	Marios	17	91	9	1	24____	69306	2	0	0	0	0	0	0	0	1	0	0
C	Marios	17	91	9	1	24____	69455	2	1	0	0	0	0	0	0	0	0	0
C	Marios	17	91	9	1	24____	71916	1	2	2	0	1	0	0	0	0	0	0
C	Marios	17	91	9	1	24____	71951	2	0	0	0	0	0	0	0	1	0	0
C	Marios	17	91	9	1	24____	72166	2	1	0	0	0	0	0	0	0	0	0
C	Marios	17	91	9	1	24____	76371	1	2	2	0	1	0	0	0	0	0	0
C	Marios	17	91	9	1	24____	76467	2	0	0	0	0	0	0	0	1	0	0
C	Marios	17	91	9	1	24____	76621	2	1	0	0	0	0	0	0	0	0	0
C	Marios	17	91	9	1	24____	78788	1	2	2	0	1	0	0	0	0	0	0
C	Marios	17	91	9	1	24____	78830	2	0	0	0	0	0	0	0	1	0	0
C	Marios	17	91	9	1	24____	78836	2	0	0	0	1	0	0	0	0	0	0
C	Marios	17	91	9	1	24____	78875	2	0	0	0	0	0	0	0	1	0	0
C	Marios	17	91	9	1	24____	79038	2	1	0	0	0	0	0	0	0	0	0
C	Marios	17	91	9	1	24____	81510	1	0	0	1	0	0	0	0	0	0	0
C	Marios	17	91	9	1	24____	81511	1	0	0	0	0	0	0	1	0	0	0
C	Marios	17	91	9	1	24____	81532	1	3	1	1	0	0	0	0	0	0	0
C	Marios	17	91	9	1	24____	81540	3	0	0	0	0	0	0	1	0	0	0
C	Marios	17	91	9	1	24____	81782	3	1	0	0	0	0	0	0	0	0	0
C	Marios	17	91	9	1	24____	85269	1	3	1	1	0	0	0	0	0	0	0
C	Marios	17	91	9	1	24____	85289	3	0	0	0	0	0	0	1	0	0	0
C	Marios	17	91	9	1	24____	85321	3	0	0	1	0	0	0	0	0	0	0
C	Marios	17	91	9	1	24____	85341	3	0	0	0	0	0	0	1	0	0	0
C	Marios	17	91	9	1	24____	85349	3	0	0	1	0	0	0	0	0	0	0
C	Marios	17	91	9	1	24____	85421	3	0	0	0	0	0	0	1	0	0	0
C	Marios	17	91	9	1	24____	85519	3	1	0	0	0	0	0	0	0	0	0
C	Marios	17	91	9	1	24____	86071	1	2	2	0	1	0	0	0	0	0	0
C	Marios	17	91	9	1	24____	86139	2	0	0	0	0	0	0	0	1	0	0
C	Marios	17	91	9	1	24____	86321	2	1	0	0	0	0	0	0	0	0	0
C	Marios	17	91	9	1	24____	89441	1	0	0	1	0	0	0	0	0	0	0
C	Marios	17	91	9	1	24____	89467	1	0	0	0	0	0	0	1	0	0	0
C	Marios	17	91	9	1	24____	89555	1	0	0	1	0	0	0	0	0	0	0
C	Marios	17	91	9	1	24____	89606	1	0	0	0	0	0	0	1	0	0	0
C	Marios	17	91	9	1	24____	89708	1	3	1	1	0	0	0	0	0	0	0
C	Marios	17	91	9	1	24____	89729	3	0	0	0	0	0	0	1	0	0	0
C	Marios	17	91	9	1	24____	89864	3	0	0	1	0	0	0	0	0	0	0
C	Marios	17	91	9	1	24____	89927	3	0	0	0	0	0	0	1	0	0	0
C	Marios	17	91	9	1	24____	89958	3	1	0	0	0	0	0	0	0	0	0
C	Marios	17	91	9	1	24____	89962	1	0	0	1	0	0	0	0	0	0	0
C	Marios	17	91	9	1	24____	89976	1	0	0	0	0	0	0	1	0	0	0
C	Marios	17	91	9	1	24____	90000	1	4	0	0	0	0	0	0	0	0	0
C	Marios	17	91	9	1	24____	90250	4	-1	0	0	0	0	0	0	0	0	0
C	Marios	17	91	2	1	25____	0	0	1	0	0	0	0	0	0	0	0	0
C	Marios	17	91	2	1	25____	5231	1	0	0	1	0	0	0	0	0	0	0
C	Marios	17	91	2	1	25____	5314	1	0	0	0	0	0	0	1	0	0	0
C	Marios	17	91	2	1	25____	5361	1	3	1	1	0	0	0	0	0	0	0
C	Marios	17	91	2	1	25____	5397	3	0	0	0	0	0	0	1	0	0	0
C	Marios	17	91	2	1	25____	5611	3	1	0	0	0	0	0	0	0	0	0
C	Marios	17	91	2	1	25____	6113	1	0	0	1	0	0	0	0	0	0	0
C	Marios	17	91	2	1	25____	6258	1	0	0	0	0	0	0	1	0	0	0
C	Marios	17	91	2	1	25____	8573	1	3	1	1	0	0	0	0	0	0	0
C	Marios	17	91	2	1	25____	8583	3	0	0	0	0	0	0	1	0	0	0
C	Marios	17	91	2	1	25____	8823	3	1	0	0	0	0	0	0	0	0	0
C	Marios	17	91	2	1	25____	12105	1	0	0	1	0	0	0	0	0	0	0
C	Marios	17	91	2	1	25____	12215	1	0	0	0	0	0	0	1	0	0	0
C	Marios	17	91	2	1	25____	12279	1	3	1	1	0	0	0	0	0	0	0
C	Marios	17	91	2	1	25____	12282	3	0	0	0	0	0	0	1	0	0	0
C	Marios	17	91	2	1	25____	12529	3	1	0	0	0	0	0	0	0	0	0
C	Marios	17	91	2	1	25____	13600	1	3	1	1	0	0	0	0	0	0	0
C	Marios	17	91	2	1	25____	13604	3	0	0	0	0	0	0	1	0	0	0
C	Marios	17	91	2	1	25____	13606	3	0	0	1	0	0	0	0	0	0	0
C	Marios	17	91	2	1	25____	13608	3	0	0	0	0	0	0	1	0	0	0
C	Marios	17	91	2	1	25____	13850	3	1	0	0	0	0	0	0	0	0	0
C	Marios	17	91	2	1	25____	14848	1	3	1	1	0	0	0	0	0	0	0
C	Marios	17	91	2	1	25____	14907	3	0	0	0	0	0	0	1	0	0	0
C	Marios	17	91	2	1	25____	15098	3	1	0	0	0	0	0	0	0	0	0
C	Marios	17	91	2	1	25____	17211	1	0	0	1	0	0	0	0	0	0	0
C	Marios	17	91	2	1	25____	17231	1	0	0	0	0	0	0	1	0	0	0
C	Marios	17	91	2	1	25____	17998	1	0	0	0	1	0	0	0	0	0	0
C	Marios	17	91	2	1	25____	18013	1	0	0	0	0	0	0	0	1	0	0
C	Marios	17	91	2	1	25____	18069	1	2	2	0	1	0	0	0	0	0	0
C	Marios	17	91	2	1	25____	18118	2	0	0	0	0	0	0	0	1	0	0
C	Marios	17	91	2	1	25____	18319	2	1	0	0	0	0	0	0	0	0	0
C	Marios	17	91	2	1	25____	27865	1	0	0	1	0	0	0	0	0	0	0
C	Marios	17	91	2	1	25____	27874	1	0	0	0	0	0	0	1	0	0	0
C	Marios	17	91	2	1	25____	28303	1	0	0	0	1	0	0	0	0	0	0
C	Marios	17	91	2	1	25____	28326	1	0	0	0	0	0	0	0	1	0	0
C	Marios	17	91	2	1	25____	28368	1	2	2	0	1	0	0	0	0	0	0
C	Marios	17	91	2	1	25____	28435	2	0	0	0	0	0	0	0	1	0	0
C	Marios	17	91	2	1	25____	28618	2	1	0	0	0	0	0	0	0	0	0
C	Marios	17	91	2	1	25____	29005	1	0	0	0	1	0	0	0	0	0	0
C	Marios	17	91	2	1	25____	29030	1	0	0	0	0	0	0	0	1	0	0
C	Marios	17	91	2	1	25____	33582	1	0	0	1	0	0	0	0	0	0	0
C	Marios	17	91	2	1	25____	33584	1	0	0	0	0	0	0	1	0	0	0
C	Marios	17	91	2	1	25____	34486	1	0	0	0	1	0	0	0	0	0	0
C	Marios	17	91	2	1	25____	34513	1	0	0	0	0	0	0	0	1	0	0
C	Marios	17	91	2	1	25____	34544	1	2	2	0	1	0	0	0	0	0	0
C	Marios	17	91	2	1	25____	34666	2	0	0	0	0	0	0	0	1	0	0
C	Marios	17	91	2	1	25____	34794	2	1	0	0	0	0	0	0	0	0	0
C	Marios	17	91	2	1	25____	34891	1	0	0	0	1	0	0	0	0	0	0
C	Marios	17	91	2	1	25____	34914	1	0	0	0	0	0	0	0	1	0	0
C	Marios	17	91	2	1	25____	34929	1	2	2	0	1	0	0	0	0	0	0
C	Marios	17	91	2	1	25____	34952	2	0	0	0	0	0	0	0	1	0	0
C	Marios	17	91	2	1	25____	35179	2	1	0	0	0	0	0	0	0	0	0
C	Marios	17	91	2	1	25____	38986	1	0	0	0	1	0	0	0	0	0	0
C	Marios	17	91	2	1	25____	39018	1	0	0	0	0	0	0	0	1	0	0
C	Marios	17	91	2	1	25____	39063	1	0	0	0	1	0	0	0	0	0	0
C	Marios	17	91	2	1	25____	39136	1	0	0	0	0	0	0	0	1	0	0
C	Marios	17	91	2	1	25____	39202	1	2	2	0	1	0	0	0	0	0	0
C	Marios	17	91	2	1	25____	39222	2	0	0	0	0	0	0	0	1	0	0
C	Marios	17	91	2	1	25____	39234	2	0	0	0	1	0	0	0	0	0	0
C	Marios	17	91	2	1	25____	39244	2	0	0	0	0	0	0	0	1	0	0
C	Marios	17	91	2	1	25____	39452	2	1	0	0	0	0	0	0	0	0	0
C	Marios	17	91	2	1	25____	54372	1	0	0	1	0	0	0	0	0	0	0
C	Marios	17	91	2	1	25____	54428	1	0	0	0	0	0	0	1	0	0	0
C	Marios	17	91	2	1	25____	54437	1	3	1	1	0	0	0	0	0	0	0
C	Marios	17	91	2	1	25____	54483	3	0	0	0	0	0	0	1	0	0	0
C	Marios	17	91	2	1	25____	54535	3	0	0	1	0	0	0	0	0	0	0
C	Marios	17	91	2	1	25____	54541	3	0	0	0	0	0	0	1	0	0	0
C	Marios	17	91	2	1	25____	54687	3	1	0	0	0	0	0	0	0	0	0
C	Marios	17	91	2	1	25____	54740	1	0	0	1	0	0	0	0	0	0	0
C	Marios	17	91	2	1	25____	54866	1	0	0	0	0	0	0	1	0	0	0
C	Marios	17	91	2	1	25____	60999	1	0	0	0	1	0	0	0	0	0	0
C	Marios	17	91	2	1	25____	61019	1	0	0	0	0	0	0	0	1	0	0
C	Marios	17	91	2	1	25____	61071	1	0	0	0	1	0	0	0	0	0	0
C	Marios	17	91	2	1	25____	61095	1	0	0	0	0	0	0	0	1	0	0
C	Marios	17	91	2	1	25____	61224	1	2	2	0	1	0	0	0	0	0	0
C	Marios	17	91	2	1	25____	61234	2	0	0	0	0	0	0	0	1	0	0
C	Marios	17	91	2	1	25____	61246	2	0	0	0	1	0	0	0	0	0	0
C	Marios	17	91	2	1	25____	61279	2	0	0	0	0	0	0	0	1	0	0
C	Marios	17	91	2	1	25____	61474	2	1	0	0	0	0	0	0	0	0	0
C	Marios	17	91	2	1	25____	80666	1	0	0	1	0	0	0	0	0	0	0
C	Marios	17	91	2	1	25____	80746	1	0	0	0	0	0	0	1	0	0	0
C	Marios	17	91	2	1	25____	80758	1	0	0	1	0	0	0	0	0	0	0
C	Marios	17	91	2	1	25____	80823	1	0	0	0	0	0	0	1	0	0	0
C	Marios	17	91	2	1	25____	90000	1	4	0	0	0	0	0	0	0	0	0
C	Marios	17	91	2	1	25____	90250	4	-1	0	0	0	0	0	0	0	0	0
