Project	UserID	Protocol	Session	Station	Run	Subject	Time	Current State	Transition State	Transition Event	A1 - LLR	A2 - RLR	A3 - MAG	A4 - 	A[1] LLR_OFF	A[2] RLR_OFF	A[3] MAG_OFF	A[4] 
C	Marios	16	90	1	1	17____	0	0	1	0	0	0	0	0	0	0	0	0
C	Marios	16	90	1	1	17____	3107	1	0	0	0	1	0	0	0	0	0	0
C	Marios	16	90	1	1	17____	3141	1	0	0	0	0	0	0	0	1	0	0
C	Marios	16	90	1	1	17____	15673	1	0	0	1	0	0	0	0	0	0	0
C	Marios	16	90	1	1	17____	15698	1	0	0	0	0	0	0	1	0	0	0
C	Marios	16	90	1	1	17____	15703	1	2	1	1	0	0	0	0	0	0	0
C	Marios	16	90	1	1	17____	15706	2	0	0	0	0	0	0	1	0	0	0
C	Marios	16	90	1	1	17____	15953	2	1	0	0	0	0	0	0	0	0	0
C	Marios	16	90	1	1	17____	19136	1	0	0	1	0	0	0	0	0	0	0
C	Marios	16	90	1	1	17____	19139	1	0	0	0	0	0	0	1	0	0	0
C	Marios	16	90	1	1	17____	19143	1	2	1	1	0	0	0	0	0	0	0
C	Marios	16	90	1	1	17____	19146	2	0	0	0	0	0	0	1	0	0	0
C	Marios	16	90	1	1	17____	19152	2	0	0	1	0	0	0	0	0	0	0
C	Marios	16	90	1	1	17____	19166	2	0	0	0	0	0	0	1	0	0	0
C	Marios	16	90	1	1	17____	19393	2	1	0	0	0	0	0	0	0	0	0
C	Marios	16	90	1	1	17____	21893	1	0	0	0	1	0	0	0	0	0	0
C	Marios	16	90	1	1	17____	21923	1	0	0	0	0	0	0	0	1	0	0
C	Marios	16	90	1	1	17____	23538	1	2	1	1	0	0	0	0	0	0	0
C	Marios	16	90	1	1	17____	23542	2	0	0	0	0	0	0	1	0	0	0
C	Marios	16	90	1	1	17____	23555	2	0	0	1	0	0	0	0	0	0	0
C	Marios	16	90	1	1	17____	23561	2	0	0	1	0	0	0	1	0	0	0
C	Marios	16	90	1	1	17____	23566	2	0	0	0	0	0	0	1	0	0	0
C	Marios	16	90	1	1	17____	23569	2	0	0	1	0	0	0	0	0	0	0
C	Marios	16	90	1	1	17____	23574	2	0	0	0	0	0	0	1	0	0	0
C	Marios	16	90	1	1	17____	23788	2	1	0	0	0	0	0	0	0	0	0
C	Marios	16	90	1	1	17____	23848	1	0	0	0	1	0	0	0	0	0	0
C	Marios	16	90	1	1	17____	23870	1	0	0	0	0	0	0	0	1	0	0
C	Marios	16	90	1	1	17____	23965	1	0	0	1	0	0	0	0	0	0	0
C	Marios	16	90	1	1	17____	23991	1	0	0	0	0	0	0	1	0	0	0
C	Marios	16	90	1	1	17____	26460	1	0	0	1	0	0	0	0	0	0	0
C	Marios	16	90	1	1	17____	26507	1	0	0	0	0	0	0	1	0	0	0
C	Marios	16	90	1	1	17____	28762	1	2	1	1	0	0	0	0	0	0	0
C	Marios	16	90	1	1	17____	28784	2	0	0	0	0	0	0	1	0	0	0
C	Marios	16	90	1	1	17____	28981	2	0	0	0	1	0	0	0	0	0	0
C	Marios	16	90	1	1	17____	29012	2	1	0	0	0	0	0	0	0	0	0
C	Marios	16	90	1	1	17____	29018	1	0	0	0	0	0	0	0	1	0	0
C	Marios	16	90	1	1	17____	29659	1	2	1	1	0	0	0	0	0	0	0
C	Marios	16	90	1	1	17____	29689	2	0	0	0	0	0	0	1	0	0	0
C	Marios	16	90	1	1	17____	29692	2	0	0	1	0	0	0	0	0	0	0
C	Marios	16	90	1	1	17____	29782	2	0	0	0	0	0	0	1	0	0	0
C	Marios	16	90	1	1	17____	29909	2	1	0	0	0	0	0	0	0	0	0
C	Marios	16	90	1	1	17____	31813	1	0	0	1	0	0	0	0	0	0	0
C	Marios	16	90	1	1	17____	31823	1	0	0	0	0	0	0	1	0	0	0
C	Marios	16	90	1	1	17____	31886	1	2	1	1	0	0	0	0	0	0	0
C	Marios	16	90	1	1	17____	31888	2	0	0	0	0	0	0	1	0	0	0
C	Marios	16	90	1	1	17____	31894	2	0	0	1	0	0	0	0	0	0	0
C	Marios	16	90	1	1	17____	31898	2	0	0	0	0	0	0	1	0	0	0
C	Marios	16	90	1	1	17____	31913	2	0	0	1	0	0	0	0	0	0	0
C	Marios	16	90	1	1	17____	31929	2	0	0	0	0	0	0	1	0	0	0
C	Marios	16	90	1	1	17____	32136	2	1	0	0	0	0	0	0	0	0	0
C	Marios	16	90	1	1	17____	32441	1	0	0	0	1	0	0	0	0	0	0
C	Marios	16	90	1	1	17____	32442	1	0	0	0	0	0	0	0	1	0	0
C	Marios	16	90	1	1	17____	40235	1	2	1	1	0	0	0	0	0	0	0
C	Marios	16	90	1	1	17____	40279	2	0	0	0	0	0	0	1	0	0	0
C	Marios	16	90	1	1	17____	40485	2	1	0	0	0	0	0	0	0	0	0
C	Marios	16	90	1	1	17____	41424	1	0	0	1	0	0	0	0	0	0	0
C	Marios	16	90	1	1	17____	41427	1	0	0	0	0	0	0	1	0	0	0
C	Marios	16	90	1	1	17____	43322	1	0	0	0	1	0	0	0	0	0	0
C	Marios	16	90	1	1	17____	43954	1	0	0	0	0	0	0	0	1	0	0
C	Marios	16	90	1	1	17____	45423	1	2	1	1	0	0	0	0	0	0	0
C	Marios	16	90	1	1	17____	45488	2	0	0	0	0	0	0	1	0	0	0
C	Marios	16	90	1	1	17____	45494	2	0	0	1	0	0	0	0	0	0	0
C	Marios	16	90	1	1	17____	45507	2	0	0	0	0	0	0	1	0	0	0
C	Marios	16	90	1	1	17____	45511	2	0	0	1	0	0	0	0	0	0	0
C	Marios	16	90	1	1	17____	45516	2	0	0	0	0	0	0	1	0	0	0
C	Marios	16	90	1	1	17____	45520	2	0	0	1	0	0	0	0	0	0	0
C	Marios	16	90	1	1	17____	45525	2	0	0	0	0	0	0	1	0	0	0
C	Marios	16	90	1	1	17____	45530	2	0	0	1	0	0	0	0	0	0	0
C	Marios	16	90	1	1	17____	45535	2	0	0	0	0	0	0	1	0	0	0
C	Marios	16	90	1	1	17____	45554	2	0	0	1	0	0	0	0	0	0	0
C	Marios	16	90	1	1	17____	45636	2	0	0	0	0	0	0	1	0	0	0
C	Marios	16	90	1	1	17____	45673	2	1	0	0	0	0	0	0	0	0	0
C	Marios	16	90	1	1	17____	46913	1	0	0	0	1	0	0	0	0	0	0
C	Marios	16	90	1	1	17____	47012	1	0	0	0	0	0	0	0	1	0	0
C	Marios	16	90	1	1	17____	47185	1	0	0	1	0	0	0	0	0	0	0
C	Marios	16	90	1	1	17____	47220	1	0	0	0	0	0	0	1	0	0	0
C	Marios	16	90	1	1	17____	48635	1	0	0	1	0	0	0	0	0	0	0
C	Marios	16	90	1	1	17____	48642	1	0	0	0	0	0	0	1	0	0	0
C	Marios	16	90	1	1	17____	48655	1	2	1	1	0	0	0	0	0	0	0
C	Marios	16	90	1	1	17____	48662	2	0	0	0	0	0	0	1	0	0	0
C	Marios	16	90	1	1	17____	48905	2	1	0	0	0	0	0	0	0	0	0
C	Marios	16	90	1	1	17____	49781	1	0	0	1	0	0	0	0	0	0	0
C	Marios	16	90	1	1	17____	49791	1	0	0	0	0	0	0	1	0	0	0
C	Marios	16	90	1	1	17____	49798	1	0	0	1	0	0	0	0	0	0	0
C	Marios	16	90	1	1	17____	49814	1	0	0	0	0	0	0	1	0	0	0
C	Marios	16	90	1	1	17____	49818	1	2	1	1	0	0	0	0	0	0	0
C	Marios	16	90	1	1	17____	49862	2	0	0	0	0	0	0	1	0	0	0
C	Marios	16	90	1	1	17____	50068	2	1	0	0	0	0	0	0	0	0	0
C	Marios	16	90	1	1	17____	50909	1	2	1	1	0	0	0	0	0	0	0
C	Marios	16	90	1	1	17____	50958	2	0	0	0	0	0	0	1	0	0	0
C	Marios	16	90	1	1	17____	51159	2	1	0	0	0	0	0	0	0	0	0
C	Marios	16	90	1	1	17____	52043	1	0	0	1	0	0	0	0	0	0	0
C	Marios	16	90	1	1	17____	52068	1	0	0	0	0	0	0	1	0	0	0
C	Marios	16	90	1	1	17____	54938	1	2	1	1	0	0	0	0	0	0	0
C	Marios	16	90	1	1	17____	54993	2	0	0	0	0	0	0	1	0	0	0
C	Marios	16	90	1	1	17____	55188	2	1	0	0	0	0	0	0	0	0	0
C	Marios	16	90	1	1	17____	65635	1	2	1	1	0	0	0	0	0	0	0
C	Marios	16	90	1	1	17____	65675	2	0	0	0	0	0	0	1	0	0	0
C	Marios	16	90	1	1	17____	65885	2	1	0	0	0	0	0	0	0	0	0
C	Marios	16	90	1	1	17____	67660	1	2	1	1	0	0	0	0	0	0	0
C	Marios	16	90	1	1	17____	67663	2	0	0	0	0	0	0	1	0	0	0
C	Marios	16	90	1	1	17____	67669	2	0	0	1	0	0	0	0	0	0	0
C	Marios	16	90	1	1	17____	67673	2	0	0	0	0	0	0	1	0	0	0
C	Marios	16	90	1	1	17____	67678	2	0	0	1	0	0	0	0	0	0	0
C	Marios	16	90	1	1	17____	67682	2	0	0	0	0	0	0	1	0	0	0
C	Marios	16	90	1	1	17____	67686	2	0	0	1	0	0	0	0	0	0	0
C	Marios	16	90	1	1	17____	67691	2	0	0	0	0	0	0	1	0	0	0
C	Marios	16	90	1	1	17____	67694	2	0	0	1	0	0	0	0	0	0	0
C	Marios	16	90	1	1	17____	67740	2	0	0	0	0	0	0	1	0	0	0
C	Marios	16	90	1	1	17____	67751	2	0	0	1	0	0	0	0	0	0	0
C	Marios	16	90	1	1	17____	67755	2	0	0	0	0	0	0	1	0	0	0
C	Marios	16	90	1	1	17____	67760	2	0	0	1	0	0	0	0	0	0	0
C	Marios	16	90	1	1	17____	67763	2	0	0	0	0	0	0	1	0	0	0
C	Marios	16	90	1	1	17____	67768	2	0	0	1	0	0	0	0	0	0	0
C	Marios	16	90	1	1	17____	67795	2	0	0	0	0	0	0	1	0	0	0
C	Marios	16	90	1	1	17____	67910	2	1	0	0	0	0	0	0	0	0	0
C	Marios	16	90	1	1	17____	78339	1	2	1	1	0	0	0	0	0	0	0
C	Marios	16	90	1	1	17____	78341	2	0	0	0	0	0	0	1	0	0	0
C	Marios	16	90	1	1	17____	78389	2	0	0	1	0	0	0	0	0	0	0
C	Marios	16	90	1	1	17____	78390	2	0	0	0	0	0	0	1	0	0	0
C	Marios	16	90	1	1	17____	78589	2	1	0	0	0	0	0	0	0	0	0
C	Marios	16	90	1	1	17____	79200	1	2	1	1	0	0	0	0	0	0	0
C	Marios	16	90	1	1	17____	79221	2	0	0	0	0	0	0	1	0	0	0
C	Marios	16	90	1	1	17____	79333	2	0	0	1	0	0	0	0	0	0	0
C	Marios	16	90	1	1	17____	79354	2	0	0	0	0	0	0	1	0	0	0
C	Marios	16	90	1	1	17____	79450	2	1	0	0	0	0	0	0	0	0	0
C	Marios	16	90	1	1	17____	88162	1	0	0	1	0	0	0	0	0	0	0
C	Marios	16	90	1	1	17____	88166	1	0	0	0	0	0	0	1	0	0	0
C	Marios	16	90	1	1	17____	88643	1	0	0	1	0	0	0	0	0	0	0
C	Marios	16	90	1	1	17____	88692	1	0	0	0	0	0	0	1	0	0	0
C	Marios	16	90	1	1	17____	88773	1	2	1	1	0	0	0	0	0	0	0
C	Marios	16	90	1	1	17____	88819	2	0	0	0	0	0	0	1	0	0	0
C	Marios	16	90	1	1	17____	88824	2	0	0	1	0	0	0	0	0	0	0
C	Marios	16	90	1	1	17____	88915	2	0	0	0	0	0	0	1	0	0	0
C	Marios	16	90	1	1	17____	89023	2	1	0	0	0	0	0	0	0	0	0
C	Marios	16	90	1	1	17____	90000	1	4	0	0	0	0	0	0	0	0	0
C	Marios	16	90	1	1	17____	90250	4	-1	0	0	0	0	0	0	0	0	0
C	Marios	16	90	2	1	19____	0	0	1	0	0	0	0	0	0	0	0	0
C	Marios	16	90	2	1	19____	707	1	2	1	1	0	0	0	0	0	0	0
C	Marios	16	90	2	1	19____	715	2	0	0	0	0	0	0	1	0	0	0
C	Marios	16	90	2	1	19____	957	2	1	0	0	0	0	0	0	0	0	0
C	Marios	16	90	2	1	19____	1188	1	2	1	1	0	0	0	0	0	0	0
C	Marios	16	90	2	1	19____	1193	2	0	0	0	0	0	0	1	0	0	0
C	Marios	16	90	2	1	19____	1201	2	0	0	1	0	0	0	0	0	0	0
C	Marios	16	90	2	1	19____	1206	2	0	0	0	0	0	0	1	0	0	0
C	Marios	16	90	2	1	19____	1438	2	1	0	0	0	0	0	0	0	0	0
C	Marios	16	90	2	1	19____	1673	1	0	0	1	0	0	0	0	0	0	0
C	Marios	16	90	2	1	19____	1676	1	0	0	0	0	0	0	1	0	0	0
C	Marios	16	90	2	1	19____	1685	1	2	1	1	0	0	0	0	0	0	0
C	Marios	16	90	2	1	19____	1688	2	0	0	0	0	0	0	1	0	0	0
C	Marios	16	90	2	1	19____	1791	2	0	0	1	0	0	0	0	0	0	0
C	Marios	16	90	2	1	19____	1795	2	0	0	0	0	0	0	1	0	0	0
C	Marios	16	90	2	1	19____	1821	2	0	0	1	0	0	0	0	0	0	0
C	Marios	16	90	2	1	19____	1824	2	0	0	0	0	0	0	1	0	0	0
C	Marios	16	90	2	1	19____	1935	2	1	0	0	0	0	0	0	0	0	0
C	Marios	16	90	2	1	19____	2101	1	0	0	0	1	0	0	0	0	0	0
C	Marios	16	90	2	1	19____	2317	1	0	0	0	0	0	0	0	1	0	0
C	Marios	16	90	2	1	19____	2753	1	3	2	0	1	0	0	0	0	0	0
C	Marios	16	90	2	1	19____	2781	3	0	0	0	0	0	0	0	1	0	0
C	Marios	16	90	2	1	19____	2783	3	0	0	0	1	0	0	0	0	0	0
C	Marios	16	90	2	1	19____	2787	3	0	0	0	0	0	0	0	1	0	0
C	Marios	16	90	2	1	19____	3003	3	1	0	0	0	0	0	0	0	0	0
C	Marios	16	90	2	1	19____	4402	1	3	2	0	1	0	0	0	0	0	0
C	Marios	16	90	2	1	19____	4485	3	0	0	0	0	0	0	0	1	0	0
C	Marios	16	90	2	1	19____	4560	3	0	0	0	1	0	0	0	0	0	0
C	Marios	16	90	2	1	19____	4563	3	0	0	0	0	0	0	0	1	0	0
C	Marios	16	90	2	1	19____	4652	3	1	0	0	0	0	0	0	0	0	0
C	Marios	16	90	2	1	19____	4658	1	3	2	0	1	0	0	0	0	0	0
C	Marios	16	90	2	1	19____	4739	3	0	0	0	0	0	0	0	1	0	0
C	Marios	16	90	2	1	19____	4908	3	1	0	0	0	0	0	0	0	0	0
C	Marios	16	90	2	1	19____	6033	1	0	0	0	1	0	0	0	0	0	0
C	Marios	16	90	2	1	19____	6066	1	0	0	0	0	0	0	0	1	0	0
C	Marios	16	90	2	1	19____	8825	1	2	1	1	0	0	0	0	0	0	0
C	Marios	16	90	2	1	19____	8832	2	0	0	0	0	0	0	1	0	0	0
C	Marios	16	90	2	1	19____	9075	2	1	0	0	0	0	0	0	0	0	0
C	Marios	16	90	2	1	19____	9477	1	0	0	0	1	0	0	0	0	0	0
C	Marios	16	90	2	1	19____	9509	1	0	0	0	0	0	0	0	1	0	0
C	Marios	16	90	2	1	19____	9532	1	3	2	0	1	0	0	0	0	0	0
C	Marios	16	90	2	1	19____	9541	3	0	0	0	0	0	0	0	1	0	0
C	Marios	16	90	2	1	19____	9554	3	0	0	0	1	0	0	0	0	0	0
C	Marios	16	90	2	1	19____	9557	3	0	0	0	0	0	0	0	1	0	0
C	Marios	16	90	2	1	19____	9782	3	1	0	0	0	0	0	0	0	0	0
C	Marios	16	90	2	1	19____	10636	1	3	2	0	1	0	0	0	0	0	0
C	Marios	16	90	2	1	19____	10673	3	0	0	0	0	0	0	0	1	0	0
C	Marios	16	90	2	1	19____	10682	3	0	0	0	1	0	0	0	0	0	0
C	Marios	16	90	2	1	19____	10706	3	0	0	0	0	0	0	0	1	0	0
C	Marios	16	90	2	1	19____	10806	3	0	0	0	1	0	0	0	0	0	0
C	Marios	16	90	2	1	19____	10843	3	0	0	0	0	0	0	0	1	0	0
C	Marios	16	90	2	1	19____	10856	3	0	0	0	1	0	0	0	0	0	0
C	Marios	16	90	2	1	19____	10886	3	1	0	0	0	0	0	0	0	0	0
C	Marios	16	90	2	1	19____	10894	1	0	0	0	0	0	0	0	1	0	0
C	Marios	16	90	2	1	19____	10920	1	3	2	0	1	0	0	0	0	0	0
C	Marios	16	90	2	1	19____	10957	3	0	0	0	0	0	0	0	1	0	0
C	Marios	16	90	2	1	19____	11170	3	1	0	0	0	0	0	0	0	0	0
C	Marios	16	90	2	1	19____	12289	1	0	0	1	0	0	0	0	0	0	0
C	Marios	16	90	2	1	19____	12298	1	0	0	0	0	0	0	1	0	0	0
C	Marios	16	90	2	1	19____	12829	1	0	0	0	1	0	0	0	0	0	0
C	Marios	16	90	2	1	19____	12868	1	0	0	0	0	0	0	0	1	0	0
C	Marios	16	90	2	1	19____	13575	1	3	2	0	1	0	0	0	0	0	0
C	Marios	16	90	2	1	19____	13576	3	0	0	0	0	0	0	0	1	0	0
C	Marios	16	90	2	1	19____	13577	3	0	0	0	1	0	0	0	0	0	0
C	Marios	16	90	2	1	19____	13578	3	0	0	0	0	0	0	0	1	0	0
C	Marios	16	90	2	1	19____	13581	3	0	0	0	1	0	0	0	0	0	0
C	Marios	16	90	2	1	19____	13604	3	0	0	0	0	0	0	0	1	0	0
C	Marios	16	90	2	1	19____	13624	3	0	0	0	1	0	0	0	0	0	0
C	Marios	16	90	2	1	19____	13633	3	0	0	0	0	0	0	0	1	0	0
C	Marios	16	90	2	1	19____	13825	3	1	0	0	0	0	0	0	0	0	0
C	Marios	16	90	2	1	19____	15957	1	0	0	0	1	0	0	0	0	0	0
C	Marios	16	90	2	1	19____	16047	1	0	0	0	0	0	0	0	1	0	0
C	Marios	16	90	2	1	19____	16213	1	3	2	0	1	0	0	0	0	0	0
C	Marios	16	90	2	1	19____	16233	3	0	0	0	0	0	0	0	1	0	0
C	Marios	16	90	2	1	19____	16263	3	0	0	0	1	0	0	0	0	0	0
C	Marios	16	90	2	1	19____	16350	3	0	0	0	0	0	0	0	1	0	0
C	Marios	16	90	2	1	19____	16463	3	1	0	0	0	0	0	0	0	0	0
C	Marios	16	90	2	1	19____	16623	1	0	0	0	1	0	0	0	0	0	0
C	Marios	16	90	2	1	19____	16629	1	0	0	0	0	0	0	0	1	0	0
C	Marios	16	90	2	1	19____	16643	1	0	0	0	1	0	0	0	0	0	0
C	Marios	16	90	2	1	19____	16758	1	0	0	0	0	0	0	0	1	0	0
C	Marios	16	90	2	1	19____	16785	1	3	2	0	1	0	0	0	0	0	0
C	Marios	16	90	2	1	19____	16826	3	0	0	0	0	0	0	0	1	0	0
C	Marios	16	90	2	1	19____	17035	3	1	0	0	0	0	0	0	0	0	0
C	Marios	16	90	2	1	19____	17815	1	0	0	0	1	0	0	0	0	0	0
C	Marios	16	90	2	1	19____	17861	1	0	0	0	0	0	0	0	1	0	0
C	Marios	16	90	2	1	19____	18686	1	0	0	1	0	0	0	0	0	0	0
C	Marios	16	90	2	1	19____	18693	1	0	0	0	0	0	0	1	0	0	0
C	Marios	16	90	2	1	19____	18713	1	2	1	1	0	0	0	0	0	0	0
C	Marios	16	90	2	1	19____	18720	2	0	0	0	0	0	0	1	0	0	0
C	Marios	16	90	2	1	19____	18732	2	0	0	1	0	0	0	0	0	0	0
C	Marios	16	90	2	1	19____	18734	2	0	0	0	0	0	0	1	0	0	0
C	Marios	16	90	2	1	19____	18963	2	1	0	0	0	0	0	0	0	0	0
C	Marios	16	90	2	1	19____	19409	1	0	0	0	1	0	0	0	0	0	0
C	Marios	16	90	2	1	19____	19437	1	0	0	0	0	0	0	0	1	0	0
C	Marios	16	90	2	1	19____	19521	1	3	2	0	1	0	0	0	0	0	0
C	Marios	16	90	2	1	19____	19611	3	0	0	0	0	0	0	0	1	0	0
C	Marios	16	90	2	1	19____	19771	3	1	0	0	0	0	0	0	0	0	0
C	Marios	16	90	2	1	19____	25340	1	0	0	1	0	0	0	0	0	0	0
C	Marios	16	90	2	1	19____	25348	1	0	0	0	0	0	0	1	0	0	0
C	Marios	16	90	2	1	19____	25374	1	2	1	1	0	0	0	0	0	0	0
C	Marios	16	90	2	1	19____	25378	2	0	0	0	0	0	0	1	0	0	0
C	Marios	16	90	2	1	19____	25416	2	0	0	1	0	0	0	0	0	0	0
C	Marios	16	90	2	1	19____	25488	2	0	0	0	0	0	0	1	0	0	0
C	Marios	16	90	2	1	19____	25624	2	1	0	0	0	0	0	0	0	0	0
C	Marios	16	90	2	1	19____	25984	1	0	0	0	1	0	0	0	0	0	0
C	Marios	16	90	2	1	19____	26016	1	0	0	0	0	0	0	0	1	0	0
C	Marios	16	90	2	1	19____	26109	1	0	0	0	1	0	0	0	0	0	0
C	Marios	16	90	2	1	19____	26152	1	0	0	0	0	0	0	0	1	0	0
C	Marios	16	90	2	1	19____	28110	1	3	2	0	1	0	0	0	0	0	0
C	Marios	16	90	2	1	19____	28155	3	0	0	0	0	0	0	0	1	0	0
C	Marios	16	90	2	1	19____	28360	3	1	0	0	0	0	0	0	0	0	0
C	Marios	16	90	2	1	19____	28586	1	0	0	0	1	0	0	0	0	0	0
C	Marios	16	90	2	1	19____	28857	1	0	0	0	0	0	0	0	1	0	0
C	Marios	16	90	2	1	19____	29277	1	3	2	0	1	0	0	0	0	0	0
C	Marios	16	90	2	1	19____	29349	3	0	0	0	0	0	0	0	1	0	0
C	Marios	16	90	2	1	19____	29527	3	1	0	0	0	0	0	0	0	0	0
C	Marios	16	90	2	1	19____	29643	1	3	2	0	1	0	0	0	0	0	0
C	Marios	16	90	2	1	19____	29769	3	0	0	0	0	0	0	0	1	0	0
C	Marios	16	90	2	1	19____	29893	3	1	0	0	0	0	0	0	0	0	0
C	Marios	16	90	2	1	19____	30881	1	0	0	1	0	0	0	0	0	0	0
C	Marios	16	90	2	1	19____	31500	1	0	0	0	0	0	0	1	0	0	0
C	Marios	16	90	2	1	19____	45617	1	0	0	1	0	0	0	0	0	0	0
C	Marios	16	90	2	1	19____	45660	1	0	0	0	0	0	0	1	0	0	0
C	Marios	16	90	2	1	19____	47257	1	0	0	0	1	0	0	0	0	0	0
C	Marios	16	90	2	1	19____	47336	1	0	0	0	0	0	0	0	1	0	0
C	Marios	16	90	2	1	19____	47654	1	3	2	0	1	0	0	0	0	0	0
C	Marios	16	90	2	1	19____	47901	3	0	0	0	0	0	0	0	1	0	0
C	Marios	16	90	2	1	19____	47904	3	1	0	0	0	0	0	0	0	0	0
C	Marios	16	90	2	1	19____	47972	1	3	2	0	1	0	0	0	0	0	0
C	Marios	16	90	2	1	19____	48017	3	0	0	0	0	0	0	0	1	0	0
C	Marios	16	90	2	1	19____	48047	3	0	0	0	1	0	0	0	0	0	0
C	Marios	16	90	2	1	19____	48089	3	0	0	0	0	0	0	0	1	0	0
C	Marios	16	90	2	1	19____	48222	3	1	0	0	0	0	0	0	0	0	0
C	Marios	16	90	2	1	19____	51232	1	0	0	1	0	0	0	0	0	0	0
C	Marios	16	90	2	1	19____	51323	1	0	0	0	0	0	0	1	0	0	0
C	Marios	16	90	2	1	19____	52757	1	0	0	0	1	0	0	0	0	0	0
C	Marios	16	90	2	1	19____	53098	1	0	0	0	0	0	0	0	1	0	0
C	Marios	16	90	2	1	19____	53147	1	3	2	0	1	0	0	0	0	0	0
C	Marios	16	90	2	1	19____	53227	3	0	0	0	0	0	0	0	1	0	0
C	Marios	16	90	2	1	19____	53229	3	0	0	0	1	0	0	0	0	0	0
C	Marios	16	90	2	1	19____	53367	3	0	0	0	0	0	0	0	1	0	0
C	Marios	16	90	2	1	19____	53397	3	1	0	0	0	0	0	0	0	0	0
C	Marios	16	90	2	1	19____	53690	1	3	2	0	1	0	0	0	0	0	0
C	Marios	16	90	2	1	19____	53849	3	0	0	0	0	0	0	0	1	0	0
C	Marios	16	90	2	1	19____	53940	3	1	0	0	0	0	0	0	0	0	0
C	Marios	16	90	2	1	19____	57344	1	0	0	1	0	0	0	0	0	0	0
C	Marios	16	90	2	1	19____	57345	1	0	0	0	0	0	0	1	0	0	0
C	Marios	16	90	2	1	19____	58652	1	0	0	0	1	0	0	0	0	0	0
C	Marios	16	90	2	1	19____	58785	1	0	0	0	0	0	0	0	1	0	0
C	Marios	16	90	2	1	19____	66643	1	0	0	1	0	0	0	0	0	0	0
C	Marios	16	90	2	1	19____	66707	1	0	0	0	0	0	0	1	0	0	0
C	Marios	16	90	2	1	19____	68537	1	0	0	0	1	0	0	0	0	0	0
C	Marios	16	90	2	1	19____	68705	1	0	0	0	0	0	0	0	1	0	0
C	Marios	16	90	2	1	19____	68776	1	3	2	0	1	0	0	0	0	0	0
C	Marios	16	90	2	1	19____	68867	3	0	0	0	0	0	0	0	1	0	0
C	Marios	16	90	2	1	19____	68871	3	0	0	0	1	0	0	0	0	0	0
C	Marios	16	90	2	1	19____	68891	3	0	0	0	0	0	0	0	1	0	0
C	Marios	16	90	2	1	19____	69026	3	1	0	0	0	0	0	0	0	0	0
C	Marios	16	90	2	1	19____	69242	1	0	0	0	1	0	0	0	0	0	0
C	Marios	16	90	2	1	19____	69402	1	0	0	0	0	0	0	0	1	0	0
C	Marios	16	90	2	1	19____	80862	1	0	0	1	0	0	0	0	0	0	0
C	Marios	16	90	2	1	19____	80878	1	0	0	0	0	0	0	1	0	0	0
C	Marios	16	90	2	1	19____	80904	1	0	0	1	0	0	0	0	0	0	0
C	Marios	16	90	2	1	19____	80935	1	0	0	0	0	0	0	1	0	0	0
C	Marios	16	90	2	1	19____	81008	1	2	1	1	0	0	0	0	0	0	0
C	Marios	16	90	2	1	19____	81031	2	0	0	0	0	0	0	1	0	0	0
C	Marios	16	90	2	1	19____	81258	2	1	0	0	0	0	0	0	0	0	0
C	Marios	16	90	2	1	19____	81399	1	2	1	1	0	0	0	0	0	0	0
C	Marios	16	90	2	1	19____	81403	2	0	0	0	0	0	0	1	0	0	0
C	Marios	16	90	2	1	19____	81649	2	1	0	0	0	0	0	0	0	0	0
C	Marios	16	90	2	1	19____	82224	1	0	0	1	0	0	0	0	0	0	0
C	Marios	16	90	2	1	19____	82344	1	0	0	0	0	0	0	1	0	0	0
C	Marios	16	90	2	1	19____	83779	1	0	0	1	0	0	0	0	0	0	0
C	Marios	16	90	2	1	19____	83803	1	0	0	0	0	0	0	1	0	0	0
C	Marios	16	90	2	1	19____	83811	1	2	1	1	0	0	0	0	0	0	0
C	Marios	16	90	2	1	19____	83964	2	0	0	0	0	0	0	1	0	0	0
C	Marios	16	90	2	1	19____	83967	2	0	0	1	0	0	0	0	0	0	0
C	Marios	16	90	2	1	19____	84004	2	0	0	0	0	0	0	1	0	0	0
C	Marios	16	90	2	1	19____	84061	2	1	0	0	0	0	0	0	0	0	0
C	Marios	16	90	2	1	19____	84451	1	0	0	1	0	0	0	0	0	0	0
C	Marios	16	90	2	1	19____	84456	1	0	0	0	0	0	0	1	0	0	0
C	Marios	16	90	2	1	19____	84528	1	0	0	1	0	0	0	0	0	0	0
C	Marios	16	90	2	1	19____	84542	1	0	0	0	0	0	0	1	0	0	0
C	Marios	16	90	2	1	19____	84549	1	2	1	1	0	0	0	0	0	0	0
C	Marios	16	90	2	1	19____	84640	2	0	0	0	0	0	0	1	0	0	0
C	Marios	16	90	2	1	19____	84676	2	0	0	1	0	0	0	0	0	0	0
C	Marios	16	90	2	1	19____	84722	2	0	0	0	0	0	0	1	0	0	0
C	Marios	16	90	2	1	19____	84732	2	0	0	1	0	0	0	0	0	0	0
C	Marios	16	90	2	1	19____	84759	2	0	0	0	0	0	0	1	0	0	0
C	Marios	16	90	2	1	19____	84773	2	0	0	1	0	0	0	0	0	0	0
C	Marios	16	90	2	1	19____	84787	2	0	0	0	0	0	0	1	0	0	0
C	Marios	16	90	2	1	19____	84799	2	1	0	0	0	0	0	0	0	0	0
C	Marios	16	90	2	1	19____	84945	1	2	1	1	0	0	0	0	0	0	0
C	Marios	16	90	2	1	19____	85003	2	0	0	0	0	0	0	1	0	0	0
C	Marios	16	90	2	1	19____	85019	2	0	0	1	0	0	0	0	0	0	0
C	Marios	16	90	2	1	19____	85057	2	0	0	0	0	0	0	1	0	0	0
C	Marios	16	90	2	1	19____	85195	2	1	0	0	0	0	0	0	0	0	0
C	Marios	16	90	2	1	19____	86467	1	0	0	1	0	0	0	0	0	0	0
C	Marios	16	90	2	1	19____	86471	1	0	0	0	0	0	0	1	0	0	0
C	Marios	16	90	2	1	19____	86487	1	0	0	1	0	0	0	0	0	0	0
C	Marios	16	90	2	1	19____	86493	1	0	0	0	0	0	0	1	0	0	0
C	Marios	16	90	2	1	19____	86507	1	2	1	1	0	0	0	0	0	0	0
C	Marios	16	90	2	1	19____	86558	2	0	0	0	0	0	0	1	0	0	0
C	Marios	16	90	2	1	19____	86638	2	0	0	1	0	0	0	0	0	0	0
C	Marios	16	90	2	1	19____	86649	2	0	0	0	0	0	0	1	0	0	0
C	Marios	16	90	2	1	19____	86743	2	0	0	1	0	0	0	0	0	0	0
C	Marios	16	90	2	1	19____	86757	2	1	0	0	0	0	0	0	0	0	0
C	Marios	16	90	2	1	19____	86762	1	0	0	0	0	0	0	1	0	0	0
C	Marios	16	90	2	1	19____	90000	1	4	0	0	0	0	0	0	0	0	0
C	Marios	16	90	2	1	19____	90250	4	-1	0	0	0	0	0	0	0	0	0
C	Marios	16	90	4	1	21____	0	0	1	0	0	0	0	0	0	0	0	0
C	Marios	16	90	4	1	21____	1309	1	2	1	1	0	0	0	0	0	0	0
C	Marios	16	90	4	1	21____	1329	2	0	0	0	0	0	0	1	0	0	0
C	Marios	16	90	4	1	21____	1559	2	1	0	0	0	0	0	0	0	0	0
C	Marios	16	90	4	1	21____	4024	1	0	0	0	1	0	0	0	0	0	0
C	Marios	16	90	4	1	21____	4175	1	0	0	0	0	0	0	0	1	0	0
C	Marios	16	90	4	1	21____	61679	1	3	2	0	1	0	0	0	0	0	0
C	Marios	16	90	4	1	21____	61682	3	0	0	0	0	0	0	0	1	0	0
C	Marios	16	90	4	1	21____	61929	3	1	0	0	0	0	0	0	0	0	0
C	Marios	16	90	4	1	21____	90000	1	4	0	0	0	0	0	0	0	0	0
C	Marios	16	90	4	1	21____	90250	4	-1	0	0	0	0	0	0	0	0	0
C	Marios	16	90	5	1	42____	0	0	1	0	0	0	0	0	0	0	0	0
C	Marios	16	90	5	1	42____	3551	1	2	1	1	0	0	0	0	0	0	0
C	Marios	16	90	5	1	42____	3574	2	0	0	0	0	0	0	1	0	0	0
C	Marios	16	90	5	1	42____	3801	2	1	0	0	0	0	0	0	0	0	0
C	Marios	16	90	5	1	42____	3864	1	0	0	1	0	0	0	0	0	0	0
C	Marios	16	90	5	1	42____	3902	1	0	0	0	0	0	0	1	0	0	0
C	Marios	16	90	5	1	42____	4019	1	2	1	1	0	0	0	1	0	0	0
C	Marios	16	90	5	1	42____	4269	2	1	0	0	0	0	0	0	0	0	0
C	Marios	16	90	5	1	42____	10618	1	2	1	1	0	0	0	0	0	0	0
C	Marios	16	90	5	1	42____	10681	2	0	0	0	0	0	0	1	0	0	0
C	Marios	16	90	5	1	42____	10690	2	0	0	1	0	0	0	0	0	0	0
C	Marios	16	90	5	1	42____	10803	2	0	0	0	0	0	0	1	0	0	0
C	Marios	16	90	5	1	42____	10868	2	1	0	0	0	0	0	0	0	0	0
C	Marios	16	90	5	1	42____	13232	1	0	0	1	0	0	0	0	0	0	0
C	Marios	16	90	5	1	42____	13319	1	0	0	0	0	0	0	1	0	0	0
C	Marios	16	90	5	1	42____	22142	1	2	1	1	0	0	0	0	0	0	0
C	Marios	16	90	5	1	42____	22249	2	0	0	0	0	0	0	1	0	0	0
C	Marios	16	90	5	1	42____	22392	2	1	0	0	0	0	0	0	0	0	0
C	Marios	16	90	5	1	42____	24666	1	0	0	1	0	0	0	0	0	0	0
C	Marios	16	90	5	1	42____	24730	1	0	0	0	0	0	0	1	0	0	0
C	Marios	16	90	5	1	42____	27660	1	0	0	0	1	0	0	0	0	0	0
C	Marios	16	90	5	1	42____	27784	1	0	0	0	0	0	0	0	1	0	0
C	Marios	16	90	5	1	42____	27857	1	3	2	0	1	0	0	0	0	0	0
C	Marios	16	90	5	1	42____	27880	3	0	0	0	0	0	0	0	1	0	0
C	Marios	16	90	5	1	42____	28107	3	1	0	0	0	0	0	0	0	0	0
C	Marios	16	90	5	1	42____	28380	1	0	0	0	1	0	0	0	0	0	0
C	Marios	16	90	5	1	42____	28401	1	0	0	0	0	0	0	0	1	0	0
C	Marios	16	90	5	1	42____	28539	1	0	0	0	1	0	0	0	0	0	0
C	Marios	16	90	5	1	42____	28542	1	0	0	0	0	0	0	0	1	0	0
C	Marios	16	90	5	1	42____	28629	1	3	2	0	1	0	0	0	0	0	0
C	Marios	16	90	5	1	42____	28692	3	0	0	0	0	0	0	0	1	0	0
C	Marios	16	90	5	1	42____	28879	3	1	0	0	0	0	0	0	0	0	0
C	Marios	16	90	5	1	42____	36507	1	0	0	1	0	0	0	0	0	0	0
C	Marios	16	90	5	1	42____	36646	1	0	0	0	0	0	0	1	0	0	0
C	Marios	16	90	5	1	42____	36919	1	0	0	1	0	0	0	0	0	0	0
C	Marios	16	90	5	1	42____	36997	1	0	0	0	0	0	0	1	0	0	0
C	Marios	16	90	5	1	42____	50117	1	2	1	1	0	0	0	0	0	0	0
C	Marios	16	90	5	1	42____	50344	2	0	0	0	0	0	0	1	0	0	0
C	Marios	16	90	5	1	42____	50367	2	1	0	0	0	0	0	0	0	0	0
C	Marios	16	90	5	1	42____	50937	1	2	1	1	0	0	0	0	0	0	0
C	Marios	16	90	5	1	42____	51187	2	1	0	0	0	0	0	0	0	0	0
C	Marios	16	90	5	1	42____	51481	1	0	0	0	0	0	0	1	0	0	0
C	Marios	16	90	5	1	42____	51554	1	2	1	1	0	0	0	0	0	0	0
C	Marios	16	90	5	1	42____	51597	2	0	0	0	0	0	0	1	0	0	0
C	Marios	16	90	5	1	42____	51804	2	1	0	0	0	0	0	0	0	0	0
C	Marios	16	90	5	1	42____	90000	1	4	0	0	0	0	0	0	0	0	0
C	Marios	16	90	5	1	42____	90250	4	-1	0	0	0	0	0	0	0	0	0
C	Marios	16	90	6	1	44____	0	0	1	0	0	0	0	0	0	0	0	0
C	Marios	16	90	6	1	44____	2030	1	2	1	1	0	0	0	0	0	0	0
C	Marios	16	90	6	1	44____	2032	2	0	0	0	0	0	0	1	0	0	0
C	Marios	16	90	6	1	44____	2280	2	1	0	0	0	0	0	0	0	0	0
C	Marios	16	90	6	1	44____	2813	1	0	0	0	1	0	0	0	0	0	0
C	Marios	16	90	6	1	44____	2816	1	0	0	0	0	0	0	0	1	0	0
C	Marios	16	90	6	1	44____	2842	1	3	2	0	1	0	0	0	0	0	0
C	Marios	16	90	6	1	44____	2845	3	0	0	0	0	0	0	0	1	0	0
C	Marios	16	90	6	1	44____	3092	3	1	0	0	0	0	0	0	0	0	0
C	Marios	16	90	6	1	44____	10140	1	0	0	0	1	0	0	0	0	0	0
C	Marios	16	90	6	1	44____	10166	1	0	0	0	0	0	0	0	1	0	0
C	Marios	16	90	6	1	44____	10208	1	0	0	0	1	0	0	0	0	0	0
C	Marios	16	90	6	1	44____	10212	1	0	0	0	0	0	0	0	1	0	0
C	Marios	16	90	6	1	44____	10284	1	3	2	0	1	0	0	0	0	0	0
C	Marios	16	90	6	1	44____	10288	3	0	0	0	0	0	0	0	1	0	0
C	Marios	16	90	6	1	44____	10480	3	0	0	0	1	0	0	0	0	0	0
C	Marios	16	90	6	1	44____	10489	3	0	0	0	0	0	0	0	1	0	0
C	Marios	16	90	6	1	44____	10534	3	1	0	0	0	0	0	0	0	0	0
C	Marios	16	90	6	1	44____	10604	1	3	2	0	1	0	0	0	0	0	0
C	Marios	16	90	6	1	44____	10607	3	0	0	0	0	0	0	0	1	0	0
C	Marios	16	90	6	1	44____	10854	3	1	0	0	0	0	0	0	0	0	0
C	Marios	16	90	6	1	44____	10915	1	0	0	0	1	0	0	0	0	0	0
C	Marios	16	90	6	1	44____	10923	1	0	0	0	0	0	0	0	1	0	0
C	Marios	16	90	6	1	44____	11022	1	0	0	0	1	0	0	0	0	0	0
C	Marios	16	90	6	1	44____	11026	1	0	0	0	0	0	0	0	1	0	0
C	Marios	16	90	6	1	44____	11028	1	3	2	0	1	0	0	0	0	0	0
C	Marios	16	90	6	1	44____	11033	3	0	0	0	0	0	0	0	1	0	0
C	Marios	16	90	6	1	44____	11052	3	0	0	0	1	0	0	0	0	0	0
C	Marios	16	90	6	1	44____	11057	3	0	0	0	0	0	0	0	1	0	0
C	Marios	16	90	6	1	44____	11061	3	0	0	0	1	0	0	0	0	0	0
C	Marios	16	90	6	1	44____	11066	3	0	0	0	0	0	0	0	1	0	0
C	Marios	16	90	6	1	44____	11278	3	1	0	0	0	0	0	0	0	0	0
C	Marios	16	90	6	1	44____	11623	1	2	1	1	0	0	0	0	0	0	0
C	Marios	16	90	6	1	44____	11625	2	0	0	0	0	0	0	1	0	0	0
C	Marios	16	90	6	1	44____	11873	2	1	0	0	0	0	0	0	0	0	0
C	Marios	16	90	6	1	44____	21579	1	0	0	1	0	0	0	0	0	0	0
C	Marios	16	90	6	1	44____	21585	1	0	0	0	0	0	0	1	0	0	0
C	Marios	16	90	6	1	44____	30918	1	0	0	1	0	0	0	0	0	0	0
C	Marios	16	90	6	1	44____	30932	1	0	0	0	0	0	0	1	0	0	0
C	Marios	16	90	6	1	44____	31030	1	2	1	1	0	0	0	0	0	0	0
C	Marios	16	90	6	1	44____	31037	2	0	0	0	0	0	0	1	0	0	0
C	Marios	16	90	6	1	44____	31195	2	0	0	1	0	0	0	0	0	0	0
C	Marios	16	90	6	1	44____	31201	2	0	0	0	0	0	0	1	0	0	0
C	Marios	16	90	6	1	44____	31280	2	1	0	0	0	0	0	0	0	0	0
C	Marios	16	90	6	1	44____	34501	1	3	2	0	1	0	0	0	0	0	0
C	Marios	16	90	6	1	44____	34506	3	0	0	0	0	0	0	0	1	0	0
C	Marios	16	90	6	1	44____	34521	3	0	0	0	1	0	0	0	0	0	0
C	Marios	16	90	6	1	44____	34523	3	0	0	0	0	0	0	0	1	0	0
C	Marios	16	90	6	1	44____	34664	3	0	0	0	1	0	0	0	0	0	0
C	Marios	16	90	6	1	44____	34666	3	0	0	0	0	0	0	0	1	0	0
C	Marios	16	90	6	1	44____	34751	3	1	0	0	0	0	0	0	0	0	0
C	Marios	16	90	6	1	44____	43804	1	0	0	0	1	0	0	0	0	0	0
C	Marios	16	90	6	1	44____	43870	1	0	0	0	0	0	0	0	1	0	0
C	Marios	16	90	6	1	44____	49205	1	0	0	1	0	0	0	0	0	0	0
C	Marios	16	90	6	1	44____	49217	1	0	0	0	0	0	0	1	0	0	0
C	Marios	16	90	6	1	44____	52837	1	0	0	1	0	0	0	0	0	0	0
C	Marios	16	90	6	1	44____	52883	1	0	0	0	0	0	0	1	0	0	0
C	Marios	16	90	6	1	44____	52889	1	2	1	1	0	0	0	0	0	0	0
C	Marios	16	90	6	1	44____	52944	2	0	0	0	0	0	0	1	0	0	0
C	Marios	16	90	6	1	44____	52949	2	0	0	1	0	0	0	0	0	0	0
C	Marios	16	90	6	1	44____	53014	2	0	0	0	0	0	0	1	0	0	0
C	Marios	16	90	6	1	44____	53139	2	1	0	0	0	0	0	0	0	0	0
C	Marios	16	90	6	1	44____	61049	1	0	0	1	0	0	0	0	0	0	0
C	Marios	16	90	6	1	44____	61067	1	0	0	0	0	0	0	1	0	0	0
C	Marios	16	90	6	1	44____	61279	1	2	1	1	0	0	0	0	0	0	0
C	Marios	16	90	6	1	44____	61296	2	0	0	0	0	0	0	1	0	0	0
C	Marios	16	90	6	1	44____	61529	2	1	0	0	0	0	0	0	0	0	0
C	Marios	16	90	6	1	44____	70552	1	0	0	0	1	0	0	0	0	0	0
C	Marios	16	90	6	1	44____	70555	1	0	0	0	0	0	0	0	1	0	0
C	Marios	16	90	6	1	44____	70578	1	3	2	0	1	0	0	0	0	0	0
C	Marios	16	90	6	1	44____	70580	3	0	0	0	0	0	0	0	1	0	0
C	Marios	16	90	6	1	44____	70828	3	1	0	0	0	0	0	0	0	0	0
C	Marios	16	90	6	1	44____	72211	1	0	0	1	0	0	0	0	0	0	0
C	Marios	16	90	6	1	44____	72279	1	0	0	0	0	0	0	1	0	0	0
C	Marios	16	90	6	1	44____	72326	1	2	1	1	0	0	0	0	0	0	0
C	Marios	16	90	6	1	44____	72570	2	0	0	0	0	0	0	1	0	0	0
C	Marios	16	90	6	1	44____	72576	2	1	0	0	0	0	0	0	0	0	0
C	Marios	16	90	6	1	44____	72822	1	0	0	1	0	0	0	0	0	0	0
C	Marios	16	90	6	1	44____	73069	1	0	0	0	0	0	0	1	0	0	0
C	Marios	16	90	6	1	44____	73088	1	2	1	1	0	0	0	0	0	0	0
C	Marios	16	90	6	1	44____	73098	2	0	0	0	0	0	0	1	0	0	0
C	Marios	16	90	6	1	44____	73338	2	1	0	0	0	0	0	0	0	0	0
C	Marios	16	90	6	1	44____	79612	1	0	0	1	0	0	0	0	0	0	0
C	Marios	16	90	6	1	44____	79619	1	0	0	0	0	0	0	1	0	0	0
C	Marios	16	90	6	1	44____	90000	1	4	0	0	0	0	0	0	0	0	0
C	Marios	16	90	6	1	44____	90250	4	-1	0	0	0	0	0	0	0	0	0
C	Marios	16	91	1	1	23____	0	0	1	0	0	0	0	0	0	0	0	0
C	Marios	16	91	1	1	23____	9918	1	2	1	1	0	0	0	0	0	0	0
C	Marios	16	91	1	1	23____	9940	2	0	0	0	0	0	0	1	0	0	0
C	Marios	16	91	1	1	23____	9945	2	0	0	1	0	0	0	0	0	0	0
C	Marios	16	91	1	1	23____	9962	2	0	0	0	0	0	0	1	0	0	0
C	Marios	16	91	1	1	23____	10168	2	1	0	0	0	0	0	0	0	0	0
C	Marios	16	91	1	1	23____	10506	1	2	1	1	0	0	0	0	0	0	0
C	Marios	16	91	1	1	23____	10602	2	0	0	0	0	0	0	1	0	0	0
C	Marios	16	91	1	1	23____	10756	2	1	0	0	0	0	0	0	0	0	0
C	Marios	16	91	1	1	23____	12568	1	3	2	0	1	0	0	0	0	0	0
C	Marios	16	91	1	1	23____	12719	3	0	0	0	0	0	0	0	1	0	0
C	Marios	16	91	1	1	23____	12818	3	1	0	0	0	0	0	0	0	0	0
C	Marios	16	91	1	1	23____	13211	1	0	0	0	1	0	0	0	0	0	0
C	Marios	16	91	1	1	23____	13381	1	0	0	0	0	0	0	0	1	0	0
C	Marios	16	91	1	1	23____	16130	1	0	0	0	1	0	0	0	0	0	0
C	Marios	16	91	1	1	23____	16262	1	0	0	0	0	0	0	0	1	0	0
C	Marios	16	91	1	1	23____	16347	1	3	2	0	1	0	0	0	0	0	0
C	Marios	16	91	1	1	23____	16597	3	1	0	0	0	0	0	0	0	0	0
C	Marios	16	91	1	1	23____	17117	1	0	0	0	0	0	0	0	1	0	0
C	Marios	16	91	1	1	23____	17750	1	2	1	1	0	0	0	0	0	0	0
C	Marios	16	91	1	1	23____	17784	2	0	0	0	0	0	0	1	0	0	0
C	Marios	16	91	1	1	23____	17787	2	0	0	1	0	0	0	0	0	0	0
C	Marios	16	91	1	1	23____	17790	2	0	0	0	0	0	0	1	0	0	0
C	Marios	16	91	1	1	23____	17795	2	0	0	1	0	0	0	0	0	0	0
C	Marios	16	91	1	1	23____	17799	2	0	0	0	0	0	0	1	0	0	0
C	Marios	16	91	1	1	23____	17859	2	0	0	1	0	0	0	0	0	0	0
C	Marios	16	91	1	1	23____	17869	2	0	0	0	0	0	0	1	0	0	0
C	Marios	16	91	1	1	23____	17878	2	0	0	1	0	0	0	0	0	0	0
C	Marios	16	91	1	1	23____	17898	2	0	0	0	0	0	0	1	0	0	0
C	Marios	16	91	1	1	23____	18000	2	1	0	0	0	0	0	0	0	0	0
C	Marios	16	91	1	1	23____	18440	1	0	0	1	0	0	0	0	0	0	0
C	Marios	16	91	1	1	23____	18445	1	0	0	0	0	0	0	1	0	0	0
C	Marios	16	91	1	1	23____	18455	1	2	1	1	0	0	0	0	0	0	0
C	Marios	16	91	1	1	23____	18498	2	0	0	0	0	0	0	1	0	0	0
C	Marios	16	91	1	1	23____	18705	2	1	0	0	0	0	0	0	0	0	0
C	Marios	16	91	1	1	23____	19215	1	0	0	1	0	0	0	0	0	0	0
C	Marios	16	91	1	1	23____	19231	1	0	0	0	0	0	0	1	0	0	0
C	Marios	16	91	1	1	23____	22036	1	2	1	1	0	0	0	0	0	0	0
C	Marios	16	91	1	1	23____	22111	2	0	0	0	0	0	0	1	0	0	0
C	Marios	16	91	1	1	23____	22114	2	0	0	1	0	0	0	0	0	0	0
C	Marios	16	91	1	1	23____	22129	2	0	0	0	0	0	0	1	0	0	0
C	Marios	16	91	1	1	23____	22286	2	1	0	0	0	0	0	0	0	0	0
C	Marios	16	91	1	1	23____	23370	1	0	0	1	0	0	0	0	0	0	0
C	Marios	16	91	1	1	23____	23390	1	0	0	0	0	0	0	1	0	0	0
C	Marios	16	91	1	1	23____	23942	1	0	0	0	1	0	0	0	0	0	0
C	Marios	16	91	1	1	23____	24140	1	0	0	0	0	0	0	0	1	0	0
C	Marios	16	91	1	1	23____	24179	1	3	2	0	1	0	0	0	0	0	0
C	Marios	16	91	1	1	23____	24237	3	0	0	0	0	0	0	0	1	0	0
C	Marios	16	91	1	1	23____	24429	3	1	0	0	0	0	0	0	0	0	0
C	Marios	16	91	1	1	23____	25020	1	0	0	1	0	0	0	0	0	0	0
C	Marios	16	91	1	1	23____	25148	1	0	0	0	0	0	0	1	0	0	0
C	Marios	16	91	1	1	23____	31321	1	0	0	0	1	0	0	0	0	0	0
C	Marios	16	91	1	1	23____	31404	1	0	0	0	0	0	0	0	1	0	0
C	Marios	16	91	1	1	23____	31442	1	3	2	0	1	0	0	0	0	0	0
C	Marios	16	91	1	1	23____	31692	3	1	0	0	0	0	0	0	0	0	0
C	Marios	16	91	1	1	23____	32326	1	0	0	0	0	0	0	0	1	0	0
C	Marios	16	91	1	1	23____	36404	1	3	2	0	1	0	0	0	0	0	0
C	Marios	16	91	1	1	23____	36423	3	0	0	0	0	0	0	0	1	0	0
C	Marios	16	91	1	1	23____	36433	3	0	0	0	1	0	0	0	0	0	0
C	Marios	16	91	1	1	23____	36452	3	0	0	0	0	0	0	0	1	0	0
C	Marios	16	91	1	1	23____	36654	3	1	0	0	0	0	0	0	0	0	0
C	Marios	16	91	1	1	23____	37212	1	0	0	1	0	0	0	0	0	0	0
C	Marios	16	91	1	1	23____	37245	1	0	0	0	0	0	0	1	0	0	0
C	Marios	16	91	1	1	23____	37287	1	0	0	1	0	0	0	0	0	0	0
C	Marios	16	91	1	1	23____	37289	1	0	0	0	0	0	0	1	0	0	0
C	Marios	16	91	1	1	23____	37319	1	2	1	1	0	0	0	0	0	0	0
C	Marios	16	91	1	1	23____	37322	2	0	0	0	0	0	0	1	0	0	0
C	Marios	16	91	1	1	23____	37569	2	1	0	0	0	0	0	0	0	0	0
C	Marios	16	91	1	1	23____	37773	1	3	2	0	1	0	0	0	0	0	0
C	Marios	16	91	1	1	23____	38023	3	1	0	0	0	0	0	0	0	0	0
C	Marios	16	91	1	1	23____	39013	1	0	0	1	0	0	0	0	0	0	0
C	Marios	16	91	1	1	23____	39039	1	0	0	0	0	0	0	1	0	0	0
C	Marios	16	91	1	1	23____	39870	1	0	0	0	0	0	0	0	1	0	0
C	Marios	16	91	1	1	23____	39906	1	0	0	0	1	0	0	0	0	0	0
C	Marios	16	91	1	1	23____	39937	1	0	0	0	0	0	0	0	1	0	0
C	Marios	16	91	1	1	23____	39947	1	3	2	0	1	0	0	0	0	0	0
C	Marios	16	91	1	1	23____	39997	3	0	0	0	0	0	0	0	1	0	0
C	Marios	16	91	1	1	23____	40004	3	0	0	0	1	0	0	0	0	0	0
C	Marios	16	91	1	1	23____	40023	3	0	0	0	0	0	0	0	1	0	0
C	Marios	16	91	1	1	23____	40197	3	1	0	0	0	0	0	0	0	0	0
C	Marios	16	91	1	1	23____	40748	1	0	0	1	0	0	0	0	0	0	0
C	Marios	16	91	1	1	23____	40771	1	0	0	0	0	0	0	1	0	0	0
C	Marios	16	91	1	1	23____	40786	1	2	1	1	0	0	0	0	0	0	0
C	Marios	16	91	1	1	23____	40793	2	0	0	0	0	0	0	1	0	0	0
C	Marios	16	91	1	1	23____	41036	2	1	0	0	0	0	0	0	0	0	0
C	Marios	16	91	1	1	23____	44081	1	0	0	1	0	0	0	0	0	0	0
C	Marios	16	91	1	1	23____	44084	1	0	0	0	0	0	0	1	0	0	0
C	Marios	16	91	1	1	23____	44090	1	2	1	1	0	0	0	0	0	0	0
C	Marios	16	91	1	1	23____	44095	2	0	0	0	0	0	0	1	0	0	0
C	Marios	16	91	1	1	23____	44098	2	0	0	1	0	0	0	0	0	0	0
C	Marios	16	91	1	1	23____	44100	2	0	0	0	0	0	0	1	0	0	0
C	Marios	16	91	1	1	23____	44106	2	0	0	1	0	0	0	0	0	0	0
C	Marios	16	91	1	1	23____	44109	2	0	0	0	0	0	0	1	0	0	0
C	Marios	16	91	1	1	23____	44114	2	0	0	1	0	0	0	0	0	0	0
C	Marios	16	91	1	1	23____	44118	2	0	0	0	0	0	0	1	0	0	0
C	Marios	16	91	1	1	23____	44340	2	1	0	0	0	0	0	0	0	0	0
C	Marios	16	91	1	1	23____	44759	1	0	0	1	0	0	0	0	0	0	0
C	Marios	16	91	1	1	23____	44789	1	0	0	0	0	0	0	1	0	0	0
C	Marios	16	91	1	1	23____	44792	1	0	0	1	0	0	0	0	0	0	0
C	Marios	16	91	1	1	23____	44817	1	0	0	0	0	0	0	1	0	0	0
C	Marios	16	91	1	1	23____	46457	1	2	1	1	0	0	0	0	0	0	0
C	Marios	16	91	1	1	23____	46499	2	0	0	0	0	0	0	1	0	0	0
C	Marios	16	91	1	1	23____	46707	2	1	0	0	0	0	0	0	0	0	0
C	Marios	16	91	1	1	23____	47196	1	0	0	1	0	0	0	0	0	0	0
C	Marios	16	91	1	1	23____	47197	1	0	0	0	0	0	0	1	0	0	0
C	Marios	16	91	1	1	23____	47201	1	2	1	1	0	0	0	0	0	0	0
C	Marios	16	91	1	1	23____	47246	2	0	0	0	0	0	0	1	0	0	0
C	Marios	16	91	1	1	23____	47281	2	0	0	1	0	0	0	0	0	0	0
C	Marios	16	91	1	1	23____	47347	2	0	0	0	0	0	0	1	0	0	0
C	Marios	16	91	1	1	23____	47375	2	0	0	0	1	0	0	0	0	0	0
C	Marios	16	91	1	1	23____	47451	2	1	0	0	0	0	0	0	0	0	0
C	Marios	16	91	1	1	23____	47536	1	0	0	0	0	0	0	0	1	0	0
C	Marios	16	91	1	1	23____	49830	1	0	0	1	0	0	0	0	0	0	0
C	Marios	16	91	1	1	23____	49831	1	0	0	0	0	0	0	1	0	0	0
C	Marios	16	91	1	1	23____	49997	1	0	0	1	0	0	0	0	0	0	0
C	Marios	16	91	1	1	23____	50000	1	0	0	0	0	0	0	1	0	0	0
C	Marios	16	91	1	1	23____	50004	1	2	1	1	0	0	0	0	0	0	0
C	Marios	16	91	1	1	23____	50006	2	0	0	0	0	0	0	1	0	0	0
C	Marios	16	91	1	1	23____	50254	2	1	0	0	0	0	0	0	0	0	0
C	Marios	16	91	1	1	23____	55161	1	2	1	1	0	0	0	0	0	0	0
C	Marios	16	91	1	1	23____	55257	2	0	0	0	0	0	0	1	0	0	0
C	Marios	16	91	1	1	23____	55411	2	1	0	0	0	0	0	0	0	0	0
C	Marios	16	91	1	1	23____	55742	1	0	0	1	0	0	0	0	0	0	0
C	Marios	16	91	1	1	23____	56039	1	0	0	0	0	0	0	1	0	0	0
C	Marios	16	91	1	1	23____	56069	1	2	1	1	0	0	0	0	0	0	0
C	Marios	16	91	1	1	23____	56106	2	0	0	0	0	0	0	1	0	0	0
C	Marios	16	91	1	1	23____	56319	2	1	0	0	0	0	0	0	0	0	0
C	Marios	16	91	1	1	23____	58825	1	0	0	1	0	0	0	0	0	0	0
C	Marios	16	91	1	1	23____	59033	1	0	0	0	0	0	0	1	0	0	0
C	Marios	16	91	1	1	23____	59080	1	0	0	1	0	0	0	0	0	0	0
C	Marios	16	91	1	1	23____	59101	1	0	0	0	0	0	0	1	0	0	0
C	Marios	16	91	1	1	23____	59244	1	2	1	1	0	0	0	0	0	0	0
C	Marios	16	91	1	1	23____	59259	2	0	0	0	0	0	0	1	0	0	0
C	Marios	16	91	1	1	23____	59288	2	0	0	1	0	0	0	0	0	0	0
C	Marios	16	91	1	1	23____	59351	2	0	0	0	0	0	0	1	0	0	0
C	Marios	16	91	1	1	23____	59439	2	0	0	1	0	0	0	0	0	0	0
C	Marios	16	91	1	1	23____	59463	2	0	0	0	0	0	0	1	0	0	0
C	Marios	16	91	1	1	23____	59475	2	0	0	1	0	0	0	0	0	0	0
C	Marios	16	91	1	1	23____	59494	2	1	0	0	0	0	0	0	0	0	0
C	Marios	16	91	1	1	23____	59650	1	0	0	0	0	0	0	1	0	0	0
C	Marios	16	91	1	1	23____	59671	1	0	0	1	0	0	0	0	0	0	0
C	Marios	16	91	1	1	23____	59686	1	0	0	0	0	0	0	1	0	0	0
C	Marios	16	91	1	1	23____	59902	1	2	1	1	0	0	0	0	0	0	0
C	Marios	16	91	1	1	23____	59904	2	0	0	0	0	0	0	1	0	0	0
C	Marios	16	91	1	1	23____	60152	2	1	0	0	0	0	0	0	0	0	0
C	Marios	16	91	1	1	23____	62359	1	0	0	1	0	0	0	0	0	0	0
C	Marios	16	91	1	1	23____	62363	1	0	0	0	0	0	0	1	0	0	0
C	Marios	16	91	1	1	23____	62399	1	0	0	1	0	0	0	0	0	0	0
C	Marios	16	91	1	1	23____	62701	1	0	0	0	0	0	0	1	0	0	0
C	Marios	16	91	1	1	23____	62796	1	2	1	1	0	0	0	0	0	0	0
C	Marios	16	91	1	1	23____	62801	2	0	0	0	0	0	0	1	0	0	0
C	Marios	16	91	1	1	23____	62893	2	0	0	1	0	0	0	0	0	0	0
C	Marios	16	91	1	1	23____	62911	2	0	0	0	0	0	0	1	0	0	0
C	Marios	16	91	1	1	23____	62951	2	0	0	1	0	0	0	0	0	0	0
C	Marios	16	91	1	1	23____	62987	2	0	0	0	0	0	0	1	0	0	0
C	Marios	16	91	1	1	23____	63046	2	1	0	0	0	0	0	0	0	0	0
C	Marios	16	91	1	1	23____	63071	1	0	0	1	0	0	0	0	0	0	0
C	Marios	16	91	1	1	23____	63171	1	0	0	0	0	0	0	1	0	0	0
C	Marios	16	91	1	1	23____	63174	1	2	1	1	0	0	0	0	0	0	0
C	Marios	16	91	1	1	23____	63178	2	0	0	0	0	0	0	1	0	0	0
C	Marios	16	91	1	1	23____	63180	2	0	0	1	0	0	0	0	0	0	0
C	Marios	16	91	1	1	23____	63211	2	0	0	0	0	0	0	1	0	0	0
C	Marios	16	91	1	1	23____	63424	2	1	0	0	0	0	0	0	0	0	0
C	Marios	16	91	1	1	23____	64737	1	0	0	0	1	0	0	0	0	0	0
C	Marios	16	91	1	1	23____	64798	1	0	0	0	0	0	0	0	1	0	0
C	Marios	16	91	1	1	23____	64806	1	3	2	0	1	0	0	0	0	0	0
C	Marios	16	91	1	1	23____	64818	3	0	0	0	0	0	0	0	1	0	0
C	Marios	16	91	1	1	23____	64868	3	0	0	0	1	0	0	0	0	0	0
C	Marios	16	91	1	1	23____	64930	3	0	0	0	0	0	0	0	1	0	0
C	Marios	16	91	1	1	23____	65026	3	0	0	0	1	0	0	0	0	0	0
C	Marios	16	91	1	1	23____	65056	3	1	0	0	0	0	0	0	0	0	0
C	Marios	16	91	1	1	23____	65063	1	0	0	0	0	0	0	0	1	0	0
C	Marios	16	91	1	1	23____	65102	1	3	2	0	1	0	0	0	0	0	0
C	Marios	16	91	1	1	23____	65111	3	0	0	0	0	0	0	0	1	0	0
C	Marios	16	91	1	1	23____	65267	3	0	0	0	1	0	0	0	0	0	0
C	Marios	16	91	1	1	23____	65270	3	0	0	0	0	0	0	0	1	0	0
C	Marios	16	91	1	1	23____	65352	3	1	0	0	0	0	0	0	0	0	0
C	Marios	16	91	1	1	23____	65372	1	0	0	0	1	0	0	0	0	0	0
C	Marios	16	91	1	1	23____	65454	1	0	0	0	0	0	0	0	1	0	0
C	Marios	16	91	1	1	23____	65457	1	3	2	0	1	0	0	0	0	0	0
C	Marios	16	91	1	1	23____	65461	3	0	0	0	0	0	0	0	1	0	0
C	Marios	16	91	1	1	23____	65707	3	1	0	0	0	0	0	0	0	0	0
C	Marios	16	91	1	1	23____	67363	1	0	0	0	1	0	0	0	0	0	0
C	Marios	16	91	1	1	23____	67398	1	0	0	0	0	0	0	0	1	0	0
C	Marios	16	91	1	1	23____	68149	1	0	0	1	0	0	0	0	0	0	0
C	Marios	16	91	1	1	23____	68234	1	0	0	0	0	0	0	1	0	0	0
C	Marios	16	91	1	1	23____	68251	1	0	0	1	0	0	0	0	0	0	0
C	Marios	16	91	1	1	23____	68266	1	0	0	0	0	0	0	1	0	0	0
C	Marios	16	91	1	1	23____	71826	1	2	1	1	0	0	0	0	0	0	0
C	Marios	16	91	1	1	23____	71828	2	0	0	0	0	0	0	1	0	0	0
C	Marios	16	91	1	1	23____	71845	2	0	0	1	0	0	0	0	0	0	0
C	Marios	16	91	1	1	23____	71850	2	0	0	0	0	0	0	1	0	0	0
C	Marios	16	91	1	1	23____	72076	2	1	0	0	0	0	0	0	0	0	0
C	Marios	16	91	1	1	23____	73411	1	0	0	1	0	0	0	0	0	0	0
C	Marios	16	91	1	1	23____	73460	1	0	0	0	0	0	0	1	0	0	0
C	Marios	16	91	1	1	23____	73719	1	0	0	0	1	0	0	0	0	0	0
C	Marios	16	91	1	1	23____	73890	1	0	0	0	0	0	0	0	1	0	0
C	Marios	16	91	1	1	23____	85742	1	0	0	0	1	0	0	0	0	0	0
C	Marios	16	91	1	1	23____	85784	1	0	0	0	0	0	0	0	1	0	0
C	Marios	16	91	1	1	23____	85788	1	3	2	0	1	0	0	0	0	0	0
C	Marios	16	91	1	1	23____	85793	3	0	0	0	0	0	0	0	1	0	0
C	Marios	16	91	1	1	23____	85797	3	0	0	0	1	0	0	0	0	0	0
C	Marios	16	91	1	1	23____	85804	3	0	0	0	0	0	0	0	1	0	0
C	Marios	16	91	1	1	23____	85806	3	0	0	0	1	0	0	0	0	0	0
C	Marios	16	91	1	1	23____	85811	3	0	0	0	0	0	0	0	1	0	0
C	Marios	16	91	1	1	23____	85814	3	0	0	0	1	0	0	0	0	0	0
C	Marios	16	91	1	1	23____	85841	3	0	0	0	0	0	0	0	1	0	0
C	Marios	16	91	1	1	23____	85850	3	0	0	0	1	0	0	0	0	0	0
C	Marios	16	91	1	1	23____	85924	3	0	0	0	0	0	0	0	1	0	0
C	Marios	16	91	1	1	23____	86038	3	1	0	0	0	0	0	0	0	0	0
C	Marios	16	91	1	1	23____	86130	1	0	0	0	1	0	0	0	0	0	0
C	Marios	16	91	1	1	23____	86279	1	0	0	0	0	0	0	0	1	0	0
C	Marios	16	91	1	1	23____	87847	1	0	0	0	1	0	0	0	0	0	0
C	Marios	16	91	1	1	23____	87850	1	0	0	0	0	0	0	0	1	0	0
C	Marios	16	91	1	1	23____	87853	1	3	2	0	1	0	0	0	0	0	0
C	Marios	16	91	1	1	23____	87909	3	0	0	0	0	0	0	0	1	0	0
C	Marios	16	91	1	1	23____	88103	3	1	0	0	0	0	0	0	0	0	0
C	Marios	16	91	1	1	23____	88605	1	0	0	0	1	0	0	0	0	0	0
C	Marios	16	91	1	1	23____	88612	1	0	0	0	0	0	0	0	1	0	0
C	Marios	16	91	1	1	23____	88614	1	3	2	0	1	0	0	0	0	0	0
C	Marios	16	91	1	1	23____	88668	3	0	0	0	0	0	0	0	1	0	0
C	Marios	16	91	1	1	23____	88864	3	1	0	0	0	0	0	0	0	0	0
C	Marios	16	91	1	1	23____	90000	1	4	0	0	0	0	0	0	0	0	0
C	Marios	16	91	1	1	23____	90250	4	-1	0	0	0	0	0	0	0	0	0
