Project	UserID	Protocol	Session	Station	Run	Subject	Time	Current State	Transition State	Transition Event	A1 - LLR	A2 - RLR	A3 - MAG	A4 - 	A[1] LLR_OFF	A[2] RLR_OFF	A[3] MAG_OFF	A[4] 
C	Marios	16	100	1	1	17____	0	0	1	0	0	0	0	0	0	0	0	0
C	Marios	16	100	1	1	17____	2169	1	0	0	1	0	0	0	0	0	0	0
C	Marios	16	100	1	1	17____	2244	1	0	0	0	0	0	0	1	0	0	0
C	Marios	16	100	1	1	17____	4698	1	2	1	1	0	0	0	0	0	0	0
C	Marios	16	100	1	1	17____	4707	2	0	0	0	0	0	0	1	0	0	0
C	Marios	16	100	1	1	17____	4948	2	1	0	0	0	0	0	0	0	0	0
C	Marios	16	100	1	1	17____	5514	1	0	0	0	1	0	0	0	0	0	0
C	Marios	16	100	1	1	17____	7055	1	2	1	1	0	0	0	0	0	0	0
C	Marios	16	100	1	1	17____	7059	2	0	0	0	0	0	0	1	0	0	0
C	Marios	16	100	1	1	17____	7305	2	1	0	0	0	0	0	0	0	0	0
C	Marios	16	100	1	1	17____	10805	1	2	1	1	0	0	0	0	0	0	0
C	Marios	16	100	1	1	17____	10918	2	0	0	0	0	0	0	1	0	0	0
C	Marios	16	100	1	1	17____	11055	2	1	0	0	0	0	0	0	0	0	0
C	Marios	16	100	1	1	17____	12036	1	0	0	1	0	0	0	0	0	0	0
C	Marios	16	100	1	1	17____	12038	1	0	0	0	0	0	0	1	0	0	0
C	Marios	16	100	1	1	17____	12057	1	2	1	1	0	0	0	0	0	0	0
C	Marios	16	100	1	1	17____	12061	2	0	0	0	0	0	0	1	0	0	0
C	Marios	16	100	1	1	17____	12076	2	0	0	1	0	0	0	0	0	0	0
C	Marios	16	100	1	1	17____	12081	2	0	0	0	0	0	0	1	0	0	0
C	Marios	16	100	1	1	17____	12307	2	1	0	0	0	0	0	0	0	0	0
C	Marios	16	100	1	1	17____	12669	1	0	0	0	0	0	0	0	1	0	0
C	Marios	16	100	1	1	17____	12764	1	0	0	0	1	0	0	0	0	0	0
C	Marios	16	100	1	1	17____	12770	1	0	0	0	0	0	0	0	1	0	0
C	Marios	16	100	1	1	17____	13408	1	0	0	1	0	0	0	0	0	0	0
C	Marios	16	100	1	1	17____	13409	1	0	0	0	0	0	0	1	0	0	0
C	Marios	16	100	1	1	17____	16270	1	0	0	1	0	0	0	0	0	0	0
C	Marios	16	100	1	1	17____	16272	1	0	0	0	0	0	0	1	0	0	0
C	Marios	16	100	1	1	17____	16278	1	2	1	1	0	0	0	0	0	0	0
C	Marios	16	100	1	1	17____	16281	2	0	0	0	0	0	0	1	0	0	0
C	Marios	16	100	1	1	17____	16287	2	0	0	1	0	0	0	0	0	0	0
C	Marios	16	100	1	1	17____	16294	2	0	0	0	0	0	0	1	0	0	0
C	Marios	16	100	1	1	17____	16295	2	0	0	1	0	0	0	0	0	0	0
C	Marios	16	100	1	1	17____	16303	2	0	0	0	0	0	0	1	0	0	0
C	Marios	16	100	1	1	17____	16528	2	1	0	0	0	0	0	0	0	0	0
C	Marios	16	100	1	1	17____	27027	1	0	0	0	1	0	0	0	0	0	0
C	Marios	16	100	1	1	17____	28158	1	0	0	1	0	0	0	0	0	0	0
C	Marios	16	100	1	1	17____	28160	1	0	0	0	0	0	0	1	0	0	0
C	Marios	16	100	1	1	17____	28165	1	2	1	1	0	0	0	0	0	0	0
C	Marios	16	100	1	1	17____	28167	2	0	0	0	0	0	0	1	0	0	0
C	Marios	16	100	1	1	17____	28173	2	0	0	1	0	0	0	0	0	0	0
C	Marios	16	100	1	1	17____	28176	2	0	0	0	0	0	0	1	0	0	0
C	Marios	16	100	1	1	17____	28415	2	1	0	0	0	0	0	0	0	0	0
C	Marios	16	100	1	1	17____	29239	1	0	0	0	0	0	0	0	1	0	0
C	Marios	16	100	1	1	17____	30859	1	0	0	1	0	0	0	0	0	0	0
C	Marios	16	100	1	1	17____	30861	1	0	0	0	0	0	0	1	0	0	0
C	Marios	16	100	1	1	17____	30880	1	2	1	1	0	0	0	0	0	0	0
C	Marios	16	100	1	1	17____	30885	2	0	0	0	0	0	0	1	0	0	0
C	Marios	16	100	1	1	17____	31130	2	1	0	0	0	0	0	0	0	0	0
C	Marios	16	100	1	1	17____	32839	1	2	1	1	0	0	0	0	0	0	0
C	Marios	16	100	1	1	17____	32860	2	0	0	0	0	0	0	1	0	0	0
C	Marios	16	100	1	1	17____	32862	2	0	0	1	0	0	0	0	0	0	0
C	Marios	16	100	1	1	17____	32893	2	0	0	0	0	0	0	1	0	0	0
C	Marios	16	100	1	1	17____	33089	2	1	0	0	0	0	0	0	0	0	0
C	Marios	16	100	1	1	17____	37571	1	0	0	1	0	0	0	0	0	0	0
C	Marios	16	100	1	1	17____	37572	1	0	0	0	0	0	0	1	0	0	0
C	Marios	16	100	1	1	17____	38211	1	2	1	1	0	0	0	0	0	0	0
C	Marios	16	100	1	1	17____	38217	2	0	0	0	0	0	0	1	0	0	0
C	Marios	16	100	1	1	17____	38461	2	1	0	0	0	0	0	0	0	0	0
C	Marios	16	100	1	1	17____	38516	1	0	0	0	1	0	0	0	0	0	0
C	Marios	16	100	1	1	17____	38720	1	0	0	0	0	0	0	0	1	0	0
C	Marios	16	100	1	1	17____	41022	1	2	1	1	0	0	0	0	0	0	0
C	Marios	16	100	1	1	17____	41047	2	0	0	0	0	0	0	1	0	0	0
C	Marios	16	100	1	1	17____	41272	2	1	0	0	0	0	0	0	0	0	0
C	Marios	16	100	1	1	17____	63705	1	2	1	1	0	0	0	0	0	0	0
C	Marios	16	100	1	1	17____	63708	2	0	0	0	0	0	0	1	0	0	0
C	Marios	16	100	1	1	17____	63713	2	0	0	1	0	0	0	0	0	0	0
C	Marios	16	100	1	1	17____	63726	2	0	0	0	0	0	0	1	0	0	0
C	Marios	16	100	1	1	17____	63955	2	1	0	0	0	0	0	0	0	0	0
C	Marios	16	100	1	1	17____	69820	1	2	1	1	0	0	0	0	0	0	0
C	Marios	16	100	1	1	17____	69830	2	0	0	0	0	0	0	1	0	0	0
C	Marios	16	100	1	1	17____	69834	2	0	0	1	0	0	0	0	0	0	0
C	Marios	16	100	1	1	17____	69839	2	0	0	0	0	0	0	1	0	0	0
C	Marios	16	100	1	1	17____	69843	2	0	0	1	0	0	0	0	0	0	0
C	Marios	16	100	1	1	17____	69876	2	0	0	0	0	0	0	1	0	0	0
C	Marios	16	100	1	1	17____	70070	2	1	0	0	0	0	0	0	0	0	0
C	Marios	16	100	1	1	17____	72157	1	2	1	1	0	0	0	0	0	0	0
C	Marios	16	100	1	1	17____	72159	2	0	0	0	0	0	0	1	0	0	0
C	Marios	16	100	1	1	17____	72407	2	1	0	0	0	0	0	0	0	0	0
C	Marios	16	100	1	1	17____	87387	1	0	0	1	0	0	0	0	0	0	0
C	Marios	16	100	1	1	17____	87426	1	0	0	0	0	0	0	1	0	0	0
C	Marios	16	100	1	1	17____	90000	1	4	0	0	0	0	0	0	0	0	0
C	Marios	16	100	1	1	17____	90250	4	-1	0	0	0	0	0	0	0	0	0
C	Marios	16	100	2	1	19____	0	0	1	0	0	0	0	0	0	0	0	0
C	Marios	16	100	2	1	19____	680	1	3	2	0	1	0	0	0	0	0	0
C	Marios	16	100	2	1	19____	735	3	0	0	0	0	0	0	0	1	0	0
C	Marios	16	100	2	1	19____	930	3	1	0	0	0	0	0	0	0	0	0
C	Marios	16	100	2	1	19____	1191	1	3	2	0	1	0	0	0	0	0	0
C	Marios	16	100	2	1	19____	1238	3	0	0	0	0	0	0	0	1	0	0
C	Marios	16	100	2	1	19____	1441	3	1	0	0	0	0	0	0	0	0	0
C	Marios	16	100	2	1	19____	1942	1	2	1	1	0	0	0	0	0	0	0
C	Marios	16	100	2	1	19____	1943	2	0	0	0	0	0	0	1	0	0	0
C	Marios	16	100	2	1	19____	1945	2	0	0	1	0	0	0	0	0	0	0
C	Marios	16	100	2	1	19____	1949	2	0	0	0	0	0	0	1	0	0	0
C	Marios	16	100	2	1	19____	2172	2	0	0	0	1	0	0	0	0	0	0
C	Marios	16	100	2	1	19____	2192	2	1	0	0	0	0	0	0	0	0	0
C	Marios	16	100	2	1	19____	2251	1	0	0	0	0	0	0	0	1	0	0
C	Marios	16	100	2	1	19____	2262	1	0	0	0	1	0	0	0	0	0	0
C	Marios	16	100	2	1	19____	2280	1	0	0	0	0	0	0	0	1	0	0
C	Marios	16	100	2	1	19____	2751	1	3	2	0	1	0	0	0	0	0	0
C	Marios	16	100	2	1	19____	2753	3	0	0	0	0	0	0	0	1	0	0
C	Marios	16	100	2	1	19____	2792	3	0	0	0	1	0	0	0	0	0	0
C	Marios	16	100	2	1	19____	2851	3	0	0	0	0	0	0	0	1	0	0
C	Marios	16	100	2	1	19____	3001	3	1	0	0	0	0	0	0	0	0	0
C	Marios	16	100	2	1	19____	3783	1	0	0	0	1	0	0	0	0	0	0
C	Marios	16	100	2	1	19____	3920	1	0	0	0	0	0	0	0	1	0	0
C	Marios	16	100	2	1	19____	5148	1	0	0	0	1	0	0	0	0	0	0
C	Marios	16	100	2	1	19____	5200	1	0	0	0	0	0	0	0	1	0	0
C	Marios	16	100	2	1	19____	6078	1	3	2	0	1	0	0	0	0	0	0
C	Marios	16	100	2	1	19____	6107	3	0	0	0	0	0	0	0	1	0	0
C	Marios	16	100	2	1	19____	6137	3	0	0	0	1	0	0	0	0	0	0
C	Marios	16	100	2	1	19____	6163	3	0	0	0	0	0	0	0	1	0	0
C	Marios	16	100	2	1	19____	6328	3	1	0	0	0	0	0	0	0	0	0
C	Marios	16	100	2	1	19____	7151	1	0	0	0	1	0	0	0	0	0	0
C	Marios	16	100	2	1	19____	7202	1	0	0	0	0	0	0	0	1	0	0
C	Marios	16	100	2	1	19____	7267	1	0	0	0	1	0	0	0	0	0	0
C	Marios	16	100	2	1	19____	7317	1	0	0	0	0	0	0	0	1	0	0
C	Marios	16	100	2	1	19____	9795	1	3	2	0	1	0	0	0	0	0	0
C	Marios	16	100	2	1	19____	9869	3	0	0	0	0	0	0	0	1	0	0
C	Marios	16	100	2	1	19____	9878	3	0	0	0	1	0	0	0	0	0	0
C	Marios	16	100	2	1	19____	9885	3	0	0	0	0	0	0	0	1	0	0
C	Marios	16	100	2	1	19____	10045	3	1	0	0	0	0	0	0	0	0	0
C	Marios	16	100	2	1	19____	11092	1	0	0	1	0	0	0	0	0	0	0
C	Marios	16	100	2	1	19____	11097	1	0	0	0	0	0	0	1	0	0	0
C	Marios	16	100	2	1	19____	12552	1	0	0	1	0	0	0	0	0	0	0
C	Marios	16	100	2	1	19____	12556	1	0	0	0	0	0	0	1	0	0	0
C	Marios	16	100	2	1	19____	12563	1	2	1	1	0	0	0	0	0	0	0
C	Marios	16	100	2	1	19____	12573	2	0	0	0	0	0	0	1	0	0	0
C	Marios	16	100	2	1	19____	12575	2	0	0	1	0	0	0	0	0	0	0
C	Marios	16	100	2	1	19____	12577	2	0	0	0	0	0	0	1	0	0	0
C	Marios	16	100	2	1	19____	12813	2	1	0	0	0	0	0	0	0	0	0
C	Marios	16	100	2	1	19____	13828	1	0	0	1	0	0	0	0	0	0	0
C	Marios	16	100	2	1	19____	13831	1	0	0	0	0	0	0	1	0	0	0
C	Marios	16	100	2	1	19____	14242	1	0	0	1	0	0	0	0	0	0	0
C	Marios	16	100	2	1	19____	14243	1	0	0	0	0	0	0	1	0	0	0
C	Marios	16	100	2	1	19____	14249	1	2	1	1	0	0	0	0	0	0	0
C	Marios	16	100	2	1	19____	14269	2	0	0	0	0	0	0	1	0	0	0
C	Marios	16	100	2	1	19____	14324	2	0	0	1	0	0	0	0	0	0	0
C	Marios	16	100	2	1	19____	14326	2	0	0	0	0	0	0	1	0	0	0
C	Marios	16	100	2	1	19____	14330	2	0	0	1	0	0	0	0	0	0	0
C	Marios	16	100	2	1	19____	14339	2	0	0	0	0	0	0	1	0	0	0
C	Marios	16	100	2	1	19____	14342	2	0	0	1	0	0	0	0	0	0	0
C	Marios	16	100	2	1	19____	14362	2	0	0	0	0	0	0	1	0	0	0
C	Marios	16	100	2	1	19____	14499	2	1	0	0	0	0	0	0	0	0	0
C	Marios	16	100	2	1	19____	14705	1	0	0	1	0	0	0	0	0	0	0
C	Marios	16	100	2	1	19____	14707	1	0	0	0	0	0	0	1	0	0	0
C	Marios	16	100	2	1	19____	14721	1	0	0	1	0	0	0	0	0	0	0
C	Marios	16	100	2	1	19____	14747	1	0	0	0	0	0	0	1	0	0	0
C	Marios	16	100	2	1	19____	14772	1	2	1	1	0	0	0	0	0	0	0
C	Marios	16	100	2	1	19____	14775	2	0	0	0	0	0	0	1	0	0	0
C	Marios	16	100	2	1	19____	14808	2	0	0	1	0	0	0	0	0	0	0
C	Marios	16	100	2	1	19____	14817	2	0	0	0	0	0	0	1	0	0	0
C	Marios	16	100	2	1	19____	15022	2	1	0	0	0	0	0	0	0	0	0
C	Marios	16	100	2	1	19____	15084	1	0	0	1	0	0	0	0	0	0	0
C	Marios	16	100	2	1	19____	15086	1	0	0	0	0	0	0	1	0	0	0
C	Marios	16	100	2	1	19____	15543	1	0	0	0	1	0	0	0	0	0	0
C	Marios	16	100	2	1	19____	15547	1	0	0	0	0	0	0	0	1	0	0
C	Marios	16	100	2	1	19____	15608	1	0	0	0	1	0	0	0	0	0	0
C	Marios	16	100	2	1	19____	15789	1	0	0	0	0	0	0	0	1	0	0
C	Marios	16	100	2	1	19____	16877	1	3	2	0	1	0	0	0	0	0	0
C	Marios	16	100	2	1	19____	16932	3	0	0	0	0	0	0	0	1	0	0
C	Marios	16	100	2	1	19____	17127	3	1	0	0	0	0	0	0	0	0	0
C	Marios	16	100	2	1	19____	21444	1	0	0	0	1	0	0	0	0	0	0
C	Marios	16	100	2	1	19____	21449	1	0	0	0	0	0	0	0	1	0	0
C	Marios	16	100	2	1	19____	22065	1	3	2	0	1	0	0	0	0	0	0
C	Marios	16	100	2	1	19____	22105	3	0	0	0	0	0	0	0	1	0	0
C	Marios	16	100	2	1	19____	22315	3	1	0	0	0	0	0	0	0	0	0
C	Marios	16	100	2	1	19____	30800	1	0	0	0	1	0	0	0	0	0	0
C	Marios	16	100	2	1	19____	30972	1	0	0	0	0	0	0	0	1	0	0
C	Marios	16	100	2	1	19____	34027	1	3	2	0	1	0	0	0	0	0	0
C	Marios	16	100	2	1	19____	34050	3	0	0	0	0	0	0	0	1	0	0
C	Marios	16	100	2	1	19____	34084	3	0	0	0	1	0	0	0	0	0	0
C	Marios	16	100	2	1	19____	34223	3	0	0	0	0	0	0	0	1	0	0
C	Marios	16	100	2	1	19____	34226	3	0	0	0	1	0	0	0	0	0	0
C	Marios	16	100	2	1	19____	34261	3	0	0	0	0	0	0	0	1	0	0
C	Marios	16	100	2	1	19____	34277	3	1	0	0	0	0	0	0	0	0	0
C	Marios	16	100	2	1	19____	34446	1	0	0	0	1	0	0	0	0	0	0
C	Marios	16	100	2	1	19____	34506	1	0	0	0	0	0	0	0	1	0	0
C	Marios	16	100	2	1	19____	36031	1	0	0	1	0	0	0	0	0	0	0
C	Marios	16	100	2	1	19____	36033	1	0	0	0	0	0	0	1	0	0	0
C	Marios	16	100	2	1	19____	37948	1	0	0	0	1	0	0	0	0	0	0
C	Marios	16	100	2	1	19____	38180	1	0	0	0	0	0	0	0	1	0	0
C	Marios	16	100	2	1	19____	38827	1	3	2	0	1	0	0	0	0	0	0
C	Marios	16	100	2	1	19____	38834	3	0	0	0	0	0	0	0	1	0	0
C	Marios	16	100	2	1	19____	38904	3	0	0	0	1	0	0	0	0	0	0
C	Marios	16	100	2	1	19____	38910	3	0	0	0	0	0	0	0	1	0	0
C	Marios	16	100	2	1	19____	39029	3	0	0	0	1	0	0	0	0	0	0
C	Marios	16	100	2	1	19____	39044	3	0	0	0	0	0	0	0	1	0	0
C	Marios	16	100	2	1	19____	39064	3	0	0	0	1	0	0	0	0	0	0
C	Marios	16	100	2	1	19____	39077	3	1	0	0	0	0	0	0	0	0	0
C	Marios	16	100	2	1	19____	39222	1	0	0	0	0	0	0	0	1	0	0
C	Marios	16	100	2	1	19____	39922	1	0	0	1	0	0	0	0	0	0	0
C	Marios	16	100	2	1	19____	39944	1	0	0	0	0	0	0	1	0	0	0
C	Marios	16	100	2	1	19____	40169	1	2	1	1	0	0	0	0	0	0	0
C	Marios	16	100	2	1	19____	40180	2	0	0	0	0	0	0	1	0	0	0
C	Marios	16	100	2	1	19____	40419	2	1	0	0	0	0	0	0	0	0	0
C	Marios	16	100	2	1	19____	40683	1	0	0	1	0	0	0	0	0	0	0
C	Marios	16	100	2	1	19____	40687	1	0	0	0	0	0	0	1	0	0	0
C	Marios	16	100	2	1	19____	49920	1	0	0	0	1	0	0	0	0	0	0
C	Marios	16	100	2	1	19____	50000	1	0	0	0	0	0	0	0	1	0	0
C	Marios	16	100	2	1	19____	52781	1	0	0	0	1	0	0	0	0	0	0
C	Marios	16	100	2	1	19____	52791	1	0	0	0	0	0	0	0	1	0	0
C	Marios	16	100	2	1	19____	53154	1	3	2	0	1	0	0	0	0	0	0
C	Marios	16	100	2	1	19____	53203	3	0	0	0	0	0	0	0	1	0	0
C	Marios	16	100	2	1	19____	53404	3	1	0	0	0	0	0	0	0	0	0
C	Marios	16	100	2	1	19____	54392	1	3	2	0	1	0	0	0	0	0	0
C	Marios	16	100	2	1	19____	54459	3	0	0	0	0	0	0	0	1	0	0
C	Marios	16	100	2	1	19____	54642	3	1	0	0	0	0	0	0	0	0	0
C	Marios	16	100	2	1	19____	58501	1	0	0	0	1	0	0	0	0	0	0
C	Marios	16	100	2	1	19____	58503	1	0	0	0	0	0	0	0	1	0	0
C	Marios	16	100	2	1	19____	61945	1	0	0	0	1	0	0	0	0	0	0
C	Marios	16	100	2	1	19____	61960	1	0	0	0	0	0	0	0	1	0	0
C	Marios	16	100	2	1	19____	71408	1	3	2	0	1	0	0	0	0	0	0
C	Marios	16	100	2	1	19____	71658	3	1	0	0	0	0	0	0	0	0	0
C	Marios	16	100	2	1	19____	71668	1	0	0	0	0	0	0	0	1	0	0
C	Marios	16	100	2	1	19____	71689	1	0	0	0	1	0	0	0	0	0	0
C	Marios	16	100	2	1	19____	71788	1	0	0	0	0	0	0	0	1	0	0
C	Marios	16	100	2	1	19____	71951	1	3	2	0	1	0	0	0	0	0	0
C	Marios	16	100	2	1	19____	71974	3	0	0	0	0	0	0	0	1	0	0
C	Marios	16	100	2	1	19____	72117	3	0	0	0	1	0	0	0	0	0	0
C	Marios	16	100	2	1	19____	72154	3	0	0	0	0	0	0	0	1	0	0
C	Marios	16	100	2	1	19____	72201	3	1	0	0	0	0	0	0	0	0	0
C	Marios	16	100	2	1	19____	72219	1	0	0	1	0	0	0	0	0	0	0
C	Marios	16	100	2	1	19____	72226	1	0	0	0	0	0	0	1	0	0	0
C	Marios	16	100	2	1	19____	72433	1	0	0	1	0	0	0	0	0	0	0
C	Marios	16	100	2	1	19____	72441	1	0	0	0	0	0	0	1	0	0	0
C	Marios	16	100	2	1	19____	90000	1	4	0	0	0	0	0	0	0	0	0
C	Marios	16	100	2	1	19____	90250	4	-1	0	0	0	0	0	0	0	0	0
C	Marios	16	100	4	1	21____	0	0	1	0	0	0	0	0	0	0	0	0
C	Marios	16	100	4	1	21____	35679	1	3	2	0	1	0	0	0	0	0	0
C	Marios	16	100	4	1	21____	35709	3	0	0	0	0	0	0	0	1	0	0
C	Marios	16	100	4	1	21____	35929	3	1	0	0	0	0	0	0	0	0	0
C	Marios	16	100	4	1	21____	37546	1	0	0	0	1	0	0	0	0	0	0
C	Marios	16	100	4	1	21____	37558	1	0	0	0	0	0	0	0	1	0	0
C	Marios	16	100	4	1	21____	79920	1	2	1	1	0	0	0	0	0	0	0
C	Marios	16	100	4	1	21____	79928	2	0	0	0	0	0	0	1	0	0	0
C	Marios	16	100	4	1	21____	80170	2	1	0	0	0	0	0	0	0	0	0
C	Marios	16	100	4	1	21____	86731	1	0	0	0	1	0	0	0	0	0	0
C	Marios	16	100	4	1	21____	86831	1	0	0	0	0	0	0	0	1	0	0
C	Marios	16	100	4	1	21____	90000	1	4	0	0	0	0	0	0	0	0	0
C	Marios	16	100	4	1	21____	90250	4	-1	0	0	0	0	0	0	0	0	0
C	Marios	16	100	5	1	42____	0	0	1	0	0	0	0	0	0	0	0	0
C	Marios	16	100	5	1	42____	2294	1	2	1	1	0	0	0	0	0	0	0
C	Marios	16	100	5	1	42____	2328	2	0	0	0	0	0	0	1	0	0	0
C	Marios	16	100	5	1	42____	2544	2	1	0	0	0	0	0	0	0	0	0
C	Marios	16	100	5	1	42____	5160	1	3	2	0	1	0	0	0	0	0	0
C	Marios	16	100	5	1	42____	5214	3	0	0	0	0	0	0	0	1	0	0
C	Marios	16	100	5	1	42____	5410	3	1	0	0	0	0	0	0	0	0	0
C	Marios	16	100	5	1	42____	30543	1	2	1	1	0	0	0	0	0	0	0
C	Marios	16	100	5	1	42____	30562	2	0	0	0	0	0	0	1	0	0	0
C	Marios	16	100	5	1	42____	30793	2	1	0	0	0	0	0	0	0	0	0
C	Marios	16	100	5	1	42____	32633	1	0	0	1	0	0	0	0	0	0	0
C	Marios	16	100	5	1	42____	32731	1	0	0	0	0	0	0	1	0	0	0
C	Marios	16	100	5	1	42____	48425	1	2	1	1	0	0	0	0	0	0	0
C	Marios	16	100	5	1	42____	48457	2	0	0	0	0	0	0	1	0	0	0
C	Marios	16	100	5	1	42____	48675	2	1	0	0	0	0	0	0	0	0	0
C	Marios	16	100	5	1	42____	49306	1	2	1	1	0	0	0	0	0	0	0
C	Marios	16	100	5	1	42____	49343	2	0	0	0	0	0	0	1	0	0	0
C	Marios	16	100	5	1	42____	49556	2	1	0	0	0	0	0	0	0	0	0
C	Marios	16	100	5	1	42____	63358	1	3	2	0	1	0	0	0	0	0	0
C	Marios	16	100	5	1	42____	63369	3	0	0	0	0	0	0	0	1	0	0
C	Marios	16	100	5	1	42____	63608	3	1	0	0	0	0	0	0	0	0	0
C	Marios	16	100	5	1	42____	72702	1	0	0	0	1	0	0	0	0	0	0
C	Marios	16	100	5	1	42____	72745	1	0	0	0	0	0	0	0	1	0	0
C	Marios	16	100	5	1	42____	90000	1	4	0	0	0	0	0	0	0	0	0
C	Marios	16	100	5	1	42____	90250	4	-1	0	0	0	0	0	0	0	0	0
C	Marios	16	100	6	1	44____	0	0	1	0	0	0	0	0	0	0	0	0
C	Marios	16	100	6	1	44____	236	1	3	2	0	1	0	0	0	0	0	0
C	Marios	16	100	6	1	44____	245	3	0	0	0	0	0	0	0	1	0	0
C	Marios	16	100	6	1	44____	486	3	1	0	0	0	0	0	0	0	0	0
C	Marios	16	100	6	1	44____	2307	1	3	2	0	1	0	0	0	0	0	0
C	Marios	16	100	6	1	44____	2310	3	0	0	0	0	0	0	0	1	0	0
C	Marios	16	100	6	1	44____	2315	3	0	0	0	1	0	0	0	0	0	0
C	Marios	16	100	6	1	44____	2320	3	0	0	0	0	0	0	0	1	0	0
C	Marios	16	100	6	1	44____	2325	3	0	0	0	1	0	0	0	0	0	0
C	Marios	16	100	6	1	44____	2329	3	0	0	0	0	0	0	0	1	0	0
C	Marios	16	100	6	1	44____	2557	3	1	0	0	0	0	0	0	0	0	0
C	Marios	16	100	6	1	44____	18798	1	2	1	1	0	0	0	0	0	0	0
C	Marios	16	100	6	1	44____	18803	2	0	0	0	0	0	0	1	0	0	0
C	Marios	16	100	6	1	44____	18835	2	0	0	1	0	0	0	0	0	0	0
C	Marios	16	100	6	1	44____	18856	2	0	0	0	0	0	0	1	0	0	0
C	Marios	16	100	6	1	44____	19048	2	1	0	0	0	0	0	0	0	0	0
C	Marios	16	100	6	1	44____	21263	1	3	2	0	1	0	0	0	0	0	0
C	Marios	16	100	6	1	44____	21271	3	0	0	0	0	0	0	0	1	0	0
C	Marios	16	100	6	1	44____	21277	3	0	0	0	1	0	0	0	0	0	0
C	Marios	16	100	6	1	44____	21282	3	0	0	0	0	0	0	0	1	0	0
C	Marios	16	100	6	1	44____	21286	3	0	0	0	1	0	0	0	0	0	0
C	Marios	16	100	6	1	44____	21291	3	0	0	0	0	0	0	0	1	0	0
C	Marios	16	100	6	1	44____	21312	3	0	0	0	1	0	0	0	0	0	0
C	Marios	16	100	6	1	44____	21317	3	0	0	0	0	0	0	0	1	0	0
C	Marios	16	100	6	1	44____	21321	3	0	0	0	1	0	0	0	0	0	0
C	Marios	16	100	6	1	44____	21325	3	0	0	0	0	0	0	0	1	0	0
C	Marios	16	100	6	1	44____	21331	3	0	0	0	1	0	0	0	0	0	0
C	Marios	16	100	6	1	44____	21333	3	0	0	0	0	0	0	0	1	0	0
C	Marios	16	100	6	1	44____	21389	3	0	0	0	1	0	0	0	0	0	0
C	Marios	16	100	6	1	44____	21391	3	0	0	0	0	0	0	0	1	0	0
C	Marios	16	100	6	1	44____	21513	3	1	0	0	0	0	0	0	0	0	0
C	Marios	16	100	6	1	44____	35540	1	0	0	1	0	0	0	0	0	0	0
C	Marios	16	100	6	1	44____	35550	1	0	0	0	0	0	0	1	0	0	0
C	Marios	16	100	6	1	44____	35592	1	2	1	1	0	0	0	0	0	0	0
C	Marios	16	100	6	1	44____	35594	2	0	0	0	0	0	0	1	0	0	0
C	Marios	16	100	6	1	44____	35842	2	1	0	0	0	0	0	0	0	0	0
C	Marios	16	100	6	1	44____	38550	1	0	0	0	1	0	0	0	0	0	0
C	Marios	16	100	6	1	44____	38567	1	0	0	0	0	0	0	0	1	0	0
C	Marios	16	100	6	1	44____	38616	1	0	0	0	1	0	0	0	0	0	0
C	Marios	16	100	6	1	44____	38629	1	0	0	0	0	0	0	0	1	0	0
C	Marios	16	100	6	1	44____	38659	1	3	2	0	1	0	0	0	0	0	0
C	Marios	16	100	6	1	44____	38665	3	0	0	0	0	0	0	0	1	0	0
C	Marios	16	100	6	1	44____	38909	3	1	0	0	0	0	0	0	0	0	0
C	Marios	16	100	6	1	44____	49480	1	0	0	1	0	0	0	0	0	0	0
C	Marios	16	100	6	1	44____	49486	1	0	0	0	0	0	0	1	0	0	0
C	Marios	16	100	6	1	44____	49545	1	2	1	1	0	0	0	0	0	0	0
C	Marios	16	100	6	1	44____	49576	2	0	0	0	0	0	0	1	0	0	0
C	Marios	16	100	6	1	44____	49592	2	0	0	1	0	0	0	0	0	0	0
C	Marios	16	100	6	1	44____	49593	2	0	0	0	0	0	0	1	0	0	0
C	Marios	16	100	6	1	44____	49795	2	1	0	0	0	0	0	0	0	0	0
C	Marios	16	100	6	1	44____	58829	1	0	0	0	1	0	0	0	0	0	0
C	Marios	16	100	6	1	44____	58832	1	0	0	0	0	0	0	0	1	0	0
C	Marios	16	100	6	1	44____	61785	1	0	0	0	1	0	0	0	0	0	0
C	Marios	16	100	6	1	44____	61791	1	0	0	0	0	0	0	0	1	0	0
C	Marios	16	100	6	1	44____	85269	1	2	1	1	0	0	0	0	0	0	0
C	Marios	16	100	6	1	44____	85384	2	0	0	0	0	0	0	1	0	0	0
C	Marios	16	100	6	1	44____	85405	2	0	0	1	0	0	0	0	0	0	0
C	Marios	16	100	6	1	44____	85428	2	0	0	0	0	0	0	1	0	0	0
C	Marios	16	100	6	1	44____	85447	2	0	0	1	0	0	0	0	0	0	0
C	Marios	16	100	6	1	44____	85460	2	0	0	0	0	0	0	1	0	0	0
C	Marios	16	100	6	1	44____	85519	2	1	0	0	0	0	0	0	0	0	0
C	Marios	16	100	6	1	44____	87297	1	0	0	0	1	0	0	0	0	0	0
C	Marios	16	100	6	1	44____	87301	1	0	0	0	0	0	0	0	1	0	0
C	Marios	16	100	6	1	44____	87307	1	0	0	0	1	0	0	0	0	0	0
C	Marios	16	100	6	1	44____	87310	1	0	0	0	0	0	0	0	1	0	0
C	Marios	16	100	6	1	44____	87571	1	3	2	0	1	0	0	0	0	0	0
C	Marios	16	100	6	1	44____	87573	3	0	0	0	0	0	0	0	1	0	0
C	Marios	16	100	6	1	44____	87587	3	0	0	0	1	0	0	0	0	0	0
C	Marios	16	100	6	1	44____	87589	3	0	0	0	0	0	0	0	1	0	0
C	Marios	16	100	6	1	44____	87821	3	1	0	0	0	0	0	0	0	0	0
C	Marios	16	100	6	1	44____	90000	1	4	0	0	0	0	0	0	0	0	0
C	Marios	16	100	6	1	44____	90250	4	-1	0	0	0	0	0	0	0	0	0
C	Marios	16	101	1	1	23____	0	0	1	0	0	0	0	0	0	0	0	0
C	Marios	16	101	1	1	23____	1274	1	3	2	0	1	0	0	0	0	0	0
C	Marios	16	101	1	1	23____	1524	3	1	0	0	0	0	0	0	0	0	0
C	Marios	16	101	1	1	23____	1753	1	0	0	0	0	0	0	0	1	0	0
C	Marios	16	101	1	1	23____	2741	1	3	2	0	1	0	0	0	0	0	0
C	Marios	16	101	1	1	23____	2771	3	0	0	0	0	0	0	0	1	0	0
C	Marios	16	101	1	1	23____	2991	3	1	0	0	0	0	0	0	0	0	0
C	Marios	16	101	1	1	23____	3989	1	0	0	1	0	0	0	0	0	0	0
C	Marios	16	101	1	1	23____	3992	1	0	0	0	0	0	0	1	0	0	0
C	Marios	16	101	1	1	23____	4111	1	3	2	0	1	0	0	0	0	0	0
C	Marios	16	101	1	1	23____	4171	3	0	0	0	0	0	0	0	1	0	0
C	Marios	16	101	1	1	23____	4361	3	1	0	0	0	0	0	0	0	0	0
C	Marios	16	101	1	1	23____	6358	1	0	0	0	1	0	0	0	0	0	0
C	Marios	16	101	1	1	23____	6390	1	0	0	0	0	0	0	0	1	0	0
C	Marios	16	101	1	1	23____	6409	1	3	2	0	1	0	0	0	0	0	0
C	Marios	16	101	1	1	23____	6493	3	0	0	0	0	0	0	0	1	0	0
C	Marios	16	101	1	1	23____	6659	3	1	0	0	0	0	0	0	0	0	0
C	Marios	16	101	1	1	23____	9336	1	0	0	0	1	0	0	0	0	0	0
C	Marios	16	101	1	1	23____	9397	1	0	0	0	0	0	0	0	1	0	0
C	Marios	16	101	1	1	23____	12381	1	3	2	0	1	0	0	0	0	0	0
C	Marios	16	101	1	1	23____	12631	3	1	0	0	0	0	0	0	0	0	0
C	Marios	16	101	1	1	23____	12767	1	0	0	1	0	0	0	0	0	0	0
C	Marios	16	101	1	1	23____	12789	1	0	0	0	0	0	0	1	0	0	0
C	Marios	16	101	1	1	23____	12791	1	0	0	0	0	0	0	0	1	0	0
C	Marios	16	101	1	1	23____	12935	1	0	0	0	1	0	0	0	0	0	0
C	Marios	16	101	1	1	23____	13173	1	0	0	0	0	0	0	0	1	0	0
C	Marios	16	101	1	1	23____	13862	1	3	2	0	1	0	0	0	0	0	0
C	Marios	16	101	1	1	23____	13899	3	0	0	0	0	0	0	0	1	0	0
C	Marios	16	101	1	1	23____	14112	3	1	0	0	0	0	0	0	0	0	0
C	Marios	16	101	1	1	23____	15418	1	3	2	0	1	0	0	0	0	0	0
C	Marios	16	101	1	1	23____	15565	3	0	0	0	0	0	0	0	1	0	0
C	Marios	16	101	1	1	23____	15668	3	1	0	0	0	0	0	0	0	0	0
C	Marios	16	101	1	1	23____	16490	1	3	2	0	1	0	0	0	0	0	0
C	Marios	16	101	1	1	23____	16590	3	0	0	0	0	0	0	0	1	0	0
C	Marios	16	101	1	1	23____	16626	3	0	0	0	1	0	0	0	0	0	0
C	Marios	16	101	1	1	23____	16690	3	0	0	0	0	0	0	0	1	0	0
C	Marios	16	101	1	1	23____	16740	3	1	0	0	0	0	0	0	0	0	0
C	Marios	16	101	1	1	23____	16936	1	3	2	0	1	0	0	0	0	0	0
C	Marios	16	101	1	1	23____	16939	3	0	0	0	0	0	0	0	1	0	0
C	Marios	16	101	1	1	23____	16993	3	0	0	0	1	0	0	0	0	0	0
C	Marios	16	101	1	1	23____	17186	3	1	0	0	0	0	0	0	0	0	0
C	Marios	16	101	1	1	23____	20514	1	0	0	0	0	0	0	0	1	0	0
C	Marios	16	101	1	1	23____	20653	1	0	0	1	0	0	0	0	0	0	0
C	Marios	16	101	1	1	23____	20672	1	0	0	0	0	0	0	1	0	0	0
C	Marios	16	101	1	1	23____	20707	1	0	0	1	0	0	0	0	0	0	0
C	Marios	16	101	1	1	23____	20725	1	0	0	0	0	0	0	1	0	0	0
C	Marios	16	101	1	1	23____	20826	1	2	1	1	0	0	0	0	0	0	0
C	Marios	16	101	1	1	23____	20875	2	0	0	0	0	0	0	1	0	0	0
C	Marios	16	101	1	1	23____	21076	2	1	0	0	0	0	0	0	0	0	0
C	Marios	16	101	1	1	23____	30307	1	0	0	1	0	0	0	0	0	0	0
C	Marios	16	101	1	1	23____	30329	1	0	0	0	0	0	0	1	0	0	0
C	Marios	16	101	1	1	23____	31203	1	3	2	0	1	0	0	0	0	0	0
C	Marios	16	101	1	1	23____	31231	3	0	0	0	0	0	0	0	1	0	0
C	Marios	16	101	1	1	23____	31453	3	1	0	0	0	0	0	0	0	0	0
C	Marios	16	101	1	1	23____	33157	1	0	0	0	1	0	0	0	0	0	0
C	Marios	16	101	1	1	23____	33234	1	0	0	0	0	0	0	0	1	0	0
C	Marios	16	101	1	1	23____	33428	1	0	0	1	0	0	0	0	0	0	0
C	Marios	16	101	1	1	23____	33478	1	0	0	0	0	0	0	1	0	0	0
C	Marios	16	101	1	1	23____	33517	1	2	1	1	0	0	0	0	0	0	0
C	Marios	16	101	1	1	23____	33525	2	0	0	0	0	0	0	1	0	0	0
C	Marios	16	101	1	1	23____	33576	2	0	0	1	0	0	0	0	0	0	0
C	Marios	16	101	1	1	23____	33659	2	0	0	0	0	0	0	1	0	0	0
C	Marios	16	101	1	1	23____	33688	2	0	0	1	0	0	0	0	0	0	0
C	Marios	16	101	1	1	23____	33712	2	0	0	0	0	0	0	1	0	0	0
C	Marios	16	101	1	1	23____	33715	2	0	0	1	0	0	0	0	0	0	0
C	Marios	16	101	1	1	23____	33722	2	0	0	0	0	0	0	1	0	0	0
C	Marios	16	101	1	1	23____	33767	2	1	0	0	0	0	0	0	0	0	0
C	Marios	16	101	1	1	23____	39503	1	0	0	0	1	0	0	0	0	0	0
C	Marios	16	101	1	1	23____	39527	1	0	0	0	0	0	0	0	1	0	0
C	Marios	16	101	1	1	23____	40082	1	0	0	0	1	0	0	0	0	0	0
C	Marios	16	101	1	1	23____	42500	1	2	1	1	0	0	0	0	0	0	0
C	Marios	16	101	1	1	23____	42511	2	0	0	0	0	0	0	1	0	0	0
C	Marios	16	101	1	1	23____	42650	2	0	0	1	0	0	0	0	0	0	0
C	Marios	16	101	1	1	23____	42652	2	0	0	0	0	0	0	1	0	0	0
C	Marios	16	101	1	1	23____	42661	2	0	0	1	0	0	0	0	0	0	0
C	Marios	16	101	1	1	23____	42678	2	0	0	0	0	0	0	1	0	0	0
C	Marios	16	101	1	1	23____	42743	2	0	0	1	0	0	0	0	0	0	0
C	Marios	16	101	1	1	23____	42750	2	1	0	0	0	0	0	0	0	0	0
C	Marios	16	101	1	1	23____	42760	1	0	0	0	0	0	0	1	0	0	0
C	Marios	16	101	1	1	23____	42762	1	2	1	1	0	0	0	0	0	0	0
C	Marios	16	101	1	1	23____	42774	2	0	0	0	0	0	0	1	0	0	0
C	Marios	16	101	1	1	23____	43012	2	1	0	0	0	0	0	0	0	0	0
C	Marios	16	101	1	1	23____	45392	1	0	0	0	0	0	0	0	1	0	0
C	Marios	16	101	1	1	23____	45396	1	0	0	0	1	0	0	0	0	0	0
C	Marios	16	101	1	1	23____	45444	1	0	0	0	0	0	0	0	1	0	0
C	Marios	16	101	1	1	23____	45453	1	0	0	0	1	0	0	0	0	0	0
C	Marios	16	101	1	1	23____	45827	1	0	0	0	0	0	0	0	1	0	0
C	Marios	16	101	1	1	23____	45871	1	3	2	0	1	0	0	0	0	0	0
C	Marios	16	101	1	1	23____	46121	3	1	0	0	0	0	0	0	0	0	0
C	Marios	16	101	1	1	23____	46547	1	0	0	1	0	0	0	0	0	0	0
C	Marios	16	101	1	1	23____	46551	1	0	0	0	0	0	0	1	0	0	0
C	Marios	16	101	1	1	23____	46760	1	0	0	1	0	0	0	0	0	0	0
C	Marios	16	101	1	1	23____	46773	1	0	0	0	0	0	0	1	0	0	0
C	Marios	16	101	1	1	23____	46775	1	2	1	1	0	0	0	0	0	0	0
C	Marios	16	101	1	1	23____	46777	2	0	0	0	0	0	0	1	0	0	0
C	Marios	16	101	1	1	23____	46783	2	0	0	1	0	0	0	0	0	0	0
C	Marios	16	101	1	1	23____	46787	2	0	0	0	0	0	0	1	0	0	0
C	Marios	16	101	1	1	23____	47025	2	1	0	0	0	0	0	0	0	0	0
C	Marios	16	101	1	1	23____	47185	1	0	0	0	0	0	0	0	1	0	0
C	Marios	16	101	1	1	23____	47217	1	0	0	0	1	0	0	0	0	0	0
C	Marios	16	101	1	1	23____	47297	1	0	0	0	0	0	0	0	1	0	0
C	Marios	16	101	1	1	23____	47325	1	3	2	0	1	0	0	0	0	0	0
C	Marios	16	101	1	1	23____	47357	3	0	0	0	0	0	0	0	1	0	0
C	Marios	16	101	1	1	23____	47543	3	0	0	0	1	0	0	0	0	0	0
C	Marios	16	101	1	1	23____	47559	3	0	0	0	0	0	0	0	1	0	0
C	Marios	16	101	1	1	23____	47570	3	0	0	0	1	0	0	0	0	0	0
C	Marios	16	101	1	1	23____	47575	3	1	0	0	0	0	0	0	0	0	0
C	Marios	16	101	1	1	23____	47606	1	0	0	0	0	0	0	0	1	0	0
C	Marios	16	101	1	1	23____	47827	1	0	0	0	1	0	0	0	0	0	0
C	Marios	16	101	1	1	23____	48002	1	0	0	0	0	0	0	0	1	0	0
C	Marios	16	101	1	1	23____	48042	1	0	0	0	1	0	0	0	0	0	0
C	Marios	16	101	1	1	23____	48205	1	0	0	0	0	0	0	0	1	0	0
C	Marios	16	101	1	1	23____	49249	1	2	1	1	0	0	0	0	0	0	0
C	Marios	16	101	1	1	23____	49306	2	0	0	0	0	0	0	1	0	0	0
C	Marios	16	101	1	1	23____	49499	2	1	0	0	0	0	0	0	0	0	0
C	Marios	16	101	1	1	23____	59984	1	2	1	1	0	0	0	0	0	0	0
C	Marios	16	101	1	1	23____	60065	2	0	0	0	0	0	0	1	0	0	0
C	Marios	16	101	1	1	23____	60234	2	1	0	0	0	0	0	0	0	0	0
C	Marios	16	101	1	1	23____	82084	1	0	0	1	0	0	0	0	0	0	0
C	Marios	16	101	1	1	23____	82091	1	0	0	0	0	0	0	1	0	0	0
C	Marios	16	101	1	1	23____	89146	1	0	0	1	0	0	0	0	0	0	0
C	Marios	16	101	1	1	23____	89532	1	0	0	0	0	0	0	1	0	0	0
C	Marios	16	101	1	1	23____	90000	1	4	0	0	0	0	0	0	0	0	0
C	Marios	16	101	1	1	23____	90250	4	-1	0	0	0	0	0	0	0	0	0
