Project	UserID	Protocol	Session	Station	Run	Subject	Time	Current State	Transition State	Transition Event	A1 - LLR	A2 - RLR	A3 - MAG	A4 - 	A[1] LLR_OFF	A[2] RLR_OFF	A[3] MAG_OFF	A[4] 
C	Marios	21	141	12	1	6_____	0	0	1	0	0	0	0	0	0	0	0	0
C	Marios	21	141	12	1	6_____	345	1	0	0	0	0	1	0	0	0	0	0
C	Marios	21	141	12	1	6_____	347	1	0	0	0	0	0	0	0	0	1	0
C	Marios	21	141	12	1	6_____	351	1	0	0	0	0	1	0	0	0	0	0
C	Marios	21	141	12	1	6_____	359	1	0	0	0	0	0	0	0	0	1	0
C	Marios	21	141	12	1	6_____	2103	1	0	0	0	0	1	0	0	0	0	0
C	Marios	21	141	12	1	6_____	2118	1	0	0	0	0	0	0	0	0	1	0
C	Marios	21	141	12	1	6_____	3000	1	2	0	0	0	0	0	0	0	0	0
C	Marios	21	141	12	1	6_____	3500	2	17	0	0	0	0	0	0	0	0	0
C	Marios	21	141	12	1	6_____	4000	17	15	0	0	0	0	0	0	0	0	0
C	Marios	21	141	12	1	6_____	4500	15	1	0	0	0	0	0	0	0	0	0
C	Marios	21	141	12	1	6_____	8250	1	2	0	0	0	0	0	0	0	0	0
C	Marios	21	141	12	1	6_____	8285	2	0	0	0	0	1	0	0	0	0	0
C	Marios	21	141	12	1	6_____	8322	2	0	0	0	0	0	0	0	0	1	0
C	Marios	21	141	12	1	6_____	8750	2	7	0	0	0	0	0	0	0	0	0
C	Marios	21	141	12	1	6_____	8897	7	0	0	0	0	1	0	0	0	0	0
C	Marios	21	141	12	1	6_____	8914	7	0	0	0	0	0	0	0	0	1	0
C	Marios	21	141	12	1	6_____	9250	7	11	0	0	0	0	0	0	0	0	0
C	Marios	21	141	12	1	6_____	9436	11	0	0	0	0	1	0	0	0	0	0
C	Marios	21	141	12	1	6_____	9519	11	0	0	0	0	0	0	0	0	1	0
C	Marios	21	141	12	1	6_____	9750	11	1	0	0	0	0	0	0	0	0	0
C	Marios	21	141	12	1	6_____	10144	1	0	0	0	0	1	0	0	0	0	0
C	Marios	21	141	12	1	6_____	10166	1	0	0	0	0	0	0	0	0	1	0
C	Marios	21	141	12	1	6_____	12998	1	0	0	0	0	1	0	0	0	0	0
C	Marios	21	141	12	1	6_____	13015	1	0	0	0	0	0	0	0	0	1	0
C	Marios	21	141	12	1	6_____	14265	1	0	0	0	0	1	0	0	0	0	0
C	Marios	21	141	12	1	6_____	14269	1	0	0	0	0	0	0	0	0	1	0
C	Marios	21	141	12	1	6_____	14287	1	0	0	0	0	1	0	0	0	0	0
C	Marios	21	141	12	1	6_____	14382	1	0	0	0	0	0	0	0	0	1	0
C	Marios	21	141	12	1	6_____	15345	1	0	0	0	0	1	0	0	0	0	0
C	Marios	21	141	12	1	6_____	15414	1	0	0	0	0	0	0	0	0	1	0
C	Marios	21	141	12	1	6_____	16489	1	0	0	0	0	1	0	0	0	0	0
C	Marios	21	141	12	1	6_____	16591	1	0	0	0	0	0	0	0	0	1	0
C	Marios	21	141	12	1	6_____	17250	1	2	0	0	0	0	0	0	0	0	0
C	Marios	21	141	12	1	6_____	17310	2	0	0	0	0	1	0	0	0	0	0
C	Marios	21	141	12	1	6_____	17376	2	0	0	0	0	0	0	0	0	1	0
C	Marios	21	141	12	1	6_____	17750	2	16	0	0	0	0	0	0	0	0	0
C	Marios	21	141	12	1	6_____	18250	16	15	0	0	0	0	0	0	0	0	0
C	Marios	21	141	12	1	6_____	18602	15	0	0	0	0	1	0	0	0	0	0
C	Marios	21	141	12	1	6_____	18612	15	0	0	0	0	0	0	0	0	1	0
C	Marios	21	141	12	1	6_____	18644	15	0	0	0	0	1	0	0	0	0	0
C	Marios	21	141	12	1	6_____	18688	15	0	0	0	0	0	0	0	0	1	0
C	Marios	21	141	12	1	6_____	18750	15	1	0	0	0	0	0	0	0	0	0
C	Marios	21	141	12	1	6_____	19013	1	0	0	0	0	1	0	0	0	0	0
C	Marios	21	141	12	1	6_____	19015	1	0	0	0	0	0	0	0	0	1	0
C	Marios	21	141	12	1	6_____	19016	1	0	0	0	0	1	0	0	0	0	0
C	Marios	21	141	12	1	6_____	19022	1	0	0	0	0	0	0	0	0	1	0
C	Marios	21	141	12	1	6_____	20250	1	2	0	0	0	0	0	0	0	0	0
C	Marios	21	141	12	1	6_____	20750	2	6	0	0	0	0	0	0	0	0	0
C	Marios	21	141	12	1	6_____	20905	6	0	0	0	0	1	0	0	0	0	0
C	Marios	21	141	12	1	6_____	20921	6	0	0	0	0	0	0	0	0	1	0
C	Marios	21	141	12	1	6_____	20927	6	0	0	0	0	1	0	0	0	0	0
C	Marios	21	141	12	1	6_____	20977	6	0	0	0	0	0	0	0	0	1	0
C	Marios	21	141	12	1	6_____	21009	6	0	0	0	0	1	0	0	0	0	0
C	Marios	21	141	12	1	6_____	21017	6	0	0	0	0	0	0	0	0	1	0
C	Marios	21	141	12	1	6_____	21033	6	0	0	0	0	1	0	0	0	0	0
C	Marios	21	141	12	1	6_____	21045	6	0	0	0	0	0	0	0	0	1	0
C	Marios	21	141	12	1	6_____	21071	6	0	0	0	0	1	0	0	0	0	0
C	Marios	21	141	12	1	6_____	21088	6	0	0	0	0	0	0	0	0	1	0
C	Marios	21	141	12	1	6_____	21106	6	0	0	0	0	1	0	0	0	0	0
C	Marios	21	141	12	1	6_____	21249	6	0	0	0	0	0	0	0	0	1	0
C	Marios	21	141	12	1	6_____	21250	6	10	0	0	0	0	0	0	0	0	0
C	Marios	21	141	12	1	6_____	21257	10	0	0	0	0	1	0	0	0	0	0
C	Marios	21	141	12	1	6_____	21523	10	0	0	0	0	0	0	0	0	1	0
C	Marios	21	141	12	1	6_____	21527	10	0	0	0	0	1	0	0	0	0	0
C	Marios	21	141	12	1	6_____	21639	10	0	0	0	0	0	0	0	0	1	0
C	Marios	21	141	12	1	6_____	21750	10	1	0	0	0	0	0	0	0	0	0
C	Marios	21	141	12	1	6_____	21825	1	0	0	0	0	1	0	0	0	0	0
C	Marios	21	141	12	1	6_____	21940	1	0	0	0	0	0	0	0	0	1	0
C	Marios	21	141	12	1	6_____	23181	1	0	0	0	0	1	0	0	0	0	0
C	Marios	21	141	12	1	6_____	23185	1	0	0	0	0	0	0	0	0	1	0
C	Marios	21	141	12	1	6_____	23190	1	0	0	0	0	1	0	0	0	0	0
C	Marios	21	141	12	1	6_____	23334	1	0	0	0	0	0	0	0	0	1	0
C	Marios	21	141	12	1	6_____	25377	1	0	0	0	0	1	0	0	0	0	0
C	Marios	21	141	12	1	6_____	25459	1	0	0	0	0	0	0	0	0	1	0
C	Marios	21	141	12	1	6_____	25475	1	0	0	0	0	1	0	0	0	0	0
C	Marios	21	141	12	1	6_____	25486	1	0	0	0	0	0	0	0	0	1	0
C	Marios	21	141	12	1	6_____	25492	1	0	0	0	0	1	0	0	0	0	0
C	Marios	21	141	12	1	6_____	25496	1	0	0	0	0	0	0	0	0	1	0
C	Marios	21	141	12	1	6_____	25947	1	0	0	0	0	1	0	0	0	0	0
C	Marios	21	141	12	1	6_____	25978	1	0	0	0	0	0	0	0	0	1	0
C	Marios	21	141	12	1	6_____	25981	1	0	0	0	0	1	0	0	0	0	0
C	Marios	21	141	12	1	6_____	25983	1	0	0	0	0	0	0	0	0	1	0
C	Marios	21	141	12	1	6_____	25984	1	0	0	0	0	1	0	0	0	0	0
C	Marios	21	141	12	1	6_____	26003	1	0	0	0	0	0	0	0	0	1	0
C	Marios	21	141	12	1	6_____	27000	1	2	0	0	0	0	0	0	0	0	0
C	Marios	21	141	12	1	6_____	27500	2	17	0	0	0	0	0	0	0	0	0
C	Marios	21	141	12	1	6_____	28000	17	15	0	0	0	0	0	0	0	0	0
C	Marios	21	141	12	1	6_____	28500	15	1	0	0	0	0	0	0	0	0	0
C	Marios	21	141	12	1	6_____	30687	1	0	0	0	0	1	0	0	0	0	0
C	Marios	21	141	12	1	6_____	30758	1	0	0	0	0	0	0	0	0	1	0
C	Marios	21	141	12	1	6_____	30808	1	0	0	0	0	1	0	0	0	0	0
C	Marios	21	141	12	1	6_____	30836	1	0	0	0	0	0	0	0	0	1	0
C	Marios	21	141	12	1	6_____	31798	1	0	0	0	0	1	0	0	0	0	0
C	Marios	21	141	12	1	6_____	31894	1	0	0	0	0	0	0	0	0	1	0
C	Marios	21	141	12	1	6_____	32897	1	0	0	0	0	1	0	0	0	0	0
C	Marios	21	141	12	1	6_____	32984	1	0	0	0	0	0	0	0	0	1	0
C	Marios	21	141	12	1	6_____	32995	1	0	0	0	0	1	0	0	0	0	0
C	Marios	21	141	12	1	6_____	33000	1	2	0	0	0	0	0	0	0	0	0
C	Marios	21	141	12	1	6_____	33025	2	0	0	0	0	0	0	0	0	1	0
C	Marios	21	141	12	1	6_____	33029	2	0	0	0	0	1	0	0	0	0	0
C	Marios	21	141	12	1	6_____	33100	2	0	0	0	0	0	0	0	0	1	0
C	Marios	21	141	12	1	6_____	33500	2	16	0	0	0	0	0	0	0	0	0
C	Marios	21	141	12	1	6_____	33610	16	0	0	0	0	1	0	0	0	0	0
C	Marios	21	141	12	1	6_____	33613	16	0	0	0	0	0	0	0	0	1	0
C	Marios	21	141	12	1	6_____	34000	16	15	0	0	0	0	0	0	0	0	0
C	Marios	21	141	12	1	6_____	34500	15	1	0	0	0	0	0	0	0	0	0
C	Marios	21	141	12	1	6_____	36950	1	0	0	0	0	1	0	0	0	0	0
C	Marios	21	141	12	1	6_____	37083	1	0	0	0	0	0	0	0	0	1	0
C	Marios	21	141	12	1	6_____	37281	1	0	0	0	0	1	0	0	0	0	0
C	Marios	21	141	12	1	6_____	37304	1	0	0	0	0	0	0	0	0	1	0
C	Marios	21	141	12	1	6_____	37318	1	0	0	0	0	1	0	0	0	0	0
C	Marios	21	141	12	1	6_____	37379	1	0	0	0	0	0	0	0	0	1	0
C	Marios	21	141	12	1	6_____	37426	1	0	0	0	0	1	0	0	0	0	0
C	Marios	21	141	12	1	6_____	37440	1	0	0	0	0	0	0	0	0	1	0
C	Marios	21	141	12	1	6_____	37806	1	0	0	0	0	1	0	0	0	0	0
C	Marios	21	141	12	1	6_____	37816	1	0	0	0	0	0	0	0	0	1	0
C	Marios	21	141	12	1	6_____	37823	1	0	0	0	0	1	0	0	0	0	0
C	Marios	21	141	12	1	6_____	37888	1	0	0	0	0	0	0	0	0	1	0
C	Marios	21	141	12	1	6_____	37917	1	0	0	0	0	1	0	0	0	0	0
C	Marios	21	141	12	1	6_____	37921	1	0	0	0	0	0	0	0	0	1	0
C	Marios	21	141	12	1	6_____	39923	1	0	0	0	0	1	0	0	0	0	0
C	Marios	21	141	12	1	6_____	40198	1	0	0	0	0	0	0	0	0	1	0
C	Marios	21	141	12	1	6_____	40500	1	2	0	0	0	0	0	0	0	0	0
C	Marios	21	141	12	1	6_____	40955	2	0	0	0	0	1	0	0	0	0	0
C	Marios	21	141	12	1	6_____	40975	2	0	0	0	0	0	0	0	0	1	0
C	Marios	21	141	12	1	6_____	41000	2	17	0	0	0	0	0	0	0	0	0
C	Marios	21	141	12	1	6_____	41004	17	0	0	0	0	1	0	0	0	0	0
C	Marios	21	141	12	1	6_____	41007	17	0	0	0	0	0	0	0	0	1	0
C	Marios	21	141	12	1	6_____	41500	17	15	0	0	0	0	0	0	0	0	0
C	Marios	21	141	12	1	6_____	42000	15	1	0	0	0	0	0	0	0	0	0
C	Marios	21	141	12	1	6_____	42277	1	0	0	0	0	1	0	0	0	0	0
C	Marios	21	141	12	1	6_____	42336	1	0	0	0	0	0	0	0	0	1	0
C	Marios	21	141	12	1	6_____	43436	1	0	0	0	0	1	0	0	0	0	0
C	Marios	21	141	12	1	6_____	43532	1	0	0	0	0	0	0	0	0	1	0
C	Marios	21	141	12	1	6_____	43565	1	0	0	0	0	1	0	0	0	0	0
C	Marios	21	141	12	1	6_____	43567	1	0	0	0	0	0	0	0	0	1	0
C	Marios	21	141	12	1	6_____	44208	1	0	0	0	0	1	0	0	0	0	0
C	Marios	21	141	12	1	6_____	44211	1	0	0	0	0	0	0	0	0	1	0
C	Marios	21	141	12	1	6_____	44246	1	0	0	0	0	1	0	0	0	0	0
C	Marios	21	141	12	1	6_____	44384	1	0	0	0	0	0	0	0	0	1	0
C	Marios	21	141	12	1	6_____	45138	1	0	0	0	0	1	0	0	0	0	0
C	Marios	21	141	12	1	6_____	45257	1	0	0	0	0	0	0	0	0	1	0
C	Marios	21	141	12	1	6_____	45455	1	0	0	0	0	1	0	0	0	0	0
C	Marios	21	141	12	1	6_____	45457	1	0	0	0	0	0	0	0	0	1	0
C	Marios	21	141	12	1	6_____	45461	1	0	0	0	0	1	0	0	0	0	0
C	Marios	21	141	12	1	6_____	45464	1	0	0	0	0	0	0	0	0	1	0
C	Marios	21	141	12	1	6_____	45485	1	0	0	0	0	1	0	0	0	0	0
C	Marios	21	141	12	1	6_____	45487	1	0	0	0	0	0	0	0	0	1	0
C	Marios	21	141	12	1	6_____	45489	1	0	0	0	0	1	0	0	0	0	0
C	Marios	21	141	12	1	6_____	45491	1	0	0	0	0	0	0	0	0	1	0
C	Marios	21	141	12	1	6_____	46566	1	0	0	0	0	1	0	0	0	0	0
C	Marios	21	141	12	1	6_____	46716	1	0	0	0	0	0	0	0	0	1	0
C	Marios	21	141	12	1	6_____	47500	1	2	0	0	0	0	0	0	0	0	0
C	Marios	21	141	12	1	6_____	47784	2	0	0	0	0	1	0	0	0	0	0
C	Marios	21	141	12	1	6_____	47794	2	0	0	0	0	0	0	0	0	1	0
C	Marios	21	141	12	1	6_____	48000	2	17	0	0	0	0	0	0	0	0	0
C	Marios	21	141	12	1	6_____	48500	17	15	0	0	0	0	0	0	0	0	0
C	Marios	21	141	12	1	6_____	49000	15	1	0	0	0	0	0	0	0	0	0
C	Marios	21	141	12	1	6_____	49579	1	0	0	0	0	1	0	0	0	0	0
C	Marios	21	141	12	1	6_____	49605	1	0	0	0	0	0	0	0	0	1	0
C	Marios	21	141	12	1	6_____	51250	1	2	0	0	0	0	0	0	0	0	0
C	Marios	21	141	12	1	6_____	51750	2	7	0	0	0	0	0	0	0	0	0
C	Marios	21	141	12	1	6_____	51821	7	0	0	0	0	1	0	0	0	0	0
C	Marios	21	141	12	1	6_____	51866	7	0	0	0	0	0	0	0	0	1	0
C	Marios	21	141	12	1	6_____	51876	7	0	0	0	0	1	0	0	0	0	0
C	Marios	21	141	12	1	6_____	51958	7	0	0	0	0	0	0	0	0	1	0
C	Marios	21	141	12	1	6_____	51964	7	0	0	0	0	1	0	0	0	0	0
C	Marios	21	141	12	1	6_____	52027	7	0	0	0	0	0	0	0	0	1	0
C	Marios	21	141	12	1	6_____	52035	7	0	0	0	0	1	0	0	0	0	0
C	Marios	21	141	12	1	6_____	52044	7	0	0	0	0	0	0	0	0	1	0
C	Marios	21	141	12	1	6_____	52057	7	0	0	0	0	1	0	0	0	0	0
C	Marios	21	141	12	1	6_____	52144	7	0	0	0	0	0	0	0	0	1	0
C	Marios	21	141	12	1	6_____	52250	7	11	0	0	0	0	0	0	0	0	0
C	Marios	21	141	12	1	6_____	52274	11	0	0	0	0	1	0	0	0	0	0
C	Marios	21	141	12	1	6_____	52482	11	0	0	0	0	0	0	0	0	1	0
C	Marios	21	141	12	1	6_____	52495	11	0	0	0	0	1	0	0	0	0	0
C	Marios	21	141	12	1	6_____	52603	11	0	0	0	0	0	0	0	0	1	0
C	Marios	21	141	12	1	6_____	52626	11	0	0	0	0	1	0	0	0	0	0
C	Marios	21	141	12	1	6_____	52646	11	0	0	0	0	0	0	0	0	1	0
C	Marios	21	141	12	1	6_____	52711	11	0	0	0	0	1	0	0	0	0	0
C	Marios	21	141	12	1	6_____	52713	11	0	0	0	0	0	0	0	0	1	0
C	Marios	21	141	12	1	6_____	52714	11	0	0	0	0	1	0	0	0	0	0
C	Marios	21	141	12	1	6_____	52750	11	1	0	0	0	0	0	0	0	0	0
C	Marios	21	141	12	1	6_____	52776	1	0	0	0	0	0	0	0	0	1	0
C	Marios	21	141	12	1	6_____	52808	1	0	0	0	0	1	0	0	0	0	0
C	Marios	21	141	12	1	6_____	52835	1	0	0	0	0	0	0	0	0	1	0
C	Marios	21	141	12	1	6_____	53436	1	0	0	0	0	1	0	0	0	0	0
C	Marios	21	141	12	1	6_____	53695	1	0	0	0	0	0	0	0	0	1	0
C	Marios	21	141	12	1	6_____	53698	1	0	0	0	0	1	0	0	0	0	0
C	Marios	21	141	12	1	6_____	53700	1	0	0	0	0	0	0	0	0	1	0
C	Marios	21	141	12	1	6_____	53703	1	0	0	0	0	1	0	0	0	0	0
C	Marios	21	141	12	1	6_____	53797	1	0	0	0	0	0	0	0	0	1	0
C	Marios	21	141	12	1	6_____	54047	1	0	0	0	0	1	0	0	0	0	0
C	Marios	21	141	12	1	6_____	54159	1	0	0	0	0	0	0	0	0	1	0
C	Marios	21	141	12	1	6_____	54167	1	0	0	0	0	1	0	0	0	0	0
C	Marios	21	141	12	1	6_____	54169	1	0	0	0	0	0	0	0	0	1	0
C	Marios	21	141	12	1	6_____	55537	1	0	0	0	0	1	0	0	0	0	0
C	Marios	21	141	12	1	6_____	55621	1	0	0	0	0	0	0	0	0	1	0
C	Marios	21	141	12	1	6_____	56250	1	2	0	0	0	0	0	0	0	0	0
C	Marios	21	141	12	1	6_____	56298	2	0	0	0	0	1	0	0	0	0	0
C	Marios	21	141	12	1	6_____	56363	2	0	0	0	0	0	0	0	0	1	0
C	Marios	21	141	12	1	6_____	56680	2	0	0	0	0	1	0	0	0	0	0
C	Marios	21	141	12	1	6_____	56682	2	0	0	0	0	0	0	0	0	1	0
C	Marios	21	141	12	1	6_____	56750	2	6	0	0	0	0	0	0	0	0	0
C	Marios	21	141	12	1	6_____	56785	6	0	0	0	0	1	0	0	0	0	0
C	Marios	21	141	12	1	6_____	56798	6	0	0	0	0	0	0	0	0	1	0
C	Marios	21	141	12	1	6_____	56841	6	0	0	0	0	1	0	0	0	0	0
C	Marios	21	141	12	1	6_____	56885	6	0	0	0	0	0	0	0	0	1	0
C	Marios	21	141	12	1	6_____	56910	6	0	0	0	0	1	0	0	0	0	0
C	Marios	21	141	12	1	6_____	56954	6	0	0	0	0	0	0	0	0	1	0
C	Marios	21	141	12	1	6_____	56972	6	0	0	0	0	1	0	0	0	0	0
C	Marios	21	141	12	1	6_____	57007	6	0	0	0	0	0	0	0	0	1	0
C	Marios	21	141	12	1	6_____	57048	6	0	0	0	0	1	0	0	0	0	0
C	Marios	21	141	12	1	6_____	57055	6	0	0	0	0	0	0	0	0	1	0
C	Marios	21	141	12	1	6_____	57063	6	0	0	0	0	1	0	0	0	0	0
C	Marios	21	141	12	1	6_____	57083	6	0	0	0	0	0	0	0	0	1	0
C	Marios	21	141	12	1	6_____	57121	6	0	0	0	0	1	0	0	0	0	0
C	Marios	21	141	12	1	6_____	57161	6	0	0	0	0	0	0	0	0	1	0
C	Marios	21	141	12	1	6_____	57250	6	10	0	0	0	0	0	0	0	0	0
C	Marios	21	141	12	1	6_____	57281	10	0	0	0	0	1	0	0	0	0	0
C	Marios	21	141	12	1	6_____	57535	10	0	0	0	0	0	0	0	0	1	0
C	Marios	21	141	12	1	6_____	57750	10	1	0	0	0	0	0	0	0	0	0
C	Marios	21	141	12	1	6_____	58335	1	0	0	0	0	1	0	0	0	0	0
C	Marios	21	141	12	1	6_____	58566	1	0	0	0	0	0	0	0	0	1	0
C	Marios	21	141	12	1	6_____	60940	1	0	0	0	0	1	0	0	0	0	0
C	Marios	21	141	12	1	6_____	61185	1	0	0	0	0	0	0	0	0	1	0
C	Marios	21	141	12	1	6_____	62032	1	0	0	0	0	1	0	0	0	0	0
C	Marios	21	141	12	1	6_____	62250	1	2	0	0	0	0	0	0	0	0	0
C	Marios	21	141	12	1	6_____	62259	2	0	0	0	0	0	0	0	0	1	0
C	Marios	21	141	12	1	6_____	62750	2	16	0	0	0	0	0	0	0	0	0
C	Marios	21	141	12	1	6_____	63250	16	15	0	0	0	0	0	0	0	0	0
C	Marios	21	141	12	1	6_____	63329	15	0	0	0	0	1	0	0	0	0	0
C	Marios	21	141	12	1	6_____	63404	15	0	0	0	0	0	0	0	0	1	0
C	Marios	21	141	12	1	6_____	63477	15	0	0	0	0	1	0	0	0	0	0
C	Marios	21	141	12	1	6_____	63554	15	0	0	0	0	0	0	0	0	1	0
C	Marios	21	141	12	1	6_____	63750	15	1	0	0	0	0	0	0	0	0	0
C	Marios	21	141	12	1	6_____	63813	1	0	0	0	0	1	0	0	0	0	0
C	Marios	21	141	12	1	6_____	63833	1	0	0	0	0	0	0	0	0	1	0
C	Marios	21	141	12	1	6_____	63837	1	0	0	0	0	1	0	0	0	0	0
C	Marios	21	141	12	1	6_____	63896	1	0	0	0	0	0	0	0	0	1	0
C	Marios	21	141	12	1	6_____	65512	1	0	0	0	0	1	0	0	0	0	0
C	Marios	21	141	12	1	6_____	65756	1	0	0	0	0	0	0	0	0	1	0
C	Marios	21	141	12	1	6_____	65758	1	0	0	0	0	1	0	0	0	0	0
C	Marios	21	141	12	1	6_____	65766	1	0	0	0	0	0	0	0	0	1	0
C	Marios	21	141	12	1	6_____	67216	1	0	0	0	0	1	0	0	0	0	0
C	Marios	21	141	12	1	6_____	67223	1	0	0	0	0	0	0	0	0	1	0
C	Marios	21	141	12	1	6_____	67312	1	0	0	0	0	1	0	0	0	0	0
C	Marios	21	141	12	1	6_____	67649	1	0	0	0	0	0	0	0	0	1	0
C	Marios	21	141	12	1	6_____	67650	1	0	0	0	0	1	0	0	0	0	0
C	Marios	21	141	12	1	6_____	67749	1	0	0	0	0	0	0	0	0	1	0
C	Marios	21	141	12	1	6_____	68294	1	0	0	0	0	1	0	0	0	0	0
C	Marios	21	141	12	1	6_____	68324	1	0	0	0	0	0	0	0	0	1	0
C	Marios	21	141	12	1	6_____	68526	1	0	0	0	0	1	0	0	0	0	0
C	Marios	21	141	12	1	6_____	68615	1	0	0	0	0	0	0	0	0	1	0
C	Marios	21	141	12	1	6_____	69483	1	0	0	0	0	1	0	0	0	0	0
C	Marios	21	141	12	1	6_____	69485	1	0	0	0	0	0	0	0	0	1	0
C	Marios	21	141	12	1	6_____	69495	1	0	0	0	0	1	0	0	0	0	0
C	Marios	21	141	12	1	6_____	69499	1	0	0	0	0	0	0	0	0	1	0
C	Marios	21	141	12	1	6_____	69501	1	0	0	0	0	1	0	0	0	0	0
C	Marios	21	141	12	1	6_____	69507	1	0	0	0	0	0	0	0	0	1	0
C	Marios	21	141	12	1	6_____	69553	1	0	0	0	0	1	0	0	0	0	0
C	Marios	21	141	12	1	6_____	69561	1	0	0	0	0	0	0	0	0	1	0
C	Marios	21	141	12	1	6_____	69660	1	0	0	0	0	1	0	0	0	0	0
C	Marios	21	141	12	1	6_____	69662	1	0	0	0	0	0	0	0	0	1	0
C	Marios	21	141	12	1	6_____	69671	1	0	0	0	0	1	0	0	0	0	0
C	Marios	21	141	12	1	6_____	69673	1	0	0	0	0	0	0	0	0	1	0
C	Marios	21	141	12	1	6_____	69705	1	0	0	0	0	1	0	0	0	0	0
C	Marios	21	141	12	1	6_____	69707	1	0	0	0	0	0	0	0	0	1	0
C	Marios	21	141	12	1	6_____	70500	1	2	0	0	0	0	0	0	0	0	0
C	Marios	21	141	12	1	6_____	71000	2	16	0	0	0	0	0	0	0	0	0
C	Marios	21	141	12	1	6_____	71242	16	0	0	0	0	1	0	0	0	0	0
C	Marios	21	141	12	1	6_____	71287	16	0	0	0	0	0	0	0	0	1	0
C	Marios	21	141	12	1	6_____	71349	16	0	0	0	0	1	0	0	0	0	0
C	Marios	21	141	12	1	6_____	71352	16	0	0	0	0	0	0	0	0	1	0
C	Marios	21	141	12	1	6_____	71415	16	0	0	0	0	1	0	0	0	0	0
C	Marios	21	141	12	1	6_____	71443	16	0	0	0	0	0	0	0	0	1	0
C	Marios	21	141	12	1	6_____	71486	16	0	0	0	0	1	0	0	0	0	0
C	Marios	21	141	12	1	6_____	71490	16	0	0	0	0	0	0	0	0	1	0
C	Marios	21	141	12	1	6_____	71495	16	0	0	0	0	1	0	0	0	0	0
C	Marios	21	141	12	1	6_____	71500	16	15	0	0	0	0	0	0	0	0	0
C	Marios	21	141	12	1	6_____	71503	15	0	0	0	0	0	0	0	0	1	0
C	Marios	21	141	12	1	6_____	71509	15	0	0	0	0	1	0	0	0	0	0
C	Marios	21	141	12	1	6_____	71582	15	0	0	0	0	0	0	0	0	1	0
C	Marios	21	141	12	1	6_____	71776	15	0	0	0	0	1	0	0	0	0	0
C	Marios	21	141	12	1	6_____	71817	15	0	0	0	0	0	0	0	0	1	0
C	Marios	21	141	12	1	6_____	72000	15	1	0	0	0	0	0	0	0	0	0
C	Marios	21	141	12	1	6_____	73155	1	0	0	0	0	1	0	0	0	0	0
C	Marios	21	141	12	1	6_____	73168	1	0	0	0	0	0	0	0	0	1	0
C	Marios	21	141	12	1	6_____	74432	1	0	0	0	0	1	0	0	0	0	0
C	Marios	21	141	12	1	6_____	74864	1	0	0	0	0	0	0	0	0	1	0
C	Marios	21	141	12	1	6_____	75750	1	2	0	0	0	0	0	0	0	0	0
C	Marios	21	141	12	1	6_____	76250	2	6	0	0	0	0	0	0	0	0	0
C	Marios	21	141	12	1	6_____	76362	6	0	0	0	0	1	0	0	0	0	0
C	Marios	21	141	12	1	6_____	76411	6	0	0	0	0	0	0	0	0	1	0
C	Marios	21	141	12	1	6_____	76432	6	0	0	0	0	1	0	0	0	0	0
C	Marios	21	141	12	1	6_____	76439	6	0	0	0	0	0	0	0	0	1	0
C	Marios	21	141	12	1	6_____	76488	6	0	0	0	0	1	0	0	0	0	0
C	Marios	21	141	12	1	6_____	76542	6	0	0	0	0	0	0	0	0	1	0
C	Marios	21	141	12	1	6_____	76550	6	0	0	0	0	1	0	0	0	0	0
C	Marios	21	141	12	1	6_____	76568	6	0	0	0	0	0	0	0	0	1	0
C	Marios	21	141	12	1	6_____	76591	6	0	0	0	0	1	0	0	0	0	0
C	Marios	21	141	12	1	6_____	76603	6	0	0	0	0	0	0	0	0	1	0
C	Marios	21	141	12	1	6_____	76618	6	0	0	0	0	1	0	0	0	0	0
C	Marios	21	141	12	1	6_____	76722	6	0	0	0	0	0	0	0	0	1	0
C	Marios	21	141	12	1	6_____	76750	6	10	0	0	0	0	0	0	0	0	0
C	Marios	21	141	12	1	6_____	76779	10	0	0	0	0	1	0	0	0	0	0
C	Marios	21	141	12	1	6_____	76877	10	0	0	0	0	0	0	0	0	1	0
C	Marios	21	141	12	1	6_____	76882	10	0	0	0	0	1	0	0	0	0	0
C	Marios	21	141	12	1	6_____	76914	10	0	0	0	0	0	0	0	0	1	0
C	Marios	21	141	12	1	6_____	77250	10	1	0	0	0	0	0	0	0	0	0
C	Marios	21	141	12	1	6_____	77436	1	0	0	0	0	1	0	0	0	0	0
C	Marios	21	141	12	1	6_____	77511	1	0	0	0	0	0	0	0	0	1	0
C	Marios	21	141	12	1	6_____	78497	1	0	0	0	0	1	0	0	0	0	0
C	Marios	21	141	12	1	6_____	78652	1	0	0	0	0	0	0	0	0	1	0
C	Marios	21	141	12	1	6_____	80358	1	0	0	0	0	1	0	0	0	0	0
C	Marios	21	141	12	1	6_____	80361	1	0	0	0	0	0	0	0	0	1	0
C	Marios	21	141	12	1	6_____	80363	1	0	0	0	0	1	0	0	0	0	0
C	Marios	21	141	12	1	6_____	80554	1	0	0	0	0	0	0	0	0	1	0
C	Marios	21	141	12	1	6_____	80750	1	2	0	0	0	0	0	0	0	0	0
C	Marios	21	141	12	1	6_____	81250	2	16	0	0	0	0	0	0	0	0	0
C	Marios	21	141	12	1	6_____	81750	16	15	0	0	0	0	0	0	0	0	0
C	Marios	21	141	12	1	6_____	82250	15	1	0	0	0	0	0	0	0	0	0
C	Marios	21	141	12	1	6_____	83151	1	0	0	0	0	1	0	0	0	0	0
C	Marios	21	141	12	1	6_____	83312	1	0	0	0	0	0	0	0	0	1	0
C	Marios	21	141	12	1	6_____	84500	1	2	0	0	0	0	0	0	0	0	0
C	Marios	21	141	12	1	6_____	85000	2	7	0	0	0	0	0	0	0	0	0
C	Marios	21	141	12	1	6_____	85118	7	0	0	0	0	1	0	0	0	0	0
C	Marios	21	141	12	1	6_____	85186	7	0	0	0	0	0	0	0	0	1	0
C	Marios	21	141	12	1	6_____	85213	7	0	0	0	0	1	0	0	0	0	0
C	Marios	21	141	12	1	6_____	85293	7	0	0	0	0	0	0	0	0	1	0
C	Marios	21	141	12	1	6_____	85378	7	0	0	0	0	1	0	0	0	0	0
C	Marios	21	141	12	1	6_____	85413	7	0	0	0	0	0	0	0	0	1	0
C	Marios	21	141	12	1	6_____	85452	7	0	0	0	0	1	0	0	0	0	0
C	Marios	21	141	12	1	6_____	85500	7	11	0	0	0	0	0	0	0	0	0
C	Marios	21	141	12	1	6_____	85816	11	0	0	0	0	0	0	0	0	1	0
C	Marios	21	141	12	1	6_____	85818	11	0	0	0	0	1	0	0	0	0	0
C	Marios	21	141	12	1	6_____	85821	11	0	0	0	0	0	0	0	0	1	0
C	Marios	21	141	12	1	6_____	85827	11	0	0	0	0	1	0	0	0	0	0
C	Marios	21	141	12	1	6_____	85909	11	0	0	0	0	0	0	0	0	1	0
C	Marios	21	141	12	1	6_____	86000	11	1	0	0	0	0	0	0	0	0	0
C	Marios	21	141	12	1	6_____	86022	1	0	0	0	0	1	0	0	0	0	0
C	Marios	21	141	12	1	6_____	86043	1	0	0	0	0	0	0	0	0	1	0
C	Marios	21	141	12	1	6_____	87315	1	0	0	0	0	1	0	0	0	0	0
C	Marios	21	141	12	1	6_____	87416	1	0	0	0	0	0	0	0	0	1	0
C	Marios	21	141	12	1	6_____	87429	1	0	0	0	0	1	0	0	0	0	0
C	Marios	21	141	12	1	6_____	87529	1	0	0	0	0	0	0	0	0	1	0
C	Marios	21	141	12	1	6_____	88787	1	0	0	0	0	1	0	0	0	0	0
C	Marios	21	141	12	1	6_____	89200	1	0	0	0	0	0	0	0	0	1	0
C	Marios	21	141	12	1	6_____	89796	1	0	0	0	0	1	0	0	0	0	0
C	Marios	21	141	12	1	6_____	90062	1	0	0	0	0	0	0	0	0	1	0
C	Marios	21	141	12	1	6_____	90587	1	0	0	0	0	1	0	0	0	0	0
C	Marios	21	141	12	1	6_____	90770	1	0	0	0	0	0	0	0	0	1	0
C	Marios	21	141	12	1	6_____	90810	1	0	0	0	0	1	0	0	0	0	0
C	Marios	21	141	12	1	6_____	90813	1	0	0	0	0	1	0	0	0	1	0
C	Marios	21	141	12	1	6_____	90828	1	0	0	0	0	0	0	0	0	1	0
C	Marios	21	141	12	1	6_____	91250	1	2	0	0	0	0	0	0	0	0	0
C	Marios	21	141	12	1	6_____	91750	2	17	0	0	0	0	0	0	0	0	0
C	Marios	21	141	12	1	6_____	92250	17	15	0	0	0	0	0	0	0	0	0
C	Marios	21	141	12	1	6_____	92750	15	1	0	0	0	0	0	0	0	0	0
C	Marios	21	141	12	1	6_____	94915	1	0	0	0	0	1	0	0	0	0	0
C	Marios	21	141	12	1	6_____	94995	1	0	0	0	0	0	0	0	0	1	0
C	Marios	21	141	12	1	6_____	96421	1	0	0	0	0	1	0	0	0	0	0
C	Marios	21	141	12	1	6_____	96572	1	0	0	0	0	0	0	0	0	1	0
C	Marios	21	141	12	1	6_____	97396	1	0	0	0	0	1	0	0	0	0	0
C	Marios	21	141	12	1	6_____	97771	1	0	0	0	0	0	0	0	0	1	0
C	Marios	21	141	12	1	6_____	98250	1	2	0	0	0	0	0	0	0	0	0
C	Marios	21	141	12	1	6_____	98750	2	17	0	0	0	0	0	0	0	0	0
C	Marios	21	141	12	1	6_____	99250	17	15	0	0	0	0	0	0	0	0	0
C	Marios	21	141	12	1	6_____	99750	15	1	0	0	0	0	0	0	0	0	0
C	Marios	21	141	12	1	6_____	99871	1	0	0	0	0	1	0	0	0	0	0
C	Marios	21	141	12	1	6_____	100142	1	0	0	0	0	0	0	0	0	1	0
C	Marios	21	141	12	1	6_____	100491	1	0	0	0	0	1	0	0	0	0	0
C	Marios	21	141	12	1	6_____	100505	1	0	0	0	0	0	0	0	0	1	0
C	Marios	21	141	12	1	6_____	100530	1	0	0	0	0	1	0	0	0	0	0
C	Marios	21	141	12	1	6_____	100539	1	0	0	0	0	0	0	0	0	1	0
C	Marios	21	141	12	1	6_____	101762	1	0	0	0	0	1	0	0	0	0	0
C	Marios	21	141	12	1	6_____	101893	1	0	0	0	0	0	0	0	0	1	0
C	Marios	21	141	12	1	6_____	102329	1	0	0	0	0	1	0	0	0	0	0
C	Marios	21	141	12	1	6_____	102380	1	0	0	0	0	0	0	0	0	1	0
C	Marios	21	141	12	1	6_____	102588	1	0	0	0	0	1	0	0	0	0	0
C	Marios	21	141	12	1	6_____	102822	1	0	0	0	0	0	0	0	0	1	0
C	Marios	21	141	12	1	6_____	102954	1	0	0	0	0	1	0	0	0	0	0
C	Marios	21	141	12	1	6_____	103005	1	0	0	0	0	0	0	0	0	1	0
C	Marios	21	141	12	1	6_____	106500	1	2	0	0	0	0	0	0	0	0	0
C	Marios	21	141	12	1	6_____	107000	2	16	0	0	0	0	0	0	0	0	0
C	Marios	21	141	12	1	6_____	107333	16	0	0	0	0	1	0	0	0	0	0
C	Marios	21	141	12	1	6_____	107389	16	0	0	0	0	0	0	0	0	1	0
C	Marios	21	141	12	1	6_____	107451	16	0	0	0	0	1	0	0	0	0	0
C	Marios	21	141	12	1	6_____	107462	16	0	0	0	0	0	0	0	0	1	0
C	Marios	21	141	12	1	6_____	107500	16	15	0	0	0	0	0	0	0	0	0
C	Marios	21	141	12	1	6_____	107518	15	0	0	0	0	1	0	0	0	0	0
C	Marios	21	141	12	1	6_____	107658	15	0	0	0	0	0	0	0	0	1	0
C	Marios	21	141	12	1	6_____	107731	15	0	0	0	0	1	0	0	0	0	0
C	Marios	21	141	12	1	6_____	107794	15	0	0	0	0	0	0	0	0	1	0
C	Marios	21	141	12	1	6_____	108000	15	1	0	0	0	0	0	0	0	0	0
C	Marios	21	141	12	1	6_____	108432	1	0	0	0	0	1	0	0	0	0	0
C	Marios	21	141	12	1	6_____	108562	1	0	0	0	0	0	0	0	0	1	0
C	Marios	21	141	12	1	6_____	110887	1	0	0	0	0	1	0	0	0	0	0
C	Marios	21	141	12	1	6_____	111065	1	0	0	0	0	0	0	0	0	1	0
C	Marios	21	141	12	1	6_____	112067	1	0	0	0	0	1	0	0	0	0	0
C	Marios	21	141	12	1	6_____	112256	1	0	0	0	0	0	0	0	0	1	0
C	Marios	21	141	12	1	6_____	112500	1	2	0	0	0	0	0	0	0	0	0
C	Marios	21	141	12	1	6_____	112535	2	0	0	0	0	1	0	0	0	0	0
C	Marios	21	141	12	1	6_____	112592	2	0	0	0	0	0	0	0	0	1	0
C	Marios	21	141	12	1	6_____	113000	2	16	0	0	0	0	0	0	0	0	0
C	Marios	21	141	12	1	6_____	113323	16	0	0	0	0	1	0	0	0	0	0
C	Marios	21	141	12	1	6_____	113361	16	0	0	0	0	0	0	0	0	1	0
C	Marios	21	141	12	1	6_____	113410	16	0	0	0	0	1	0	0	0	0	0
C	Marios	21	141	12	1	6_____	113496	16	0	0	0	0	0	0	0	0	1	0
C	Marios	21	141	12	1	6_____	113500	16	15	0	0	0	0	0	0	0	0	0
C	Marios	21	141	12	1	6_____	113509	15	0	0	0	0	1	0	0	0	0	0
C	Marios	21	141	12	1	6_____	113622	15	0	0	0	0	0	0	0	0	1	0
C	Marios	21	141	12	1	6_____	113745	15	0	0	0	0	1	0	0	0	0	0
C	Marios	21	141	12	1	6_____	113816	15	0	0	0	0	0	0	0	0	1	0
C	Marios	21	141	12	1	6_____	113895	15	0	0	0	0	1	0	0	0	0	0
C	Marios	21	141	12	1	6_____	113958	15	0	0	0	0	0	0	0	0	1	0
C	Marios	21	141	12	1	6_____	114000	15	1	0	0	0	0	0	0	0	0	0
C	Marios	21	141	12	1	6_____	114325	1	0	0	0	0	1	0	0	0	0	0
C	Marios	21	141	12	1	6_____	114463	1	0	0	0	0	0	0	0	0	1	0
C	Marios	21	141	12	1	6_____	117000	1	2	0	0	0	0	0	0	0	0	0
C	Marios	21	141	12	1	6_____	117500	2	17	0	0	0	0	0	0	0	0	0
C	Marios	21	141	12	1	6_____	118000	17	15	0	0	0	0	0	0	0	0	0
C	Marios	21	141	12	1	6_____	118500	15	1	0	0	0	0	0	0	0	0	0
C	Marios	21	141	12	1	6_____	121098	1	0	0	0	0	1	0	0	0	0	0
C	Marios	21	141	12	1	6_____	121268	1	0	0	0	0	0	0	0	0	1	0
C	Marios	21	141	12	1	6_____	121868	1	0	0	0	0	1	0	0	0	0	0
C	Marios	21	141	12	1	6_____	122089	1	0	0	0	0	0	0	0	0	1	0
C	Marios	21	141	12	1	6_____	122486	1	0	0	0	0	1	0	0	0	0	0
C	Marios	21	141	12	1	6_____	122825	1	0	0	0	0	0	0	0	0	1	0
C	Marios	21	141	12	1	6_____	122878	1	0	0	0	0	1	0	0	0	0	0
C	Marios	21	141	12	1	6_____	122901	1	0	0	0	0	0	0	0	0	1	0
C	Marios	21	141	12	1	6_____	123000	1	2	0	0	0	0	0	0	0	0	0
C	Marios	21	141	12	1	6_____	123500	2	16	0	0	0	0	0	0	0	0	0
C	Marios	21	141	12	1	6_____	123501	16	0	0	0	0	1	0	0	0	0	0
C	Marios	21	141	12	1	6_____	123512	16	0	0	0	0	0	0	0	0	1	0
C	Marios	21	141	12	1	6_____	123516	16	0	0	0	0	1	0	0	0	0	0
C	Marios	21	141	12	1	6_____	123574	16	0	0	0	0	0	0	0	0	1	0
C	Marios	21	141	12	1	6_____	123764	16	0	0	0	0	1	0	0	0	0	0
C	Marios	21	141	12	1	6_____	123878	16	0	0	0	0	0	0	0	0	1	0
C	Marios	21	141	12	1	6_____	123897	16	0	0	0	0	1	0	0	0	0	0
C	Marios	21	141	12	1	6_____	123953	16	0	0	0	0	0	0	0	0	1	0
C	Marios	21	141	12	1	6_____	124000	16	15	0	0	0	0	0	0	0	0	0
C	Marios	21	141	12	1	6_____	124025	15	0	0	0	0	1	0	0	0	0	0
C	Marios	21	141	12	1	6_____	124027	15	0	0	0	0	0	0	0	0	1	0
C	Marios	21	141	12	1	6_____	124077	15	0	0	0	0	1	0	0	0	0	0
C	Marios	21	141	12	1	6_____	124167	15	0	0	0	0	0	0	0	0	1	0
C	Marios	21	141	12	1	6_____	124500	15	1	0	0	0	0	0	0	0	0	0
C	Marios	21	141	12	1	6_____	129575	1	0	0	0	0	1	0	0	0	0	0
C	Marios	21	141	12	1	6_____	129583	1	0	0	0	0	0	0	0	0	1	0
C	Marios	21	141	12	1	6_____	130500	1	2	0	0	0	0	0	0	0	0	0
C	Marios	21	141	12	1	6_____	130864	2	0	0	0	0	1	0	0	0	0	0
C	Marios	21	141	12	1	6_____	130953	2	0	0	0	0	0	0	0	0	1	0
C	Marios	21	141	12	1	6_____	131000	2	7	0	0	0	0	0	0	0	0	0
C	Marios	21	141	12	1	6_____	131034	7	0	0	0	0	1	0	0	0	0	0
C	Marios	21	141	12	1	6_____	131087	7	0	0	0	0	0	0	0	0	1	0
C	Marios	21	141	12	1	6_____	131181	7	0	0	0	0	1	0	0	0	0	0
C	Marios	21	141	12	1	6_____	131224	7	0	0	0	0	0	0	0	0	1	0
C	Marios	21	141	12	1	6_____	131250	7	0	0	0	0	1	0	0	0	0	0
C	Marios	21	141	12	1	6_____	131321	7	0	0	0	0	0	0	0	0	1	0
C	Marios	21	141	12	1	6_____	131361	7	0	0	0	0	1	0	0	0	0	0
C	Marios	21	141	12	1	6_____	131373	7	0	0	0	0	0	0	0	0	1	0
C	Marios	21	141	12	1	6_____	131429	7	0	0	0	0	1	0	0	0	0	0
C	Marios	21	141	12	1	6_____	131438	7	0	0	0	0	0	0	0	0	1	0
C	Marios	21	141	12	1	6_____	131439	7	0	0	0	0	1	0	0	0	0	0
C	Marios	21	141	12	1	6_____	131500	7	11	0	0	0	0	0	0	0	0	0
C	Marios	21	141	12	1	6_____	131712	11	0	0	0	0	0	0	0	0	1	0
C	Marios	21	141	12	1	6_____	131717	11	0	0	0	0	1	0	0	0	0	0
C	Marios	21	141	12	1	6_____	131765	11	0	0	0	0	0	0	0	0	1	0
C	Marios	21	141	12	1	6_____	132000	11	1	0	0	0	0	0	0	0	0	0
C	Marios	21	141	12	1	6_____	132318	1	0	0	0	0	1	0	0	0	0	0
C	Marios	21	141	12	1	6_____	132323	1	0	0	0	0	0	0	0	0	1	0
C	Marios	21	141	12	1	6_____	134207	1	0	0	0	0	1	0	0	0	0	0
C	Marios	21	141	12	1	6_____	134258	1	0	0	0	0	0	0	0	0	1	0
C	Marios	21	141	12	1	6_____	135430	1	0	0	0	0	1	0	0	0	0	0
C	Marios	21	141	12	1	6_____	135520	1	0	0	0	0	0	0	0	0	1	0
C	Marios	21	141	12	1	6_____	135797	1	0	0	0	0	1	0	0	0	0	0
C	Marios	21	141	12	1	6_____	135871	1	0	0	0	0	0	0	0	0	1	0
C	Marios	21	141	12	1	6_____	136234	1	0	0	0	0	1	0	0	0	0	0
C	Marios	21	141	12	1	6_____	136408	1	0	0	0	0	0	0	0	0	1	0
C	Marios	21	141	12	1	6_____	137968	1	0	0	0	0	1	0	0	0	0	0
C	Marios	21	141	12	1	6_____	138123	1	0	0	0	0	0	0	0	0	1	0
C	Marios	21	141	12	1	6_____	138164	1	0	0	0	0	1	0	0	0	0	0
C	Marios	21	141	12	1	6_____	138195	1	0	0	0	0	0	0	0	0	1	0
C	Marios	21	141	12	1	6_____	138201	1	0	0	0	0	1	0	0	0	0	0
C	Marios	21	141	12	1	6_____	138204	1	0	0	0	0	1	0	0	0	1	0
C	Marios	21	141	12	1	6_____	138208	1	0	0	0	0	0	0	0	0	1	0
C	Marios	21	141	12	1	6_____	138224	1	0	0	0	0	1	0	0	0	0	0
C	Marios	21	141	12	1	6_____	138228	1	0	0	0	0	0	0	0	0	1	0
C	Marios	21	141	12	1	6_____	138243	1	0	0	0	0	1	0	0	0	0	0
C	Marios	21	141	12	1	6_____	138250	1	0	0	0	0	0	0	0	0	1	0
C	Marios	21	141	12	1	6_____	138266	1	0	0	0	0	1	0	0	0	0	0
C	Marios	21	141	12	1	6_____	138276	1	0	0	0	0	0	0	0	0	1	0
C	Marios	21	141	12	1	6_____	138279	1	0	0	0	0	1	0	0	0	0	0
C	Marios	21	141	12	1	6_____	138297	1	0	0	0	0	1	0	0	0	1	0
C	Marios	21	141	12	1	6_____	138329	1	0	0	0	0	0	0	0	0	1	0
C	Marios	21	141	12	1	6_____	138330	1	0	0	0	0	1	0	0	0	0	0
C	Marios	21	141	12	1	6_____	138356	1	0	0	0	0	0	0	0	0	1	0
C	Marios	21	141	12	1	6_____	138357	1	0	0	0	0	1	0	0	0	0	0
C	Marios	21	141	12	1	6_____	138466	1	0	0	0	0	0	0	0	0	1	0
C	Marios	21	141	12	1	6_____	139500	1	2	0	0	0	0	0	0	0	0	0
C	Marios	21	141	12	1	6_____	140000	2	6	0	0	0	0	0	0	0	0	0
C	Marios	21	141	12	1	6_____	140029	6	0	0	0	0	1	0	0	0	0	0
C	Marios	21	141	12	1	6_____	140034	6	0	0	0	0	0	0	0	0	1	0
C	Marios	21	141	12	1	6_____	140060	6	0	0	0	0	1	0	0	0	0	0
C	Marios	21	141	12	1	6_____	140064	6	0	0	0	0	0	0	0	0	1	0
C	Marios	21	141	12	1	6_____	140100	6	0	0	0	0	1	0	0	0	0	0
C	Marios	21	141	12	1	6_____	140138	6	0	0	0	0	0	0	0	0	1	0
C	Marios	21	141	12	1	6_____	140171	6	0	0	0	0	1	0	0	0	0	0
C	Marios	21	141	12	1	6_____	140180	6	0	0	0	0	0	0	0	0	1	0
C	Marios	21	141	12	1	6_____	140196	6	0	0	0	0	1	0	0	0	0	0
C	Marios	21	141	12	1	6_____	140249	6	0	0	0	0	0	0	0	0	1	0
C	Marios	21	141	12	1	6_____	140261	6	0	0	0	0	1	0	0	0	0	0
C	Marios	21	141	12	1	6_____	140308	6	0	0	0	0	0	0	0	0	1	0
C	Marios	21	141	12	1	6_____	140319	6	0	0	0	0	1	0	0	0	0	0
C	Marios	21	141	12	1	6_____	140345	6	0	0	0	0	0	0	0	0	1	0
C	Marios	21	141	12	1	6_____	140404	6	0	0	0	0	1	0	0	0	0	0
C	Marios	21	141	12	1	6_____	140418	6	0	0	0	0	0	0	0	0	1	0
C	Marios	21	141	12	1	6_____	140500	6	10	0	0	0	0	0	0	0	0	0
C	Marios	21	141	12	1	6_____	140609	10	0	0	0	0	1	0	0	0	0	0
C	Marios	21	141	12	1	6_____	140741	10	0	0	0	0	0	0	0	0	1	0
C	Marios	21	141	12	1	6_____	141000	10	1	0	0	0	0	0	0	0	0	0
C	Marios	21	141	12	1	6_____	141470	1	0	0	0	0	1	0	0	0	0	0
C	Marios	21	141	12	1	6_____	141593	1	0	0	0	0	0	0	0	0	1	0
C	Marios	21	141	12	1	6_____	141595	1	0	0	0	0	1	0	0	0	0	0
C	Marios	21	141	12	1	6_____	141597	1	0	0	0	0	0	0	0	0	1	0
C	Marios	21	141	12	1	6_____	141598	1	0	0	0	0	1	0	0	0	0	0
C	Marios	21	141	12	1	6_____	141725	1	0	0	0	0	0	0	0	0	1	0
C	Marios	21	141	12	1	6_____	141978	1	0	0	0	0	1	0	0	0	0	0
C	Marios	21	141	12	1	6_____	141989	1	0	0	0	0	0	0	0	0	1	0
C	Marios	21	141	12	1	6_____	142500	1	2	0	0	0	0	0	0	0	0	0
C	Marios	21	141	12	1	6_____	143000	2	17	0	0	0	0	0	0	0	0	0
C	Marios	21	141	12	1	6_____	143500	17	15	0	0	0	0	0	0	0	0	0
C	Marios	21	141	12	1	6_____	143529	15	0	0	0	0	1	0	0	0	0	0
C	Marios	21	141	12	1	6_____	143568	15	0	0	0	0	0	0	0	0	1	0
C	Marios	21	141	12	1	6_____	144000	15	14	0	0	0	0	0	0	0	0	0
C	Marios	21	141	12	1	6_____	145044	14	0	0	0	0	1	0	0	0	0	0
C	Marios	21	141	12	1	6_____	145193	14	0	0	0	0	0	0	0	0	1	0
C	Marios	21	141	12	1	6_____	146847	14	0	0	0	0	1	0	0	0	0	0
C	Marios	21	141	12	1	6_____	147000	14	-1	0	0	0	0	0	0	0	0	0
C	Marios	21	141	15	1	31____	0	0	1	0	0	0	0	0	0	0	0	0
C	Marios	21	141	15	1	31____	1663	1	0	0	0	0	1	0	0	0	0	0
C	Marios	21	141	15	1	31____	1726	1	0	0	0	0	0	0	0	0	1	0
C	Marios	21	141	15	1	31____	3000	1	2	0	0	0	0	0	0	0	0	0
C	Marios	21	141	15	1	31____	3080	2	0	0	0	0	1	0	0	0	0	0
C	Marios	21	141	15	1	31____	3092	2	0	0	0	0	0	0	0	0	1	0
C	Marios	21	141	15	1	31____	3096	2	0	0	0	0	1	0	0	0	0	0
C	Marios	21	141	15	1	31____	3118	2	0	0	0	0	0	0	0	0	1	0
C	Marios	21	141	15	1	31____	3500	2	7	0	0	0	0	0	0	0	0	0
C	Marios	21	141	15	1	31____	3554	7	0	0	0	0	1	0	0	0	0	0
C	Marios	21	141	15	1	31____	3596	7	0	0	0	0	0	0	0	0	1	0
C	Marios	21	141	15	1	31____	3610	7	0	0	0	0	1	0	0	0	0	0
C	Marios	21	141	15	1	31____	3684	7	0	0	0	0	0	0	0	0	1	0
C	Marios	21	141	15	1	31____	3690	7	0	0	0	0	1	0	0	0	0	0
C	Marios	21	141	15	1	31____	3707	7	0	0	0	0	0	0	0	0	1	0
C	Marios	21	141	15	1	31____	3717	7	0	0	0	0	1	0	0	0	0	0
C	Marios	21	141	15	1	31____	3779	7	0	0	0	0	0	0	0	0	1	0
C	Marios	21	141	15	1	31____	3791	7	0	0	0	0	1	0	0	0	0	0
C	Marios	21	141	15	1	31____	3847	7	0	0	0	0	0	0	0	0	1	0
C	Marios	21	141	15	1	31____	3874	7	0	0	0	0	1	0	0	0	0	0
C	Marios	21	141	15	1	31____	3939	7	0	0	0	0	0	0	0	0	1	0
C	Marios	21	141	15	1	31____	3941	7	0	0	0	0	1	0	0	0	0	0
C	Marios	21	141	15	1	31____	3963	7	0	0	0	0	0	0	0	0	1	0
C	Marios	21	141	15	1	31____	3991	7	0	0	0	0	1	0	0	0	0	0
C	Marios	21	141	15	1	31____	4000	7	11	0	0	0	0	0	0	0	0	0
C	Marios	21	141	15	1	31____	4146	11	0	0	0	0	0	0	0	0	1	0
C	Marios	21	141	15	1	31____	4261	11	0	0	0	0	1	0	0	0	0	0
C	Marios	21	141	15	1	31____	4377	11	0	0	0	0	0	0	0	0	1	0
C	Marios	21	141	15	1	31____	4402	11	0	0	0	0	1	0	0	0	0	0
C	Marios	21	141	15	1	31____	4417	11	0	0	0	0	0	0	0	0	1	0
C	Marios	21	141	15	1	31____	4452	11	0	0	0	0	1	0	0	0	0	0
C	Marios	21	141	15	1	31____	4468	11	0	0	0	0	0	0	0	0	1	0
C	Marios	21	141	15	1	31____	4500	11	1	0	0	0	0	0	0	0	0	0
C	Marios	21	141	15	1	31____	4751	1	0	0	0	0	1	0	0	0	0	0
C	Marios	21	141	15	1	31____	4767	1	0	0	0	0	0	0	0	0	1	0
C	Marios	21	141	15	1	31____	5378	1	0	0	0	0	1	0	0	0	0	0
C	Marios	21	141	15	1	31____	5440	1	0	0	0	0	0	0	0	0	1	0
C	Marios	21	141	15	1	31____	6714	1	0	0	0	0	1	0	0	0	0	0
C	Marios	21	141	15	1	31____	6764	1	0	0	0	0	0	0	0	0	1	0
C	Marios	21	141	15	1	31____	8250	1	2	0	0	0	0	0	0	0	0	0
C	Marios	21	141	15	1	31____	8750	2	17	0	0	0	0	0	0	0	0	0
C	Marios	21	141	15	1	31____	9250	17	15	0	0	0	0	0	0	0	0	0
C	Marios	21	141	15	1	31____	9402	15	0	0	0	0	1	0	0	0	0	0
C	Marios	21	141	15	1	31____	9453	15	0	0	0	0	0	0	0	0	1	0
C	Marios	21	141	15	1	31____	9550	15	0	0	0	0	1	0	0	0	0	0
C	Marios	21	141	15	1	31____	9585	15	0	0	0	0	0	0	0	0	1	0
C	Marios	21	141	15	1	31____	9750	15	1	0	0	0	0	0	0	0	0	0
C	Marios	21	141	15	1	31____	9772	1	0	0	0	0	1	0	0	0	0	0
C	Marios	21	141	15	1	31____	9778	1	0	0	0	0	0	0	0	0	1	0
C	Marios	21	141	15	1	31____	10850	1	0	0	0	0	1	0	0	0	0	0
C	Marios	21	141	15	1	31____	10907	1	0	0	0	0	0	0	0	0	1	0
C	Marios	21	141	15	1	31____	11634	1	0	0	0	0	1	0	0	0	0	0
C	Marios	21	141	15	1	31____	11678	1	0	0	0	0	0	0	0	0	1	0
C	Marios	21	141	15	1	31____	12736	1	0	0	0	0	1	0	0	0	0	0
C	Marios	21	141	15	1	31____	12770	1	0	0	0	0	0	0	0	0	1	0
C	Marios	21	141	15	1	31____	12871	1	0	0	0	0	1	0	0	0	0	0
C	Marios	21	141	15	1	31____	12934	1	0	0	0	0	0	0	0	0	1	0
C	Marios	21	141	15	1	31____	13250	1	2	0	0	0	0	0	0	0	0	0
C	Marios	21	141	15	1	31____	13750	2	16	0	0	0	0	0	0	0	0	0
C	Marios	21	141	15	1	31____	13910	16	0	0	0	0	1	0	0	0	0	0
C	Marios	21	141	15	1	31____	13931	16	0	0	0	0	0	0	0	0	1	0
C	Marios	21	141	15	1	31____	13995	16	0	0	0	0	1	0	0	0	0	0
C	Marios	21	141	15	1	31____	14068	16	0	0	0	0	1	0	0	0	1	0
C	Marios	21	141	15	1	31____	14088	16	0	0	0	0	0	0	0	0	1	0
C	Marios	21	141	15	1	31____	14092	16	0	0	0	0	1	0	0	0	0	0
C	Marios	21	141	15	1	31____	14107	16	0	0	0	0	0	0	0	0	1	0
C	Marios	21	141	15	1	31____	14117	16	0	0	0	0	1	0	0	0	0	0
C	Marios	21	141	15	1	31____	14206	16	0	0	0	0	0	0	0	0	1	0
C	Marios	21	141	15	1	31____	14220	16	0	0	0	0	1	0	0	0	0	0
C	Marios	21	141	15	1	31____	14250	16	15	0	0	0	0	0	0	0	0	0
C	Marios	21	141	15	1	31____	14313	15	0	0	0	0	0	0	0	0	1	0
C	Marios	21	141	15	1	31____	14346	15	0	0	0	0	1	0	0	0	0	0
C	Marios	21	141	15	1	31____	14500	15	0	0	0	0	0	0	0	0	1	0
C	Marios	21	141	15	1	31____	14538	15	0	0	0	0	1	0	0	0	0	0
C	Marios	21	141	15	1	31____	14650	15	0	0	0	0	0	0	0	0	1	0
C	Marios	21	141	15	1	31____	14652	15	0	0	0	0	1	0	0	0	0	0
C	Marios	21	141	15	1	31____	14750	15	1	0	0	0	0	0	0	0	0	0
C	Marios	21	141	15	1	31____	14857	1	0	0	0	0	0	0	0	0	1	0
C	Marios	21	141	15	1	31____	14949	1	0	0	0	0	1	0	0	0	0	0
C	Marios	21	141	15	1	31____	14980	1	0	0	0	0	0	0	0	0	1	0
C	Marios	21	141	15	1	31____	15634	1	0	0	0	0	1	0	0	0	0	0
C	Marios	21	141	15	1	31____	15642	1	0	0	0	0	0	0	0	0	1	0
C	Marios	21	141	15	1	31____	17653	1	0	0	0	0	1	0	0	0	0	0
C	Marios	21	141	15	1	31____	17706	1	0	0	0	0	0	0	0	0	1	0
C	Marios	21	141	15	1	31____	18088	1	0	0	0	0	1	0	0	0	0	0
C	Marios	21	141	15	1	31____	18154	1	0	0	0	0	0	0	0	0	1	0
C	Marios	21	141	15	1	31____	18665	1	0	0	0	0	1	0	0	0	0	0
C	Marios	21	141	15	1	31____	18717	1	0	0	0	0	0	0	0	0	1	0
C	Marios	21	141	15	1	31____	19557	1	0	0	0	0	1	0	0	0	0	0
C	Marios	21	141	15	1	31____	19687	1	0	0	0	0	0	0	0	0	1	0
C	Marios	21	141	15	1	31____	20883	1	0	0	0	0	1	0	0	0	0	0
C	Marios	21	141	15	1	31____	20890	1	0	0	0	0	0	0	0	0	1	0
C	Marios	21	141	15	1	31____	21500	1	2	0	0	0	0	0	0	0	0	0
C	Marios	21	141	15	1	31____	21960	2	0	0	0	0	1	0	0	0	0	0
C	Marios	21	141	15	1	31____	22000	2	17	0	0	0	0	0	0	0	0	0
C	Marios	21	141	15	1	31____	22005	17	0	0	0	0	0	0	0	0	1	0
C	Marios	21	141	15	1	31____	22056	17	0	0	0	0	1	0	0	0	0	0
C	Marios	21	141	15	1	31____	22097	17	0	0	0	0	0	0	0	0	1	0
C	Marios	21	141	15	1	31____	22108	17	0	0	0	0	1	0	0	0	0	0
C	Marios	21	141	15	1	31____	22196	17	0	0	0	0	0	0	0	0	1	0
C	Marios	21	141	15	1	31____	22205	17	0	0	0	0	1	0	0	0	0	0
C	Marios	21	141	15	1	31____	22229	17	0	0	0	0	0	0	0	0	1	0
C	Marios	21	141	15	1	31____	22236	17	0	0	0	0	1	0	0	0	0	0
C	Marios	21	141	15	1	31____	22374	17	0	0	0	0	0	0	0	0	1	0
C	Marios	21	141	15	1	31____	22399	17	0	0	0	0	1	0	0	0	0	0
C	Marios	21	141	15	1	31____	22481	17	0	0	0	0	0	0	0	0	1	0
C	Marios	21	141	15	1	31____	22490	17	0	0	0	0	1	0	0	0	0	0
C	Marios	21	141	15	1	31____	22492	17	0	0	0	0	0	0	0	0	1	0
C	Marios	21	141	15	1	31____	22498	17	0	0	0	0	1	0	0	0	0	0
C	Marios	21	141	15	1	31____	22500	17	15	0	0	0	0	0	0	0	0	0
C	Marios	21	141	15	1	31____	22502	15	0	0	0	0	0	0	0	0	1	0
C	Marios	21	141	15	1	31____	22517	15	0	0	0	0	1	0	0	0	0	0
C	Marios	21	141	15	1	31____	22840	15	0	0	0	0	0	0	0	0	1	0
C	Marios	21	141	15	1	31____	23000	15	1	0	0	0	0	0	0	0	0	0
C	Marios	21	141	15	1	31____	24500	1	2	0	0	0	0	0	0	0	0	0
C	Marios	21	141	15	1	31____	25000	2	6	0	0	0	0	0	0	0	0	0
C	Marios	21	141	15	1	31____	25034	6	0	0	0	0	1	0	0	0	0	0
C	Marios	21	141	15	1	31____	25096	6	0	0	0	0	0	0	0	0	1	0
C	Marios	21	141	15	1	31____	25107	6	0	0	0	0	1	0	0	0	0	0
C	Marios	21	141	15	1	31____	25182	6	0	0	0	0	0	0	0	0	1	0
C	Marios	21	141	15	1	31____	25188	6	0	0	0	0	1	0	0	0	0	0
C	Marios	21	141	15	1	31____	25269	6	0	0	0	0	0	0	0	0	1	0
C	Marios	21	141	15	1	31____	25271	6	0	0	0	0	1	0	0	0	0	0
C	Marios	21	141	15	1	31____	25371	6	0	0	0	0	0	0	0	0	1	0
C	Marios	21	141	15	1	31____	25374	6	0	0	0	0	1	0	0	0	0	0
C	Marios	21	141	15	1	31____	25449	6	0	0	0	0	0	0	0	0	1	0
C	Marios	21	141	15	1	31____	25457	6	0	0	0	0	1	0	0	0	0	0
C	Marios	21	141	15	1	31____	25500	6	10	0	0	0	0	0	0	0	0	0
C	Marios	21	141	15	1	31____	25506	10	0	0	0	0	0	0	0	0	1	0
C	Marios	21	141	15	1	31____	25509	10	0	0	0	0	1	0	0	0	0	0
C	Marios	21	141	15	1	31____	25623	10	0	0	0	0	0	0	0	0	1	0
C	Marios	21	141	15	1	31____	25624	10	0	0	0	0	1	0	0	0	0	0
C	Marios	21	141	15	1	31____	25673	10	0	0	0	0	0	0	0	0	1	0
C	Marios	21	141	15	1	31____	25684	10	0	0	0	0	1	0	0	0	0	0
C	Marios	21	141	15	1	31____	25689	10	0	0	0	0	1	0	0	0	1	0
C	Marios	21	141	15	1	31____	25715	10	0	0	0	0	1	0	0	0	1	0
C	Marios	21	141	15	1	31____	25722	10	0	0	0	0	0	0	0	0	1	0
C	Marios	21	141	15	1	31____	25726	10	0	0	0	0	1	0	0	0	0	0
C	Marios	21	141	15	1	31____	25813	10	0	0	0	0	0	0	0	0	1	0
C	Marios	21	141	15	1	31____	25914	10	0	0	0	0	1	0	0	0	0	0
C	Marios	21	141	15	1	31____	25936	10	0	0	0	0	0	0	0	0	1	0
C	Marios	21	141	15	1	31____	26000	10	1	0	0	0	0	0	0	0	0	0
C	Marios	21	141	15	1	31____	26388	1	0	0	0	0	1	0	0	0	0	0
C	Marios	21	141	15	1	31____	26410	1	0	0	0	0	0	0	0	0	1	0
C	Marios	21	141	15	1	31____	30641	1	0	0	0	0	1	0	0	0	0	0
C	Marios	21	141	15	1	31____	30761	1	0	0	0	0	0	0	0	0	1	0
C	Marios	21	141	15	1	31____	31250	1	2	0	0	0	0	0	0	0	0	0
C	Marios	21	141	15	1	31____	31750	2	16	0	0	0	0	0	0	0	0	0
C	Marios	21	141	15	1	31____	31828	16	0	0	0	0	1	0	0	0	0	0
C	Marios	21	141	15	1	31____	31916	16	0	0	0	0	0	0	0	0	1	0
C	Marios	21	141	15	1	31____	31932	16	0	0	0	0	1	0	0	0	0	0
C	Marios	21	141	15	1	31____	32063	16	0	0	0	0	0	0	0	0	1	0
C	Marios	21	141	15	1	31____	32064	16	0	0	0	0	1	0	0	0	0	0
C	Marios	21	141	15	1	31____	32169	16	0	0	0	0	0	0	0	0	1	0
C	Marios	21	141	15	1	31____	32187	16	0	0	0	0	1	0	0	0	0	0
C	Marios	21	141	15	1	31____	32209	16	0	0	0	0	0	0	0	0	1	0
C	Marios	21	141	15	1	31____	32215	16	0	0	0	0	1	0	0	0	0	0
C	Marios	21	141	15	1	31____	32250	16	15	0	0	0	0	0	0	0	0	0
C	Marios	21	141	15	1	31____	32304	15	0	0	0	0	0	0	0	0	1	0
C	Marios	21	141	15	1	31____	32396	15	0	0	0	0	1	0	0	0	0	0
C	Marios	21	141	15	1	31____	32476	15	0	0	0	0	0	0	0	0	1	0
C	Marios	21	141	15	1	31____	32750	15	1	0	0	0	0	0	0	0	0	0
C	Marios	21	141	15	1	31____	33676	1	0	0	0	0	1	0	0	0	0	0
C	Marios	21	141	15	1	31____	33796	1	0	0	0	0	0	0	0	0	1	0
C	Marios	21	141	15	1	31____	34966	1	0	0	0	0	1	0	0	0	0	0
C	Marios	21	141	15	1	31____	35052	1	0	0	0	0	0	0	0	0	1	0
C	Marios	21	141	15	1	31____	37220	1	0	0	0	0	1	0	0	0	0	0
C	Marios	21	141	15	1	31____	37223	1	0	0	0	0	0	0	0	0	1	0
C	Marios	21	141	15	1	31____	37342	1	0	0	0	0	1	0	0	0	0	0
C	Marios	21	141	15	1	31____	37344	1	0	0	0	0	0	0	0	0	1	0
C	Marios	21	141	15	1	31____	37494	1	0	0	0	0	1	0	0	0	0	0
C	Marios	21	141	15	1	31____	37572	1	0	0	0	0	0	0	0	0	1	0
C	Marios	21	141	15	1	31____	38250	1	2	0	0	0	0	0	0	0	0	0
C	Marios	21	141	15	1	31____	38750	2	7	0	0	0	0	0	0	0	0	0
C	Marios	21	141	15	1	31____	38819	7	0	0	0	0	1	0	0	0	0	0
C	Marios	21	141	15	1	31____	38867	7	0	0	0	0	0	0	0	0	1	0
C	Marios	21	141	15	1	31____	38878	7	0	0	0	0	1	0	0	0	0	0
C	Marios	21	141	15	1	31____	38923	7	0	0	0	0	0	0	0	0	1	0
C	Marios	21	141	15	1	31____	38933	7	0	0	0	0	1	0	0	0	0	0
C	Marios	21	141	15	1	31____	38951	7	0	0	0	0	0	0	0	0	1	0
C	Marios	21	141	15	1	31____	38963	7	0	0	0	0	1	0	0	0	0	0
C	Marios	21	141	15	1	31____	38969	7	0	0	0	0	0	0	0	0	1	0
C	Marios	21	141	15	1	31____	38975	7	0	0	0	0	1	0	0	0	0	0
C	Marios	21	141	15	1	31____	39075	7	0	0	0	0	0	0	0	0	1	0
C	Marios	21	141	15	1	31____	39076	7	0	0	0	0	1	0	0	0	0	0
C	Marios	21	141	15	1	31____	39079	7	0	0	0	0	0	0	0	0	1	0
C	Marios	21	141	15	1	31____	39090	7	0	0	0	0	1	0	0	0	0	0
C	Marios	21	141	15	1	31____	39096	7	0	0	0	0	0	0	0	0	1	0
C	Marios	21	141	15	1	31____	39118	7	0	0	0	0	1	0	0	0	0	0
C	Marios	21	141	15	1	31____	39125	7	0	0	0	0	0	0	0	0	1	0
C	Marios	21	141	15	1	31____	39138	7	0	0	0	0	1	0	0	0	0	0
C	Marios	21	141	15	1	31____	39221	7	0	0	0	0	0	0	0	0	1	0
C	Marios	21	141	15	1	31____	39243	7	0	0	0	0	1	0	0	0	0	0
C	Marios	21	141	15	1	31____	39250	7	11	0	0	0	0	0	0	0	0	0
C	Marios	21	141	15	1	31____	39655	11	0	0	0	0	0	0	0	0	1	0
C	Marios	21	141	15	1	31____	39659	11	0	0	0	0	1	0	0	0	0	0
C	Marios	21	141	15	1	31____	39662	11	0	0	0	0	0	0	0	0	1	0
C	Marios	21	141	15	1	31____	39668	11	0	0	0	0	1	0	0	0	0	0
C	Marios	21	141	15	1	31____	39670	11	0	0	0	0	0	0	0	0	1	0
C	Marios	21	141	15	1	31____	39674	11	0	0	0	0	1	0	0	0	0	0
C	Marios	21	141	15	1	31____	39677	11	0	0	0	0	0	0	0	0	1	0
C	Marios	21	141	15	1	31____	39678	11	0	0	0	0	1	0	0	0	0	0
C	Marios	21	141	15	1	31____	39712	11	0	0	0	0	0	0	0	0	1	0
C	Marios	21	141	15	1	31____	39716	11	0	0	0	0	1	0	0	0	0	0
C	Marios	21	141	15	1	31____	39733	11	0	0	0	0	1	0	0	0	1	0
C	Marios	21	141	15	1	31____	39744	11	0	0	0	0	0	0	0	0	1	0
C	Marios	21	141	15	1	31____	39748	11	0	0	0	0	1	0	0	0	0	0
C	Marios	21	141	15	1	31____	39750	11	1	0	0	0	0	0	0	0	1	0
C	Marios	21	141	15	1	31____	39774	1	0	0	0	0	1	0	0	0	0	0
C	Marios	21	141	15	1	31____	39789	1	0	0	0	0	0	0	0	0	1	0
C	Marios	21	141	15	1	31____	39822	1	0	0	0	0	1	0	0	0	0	0
C	Marios	21	141	15	1	31____	39926	1	0	0	0	0	0	0	0	0	1	0
C	Marios	21	141	15	1	31____	45127	1	0	0	0	0	1	0	0	0	0	0
C	Marios	21	141	15	1	31____	45231	1	0	0	0	0	0	0	0	0	1	0
C	Marios	21	141	15	1	31____	45750	1	2	0	0	0	0	0	0	0	0	0
C	Marios	21	141	15	1	31____	46250	2	16	0	0	0	0	0	0	0	0	0
C	Marios	21	141	15	1	31____	46642	16	0	0	0	0	1	0	0	0	0	0
C	Marios	21	141	15	1	31____	46715	16	0	0	0	0	0	0	0	0	1	0
C	Marios	21	141	15	1	31____	46745	16	0	0	0	0	1	0	0	0	0	0
C	Marios	21	141	15	1	31____	46750	16	15	0	0	0	0	0	0	0	0	0
C	Marios	21	141	15	1	31____	46816	15	0	0	0	0	0	0	0	0	1	0
C	Marios	21	141	15	1	31____	47250	15	1	0	0	0	0	0	0	0	0	0
C	Marios	21	141	15	1	31____	47547	1	0	0	0	0	1	0	0	0	0	0
C	Marios	21	141	15	1	31____	47561	1	0	0	0	0	0	0	0	0	1	0
C	Marios	21	141	15	1	31____	48451	1	0	0	0	0	1	0	0	0	0	0
C	Marios	21	141	15	1	31____	48571	1	0	0	0	0	0	0	0	0	1	0
C	Marios	21	141	15	1	31____	48853	1	0	0	0	0	1	0	0	0	0	0
C	Marios	21	141	15	1	31____	48986	1	0	0	0	0	0	0	0	0	1	0
C	Marios	21	141	15	1	31____	50764	1	0	0	0	0	1	0	0	0	0	0
C	Marios	21	141	15	1	31____	50870	1	0	0	0	0	0	0	0	0	1	0
C	Marios	21	141	15	1	31____	51548	1	0	0	0	0	1	0	0	0	0	0
C	Marios	21	141	15	1	31____	51650	1	0	0	0	0	0	0	0	0	1	0
C	Marios	21	141	15	1	31____	51727	1	0	0	0	0	1	0	0	0	0	0
C	Marios	21	141	15	1	31____	51873	1	0	0	0	0	0	0	0	0	1	0
C	Marios	21	141	15	1	31____	52260	1	0	0	0	0	1	0	0	0	0	0
C	Marios	21	141	15	1	31____	52498	1	0	0	0	0	0	0	0	0	1	0
C	Marios	21	141	15	1	31____	54308	1	0	0	0	0	1	0	0	0	0	0
C	Marios	21	141	15	1	31____	54385	1	0	0	0	0	0	0	0	0	1	0
C	Marios	21	141	15	1	31____	54750	1	2	0	0	0	0	0	0	0	0	0
C	Marios	21	141	15	1	31____	55250	2	16	0	0	0	0	0	0	0	0	0
C	Marios	21	141	15	1	31____	55463	16	0	0	0	0	1	0	0	0	0	0
C	Marios	21	141	15	1	31____	55633	16	0	0	0	0	0	0	0	0	1	0
C	Marios	21	141	15	1	31____	55637	16	0	0	0	0	1	0	0	0	0	0
C	Marios	21	141	15	1	31____	55645	16	0	0	0	0	0	0	0	0	1	0
C	Marios	21	141	15	1	31____	55646	16	0	0	0	0	1	0	0	0	0	0
C	Marios	21	141	15	1	31____	55677	16	0	0	0	0	0	0	0	0	1	0
C	Marios	21	141	15	1	31____	55707	16	0	0	0	0	1	0	0	0	0	0
C	Marios	21	141	15	1	31____	55750	16	15	0	0	0	0	0	0	0	0	0
C	Marios	21	141	15	1	31____	55785	15	0	0	0	0	0	0	0	0	1	0
C	Marios	21	141	15	1	31____	55815	15	0	0	0	0	1	0	0	0	0	0
C	Marios	21	141	15	1	31____	55847	15	0	0	0	0	0	0	0	0	1	0
C	Marios	21	141	15	1	31____	55855	15	0	0	0	0	1	0	0	0	0	0
C	Marios	21	141	15	1	31____	55896	15	0	0	0	0	0	0	0	0	1	0
C	Marios	21	141	15	1	31____	55898	15	0	0	0	0	1	0	0	0	0	0
C	Marios	21	141	15	1	31____	55904	15	0	0	0	0	0	0	0	0	1	0
C	Marios	21	141	15	1	31____	55906	15	0	0	0	0	1	0	0	0	0	0
C	Marios	21	141	15	1	31____	56056	15	0	0	0	0	0	0	0	0	1	0
C	Marios	21	141	15	1	31____	56250	15	1	0	0	0	0	0	0	0	0	0
C	Marios	21	141	15	1	31____	57577	1	0	0	0	0	1	0	0	0	0	0
C	Marios	21	141	15	1	31____	57609	1	0	0	0	0	0	0	0	0	1	0
C	Marios	21	141	15	1	31____	58500	1	2	0	0	0	0	0	0	0	0	0
C	Marios	21	141	15	1	31____	59000	2	17	0	0	0	0	0	0	0	0	0
C	Marios	21	141	15	1	31____	59035	17	0	0	0	0	1	0	0	0	0	0
C	Marios	21	141	15	1	31____	59088	17	0	0	0	0	0	0	0	0	1	0
C	Marios	21	141	15	1	31____	59165	17	0	0	0	0	1	0	0	0	0	0
C	Marios	21	141	15	1	31____	59374	17	0	0	0	0	0	0	0	0	1	0
C	Marios	21	141	15	1	31____	59379	17	0	0	0	0	1	0	0	0	0	0
C	Marios	21	141	15	1	31____	59386	17	0	0	0	0	0	0	0	0	1	0
C	Marios	21	141	15	1	31____	59395	17	0	0	0	0	1	0	0	0	0	0
C	Marios	21	141	15	1	31____	59452	17	0	0	0	0	0	0	0	0	1	0
C	Marios	21	141	15	1	31____	59466	17	0	0	0	0	1	0	0	0	0	0
C	Marios	21	141	15	1	31____	59500	17	15	0	0	0	0	0	0	0	0	0
C	Marios	21	141	15	1	31____	59555	15	0	0	0	0	0	0	0	0	1	0
C	Marios	21	141	15	1	31____	59576	15	0	0	0	0	1	0	0	0	0	0
C	Marios	21	141	15	1	31____	59686	15	0	0	0	0	0	0	0	0	1	0
C	Marios	21	141	15	1	31____	59808	15	0	0	0	0	1	0	0	0	0	0
C	Marios	21	141	15	1	31____	59826	15	0	0	0	0	0	0	0	0	1	0
C	Marios	21	141	15	1	31____	59873	15	0	0	0	0	1	0	0	0	0	0
C	Marios	21	141	15	1	31____	59879	15	0	0	0	0	0	0	0	0	1	0
C	Marios	21	141	15	1	31____	59886	15	0	0	0	0	1	0	0	0	0	0
C	Marios	21	141	15	1	31____	59895	15	0	0	0	0	0	0	0	0	1	0
C	Marios	21	141	15	1	31____	59924	15	0	0	0	0	1	0	0	0	0	0
C	Marios	21	141	15	1	31____	59997	15	0	0	0	0	0	0	0	0	1	0
C	Marios	21	141	15	1	31____	60000	15	1	0	0	0	0	0	0	0	0	0
C	Marios	21	141	15	1	31____	60965	1	0	0	0	0	1	0	0	0	0	0
C	Marios	21	141	15	1	31____	60987	1	0	0	0	0	0	0	0	0	1	0
C	Marios	21	141	15	1	31____	62926	1	0	0	0	0	1	0	0	0	0	0
C	Marios	21	141	15	1	31____	62935	1	0	0	0	0	0	0	0	0	1	0
C	Marios	21	141	15	1	31____	63717	1	0	0	0	0	1	0	0	0	0	0
C	Marios	21	141	15	1	31____	63824	1	0	0	0	0	0	0	0	0	1	0
C	Marios	21	141	15	1	31____	64500	1	2	0	0	0	0	0	0	0	0	0
C	Marios	21	141	15	1	31____	65000	2	17	0	0	0	0	0	0	0	0	0
C	Marios	21	141	15	1	31____	65500	17	15	0	0	0	0	0	0	0	0	0
C	Marios	21	141	15	1	31____	65512	15	0	0	0	0	1	0	0	0	0	0
C	Marios	21	141	15	1	31____	65576	15	0	0	0	0	0	0	0	0	1	0
C	Marios	21	141	15	1	31____	66000	15	1	0	0	0	0	0	0	0	0	0
C	Marios	21	141	15	1	31____	70459	1	0	0	0	0	1	0	0	0	0	0
C	Marios	21	141	15	1	31____	70465	1	0	0	0	0	0	0	0	0	1	0
C	Marios	21	141	15	1	31____	70470	1	0	0	0	0	1	0	0	0	0	0
C	Marios	21	141	15	1	31____	70500	1	2	0	0	0	0	0	0	0	0	0
C	Marios	21	141	15	1	31____	70693	2	0	0	0	0	0	0	0	0	1	0
C	Marios	21	141	15	1	31____	71000	2	6	0	0	0	0	0	0	0	0	0
C	Marios	21	141	15	1	31____	71032	6	0	0	0	0	1	0	0	0	0	0
C	Marios	21	141	15	1	31____	71180	6	0	0	0	0	0	0	0	0	1	0
C	Marios	21	141	15	1	31____	71186	6	0	0	0	0	1	0	0	0	0	0
C	Marios	21	141	15	1	31____	71193	6	0	0	0	0	0	0	0	0	1	0
C	Marios	21	141	15	1	31____	71208	6	0	0	0	0	1	0	0	0	0	0
C	Marios	21	141	15	1	31____	71272	6	0	0	0	0	0	0	0	0	1	0
C	Marios	21	141	15	1	31____	71293	6	0	0	0	0	1	0	0	0	0	0
C	Marios	21	141	15	1	31____	71352	6	0	0	0	0	0	0	0	0	1	0
C	Marios	21	141	15	1	31____	71405	6	0	0	0	0	1	0	0	0	0	0
C	Marios	21	141	15	1	31____	71458	6	0	0	0	0	0	0	0	0	1	0
C	Marios	21	141	15	1	31____	71485	6	0	0	0	0	1	0	0	0	0	0
C	Marios	21	141	15	1	31____	71500	6	10	0	0	0	0	0	0	0	0	0
C	Marios	21	141	15	1	31____	71510	10	0	0	0	0	0	0	0	0	1	0
C	Marios	21	141	15	1	31____	71514	10	0	0	0	0	1	0	0	0	0	0
C	Marios	21	141	15	1	31____	71809	10	0	0	0	0	1	0	0	0	1	0
C	Marios	21	141	15	1	31____	71823	10	0	0	0	0	0	0	0	0	1	0
C	Marios	21	141	15	1	31____	71828	10	0	0	0	0	1	0	0	0	0	0
C	Marios	21	141	15	1	31____	71830	10	0	0	0	0	0	0	0	0	1	0
C	Marios	21	141	15	1	31____	71836	10	0	0	0	0	1	0	0	0	0	0
C	Marios	21	141	15	1	31____	71838	10	0	0	0	0	0	0	0	0	1	0
C	Marios	21	141	15	1	31____	71840	10	0	0	0	0	1	0	0	0	0	0
C	Marios	21	141	15	1	31____	71859	10	0	0	0	0	0	0	0	0	1	0
C	Marios	21	141	15	1	31____	71881	10	0	0	0	0	1	0	0	0	0	0
C	Marios	21	141	15	1	31____	71887	10	0	0	0	0	0	0	0	0	1	0
C	Marios	21	141	15	1	31____	72000	10	1	0	0	0	0	0	0	0	0	0
C	Marios	21	141	15	1	31____	72131	1	0	0	0	0	1	0	0	0	0	0
C	Marios	21	141	15	1	31____	72246	1	0	0	0	0	0	0	0	0	1	0
C	Marios	21	141	15	1	31____	72257	1	0	0	0	0	1	0	0	0	0	0
C	Marios	21	141	15	1	31____	72305	1	0	0	0	0	0	0	0	0	1	0
C	Marios	21	141	15	1	31____	73457	1	0	0	0	0	1	0	0	0	0	0
C	Marios	21	141	15	1	31____	73480	1	0	0	0	0	0	0	0	0	1	0
C	Marios	21	141	15	1	31____	75130	1	0	0	0	0	1	0	0	0	0	0
C	Marios	21	141	15	1	31____	75141	1	0	0	0	0	0	0	0	0	1	0
C	Marios	21	141	15	1	31____	75144	1	0	0	0	0	1	0	0	0	0	0
C	Marios	21	141	15	1	31____	75163	1	0	0	0	0	0	0	0	0	1	0
C	Marios	21	141	15	1	31____	76131	1	0	0	0	0	1	0	0	0	0	0
C	Marios	21	141	15	1	31____	76349	1	0	0	0	0	0	0	0	0	1	0
C	Marios	21	141	15	1	31____	76434	1	0	0	0	0	1	0	0	0	0	0
C	Marios	21	141	15	1	31____	76500	1	2	0	0	0	0	0	0	0	0	0
C	Marios	21	141	15	1	31____	76697	2	0	0	0	0	0	0	0	0	1	0
C	Marios	21	141	15	1	31____	76853	2	0	0	0	0	1	0	0	0	0	0
C	Marios	21	141	15	1	31____	76959	2	0	0	0	0	0	0	0	0	1	0
C	Marios	21	141	15	1	31____	77000	2	7	0	0	0	0	0	0	0	0	0
C	Marios	21	141	15	1	31____	77023	7	0	0	0	0	1	0	0	0	0	0
C	Marios	21	141	15	1	31____	77071	7	0	0	0	0	0	0	0	0	1	0
C	Marios	21	141	15	1	31____	77094	7	0	0	0	0	1	0	0	0	0	0
C	Marios	21	141	15	1	31____	77123	7	0	0	0	0	0	0	0	0	1	0
C	Marios	21	141	15	1	31____	77131	7	0	0	0	0	1	0	0	0	0	0
C	Marios	21	141	15	1	31____	77153	7	0	0	0	0	0	0	0	0	1	0
C	Marios	21	141	15	1	31____	77160	7	0	0	0	0	1	0	0	0	0	0
C	Marios	21	141	15	1	31____	77251	7	0	0	0	0	0	0	0	0	1	0
C	Marios	21	141	15	1	31____	77273	7	0	0	0	0	1	0	0	0	0	0
C	Marios	21	141	15	1	31____	77306	7	0	0	0	0	0	0	0	0	1	0
C	Marios	21	141	15	1	31____	77344	7	0	0	0	0	1	0	0	0	0	0
C	Marios	21	141	15	1	31____	77413	7	0	0	0	0	0	0	0	0	1	0
C	Marios	21	141	15	1	31____	77440	7	0	0	0	0	1	0	0	0	0	0
C	Marios	21	141	15	1	31____	77460	7	0	0	0	0	0	0	0	0	1	0
C	Marios	21	141	15	1	31____	77494	7	0	0	0	0	1	0	0	0	0	0
C	Marios	21	141	15	1	31____	77500	7	11	0	0	0	0	0	0	0	0	0
C	Marios	21	141	15	1	31____	78000	11	1	0	0	0	0	0	0	0	0	0
C	Marios	21	141	15	1	31____	78148	1	0	0	0	0	0	0	0	0	1	0
C	Marios	21	141	15	1	31____	78420	1	0	0	0	0	1	0	0	0	0	0
C	Marios	21	141	15	1	31____	78526	1	0	0	0	0	0	0	0	0	1	0
C	Marios	21	141	15	1	31____	78529	1	0	0	0	0	1	0	0	0	0	0
C	Marios	21	141	15	1	31____	78545	1	0	0	0	0	0	0	0	0	1	0
C	Marios	21	141	15	1	31____	78627	1	0	0	0	0	1	0	0	0	0	0
C	Marios	21	141	15	1	31____	78697	1	0	0	0	0	0	0	0	0	1	0
C	Marios	21	141	15	1	31____	78771	1	0	0	0	0	1	0	0	0	0	0
C	Marios	21	141	15	1	31____	78802	1	0	0	0	0	0	0	0	0	1	0
C	Marios	21	141	15	1	31____	79568	1	0	0	0	0	1	0	0	0	0	0
C	Marios	21	141	15	1	31____	79627	1	0	0	0	0	0	0	0	0	1	0
C	Marios	21	141	15	1	31____	81033	1	0	0	0	0	1	0	0	0	0	0
C	Marios	21	141	15	1	31____	81151	1	0	0	0	0	0	0	0	0	1	0
C	Marios	21	141	15	1	31____	81340	1	0	0	0	0	1	0	0	0	0	0
C	Marios	21	141	15	1	31____	81406	1	0	0	0	0	0	0	0	0	1	0
C	Marios	21	141	15	1	31____	81514	1	0	0	0	0	1	0	0	0	0	0
C	Marios	21	141	15	1	31____	81576	1	0	0	0	0	0	0	0	0	1	0
C	Marios	21	141	15	1	31____	81702	1	0	0	0	0	1	0	0	0	0	0
C	Marios	21	141	15	1	31____	81797	1	0	0	0	0	0	0	0	0	1	0
C	Marios	21	141	15	1	31____	81973	1	0	0	0	0	1	0	0	0	0	0
C	Marios	21	141	15	1	31____	82025	1	0	0	0	0	0	0	0	0	1	0
C	Marios	21	141	15	1	31____	82500	1	2	0	0	0	0	0	0	0	0	0
C	Marios	21	141	15	1	31____	82649	2	0	0	0	0	1	0	0	0	0	0
C	Marios	21	141	15	1	31____	82665	2	0	0	0	0	0	0	0	0	1	0
C	Marios	21	141	15	1	31____	82674	2	0	0	0	0	1	0	0	0	0	0
C	Marios	21	141	15	1	31____	82703	2	0	0	0	0	1	0	0	0	1	0
C	Marios	21	141	15	1	31____	82705	2	0	0	0	0	0	0	0	0	1	0
C	Marios	21	141	15	1	31____	82711	2	0	0	0	0	1	0	0	0	0	0
C	Marios	21	141	15	1	31____	82715	2	0	0	0	0	0	0	0	0	1	0
C	Marios	21	141	15	1	31____	82716	2	0	0	0	0	1	0	0	0	0	0
C	Marios	21	141	15	1	31____	82719	2	0	0	0	0	0	0	0	0	1	0
C	Marios	21	141	15	1	31____	82720	2	0	0	0	0	1	0	0	0	0	0
C	Marios	21	141	15	1	31____	82724	2	0	0	0	0	0	0	0	0	1	0
C	Marios	21	141	15	1	31____	82728	2	0	0	0	0	1	0	0	0	0	0
C	Marios	21	141	15	1	31____	82732	2	0	0	0	0	0	0	0	0	1	0
C	Marios	21	141	15	1	31____	82733	2	0	0	0	0	1	0	0	0	0	0
C	Marios	21	141	15	1	31____	82736	2	0	0	0	0	0	0	0	0	1	0
C	Marios	21	141	15	1	31____	82742	2	0	0	0	0	1	0	0	0	0	0
C	Marios	21	141	15	1	31____	82762	2	0	0	0	0	0	0	0	0	1	0
C	Marios	21	141	15	1	31____	82777	2	0	0	0	0	1	0	0	0	0	0
C	Marios	21	141	15	1	31____	82782	2	0	0	0	0	0	0	0	0	1	0
C	Marios	21	141	15	1	31____	83000	2	16	0	0	0	0	0	0	0	0	0
C	Marios	21	141	15	1	31____	83067	16	0	0	0	0	1	0	0	0	0	0
C	Marios	21	141	15	1	31____	83192	16	0	0	0	0	0	0	0	0	1	0
C	Marios	21	141	15	1	31____	83193	16	0	0	0	0	1	0	0	0	0	0
C	Marios	21	141	15	1	31____	83274	16	0	0	0	0	0	0	0	0	1	0
C	Marios	21	141	15	1	31____	83287	16	0	0	0	0	1	0	0	0	0	0
C	Marios	21	141	15	1	31____	83300	16	0	0	0	0	0	0	0	0	1	0
C	Marios	21	141	15	1	31____	83303	16	0	0	0	0	1	0	0	0	0	0
C	Marios	21	141	15	1	31____	83306	16	0	0	0	0	0	0	0	0	1	0
C	Marios	21	141	15	1	31____	83318	16	0	0	0	0	1	0	0	0	0	0
C	Marios	21	141	15	1	31____	83383	16	0	0	0	0	0	0	0	0	1	0
C	Marios	21	141	15	1	31____	83395	16	0	0	0	0	1	0	0	0	0	0
C	Marios	21	141	15	1	31____	83413	16	0	0	0	0	0	0	0	0	1	0
C	Marios	21	141	15	1	31____	83458	16	0	0	0	0	1	0	0	0	0	0
C	Marios	21	141	15	1	31____	83477	16	0	0	0	0	0	0	0	0	1	0
C	Marios	21	141	15	1	31____	83500	16	15	0	0	0	0	0	0	0	0	0
C	Marios	21	141	15	1	31____	83501	15	0	0	0	0	1	0	0	0	0	0
C	Marios	21	141	15	1	31____	83503	15	0	0	0	0	1	0	0	0	1	0
C	Marios	21	141	15	1	31____	83557	15	0	0	0	0	0	0	0	0	1	0
C	Marios	21	141	15	1	31____	83560	15	0	0	0	0	1	0	0	0	0	0
C	Marios	21	141	15	1	31____	83565	15	0	0	0	0	0	0	0	0	1	0
C	Marios	21	141	15	1	31____	83586	15	0	0	0	0	1	0	0	0	0	0
C	Marios	21	141	15	1	31____	83588	15	0	0	0	0	0	0	0	0	1	0
C	Marios	21	141	15	1	31____	83616	15	0	0	0	0	1	0	0	0	0	0
C	Marios	21	141	15	1	31____	83706	15	0	0	0	0	0	0	0	0	1	0
C	Marios	21	141	15	1	31____	83711	15	0	0	0	0	1	0	0	0	0	0
C	Marios	21	141	15	1	31____	83732	15	0	0	0	0	0	0	0	0	1	0
C	Marios	21	141	15	1	31____	84000	15	1	0	0	0	0	0	0	0	0	0
C	Marios	21	141	15	1	31____	84035	1	0	0	0	0	1	0	0	0	0	0
C	Marios	21	141	15	1	31____	84050	1	0	0	0	0	0	0	0	0	1	0
C	Marios	21	141	15	1	31____	85926	1	0	0	0	0	1	0	0	0	0	0
C	Marios	21	141	15	1	31____	86260	1	0	0	0	0	0	0	0	0	1	0
C	Marios	21	141	15	1	31____	86415	1	0	0	0	0	1	0	0	0	0	0
C	Marios	21	141	15	1	31____	86526	1	0	0	0	0	0	0	0	0	1	0
C	Marios	21	141	15	1	31____	86667	1	0	0	0	0	1	0	0	0	0	0
C	Marios	21	141	15	1	31____	86709	1	0	0	0	0	0	0	0	0	1	0
C	Marios	21	141	15	1	31____	86863	1	0	0	0	0	1	0	0	0	0	0
C	Marios	21	141	15	1	31____	87012	1	0	0	0	0	0	0	0	0	1	0
C	Marios	21	141	15	1	31____	87021	1	0	0	0	0	1	0	0	0	0	0
C	Marios	21	141	15	1	31____	87096	1	0	0	0	0	0	0	0	0	1	0
C	Marios	21	141	15	1	31____	87203	1	0	0	0	0	1	0	0	0	0	0
C	Marios	21	141	15	1	31____	87449	1	0	0	0	0	0	0	0	0	1	0
C	Marios	21	141	15	1	31____	87500	1	2	0	0	0	0	0	0	0	0	0
C	Marios	21	141	15	1	31____	88000	2	17	0	0	0	0	0	0	0	0	0
C	Marios	21	141	15	1	31____	88040	17	0	0	0	0	1	0	0	0	0	0
C	Marios	21	141	15	1	31____	88146	17	0	0	0	0	0	0	0	0	1	0
C	Marios	21	141	15	1	31____	88163	17	0	0	0	0	1	0	0	0	0	0
C	Marios	21	141	15	1	31____	88178	17	0	0	0	0	0	0	0	0	1	0
C	Marios	21	141	15	1	31____	88229	17	0	0	0	0	1	0	0	0	0	0
C	Marios	21	141	15	1	31____	88290	17	0	0	0	0	0	0	0	0	1	0
C	Marios	21	141	15	1	31____	88321	17	0	0	0	0	1	0	0	0	0	0
C	Marios	21	141	15	1	31____	88373	17	0	0	0	0	0	0	0	0	1	0
C	Marios	21	141	15	1	31____	88402	17	0	0	0	0	1	0	0	0	0	0
C	Marios	21	141	15	1	31____	88404	17	0	0	0	0	0	0	0	0	1	0
C	Marios	21	141	15	1	31____	88434	17	0	0	0	0	1	0	0	0	0	0
C	Marios	21	141	15	1	31____	88500	17	15	0	0	0	0	0	0	0	0	0
C	Marios	21	141	15	1	31____	88557	15	0	0	0	0	0	0	0	0	1	0
C	Marios	21	141	15	1	31____	88635	15	0	0	0	0	1	0	0	0	0	0
C	Marios	21	141	15	1	31____	88771	15	0	0	0	0	0	0	0	0	1	0
C	Marios	21	141	15	1	31____	88881	15	0	0	0	0	1	0	0	0	0	0
C	Marios	21	141	15	1	31____	88959	15	0	0	0	0	0	0	0	0	1	0
C	Marios	21	141	15	1	31____	89000	15	1	0	0	0	0	0	0	0	0	0
C	Marios	21	141	15	1	31____	94920	1	0	0	0	0	1	0	0	0	0	0
C	Marios	21	141	15	1	31____	95023	1	0	0	0	0	0	0	0	0	1	0
C	Marios	21	141	15	1	31____	95025	1	0	0	0	0	1	0	0	0	0	0
C	Marios	21	141	15	1	31____	95187	1	0	0	0	0	0	0	0	0	1	0
C	Marios	21	141	15	1	31____	95745	1	0	0	0	0	1	0	0	0	0	0
C	Marios	21	141	15	1	31____	95750	1	2	0	0	0	0	0	0	0	1	0
C	Marios	21	141	15	1	31____	95888	2	0	0	0	0	1	0	0	0	0	0
C	Marios	21	141	15	1	31____	95980	2	0	0	0	0	0	0	0	0	1	0
C	Marios	21	141	15	1	31____	96250	2	16	0	0	0	0	0	0	0	0	0
C	Marios	21	141	15	1	31____	96750	16	15	0	0	0	0	0	0	0	0	0
C	Marios	21	141	15	1	31____	96842	15	0	0	0	0	1	0	0	0	0	0
C	Marios	21	141	15	1	31____	96885	15	0	0	0	0	0	0	0	0	1	0
C	Marios	21	141	15	1	31____	97250	15	1	0	0	0	0	0	0	0	0	0
C	Marios	21	141	15	1	31____	98258	1	0	0	0	0	1	0	0	0	0	0
C	Marios	21	141	15	1	31____	98374	1	0	0	0	0	0	0	0	0	1	0
C	Marios	21	141	15	1	31____	99338	1	0	0	0	0	1	0	0	0	0	0
C	Marios	21	141	15	1	31____	99346	1	0	0	0	0	0	0	0	0	1	0
C	Marios	21	141	15	1	31____	99394	1	0	0	0	0	1	0	0	0	0	0
C	Marios	21	141	15	1	31____	99478	1	0	0	0	0	0	0	0	0	1	0
C	Marios	21	141	15	1	31____	99500	1	2	0	0	0	0	0	0	0	0	0
C	Marios	21	141	15	1	31____	99743	2	0	0	0	0	1	0	0	0	0	0
C	Marios	21	141	15	1	31____	99824	2	0	0	0	0	0	0	0	0	1	0
C	Marios	21	141	15	1	31____	100000	2	6	0	0	0	0	0	0	0	0	0
C	Marios	21	141	15	1	31____	100024	6	0	0	0	0	1	0	0	0	0	0
C	Marios	21	141	15	1	31____	100188	6	0	0	0	0	0	0	0	0	1	0
C	Marios	21	141	15	1	31____	100195	6	0	0	0	0	1	0	0	0	0	0
C	Marios	21	141	15	1	31____	100222	6	0	0	0	0	0	0	0	0	1	0
C	Marios	21	141	15	1	31____	100244	6	0	0	0	0	1	0	0	0	0	0
C	Marios	21	141	15	1	31____	100269	6	0	0	0	0	0	0	0	0	1	0
C	Marios	21	141	15	1	31____	100301	6	0	0	0	0	1	0	0	0	0	0
C	Marios	21	141	15	1	31____	100440	6	0	0	0	0	0	0	0	0	1	0
C	Marios	21	141	15	1	31____	100445	6	0	0	0	0	1	0	0	0	0	0
C	Marios	21	141	15	1	31____	100448	6	0	0	0	0	0	0	0	0	1	0
C	Marios	21	141	15	1	31____	100456	6	0	0	0	0	1	0	0	0	0	0
C	Marios	21	141	15	1	31____	100459	6	0	0	0	0	0	0	0	0	1	0
C	Marios	21	141	15	1	31____	100463	6	0	0	0	0	1	0	0	0	0	0
C	Marios	21	141	15	1	31____	100469	6	0	0	0	0	0	0	0	0	1	0
C	Marios	21	141	15	1	31____	100494	6	0	0	0	0	1	0	0	0	0	0
C	Marios	21	141	15	1	31____	100500	6	10	0	0	0	0	0	0	0	0	0
C	Marios	21	141	15	1	31____	100870	10	0	0	0	0	0	0	0	0	1	0
C	Marios	21	141	15	1	31____	101000	10	1	0	0	0	0	0	0	0	0	0
C	Marios	21	141	15	1	31____	101368	1	0	0	0	0	1	0	0	0	0	0
C	Marios	21	141	15	1	31____	101394	1	0	0	0	0	0	0	0	0	1	0
C	Marios	21	141	15	1	31____	103208	1	0	0	0	0	1	0	0	0	0	0
C	Marios	21	141	15	1	31____	103287	1	0	0	0	0	0	0	0	0	1	0
C	Marios	21	141	15	1	31____	104067	1	0	0	0	0	1	0	0	0	0	0
C	Marios	21	141	15	1	31____	104243	1	0	0	0	0	0	0	0	0	1	0
C	Marios	21	141	15	1	31____	104299	1	0	0	0	0	1	0	0	0	0	0
C	Marios	21	141	15	1	31____	104509	1	0	0	0	0	0	0	0	0	1	0
C	Marios	21	141	15	1	31____	104570	1	0	0	0	0	1	0	0	0	0	0
C	Marios	21	141	15	1	31____	104670	1	0	0	0	0	0	0	0	0	1	0
C	Marios	21	141	15	1	31____	105012	1	0	0	0	0	1	0	0	0	0	0
C	Marios	21	141	15	1	31____	105066	1	0	0	0	0	0	0	0	0	1	0
C	Marios	21	141	15	1	31____	106364	1	0	0	0	0	1	0	0	0	0	0
C	Marios	21	141	15	1	31____	106388	1	0	0	0	0	0	0	0	0	1	0
C	Marios	21	141	15	1	31____	107555	1	0	0	0	0	1	0	0	0	0	0
C	Marios	21	141	15	1	31____	107722	1	0	0	0	0	0	0	0	0	1	0
C	Marios	21	141	15	1	31____	108144	1	0	0	0	0	1	0	0	0	0	0
C	Marios	21	141	15	1	31____	108158	1	0	0	0	0	0	0	0	0	1	0
C	Marios	21	141	15	1	31____	108203	1	0	0	0	0	1	0	0	0	0	0
C	Marios	21	141	15	1	31____	108441	1	0	0	0	0	0	0	0	0	1	0
C	Marios	21	141	15	1	31____	108485	1	0	0	0	0	1	0	0	0	0	0
C	Marios	21	141	15	1	31____	108500	1	2	0	0	0	0	0	0	0	0	0
C	Marios	21	141	15	1	31____	108636	2	0	0	0	0	0	0	0	0	1	0
C	Marios	21	141	15	1	31____	109000	2	17	0	0	0	0	0	0	0	0	0
C	Marios	21	141	15	1	31____	109040	17	0	0	0	0	1	0	0	0	0	0
C	Marios	21	141	15	1	31____	109130	17	0	0	0	0	0	0	0	0	1	0
C	Marios	21	141	15	1	31____	109136	17	0	0	0	0	1	0	0	0	0	0
C	Marios	21	141	15	1	31____	109155	17	0	0	0	0	0	0	0	0	1	0
C	Marios	21	141	15	1	31____	109159	17	0	0	0	0	1	0	0	0	0	0
C	Marios	21	141	15	1	31____	109235	17	0	0	0	0	0	0	0	0	1	0
C	Marios	21	141	15	1	31____	109252	17	0	0	0	0	1	0	0	0	0	0
C	Marios	21	141	15	1	31____	109354	17	0	0	0	0	0	0	0	0	1	0
C	Marios	21	141	15	1	31____	109373	17	0	0	0	0	1	0	0	0	0	0
C	Marios	21	141	15	1	31____	109494	17	0	0	0	0	0	0	0	0	1	0
C	Marios	21	141	15	1	31____	109497	17	0	0	0	0	1	0	0	0	0	0
C	Marios	21	141	15	1	31____	109499	17	0	0	0	0	0	0	0	0	1	0
C	Marios	21	141	15	1	31____	109500	17	15	0	0	0	0	0	0	0	0	0
C	Marios	21	141	15	1	31____	109502	15	0	0	0	0	1	0	0	0	0	0
C	Marios	21	141	15	1	31____	109640	15	0	0	0	0	0	0	0	0	1	0
C	Marios	21	141	15	1	31____	109676	15	0	0	0	0	1	0	0	0	0	0
C	Marios	21	141	15	1	31____	109876	15	0	0	0	0	0	0	0	0	1	0
C	Marios	21	141	15	1	31____	110000	15	1	0	0	0	0	0	0	0	0	0
C	Marios	21	141	15	1	31____	110057	1	0	0	0	0	1	0	0	0	0	0
C	Marios	21	141	15	1	31____	110100	1	0	0	0	0	0	0	0	0	1	0
C	Marios	21	141	15	1	31____	110776	1	0	0	0	0	1	0	0	0	0	0
C	Marios	21	141	15	1	31____	110854	1	0	0	0	0	0	0	0	0	1	0
C	Marios	21	141	15	1	31____	111500	1	2	0	0	0	0	0	0	0	0	0
C	Marios	21	141	15	1	31____	112000	2	17	0	0	0	0	0	0	0	0	0
C	Marios	21	141	15	1	31____	112092	17	0	0	0	0	1	0	0	0	0	0
C	Marios	21	141	15	1	31____	112301	17	0	0	0	0	0	0	0	0	1	0
C	Marios	21	141	15	1	31____	112313	17	0	0	0	0	1	0	0	0	0	0
C	Marios	21	141	15	1	31____	112436	17	0	0	0	0	0	0	0	0	1	0
C	Marios	21	141	15	1	31____	112452	17	0	0	0	0	1	0	0	0	0	0
C	Marios	21	141	15	1	31____	112500	17	15	0	0	0	0	0	0	0	0	0
C	Marios	21	141	15	1	31____	112553	15	0	0	0	0	0	0	0	0	1	0
C	Marios	21	141	15	1	31____	112596	15	0	0	0	0	1	0	0	0	0	0
C	Marios	21	141	15	1	31____	112704	15	0	0	0	0	0	0	0	0	1	0
C	Marios	21	141	15	1	31____	112794	15	0	0	0	0	1	0	0	0	0	0
C	Marios	21	141	15	1	31____	112819	15	0	0	0	0	0	0	0	0	1	0
C	Marios	21	141	15	1	31____	113000	15	1	0	0	0	0	0	0	0	0	0
C	Marios	21	141	15	1	31____	113074	1	0	0	0	0	1	0	0	0	0	0
C	Marios	21	141	15	1	31____	113077	1	0	0	0	0	0	0	0	0	1	0
C	Marios	21	141	15	1	31____	114053	1	0	0	0	0	1	0	0	0	0	0
C	Marios	21	141	15	1	31____	114223	1	0	0	0	0	0	0	0	0	1	0
C	Marios	21	141	15	1	31____	116000	1	2	0	0	0	0	0	0	0	0	0
C	Marios	21	141	15	1	31____	116500	2	17	0	0	0	0	0	0	0	0	0
C	Marios	21	141	15	1	31____	116544	17	0	0	0	0	1	0	0	0	0	0
C	Marios	21	141	15	1	31____	116738	17	0	0	0	0	0	0	0	0	1	0
C	Marios	21	141	15	1	31____	116746	17	0	0	0	0	1	0	0	0	0	0
C	Marios	21	141	15	1	31____	116748	17	0	0	0	0	0	0	0	0	1	0
C	Marios	21	141	15	1	31____	116757	17	0	0	0	0	1	0	0	0	0	0
C	Marios	21	141	15	1	31____	116867	17	0	0	0	0	0	0	0	0	1	0
C	Marios	21	141	15	1	31____	116886	17	0	0	0	0	1	0	0	0	0	0
C	Marios	21	141	15	1	31____	116916	17	0	0	0	0	0	0	0	0	1	0
C	Marios	21	141	15	1	31____	116949	17	0	0	0	0	1	0	0	0	0	0
C	Marios	21	141	15	1	31____	117000	17	15	0	0	0	0	0	0	0	0	0
C	Marios	21	141	15	1	31____	117029	15	0	0	0	0	0	0	0	0	1	0
C	Marios	21	141	15	1	31____	117088	15	0	0	0	0	1	0	0	0	0	0
C	Marios	21	141	15	1	31____	117205	15	0	0	0	0	0	0	0	0	1	0
C	Marios	21	141	15	1	31____	117372	15	0	0	0	0	1	0	0	0	0	0
C	Marios	21	141	15	1	31____	117399	15	0	0	0	0	0	0	0	0	1	0
C	Marios	21	141	15	1	31____	117500	15	1	0	0	0	0	0	0	0	0	0
C	Marios	21	141	15	1	31____	123000	1	2	0	0	0	0	0	0	0	0	0
C	Marios	21	141	15	1	31____	123500	2	6	0	0	0	0	0	0	0	0	0
C	Marios	21	141	15	1	31____	123571	6	0	0	0	0	1	0	0	0	0	0
C	Marios	21	141	15	1	31____	123679	6	0	0	0	0	0	0	0	0	1	0
C	Marios	21	141	15	1	31____	123688	6	0	0	0	0	1	0	0	0	0	0
C	Marios	21	141	15	1	31____	123717	6	0	0	0	0	1	0	0	0	1	0
C	Marios	21	141	15	1	31____	123738	6	0	0	0	0	0	0	0	0	1	0
C	Marios	21	141	15	1	31____	123757	6	0	0	0	0	1	0	0	0	0	0
C	Marios	21	141	15	1	31____	123812	6	0	0	0	0	0	0	0	0	1	0
C	Marios	21	141	15	1	31____	123835	6	0	0	0	0	1	0	0	0	0	0
C	Marios	21	141	15	1	31____	123872	6	0	0	0	0	0	0	0	0	1	0
C	Marios	21	141	15	1	31____	123882	6	0	0	0	0	1	0	0	0	0	0
C	Marios	21	141	15	1	31____	123884	6	0	0	0	0	0	0	0	0	1	0
C	Marios	21	141	15	1	31____	123902	6	0	0	0	0	1	0	0	0	0	0
C	Marios	21	141	15	1	31____	124000	6	10	0	0	0	0	0	0	0	0	0
C	Marios	21	141	15	1	31____	124370	10	0	0	0	0	0	0	0	0	1	0
C	Marios	21	141	15	1	31____	124371	10	0	0	0	0	1	0	0	0	0	0
C	Marios	21	141	15	1	31____	124375	10	0	0	0	0	0	0	0	0	1	0
C	Marios	21	141	15	1	31____	124379	10	0	0	0	0	1	0	0	0	0	0
C	Marios	21	141	15	1	31____	124447	10	0	0	0	0	0	0	0	0	1	0
C	Marios	21	141	15	1	31____	124461	10	0	0	0	0	1	0	0	0	0	0
C	Marios	21	141	15	1	31____	124496	10	0	0	0	0	0	0	0	0	1	0
C	Marios	21	141	15	1	31____	124497	10	0	0	0	0	1	0	0	0	0	0
C	Marios	21	141	15	1	31____	124500	10	1	0	0	0	0	0	0	0	0	0
C	Marios	21	141	15	1	31____	124511	1	0	0	0	0	0	0	0	0	1	0
C	Marios	21	141	15	1	31____	125055	1	0	0	0	0	1	0	0	0	0	0
C	Marios	21	141	15	1	31____	125072	1	0	0	0	0	0	0	0	0	1	0
C	Marios	21	141	15	1	31____	129652	1	0	0	0	0	1	0	0	0	0	0
C	Marios	21	141	15	1	31____	129663	1	0	0	0	0	0	0	0	0	1	0
C	Marios	21	141	15	1	31____	129732	1	0	0	0	0	1	0	0	0	0	0
C	Marios	21	141	15	1	31____	129766	1	0	0	0	0	0	0	0	0	1	0
C	Marios	21	141	15	1	31____	129898	1	0	0	0	0	1	0	0	0	0	0
C	Marios	21	141	15	1	31____	129940	1	0	0	0	0	0	0	0	0	1	0
C	Marios	21	141	15	1	31____	130500	1	2	0	0	0	0	0	0	0	0	0
C	Marios	21	141	15	1	31____	130941	2	0	0	0	0	1	0	0	0	0	0
C	Marios	21	141	15	1	31____	131000	2	16	0	0	0	0	0	0	0	0	0
C	Marios	21	141	15	1	31____	131005	16	0	0	0	0	0	0	0	0	1	0
C	Marios	21	141	15	1	31____	131025	16	0	0	0	0	1	0	0	0	0	0
C	Marios	21	141	15	1	31____	131050	16	0	0	0	0	0	0	0	0	1	0
C	Marios	21	141	15	1	31____	131075	16	0	0	0	0	1	0	0	0	0	0
C	Marios	21	141	15	1	31____	131175	16	0	0	0	0	0	0	0	0	1	0
C	Marios	21	141	15	1	31____	131186	16	0	0	0	0	1	0	0	0	0	0
C	Marios	21	141	15	1	31____	131209	16	0	0	0	0	0	0	0	0	1	0
C	Marios	21	141	15	1	31____	131211	16	0	0	0	0	1	0	0	0	0	0
C	Marios	21	141	15	1	31____	131213	16	0	0	0	0	0	0	0	0	1	0
C	Marios	21	141	15	1	31____	131214	16	0	0	0	0	1	0	0	0	0	0
C	Marios	21	141	15	1	31____	131279	16	0	0	0	0	0	0	0	0	1	0
C	Marios	21	141	15	1	31____	131306	16	0	0	0	0	1	0	0	0	0	0
C	Marios	21	141	15	1	31____	131325	16	0	0	0	0	0	0	0	0	1	0
C	Marios	21	141	15	1	31____	131344	16	0	0	0	0	1	0	0	0	0	0
C	Marios	21	141	15	1	31____	131406	16	0	0	0	0	0	0	0	0	1	0
C	Marios	21	141	15	1	31____	131431	16	0	0	0	0	1	0	0	0	0	0
C	Marios	21	141	15	1	31____	131500	16	15	0	0	0	0	0	0	0	0	0
C	Marios	21	141	15	1	31____	131554	15	0	0	0	0	0	0	0	0	1	0
C	Marios	21	141	15	1	31____	131600	15	0	0	0	0	1	0	0	0	0	0
C	Marios	21	141	15	1	31____	131678	15	0	0	0	0	0	0	0	0	1	0
C	Marios	21	141	15	1	31____	131941	15	0	0	0	0	1	0	0	0	0	0
C	Marios	21	141	15	1	31____	131953	15	0	0	0	0	0	0	0	0	1	0
C	Marios	21	141	15	1	31____	132000	15	1	0	0	0	0	0	0	0	0	0
C	Marios	21	141	15	1	31____	134162	1	0	0	0	0	1	0	0	0	0	0
C	Marios	21	141	15	1	31____	134478	1	0	0	0	0	0	0	0	0	1	0
C	Marios	21	141	15	1	31____	134720	1	0	0	0	0	1	0	0	0	0	0
C	Marios	21	141	15	1	31____	134838	1	0	0	0	0	0	0	0	0	1	0
C	Marios	21	141	15	1	31____	137250	1	2	0	0	0	0	0	0	0	0	0
C	Marios	21	141	15	1	31____	137750	2	16	0	0	0	0	0	0	0	0	0
C	Marios	21	141	15	1	31____	137781	16	0	0	0	0	1	0	0	0	0	0
C	Marios	21	141	15	1	31____	137875	16	0	0	0	0	0	0	0	0	1	0
C	Marios	21	141	15	1	31____	137915	16	0	0	0	0	1	0	0	0	0	0
C	Marios	21	141	15	1	31____	137997	16	0	0	0	0	0	0	0	0	1	0
C	Marios	21	141	15	1	31____	138012	16	0	0	0	0	1	0	0	0	0	0
C	Marios	21	141	15	1	31____	138097	16	0	0	0	0	0	0	0	0	1	0
C	Marios	21	141	15	1	31____	138115	16	0	0	0	0	1	0	0	0	0	0
C	Marios	21	141	15	1	31____	138163	16	0	0	0	0	0	0	0	0	1	0
C	Marios	21	141	15	1	31____	138166	16	0	0	0	0	1	0	0	0	0	0
C	Marios	21	141	15	1	31____	138168	16	0	0	0	0	1	0	0	0	1	0
C	Marios	21	141	15	1	31____	138174	16	0	0	0	0	0	0	0	0	1	0
C	Marios	21	141	15	1	31____	138194	16	0	0	0	0	1	0	0	0	0	0
C	Marios	21	141	15	1	31____	138250	16	15	0	0	0	0	0	0	0	0	0
C	Marios	21	141	15	1	31____	138289	15	0	0	0	0	0	0	0	0	1	0
C	Marios	21	141	15	1	31____	138314	15	0	0	0	0	1	0	0	0	0	0
C	Marios	21	141	15	1	31____	138468	15	0	0	0	0	0	0	0	0	1	0
C	Marios	21	141	15	1	31____	138750	15	1	0	0	0	0	0	0	0	0	0
C	Marios	21	141	15	1	31____	138903	1	0	0	0	0	1	0	0	0	0	0
C	Marios	21	141	15	1	31____	138959	1	0	0	0	0	0	0	0	0	1	0
C	Marios	21	141	15	1	31____	140856	1	0	0	0	0	1	0	0	0	0	0
C	Marios	21	141	15	1	31____	140871	1	0	0	0	0	0	0	0	0	1	0
C	Marios	21	141	15	1	31____	142041	1	0	0	0	0	1	0	0	0	0	0
C	Marios	21	141	15	1	31____	142054	1	0	0	0	0	0	0	0	0	1	0
C	Marios	21	141	15	1	31____	142500	1	2	0	0	0	0	0	0	0	0	0
C	Marios	21	141	15	1	31____	143000	2	7	0	0	0	0	0	0	0	0	0
C	Marios	21	141	15	1	31____	143085	7	0	0	0	0	1	0	0	0	0	0
C	Marios	21	141	15	1	31____	143160	7	0	0	0	0	0	0	0	0	1	0
C	Marios	21	141	15	1	31____	143168	7	0	0	0	0	1	0	0	0	0	0
C	Marios	21	141	15	1	31____	143186	7	0	0	0	0	0	0	0	0	1	0
C	Marios	21	141	15	1	31____	143198	7	0	0	0	0	1	0	0	0	0	0
C	Marios	21	141	15	1	31____	143218	7	0	0	0	0	0	0	0	0	1	0
C	Marios	21	141	15	1	31____	143220	7	0	0	0	0	1	0	0	0	0	0
C	Marios	21	141	15	1	31____	143288	7	0	0	0	0	0	0	0	0	1	0
C	Marios	21	141	15	1	31____	143304	7	0	0	0	0	1	0	0	0	0	0
C	Marios	21	141	15	1	31____	143336	7	0	0	0	0	0	0	0	0	1	0
C	Marios	21	141	15	1	31____	143354	7	0	0	0	0	1	0	0	0	0	0
C	Marios	21	141	15	1	31____	143420	7	0	0	0	0	0	0	0	0	1	0
C	Marios	21	141	15	1	31____	143446	7	0	0	0	0	1	0	0	0	0	0
C	Marios	21	141	15	1	31____	143500	7	11	0	0	0	0	0	0	0	0	0
C	Marios	21	141	15	1	31____	144000	11	14	0	0	0	0	0	0	0	0	0
C	Marios	21	141	15	1	31____	144156	14	0	0	0	0	0	0	0	0	1	0
C	Marios	21	141	15	1	31____	144171	14	0	0	0	0	1	0	0	0	0	0
C	Marios	21	141	15	1	31____	144243	14	0	0	0	0	0	0	0	0	1	0
C	Marios	21	141	15	1	31____	144248	14	0	0	0	0	1	0	0	0	0	0
C	Marios	21	141	15	1	31____	144298	14	0	0	0	0	0	0	0	0	1	0
C	Marios	21	141	15	1	31____	146482	14	0	0	0	0	1	0	0	0	0	0
C	Marios	21	141	15	1	31____	146535	14	0	0	0	0	0	0	0	0	1	0
C	Marios	21	141	15	1	31____	147000	14	-1	0	0	0	0	0	0	0	0	0
