Project	UserID	Protocol	Session	Station	Run	Subject	Time	Current State	Transition State	Transition Event	A1 - LLR	A2 - RLR	A3 - MAG	A4 - 	A[1] LLR_OFF	A[2] RLR_OFF	A[3] MAG_OFF	A[4] 
C	Marios	20	141	9	1	2_____	0	0	1	0	0	0	0	0	0	0	0	0
C	Marios	20	141	9	1	2_____	1133	1	0	0	0	0	1	0	0	0	0	0
C	Marios	20	141	9	1	2_____	1142	1	0	0	0	0	0	0	0	0	1	0
C	Marios	20	141	9	1	2_____	3000	1	2	0	0	0	0	0	0	0	0	0
C	Marios	20	141	9	1	2_____	3500	2	6	0	0	0	0	0	0	0	0	0
C	Marios	20	141	9	1	2_____	3898	6	0	0	0	0	1	0	0	0	0	0
C	Marios	20	141	9	1	2_____	3957	6	0	0	0	0	0	0	0	0	1	0
C	Marios	20	141	9	1	2_____	4000	6	10	0	0	0	0	0	0	0	0	0
C	Marios	20	141	9	1	2_____	4071	10	0	0	0	0	1	0	0	0	0	0
C	Marios	20	141	9	1	2_____	4184	10	0	0	0	0	0	0	0	0	1	0
C	Marios	20	141	9	1	2_____	4500	10	1	0	0	0	0	0	0	0	0	0
C	Marios	20	141	9	1	2_____	5414	1	0	0	0	0	1	0	0	0	0	0
C	Marios	20	141	9	1	2_____	5439	1	0	0	0	0	0	0	0	0	1	0
C	Marios	20	141	9	1	2_____	8717	1	0	0	0	0	1	0	0	0	0	0
C	Marios	20	141	9	1	2_____	8750	1	0	0	0	0	0	0	0	0	1	0
C	Marios	20	141	9	1	2_____	8754	1	0	0	0	0	1	0	0	0	0	0
C	Marios	20	141	9	1	2_____	8777	1	0	0	0	0	0	0	0	0	1	0
C	Marios	20	141	9	1	2_____	10000	1	2	0	0	0	0	0	0	0	0	0
C	Marios	20	141	9	1	2_____	10500	2	12	0	0	0	0	0	0	0	0	0
C	Marios	20	141	9	1	2_____	11000	12	15	0	0	0	0	0	0	0	0	0
C	Marios	20	141	9	1	2_____	11500	15	1	0	0	0	0	0	0	0	0	0
C	Marios	20	141	9	1	2_____	12834	1	0	0	0	0	1	0	0	0	0	0
C	Marios	20	141	9	1	2_____	12876	1	0	0	0	0	0	0	0	0	1	0
C	Marios	20	141	9	1	2_____	14407	1	0	0	0	0	1	0	0	0	0	0
C	Marios	20	141	9	1	2_____	14437	1	0	0	0	0	0	0	0	0	1	0
C	Marios	20	141	9	1	2_____	15508	1	0	0	0	0	1	0	0	0	0	0
C	Marios	20	141	9	1	2_____	15741	1	0	0	0	0	0	0	0	0	1	0
C	Marios	20	141	9	1	2_____	15812	1	0	0	0	0	1	0	0	0	0	0
C	Marios	20	141	9	1	2_____	15905	1	0	0	0	0	0	0	0	0	1	0
C	Marios	20	141	9	1	2_____	16000	1	2	0	0	0	0	0	0	0	0	0
C	Marios	20	141	9	1	2_____	16024	2	0	0	0	0	1	0	0	0	0	0
C	Marios	20	141	9	1	2_____	16070	2	0	0	0	0	0	0	0	0	1	0
C	Marios	20	141	9	1	2_____	16093	2	0	0	0	0	1	0	0	0	0	0
C	Marios	20	141	9	1	2_____	16141	2	0	0	0	0	0	0	0	0	1	0
C	Marios	20	141	9	1	2_____	16143	2	0	0	0	0	1	0	0	0	0	0
C	Marios	20	141	9	1	2_____	16154	2	0	0	0	0	0	0	0	0	1	0
C	Marios	20	141	9	1	2_____	16205	2	0	0	0	0	1	0	0	0	0	0
C	Marios	20	141	9	1	2_____	16224	2	0	0	0	0	0	0	0	0	1	0
C	Marios	20	141	9	1	2_____	16277	2	0	0	0	0	1	0	0	0	0	0
C	Marios	20	141	9	1	2_____	16325	2	0	0	0	0	0	0	0	0	1	0
C	Marios	20	141	9	1	2_____	16500	2	12	0	0	0	0	0	0	0	0	0
C	Marios	20	141	9	1	2_____	16501	12	0	0	0	0	1	0	0	0	0	0
C	Marios	20	141	9	1	2_____	16508	12	0	0	0	0	0	0	0	0	1	0
C	Marios	20	141	9	1	2_____	17000	12	15	0	0	0	0	0	0	0	0	0
C	Marios	20	141	9	1	2_____	17162	15	0	0	0	0	1	0	0	0	0	0
C	Marios	20	141	9	1	2_____	17173	15	0	0	0	0	0	0	0	0	1	0
C	Marios	20	141	9	1	2_____	17500	15	1	0	0	0	0	0	0	0	0	0
C	Marios	20	141	9	1	2_____	18383	1	0	0	0	0	1	0	0	0	0	0
C	Marios	20	141	9	1	2_____	18397	1	0	0	0	0	0	0	0	0	1	0
C	Marios	20	141	9	1	2_____	18975	1	0	0	0	0	1	0	0	0	0	0
C	Marios	20	141	9	1	2_____	18992	1	0	0	0	0	0	0	0	0	1	0
C	Marios	20	141	9	1	2_____	20244	1	0	0	0	0	1	0	0	0	0	0
C	Marios	20	141	9	1	2_____	20285	1	0	0	0	0	0	0	0	0	1	0
C	Marios	20	141	9	1	2_____	20293	1	0	0	0	0	1	0	0	0	0	0
C	Marios	20	141	9	1	2_____	20295	1	0	0	0	0	0	0	0	0	1	0
C	Marios	20	141	9	1	2_____	20305	1	0	0	0	0	1	0	0	0	0	0
C	Marios	20	141	9	1	2_____	20330	1	0	0	0	0	0	0	0	0	1	0
C	Marios	20	141	9	1	2_____	21691	1	0	0	0	0	1	0	0	0	0	0
C	Marios	20	141	9	1	2_____	21706	1	0	0	0	0	0	0	0	0	1	0
C	Marios	20	141	9	1	2_____	21729	1	0	0	0	0	1	0	0	0	0	0
C	Marios	20	141	9	1	2_____	21783	1	0	0	0	0	0	0	0	0	1	0
C	Marios	20	141	9	1	2_____	22750	1	2	0	0	0	0	0	0	0	0	0
C	Marios	20	141	9	1	2_____	23250	2	13	0	0	0	0	0	0	0	0	0
C	Marios	20	141	9	1	2_____	23750	13	15	0	0	0	0	0	0	0	0	0
C	Marios	20	141	9	1	2_____	23899	15	0	0	0	0	1	0	0	0	0	0
C	Marios	20	141	9	1	2_____	23908	15	0	0	0	0	0	0	0	0	1	0
C	Marios	20	141	9	1	2_____	24250	15	1	0	0	0	0	0	0	0	0	0
C	Marios	20	141	9	1	2_____	25375	1	0	0	0	0	1	0	0	0	0	0
C	Marios	20	141	9	1	2_____	25382	1	0	0	0	0	0	0	0	0	1	0
C	Marios	20	141	9	1	2_____	28270	1	0	0	0	0	1	0	0	0	0	0
C	Marios	20	141	9	1	2_____	28321	1	0	0	0	0	0	0	0	0	1	0
C	Marios	20	141	9	1	2_____	28520	1	0	0	0	0	1	0	0	0	0	0
C	Marios	20	141	9	1	2_____	28524	1	0	0	0	0	0	0	0	0	1	0
C	Marios	20	141	9	1	2_____	28536	1	0	0	0	0	1	0	0	0	0	0
C	Marios	20	141	9	1	2_____	28560	1	0	0	0	0	0	0	0	0	1	0
C	Marios	20	141	9	1	2_____	28563	1	0	0	0	0	1	0	0	0	0	0
C	Marios	20	141	9	1	2_____	28567	1	0	0	0	0	0	0	0	0	1	0
C	Marios	20	141	9	1	2_____	28591	1	0	0	0	0	1	0	0	0	0	0
C	Marios	20	141	9	1	2_____	28620	1	0	0	0	0	0	0	0	0	1	0
C	Marios	20	141	9	1	2_____	29070	1	0	0	0	0	1	0	0	0	0	0
C	Marios	20	141	9	1	2_____	29075	1	0	0	0	0	0	0	0	0	1	0
C	Marios	20	141	9	1	2_____	29092	1	0	0	0	0	1	0	0	0	0	0
C	Marios	20	141	9	1	2_____	29102	1	0	0	0	0	0	0	0	0	1	0
C	Marios	20	141	9	1	2_____	29125	1	0	0	0	0	1	0	0	0	0	0
C	Marios	20	141	9	1	2_____	29188	1	0	0	0	0	0	0	0	0	1	0
C	Marios	20	141	9	1	2_____	29242	1	0	0	0	0	1	0	0	0	0	0
C	Marios	20	141	9	1	2_____	29341	1	0	0	0	0	0	0	0	0	1	0
C	Marios	20	141	9	1	2_____	29366	1	0	0	0	0	1	0	0	0	0	0
C	Marios	20	141	9	1	2_____	29412	1	0	0	0	0	0	0	0	0	1	0
C	Marios	20	141	9	1	2_____	29542	1	0	0	0	0	1	0	0	0	0	0
C	Marios	20	141	9	1	2_____	29545	1	0	0	0	0	0	0	0	0	1	0
C	Marios	20	141	9	1	2_____	30077	1	0	0	0	0	1	0	0	0	0	0
C	Marios	20	141	9	1	2_____	30096	1	0	0	0	0	0	0	0	0	1	0
C	Marios	20	141	9	1	2_____	30159	1	0	0	0	0	1	0	0	0	0	0
C	Marios	20	141	9	1	2_____	30207	1	0	0	0	0	0	0	0	0	1	0
C	Marios	20	141	9	1	2_____	30235	1	0	0	0	0	1	0	0	0	0	0
C	Marios	20	141	9	1	2_____	30273	1	0	0	0	0	0	0	0	0	1	0
C	Marios	20	141	9	1	2_____	30330	1	0	0	0	0	1	0	0	0	0	0
C	Marios	20	141	9	1	2_____	30390	1	0	0	0	0	0	0	0	0	1	0
C	Marios	20	141	9	1	2_____	30423	1	0	0	0	0	1	0	0	0	0	0
C	Marios	20	141	9	1	2_____	30459	1	0	0	0	0	0	0	0	0	1	0
C	Marios	20	141	9	1	2_____	30524	1	0	0	0	0	1	0	0	0	0	0
C	Marios	20	141	9	1	2_____	30562	1	0	0	0	0	0	0	0	0	1	0
C	Marios	20	141	9	1	2_____	30590	1	0	0	0	0	1	0	0	0	0	0
C	Marios	20	141	9	1	2_____	30635	1	0	0	0	0	0	0	0	0	1	0
C	Marios	20	141	9	1	2_____	30769	1	0	0	0	0	1	0	0	0	0	0
C	Marios	20	141	9	1	2_____	30784	1	0	0	0	0	0	0	0	0	1	0
C	Marios	20	141	9	1	2_____	30871	1	0	0	0	0	1	0	0	0	0	0
C	Marios	20	141	9	1	2_____	30884	1	0	0	0	0	0	0	0	0	1	0
C	Marios	20	141	9	1	2_____	31037	1	0	0	0	0	1	0	0	0	0	0
C	Marios	20	141	9	1	2_____	31058	1	0	0	0	0	0	0	0	0	1	0
C	Marios	20	141	9	1	2_____	31060	1	0	0	0	0	1	0	0	0	0	0
C	Marios	20	141	9	1	2_____	31092	1	0	0	0	0	0	0	0	0	1	0
C	Marios	20	141	9	1	2_____	31274	1	0	0	0	0	1	0	0	0	0	0
C	Marios	20	141	9	1	2_____	31292	1	0	0	0	0	0	0	0	0	1	0
C	Marios	20	141	9	1	2_____	31328	1	0	0	0	0	1	0	0	0	0	0
C	Marios	20	141	9	1	2_____	31348	1	0	0	0	0	0	0	0	0	1	0
C	Marios	20	141	9	1	2_____	31750	1	2	0	0	0	0	0	0	0	0	0
C	Marios	20	141	9	1	2_____	32211	2	0	0	0	0	1	0	0	0	0	0
C	Marios	20	141	9	1	2_____	32216	2	0	0	0	0	1	0	0	0	1	0
C	Marios	20	141	9	1	2_____	32218	2	0	0	0	0	0	0	0	0	1	0
C	Marios	20	141	9	1	2_____	32250	2	7	0	0	0	0	0	0	0	0	0
C	Marios	20	141	9	1	2_____	32311	7	0	0	0	0	1	0	0	0	0	0
C	Marios	20	141	9	1	2_____	32329	7	0	0	0	0	0	0	0	0	1	0
C	Marios	20	141	9	1	2_____	32350	7	0	0	0	0	1	0	0	0	0	0
C	Marios	20	141	9	1	2_____	32408	7	0	0	0	0	0	0	0	0	1	0
C	Marios	20	141	9	1	2_____	32424	7	0	0	0	0	1	0	0	0	0	0
C	Marios	20	141	9	1	2_____	32438	7	0	0	0	0	0	0	0	0	1	0
C	Marios	20	141	9	1	2_____	32500	7	0	0	0	0	1	0	0	0	0	0
C	Marios	20	141	9	1	2_____	32534	7	0	0	0	0	0	0	0	0	1	0
C	Marios	20	141	9	1	2_____	32623	7	0	0	0	0	1	0	0	0	0	0
C	Marios	20	141	9	1	2_____	32738	7	0	0	0	0	0	0	0	0	1	0
C	Marios	20	141	9	1	2_____	32750	7	11	0	0	0	0	0	0	0	0	0
C	Marios	20	141	9	1	2_____	32764	11	0	0	0	0	1	0	0	0	0	0
C	Marios	20	141	9	1	2_____	32897	11	0	0	0	0	0	0	0	0	1	0
C	Marios	20	141	9	1	2_____	32907	11	0	0	0	0	1	0	0	0	0	0
C	Marios	20	141	9	1	2_____	32929	11	0	0	0	0	0	0	0	0	1	0
C	Marios	20	141	9	1	2_____	33141	11	0	0	0	0	1	0	0	0	0	0
C	Marios	20	141	9	1	2_____	33154	11	0	0	0	0	0	0	0	0	1	0
C	Marios	20	141	9	1	2_____	33162	11	0	0	0	0	1	0	0	0	0	0
C	Marios	20	141	9	1	2_____	33172	11	0	0	0	0	0	0	0	0	1	0
C	Marios	20	141	9	1	2_____	33250	11	1	0	0	0	0	0	0	0	0	0
C	Marios	20	141	9	1	2_____	34027	1	0	0	0	0	1	0	0	0	0	0
C	Marios	20	141	9	1	2_____	34086	1	0	0	0	0	0	0	0	0	1	0
C	Marios	20	141	9	1	2_____	34869	1	0	0	0	0	1	0	0	0	0	0
C	Marios	20	141	9	1	2_____	34891	1	0	0	0	0	0	0	0	0	1	0
C	Marios	20	141	9	1	2_____	36599	1	0	0	0	0	1	0	0	0	0	0
C	Marios	20	141	9	1	2_____	36644	1	0	0	0	0	0	0	0	0	1	0
C	Marios	20	141	9	1	2_____	36750	1	2	0	0	0	0	0	0	0	0	0
C	Marios	20	141	9	1	2_____	36767	2	0	0	0	0	1	0	0	0	0	0
C	Marios	20	141	9	1	2_____	36790	2	0	0	0	0	0	0	0	0	1	0
C	Marios	20	141	9	1	2_____	37250	2	13	0	0	0	0	0	0	0	0	0
C	Marios	20	141	9	1	2_____	37750	13	15	0	0	0	0	0	0	0	0	0
C	Marios	20	141	9	1	2_____	38250	15	1	0	0	0	0	0	0	0	0	0
C	Marios	20	141	9	1	2_____	39671	1	0	0	0	0	1	0	0	0	0	0
C	Marios	20	141	9	1	2_____	39683	1	0	0	0	0	0	0	0	0	1	0
C	Marios	20	141	9	1	2_____	40872	1	0	0	0	0	1	0	0	0	0	0
C	Marios	20	141	9	1	2_____	40932	1	0	0	0	0	0	0	0	0	1	0
C	Marios	20	141	9	1	2_____	44250	1	2	0	0	0	0	0	0	0	0	0
C	Marios	20	141	9	1	2_____	44658	2	0	0	0	0	1	0	0	0	0	0
C	Marios	20	141	9	1	2_____	44691	2	0	0	0	0	0	0	0	0	1	0
C	Marios	20	141	9	1	2_____	44700	2	0	0	0	0	1	0	0	0	0	0
C	Marios	20	141	9	1	2_____	44702	2	0	0	0	0	0	0	0	0	1	0
C	Marios	20	141	9	1	2_____	44750	2	6	0	0	0	0	0	0	0	0	0
C	Marios	20	141	9	1	2_____	44822	6	0	0	0	0	1	0	0	0	0	0
C	Marios	20	141	9	1	2_____	44853	6	0	0	0	0	0	0	0	0	1	0
C	Marios	20	141	9	1	2_____	44910	6	0	0	0	0	1	0	0	0	0	0
C	Marios	20	141	9	1	2_____	44949	6	0	0	0	0	0	0	0	0	1	0
C	Marios	20	141	9	1	2_____	45012	6	0	0	0	0	1	0	0	0	0	0
C	Marios	20	141	9	1	2_____	45056	6	0	0	0	0	0	0	0	0	1	0
C	Marios	20	141	9	1	2_____	45176	6	0	0	0	0	1	0	0	0	0	0
C	Marios	20	141	9	1	2_____	45193	6	0	0	0	0	0	0	0	0	1	0
C	Marios	20	141	9	1	2_____	45248	6	0	0	0	0	1	0	0	0	0	0
C	Marios	20	141	9	1	2_____	45250	6	10	0	0	0	0	0	0	0	1	0
C	Marios	20	141	9	1	2_____	45280	10	0	0	0	0	1	0	0	0	0	0
C	Marios	20	141	9	1	2_____	45462	10	0	0	0	0	0	0	0	0	1	0
C	Marios	20	141	9	1	2_____	45500	10	0	0	0	0	1	0	0	0	0	0
C	Marios	20	141	9	1	2_____	45520	10	0	0	0	0	0	0	0	0	1	0
C	Marios	20	141	9	1	2_____	45750	10	1	0	0	0	0	0	0	0	0	0
C	Marios	20	141	9	1	2_____	46701	1	0	0	0	0	1	0	0	0	0	0
C	Marios	20	141	9	1	2_____	46720	1	0	0	0	0	0	0	0	0	1	0
C	Marios	20	141	9	1	2_____	48000	1	2	0	0	0	0	0	0	0	0	0
C	Marios	20	141	9	1	2_____	48398	2	0	0	0	0	1	0	0	0	0	0
C	Marios	20	141	9	1	2_____	48454	2	0	0	0	0	0	0	0	0	1	0
C	Marios	20	141	9	1	2_____	48460	2	0	0	0	0	1	0	0	0	0	0
C	Marios	20	141	9	1	2_____	48470	2	0	0	0	0	0	0	0	0	1	0
C	Marios	20	141	9	1	2_____	48500	2	12	0	0	0	0	0	0	0	0	0
C	Marios	20	141	9	1	2_____	48776	12	0	0	0	0	1	0	0	0	0	0
C	Marios	20	141	9	1	2_____	48797	12	0	0	0	0	1	0	0	0	1	0
C	Marios	20	141	9	1	2_____	48799	12	0	0	0	0	0	0	0	0	1	0
C	Marios	20	141	9	1	2_____	49000	12	15	0	0	0	0	0	0	0	0	0
C	Marios	20	141	9	1	2_____	49500	15	1	0	0	0	0	0	0	0	0	0
C	Marios	20	141	9	1	2_____	49954	1	0	0	0	0	1	0	0	0	0	0
C	Marios	20	141	9	1	2_____	49960	1	0	0	0	0	0	0	0	0	1	0
C	Marios	20	141	9	1	2_____	49971	1	0	0	0	0	1	0	0	0	0	0
C	Marios	20	141	9	1	2_____	49984	1	0	0	0	0	0	0	0	0	1	0
C	Marios	20	141	9	1	2_____	51722	1	0	0	0	0	1	0	0	0	0	0
C	Marios	20	141	9	1	2_____	51773	1	0	0	0	0	0	0	0	0	1	0
C	Marios	20	141	9	1	2_____	53250	1	2	0	0	0	0	0	0	0	0	0
C	Marios	20	141	9	1	2_____	53421	2	0	0	0	0	1	0	0	0	0	0
C	Marios	20	141	9	1	2_____	53425	2	0	0	0	0	0	0	0	0	1	0
C	Marios	20	141	9	1	2_____	53426	2	0	0	0	0	1	0	0	0	0	0
C	Marios	20	141	9	1	2_____	53472	2	0	0	0	0	0	0	0	0	1	0
C	Marios	20	141	9	1	2_____	53723	2	0	0	0	0	1	0	0	0	0	0
C	Marios	20	141	9	1	2_____	53750	2	13	0	0	0	0	0	0	0	0	0
C	Marios	20	141	9	1	2_____	53757	13	0	0	0	0	0	0	0	0	1	0
C	Marios	20	141	9	1	2_____	53915	13	0	0	0	0	1	0	0	0	0	0
C	Marios	20	141	9	1	2_____	54056	13	0	0	0	0	0	0	0	0	1	0
C	Marios	20	141	9	1	2_____	54250	13	15	0	0	0	0	0	0	0	0	0
C	Marios	20	141	9	1	2_____	54750	15	1	0	0	0	0	0	0	0	0	0
C	Marios	20	141	9	1	2_____	56250	1	2	0	0	0	0	0	0	0	0	0
C	Marios	20	141	9	1	2_____	56750	2	7	0	0	0	0	0	0	0	0	0
C	Marios	20	141	9	1	2_____	56851	7	0	0	0	0	1	0	0	0	0	0
C	Marios	20	141	9	1	2_____	56911	7	0	0	0	0	0	0	0	0	1	0
C	Marios	20	141	9	1	2_____	56936	7	0	0	0	0	1	0	0	0	0	0
C	Marios	20	141	9	1	2_____	57091	7	0	0	0	0	0	0	0	0	1	0
C	Marios	20	141	9	1	2_____	57172	7	0	0	0	0	1	0	0	0	0	0
C	Marios	20	141	9	1	2_____	57248	7	0	0	0	0	0	0	0	0	1	0
C	Marios	20	141	9	1	2_____	57250	7	11	0	0	0	0	0	0	0	0	0
C	Marios	20	141	9	1	2_____	57272	11	0	0	0	0	1	0	0	0	0	0
C	Marios	20	141	9	1	2_____	57274	11	0	0	0	0	0	0	0	0	1	0
C	Marios	20	141	9	1	2_____	57283	11	0	0	0	0	1	0	0	0	0	0
C	Marios	20	141	9	1	2_____	57540	11	0	0	0	0	0	0	0	0	1	0
C	Marios	20	141	9	1	2_____	57543	11	0	0	0	0	1	0	0	0	0	0
C	Marios	20	141	9	1	2_____	57562	11	0	0	0	0	0	0	0	0	1	0
C	Marios	20	141	9	1	2_____	57750	11	1	0	0	0	0	0	0	0	0	0
C	Marios	20	141	9	1	2_____	58169	1	0	0	0	0	1	0	0	0	0	0
C	Marios	20	141	9	1	2_____	58174	1	0	0	0	0	0	0	0	0	1	0
C	Marios	20	141	9	1	2_____	59033	1	0	0	0	0	1	0	0	0	0	0
C	Marios	20	141	9	1	2_____	59037	1	0	0	0	0	0	0	0	0	1	0
C	Marios	20	141	9	1	2_____	60650	1	0	0	0	0	1	0	0	0	0	0
C	Marios	20	141	9	1	2_____	60682	1	0	0	0	0	0	0	0	0	1	0
C	Marios	20	141	9	1	2_____	60705	1	0	0	0	0	1	0	0	0	0	0
C	Marios	20	141	9	1	2_____	60707	1	0	0	0	0	0	0	0	0	1	0
C	Marios	20	141	9	1	2_____	60730	1	0	0	0	0	1	0	0	0	0	0
C	Marios	20	141	9	1	2_____	60747	1	0	0	0	0	0	0	0	0	1	0
C	Marios	20	141	9	1	2_____	63309	1	0	0	0	0	1	0	0	0	0	0
C	Marios	20	141	9	1	2_____	63328	1	0	0	0	0	0	0	0	0	1	0
C	Marios	20	141	9	1	2_____	64500	1	2	0	0	0	0	0	0	0	0	0
C	Marios	20	141	9	1	2_____	65000	2	12	0	0	0	0	0	0	0	0	0
C	Marios	20	141	9	1	2_____	65500	12	15	0	0	0	0	0	0	0	0	0
C	Marios	20	141	9	1	2_____	66000	15	1	0	0	0	0	0	0	0	0	0
C	Marios	20	141	9	1	2_____	69961	1	0	0	0	0	1	0	0	0	0	0
C	Marios	20	141	9	1	2_____	69980	1	0	0	0	0	0	0	0	0	1	0
C	Marios	20	141	9	1	2_____	70500	1	2	0	0	0	0	0	0	0	0	0
C	Marios	20	141	9	1	2_____	71000	2	13	0	0	0	0	0	0	0	0	0
C	Marios	20	141	9	1	2_____	71500	13	15	0	0	0	0	0	0	0	0	0
C	Marios	20	141	9	1	2_____	72000	15	1	0	0	0	0	0	0	0	0	0
C	Marios	20	141	9	1	2_____	72039	1	0	0	0	0	1	0	0	0	0	0
C	Marios	20	141	9	1	2_____	72061	1	0	0	0	0	0	0	0	0	1	0
C	Marios	20	141	9	1	2_____	74717	1	0	0	0	0	1	0	0	0	0	0
C	Marios	20	141	9	1	2_____	74762	1	0	0	0	0	0	0	0	0	1	0
C	Marios	20	141	9	1	2_____	75993	1	0	0	0	0	1	0	0	0	0	0
C	Marios	20	141	9	1	2_____	76039	1	0	0	0	0	0	0	0	0	1	0
C	Marios	20	141	9	1	2_____	76500	1	2	0	0	0	0	0	0	0	0	0
C	Marios	20	141	9	1	2_____	77000	2	13	0	0	0	0	0	0	0	0	0
C	Marios	20	141	9	1	2_____	77500	13	15	0	0	0	0	0	0	0	0	0
C	Marios	20	141	9	1	2_____	77734	15	0	0	0	0	1	0	0	0	0	0
C	Marios	20	141	9	1	2_____	77750	15	0	0	0	0	0	0	0	0	1	0
C	Marios	20	141	9	1	2_____	78000	15	1	0	0	0	0	0	0	0	0	0
C	Marios	20	141	9	1	2_____	79926	1	0	0	0	0	1	0	0	0	0	0
C	Marios	20	141	9	1	2_____	79927	1	0	0	0	0	0	0	0	0	1	0
C	Marios	20	141	9	1	2_____	82521	1	0	0	0	0	1	0	0	0	0	0
C	Marios	20	141	9	1	2_____	82643	1	0	0	0	0	0	0	0	0	1	0
C	Marios	20	141	9	1	2_____	83767	1	0	0	0	0	1	0	0	0	0	0
C	Marios	20	141	9	1	2_____	83801	1	0	0	0	0	0	0	0	0	1	0
C	Marios	20	141	9	1	2_____	84000	1	2	0	0	0	0	0	0	0	0	0
C	Marios	20	141	9	1	2_____	84500	2	6	0	0	0	0	0	0	0	0	0
C	Marios	20	141	9	1	2_____	84576	6	0	0	0	0	1	0	0	0	0	0
C	Marios	20	141	9	1	2_____	84619	6	0	0	0	0	0	0	0	0	1	0
C	Marios	20	141	9	1	2_____	84654	6	0	0	0	0	1	0	0	0	0	0
C	Marios	20	141	9	1	2_____	84678	6	0	0	0	0	0	0	0	0	1	0
C	Marios	20	141	9	1	2_____	84720	6	0	0	0	0	1	0	0	0	0	0
C	Marios	20	141	9	1	2_____	84734	6	0	0	0	0	0	0	0	0	1	0
C	Marios	20	141	9	1	2_____	84741	6	0	0	0	0	1	0	0	0	0	0
C	Marios	20	141	9	1	2_____	84812	6	0	0	0	0	0	0	0	0	1	0
C	Marios	20	141	9	1	2_____	84858	6	0	0	0	0	1	0	0	0	0	0
C	Marios	20	141	9	1	2_____	84892	6	0	0	0	0	0	0	0	0	1	0
C	Marios	20	141	9	1	2_____	84945	6	0	0	0	0	1	0	0	0	0	0
C	Marios	20	141	9	1	2_____	84958	6	0	0	0	0	0	0	0	0	1	0
C	Marios	20	141	9	1	2_____	84979	6	0	0	0	0	1	0	0	0	0	0
C	Marios	20	141	9	1	2_____	85000	6	10	0	0	0	0	0	0	0	0	0
C	Marios	20	141	9	1	2_____	85188	10	0	0	0	0	0	0	0	0	1	0
C	Marios	20	141	9	1	2_____	85201	10	0	0	0	0	1	0	0	0	0	0
C	Marios	20	141	9	1	2_____	85274	10	0	0	0	0	0	0	0	0	1	0
C	Marios	20	141	9	1	2_____	85301	10	0	0	0	0	1	0	0	0	0	0
C	Marios	20	141	9	1	2_____	85488	10	0	0	0	0	0	0	0	0	1	0
C	Marios	20	141	9	1	2_____	85500	10	1	0	0	0	0	0	0	0	0	0
C	Marios	20	141	9	1	2_____	86605	1	0	0	0	0	1	0	0	0	0	0
C	Marios	20	141	9	1	2_____	86651	1	0	0	0	0	0	0	0	0	1	0
C	Marios	20	141	9	1	2_____	88636	1	0	0	0	0	1	0	0	0	0	0
C	Marios	20	141	9	1	2_____	88710	1	0	0	0	0	0	0	0	0	1	0
C	Marios	20	141	9	1	2_____	90092	1	0	0	0	0	1	0	0	0	0	0
C	Marios	20	141	9	1	2_____	90247	1	0	0	0	0	0	0	0	0	1	0
C	Marios	20	141	9	1	2_____	90305	1	0	0	0	0	1	0	0	0	0	0
C	Marios	20	141	9	1	2_____	90356	1	0	0	0	0	0	0	0	0	1	0
C	Marios	20	141	9	1	2_____	91000	1	2	0	0	0	0	0	0	0	0	0
C	Marios	20	141	9	1	2_____	91125	2	0	0	0	0	1	0	0	0	0	0
C	Marios	20	141	9	1	2_____	91269	2	0	0	0	0	0	0	0	0	1	0
C	Marios	20	141	9	1	2_____	91500	2	7	0	0	0	0	0	0	0	0	0
C	Marios	20	141	9	1	2_____	92000	7	11	0	0	0	0	0	0	0	0	0
C	Marios	20	141	9	1	2_____	92015	11	0	0	0	0	1	0	0	0	0	0
C	Marios	20	141	9	1	2_____	92212	11	0	0	0	0	0	0	0	0	1	0
C	Marios	20	141	9	1	2_____	92237	11	0	0	0	0	1	0	0	0	0	0
C	Marios	20	141	9	1	2_____	92259	11	0	0	0	0	0	0	0	0	1	0
C	Marios	20	141	9	1	2_____	92294	11	0	0	0	0	1	0	0	0	0	0
C	Marios	20	141	9	1	2_____	92322	11	0	0	0	0	0	0	0	0	1	0
C	Marios	20	141	9	1	2_____	92500	11	1	0	0	0	0	0	0	0	0	0
C	Marios	20	141	9	1	2_____	93710	1	0	0	0	0	1	0	0	0	0	0
C	Marios	20	141	9	1	2_____	93718	1	0	0	0	0	0	0	0	0	1	0
C	Marios	20	141	9	1	2_____	93958	1	0	0	0	0	1	0	0	0	0	0
C	Marios	20	141	9	1	2_____	93973	1	0	0	0	0	0	0	0	0	1	0
C	Marios	20	141	9	1	2_____	97640	1	0	0	0	0	1	0	0	0	0	0
C	Marios	20	141	9	1	2_____	97663	1	0	0	0	0	0	0	0	0	1	0
C	Marios	20	141	9	1	2_____	98669	1	0	0	0	0	1	0	0	0	0	0
C	Marios	20	141	9	1	2_____	98735	1	0	0	0	0	0	0	0	0	1	0
C	Marios	20	141	9	1	2_____	99360	1	0	0	0	0	1	0	0	0	0	0
C	Marios	20	141	9	1	2_____	99486	1	0	0	0	0	0	0	0	0	1	0
C	Marios	20	141	9	1	2_____	99576	1	0	0	0	0	1	0	0	0	0	0
C	Marios	20	141	9	1	2_____	99609	1	0	0	0	0	0	0	0	0	1	0
C	Marios	20	141	9	1	2_____	99658	1	0	0	0	0	1	0	0	0	0	0
C	Marios	20	141	9	1	2_____	99726	1	0	0	0	0	0	0	0	0	1	0
C	Marios	20	141	9	1	2_____	100000	1	2	0	0	0	0	0	0	0	0	0
C	Marios	20	141	9	1	2_____	100066	2	0	0	0	0	1	0	0	0	0	0
C	Marios	20	141	9	1	2_____	100115	2	0	0	0	0	0	0	0	0	1	0
C	Marios	20	141	9	1	2_____	100217	2	0	0	0	0	1	0	0	0	0	0
C	Marios	20	141	9	1	2_____	100257	2	0	0	0	0	0	0	0	0	1	0
C	Marios	20	141	9	1	2_____	100500	2	13	0	0	0	0	0	0	0	0	0
C	Marios	20	141	9	1	2_____	101000	13	15	0	0	0	0	0	0	0	0	0
C	Marios	20	141	9	1	2_____	101377	15	0	0	0	0	1	0	0	0	0	0
C	Marios	20	141	9	1	2_____	101379	15	0	0	0	0	0	0	0	0	1	0
C	Marios	20	141	9	1	2_____	101380	15	0	0	0	0	1	0	0	0	0	0
C	Marios	20	141	9	1	2_____	101382	15	0	0	0	0	1	0	0	0	1	0
C	Marios	20	141	9	1	2_____	101384	15	0	0	0	0	0	0	0	0	1	0
C	Marios	20	141	9	1	2_____	101389	15	0	0	0	0	1	0	0	0	0	0
C	Marios	20	141	9	1	2_____	101412	15	0	0	0	0	0	0	0	0	1	0
C	Marios	20	141	9	1	2_____	101500	15	1	0	0	0	0	0	0	0	0	0
C	Marios	20	141	9	1	2_____	102532	1	0	0	0	0	1	0	0	0	0	0
C	Marios	20	141	9	1	2_____	102574	1	0	0	0	0	0	0	0	0	1	0
C	Marios	20	141	9	1	2_____	104031	1	0	0	0	0	1	0	0	0	0	0
C	Marios	20	141	9	1	2_____	104063	1	0	0	0	0	0	0	0	0	1	0
C	Marios	20	141	9	1	2_____	106000	1	2	0	0	0	0	0	0	0	0	0
C	Marios	20	141	9	1	2_____	106500	2	12	0	0	0	0	0	0	0	0	0
C	Marios	20	141	9	1	2_____	106559	12	0	0	0	0	1	0	0	0	0	0
C	Marios	20	141	9	1	2_____	106607	12	0	0	0	0	0	0	0	0	1	0
C	Marios	20	141	9	1	2_____	106750	12	0	0	0	0	1	0	0	0	0	0
C	Marios	20	141	9	1	2_____	106814	12	0	0	0	0	0	0	0	0	1	0
C	Marios	20	141	9	1	2_____	106889	12	0	0	0	0	1	0	0	0	0	0
C	Marios	20	141	9	1	2_____	106917	12	0	0	0	0	0	0	0	0	1	0
C	Marios	20	141	9	1	2_____	106976	12	0	0	0	0	1	0	0	0	0	0
C	Marios	20	141	9	1	2_____	107000	12	15	0	0	0	0	0	0	0	0	0
C	Marios	20	141	9	1	2_____	107078	15	0	0	0	0	0	0	0	0	1	0
C	Marios	20	141	9	1	2_____	107112	15	0	0	0	0	1	0	0	0	0	0
C	Marios	20	141	9	1	2_____	107114	15	0	0	0	0	0	0	0	0	1	0
C	Marios	20	141	9	1	2_____	107115	15	0	0	0	0	1	0	0	0	0	0
C	Marios	20	141	9	1	2_____	107124	15	0	0	0	0	0	0	0	0	1	0
C	Marios	20	141	9	1	2_____	107133	15	0	0	0	0	1	0	0	0	0	0
C	Marios	20	141	9	1	2_____	107165	15	0	0	0	0	0	0	0	0	1	0
C	Marios	20	141	9	1	2_____	107186	15	0	0	0	0	1	0	0	0	0	0
C	Marios	20	141	9	1	2_____	107332	15	0	0	0	0	0	0	0	0	1	0
C	Marios	20	141	9	1	2_____	107358	15	0	0	0	0	1	0	0	0	0	0
C	Marios	20	141	9	1	2_____	107411	15	0	0	0	0	0	0	0	0	1	0
C	Marios	20	141	9	1	2_____	107422	15	0	0	0	0	1	0	0	0	0	0
C	Marios	20	141	9	1	2_____	107458	15	0	0	0	0	0	0	0	0	1	0
C	Marios	20	141	9	1	2_____	107500	15	1	0	0	0	0	0	0	0	0	0
C	Marios	20	141	9	1	2_____	107533	1	0	0	0	0	1	0	0	0	0	0
C	Marios	20	141	9	1	2_____	107537	1	0	0	0	0	0	0	0	0	1	0
C	Marios	20	141	9	1	2_____	107544	1	0	0	0	0	1	0	0	0	0	0
C	Marios	20	141	9	1	2_____	107548	1	0	0	0	0	0	0	0	0	1	0
C	Marios	20	141	9	1	2_____	107571	1	0	0	0	0	1	0	0	0	0	0
C	Marios	20	141	9	1	2_____	107573	1	0	0	0	0	1	0	0	0	1	0
C	Marios	20	141	9	1	2_____	107593	1	0	0	0	0	0	0	0	0	1	0
C	Marios	20	141	9	1	2_____	107746	1	0	0	0	0	1	0	0	0	0	0
C	Marios	20	141	9	1	2_____	107780	1	0	0	0	0	0	0	0	0	1	0
C	Marios	20	141	9	1	2_____	107931	1	0	0	0	0	1	0	0	0	0	0
C	Marios	20	141	9	1	2_____	107947	1	0	0	0	0	0	0	0	0	1	0
C	Marios	20	141	9	1	2_____	110538	1	0	0	0	0	1	0	0	0	0	0
C	Marios	20	141	9	1	2_____	110555	1	0	0	0	0	0	0	0	0	1	0
C	Marios	20	141	9	1	2_____	111250	1	2	0	0	0	0	0	0	0	0	0
C	Marios	20	141	9	1	2_____	111300	2	0	0	0	0	1	0	0	0	0	0
C	Marios	20	141	9	1	2_____	111322	2	0	0	0	0	0	0	0	0	1	0
C	Marios	20	141	9	1	2_____	111750	2	12	0	0	0	0	0	0	0	0	0
C	Marios	20	141	9	1	2_____	112080	12	0	0	0	0	1	0	0	0	0	0
C	Marios	20	141	9	1	2_____	112098	12	0	0	0	0	0	0	0	0	1	0
C	Marios	20	141	9	1	2_____	112250	12	15	0	0	0	0	0	0	0	0	0
C	Marios	20	141	9	1	2_____	112750	15	1	0	0	0	0	0	0	0	0	0
C	Marios	20	141	9	1	2_____	113691	1	0	0	0	0	1	0	0	0	0	0
C	Marios	20	141	9	1	2_____	113744	1	0	0	0	0	0	0	0	0	1	0
C	Marios	20	141	9	1	2_____	113970	1	0	0	0	0	1	0	0	0	0	0
C	Marios	20	141	9	1	2_____	114014	1	0	0	0	0	0	0	0	0	1	0
C	Marios	20	141	9	1	2_____	114317	1	0	0	0	0	1	0	0	0	0	0
C	Marios	20	141	9	1	2_____	114328	1	0	0	0	0	0	0	0	0	1	0
C	Marios	20	141	9	1	2_____	114603	1	0	0	0	0	1	0	0	0	0	0
C	Marios	20	141	9	1	2_____	114651	1	0	0	0	0	0	0	0	0	1	0
C	Marios	20	141	9	1	2_____	117805	1	0	0	0	0	1	0	0	0	0	0
C	Marios	20	141	9	1	2_____	117841	1	0	0	0	0	0	0	0	0	1	0
C	Marios	20	141	9	1	2_____	118000	1	2	0	0	0	0	0	0	0	0	0
C	Marios	20	141	9	1	2_____	118500	2	13	0	0	0	0	0	0	0	0	0
C	Marios	20	141	9	1	2_____	118766	13	0	0	0	0	1	0	0	0	0	0
C	Marios	20	141	9	1	2_____	118892	13	0	0	0	0	0	0	0	0	1	0
C	Marios	20	141	9	1	2_____	118940	13	0	0	0	0	1	0	0	0	0	0
C	Marios	20	141	9	1	2_____	118976	13	0	0	0	0	0	0	0	0	1	0
C	Marios	20	141	9	1	2_____	119000	13	15	0	0	0	0	0	0	0	0	0
C	Marios	20	141	9	1	2_____	119051	15	0	0	0	0	1	0	0	0	0	0
C	Marios	20	141	9	1	2_____	119085	15	0	0	0	0	0	0	0	0	1	0
C	Marios	20	141	9	1	2_____	119096	15	0	0	0	0	1	0	0	0	0	0
C	Marios	20	141	9	1	2_____	119162	15	0	0	0	0	0	0	0	0	1	0
C	Marios	20	141	9	1	2_____	119217	15	0	0	0	0	1	0	0	0	0	0
C	Marios	20	141	9	1	2_____	119234	15	0	0	0	0	0	0	0	0	1	0
C	Marios	20	141	9	1	2_____	119248	15	0	0	0	0	1	0	0	0	0	0
C	Marios	20	141	9	1	2_____	119319	15	0	0	0	0	0	0	0	0	1	0
C	Marios	20	141	9	1	2_____	119386	15	0	0	0	0	1	0	0	0	0	0
C	Marios	20	141	9	1	2_____	119422	15	0	0	0	0	0	0	0	0	1	0
C	Marios	20	141	9	1	2_____	119430	15	0	0	0	0	1	0	0	0	0	0
C	Marios	20	141	9	1	2_____	119432	15	0	0	0	0	0	0	0	0	1	0
C	Marios	20	141	9	1	2_____	119485	15	0	0	0	0	1	0	0	0	0	0
C	Marios	20	141	9	1	2_____	119489	15	0	0	0	0	0	0	0	0	1	0
C	Marios	20	141	9	1	2_____	119490	15	0	0	0	0	1	0	0	0	0	0
C	Marios	20	141	9	1	2_____	119496	15	0	0	0	0	0	0	0	0	1	0
C	Marios	20	141	9	1	2_____	119497	15	0	0	0	0	1	0	0	0	0	0
C	Marios	20	141	9	1	2_____	119500	15	1	0	0	0	0	0	0	0	0	0
C	Marios	20	141	9	1	2_____	119521	1	0	0	0	0	0	0	0	0	1	0
C	Marios	20	141	9	1	2_____	120548	1	0	0	0	0	1	0	0	0	0	0
C	Marios	20	141	9	1	2_____	120573	1	0	0	0	0	0	0	0	0	1	0
C	Marios	20	141	9	1	2_____	122500	1	2	0	0	0	0	0	0	0	0	0
C	Marios	20	141	9	1	2_____	123000	2	12	0	0	0	0	0	0	0	0	0
C	Marios	20	141	9	1	2_____	123397	12	0	0	0	0	1	0	0	0	0	0
C	Marios	20	141	9	1	2_____	123412	12	0	0	0	0	0	0	0	0	1	0
C	Marios	20	141	9	1	2_____	123415	12	0	0	0	0	1	0	0	0	0	0
C	Marios	20	141	9	1	2_____	123434	12	0	0	0	0	0	0	0	0	1	0
C	Marios	20	141	9	1	2_____	123496	12	0	0	0	0	1	0	0	0	0	0
C	Marios	20	141	9	1	2_____	123500	12	15	0	0	0	0	0	0	0	0	0
C	Marios	20	141	9	1	2_____	123504	15	0	0	0	0	0	0	0	0	1	0
C	Marios	20	141	9	1	2_____	124000	15	1	0	0	0	0	0	0	0	0	0
C	Marios	20	141	9	1	2_____	126250	1	2	0	0	0	0	0	0	0	0	0
C	Marios	20	141	9	1	2_____	126636	2	0	0	0	0	1	0	0	0	0	0
C	Marios	20	141	9	1	2_____	126750	2	6	0	0	0	0	0	0	0	0	0
C	Marios	20	141	9	1	2_____	126758	6	0	0	0	0	0	0	0	0	1	0
C	Marios	20	141	9	1	2_____	126819	6	0	0	0	0	1	0	0	0	0	0
C	Marios	20	141	9	1	2_____	126991	6	0	0	0	0	0	0	0	0	1	0
C	Marios	20	141	9	1	2_____	127156	6	0	0	0	0	1	0	0	0	0	0
C	Marios	20	141	9	1	2_____	127172	6	0	0	0	0	0	0	0	0	1	0
C	Marios	20	141	9	1	2_____	127176	6	0	0	0	0	1	0	0	0	0	0
C	Marios	20	141	9	1	2_____	127179	6	0	0	0	0	0	0	0	0	1	0
C	Marios	20	141	9	1	2_____	127186	6	0	0	0	0	1	0	0	0	0	0
C	Marios	20	141	9	1	2_____	127238	6	0	0	0	0	0	0	0	0	1	0
C	Marios	20	141	9	1	2_____	127250	6	10	0	0	0	0	0	0	0	0	0
C	Marios	20	141	9	1	2_____	127290	10	0	0	0	0	1	0	0	0	0	0
C	Marios	20	141	9	1	2_____	127438	10	0	0	0	0	0	0	0	0	1	0
C	Marios	20	141	9	1	2_____	127493	10	0	0	0	0	1	0	0	0	0	0
C	Marios	20	141	9	1	2_____	127512	10	0	0	0	0	0	0	0	0	1	0
C	Marios	20	141	9	1	2_____	127524	10	0	0	0	0	1	0	0	0	0	0
C	Marios	20	141	9	1	2_____	127527	10	0	0	0	0	0	0	0	0	1	0
C	Marios	20	141	9	1	2_____	127705	10	0	0	0	0	1	0	0	0	0	0
C	Marios	20	141	9	1	2_____	127750	10	1	0	0	0	0	0	0	0	0	0
C	Marios	20	141	9	1	2_____	127855	1	0	0	0	0	0	0	0	0	1	0
C	Marios	20	141	9	1	2_____	129383	1	0	0	0	0	1	0	0	0	0	0
C	Marios	20	141	9	1	2_____	129433	1	0	0	0	0	0	0	0	0	1	0
C	Marios	20	141	9	1	2_____	130818	1	0	0	0	0	1	0	0	0	0	0
C	Marios	20	141	9	1	2_____	130858	1	0	0	0	0	0	0	0	0	1	0
C	Marios	20	141	9	1	2_____	130859	1	0	0	0	0	1	0	0	0	0	0
C	Marios	20	141	9	1	2_____	130880	1	0	0	0	0	0	0	0	0	1	0
C	Marios	20	141	9	1	2_____	130907	1	0	0	0	0	1	0	0	0	0	0
C	Marios	20	141	9	1	2_____	130917	1	0	0	0	0	0	0	0	0	1	0
C	Marios	20	141	9	1	2_____	131250	1	2	0	0	0	0	0	0	0	0	0
C	Marios	20	141	9	1	2_____	131750	2	12	0	0	0	0	0	0	0	0	0
C	Marios	20	141	9	1	2_____	132250	12	15	0	0	0	0	0	0	0	0	0
C	Marios	20	141	9	1	2_____	132750	15	1	0	0	0	0	0	0	0	0	0
C	Marios	20	141	9	1	2_____	133001	1	0	0	0	0	1	0	0	0	0	0
C	Marios	20	141	9	1	2_____	133202	1	0	0	0	0	0	0	0	0	1	0
C	Marios	20	141	9	1	2_____	134714	1	0	0	0	0	1	0	0	0	0	0
C	Marios	20	141	9	1	2_____	134742	1	0	0	0	0	0	0	0	0	1	0
C	Marios	20	141	9	1	2_____	134921	1	0	0	0	0	1	0	0	0	0	0
C	Marios	20	141	9	1	2_____	134993	1	0	0	0	0	0	0	0	0	1	0
C	Marios	20	141	9	1	2_____	137429	1	0	0	0	0	1	0	0	0	0	0
C	Marios	20	141	9	1	2_____	137436	1	0	0	0	0	0	0	0	0	1	0
C	Marios	20	141	9	1	2_____	137618	1	0	0	0	0	1	0	0	0	0	0
C	Marios	20	141	9	1	2_____	137624	1	0	0	0	0	0	0	0	0	1	0
C	Marios	20	141	9	1	2_____	137819	1	0	0	0	0	1	0	0	0	0	0
C	Marios	20	141	9	1	2_____	137876	1	0	0	0	0	0	0	0	0	1	0
C	Marios	20	141	9	1	2_____	138374	1	0	0	0	0	1	0	0	0	0	0
C	Marios	20	141	9	1	2_____	138390	1	0	0	0	0	0	0	0	0	1	0
C	Marios	20	141	9	1	2_____	139310	1	0	0	0	0	1	0	0	0	0	0
C	Marios	20	141	9	1	2_____	139320	1	0	0	0	0	0	0	0	0	1	0
C	Marios	20	141	9	1	2_____	139325	1	0	0	0	0	1	0	0	0	0	0
C	Marios	20	141	9	1	2_____	139364	1	0	0	0	0	0	0	0	0	1	0
C	Marios	20	141	9	1	2_____	139378	1	0	0	0	0	1	0	0	0	0	0
C	Marios	20	141	9	1	2_____	139382	1	0	0	0	0	0	0	0	0	1	0
C	Marios	20	141	9	1	2_____	139500	1	2	0	0	0	0	0	0	0	0	0
C	Marios	20	141	9	1	2_____	140000	2	7	0	0	0	0	0	0	0	0	0
C	Marios	20	141	9	1	2_____	140077	7	0	0	0	0	1	0	0	0	0	0
C	Marios	20	141	9	1	2_____	140116	7	0	0	0	0	0	0	0	0	1	0
C	Marios	20	141	9	1	2_____	140162	7	0	0	0	0	1	0	0	0	0	0
C	Marios	20	141	9	1	2_____	140188	7	0	0	0	0	0	0	0	0	1	0
C	Marios	20	141	9	1	2_____	140226	7	0	0	0	0	1	0	0	0	0	0
C	Marios	20	141	9	1	2_____	140249	7	0	0	0	0	0	0	0	0	1	0
C	Marios	20	141	9	1	2_____	140307	7	0	0	0	0	1	0	0	0	0	0
C	Marios	20	141	9	1	2_____	140339	7	0	0	0	0	0	0	0	0	1	0
C	Marios	20	141	9	1	2_____	140350	7	0	0	0	0	1	0	0	0	0	0
C	Marios	20	141	9	1	2_____	140423	7	0	0	0	0	0	0	0	0	1	0
C	Marios	20	141	9	1	2_____	140500	7	11	0	0	0	0	0	0	0	0	0
C	Marios	20	141	9	1	2_____	140521	11	0	0	0	0	1	0	0	0	0	0
C	Marios	20	141	9	1	2_____	140751	11	0	0	0	0	0	0	0	0	1	0
C	Marios	20	141	9	1	2_____	140757	11	0	0	0	0	1	0	0	0	0	0
C	Marios	20	141	9	1	2_____	140774	11	0	0	0	0	0	0	0	0	1	0
C	Marios	20	141	9	1	2_____	141000	11	1	0	0	0	0	0	0	0	0	0
C	Marios	20	141	9	1	2_____	141377	1	0	0	0	0	1	0	0	0	0	0
C	Marios	20	141	9	1	2_____	141385	1	0	0	0	0	0	0	0	0	1	0
C	Marios	20	141	9	1	2_____	142500	1	2	0	0	0	0	0	0	0	0	0
C	Marios	20	141	9	1	2_____	143000	2	13	0	0	0	0	0	0	0	0	0
C	Marios	20	141	9	1	2_____	143500	13	15	0	0	0	0	0	0	0	0	0
C	Marios	20	141	9	1	2_____	144000	15	14	0	0	0	0	0	0	0	0	0
C	Marios	20	141	9	1	2_____	145354	14	0	0	0	0	1	0	0	0	0	0
C	Marios	20	141	9	1	2_____	145362	14	0	0	0	0	0	0	0	0	1	0
C	Marios	20	141	9	1	2_____	147000	14	-1	0	0	0	0	0	0	0	0	0
C	Marios	20	141	13	1	27____	0	0	1	0	0	0	0	0	0	0	0	0
C	Marios	20	141	13	1	27____	2555	1	0	0	0	0	1	0	0	0	0	0
C	Marios	20	141	13	1	27____	2610	1	0	0	0	0	0	0	0	0	1	0
C	Marios	20	141	13	1	27____	3000	1	2	0	0	0	0	0	0	0	0	0
C	Marios	20	141	13	1	27____	3500	2	7	0	0	0	0	0	0	0	0	0
C	Marios	20	141	13	1	27____	3564	7	0	0	0	0	1	0	0	0	0	0
C	Marios	20	141	13	1	27____	3723	7	0	0	0	0	0	0	0	0	1	0
C	Marios	20	141	13	1	27____	3768	7	0	0	0	0	1	0	0	0	0	0
C	Marios	20	141	13	1	27____	3922	7	0	0	0	0	0	0	0	0	1	0
C	Marios	20	141	13	1	27____	4000	7	11	0	0	0	0	0	0	0	0	0
C	Marios	20	141	13	1	27____	4035	11	0	0	0	0	1	0	0	0	0	0
C	Marios	20	141	13	1	27____	4180	11	0	0	0	0	0	0	0	0	1	0
C	Marios	20	141	13	1	27____	4268	11	0	0	0	0	1	0	0	0	0	0
C	Marios	20	141	13	1	27____	4306	11	0	0	0	0	0	0	0	0	1	0
C	Marios	20	141	13	1	27____	4500	11	1	0	0	0	0	0	0	0	0	0
C	Marios	20	141	13	1	27____	6210	1	0	0	0	0	1	0	0	0	0	0
C	Marios	20	141	13	1	27____	6212	1	0	0	0	0	0	0	0	0	1	0
C	Marios	20	141	13	1	27____	6213	1	0	0	0	0	1	0	0	0	0	0
C	Marios	20	141	13	1	27____	6247	1	0	0	0	0	0	0	0	0	1	0
C	Marios	20	141	13	1	27____	9000	1	2	0	0	0	0	0	0	0	0	0
C	Marios	20	141	13	1	27____	9500	2	12	0	0	0	0	0	0	0	0	0
C	Marios	20	141	13	1	27____	9654	12	0	0	0	0	1	0	0	0	0	0
C	Marios	20	141	13	1	27____	9669	12	0	0	0	0	0	0	0	0	1	0
C	Marios	20	141	13	1	27____	9806	12	0	0	0	0	1	0	0	0	0	0
C	Marios	20	141	13	1	27____	9814	12	0	0	0	0	0	0	0	0	1	0
C	Marios	20	141	13	1	27____	10000	12	15	0	0	0	0	0	0	0	0	0
C	Marios	20	141	13	1	27____	10500	15	1	0	0	0	0	0	0	0	0	0
C	Marios	20	141	13	1	27____	10952	1	0	0	0	0	1	0	0	0	0	0
C	Marios	20	141	13	1	27____	10959	1	0	0	0	0	0	0	0	0	1	0
C	Marios	20	141	13	1	27____	11020	1	0	0	0	0	1	0	0	0	0	0
C	Marios	20	141	13	1	27____	11046	1	0	0	0	0	0	0	0	0	1	0
C	Marios	20	141	13	1	27____	12953	1	0	0	0	0	1	0	0	0	0	0
C	Marios	20	141	13	1	27____	12957	1	0	0	0	0	0	0	0	0	1	0
C	Marios	20	141	13	1	27____	16000	1	2	0	0	0	0	0	0	0	0	0
C	Marios	20	141	13	1	27____	16500	2	13	0	0	0	0	0	0	0	0	0
C	Marios	20	141	13	1	27____	16613	13	0	0	0	0	1	0	0	0	0	0
C	Marios	20	141	13	1	27____	16646	13	0	0	0	0	0	0	0	0	1	0
C	Marios	20	141	13	1	27____	17000	13	15	0	0	0	0	0	0	0	0	0
C	Marios	20	141	13	1	27____	17039	15	0	0	0	0	1	0	0	0	0	0
C	Marios	20	141	13	1	27____	17042	15	0	0	0	0	0	0	0	0	1	0
C	Marios	20	141	13	1	27____	17072	15	0	0	0	0	1	0	0	0	0	0
C	Marios	20	141	13	1	27____	17103	15	0	0	0	0	0	0	0	0	1	0
C	Marios	20	141	13	1	27____	17500	15	1	0	0	0	0	0	0	0	0	0
C	Marios	20	141	13	1	27____	17848	1	0	0	0	0	1	0	0	0	0	0
C	Marios	20	141	13	1	27____	17902	1	0	0	0	0	0	0	0	0	1	0
C	Marios	20	141	13	1	27____	18105	1	0	0	0	0	1	0	0	0	0	0
C	Marios	20	141	13	1	27____	18107	1	0	0	0	0	0	0	0	0	1	0
C	Marios	20	141	13	1	27____	18229	1	0	0	0	0	1	0	0	0	0	0
C	Marios	20	141	13	1	27____	18260	1	0	0	0	0	0	0	0	0	1	0
C	Marios	20	141	13	1	27____	20195	1	0	0	0	0	1	0	0	0	0	0
C	Marios	20	141	13	1	27____	20200	1	0	0	0	0	0	0	0	0	1	0
C	Marios	20	141	13	1	27____	20479	1	0	0	0	0	1	0	0	0	0	0
C	Marios	20	141	13	1	27____	20525	1	0	0	0	0	0	0	0	0	1	0
C	Marios	20	141	13	1	27____	23500	1	2	0	0	0	0	0	0	0	0	0
C	Marios	20	141	13	1	27____	24000	2	12	0	0	0	0	0	0	0	0	0
C	Marios	20	141	13	1	27____	24500	12	15	0	0	0	0	0	0	0	0	0
C	Marios	20	141	13	1	27____	25000	15	1	0	0	0	0	0	0	0	0	0
C	Marios	20	141	13	1	27____	27250	1	2	0	0	0	0	0	0	0	0	0
C	Marios	20	141	13	1	27____	27750	2	6	0	0	0	0	0	0	0	0	0
C	Marios	20	141	13	1	27____	28250	6	10	0	0	0	0	0	0	0	0	0
C	Marios	20	141	13	1	27____	28750	10	1	0	0	0	0	0	0	0	0	0
C	Marios	20	141	13	1	27____	29126	1	0	0	0	0	1	0	0	0	0	0
C	Marios	20	141	13	1	27____	29188	1	0	0	0	0	0	0	0	0	1	0
C	Marios	20	141	13	1	27____	29193	1	0	0	0	0	1	0	0	0	0	0
C	Marios	20	141	13	1	27____	29195	1	0	0	0	0	0	0	0	0	1	0
C	Marios	20	141	13	1	27____	29197	1	0	0	0	0	1	0	0	0	0	0
C	Marios	20	141	13	1	27____	29250	1	0	0	0	0	0	0	0	0	1	0
C	Marios	20	141	13	1	27____	29283	1	0	0	0	0	1	0	0	0	0	0
C	Marios	20	141	13	1	27____	29394	1	0	0	0	0	0	0	0	0	1	0
C	Marios	20	141	13	1	27____	29398	1	0	0	0	0	1	0	0	0	0	0
C	Marios	20	141	13	1	27____	29403	1	0	0	0	0	0	0	0	0	1	0
C	Marios	20	141	13	1	27____	29488	1	0	0	0	0	1	0	0	0	0	0
C	Marios	20	141	13	1	27____	29503	1	0	0	0	0	0	0	0	0	1	0
C	Marios	20	141	13	1	27____	31723	1	0	0	0	0	1	0	0	0	0	0
C	Marios	20	141	13	1	27____	31791	1	0	0	0	0	0	0	0	0	1	0
C	Marios	20	141	13	1	27____	32500	1	2	0	0	0	0	0	0	0	0	0
C	Marios	20	141	13	1	27____	32672	2	0	0	0	0	1	0	0	0	0	0
C	Marios	20	141	13	1	27____	32679	2	0	0	0	0	0	0	0	0	1	0
C	Marios	20	141	13	1	27____	33000	2	13	0	0	0	0	0	0	0	0	0
C	Marios	20	141	13	1	27____	33164	13	0	0	0	0	1	0	0	0	0	0
C	Marios	20	141	13	1	27____	33254	13	0	0	0	0	0	0	0	0	1	0
C	Marios	20	141	13	1	27____	33255	13	0	0	0	0	1	0	0	0	0	0
C	Marios	20	141	13	1	27____	33258	13	0	0	0	0	0	0	0	0	1	0
C	Marios	20	141	13	1	27____	33346	13	0	0	0	0	1	0	0	0	0	0
C	Marios	20	141	13	1	27____	33351	13	0	0	0	0	0	0	0	0	1	0
C	Marios	20	141	13	1	27____	33424	13	0	0	0	0	1	0	0	0	0	0
C	Marios	20	141	13	1	27____	33500	13	15	0	0	0	0	0	0	0	0	0
C	Marios	20	141	13	1	27____	33596	15	0	0	0	0	0	0	0	0	1	0
C	Marios	20	141	13	1	27____	34000	15	1	0	0	0	0	0	0	0	0	0
C	Marios	20	141	13	1	27____	34188	1	0	0	0	0	1	0	0	0	0	0
C	Marios	20	141	13	1	27____	34256	1	0	0	0	0	0	0	0	0	1	0
C	Marios	20	141	13	1	27____	39460	1	0	0	0	0	1	0	0	0	0	0
C	Marios	20	141	13	1	27____	39464	1	0	0	0	0	0	0	0	0	1	0
C	Marios	20	141	13	1	27____	39469	1	0	0	0	0	1	0	0	0	0	0
C	Marios	20	141	13	1	27____	39526	1	0	0	0	0	0	0	0	0	1	0
C	Marios	20	141	13	1	27____	39671	1	0	0	0	0	1	0	0	0	0	0
C	Marios	20	141	13	1	27____	39681	1	0	0	0	0	0	0	0	0	1	0
C	Marios	20	141	13	1	27____	39906	1	0	0	0	0	1	0	0	0	0	0
C	Marios	20	141	13	1	27____	39913	1	0	0	0	0	0	0	0	0	1	0
C	Marios	20	141	13	1	27____	40884	1	0	0	0	0	1	0	0	0	0	0
C	Marios	20	141	13	1	27____	40889	1	0	0	0	0	0	0	0	0	1	0
C	Marios	20	141	13	1	27____	40916	1	0	0	0	0	1	0	0	0	0	0
C	Marios	20	141	13	1	27____	40996	1	0	0	0	0	0	0	0	0	1	0
C	Marios	20	141	13	1	27____	41002	1	0	0	0	0	1	0	0	0	0	0
C	Marios	20	141	13	1	27____	41004	1	0	0	0	0	0	0	0	0	1	0
C	Marios	20	141	13	1	27____	41007	1	0	0	0	0	1	0	0	0	0	0
C	Marios	20	141	13	1	27____	41009	1	0	0	0	0	0	0	0	0	1	0
C	Marios	20	141	13	1	27____	41011	1	0	0	0	0	1	0	0	0	0	0
C	Marios	20	141	13	1	27____	41014	1	0	0	0	0	0	0	0	0	1	0
C	Marios	20	141	13	1	27____	41017	1	0	0	0	0	1	0	0	0	0	0
C	Marios	20	141	13	1	27____	41019	1	0	0	0	0	0	0	0	0	1	0
C	Marios	20	141	13	1	27____	41021	1	0	0	0	0	1	0	0	0	0	0
C	Marios	20	141	13	1	27____	41024	1	0	0	0	0	0	0	0	0	1	0
C	Marios	20	141	13	1	27____	41093	1	0	0	0	0	1	0	0	0	0	0
C	Marios	20	141	13	1	27____	41095	1	0	0	0	0	0	0	0	0	1	0
C	Marios	20	141	13	1	27____	41097	1	0	0	0	0	1	0	0	0	0	0
C	Marios	20	141	13	1	27____	41103	1	0	0	0	0	0	0	0	0	1	0
C	Marios	20	141	13	1	27____	41500	1	2	0	0	0	0	0	0	0	0	0
C	Marios	20	141	13	1	27____	42000	2	13	0	0	0	0	0	0	0	0	0
C	Marios	20	141	13	1	27____	42500	13	15	0	0	0	0	0	0	0	0	0
C	Marios	20	141	13	1	27____	43000	15	1	0	0	0	0	0	0	0	0	0
C	Marios	20	141	13	1	27____	46500	1	2	0	0	0	0	0	0	0	0	0
C	Marios	20	141	13	1	27____	46633	2	0	0	0	0	1	0	0	0	0	0
C	Marios	20	141	13	1	27____	46635	2	0	0	0	0	0	0	0	0	1	0
C	Marios	20	141	13	1	27____	46637	2	0	0	0	0	1	0	0	0	0	0
C	Marios	20	141	13	1	27____	46673	2	0	0	0	0	0	0	0	0	1	0
C	Marios	20	141	13	1	27____	46817	2	0	0	0	0	1	0	0	0	0	0
C	Marios	20	141	13	1	27____	46914	2	0	0	0	0	0	0	0	0	1	0
C	Marios	20	141	13	1	27____	47000	2	6	0	0	0	0	0	0	0	0	0
C	Marios	20	141	13	1	27____	47085	6	0	0	0	0	1	0	0	0	0	0
C	Marios	20	141	13	1	27____	47314	6	0	0	0	0	0	0	0	0	1	0
C	Marios	20	141	13	1	27____	47352	6	0	0	0	0	1	0	0	0	0	0
C	Marios	20	141	13	1	27____	47500	6	10	0	0	0	0	0	0	0	0	0
C	Marios	20	141	13	1	27____	47508	10	0	0	0	0	0	0	0	0	1	0
C	Marios	20	141	13	1	27____	47535	10	0	0	0	0	1	0	0	0	0	0
C	Marios	20	141	13	1	27____	47540	10	0	0	0	0	0	0	0	0	1	0
C	Marios	20	141	13	1	27____	47631	10	0	0	0	0	1	0	0	0	0	0
C	Marios	20	141	13	1	27____	47689	10	0	0	0	0	0	0	0	0	1	0
C	Marios	20	141	13	1	27____	47697	10	0	0	0	0	1	0	0	0	0	0
C	Marios	20	141	13	1	27____	47699	10	0	0	0	0	0	0	0	0	1	0
C	Marios	20	141	13	1	27____	47716	10	0	0	0	0	1	0	0	0	0	0
C	Marios	20	141	13	1	27____	47730	10	0	0	0	0	0	0	0	0	1	0
C	Marios	20	141	13	1	27____	47739	10	0	0	0	0	1	0	0	0	0	0
C	Marios	20	141	13	1	27____	47954	10	0	0	0	0	0	0	0	0	1	0
C	Marios	20	141	13	1	27____	47957	10	0	0	0	0	1	0	0	0	0	0
C	Marios	20	141	13	1	27____	47959	10	0	0	0	0	0	0	0	0	1	0
C	Marios	20	141	13	1	27____	48000	10	1	0	0	0	0	0	0	0	0	0
C	Marios	20	141	13	1	27____	48175	1	0	0	0	0	1	0	0	0	0	0
C	Marios	20	141	13	1	27____	48190	1	0	0	0	0	0	0	0	0	1	0
C	Marios	20	141	13	1	27____	48398	1	0	0	0	0	1	0	0	0	0	0
C	Marios	20	141	13	1	27____	48440	1	0	0	0	0	0	0	0	0	1	0
C	Marios	20	141	13	1	27____	50219	1	0	0	0	0	1	0	0	0	0	0
C	Marios	20	141	13	1	27____	50242	1	0	0	0	0	0	0	0	0	1	0
C	Marios	20	141	13	1	27____	50335	1	0	0	0	0	1	0	0	0	0	0
C	Marios	20	141	13	1	27____	50337	1	0	0	0	0	0	0	0	0	1	0
C	Marios	20	141	13	1	27____	50338	1	0	0	0	0	1	0	0	0	0	0
C	Marios	20	141	13	1	27____	50505	1	0	0	0	0	0	0	0	0	1	0
C	Marios	20	141	13	1	27____	50688	1	0	0	0	0	1	0	0	0	0	0
C	Marios	20	141	13	1	27____	50697	1	0	0	0	0	0	0	0	0	1	0
C	Marios	20	141	13	1	27____	50719	1	0	0	0	0	1	0	0	0	0	0
C	Marios	20	141	13	1	27____	50837	1	0	0	0	0	0	0	0	0	1	0
C	Marios	20	141	13	1	27____	52500	1	2	0	0	0	0	0	0	0	0	0
C	Marios	20	141	13	1	27____	53000	2	12	0	0	0	0	0	0	0	0	0
C	Marios	20	141	13	1	27____	53500	12	15	0	0	0	0	0	0	0	0	0
C	Marios	20	141	13	1	27____	53654	15	0	0	0	0	1	0	0	0	0	0
C	Marios	20	141	13	1	27____	53696	15	0	0	0	0	0	0	0	0	1	0
C	Marios	20	141	13	1	27____	54000	15	1	0	0	0	0	0	0	0	0	0
C	Marios	20	141	13	1	27____	57253	1	0	0	0	0	1	0	0	0	0	0
C	Marios	20	141	13	1	27____	57465	1	0	0	0	0	0	0	0	0	1	0
C	Marios	20	141	13	1	27____	57470	1	0	0	0	0	1	0	0	0	0	0
C	Marios	20	141	13	1	27____	57545	1	0	0	0	0	0	0	0	0	1	0
C	Marios	20	141	13	1	27____	57605	1	0	0	0	0	1	0	0	0	0	0
C	Marios	20	141	13	1	27____	57770	1	0	0	0	0	0	0	0	0	1	0
C	Marios	20	141	13	1	27____	57779	1	0	0	0	0	1	0	0	0	0	0
C	Marios	20	141	13	1	27____	57827	1	0	0	0	0	0	0	0	0	1	0
C	Marios	20	141	13	1	27____	57838	1	0	0	0	0	1	0	0	0	0	0
C	Marios	20	141	13	1	27____	57855	1	0	0	0	0	0	0	0	0	1	0
C	Marios	20	141	13	1	27____	59001	1	0	0	0	0	1	0	0	0	0	0
C	Marios	20	141	13	1	27____	59035	1	0	0	0	0	0	0	0	0	1	0
C	Marios	20	141	13	1	27____	60750	1	2	0	0	0	0	0	0	0	0	0
C	Marios	20	141	13	1	27____	61250	2	12	0	0	0	0	0	0	0	0	0
C	Marios	20	141	13	1	27____	61555	12	0	0	0	0	1	0	0	0	0	0
C	Marios	20	141	13	1	27____	61566	12	0	0	0	0	0	0	0	0	1	0
C	Marios	20	141	13	1	27____	61576	12	0	0	0	0	1	0	0	0	0	0
C	Marios	20	141	13	1	27____	61621	12	0	0	0	0	0	0	0	0	1	0
C	Marios	20	141	13	1	27____	61720	12	0	0	0	0	1	0	0	0	0	0
C	Marios	20	141	13	1	27____	61750	12	15	0	0	0	0	0	0	0	0	0
C	Marios	20	141	13	1	27____	61837	15	0	0	0	0	0	0	0	0	1	0
C	Marios	20	141	13	1	27____	61841	15	0	0	0	0	1	0	0	0	0	0
C	Marios	20	141	13	1	27____	61874	15	0	0	0	0	0	0	0	0	1	0
C	Marios	20	141	13	1	27____	61946	15	0	0	0	0	1	0	0	0	0	0
C	Marios	20	141	13	1	27____	62093	15	0	0	0	0	0	0	0	0	1	0
C	Marios	20	141	13	1	27____	62250	15	1	0	0	0	0	0	0	0	0	0
C	Marios	20	141	13	1	27____	62455	1	0	0	0	0	1	0	0	0	0	0
C	Marios	20	141	13	1	27____	62513	1	0	0	0	0	0	0	0	0	1	0
C	Marios	20	141	13	1	27____	62879	1	0	0	0	0	1	0	0	0	0	0
C	Marios	20	141	13	1	27____	62913	1	0	0	0	0	0	0	0	0	1	0
C	Marios	20	141	13	1	27____	62915	1	0	0	0	0	1	0	0	0	0	0
C	Marios	20	141	13	1	27____	62949	1	0	0	0	0	0	0	0	0	1	0
C	Marios	20	141	13	1	27____	62959	1	0	0	0	0	1	0	0	0	0	0
C	Marios	20	141	13	1	27____	62972	1	0	0	0	0	0	0	0	0	1	0
C	Marios	20	141	13	1	27____	62981	1	0	0	0	0	1	0	0	0	0	0
C	Marios	20	141	13	1	27____	62983	1	0	0	0	0	0	0	0	0	1	0
C	Marios	20	141	13	1	27____	64592	1	0	0	0	0	1	0	0	0	0	0
C	Marios	20	141	13	1	27____	64615	1	0	0	0	0	0	0	0	0	1	0
C	Marios	20	141	13	1	27____	64877	1	0	0	0	0	1	0	0	0	0	0
C	Marios	20	141	13	1	27____	64949	1	0	0	0	0	0	0	0	0	1	0
C	Marios	20	141	13	1	27____	66520	1	0	0	0	0	1	0	0	0	0	0
C	Marios	20	141	13	1	27____	67039	1	0	0	0	0	0	0	0	0	1	0
C	Marios	20	141	13	1	27____	67500	1	2	0	0	0	0	0	0	0	0	0
C	Marios	20	141	13	1	27____	68000	2	13	0	0	0	0	0	0	0	0	0
C	Marios	20	141	13	1	27____	68040	13	0	0	0	0	1	0	0	0	0	0
C	Marios	20	141	13	1	27____	68043	13	0	0	0	0	0	0	0	0	1	0
C	Marios	20	141	13	1	27____	68500	13	15	0	0	0	0	0	0	0	0	0
C	Marios	20	141	13	1	27____	69000	15	1	0	0	0	0	0	0	0	0	0
C	Marios	20	141	13	1	27____	70500	1	2	0	0	0	0	0	0	0	0	0
C	Marios	20	141	13	1	27____	71000	2	7	0	0	0	0	0	0	0	0	0
C	Marios	20	141	13	1	27____	71154	7	0	0	0	0	1	0	0	0	0	0
C	Marios	20	141	13	1	27____	71231	7	0	0	0	0	0	0	0	0	1	0
C	Marios	20	141	13	1	27____	71247	7	0	0	0	0	1	0	0	0	0	0
C	Marios	20	141	13	1	27____	71351	7	0	0	0	0	0	0	0	0	1	0
C	Marios	20	141	13	1	27____	71408	7	0	0	0	0	1	0	0	0	0	0
C	Marios	20	141	13	1	27____	71411	7	0	0	0	0	0	0	0	0	1	0
C	Marios	20	141	13	1	27____	71443	7	0	0	0	0	1	0	0	0	0	0
C	Marios	20	141	13	1	27____	71500	7	11	0	0	0	0	0	0	0	0	0
C	Marios	20	141	13	1	27____	71628	11	0	0	0	0	0	0	0	0	1	0
C	Marios	20	141	13	1	27____	71629	11	0	0	0	0	1	0	0	0	0	0
C	Marios	20	141	13	1	27____	71635	11	0	0	0	0	0	0	0	0	1	0
C	Marios	20	141	13	1	27____	71636	11	0	0	0	0	1	0	0	0	0	0
C	Marios	20	141	13	1	27____	71639	11	0	0	0	0	0	0	0	0	1	0
C	Marios	20	141	13	1	27____	71666	11	0	0	0	0	1	0	0	0	0	0
C	Marios	20	141	13	1	27____	71668	11	0	0	0	0	0	0	0	0	1	0
C	Marios	20	141	13	1	27____	71670	11	0	0	0	0	1	0	0	0	0	0
C	Marios	20	141	13	1	27____	71862	11	0	0	0	0	0	0	0	0	1	0
C	Marios	20	141	13	1	27____	71865	11	0	0	0	0	1	0	0	0	0	0
C	Marios	20	141	13	1	27____	71868	11	0	0	0	0	0	0	0	0	1	0
C	Marios	20	141	13	1	27____	71894	11	0	0	0	0	1	0	0	0	0	0
C	Marios	20	141	13	1	27____	71999	11	0	0	0	0	0	0	0	0	1	0
C	Marios	20	141	13	1	27____	72000	11	1	0	0	0	0	0	0	0	0	0
C	Marios	20	141	13	1	27____	72004	1	0	0	0	0	1	0	0	0	0	0
C	Marios	20	141	13	1	27____	72066	1	0	0	0	0	0	0	0	0	1	0
C	Marios	20	141	13	1	27____	72125	1	0	0	0	0	1	0	0	0	0	0
C	Marios	20	141	13	1	27____	72164	1	0	0	0	0	0	0	0	0	1	0
C	Marios	20	141	13	1	27____	72171	1	0	0	0	0	1	0	0	0	0	0
C	Marios	20	141	13	1	27____	72198	1	0	0	0	0	0	0	0	0	1	0
C	Marios	20	141	13	1	27____	72201	1	0	0	0	0	1	0	0	0	0	0
C	Marios	20	141	13	1	27____	72203	1	0	0	0	0	0	0	0	0	1	0
C	Marios	20	141	13	1	27____	72206	1	0	0	0	0	1	0	0	0	0	0
C	Marios	20	141	13	1	27____	72217	1	0	0	0	0	0	0	0	0	1	0
C	Marios	20	141	13	1	27____	73796	1	0	0	0	0	1	0	0	0	0	0
C	Marios	20	141	13	1	27____	73812	1	0	0	0	0	0	0	0	0	1	0
C	Marios	20	141	13	1	27____	75368	1	0	0	0	0	1	0	0	0	0	0
C	Marios	20	141	13	1	27____	75388	1	0	0	0	0	0	0	0	0	1	0
C	Marios	20	141	13	1	27____	75395	1	0	0	0	0	1	0	0	0	0	0
C	Marios	20	141	13	1	27____	75412	1	0	0	0	0	0	0	0	0	1	0
C	Marios	20	141	13	1	27____	75417	1	0	0	0	0	1	0	0	0	0	0
C	Marios	20	141	13	1	27____	75426	1	0	0	0	0	0	0	0	0	1	0
C	Marios	20	141	13	1	27____	75431	1	0	0	0	0	1	0	0	0	0	0
C	Marios	20	141	13	1	27____	75450	1	0	0	0	0	0	0	0	0	1	0
C	Marios	20	141	13	1	27____	76060	1	0	0	0	0	1	0	0	0	0	0
C	Marios	20	141	13	1	27____	76127	1	0	0	0	0	0	0	0	0	1	0
C	Marios	20	141	13	1	27____	76500	1	2	0	0	0	0	0	0	0	0	0
C	Marios	20	141	13	1	27____	76623	2	0	0	0	0	1	0	0	0	0	0
C	Marios	20	141	13	1	27____	76634	2	0	0	0	0	0	0	0	0	1	0
C	Marios	20	141	13	1	27____	76652	2	0	0	0	0	1	0	0	0	0	0
C	Marios	20	141	13	1	27____	76664	2	0	0	0	0	0	0	0	0	1	0
C	Marios	20	141	13	1	27____	76669	2	0	0	0	0	1	0	0	0	0	0
C	Marios	20	141	13	1	27____	76673	2	0	0	0	0	1	0	0	0	1	0
C	Marios	20	141	13	1	27____	76683	2	0	0	0	0	0	0	0	0	1	0
C	Marios	20	141	13	1	27____	76751	2	0	0	0	0	1	0	0	0	0	0
C	Marios	20	141	13	1	27____	76757	2	0	0	0	0	0	0	0	0	1	0
C	Marios	20	141	13	1	27____	77000	2	12	0	0	0	0	0	0	0	0	0
C	Marios	20	141	13	1	27____	77364	12	0	0	0	0	1	0	0	0	0	0
C	Marios	20	141	13	1	27____	77500	12	15	0	0	0	0	0	0	0	0	0
C	Marios	20	141	13	1	27____	77615	15	0	0	0	0	0	0	0	0	1	0
C	Marios	20	141	13	1	27____	78000	15	1	0	0	0	0	0	0	0	0	0
C	Marios	20	141	13	1	27____	79591	1	0	0	0	0	1	0	0	0	0	0
C	Marios	20	141	13	1	27____	79603	1	0	0	0	0	0	0	0	0	1	0
C	Marios	20	141	13	1	27____	79679	1	0	0	0	0	1	0	0	0	0	0
C	Marios	20	141	13	1	27____	79681	1	0	0	0	0	0	0	0	0	1	0
C	Marios	20	141	13	1	27____	80250	1	2	0	0	0	0	0	0	0	0	0
C	Marios	20	141	13	1	27____	80750	2	13	0	0	0	0	0	0	0	0	0
C	Marios	20	141	13	1	27____	81250	13	15	0	0	0	0	0	0	0	0	0
C	Marios	20	141	13	1	27____	81750	15	1	0	0	0	0	0	0	0	0	0
C	Marios	20	141	13	1	27____	86250	1	2	0	0	0	0	0	0	0	0	0
C	Marios	20	141	13	1	27____	86750	2	13	0	0	0	0	0	0	0	0	0
C	Marios	20	141	13	1	27____	87250	13	15	0	0	0	0	0	0	0	0	0
C	Marios	20	141	13	1	27____	87750	15	1	0	0	0	0	0	0	0	0	0
C	Marios	20	141	13	1	27____	90656	1	0	0	0	0	1	0	0	0	0	0
C	Marios	20	141	13	1	27____	90688	1	0	0	0	0	0	0	0	0	1	0
C	Marios	20	141	13	1	27____	93750	1	2	0	0	0	0	0	0	0	0	0
C	Marios	20	141	13	1	27____	94234	2	0	0	0	0	1	0	0	0	0	0
C	Marios	20	141	13	1	27____	94250	2	12	0	0	0	0	0	0	0	0	0
C	Marios	20	141	13	1	27____	94255	12	0	0	0	0	0	0	0	0	1	0
C	Marios	20	141	13	1	27____	94306	12	0	0	0	0	1	0	0	0	0	0
C	Marios	20	141	13	1	27____	94320	12	0	0	0	0	0	0	0	0	1	0
C	Marios	20	141	13	1	27____	94324	12	0	0	0	0	1	0	0	0	0	0
C	Marios	20	141	13	1	27____	94559	12	0	0	0	0	0	0	0	0	1	0
C	Marios	20	141	13	1	27____	94562	12	0	0	0	0	1	0	0	0	0	0
C	Marios	20	141	13	1	27____	94750	12	15	0	0	0	0	0	0	0	0	0
C	Marios	20	141	13	1	27____	94801	15	0	0	0	0	0	0	0	0	1	0
C	Marios	20	141	13	1	27____	94809	15	0	0	0	0	1	0	0	0	0	0
C	Marios	20	141	13	1	27____	95021	15	0	0	0	0	0	0	0	0	1	0
C	Marios	20	141	13	1	27____	95134	15	0	0	0	0	1	0	0	0	0	0
C	Marios	20	141	13	1	27____	95142	15	0	0	0	0	0	0	0	0	1	0
C	Marios	20	141	13	1	27____	95250	15	1	0	0	0	0	0	0	0	0	0
C	Marios	20	141	13	1	27____	95342	1	0	0	0	0	1	0	0	0	0	0
C	Marios	20	141	13	1	27____	95395	1	0	0	0	0	0	0	0	0	1	0
C	Marios	20	141	13	1	27____	97222	1	0	0	0	0	1	0	0	0	0	0
C	Marios	20	141	13	1	27____	97342	1	0	0	0	0	0	0	0	0	1	0
C	Marios	20	141	13	1	27____	97709	1	0	0	0	0	1	0	0	0	0	0
C	Marios	20	141	13	1	27____	97730	1	0	0	0	0	0	0	0	0	1	0
C	Marios	20	141	13	1	27____	98750	1	2	0	0	0	0	0	0	0	0	0
C	Marios	20	141	13	1	27____	99250	2	7	0	0	0	0	0	0	0	0	0
C	Marios	20	141	13	1	27____	99290	7	0	0	0	0	1	0	0	0	0	0
C	Marios	20	141	13	1	27____	99422	7	0	0	0	0	0	0	0	0	1	0
C	Marios	20	141	13	1	27____	99435	7	0	0	0	0	1	0	0	0	0	0
C	Marios	20	141	13	1	27____	99665	7	0	0	0	0	0	0	0	0	1	0
C	Marios	20	141	13	1	27____	99695	7	0	0	0	0	1	0	0	0	0	0
C	Marios	20	141	13	1	27____	99750	7	11	0	0	0	0	0	0	0	0	0
C	Marios	20	141	13	1	27____	99846	11	0	0	0	0	0	0	0	0	1	0
C	Marios	20	141	13	1	27____	99941	11	0	0	0	0	1	0	0	0	0	0
C	Marios	20	141	13	1	27____	100093	11	0	0	0	0	0	0	0	0	1	0
C	Marios	20	141	13	1	27____	100097	11	0	0	0	0	1	0	0	0	0	0
C	Marios	20	141	13	1	27____	100100	11	0	0	0	0	0	0	0	0	1	0
C	Marios	20	141	13	1	27____	100250	11	1	0	0	0	0	0	0	0	0	0
C	Marios	20	141	13	1	27____	102536	1	0	0	0	0	1	0	0	0	0	0
C	Marios	20	141	13	1	27____	102563	1	0	0	0	0	0	0	0	0	1	0
C	Marios	20	141	13	1	27____	104000	1	2	0	0	0	0	0	0	0	0	0
C	Marios	20	141	13	1	27____	104500	2	6	0	0	0	0	0	0	0	0	0
C	Marios	20	141	13	1	27____	104787	6	0	0	0	0	1	0	0	0	0	0
C	Marios	20	141	13	1	27____	104943	6	0	0	0	0	0	0	0	0	1	0
C	Marios	20	141	13	1	27____	105000	6	10	0	0	0	0	0	0	0	0	0
C	Marios	20	141	13	1	27____	105014	10	0	0	0	0	1	0	0	0	0	0
C	Marios	20	141	13	1	27____	105286	10	0	0	0	0	0	0	0	0	1	0
C	Marios	20	141	13	1	27____	105287	10	0	0	0	0	1	0	0	0	0	0
C	Marios	20	141	13	1	27____	105357	10	0	0	0	0	0	0	0	0	1	0
C	Marios	20	141	13	1	27____	105476	10	0	0	0	0	1	0	0	0	0	0
C	Marios	20	141	13	1	27____	105479	10	0	0	0	0	1	0	0	0	1	0
C	Marios	20	141	13	1	27____	105482	10	0	0	0	0	0	0	0	0	1	0
C	Marios	20	141	13	1	27____	105500	10	1	0	0	0	0	0	0	0	0	0
C	Marios	20	141	13	1	27____	107263	1	0	0	0	0	1	0	0	0	0	0
C	Marios	20	141	13	1	27____	107361	1	0	0	0	0	0	0	0	0	1	0
C	Marios	20	141	13	1	27____	110434	1	0	0	0	0	1	0	0	0	0	0
C	Marios	20	141	13	1	27____	110623	1	0	0	0	0	0	0	0	0	1	0
C	Marios	20	141	13	1	27____	110624	1	0	0	0	0	1	0	0	0	0	0
C	Marios	20	141	13	1	27____	110648	1	0	0	0	0	1	0	0	0	1	0
C	Marios	20	141	13	1	27____	110652	1	0	0	0	0	0	0	0	0	1	0
C	Marios	20	141	13	1	27____	110654	1	0	0	0	0	1	0	0	0	0	0
C	Marios	20	141	13	1	27____	110672	1	0	0	0	0	0	0	0	0	1	0
C	Marios	20	141	13	1	27____	111000	1	2	0	0	0	0	0	0	0	0	0
C	Marios	20	141	13	1	27____	111500	2	6	0	0	0	0	0	0	0	0	0
C	Marios	20	141	13	1	27____	111562	6	0	0	0	0	1	0	0	0	0	0
C	Marios	20	141	13	1	27____	111878	6	0	0	0	0	0	0	0	0	1	0
C	Marios	20	141	13	1	27____	111943	6	0	0	0	0	1	0	0	0	0	0
C	Marios	20	141	13	1	27____	112000	6	10	0	0	0	0	0	0	0	0	0
C	Marios	20	141	13	1	27____	112314	10	0	0	0	0	0	0	0	0	1	0
C	Marios	20	141	13	1	27____	112332	10	0	0	0	0	1	0	0	0	0	0
C	Marios	20	141	13	1	27____	112334	10	0	0	0	0	0	0	0	0	1	0
C	Marios	20	141	13	1	27____	112344	10	0	0	0	0	1	0	0	0	0	0
C	Marios	20	141	13	1	27____	112346	10	0	0	0	0	0	0	0	0	1	0
C	Marios	20	141	13	1	27____	112434	10	0	0	0	0	1	0	0	0	0	0
C	Marios	20	141	13	1	27____	112489	10	0	0	0	0	0	0	0	0	1	0
C	Marios	20	141	13	1	27____	112500	10	1	0	0	0	0	0	0	0	0	0
C	Marios	20	141	13	1	27____	112694	1	0	0	0	0	1	0	0	0	0	0
C	Marios	20	141	13	1	27____	112708	1	0	0	0	0	0	0	0	0	1	0
C	Marios	20	141	13	1	27____	113061	1	0	0	0	0	1	0	0	0	0	0
C	Marios	20	141	13	1	27____	113080	1	0	0	0	0	0	0	0	0	1	0
C	Marios	20	141	13	1	27____	113091	1	0	0	0	0	1	0	0	0	0	0
C	Marios	20	141	13	1	27____	113118	1	0	0	0	0	0	0	0	0	1	0
C	Marios	20	141	13	1	27____	116124	1	0	0	0	0	1	0	0	0	0	0
C	Marios	20	141	13	1	27____	116138	1	0	0	0	0	0	0	0	0	1	0
C	Marios	20	141	13	1	27____	116151	1	0	0	0	0	1	0	0	0	0	0
C	Marios	20	141	13	1	27____	116170	1	0	0	0	0	0	0	0	0	1	0
C	Marios	20	141	13	1	27____	116183	1	0	0	0	0	1	0	0	0	0	0
C	Marios	20	141	13	1	27____	116199	1	0	0	0	0	0	0	0	0	1	0
C	Marios	20	141	13	1	27____	116205	1	0	0	0	0	1	0	0	0	0	0
C	Marios	20	141	13	1	27____	116209	1	0	0	0	0	0	0	0	0	1	0
C	Marios	20	141	13	1	27____	116226	1	0	0	0	0	1	0	0	0	0	0
C	Marios	20	141	13	1	27____	116231	1	0	0	0	0	0	0	0	0	1	0
C	Marios	20	141	13	1	27____	116240	1	0	0	0	0	1	0	0	0	0	0
C	Marios	20	141	13	1	27____	116243	1	0	0	0	0	0	0	0	0	1	0
C	Marios	20	141	13	1	27____	116278	1	0	0	0	0	1	0	0	0	0	0
C	Marios	20	141	13	1	27____	116281	1	0	0	0	0	0	0	0	0	1	0
C	Marios	20	141	13	1	27____	116300	1	0	0	0	0	1	0	0	0	0	0
C	Marios	20	141	13	1	27____	116304	1	0	0	0	0	0	0	0	0	1	0
C	Marios	20	141	13	1	27____	117750	1	2	0	0	0	0	0	0	0	0	0
C	Marios	20	141	13	1	27____	118250	2	13	0	0	0	0	0	0	0	0	0
C	Marios	20	141	13	1	27____	118481	13	0	0	0	0	1	0	0	0	0	0
C	Marios	20	141	13	1	27____	118531	13	0	0	0	0	0	0	0	0	1	0
C	Marios	20	141	13	1	27____	118533	13	0	0	0	0	1	0	0	0	0	0
C	Marios	20	141	13	1	27____	118536	13	0	0	0	0	0	0	0	0	1	0
C	Marios	20	141	13	1	27____	118537	13	0	0	0	0	1	0	0	0	0	0
C	Marios	20	141	13	1	27____	118541	13	0	0	0	0	0	0	0	0	1	0
C	Marios	20	141	13	1	27____	118738	13	0	0	0	0	1	0	0	0	0	0
C	Marios	20	141	13	1	27____	118750	13	15	0	0	0	0	0	0	0	0	0
C	Marios	20	141	13	1	27____	118821	15	0	0	0	0	0	0	0	0	1	0
C	Marios	20	141	13	1	27____	118851	15	0	0	0	0	1	0	0	0	0	0
C	Marios	20	141	13	1	27____	118950	15	0	0	0	0	0	0	0	0	1	0
C	Marios	20	141	13	1	27____	119077	15	0	0	0	0	1	0	0	0	0	0
C	Marios	20	141	13	1	27____	119103	15	0	0	0	0	0	0	0	0	1	0
C	Marios	20	141	13	1	27____	119109	15	0	0	0	0	1	0	0	0	0	0
C	Marios	20	141	13	1	27____	119188	15	0	0	0	0	0	0	0	0	1	0
C	Marios	20	141	13	1	27____	119250	15	1	0	0	0	0	0	0	0	0	0
C	Marios	20	141	13	1	27____	120750	1	2	0	0	0	0	0	0	0	0	0
C	Marios	20	141	13	1	27____	121250	2	12	0	0	0	0	0	0	0	0	0
C	Marios	20	141	13	1	27____	121502	12	0	0	0	0	1	0	0	0	0	0
C	Marios	20	141	13	1	27____	121509	12	0	0	0	0	0	0	0	0	1	0
C	Marios	20	141	13	1	27____	121654	12	0	0	0	0	1	0	0	0	0	0
C	Marios	20	141	13	1	27____	121726	12	0	0	0	0	0	0	0	0	1	0
C	Marios	20	141	13	1	27____	121750	12	15	0	0	0	0	0	0	0	0	0
C	Marios	20	141	13	1	27____	121966	15	0	0	0	0	1	0	0	0	0	0
C	Marios	20	141	13	1	27____	122143	15	0	0	0	0	0	0	0	0	1	0
C	Marios	20	141	13	1	27____	122250	15	1	0	0	0	0	0	0	0	0	0
C	Marios	20	141	13	1	27____	122740	1	0	0	0	0	1	0	0	0	0	0
C	Marios	20	141	13	1	27____	122749	1	0	0	0	0	0	0	0	0	1	0
C	Marios	20	141	13	1	27____	122763	1	0	0	0	0	1	0	0	0	0	0
C	Marios	20	141	13	1	27____	122788	1	0	0	0	0	0	0	0	0	1	0
C	Marios	20	141	13	1	27____	123607	1	0	0	0	0	1	0	0	0	0	0
C	Marios	20	141	13	1	27____	124232	1	0	0	0	0	0	0	0	0	1	0
C	Marios	20	141	13	1	27____	128137	1	0	0	0	0	1	0	0	0	0	0
C	Marios	20	141	13	1	27____	128233	1	0	0	0	0	0	0	0	0	1	0
C	Marios	20	141	13	1	27____	129629	1	0	0	0	0	1	0	0	0	0	0
C	Marios	20	141	13	1	27____	129666	1	0	0	0	0	0	0	0	0	1	0
C	Marios	20	141	13	1	27____	129750	1	2	0	0	0	0	0	0	0	0	0
C	Marios	20	141	13	1	27____	130250	2	12	0	0	0	0	0	0	0	0	0
C	Marios	20	141	13	1	27____	130750	12	15	0	0	0	0	0	0	0	0	0
C	Marios	20	141	13	1	27____	131048	15	0	0	0	0	1	0	0	0	0	0
C	Marios	20	141	13	1	27____	131074	15	0	0	0	0	0	0	0	0	1	0
C	Marios	20	141	13	1	27____	131250	15	1	0	0	0	0	0	0	0	0	0
C	Marios	20	141	13	1	27____	132057	1	0	0	0	0	1	0	0	0	0	0
C	Marios	20	141	13	1	27____	132075	1	0	0	0	0	0	0	0	0	1	0
C	Marios	20	141	13	1	27____	132241	1	0	0	0	0	1	0	0	0	0	0
C	Marios	20	141	13	1	27____	132274	1	0	0	0	0	0	0	0	0	1	0
C	Marios	20	141	13	1	27____	133688	1	0	0	0	0	1	0	0	0	0	0
C	Marios	20	141	13	1	27____	133707	1	0	0	0	0	0	0	0	0	1	0
C	Marios	20	141	13	1	27____	133710	1	0	0	0	0	1	0	0	0	0	0
C	Marios	20	141	13	1	27____	133712	1	0	0	0	0	0	0	0	0	1	0
C	Marios	20	141	13	1	27____	133722	1	0	0	0	0	1	0	0	0	0	0
C	Marios	20	141	13	1	27____	133724	1	0	0	0	0	0	0	0	0	1	0
C	Marios	20	141	13	1	27____	134272	1	0	0	0	0	1	0	0	0	0	0
C	Marios	20	141	13	1	27____	134277	1	0	0	0	0	0	0	0	0	1	0
C	Marios	20	141	13	1	27____	134288	1	0	0	0	0	1	0	0	0	0	0
C	Marios	20	141	13	1	27____	134290	1	0	0	0	0	0	0	0	0	1	0
C	Marios	20	141	13	1	27____	138000	1	2	0	0	0	0	0	0	0	0	0
C	Marios	20	141	13	1	27____	138500	2	13	0	0	0	0	0	0	0	0	0
C	Marios	20	141	13	1	27____	138643	13	0	0	0	0	1	0	0	0	0	0
C	Marios	20	141	13	1	27____	138736	13	0	0	0	0	0	0	0	0	1	0
C	Marios	20	141	13	1	27____	138864	13	0	0	0	0	1	0	0	0	0	0
C	Marios	20	141	13	1	27____	138957	13	0	0	0	0	0	0	0	0	1	0
C	Marios	20	141	13	1	27____	139000	13	15	0	0	0	0	0	0	0	0	0
C	Marios	20	141	13	1	27____	139064	15	0	0	0	0	1	0	0	0	0	0
C	Marios	20	141	13	1	27____	139086	15	0	0	0	0	0	0	0	0	1	0
C	Marios	20	141	13	1	27____	139124	15	0	0	0	0	1	0	0	0	0	0
C	Marios	20	141	13	1	27____	139279	15	0	0	0	0	0	0	0	0	1	0
C	Marios	20	141	13	1	27____	139500	15	1	0	0	0	0	0	0	0	0	0
C	Marios	20	141	13	1	27____	142500	1	2	0	0	0	0	0	0	0	0	0
C	Marios	20	141	13	1	27____	143000	2	7	0	0	0	0	0	0	0	0	0
C	Marios	20	141	13	1	27____	143247	7	0	0	0	0	1	0	0	0	0	0
C	Marios	20	141	13	1	27____	143500	7	11	0	0	0	0	0	0	0	0	0
C	Marios	20	141	13	1	27____	143727	11	0	0	0	0	0	0	0	0	1	0
C	Marios	20	141	13	1	27____	143728	11	0	0	0	0	1	0	0	0	0	0
C	Marios	20	141	13	1	27____	143731	11	0	0	0	0	0	0	0	0	1	0
C	Marios	20	141	13	1	27____	143734	11	0	0	0	0	1	0	0	0	0	0
C	Marios	20	141	13	1	27____	143737	11	0	0	0	0	0	0	0	0	1	0
C	Marios	20	141	13	1	27____	143745	11	0	0	0	0	1	0	0	0	0	0
C	Marios	20	141	13	1	27____	143749	11	0	0	0	0	0	0	0	0	1	0
C	Marios	20	141	13	1	27____	143751	11	0	0	0	0	1	0	0	0	0	0
C	Marios	20	141	13	1	27____	143758	11	0	0	0	0	0	0	0	0	1	0
C	Marios	20	141	13	1	27____	143767	11	0	0	0	0	1	0	0	0	0	0
C	Marios	20	141	13	1	27____	143769	11	0	0	0	0	0	0	0	0	1	0
C	Marios	20	141	13	1	27____	143783	11	0	0	0	0	1	0	0	0	0	0
C	Marios	20	141	13	1	27____	143785	11	0	0	0	0	0	0	0	0	1	0
C	Marios	20	141	13	1	27____	143794	11	0	0	0	0	1	0	0	0	0	0
C	Marios	20	141	13	1	27____	143796	11	0	0	0	0	0	0	0	0	1	0
C	Marios	20	141	13	1	27____	143806	11	0	0	0	0	1	0	0	0	0	0
C	Marios	20	141	13	1	27____	143807	11	0	0	0	0	0	0	0	0	1	0
C	Marios	20	141	13	1	27____	143816	11	0	0	0	0	1	0	0	0	0	0
C	Marios	20	141	13	1	27____	143818	11	0	0	0	0	0	0	0	0	1	0
C	Marios	20	141	13	1	27____	143819	11	0	0	0	0	1	0	0	0	0	0
C	Marios	20	141	13	1	27____	143910	11	0	0	0	0	0	0	0	0	1	0
C	Marios	20	141	13	1	27____	144000	11	14	0	0	0	0	0	0	0	0	0
C	Marios	20	141	13	1	27____	144057	14	0	0	0	0	1	0	0	0	0	0
C	Marios	20	141	13	1	27____	144061	14	0	0	0	0	0	0	0	0	1	0
C	Marios	20	141	13	1	27____	144864	14	0	0	0	0	1	0	0	0	0	0
C	Marios	20	141	13	1	27____	144884	14	0	0	0	0	0	0	0	0	1	0
C	Marios	20	141	13	1	27____	147000	14	-1	0	0	0	0	0	0	0	0	0
