Project	UserID	Protocol	Session	Station	Run	Subject	Time	Current State	Transition State	Transition Event	A1 - LLR	A2 - RLR	A3 - MAG	A4 - 	A[1] LLR_OFF	A[2] RLR_OFF	A[3] MAG_OFF	A[4] 
C	Marios	18	141	1	1	1_____	0	0	1	0	0	0	0	0	0	0	0	0
C	Marios	18	141	1	1	1_____	1500	1	2	0	0	0	0	0	0	0	0	0
C	Marios	18	141	1	1	1_____	2000	2	7	0	0	0	0	0	0	0	0	0
C	Marios	18	141	1	1	1_____	2226	7	0	0	0	0	1	0	0	0	0	0
C	Marios	18	141	1	1	1_____	2231	7	0	0	0	0	0	0	0	0	1	0
C	Marios	18	141	1	1	1_____	2412	7	0	0	0	0	1	0	0	0	0	0
C	Marios	18	141	1	1	1_____	2446	7	0	0	0	0	0	0	0	0	1	0
C	Marios	18	141	1	1	1_____	2458	7	0	0	0	0	1	0	0	0	0	0
C	Marios	18	141	1	1	1_____	2500	7	11	0	0	0	0	0	0	0	0	0
C	Marios	18	141	1	1	1_____	2523	11	0	0	0	0	0	0	0	0	1	0
C	Marios	18	141	1	1	1_____	2525	11	0	0	0	0	1	0	0	0	0	0
C	Marios	18	141	1	1	1_____	2655	11	0	0	0	0	0	0	0	0	1	0
C	Marios	18	141	1	1	1_____	2664	11	0	0	0	0	1	0	0	0	0	0
C	Marios	18	141	1	1	1_____	2666	11	0	0	0	0	1	0	0	0	1	0
C	Marios	18	141	1	1	1_____	2669	11	0	0	0	0	0	0	0	0	1	0
C	Marios	18	141	1	1	1_____	2675	11	0	0	0	0	1	0	0	0	0	0
C	Marios	18	141	1	1	1_____	2688	11	0	0	0	0	0	0	0	0	1	0
C	Marios	18	141	1	1	1_____	2707	11	0	0	0	0	1	0	0	0	0	0
C	Marios	18	141	1	1	1_____	2710	11	0	0	0	0	1	0	0	0	1	0
C	Marios	18	141	1	1	1_____	2745	11	0	0	0	0	0	0	0	0	1	0
C	Marios	18	141	1	1	1_____	2746	11	0	0	0	0	1	0	0	0	0	0
C	Marios	18	141	1	1	1_____	2779	11	0	0	0	0	0	0	0	0	1	0
C	Marios	18	141	1	1	1_____	2783	11	0	0	0	0	1	0	0	0	0	0
C	Marios	18	141	1	1	1_____	2785	11	0	0	0	0	0	0	0	0	1	0
C	Marios	18	141	1	1	1_____	2799	11	0	0	0	0	1	0	0	0	0	0
C	Marios	18	141	1	1	1_____	2805	11	0	0	0	0	0	0	0	0	1	0
C	Marios	18	141	1	1	1_____	2806	11	0	0	0	0	1	0	0	0	0	0
C	Marios	18	141	1	1	1_____	2809	11	0	0	0	0	0	0	0	0	1	0
C	Marios	18	141	1	1	1_____	2810	11	0	0	0	0	1	0	0	0	0	0
C	Marios	18	141	1	1	1_____	2821	11	0	0	0	0	0	0	0	0	1	0
C	Marios	18	141	1	1	1_____	3000	11	1	0	0	0	0	0	0	0	0	0
C	Marios	18	141	1	1	1_____	6711	1	0	0	0	0	1	0	0	0	0	0
C	Marios	18	141	1	1	1_____	6750	1	2	0	0	0	0	0	0	0	0	0
C	Marios	18	141	1	1	1_____	6823	2	0	0	0	0	0	0	0	0	1	0
C	Marios	18	141	1	1	1_____	7250	2	13	0	0	0	0	0	0	0	0	0
C	Marios	18	141	1	1	1_____	7750	13	15	0	0	0	0	0	0	0	0	0
C	Marios	18	141	1	1	1_____	8226	15	0	0	0	0	1	0	0	0	0	0
C	Marios	18	141	1	1	1_____	8228	15	0	0	0	0	0	0	0	0	1	0
C	Marios	18	141	1	1	1_____	8232	15	0	0	0	0	1	0	0	0	0	0
C	Marios	18	141	1	1	1_____	8250	15	1	0	0	0	0	0	0	0	0	0
C	Marios	18	141	1	1	1_____	8259	1	0	0	0	0	0	0	0	0	1	0
C	Marios	18	141	1	1	1_____	10165	1	0	0	0	0	1	0	0	0	0	0
C	Marios	18	141	1	1	1_____	10167	1	0	0	0	0	0	0	0	0	1	0
C	Marios	18	141	1	1	1_____	10173	1	0	0	0	0	1	0	0	0	0	0
C	Marios	18	141	1	1	1_____	10194	1	0	0	0	0	0	0	0	0	1	0
C	Marios	18	141	1	1	1_____	11004	1	0	0	0	0	1	0	0	0	0	0
C	Marios	18	141	1	1	1_____	11010	1	0	0	0	0	0	0	0	0	1	0
C	Marios	18	141	1	1	1_____	12355	1	0	0	0	0	1	0	0	0	0	0
C	Marios	18	141	1	1	1_____	12451	1	0	0	0	0	0	0	0	0	1	0
C	Marios	18	141	1	1	1_____	12456	1	0	0	0	0	1	0	0	0	0	0
C	Marios	18	141	1	1	1_____	12512	1	0	0	0	0	0	0	0	0	1	0
C	Marios	18	141	1	1	1_____	12638	1	0	0	0	0	1	0	0	0	0	0
C	Marios	18	141	1	1	1_____	12653	1	0	0	0	0	0	0	0	0	1	0
C	Marios	18	141	1	1	1_____	12655	1	0	0	0	0	1	0	0	0	0	0
C	Marios	18	141	1	1	1_____	12667	1	0	0	0	0	0	0	0	0	1	0
C	Marios	18	141	1	1	1_____	12674	1	0	0	0	0	1	0	0	0	0	0
C	Marios	18	141	1	1	1_____	12723	1	0	0	0	0	1	0	0	0	1	0
C	Marios	18	141	1	1	1_____	12729	1	0	0	0	0	0	0	0	0	1	0
C	Marios	18	141	1	1	1_____	12738	1	0	0	0	0	1	0	0	0	0	0
C	Marios	18	141	1	1	1_____	12742	1	0	0	0	0	0	0	0	0	1	0
C	Marios	18	141	1	1	1_____	12744	1	0	0	0	0	1	0	0	0	0	0
C	Marios	18	141	1	1	1_____	12750	1	2	0	0	0	0	0	0	0	0	0
C	Marios	18	141	1	1	1_____	12782	2	0	0	0	0	0	0	0	0	1	0
C	Marios	18	141	1	1	1_____	13250	2	6	0	0	0	0	0	0	0	0	0
C	Marios	18	141	1	1	1_____	13402	6	0	0	0	0	1	0	0	0	0	0
C	Marios	18	141	1	1	1_____	13653	6	0	0	0	0	0	0	0	0	1	0
C	Marios	18	141	1	1	1_____	13710	6	0	0	0	0	1	0	0	0	0	0
C	Marios	18	141	1	1	1_____	13745	6	0	0	0	0	0	0	0	0	1	0
C	Marios	18	141	1	1	1_____	13749	6	0	0	0	0	1	0	0	0	0	0
C	Marios	18	141	1	1	1_____	13750	6	10	0	0	0	0	0	0	0	0	0
C	Marios	18	141	1	1	1_____	13762	10	0	0	0	0	0	0	0	0	1	0
C	Marios	18	141	1	1	1_____	13763	10	0	0	0	0	1	0	0	0	0	0
C	Marios	18	141	1	1	1_____	13766	10	0	0	0	0	1	0	0	0	1	0
C	Marios	18	141	1	1	1_____	13774	10	0	0	0	0	0	0	0	0	1	0
C	Marios	18	141	1	1	1_____	13778	10	0	0	0	0	1	0	0	0	0	0
C	Marios	18	141	1	1	1_____	13935	10	0	0	0	0	0	0	0	0	1	0
C	Marios	18	141	1	1	1_____	14007	10	0	0	0	0	1	0	0	0	0	0
C	Marios	18	141	1	1	1_____	14066	10	0	0	0	0	0	0	0	0	1	0
C	Marios	18	141	1	1	1_____	14250	10	1	0	0	0	0	0	0	0	0	0
C	Marios	18	141	1	1	1_____	16383	1	0	0	0	0	1	0	0	0	0	0
C	Marios	18	141	1	1	1_____	16415	1	0	0	0	0	0	0	0	0	1	0
C	Marios	18	141	1	1	1_____	18245	1	0	0	0	0	1	0	0	0	0	0
C	Marios	18	141	1	1	1_____	18288	1	0	0	0	0	0	0	0	0	1	0
C	Marios	18	141	1	1	1_____	19326	1	0	0	0	0	1	0	0	0	0	0
C	Marios	18	141	1	1	1_____	19365	1	0	0	0	0	0	0	0	0	1	0
C	Marios	18	141	1	1	1_____	20250	1	2	0	0	0	0	0	0	0	0	0
C	Marios	18	141	1	1	1_____	20750	2	12	0	0	0	0	0	0	0	0	0
C	Marios	18	141	1	1	1_____	21001	12	0	0	0	0	1	0	0	0	0	0
C	Marios	18	141	1	1	1_____	21028	12	0	0	0	0	0	0	0	0	1	0
C	Marios	18	141	1	1	1_____	21061	12	0	0	0	0	1	0	0	0	0	0
C	Marios	18	141	1	1	1_____	21143	12	0	0	0	0	0	0	0	0	1	0
C	Marios	18	141	1	1	1_____	21250	12	15	0	0	0	0	0	0	0	0	0
C	Marios	18	141	1	1	1_____	21750	15	1	0	0	0	0	0	0	0	0	0
C	Marios	18	141	1	1	1_____	25939	1	0	0	0	0	1	0	0	0	0	0
C	Marios	18	141	1	1	1_____	25941	1	0	0	0	0	0	0	0	0	1	0
C	Marios	18	141	1	1	1_____	25945	1	0	0	0	0	1	0	0	0	0	0
C	Marios	18	141	1	1	1_____	25958	1	0	0	0	0	0	0	0	0	1	0
C	Marios	18	141	1	1	1_____	25965	1	0	0	0	0	1	0	0	0	0	0
C	Marios	18	141	1	1	1_____	25968	1	0	0	0	0	0	0	0	0	1	0
C	Marios	18	141	1	1	1_____	26008	1	0	0	0	0	1	0	0	0	0	0
C	Marios	18	141	1	1	1_____	26010	1	0	0	0	0	0	0	0	0	1	0
C	Marios	18	141	1	1	1_____	27250	1	2	0	0	0	0	0	0	0	0	0
C	Marios	18	141	1	1	1_____	27750	2	12	0	0	0	0	0	0	0	0	0
C	Marios	18	141	1	1	1_____	27840	12	0	0	0	0	1	0	0	0	0	0
C	Marios	18	141	1	1	1_____	27855	12	0	0	0	0	0	0	0	0	1	0
C	Marios	18	141	1	1	1_____	28250	12	15	0	0	0	0	0	0	0	0	0
C	Marios	18	141	1	1	1_____	28750	15	1	0	0	0	0	0	0	0	0	0
C	Marios	18	141	1	1	1_____	29646	1	0	0	0	0	1	0	0	0	0	0
C	Marios	18	141	1	1	1_____	29710	1	0	0	0	0	0	0	0	0	1	0
C	Marios	18	141	1	1	1_____	31395	1	0	0	0	0	1	0	0	0	0	0
C	Marios	18	141	1	1	1_____	31452	1	0	0	0	0	0	0	0	0	1	0
C	Marios	18	141	1	1	1_____	31640	1	0	0	0	0	1	0	0	0	0	0
C	Marios	18	141	1	1	1_____	31657	1	0	0	0	0	0	0	0	0	1	0
C	Marios	18	141	1	1	1_____	31663	1	0	0	0	0	1	0	0	0	0	0
C	Marios	18	141	1	1	1_____	31742	1	0	0	0	0	0	0	0	0	1	0
C	Marios	18	141	1	1	1_____	31750	1	0	0	0	0	1	0	0	0	0	0
C	Marios	18	141	1	1	1_____	32021	1	0	0	0	0	0	0	0	0	1	0
C	Marios	18	141	1	1	1_____	35500	1	2	0	0	0	0	0	0	0	0	0
C	Marios	18	141	1	1	1_____	36000	2	13	0	0	0	0	0	0	0	0	0
C	Marios	18	141	1	1	1_____	36173	13	0	0	0	0	1	0	0	0	0	0
C	Marios	18	141	1	1	1_____	36178	13	0	0	0	0	0	0	0	0	1	0
C	Marios	18	141	1	1	1_____	36500	13	15	0	0	0	0	0	0	0	0	0
C	Marios	18	141	1	1	1_____	37000	15	1	0	0	0	0	0	0	0	0	0
C	Marios	18	141	1	1	1_____	37043	1	0	0	0	0	1	0	0	0	0	0
C	Marios	18	141	1	1	1_____	37056	1	0	0	0	0	0	0	0	0	1	0
C	Marios	18	141	1	1	1_____	39250	1	2	0	0	0	0	0	0	0	0	0
C	Marios	18	141	1	1	1_____	39750	2	13	0	0	0	0	0	0	0	0	0
C	Marios	18	141	1	1	1_____	40250	13	15	0	0	0	0	0	0	0	0	0
C	Marios	18	141	1	1	1_____	40750	15	1	0	0	0	0	0	0	0	0	0
C	Marios	18	141	1	1	1_____	42892	1	0	0	0	0	1	0	0	0	0	0
C	Marios	18	141	1	1	1_____	42942	1	0	0	0	0	0	0	0	0	1	0
C	Marios	18	141	1	1	1_____	43657	1	0	0	0	0	1	0	0	0	0	0
C	Marios	18	141	1	1	1_____	43714	1	0	0	0	0	0	0	0	0	1	0
C	Marios	18	141	1	1	1_____	43822	1	0	0	0	0	1	0	0	0	0	0
C	Marios	18	141	1	1	1_____	43823	1	0	0	0	0	0	0	0	0	1	0
C	Marios	18	141	1	1	1_____	46000	1	2	0	0	0	0	0	0	0	0	0
C	Marios	18	141	1	1	1_____	46380	2	0	0	0	0	1	0	0	0	0	0
C	Marios	18	141	1	1	1_____	46404	2	0	0	0	0	0	0	0	0	1	0
C	Marios	18	141	1	1	1_____	46500	2	7	0	0	0	0	0	0	0	0	0
C	Marios	18	141	1	1	1_____	46521	7	0	0	0	0	1	0	0	0	0	0
C	Marios	18	141	1	1	1_____	46527	7	0	0	0	0	0	0	0	0	1	0
C	Marios	18	141	1	1	1_____	46882	7	0	0	0	0	1	0	0	0	0	0
C	Marios	18	141	1	1	1_____	46949	7	0	0	0	0	0	0	0	0	1	0
C	Marios	18	141	1	1	1_____	46952	7	0	0	0	0	1	0	0	0	0	0
C	Marios	18	141	1	1	1_____	46974	7	0	0	0	0	0	0	0	0	1	0
C	Marios	18	141	1	1	1_____	46979	7	0	0	0	0	1	0	0	0	0	0
C	Marios	18	141	1	1	1_____	46985	7	0	0	0	0	0	0	0	0	1	0
C	Marios	18	141	1	1	1_____	46989	7	0	0	0	0	1	0	0	0	0	0
C	Marios	18	141	1	1	1_____	46991	7	0	0	0	0	0	0	0	0	1	0
C	Marios	18	141	1	1	1_____	46994	7	0	0	0	0	1	0	0	0	0	0
C	Marios	18	141	1	1	1_____	47000	7	11	0	0	0	0	0	0	0	0	0
C	Marios	18	141	1	1	1_____	47022	11	0	0	0	0	0	0	0	0	1	0
C	Marios	18	141	1	1	1_____	47030	11	0	0	0	0	1	0	0	0	0	0
C	Marios	18	141	1	1	1_____	47153	11	0	0	0	0	0	0	0	0	1	0
C	Marios	18	141	1	1	1_____	47393	11	0	0	0	0	1	0	0	0	0	0
C	Marios	18	141	1	1	1_____	47395	11	0	0	0	0	0	0	0	0	1	0
C	Marios	18	141	1	1	1_____	47398	11	0	0	0	0	1	0	0	0	0	0
C	Marios	18	141	1	1	1_____	47478	11	0	0	0	0	0	0	0	0	1	0
C	Marios	18	141	1	1	1_____	47483	11	0	0	0	0	1	0	0	0	0	0
C	Marios	18	141	1	1	1_____	47500	11	1	0	0	0	0	0	0	0	0	0
C	Marios	18	141	1	1	1_____	47502	1	0	0	0	0	0	0	0	0	1	0
C	Marios	18	141	1	1	1_____	47509	1	0	0	0	0	1	0	0	0	0	0
C	Marios	18	141	1	1	1_____	47530	1	0	0	0	0	0	0	0	0	1	0
C	Marios	18	141	1	1	1_____	47629	1	0	0	0	0	1	0	0	0	0	0
C	Marios	18	141	1	1	1_____	47644	1	0	0	0	0	0	0	0	0	1	0
C	Marios	18	141	1	1	1_____	47652	1	0	0	0	0	1	0	0	0	0	0
C	Marios	18	141	1	1	1_____	47654	1	0	0	0	0	0	0	0	0	1	0
C	Marios	18	141	1	1	1_____	47656	1	0	0	0	0	1	0	0	0	0	0
C	Marios	18	141	1	1	1_____	47665	1	0	0	0	0	0	0	0	0	1	0
C	Marios	18	141	1	1	1_____	47691	1	0	0	0	0	1	0	0	0	0	0
C	Marios	18	141	1	1	1_____	47696	1	0	0	0	0	0	0	0	0	1	0
C	Marios	18	141	1	1	1_____	47697	1	0	0	0	0	1	0	0	0	0	0
C	Marios	18	141	1	1	1_____	47710	1	0	0	0	0	0	0	0	0	1	0
C	Marios	18	141	1	1	1_____	47722	1	0	0	0	0	1	0	0	0	0	0
C	Marios	18	141	1	1	1_____	47728	1	0	0	0	0	0	0	0	0	1	0
C	Marios	18	141	1	1	1_____	47732	1	0	0	0	0	1	0	0	0	0	0
C	Marios	18	141	1	1	1_____	47770	1	0	0	0	0	0	0	0	0	1	0
C	Marios	18	141	1	1	1_____	51653	1	0	0	0	0	1	0	0	0	0	0
C	Marios	18	141	1	1	1_____	51689	1	0	0	0	0	0	0	0	0	1	0
C	Marios	18	141	1	1	1_____	52000	1	2	0	0	0	0	0	0	0	0	0
C	Marios	18	141	1	1	1_____	52500	2	6	0	0	0	0	0	0	0	0	0
C	Marios	18	141	1	1	1_____	52559	6	0	0	0	0	1	0	0	0	0	0
C	Marios	18	141	1	1	1_____	52645	6	0	0	0	0	0	0	0	0	1	0
C	Marios	18	141	1	1	1_____	52757	6	0	0	0	0	1	0	0	0	0	0
C	Marios	18	141	1	1	1_____	52792	6	0	0	0	0	0	0	0	0	1	0
C	Marios	18	141	1	1	1_____	52793	6	0	0	0	0	1	0	0	0	0	0
C	Marios	18	141	1	1	1_____	52803	6	0	0	0	0	0	0	0	0	1	0
C	Marios	18	141	1	1	1_____	52805	6	0	0	0	0	1	0	0	0	0	0
C	Marios	18	141	1	1	1_____	52850	6	0	0	0	0	0	0	0	0	1	0
C	Marios	18	141	1	1	1_____	52853	6	0	0	0	0	1	0	0	0	0	0
C	Marios	18	141	1	1	1_____	52914	6	0	0	0	0	0	0	0	0	1	0
C	Marios	18	141	1	1	1_____	52928	6	0	0	0	0	1	0	0	0	0	0
C	Marios	18	141	1	1	1_____	52929	6	0	0	0	0	0	0	0	0	1	0
C	Marios	18	141	1	1	1_____	52933	6	0	0	0	0	1	0	0	0	0	0
C	Marios	18	141	1	1	1_____	52964	6	0	0	0	0	0	0	0	0	1	0
C	Marios	18	141	1	1	1_____	52969	6	0	0	0	0	1	0	0	0	0	0
C	Marios	18	141	1	1	1_____	52977	6	0	0	0	0	0	0	0	0	1	0
C	Marios	18	141	1	1	1_____	53000	6	10	0	0	0	0	0	0	0	0	0
C	Marios	18	141	1	1	1_____	53010	10	0	0	0	0	1	0	0	0	0	0
C	Marios	18	141	1	1	1_____	53189	10	0	0	0	0	0	0	0	0	1	0
C	Marios	18	141	1	1	1_____	53224	10	0	0	0	0	1	0	0	0	0	0
C	Marios	18	141	1	1	1_____	53306	10	0	0	0	0	0	0	0	0	1	0
C	Marios	18	141	1	1	1_____	53500	10	1	0	0	0	0	0	0	0	0	0
C	Marios	18	141	1	1	1_____	56500	1	2	0	0	0	0	0	0	0	0	0
C	Marios	18	141	1	1	1_____	57000	2	12	0	0	0	0	0	0	0	0	0
C	Marios	18	141	1	1	1_____	57500	12	15	0	0	0	0	0	0	0	0	0
C	Marios	18	141	1	1	1_____	58000	15	1	0	0	0	0	0	0	0	0	0
C	Marios	18	141	1	1	1_____	61500	1	2	0	0	0	0	0	0	0	0	0
C	Marios	18	141	1	1	1_____	62000	2	13	0	0	0	0	0	0	0	0	0
C	Marios	18	141	1	1	1_____	62500	13	15	0	0	0	0	0	0	0	0	0
C	Marios	18	141	1	1	1_____	62804	15	0	0	0	0	1	0	0	0	0	0
C	Marios	18	141	1	1	1_____	62883	15	0	0	0	0	0	0	0	0	1	0
C	Marios	18	141	1	1	1_____	62912	15	0	0	0	0	1	0	0	0	0	0
C	Marios	18	141	1	1	1_____	62987	15	0	0	0	0	0	0	0	0	1	0
C	Marios	18	141	1	1	1_____	63000	15	1	0	0	0	0	0	0	0	0	0
C	Marios	18	141	1	1	1_____	63077	1	0	0	0	0	1	0	0	0	0	0
C	Marios	18	141	1	1	1_____	63147	1	0	0	0	0	0	0	0	0	1	0
C	Marios	18	141	1	1	1_____	63153	1	0	0	0	0	1	0	0	0	0	0
C	Marios	18	141	1	1	1_____	63244	1	0	0	0	0	0	0	0	0	1	0
C	Marios	18	141	1	1	1_____	63250	1	0	0	0	0	1	0	0	0	0	0
C	Marios	18	141	1	1	1_____	63278	1	0	0	0	0	0	0	0	0	1	0
C	Marios	18	141	1	1	1_____	63279	1	0	0	0	0	1	0	0	0	0	0
C	Marios	18	141	1	1	1_____	63281	1	0	0	0	0	0	0	0	0	1	0
C	Marios	18	141	1	1	1_____	63283	1	0	0	0	0	1	0	0	0	0	0
C	Marios	18	141	1	1	1_____	63368	1	0	0	0	0	0	0	0	0	1	0
C	Marios	18	141	1	1	1_____	63919	1	0	0	0	0	1	0	0	0	0	0
C	Marios	18	141	1	1	1_____	63929	1	0	0	0	0	0	0	0	0	1	0
C	Marios	18	141	1	1	1_____	70500	1	2	0	0	0	0	0	0	0	0	0
C	Marios	18	141	1	1	1_____	71000	2	12	0	0	0	0	0	0	0	0	0
C	Marios	18	141	1	1	1_____	71500	12	15	0	0	0	0	0	0	0	0	0
C	Marios	18	141	1	1	1_____	72000	15	1	0	0	0	0	0	0	0	0	0
C	Marios	18	141	1	1	1_____	72517	1	0	0	0	0	1	0	0	0	0	0
C	Marios	18	141	1	1	1_____	72584	1	0	0	0	0	0	0	0	0	1	0
C	Marios	18	141	1	1	1_____	72922	1	0	0	0	0	1	0	0	0	0	0
C	Marios	18	141	1	1	1_____	72931	1	0	0	0	0	0	0	0	0	1	0
C	Marios	18	141	1	1	1_____	73691	1	0	0	0	0	1	0	0	0	0	0
C	Marios	18	141	1	1	1_____	73747	1	0	0	0	0	0	0	0	0	1	0
C	Marios	18	141	1	1	1_____	74850	1	0	0	0	0	1	0	0	0	0	0
C	Marios	18	141	1	1	1_____	74990	1	0	0	0	0	0	0	0	0	1	0
C	Marios	18	141	1	1	1_____	76336	1	0	0	0	0	1	0	0	0	0	0
C	Marios	18	141	1	1	1_____	76493	1	0	0	0	0	0	0	0	0	1	0
C	Marios	18	141	1	1	1_____	76498	1	0	0	0	0	1	0	0	0	0	0
C	Marios	18	141	1	1	1_____	76530	1	0	0	0	0	0	0	0	0	1	0
C	Marios	18	141	1	1	1_____	76559	1	0	0	0	0	1	0	0	0	0	0
C	Marios	18	141	1	1	1_____	76574	1	0	0	0	0	0	0	0	0	1	0
C	Marios	18	141	1	1	1_____	76575	1	0	0	0	0	1	0	0	0	0	0
C	Marios	18	141	1	1	1_____	76611	1	0	0	0	0	0	0	0	0	1	0
C	Marios	18	141	1	1	1_____	76835	1	0	0	0	0	1	0	0	0	0	0
C	Marios	18	141	1	1	1_____	76854	1	0	0	0	0	0	0	0	0	1	0
C	Marios	18	141	1	1	1_____	76858	1	0	0	0	0	1	0	0	0	0	0
C	Marios	18	141	1	1	1_____	76965	1	0	0	0	0	0	0	0	0	1	0
C	Marios	18	141	1	1	1_____	77128	1	0	0	0	0	1	0	0	0	0	0
C	Marios	18	141	1	1	1_____	77176	1	0	0	0	0	0	0	0	0	1	0
C	Marios	18	141	1	1	1_____	77178	1	0	0	0	0	1	0	0	0	0	0
C	Marios	18	141	1	1	1_____	77269	1	0	0	0	0	0	0	0	0	1	0
C	Marios	18	141	1	1	1_____	78000	1	2	0	0	0	0	0	0	0	0	0
C	Marios	18	141	1	1	1_____	78500	2	7	0	0	0	0	0	0	0	0	0
C	Marios	18	141	1	1	1_____	78540	7	0	0	0	0	1	0	0	0	0	0
C	Marios	18	141	1	1	1_____	78565	7	0	0	0	0	0	0	0	0	1	0
C	Marios	18	141	1	1	1_____	78577	7	0	0	0	0	1	0	0	0	0	0
C	Marios	18	141	1	1	1_____	78581	7	0	0	0	0	0	0	0	0	1	0
C	Marios	18	141	1	1	1_____	78593	7	0	0	0	0	1	0	0	0	0	0
C	Marios	18	141	1	1	1_____	78629	7	0	0	0	0	0	0	0	0	1	0
C	Marios	18	141	1	1	1_____	78635	7	0	0	0	0	1	0	0	0	0	0
C	Marios	18	141	1	1	1_____	78714	7	0	0	0	0	0	0	0	0	1	0
C	Marios	18	141	1	1	1_____	78715	7	0	0	0	0	1	0	0	0	0	0
C	Marios	18	141	1	1	1_____	78721	7	0	0	0	0	0	0	0	0	1	0
C	Marios	18	141	1	1	1_____	78725	7	0	0	0	0	1	0	0	0	0	0
C	Marios	18	141	1	1	1_____	78769	7	0	0	0	0	0	0	0	0	1	0
C	Marios	18	141	1	1	1_____	78870	7	0	0	0	0	1	0	0	0	0	0
C	Marios	18	141	1	1	1_____	78903	7	0	0	0	0	0	0	0	0	1	0
C	Marios	18	141	1	1	1_____	78907	7	0	0	0	0	1	0	0	0	0	0
C	Marios	18	141	1	1	1_____	79000	7	11	0	0	0	0	0	0	0	0	0
C	Marios	18	141	1	1	1_____	79155	11	0	0	0	0	0	0	0	0	1	0
C	Marios	18	141	1	1	1_____	79500	11	1	0	0	0	0	0	0	0	0	0
C	Marios	18	141	1	1	1_____	84000	1	2	0	0	0	0	0	0	0	0	0
C	Marios	18	141	1	1	1_____	84500	2	13	0	0	0	0	0	0	0	0	0
C	Marios	18	141	1	1	1_____	85000	13	15	0	0	0	0	0	0	0	0	0
C	Marios	18	141	1	1	1_____	85500	15	1	0	0	0	0	0	0	0	0	0
C	Marios	18	141	1	1	1_____	88500	1	2	0	0	0	0	0	0	0	0	0
C	Marios	18	141	1	1	1_____	89000	2	6	0	0	0	0	0	0	0	0	0
C	Marios	18	141	1	1	1_____	89038	6	0	0	0	0	1	0	0	0	0	0
C	Marios	18	141	1	1	1_____	89132	6	0	0	0	0	0	0	0	0	1	0
C	Marios	18	141	1	1	1_____	89165	6	0	0	0	0	1	0	0	0	0	0
C	Marios	18	141	1	1	1_____	89215	6	0	0	0	0	0	0	0	0	1	0
C	Marios	18	141	1	1	1_____	89221	6	0	0	0	0	1	0	0	0	0	0
C	Marios	18	141	1	1	1_____	89227	6	0	0	0	0	1	0	0	0	1	0
C	Marios	18	141	1	1	1_____	89232	6	0	0	0	0	0	0	0	0	1	0
C	Marios	18	141	1	1	1_____	89239	6	0	0	0	0	1	0	0	0	0	0
C	Marios	18	141	1	1	1_____	89243	6	0	0	0	0	0	0	0	0	1	0
C	Marios	18	141	1	1	1_____	89247	6	0	0	0	0	1	0	0	0	0	0
C	Marios	18	141	1	1	1_____	89253	6	0	0	0	0	0	0	0	0	1	0
C	Marios	18	141	1	1	1_____	89260	6	0	0	0	0	1	0	0	0	0	0
C	Marios	18	141	1	1	1_____	89301	6	0	0	0	0	0	0	0	0	1	0
C	Marios	18	141	1	1	1_____	89307	6	0	0	0	0	1	0	0	0	0	0
C	Marios	18	141	1	1	1_____	89348	6	0	0	0	0	0	0	0	0	1	0
C	Marios	18	141	1	1	1_____	89363	6	0	0	0	0	1	0	0	0	0	0
C	Marios	18	141	1	1	1_____	89377	6	0	0	0	0	1	0	0	0	1	0
C	Marios	18	141	1	1	1_____	89411	6	0	0	0	0	0	0	0	0	1	0
C	Marios	18	141	1	1	1_____	89422	6	0	0	0	0	1	0	0	0	0	0
C	Marios	18	141	1	1	1_____	89429	6	0	0	0	0	0	0	0	0	1	0
C	Marios	18	141	1	1	1_____	89447	6	0	0	0	0	1	0	0	0	0	0
C	Marios	18	141	1	1	1_____	89466	6	0	0	0	0	0	0	0	0	1	0
C	Marios	18	141	1	1	1_____	89470	6	0	0	0	0	1	0	0	0	0	0
C	Marios	18	141	1	1	1_____	89477	6	0	0	0	0	0	0	0	0	1	0
C	Marios	18	141	1	1	1_____	89479	6	0	0	0	0	1	0	0	0	0	0
C	Marios	18	141	1	1	1_____	89481	6	0	0	0	0	0	0	0	0	1	0
C	Marios	18	141	1	1	1_____	89486	6	0	0	0	0	1	0	0	0	0	0
C	Marios	18	141	1	1	1_____	89500	6	10	0	0	0	0	0	0	0	0	0
C	Marios	18	141	1	1	1_____	89872	10	0	0	0	0	0	0	0	0	1	0
C	Marios	18	141	1	1	1_____	90000	10	1	0	0	0	0	0	0	0	0	0
C	Marios	18	141	1	1	1_____	91004	1	0	0	0	0	1	0	0	0	0	0
C	Marios	18	141	1	1	1_____	91006	1	0	0	0	0	0	0	0	0	1	0
C	Marios	18	141	1	1	1_____	91008	1	0	0	0	0	1	0	0	0	0	0
C	Marios	18	141	1	1	1_____	91161	1	0	0	0	0	0	0	0	0	1	0
C	Marios	18	141	1	1	1_____	91165	1	0	0	0	0	1	0	0	0	0	0
C	Marios	18	141	1	1	1_____	91168	1	0	0	0	0	0	0	0	0	1	0
C	Marios	18	141	1	1	1_____	91179	1	0	0	0	0	1	0	0	0	0	0
C	Marios	18	141	1	1	1_____	91199	1	0	0	0	0	0	0	0	0	1	0
C	Marios	18	141	1	1	1_____	91202	1	0	0	0	0	1	0	0	0	0	0
C	Marios	18	141	1	1	1_____	91281	1	0	0	0	0	0	0	0	0	1	0
C	Marios	18	141	1	1	1_____	91331	1	0	0	0	0	1	0	0	0	0	0
C	Marios	18	141	1	1	1_____	91378	1	0	0	0	0	0	0	0	0	1	0
C	Marios	18	141	1	1	1_____	92889	1	0	0	0	0	1	0	0	0	0	0
C	Marios	18	141	1	1	1_____	92922	1	0	0	0	0	0	0	0	0	1	0
C	Marios	18	141	1	1	1_____	93776	1	0	0	0	0	1	0	0	0	0	0
C	Marios	18	141	1	1	1_____	93997	1	0	0	0	0	0	0	0	0	1	0
C	Marios	18	141	1	1	1_____	93999	1	0	0	0	0	1	0	0	0	0	0
C	Marios	18	141	1	1	1_____	94001	1	0	0	0	0	0	0	0	0	1	0
C	Marios	18	141	1	1	1_____	94007	1	0	0	0	0	1	0	0	0	0	0
C	Marios	18	141	1	1	1_____	94009	1	0	0	0	0	0	0	0	0	1	0
C	Marios	18	141	1	1	1_____	94020	1	0	0	0	0	1	0	0	0	0	0
C	Marios	18	141	1	1	1_____	94055	1	0	0	0	0	0	0	0	0	1	0
C	Marios	18	141	1	1	1_____	94075	1	0	0	0	0	1	0	0	0	0	0
C	Marios	18	141	1	1	1_____	94080	1	0	0	0	0	0	0	0	0	1	0
C	Marios	18	141	1	1	1_____	94085	1	0	0	0	0	1	0	0	0	0	0
C	Marios	18	141	1	1	1_____	94087	1	0	0	0	0	0	0	0	0	1	0
C	Marios	18	141	1	1	1_____	95500	1	2	0	0	0	0	0	0	0	0	0
C	Marios	18	141	1	1	1_____	96000	2	12	0	0	0	0	0	0	0	0	0
C	Marios	18	141	1	1	1_____	96500	12	15	0	0	0	0	0	0	0	0	0
C	Marios	18	141	1	1	1_____	96522	15	0	0	0	0	1	0	0	0	0	0
C	Marios	18	141	1	1	1_____	96525	15	0	0	0	0	0	0	0	0	1	0
C	Marios	18	141	1	1	1_____	97000	15	1	0	0	0	0	0	0	0	0	0
C	Marios	18	141	1	1	1_____	100713	1	0	0	0	0	1	0	0	0	0	0
C	Marios	18	141	1	1	1_____	100753	1	0	0	0	0	0	0	0	0	1	0
C	Marios	18	141	1	1	1_____	102250	1	2	0	0	0	0	0	0	0	0	0
C	Marios	18	141	1	1	1_____	102750	2	13	0	0	0	0	0	0	0	0	0
C	Marios	18	141	1	1	1_____	103250	13	15	0	0	0	0	0	0	0	0	0
C	Marios	18	141	1	1	1_____	103750	15	1	0	0	0	0	0	0	0	0	0
C	Marios	18	141	1	1	1_____	105913	1	0	0	0	0	1	0	0	0	0	0
C	Marios	18	141	1	1	1_____	105957	1	0	0	0	0	0	0	0	0	1	0
C	Marios	18	141	1	1	1_____	106000	1	2	0	0	0	0	0	0	0	0	0
C	Marios	18	141	1	1	1_____	106500	2	12	0	0	0	0	0	0	0	0	0
C	Marios	18	141	1	1	1_____	106828	12	0	0	0	0	1	0	0	0	0	0
C	Marios	18	141	1	1	1_____	106846	12	0	0	0	0	0	0	0	0	1	0
C	Marios	18	141	1	1	1_____	106856	12	0	0	0	0	1	0	0	0	0	0
C	Marios	18	141	1	1	1_____	106999	12	0	0	0	0	0	0	0	0	1	0
C	Marios	18	141	1	1	1_____	107000	12	15	0	0	0	0	0	0	0	0	0
C	Marios	18	141	1	1	1_____	107031	15	0	0	0	0	1	0	0	0	0	0
C	Marios	18	141	1	1	1_____	107064	15	0	0	0	0	0	0	0	0	1	0
C	Marios	18	141	1	1	1_____	107070	15	0	0	0	0	1	0	0	0	0	0
C	Marios	18	141	1	1	1_____	107074	15	0	0	0	0	0	0	0	0	1	0
C	Marios	18	141	1	1	1_____	107081	15	0	0	0	0	1	0	0	0	0	0
C	Marios	18	141	1	1	1_____	107105	15	0	0	0	0	0	0	0	0	1	0
C	Marios	18	141	1	1	1_____	107112	15	0	0	0	0	1	0	0	0	0	0
C	Marios	18	141	1	1	1_____	107122	15	0	0	0	0	1	0	0	0	1	0
C	Marios	18	141	1	1	1_____	107133	15	0	0	0	0	1	0	0	0	1	0
C	Marios	18	141	1	1	1_____	107136	15	0	0	0	0	0	0	0	0	1	0
C	Marios	18	141	1	1	1_____	107140	15	0	0	0	0	1	0	0	0	0	0
C	Marios	18	141	1	1	1_____	107192	15	0	0	0	0	0	0	0	0	1	0
C	Marios	18	141	1	1	1_____	107499	15	0	0	0	0	1	0	0	0	0	0
C	Marios	18	141	1	1	1_____	107500	15	1	0	0	0	0	0	0	0	0	0
C	Marios	18	141	1	1	1_____	107685	1	0	0	0	0	0	0	0	0	1	0
C	Marios	18	141	1	1	1_____	112000	1	2	0	0	0	0	0	0	0	0	0
C	Marios	18	141	1	1	1_____	112500	2	7	0	0	0	0	0	0	0	0	0
C	Marios	18	141	1	1	1_____	112547	7	0	0	0	0	1	0	0	0	0	0
C	Marios	18	141	1	1	1_____	112549	7	0	0	0	0	0	0	0	0	1	0
C	Marios	18	141	1	1	1_____	112569	7	0	0	0	0	1	0	0	0	0	0
C	Marios	18	141	1	1	1_____	112598	7	0	0	0	0	0	0	0	0	1	0
C	Marios	18	141	1	1	1_____	112654	7	0	0	0	0	1	0	0	0	0	0
C	Marios	18	141	1	1	1_____	112809	7	0	0	0	0	0	0	0	0	1	0
C	Marios	18	141	1	1	1_____	112819	7	0	0	0	0	1	0	0	0	0	0
C	Marios	18	141	1	1	1_____	112860	7	0	0	0	0	1	0	0	0	1	0
C	Marios	18	141	1	1	1_____	112894	7	0	0	0	0	0	0	0	0	1	0
C	Marios	18	141	1	1	1_____	112900	7	0	0	0	0	1	0	0	0	0	0
C	Marios	18	141	1	1	1_____	113000	7	11	0	0	0	0	0	0	0	0	0
C	Marios	18	141	1	1	1_____	113028	11	0	0	0	0	1	0	0	0	1	0
C	Marios	18	141	1	1	1_____	113141	11	0	0	0	0	0	0	0	0	1	0
C	Marios	18	141	1	1	1_____	113500	11	1	0	0	0	0	0	0	0	0	0
C	Marios	18	141	1	1	1_____	113672	1	0	0	0	0	1	0	0	0	0	0
C	Marios	18	141	1	1	1_____	113692	1	0	0	0	0	0	0	0	0	1	0
C	Marios	18	141	1	1	1_____	113693	1	0	0	0	0	1	0	0	0	0	0
C	Marios	18	141	1	1	1_____	113695	1	0	0	0	0	0	0	0	0	1	0
C	Marios	18	141	1	1	1_____	113698	1	0	0	0	0	1	0	0	0	0	0
C	Marios	18	141	1	1	1_____	113721	1	0	0	0	0	0	0	0	0	1	0
C	Marios	18	141	1	1	1_____	115000	1	2	0	0	0	0	0	0	0	0	0
C	Marios	18	141	1	1	1_____	115500	2	13	0	0	0	0	0	0	0	0	0
C	Marios	18	141	1	1	1_____	116000	13	15	0	0	0	0	0	0	0	0	0
C	Marios	18	141	1	1	1_____	116500	15	1	0	0	0	0	0	0	0	0	0
C	Marios	18	141	1	1	1_____	118075	1	0	0	0	0	1	0	0	0	0	0
C	Marios	18	141	1	1	1_____	118414	1	0	0	0	0	0	0	0	0	1	0
C	Marios	18	141	1	1	1_____	120000	1	2	0	0	0	0	0	0	0	0	0
C	Marios	18	141	1	1	1_____	120283	2	0	0	0	0	1	0	0	0	0	0
C	Marios	18	141	1	1	1_____	120500	2	6	0	0	0	0	0	0	0	0	0
C	Marios	18	141	1	1	1_____	120555	6	0	0	0	0	0	0	0	0	1	0
C	Marios	18	141	1	1	1_____	120637	6	0	0	0	0	1	0	0	0	0	0
C	Marios	18	141	1	1	1_____	120717	6	0	0	0	0	0	0	0	0	1	0
C	Marios	18	141	1	1	1_____	120723	6	0	0	0	0	1	0	0	0	0	0
C	Marios	18	141	1	1	1_____	120737	6	0	0	0	0	0	0	0	0	1	0
C	Marios	18	141	1	1	1_____	120739	6	0	0	0	0	1	0	0	0	0	0
C	Marios	18	141	1	1	1_____	120781	6	0	0	0	0	0	0	0	0	1	0
C	Marios	18	141	1	1	1_____	120813	6	0	0	0	0	1	0	0	0	0	0
C	Marios	18	141	1	1	1_____	120852	6	0	0	0	0	0	0	0	0	1	0
C	Marios	18	141	1	1	1_____	120853	6	0	0	0	0	1	0	0	0	0	0
C	Marios	18	141	1	1	1_____	120895	6	0	0	0	0	0	0	0	0	1	0
C	Marios	18	141	1	1	1_____	120901	6	0	0	0	0	1	0	0	0	0	0
C	Marios	18	141	1	1	1_____	120995	6	0	0	0	0	0	0	0	0	1	0
C	Marios	18	141	1	1	1_____	121000	6	10	0	0	0	0	0	0	0	0	0
C	Marios	18	141	1	1	1_____	121015	10	0	0	0	0	1	0	0	0	0	0
C	Marios	18	141	1	1	1_____	121199	10	0	0	0	0	1	0	0	0	1	0
C	Marios	18	141	1	1	1_____	121208	10	0	0	0	0	0	0	0	0	1	0
C	Marios	18	141	1	1	1_____	121500	10	1	0	0	0	0	0	0	0	0	0
C	Marios	18	141	1	1	1_____	125250	1	2	0	0	0	0	0	0	0	0	0
C	Marios	18	141	1	1	1_____	125750	2	12	0	0	0	0	0	0	0	0	0
C	Marios	18	141	1	1	1_____	126250	12	15	0	0	0	0	0	0	0	0	0
C	Marios	18	141	1	1	1_____	126750	15	1	0	0	0	0	0	0	0	0	0
C	Marios	18	141	1	1	1_____	127663	1	0	0	0	0	1	0	0	0	0	0
C	Marios	18	141	1	1	1_____	127693	1	0	0	0	0	0	0	0	0	1	0
C	Marios	18	141	1	1	1_____	131793	1	0	0	0	0	1	0	0	0	0	0
C	Marios	18	141	1	1	1_____	131814	1	0	0	0	0	0	0	0	0	1	0
C	Marios	18	141	1	1	1_____	133500	1	2	0	0	0	0	0	0	0	0	0
C	Marios	18	141	1	1	1_____	134000	2	12	0	0	0	0	0	0	0	0	0
C	Marios	18	141	1	1	1_____	134387	12	0	0	0	0	1	0	0	0	0	0
C	Marios	18	141	1	1	1_____	134455	12	0	0	0	0	0	0	0	0	1	0
C	Marios	18	141	1	1	1_____	134500	12	15	0	0	0	0	0	0	0	0	0
C	Marios	18	141	1	1	1_____	135000	15	1	0	0	0	0	0	0	0	0	0
C	Marios	18	141	1	1	1_____	136300	1	0	0	0	0	1	0	0	0	0	0
C	Marios	18	141	1	1	1_____	136302	1	0	0	0	0	0	0	0	0	1	0
C	Marios	18	141	1	1	1_____	136422	1	0	0	0	0	1	0	0	0	0	0
C	Marios	18	141	1	1	1_____	136426	1	0	0	0	0	0	0	0	0	1	0
C	Marios	18	141	1	1	1_____	136946	1	0	0	0	0	1	0	0	0	0	0
C	Marios	18	141	1	1	1_____	137004	1	0	0	0	0	0	0	0	0	1	0
C	Marios	18	141	1	1	1_____	137689	1	0	0	0	0	1	0	0	0	0	0
C	Marios	18	141	1	1	1_____	137718	1	0	0	0	0	0	0	0	0	1	0
C	Marios	18	141	1	1	1_____	137727	1	0	0	0	0	1	0	0	0	0	0
C	Marios	18	141	1	1	1_____	137839	1	0	0	0	0	0	0	0	0	1	0
C	Marios	18	141	1	1	1_____	137857	1	0	0	0	0	1	0	0	0	0	0
C	Marios	18	141	1	1	1_____	137972	1	0	0	0	0	0	0	0	0	1	0
C	Marios	18	141	1	1	1_____	138470	1	0	0	0	0	1	0	0	0	0	0
C	Marios	18	141	1	1	1_____	138603	1	0	0	0	0	0	0	0	0	1	0
C	Marios	18	141	1	1	1_____	139746	1	0	0	0	0	1	0	0	0	0	0
C	Marios	18	141	1	1	1_____	139753	1	0	0	0	0	0	0	0	0	1	0
C	Marios	18	141	1	1	1_____	142500	1	2	0	0	0	0	0	0	0	0	0
C	Marios	18	141	1	1	1_____	143000	2	13	0	0	0	0	0	0	0	0	0
C	Marios	18	141	1	1	1_____	143500	13	15	0	0	0	0	0	0	0	0	0
C	Marios	18	141	1	1	1_____	144000	15	14	0	0	0	0	0	0	0	0	0
C	Marios	18	141	1	1	1_____	146911	14	0	0	0	0	1	0	0	0	0	0
C	Marios	18	141	1	1	1_____	147000	14	-1	0	0	0	0	0	0	0	0	0
C	Marios	18	141	5	1	26____	0	0	1	0	0	0	0	0	0	0	0	0
C	Marios	18	141	5	1	26____	682	1	0	0	0	0	1	0	0	0	0	0
C	Marios	18	141	5	1	26____	684	1	0	0	0	0	0	0	0	0	1	0
C	Marios	18	141	5	1	26____	3000	1	2	0	0	0	0	0	0	0	0	0
C	Marios	18	141	5	1	26____	3500	2	13	0	0	0	0	0	0	0	0	0
C	Marios	18	141	5	1	26____	4000	13	15	0	0	0	0	0	0	0	0	0
C	Marios	18	141	5	1	26____	4500	15	1	0	0	0	0	0	0	0	0	0
C	Marios	18	141	5	1	26____	5717	1	0	0	0	0	1	0	0	0	0	0
C	Marios	18	141	5	1	26____	5840	1	0	0	0	0	0	0	0	0	1	0
C	Marios	18	141	5	1	26____	6857	1	0	0	0	0	1	0	0	0	0	0
C	Marios	18	141	5	1	26____	6901	1	0	0	0	0	0	0	0	0	1	0
C	Marios	18	141	5	1	26____	6915	1	0	0	0	0	1	0	0	0	0	0
C	Marios	18	141	5	1	26____	6920	1	0	0	0	0	0	0	0	0	1	0
C	Marios	18	141	5	1	26____	8775	1	0	0	0	0	1	0	0	0	0	0
C	Marios	18	141	5	1	26____	8791	1	0	0	0	0	0	0	0	0	1	0
C	Marios	18	141	5	1	26____	9750	1	2	0	0	0	0	0	0	0	0	0
C	Marios	18	141	5	1	26____	9925	2	0	0	0	0	1	0	0	0	0	0
C	Marios	18	141	5	1	26____	9974	2	0	0	0	0	0	0	0	0	1	0
C	Marios	18	141	5	1	26____	10250	2	12	0	0	0	0	0	0	0	0	0
C	Marios	18	141	5	1	26____	10750	12	15	0	0	0	0	0	0	0	0	0
C	Marios	18	141	5	1	26____	11250	15	1	0	0	0	0	0	0	0	0	0
C	Marios	18	141	5	1	26____	11284	1	0	0	0	0	1	0	0	0	0	0
C	Marios	18	141	5	1	26____	11288	1	0	0	0	0	0	0	0	0	1	0
C	Marios	18	141	5	1	26____	12989	1	0	0	0	0	1	0	0	0	0	0
C	Marios	18	141	5	1	26____	13012	1	0	0	0	0	0	0	0	0	1	0
C	Marios	18	141	5	1	26____	14750	1	2	0	0	0	0	0	0	0	0	0
C	Marios	18	141	5	1	26____	15239	2	0	0	0	0	1	0	0	0	0	0
C	Marios	18	141	5	1	26____	15247	2	0	0	0	0	0	0	0	0	1	0
C	Marios	18	141	5	1	26____	15248	2	0	0	0	0	1	0	0	0	0	0
C	Marios	18	141	5	1	26____	15250	2	12	0	0	0	0	0	0	0	0	0
C	Marios	18	141	5	1	26____	15255	12	0	0	0	0	0	0	0	0	1	0
C	Marios	18	141	5	1	26____	15280	12	0	0	0	0	1	0	0	0	0	0
C	Marios	18	141	5	1	26____	15331	12	0	0	0	0	0	0	0	0	1	0
C	Marios	18	141	5	1	26____	15750	12	15	0	0	0	0	0	0	0	0	0
C	Marios	18	141	5	1	26____	16250	15	1	0	0	0	0	0	0	0	0	0
C	Marios	18	141	5	1	26____	16650	1	0	0	0	0	1	0	0	0	0	0
C	Marios	18	141	5	1	26____	16654	1	0	0	0	0	0	0	0	0	1	0
C	Marios	18	141	5	1	26____	16655	1	0	0	0	0	1	0	0	0	0	0
C	Marios	18	141	5	1	26____	16672	1	0	0	0	0	0	0	0	0	1	0
C	Marios	18	141	5	1	26____	17750	1	2	0	0	0	0	0	0	0	0	0
C	Marios	18	141	5	1	26____	17819	2	0	0	0	0	1	0	0	0	0	0
C	Marios	18	141	5	1	26____	18250	2	13	0	0	0	0	0	0	0	0	0
C	Marios	18	141	5	1	26____	18257	13	0	0	0	0	0	0	0	0	1	0
C	Marios	18	141	5	1	26____	18287	13	0	0	0	0	1	0	0	0	0	0
C	Marios	18	141	5	1	26____	18437	13	0	0	0	0	0	0	0	0	1	0
C	Marios	18	141	5	1	26____	18523	13	0	0	0	0	1	0	0	0	0	0
C	Marios	18	141	5	1	26____	18750	13	15	0	0	0	0	0	0	0	0	0
C	Marios	18	141	5	1	26____	18816	15	0	0	0	0	0	0	0	0	1	0
C	Marios	18	141	5	1	26____	18924	15	0	0	0	0	1	0	0	0	0	0
C	Marios	18	141	5	1	26____	19039	15	0	0	0	0	0	0	0	0	1	0
C	Marios	18	141	5	1	26____	19250	15	1	0	0	0	0	0	0	0	0	0
C	Marios	18	141	5	1	26____	19585	1	0	0	0	0	1	0	0	0	0	0
C	Marios	18	141	5	1	26____	19603	1	0	0	0	0	0	0	0	0	1	0
C	Marios	18	141	5	1	26____	20349	1	0	0	0	0	1	0	0	0	0	0
C	Marios	18	141	5	1	26____	20352	1	0	0	0	0	0	0	0	0	1	0
C	Marios	18	141	5	1	26____	20378	1	0	0	0	0	1	0	0	0	0	0
C	Marios	18	141	5	1	26____	21219	1	0	0	0	0	0	0	0	0	1	0
C	Marios	18	141	5	1	26____	21221	1	0	0	0	0	1	0	0	0	0	0
C	Marios	18	141	5	1	26____	21244	1	0	0	0	0	0	0	0	0	1	0
C	Marios	18	141	5	1	26____	21500	1	2	0	0	0	0	0	0	0	0	0
C	Marios	18	141	5	1	26____	21881	2	0	0	0	0	1	0	0	0	0	0
C	Marios	18	141	5	1	26____	21923	2	0	0	0	0	0	0	0	0	1	0
C	Marios	18	141	5	1	26____	21926	2	0	0	0	0	1	0	0	0	0	0
C	Marios	18	141	5	1	26____	22000	2	6	0	0	0	0	0	0	0	0	0
C	Marios	18	141	5	1	26____	22008	6	0	0	0	0	0	0	0	0	1	0
C	Marios	18	141	5	1	26____	22028	6	0	0	0	0	1	0	0	0	0	0
C	Marios	18	141	5	1	26____	22062	6	0	0	0	0	0	0	0	0	1	0
C	Marios	18	141	5	1	26____	22063	6	0	0	0	0	1	0	0	0	0	0
C	Marios	18	141	5	1	26____	22067	6	0	0	0	0	0	0	0	0	1	0
C	Marios	18	141	5	1	26____	22073	6	0	0	0	0	1	0	0	0	0	0
C	Marios	18	141	5	1	26____	22094	6	0	0	0	0	0	0	0	0	1	0
C	Marios	18	141	5	1	26____	22136	6	0	0	0	0	1	0	0	0	0	0
C	Marios	18	141	5	1	26____	22203	6	0	0	0	0	0	0	0	0	1	0
C	Marios	18	141	5	1	26____	22327	6	0	0	0	0	1	0	0	0	0	0
C	Marios	18	141	5	1	26____	22357	6	0	0	0	0	0	0	0	0	1	0
C	Marios	18	141	5	1	26____	22440	6	0	0	0	0	1	0	0	0	0	0
C	Marios	18	141	5	1	26____	22474	6	0	0	0	0	0	0	0	0	1	0
C	Marios	18	141	5	1	26____	22500	6	10	0	0	0	0	0	0	0	0	0
C	Marios	18	141	5	1	26____	22560	10	0	0	0	0	1	0	0	0	0	0
C	Marios	18	141	5	1	26____	22857	10	0	0	0	0	0	0	0	0	1	0
C	Marios	18	141	5	1	26____	22947	10	0	0	0	0	1	0	0	0	0	0
C	Marios	18	141	5	1	26____	23000	10	1	0	0	0	0	0	0	0	0	0
C	Marios	18	141	5	1	26____	23021	1	0	0	0	0	0	0	0	0	1	0
C	Marios	18	141	5	1	26____	23024	1	0	0	0	0	1	0	0	0	0	0
C	Marios	18	141	5	1	26____	23026	1	0	0	0	0	0	0	0	0	1	0
C	Marios	18	141	5	1	26____	23029	1	0	0	0	0	1	0	0	0	0	0
C	Marios	18	141	5	1	26____	23076	1	0	0	0	0	0	0	0	0	1	0
C	Marios	18	141	5	1	26____	23154	1	0	0	0	0	1	0	0	0	0	0
C	Marios	18	141	5	1	26____	23441	1	0	0	0	0	0	0	0	0	1	0
C	Marios	18	141	5	1	26____	23489	1	0	0	0	0	1	0	0	0	0	0
C	Marios	18	141	5	1	26____	23501	1	0	0	0	0	0	0	0	0	1	0
C	Marios	18	141	5	1	26____	23544	1	0	0	0	0	1	0	0	0	0	0
C	Marios	18	141	5	1	26____	23776	1	0	0	0	0	0	0	0	0	1	0
C	Marios	18	141	5	1	26____	23783	1	0	0	0	0	1	0	0	0	0	0
C	Marios	18	141	5	1	26____	23791	1	0	0	0	0	0	0	0	0	1	0
C	Marios	18	141	5	1	26____	24075	1	0	0	0	0	1	0	0	0	0	0
C	Marios	18	141	5	1	26____	24103	1	0	0	0	0	0	0	0	0	1	0
C	Marios	18	141	5	1	26____	24104	1	0	0	0	0	1	0	0	0	0	0
C	Marios	18	141	5	1	26____	24572	1	0	0	0	0	0	0	0	0	1	0
C	Marios	18	141	5	1	26____	24699	1	0	0	0	0	1	0	0	0	0	0
C	Marios	18	141	5	1	26____	24702	1	0	0	0	0	0	0	0	0	1	0
C	Marios	18	141	5	1	26____	25019	1	0	0	0	0	1	0	0	0	0	0
C	Marios	18	141	5	1	26____	25025	1	0	0	0	0	0	0	0	0	1	0
C	Marios	18	141	5	1	26____	25668	1	0	0	0	0	1	0	0	0	0	0
C	Marios	18	141	5	1	26____	25687	1	0	0	0	0	0	0	0	0	1	0
C	Marios	18	141	5	1	26____	26760	1	0	0	0	0	1	0	0	0	0	0
C	Marios	18	141	5	1	26____	26770	1	0	0	0	0	0	0	0	0	1	0
C	Marios	18	141	5	1	26____	26792	1	0	0	0	0	1	0	0	0	0	0
C	Marios	18	141	5	1	26____	26794	1	0	0	0	0	0	0	0	0	1	0
C	Marios	18	141	5	1	26____	26830	1	0	0	0	0	1	0	0	0	0	0
C	Marios	18	141	5	1	26____	27224	1	0	0	0	0	0	0	0	0	1	0
C	Marios	18	141	5	1	26____	27500	1	2	0	0	0	0	0	0	0	0	0
C	Marios	18	141	5	1	26____	28000	2	7	0	0	0	0	0	0	0	0	0
C	Marios	18	141	5	1	26____	28261	7	0	0	0	0	1	0	0	0	0	0
C	Marios	18	141	5	1	26____	28272	7	0	0	0	0	0	0	0	0	1	0
C	Marios	18	141	5	1	26____	28349	7	0	0	0	0	1	0	0	0	0	0
C	Marios	18	141	5	1	26____	28371	7	0	0	0	0	0	0	0	0	1	0
C	Marios	18	141	5	1	26____	28400	7	0	0	0	0	1	0	0	0	0	0
C	Marios	18	141	5	1	26____	28483	7	0	0	0	0	0	0	0	0	1	0
C	Marios	18	141	5	1	26____	28500	7	11	0	0	0	0	0	0	0	0	0
C	Marios	18	141	5	1	26____	28532	11	0	0	0	0	1	0	0	0	0	0
C	Marios	18	141	5	1	26____	28643	11	0	0	0	0	0	0	0	0	1	0
C	Marios	18	141	5	1	26____	28653	11	0	0	0	0	1	0	0	0	0	0
C	Marios	18	141	5	1	26____	28662	11	0	0	0	0	0	0	0	0	1	0
C	Marios	18	141	5	1	26____	28677	11	0	0	0	0	1	0	0	0	0	0
C	Marios	18	141	5	1	26____	28683	11	0	0	0	0	0	0	0	0	1	0
C	Marios	18	141	5	1	26____	28690	11	0	0	0	0	1	0	0	0	0	0
C	Marios	18	141	5	1	26____	28694	11	0	0	0	0	0	0	0	0	1	0
C	Marios	18	141	5	1	26____	28724	11	0	0	0	0	1	0	0	0	0	0
C	Marios	18	141	5	1	26____	28727	11	0	0	0	0	0	0	0	0	1	0
C	Marios	18	141	5	1	26____	28728	11	0	0	0	0	1	0	0	0	0	0
C	Marios	18	141	5	1	26____	28734	11	0	0	0	0	0	0	0	0	1	0
C	Marios	18	141	5	1	26____	28749	11	0	0	0	0	1	0	0	0	0	0
C	Marios	18	141	5	1	26____	28759	11	0	0	0	0	0	0	0	0	1	0
C	Marios	18	141	5	1	26____	28789	11	0	0	0	0	1	0	0	0	0	0
C	Marios	18	141	5	1	26____	28797	11	0	0	0	0	0	0	0	0	1	0
C	Marios	18	141	5	1	26____	28799	11	0	0	0	0	1	0	0	0	0	0
C	Marios	18	141	5	1	26____	28806	11	0	0	0	0	0	0	0	0	1	0
C	Marios	18	141	5	1	26____	29000	11	1	0	0	0	0	0	0	0	0	0
C	Marios	18	141	5	1	26____	29099	1	0	0	0	0	1	0	0	0	0	0
C	Marios	18	141	5	1	26____	29217	1	0	0	0	0	0	0	0	0	1	0
C	Marios	18	141	5	1	26____	32231	1	0	0	0	0	1	0	0	0	0	0
C	Marios	18	141	5	1	26____	32268	1	0	0	0	0	0	0	0	0	1	0
C	Marios	18	141	5	1	26____	32302	1	0	0	0	0	1	0	0	0	0	0
C	Marios	18	141	5	1	26____	32308	1	0	0	0	0	0	0	0	0	1	0
C	Marios	18	141	5	1	26____	33435	1	0	0	0	0	1	0	0	0	0	0
C	Marios	18	141	5	1	26____	33449	1	0	0	0	0	0	0	0	0	1	0
C	Marios	18	141	5	1	26____	33500	1	2	0	0	0	0	0	0	0	0	0
C	Marios	18	141	5	1	26____	33727	2	0	0	0	0	1	0	0	0	0	0
C	Marios	18	141	5	1	26____	33764	2	0	0	0	0	0	0	0	0	1	0
C	Marios	18	141	5	1	26____	33798	2	0	0	0	0	1	0	0	0	0	0
C	Marios	18	141	5	1	26____	33918	2	0	0	0	0	0	0	0	0	1	0
C	Marios	18	141	5	1	26____	33971	2	0	0	0	0	1	0	0	0	0	0
C	Marios	18	141	5	1	26____	34000	2	6	0	0	0	0	0	0	0	0	0
C	Marios	18	141	5	1	26____	34040	6	0	0	0	0	0	0	0	0	1	0
C	Marios	18	141	5	1	26____	34140	6	0	0	0	0	1	0	0	0	0	0
C	Marios	18	141	5	1	26____	34159	6	0	0	0	0	0	0	0	0	1	0
C	Marios	18	141	5	1	26____	34212	6	0	0	0	0	1	0	0	0	0	0
C	Marios	18	141	5	1	26____	34239	6	0	0	0	0	0	0	0	0	1	0
C	Marios	18	141	5	1	26____	34322	6	0	0	0	0	1	0	0	0	0	0
C	Marios	18	141	5	1	26____	34376	6	0	0	0	0	0	0	0	0	1	0
C	Marios	18	141	5	1	26____	34456	6	0	0	0	0	1	0	0	0	0	0
C	Marios	18	141	5	1	26____	34469	6	0	0	0	0	0	0	0	0	1	0
C	Marios	18	141	5	1	26____	34478	6	0	0	0	0	1	0	0	0	0	0
C	Marios	18	141	5	1	26____	34500	6	10	0	0	0	0	0	0	0	0	0
C	Marios	18	141	5	1	26____	34681	10	0	0	0	0	0	0	0	0	1	0
C	Marios	18	141	5	1	26____	34693	10	0	0	0	0	1	0	0	0	0	0
C	Marios	18	141	5	1	26____	34831	10	0	0	0	0	1	0	0	0	1	0
C	Marios	18	141	5	1	26____	34835	10	0	0	0	0	0	0	0	0	1	0
C	Marios	18	141	5	1	26____	34914	10	0	0	0	0	1	0	0	0	0	0
C	Marios	18	141	5	1	26____	35000	10	1	0	0	0	0	0	0	0	0	0
C	Marios	18	141	5	1	26____	35167	1	0	0	0	0	0	0	0	0	1	0
C	Marios	18	141	5	1	26____	37346	1	0	0	0	0	1	0	0	0	0	0
C	Marios	18	141	5	1	26____	37394	1	0	0	0	0	0	0	0	0	1	0
C	Marios	18	141	5	1	26____	37447	1	0	0	0	0	1	0	0	0	0	0
C	Marios	18	141	5	1	26____	37558	1	0	0	0	0	0	0	0	0	1	0
C	Marios	18	141	5	1	26____	37661	1	0	0	0	0	1	0	0	0	0	0
C	Marios	18	141	5	1	26____	37962	1	0	0	0	0	0	0	0	0	1	0
C	Marios	18	141	5	1	26____	38171	1	0	0	0	0	1	0	0	0	0	0
C	Marios	18	141	5	1	26____	38212	1	0	0	0	0	0	0	0	0	1	0
C	Marios	18	141	5	1	26____	38226	1	0	0	0	0	1	0	0	0	0	0
C	Marios	18	141	5	1	26____	38228	1	0	0	0	0	0	0	0	0	1	0
C	Marios	18	141	5	1	26____	38231	1	0	0	0	0	1	0	0	0	0	0
C	Marios	18	141	5	1	26____	38236	1	0	0	0	0	0	0	0	0	1	0
C	Marios	18	141	5	1	26____	38239	1	0	0	0	0	1	0	0	0	0	0
C	Marios	18	141	5	1	26____	38448	1	0	0	0	0	0	0	0	0	1	0
C	Marios	18	141	5	1	26____	38537	1	0	0	0	0	1	0	0	0	0	0
C	Marios	18	141	5	1	26____	38594	1	0	0	0	0	0	0	0	0	1	0
C	Marios	18	141	5	1	26____	39188	1	0	0	0	0	1	0	0	0	0	0
C	Marios	18	141	5	1	26____	39216	1	0	0	0	0	0	0	0	0	1	0
C	Marios	18	141	5	1	26____	39294	1	0	0	0	0	1	0	0	0	0	0
C	Marios	18	141	5	1	26____	39523	1	0	0	0	0	0	0	0	0	1	0
C	Marios	18	141	5	1	26____	39620	1	0	0	0	0	1	0	0	0	0	0
C	Marios	18	141	5	1	26____	39656	1	0	0	0	0	0	0	0	0	1	0
C	Marios	18	141	5	1	26____	42094	1	0	0	0	0	1	0	0	0	0	0
C	Marios	18	141	5	1	26____	42130	1	0	0	0	0	0	0	0	0	1	0
C	Marios	18	141	5	1	26____	42173	1	0	0	0	0	1	0	0	0	0	0
C	Marios	18	141	5	1	26____	42291	1	0	0	0	0	0	0	0	0	1	0
C	Marios	18	141	5	1	26____	42500	1	2	0	0	0	0	0	0	0	0	0
C	Marios	18	141	5	1	26____	43000	2	12	0	0	0	0	0	0	0	0	0
C	Marios	18	141	5	1	26____	43308	12	0	0	0	0	1	0	0	0	0	0
C	Marios	18	141	5	1	26____	43388	12	0	0	0	0	0	0	0	0	1	0
C	Marios	18	141	5	1	26____	43442	12	0	0	0	0	1	0	0	0	0	0
C	Marios	18	141	5	1	26____	43500	12	15	0	0	0	0	0	0	0	0	0
C	Marios	18	141	5	1	26____	43553	15	0	0	0	0	0	0	0	0	1	0
C	Marios	18	141	5	1	26____	43599	15	0	0	0	0	1	0	0	0	0	0
C	Marios	18	141	5	1	26____	43655	15	0	0	0	0	0	0	0	0	1	0
C	Marios	18	141	5	1	26____	44000	15	1	0	0	0	0	0	0	0	0	0
C	Marios	18	141	5	1	26____	44954	1	0	0	0	0	1	0	0	0	0	0
C	Marios	18	141	5	1	26____	45022	1	0	0	0	0	0	0	0	0	1	0
C	Marios	18	141	5	1	26____	45054	1	0	0	0	0	1	0	0	0	0	0
C	Marios	18	141	5	1	26____	45111	1	0	0	0	0	0	0	0	0	1	0
C	Marios	18	141	5	1	26____	45134	1	0	0	0	0	1	0	0	0	0	0
C	Marios	18	141	5	1	26____	45136	1	0	0	0	0	0	0	0	0	1	0
C	Marios	18	141	5	1	26____	45177	1	0	0	0	0	1	0	0	0	0	0
C	Marios	18	141	5	1	26____	45215	1	0	0	0	0	0	0	0	0	1	0
C	Marios	18	141	5	1	26____	45246	1	0	0	0	0	1	0	0	0	0	0
C	Marios	18	141	5	1	26____	45290	1	0	0	0	0	0	0	0	0	1	0
C	Marios	18	141	5	1	26____	45324	1	0	0	0	0	1	0	0	0	0	0
C	Marios	18	141	5	1	26____	45361	1	0	0	0	0	0	0	0	0	1	0
C	Marios	18	141	5	1	26____	45435	1	0	0	0	0	1	0	0	0	0	0
C	Marios	18	141	5	1	26____	45473	1	0	0	0	0	0	0	0	0	1	0
C	Marios	18	141	5	1	26____	45517	1	0	0	0	0	1	0	0	0	0	0
C	Marios	18	141	5	1	26____	45694	1	0	0	0	0	0	0	0	0	1	0
C	Marios	18	141	5	1	26____	46117	1	0	0	0	0	1	0	0	0	0	0
C	Marios	18	141	5	1	26____	46173	1	0	0	0	0	0	0	0	0	1	0
C	Marios	18	141	5	1	26____	46277	1	0	0	0	0	1	0	0	0	0	0
C	Marios	18	141	5	1	26____	46370	1	0	0	0	0	0	0	0	0	1	0
C	Marios	18	141	5	1	26____	46459	1	0	0	0	0	1	0	0	0	0	0
C	Marios	18	141	5	1	26____	46644	1	0	0	0	0	0	0	0	0	1	0
C	Marios	18	141	5	1	26____	46897	1	0	0	0	0	1	0	0	0	0	0
C	Marios	18	141	5	1	26____	46915	1	0	0	0	0	0	0	0	0	1	0
C	Marios	18	141	5	1	26____	47685	1	0	0	0	0	1	0	0	0	0	0
C	Marios	18	141	5	1	26____	47695	1	0	0	0	0	0	0	0	0	1	0
C	Marios	18	141	5	1	26____	48550	1	0	0	0	0	1	0	0	0	0	0
C	Marios	18	141	5	1	26____	48645	1	0	0	0	0	0	0	0	0	1	0
C	Marios	18	141	5	1	26____	48679	1	0	0	0	0	1	0	0	0	0	0
C	Marios	18	141	5	1	26____	48839	1	0	0	0	0	0	0	0	0	1	0
C	Marios	18	141	5	1	26____	48944	1	0	0	0	0	1	0	0	0	0	0
C	Marios	18	141	5	1	26____	49066	1	0	0	0	0	0	0	0	0	1	0
C	Marios	18	141	5	1	26____	49565	1	0	0	0	0	1	0	0	0	0	0
C	Marios	18	141	5	1	26____	49576	1	0	0	0	0	0	0	0	0	1	0
C	Marios	18	141	5	1	26____	49625	1	0	0	0	0	1	0	0	0	0	0
C	Marios	18	141	5	1	26____	49669	1	0	0	0	0	0	0	0	0	1	0
C	Marios	18	141	5	1	26____	49782	1	0	0	0	0	1	0	0	0	0	0
C	Marios	18	141	5	1	26____	49820	1	0	0	0	0	0	0	0	0	1	0
C	Marios	18	141	5	1	26____	50184	1	0	0	0	0	1	0	0	0	0	0
C	Marios	18	141	5	1	26____	50191	1	0	0	0	0	0	0	0	0	1	0
C	Marios	18	141	5	1	26____	50750	1	2	0	0	0	0	0	0	0	0	0
C	Marios	18	141	5	1	26____	51046	2	0	0	0	0	1	0	0	0	0	0
C	Marios	18	141	5	1	26____	51053	2	0	0	0	0	0	0	0	0	1	0
C	Marios	18	141	5	1	26____	51068	2	0	0	0	0	1	0	0	0	0	0
C	Marios	18	141	5	1	26____	51083	2	0	0	0	0	0	0	0	0	1	0
C	Marios	18	141	5	1	26____	51250	2	13	0	0	0	0	0	0	0	0	0
C	Marios	18	141	5	1	26____	51394	13	0	0	0	0	1	0	0	0	0	0
C	Marios	18	141	5	1	26____	51399	13	0	0	0	0	0	0	0	0	1	0
C	Marios	18	141	5	1	26____	51750	13	15	0	0	0	0	0	0	0	0	0
C	Marios	18	141	5	1	26____	52250	15	1	0	0	0	0	0	0	0	0	0
C	Marios	18	141	5	1	26____	54382	1	0	0	0	0	1	0	0	0	0	0
C	Marios	18	141	5	1	26____	54406	1	0	0	0	0	0	0	0	0	1	0
C	Marios	18	141	5	1	26____	55769	1	0	0	0	0	1	0	0	0	0	0
C	Marios	18	141	5	1	26____	55810	1	0	0	0	0	0	0	0	0	1	0
C	Marios	18	141	5	1	26____	55860	1	0	0	0	0	1	0	0	0	0	0
C	Marios	18	141	5	1	26____	55936	1	0	0	0	0	0	0	0	0	1	0
C	Marios	18	141	5	1	26____	56720	1	0	0	0	0	1	0	0	0	0	0
C	Marios	18	141	5	1	26____	56832	1	0	0	0	0	0	0	0	0	1	0
C	Marios	18	141	5	1	26____	56862	1	0	0	0	0	1	0	0	0	0	0
C	Marios	18	141	5	1	26____	57007	1	0	0	0	0	0	0	0	0	1	0
C	Marios	18	141	5	1	26____	57085	1	0	0	0	0	1	0	0	0	0	0
C	Marios	18	141	5	1	26____	57381	1	0	0	0	0	0	0	0	0	1	0
C	Marios	18	141	5	1	26____	57406	1	0	0	0	0	1	0	0	0	0	0
C	Marios	18	141	5	1	26____	57412	1	0	0	0	0	0	0	0	0	1	0
C	Marios	18	141	5	1	26____	57570	1	0	0	0	0	1	0	0	0	0	0
C	Marios	18	141	5	1	26____	57613	1	0	0	0	0	0	0	0	0	1	0
C	Marios	18	141	5	1	26____	58250	1	2	0	0	0	0	0	0	0	0	0
C	Marios	18	141	5	1	26____	58612	2	0	0	0	0	1	0	0	0	0	0
C	Marios	18	141	5	1	26____	58630	2	0	0	0	0	0	0	0	0	1	0
C	Marios	18	141	5	1	26____	58750	2	7	0	0	0	0	0	0	0	0	0
C	Marios	18	141	5	1	26____	58777	7	0	0	0	0	1	0	0	0	0	0
C	Marios	18	141	5	1	26____	58820	7	0	0	0	0	0	0	0	0	1	0
C	Marios	18	141	5	1	26____	58850	7	0	0	0	0	1	0	0	0	0	0
C	Marios	18	141	5	1	26____	58988	7	0	0	0	0	0	0	0	0	1	0
C	Marios	18	141	5	1	26____	59048	7	0	0	0	0	1	0	0	0	0	0
C	Marios	18	141	5	1	26____	59146	7	0	0	0	0	0	0	0	0	1	0
C	Marios	18	141	5	1	26____	59214	7	0	0	0	0	1	0	0	0	0	0
C	Marios	18	141	5	1	26____	59250	7	11	0	0	0	0	0	0	0	0	0
C	Marios	18	141	5	1	26____	59750	11	1	0	0	0	0	0	0	0	0	0
C	Marios	18	141	5	1	26____	59911	1	0	0	0	0	0	0	0	0	1	0
C	Marios	18	141	5	1	26____	59927	1	0	0	0	0	1	0	0	0	0	0
C	Marios	18	141	5	1	26____	59929	1	0	0	0	0	0	0	0	0	1	0
C	Marios	18	141	5	1	26____	59937	1	0	0	0	0	1	0	0	0	0	0
C	Marios	18	141	5	1	26____	59938	1	0	0	0	0	0	0	0	0	1	0
C	Marios	18	141	5	1	26____	59942	1	0	0	0	0	1	0	0	0	0	0
C	Marios	18	141	5	1	26____	59944	1	0	0	0	0	0	0	0	0	1	0
C	Marios	18	141	5	1	26____	59946	1	0	0	0	0	1	0	0	0	0	0
C	Marios	18	141	5	1	26____	59948	1	0	0	0	0	0	0	0	0	1	0
C	Marios	18	141	5	1	26____	59963	1	0	0	0	0	1	0	0	0	0	0
C	Marios	18	141	5	1	26____	60033	1	0	0	0	0	0	0	0	0	1	0
C	Marios	18	141	5	1	26____	60034	1	0	0	0	0	1	0	0	0	0	0
C	Marios	18	141	5	1	26____	60036	1	0	0	0	0	0	0	0	0	1	0
C	Marios	18	141	5	1	26____	60045	1	0	0	0	0	1	0	0	0	0	0
C	Marios	18	141	5	1	26____	60048	1	0	0	0	0	0	0	0	0	1	0
C	Marios	18	141	5	1	26____	60072	1	0	0	0	0	1	0	0	0	0	0
C	Marios	18	141	5	1	26____	60085	1	0	0	0	0	0	0	0	0	1	0
C	Marios	18	141	5	1	26____	60139	1	0	0	0	0	1	0	0	0	0	0
C	Marios	18	141	5	1	26____	60245	1	0	0	0	0	0	0	0	0	1	0
C	Marios	18	141	5	1	26____	60256	1	0	0	0	0	1	0	0	0	0	0
C	Marios	18	141	5	1	26____	60289	1	0	0	0	0	0	0	0	0	1	0
C	Marios	18	141	5	1	26____	60574	1	0	0	0	0	1	0	0	0	0	0
C	Marios	18	141	5	1	26____	60621	1	0	0	0	0	0	0	0	0	1	0
C	Marios	18	141	5	1	26____	60688	1	0	0	0	0	1	0	0	0	0	0
C	Marios	18	141	5	1	26____	60744	1	0	0	0	0	0	0	0	0	1	0
C	Marios	18	141	5	1	26____	60772	1	0	0	0	0	1	0	0	0	0	0
C	Marios	18	141	5	1	26____	61221	1	0	0	0	0	0	0	0	0	1	0
C	Marios	18	141	5	1	26____	61225	1	0	0	0	0	1	0	0	0	0	0
C	Marios	18	141	5	1	26____	61226	1	0	0	0	0	0	0	0	0	1	0
C	Marios	18	141	5	1	26____	61231	1	0	0	0	0	1	0	0	0	0	0
C	Marios	18	141	5	1	26____	61341	1	0	0	0	0	0	0	0	0	1	0
C	Marios	18	141	5	1	26____	61416	1	0	0	0	0	1	0	0	0	0	0
C	Marios	18	141	5	1	26____	61724	1	0	0	0	0	0	0	0	0	1	0
C	Marios	18	141	5	1	26____	61988	1	0	0	0	0	1	0	0	0	0	0
C	Marios	18	141	5	1	26____	62102	1	0	0	0	0	0	0	0	0	1	0
C	Marios	18	141	5	1	26____	63500	1	2	0	0	0	0	0	0	0	0	0
C	Marios	18	141	5	1	26____	64000	2	13	0	0	0	0	0	0	0	0	0
C	Marios	18	141	5	1	26____	64500	13	15	0	0	0	0	0	0	0	0	0
C	Marios	18	141	5	1	26____	65000	15	1	0	0	0	0	0	0	0	0	0
C	Marios	18	141	5	1	26____	65498	1	0	0	0	0	1	0	0	0	0	0
C	Marios	18	141	5	1	26____	65555	1	0	0	0	0	0	0	0	0	1	0
C	Marios	18	141	5	1	26____	65625	1	0	0	0	0	1	0	0	0	0	0
C	Marios	18	141	5	1	26____	65652	1	0	0	0	0	0	0	0	0	1	0
C	Marios	18	141	5	1	26____	66700	1	0	0	0	0	1	0	0	0	0	0
C	Marios	18	141	5	1	26____	66814	1	0	0	0	0	0	0	0	0	1	0
C	Marios	18	141	5	1	26____	66848	1	0	0	0	0	1	0	0	0	0	0
C	Marios	18	141	5	1	26____	66998	1	0	0	0	0	0	0	0	0	1	0
C	Marios	18	141	5	1	26____	67002	1	0	0	0	0	1	0	0	0	0	0
C	Marios	18	141	5	1	26____	67028	1	0	0	0	0	0	0	0	0	1	0
C	Marios	18	141	5	1	26____	67048	1	0	0	0	0	1	0	0	0	0	0
C	Marios	18	141	5	1	26____	67098	1	0	0	0	0	0	0	0	0	1	0
C	Marios	18	141	5	1	26____	67131	1	0	0	0	0	1	0	0	0	0	0
C	Marios	18	141	5	1	26____	67178	1	0	0	0	0	0	0	0	0	1	0
C	Marios	18	141	5	1	26____	67911	1	0	0	0	0	1	0	0	0	0	0
C	Marios	18	141	5	1	26____	67914	1	0	0	0	0	0	0	0	0	1	0
C	Marios	18	141	5	1	26____	67920	1	0	0	0	0	1	0	0	0	0	0
C	Marios	18	141	5	1	26____	67930	1	0	0	0	0	0	0	0	0	1	0
C	Marios	18	141	5	1	26____	67939	1	0	0	0	0	1	0	0	0	0	0
C	Marios	18	141	5	1	26____	67960	1	0	0	0	0	0	0	0	0	1	0
C	Marios	18	141	5	1	26____	68100	1	0	0	0	0	1	0	0	0	0	0
C	Marios	18	141	5	1	26____	68119	1	0	0	0	0	0	0	0	0	1	0
C	Marios	18	141	5	1	26____	68157	1	0	0	0	0	1	0	0	0	0	0
C	Marios	18	141	5	1	26____	68187	1	0	0	0	0	0	0	0	0	1	0
C	Marios	18	141	5	1	26____	68258	1	0	0	0	0	1	0	0	0	0	0
C	Marios	18	141	5	1	26____	68280	1	0	0	0	0	0	0	0	0	1	0
C	Marios	18	141	5	1	26____	68317	1	0	0	0	0	1	0	0	0	0	0
C	Marios	18	141	5	1	26____	68370	1	0	0	0	0	0	0	0	0	1	0
C	Marios	18	141	5	1	26____	68442	1	0	0	0	0	1	0	0	0	0	0
C	Marios	18	141	5	1	26____	68578	1	0	0	0	0	0	0	0	0	1	0
C	Marios	18	141	5	1	26____	68588	1	0	0	0	0	1	0	0	0	0	0
C	Marios	18	141	5	1	26____	68762	1	0	0	0	0	0	0	0	0	1	0
C	Marios	18	141	5	1	26____	70500	1	2	0	0	0	0	0	0	0	0	0
C	Marios	18	141	5	1	26____	70607	2	0	0	0	0	1	0	0	0	0	0
C	Marios	18	141	5	1	26____	70648	2	0	0	0	0	0	0	0	0	1	0
C	Marios	18	141	5	1	26____	71000	2	12	0	0	0	0	0	0	0	0	0
C	Marios	18	141	5	1	26____	71500	12	15	0	0	0	0	0	0	0	0	0
C	Marios	18	141	5	1	26____	72000	15	1	0	0	0	0	0	0	0	0	0
C	Marios	18	141	5	1	26____	72699	1	0	0	0	0	1	0	0	0	0	0
C	Marios	18	141	5	1	26____	72701	1	0	0	0	0	0	0	0	0	1	0
C	Marios	18	141	5	1	26____	72707	1	0	0	0	0	1	0	0	0	0	0
C	Marios	18	141	5	1	26____	72713	1	0	0	0	0	0	0	0	0	1	0
C	Marios	18	141	5	1	26____	72981	1	0	0	0	0	1	0	0	0	0	0
C	Marios	18	141	5	1	26____	73034	1	0	0	0	0	0	0	0	0	1	0
C	Marios	18	141	5	1	26____	73089	1	0	0	0	0	1	0	0	0	0	0
C	Marios	18	141	5	1	26____	73119	1	0	0	0	0	0	0	0	0	1	0
C	Marios	18	141	5	1	26____	75612	1	0	0	0	0	1	0	0	0	0	0
C	Marios	18	141	5	1	26____	75623	1	0	0	0	0	0	0	0	0	1	0
C	Marios	18	141	5	1	26____	76500	1	2	0	0	0	0	0	0	0	0	0
C	Marios	18	141	5	1	26____	77000	2	12	0	0	0	0	0	0	0	0	0
C	Marios	18	141	5	1	26____	77500	12	15	0	0	0	0	0	0	0	0	0
C	Marios	18	141	5	1	26____	78000	15	1	0	0	0	0	0	0	0	0	0
C	Marios	18	141	5	1	26____	78811	1	0	0	0	0	1	0	0	0	0	0
C	Marios	18	141	5	1	26____	78843	1	0	0	0	0	0	0	0	0	1	0
C	Marios	18	141	5	1	26____	78990	1	0	0	0	0	1	0	0	0	0	0
C	Marios	18	141	5	1	26____	79032	1	0	0	0	0	0	0	0	0	1	0
C	Marios	18	141	5	1	26____	81797	1	0	0	0	0	1	0	0	0	0	0
C	Marios	18	141	5	1	26____	81862	1	0	0	0	0	0	0	0	0	1	0
C	Marios	18	141	5	1	26____	82516	1	0	0	0	0	1	0	0	0	0	0
C	Marios	18	141	5	1	26____	82522	1	0	0	0	0	0	0	0	0	1	0
C	Marios	18	141	5	1	26____	82602	1	0	0	0	0	1	0	0	0	0	0
C	Marios	18	141	5	1	26____	82625	1	0	0	0	0	0	0	0	0	1	0
C	Marios	18	141	5	1	26____	84000	1	2	0	0	0	0	0	0	0	0	0
C	Marios	18	141	5	1	26____	84500	2	12	0	0	0	0	0	0	0	0	0
C	Marios	18	141	5	1	26____	84541	12	0	0	0	0	1	0	0	0	0	0
C	Marios	18	141	5	1	26____	84619	12	0	0	0	0	0	0	0	0	1	0
C	Marios	18	141	5	1	26____	84698	12	0	0	0	0	1	0	0	0	0	0
C	Marios	18	141	5	1	26____	84851	12	0	0	0	0	0	0	0	0	1	0
C	Marios	18	141	5	1	26____	84993	12	0	0	0	0	1	0	0	0	0	0
C	Marios	18	141	5	1	26____	85000	12	15	0	0	0	0	0	0	0	0	0
C	Marios	18	141	5	1	26____	85232	15	0	0	0	0	0	0	0	0	1	0
C	Marios	18	141	5	1	26____	85500	15	1	0	0	0	0	0	0	0	0	0
C	Marios	18	141	5	1	26____	86914	1	0	0	0	0	1	0	0	0	0	0
C	Marios	18	141	5	1	26____	86932	1	0	0	0	0	0	0	0	0	1	0
C	Marios	18	141	5	1	26____	88500	1	2	0	0	0	0	0	0	0	0	0
C	Marios	18	141	5	1	26____	89000	2	13	0	0	0	0	0	0	0	0	0
C	Marios	18	141	5	1	26____	89082	13	0	0	0	0	1	0	0	0	0	0
C	Marios	18	141	5	1	26____	89094	13	0	0	0	0	0	0	0	0	1	0
C	Marios	18	141	5	1	26____	89500	13	15	0	0	0	0	0	0	0	0	0
C	Marios	18	141	5	1	26____	90000	15	1	0	0	0	0	0	0	0	0	0
C	Marios	18	141	5	1	26____	92578	1	0	0	0	0	1	0	0	0	0	0
C	Marios	18	141	5	1	26____	92602	1	0	0	0	0	0	0	0	0	1	0
C	Marios	18	141	5	1	26____	95250	1	2	0	0	0	0	0	0	0	0	0
C	Marios	18	141	5	1	26____	95750	2	13	0	0	0	0	0	0	0	0	0
C	Marios	18	141	5	1	26____	96096	13	0	0	0	0	1	0	0	0	0	0
C	Marios	18	141	5	1	26____	96119	13	0	0	0	0	0	0	0	0	1	0
C	Marios	18	141	5	1	26____	96186	13	0	0	0	0	1	0	0	0	0	0
C	Marios	18	141	5	1	26____	96250	13	15	0	0	0	0	0	0	0	0	0
C	Marios	18	141	5	1	26____	96279	15	0	0	0	0	0	0	0	0	1	0
C	Marios	18	141	5	1	26____	96411	15	0	0	0	0	1	0	0	0	0	0
C	Marios	18	141	5	1	26____	96457	15	0	0	0	0	0	0	0	0	1	0
C	Marios	18	141	5	1	26____	96750	15	1	0	0	0	0	0	0	0	0	0
C	Marios	18	141	5	1	26____	97579	1	0	0	0	0	1	0	0	0	0	0
C	Marios	18	141	5	1	26____	97592	1	0	0	0	0	0	0	0	0	1	0
C	Marios	18	141	5	1	26____	101250	1	2	0	0	0	0	0	0	0	0	0
C	Marios	18	141	5	1	26____	101750	2	6	0	0	0	0	0	0	0	0	0
C	Marios	18	141	5	1	26____	101903	6	0	0	0	0	1	0	0	0	0	0
C	Marios	18	141	5	1	26____	101945	6	0	0	0	0	0	0	0	0	1	0
C	Marios	18	141	5	1	26____	101964	6	0	0	0	0	1	0	0	0	0	0
C	Marios	18	141	5	1	26____	102019	6	0	0	0	0	0	0	0	0	1	0
C	Marios	18	141	5	1	26____	102058	6	0	0	0	0	1	0	0	0	0	0
C	Marios	18	141	5	1	26____	102106	6	0	0	0	0	0	0	0	0	1	0
C	Marios	18	141	5	1	26____	102164	6	0	0	0	0	1	0	0	0	0	0
C	Marios	18	141	5	1	26____	102247	6	0	0	0	0	0	0	0	0	1	0
C	Marios	18	141	5	1	26____	102250	6	10	0	0	0	0	0	0	0	0	0
C	Marios	18	141	5	1	26____	102280	10	0	0	0	0	1	0	0	0	0	0
C	Marios	18	141	5	1	26____	102525	10	0	0	0	0	1	0	0	0	1	0
C	Marios	18	141	5	1	26____	102530	10	0	0	0	0	0	0	0	0	1	0
C	Marios	18	141	5	1	26____	102750	10	1	0	0	0	0	0	0	0	0	0
C	Marios	18	141	5	1	26____	103198	1	0	0	0	0	1	0	0	0	0	0
C	Marios	18	141	5	1	26____	103213	1	0	0	0	0	0	0	0	0	1	0
C	Marios	18	141	5	1	26____	103321	1	0	0	0	0	1	0	0	0	0	0
C	Marios	18	141	5	1	26____	103376	1	0	0	0	0	0	0	0	0	1	0
C	Marios	18	141	5	1	26____	103433	1	0	0	0	0	1	0	0	0	0	0
C	Marios	18	141	5	1	26____	103594	1	0	0	0	0	0	0	0	0	1	0
C	Marios	18	141	5	1	26____	105806	1	0	0	0	0	1	0	0	0	0	0
C	Marios	18	141	5	1	26____	105903	1	0	0	0	0	0	0	0	0	1	0
C	Marios	18	141	5	1	26____	106250	1	2	0	0	0	0	0	0	0	0	0
C	Marios	18	141	5	1	26____	106750	2	7	0	0	0	0	0	0	0	0	0
C	Marios	18	141	5	1	26____	106852	7	0	0	0	0	1	0	0	0	0	0
C	Marios	18	141	5	1	26____	106877	7	0	0	0	0	0	0	0	0	1	0
C	Marios	18	141	5	1	26____	106892	7	0	0	0	0	1	0	0	0	0	0
C	Marios	18	141	5	1	26____	106946	7	0	0	0	0	0	0	0	0	1	0
C	Marios	18	141	5	1	26____	106970	7	0	0	0	0	1	0	0	0	0	0
C	Marios	18	141	5	1	26____	106982	7	0	0	0	0	0	0	0	0	1	0
C	Marios	18	141	5	1	26____	107012	7	0	0	0	0	1	0	0	0	0	0
C	Marios	18	141	5	1	26____	107153	7	0	0	0	0	0	0	0	0	1	0
C	Marios	18	141	5	1	26____	107191	7	0	0	0	0	1	0	0	0	0	0
C	Marios	18	141	5	1	26____	107250	7	11	0	0	0	0	0	0	0	0	0
C	Marios	18	141	5	1	26____	107535	11	0	0	0	0	0	0	0	0	1	0
C	Marios	18	141	5	1	26____	107537	11	0	0	0	0	1	0	0	0	0	0
C	Marios	18	141	5	1	26____	107601	11	0	0	0	0	0	0	0	0	1	0
C	Marios	18	141	5	1	26____	107604	11	0	0	0	0	1	0	0	0	0	0
C	Marios	18	141	5	1	26____	107629	11	0	0	0	0	1	0	0	0	1	0
C	Marios	18	141	5	1	26____	107649	11	0	0	0	0	0	0	0	0	1	0
C	Marios	18	141	5	1	26____	107651	11	0	0	0	0	1	0	0	0	0	0
C	Marios	18	141	5	1	26____	107656	11	0	0	0	0	0	0	0	0	1	0
C	Marios	18	141	5	1	26____	107659	11	0	0	0	0	1	0	0	0	0	0
C	Marios	18	141	5	1	26____	107663	11	0	0	0	0	0	0	0	0	1	0
C	Marios	18	141	5	1	26____	107665	11	0	0	0	0	1	0	0	0	0	0
C	Marios	18	141	5	1	26____	107731	11	0	0	0	0	1	0	0	0	1	0
C	Marios	18	141	5	1	26____	107741	11	0	0	0	0	0	0	0	0	1	0
C	Marios	18	141	5	1	26____	107744	11	0	0	0	0	1	0	0	0	0	0
C	Marios	18	141	5	1	26____	107750	11	1	0	0	0	0	0	0	0	0	0
C	Marios	18	141	5	1	26____	107800	1	0	0	0	0	0	0	0	0	1	0
C	Marios	18	141	5	1	26____	108931	1	0	0	0	0	1	0	0	0	0	0
C	Marios	18	141	5	1	26____	109014	1	0	0	0	0	0	0	0	0	1	0
C	Marios	18	141	5	1	26____	109250	1	2	0	0	0	0	0	0	0	0	0
C	Marios	18	141	5	1	26____	109750	2	6	0	0	0	0	0	0	0	0	0
C	Marios	18	141	5	1	26____	109822	6	0	0	0	0	1	0	0	0	0	0
C	Marios	18	141	5	1	26____	109875	6	0	0	0	0	0	0	0	0	1	0
C	Marios	18	141	5	1	26____	109910	6	0	0	0	0	1	0	0	0	0	0
C	Marios	18	141	5	1	26____	109953	6	0	0	0	0	0	0	0	0	1	0
C	Marios	18	141	5	1	26____	110003	6	0	0	0	0	1	0	0	0	0	0
C	Marios	18	141	5	1	26____	110072	6	0	0	0	0	0	0	0	0	1	0
C	Marios	18	141	5	1	26____	110127	6	0	0	0	0	1	0	0	0	0	0
C	Marios	18	141	5	1	26____	110218	6	0	0	0	0	0	0	0	0	1	0
C	Marios	18	141	5	1	26____	110250	6	10	0	0	0	0	0	0	0	0	0
C	Marios	18	141	5	1	26____	110287	10	0	0	0	0	1	0	0	0	0	0
C	Marios	18	141	5	1	26____	110370	10	0	0	0	0	0	0	0	0	1	0
C	Marios	18	141	5	1	26____	110415	10	0	0	0	0	1	0	0	0	0	0
C	Marios	18	141	5	1	26____	110494	10	0	0	0	0	0	0	0	0	1	0
C	Marios	18	141	5	1	26____	110570	10	0	0	0	0	1	0	0	0	0	0
C	Marios	18	141	5	1	26____	110656	10	0	0	0	0	0	0	0	0	1	0
C	Marios	18	141	5	1	26____	110724	10	0	0	0	0	1	0	0	0	0	0
C	Marios	18	141	5	1	26____	110750	10	1	0	0	0	0	0	0	0	0	0
C	Marios	18	141	5	1	26____	110752	1	0	0	0	0	0	0	0	0	1	0
C	Marios	18	141	5	1	26____	110975	1	0	0	0	0	1	0	0	0	0	0
C	Marios	18	141	5	1	26____	110980	1	0	0	0	0	0	0	0	0	1	0
C	Marios	18	141	5	1	26____	111012	1	0	0	0	0	1	0	0	0	0	0
C	Marios	18	141	5	1	26____	111043	1	0	0	0	0	0	0	0	0	1	0
C	Marios	18	141	5	1	26____	111086	1	0	0	0	0	1	0	0	0	0	0
C	Marios	18	141	5	1	26____	111128	1	0	0	0	0	0	0	0	0	1	0
C	Marios	18	141	5	1	26____	116250	1	2	0	0	0	0	0	0	0	0	0
C	Marios	18	141	5	1	26____	116735	2	0	0	0	0	1	0	0	0	0	0
C	Marios	18	141	5	1	26____	116750	2	7	0	0	0	0	0	0	0	0	0
C	Marios	18	141	5	1	26____	116752	7	0	0	0	0	0	0	0	0	1	0
C	Marios	18	141	5	1	26____	116771	7	0	0	0	0	1	0	0	0	0	0
C	Marios	18	141	5	1	26____	116826	7	0	0	0	0	0	0	0	0	1	0
C	Marios	18	141	5	1	26____	116897	7	0	0	0	0	1	0	0	0	0	0
C	Marios	18	141	5	1	26____	116947	7	0	0	0	0	0	0	0	0	1	0
C	Marios	18	141	5	1	26____	117001	7	0	0	0	0	1	0	0	0	0	0
C	Marios	18	141	5	1	26____	117020	7	0	0	0	0	0	0	0	0	1	0
C	Marios	18	141	5	1	26____	117048	7	0	0	0	0	1	0	0	0	0	0
C	Marios	18	141	5	1	26____	117250	7	11	0	0	0	0	0	0	0	0	0
C	Marios	18	141	5	1	26____	117591	11	0	0	0	0	0	0	0	0	1	0
C	Marios	18	141	5	1	26____	117609	11	0	0	0	0	1	0	0	0	0	0
C	Marios	18	141	5	1	26____	117615	11	0	0	0	0	0	0	0	0	1	0
C	Marios	18	141	5	1	26____	117619	11	0	0	0	0	1	0	0	0	0	0
C	Marios	18	141	5	1	26____	117623	11	0	0	0	0	0	0	0	0	1	0
C	Marios	18	141	5	1	26____	117628	11	0	0	0	0	1	0	0	0	0	0
C	Marios	18	141	5	1	26____	117631	11	0	0	0	0	0	0	0	0	1	0
C	Marios	18	141	5	1	26____	117684	11	0	0	0	0	1	0	0	0	0	0
C	Marios	18	141	5	1	26____	117686	11	0	0	0	0	0	0	0	0	1	0
C	Marios	18	141	5	1	26____	117692	11	0	0	0	0	1	0	0	0	0	0
C	Marios	18	141	5	1	26____	117695	11	0	0	0	0	0	0	0	0	1	0
C	Marios	18	141	5	1	26____	117724	11	0	0	0	0	1	0	0	0	0	0
C	Marios	18	141	5	1	26____	117726	11	0	0	0	0	0	0	0	0	1	0
C	Marios	18	141	5	1	26____	117734	11	0	0	0	0	1	0	0	0	0	0
C	Marios	18	141	5	1	26____	117750	11	1	0	0	0	0	0	0	0	0	0
C	Marios	18	141	5	1	26____	117859	1	0	0	0	0	0	0	0	0	1	0
C	Marios	18	141	5	1	26____	120295	1	0	0	0	0	1	0	0	0	0	0
C	Marios	18	141	5	1	26____	120299	1	0	0	0	0	0	0	0	0	1	0
C	Marios	18	141	5	1	26____	121145	1	0	0	0	0	1	0	0	0	0	0
C	Marios	18	141	5	1	26____	121399	1	0	0	0	0	0	0	0	0	1	0
C	Marios	18	141	5	1	26____	121490	1	0	0	0	0	1	0	0	0	0	0
C	Marios	18	141	5	1	26____	121527	1	0	0	0	0	0	0	0	0	1	0
C	Marios	18	141	5	1	26____	121657	1	0	0	0	0	1	0	0	0	0	0
C	Marios	18	141	5	1	26____	121679	1	0	0	0	0	0	0	0	0	1	0
C	Marios	18	141	5	1	26____	121718	1	0	0	0	0	1	0	0	0	0	0
C	Marios	18	141	5	1	26____	121751	1	0	0	0	0	0	0	0	0	1	0
C	Marios	18	141	5	1	26____	123186	1	0	0	0	0	1	0	0	0	0	0
C	Marios	18	141	5	1	26____	123215	1	0	0	0	0	0	0	0	0	1	0
C	Marios	18	141	5	1	26____	124500	1	2	0	0	0	0	0	0	0	0	0
C	Marios	18	141	5	1	26____	125000	2	12	0	0	0	0	0	0	0	0	0
C	Marios	18	141	5	1	26____	125126	12	0	0	0	0	1	0	0	0	0	0
C	Marios	18	141	5	1	26____	125155	12	0	0	0	0	0	0	0	0	1	0
C	Marios	18	141	5	1	26____	125183	12	0	0	0	0	1	0	0	0	0	0
C	Marios	18	141	5	1	26____	125213	12	0	0	0	0	0	0	0	0	1	0
C	Marios	18	141	5	1	26____	125310	12	0	0	0	0	1	0	0	0	0	0
C	Marios	18	141	5	1	26____	125373	12	0	0	0	0	0	0	0	0	1	0
C	Marios	18	141	5	1	26____	125431	12	0	0	0	0	1	0	0	0	0	0
C	Marios	18	141	5	1	26____	125479	12	0	0	0	0	0	0	0	0	1	0
C	Marios	18	141	5	1	26____	125500	12	15	0	0	0	0	0	0	0	0	0
C	Marios	18	141	5	1	26____	125543	15	0	0	0	0	1	0	0	0	0	0
C	Marios	18	141	5	1	26____	125564	15	0	0	0	0	0	0	0	0	1	0
C	Marios	18	141	5	1	26____	125600	15	0	0	0	0	1	0	0	0	0	0
C	Marios	18	141	5	1	26____	125656	15	0	0	0	0	0	0	0	0	1	0
C	Marios	18	141	5	1	26____	126000	15	1	0	0	0	0	0	0	0	0	0
C	Marios	18	141	5	1	26____	126380	1	0	0	0	0	1	0	0	0	0	0
C	Marios	18	141	5	1	26____	126396	1	0	0	0	0	0	0	0	0	1	0
C	Marios	18	141	5	1	26____	128909	1	0	0	0	0	1	0	0	0	0	0
C	Marios	18	141	5	1	26____	129090	1	0	0	0	0	0	0	0	0	1	0
C	Marios	18	141	5	1	26____	130856	1	0	0	0	0	1	0	0	0	0	0
C	Marios	18	141	5	1	26____	130930	1	0	0	0	0	0	0	0	0	1	0
C	Marios	18	141	5	1	26____	132044	1	0	0	0	0	1	0	0	0	0	0
C	Marios	18	141	5	1	26____	132109	1	0	0	0	0	0	0	0	0	1	0
C	Marios	18	141	5	1	26____	133500	1	2	0	0	0	0	0	0	0	0	0
C	Marios	18	141	5	1	26____	134000	2	13	0	0	0	0	0	0	0	0	0
C	Marios	18	141	5	1	26____	134500	13	15	0	0	0	0	0	0	0	0	0
C	Marios	18	141	5	1	26____	134918	15	0	0	0	0	1	0	0	0	0	0
C	Marios	18	141	5	1	26____	134944	15	0	0	0	0	0	0	0	0	1	0
C	Marios	18	141	5	1	26____	135000	15	1	0	0	0	0	0	0	0	0	0
C	Marios	18	141	5	1	26____	136420	1	0	0	0	0	1	0	0	0	0	0
C	Marios	18	141	5	1	26____	136426	1	0	0	0	0	0	0	0	0	1	0
C	Marios	18	141	5	1	26____	136553	1	0	0	0	0	1	0	0	0	0	0
C	Marios	18	141	5	1	26____	136603	1	0	0	0	0	0	0	0	0	1	0
C	Marios	18	141	5	1	26____	136653	1	0	0	0	0	1	0	0	0	0	0
C	Marios	18	141	5	1	26____	136749	1	0	0	0	0	0	0	0	0	1	0
C	Marios	18	141	5	1	26____	137003	1	0	0	0	0	1	0	0	0	0	0
C	Marios	18	141	5	1	26____	137081	1	0	0	0	0	0	0	0	0	1	0
C	Marios	18	141	5	1	26____	137250	1	2	0	0	0	0	0	0	0	0	0
C	Marios	18	141	5	1	26____	137750	2	13	0	0	0	0	0	0	0	0	0
C	Marios	18	141	5	1	26____	138250	13	15	0	0	0	0	0	0	0	0	0
C	Marios	18	141	5	1	26____	138750	15	1	0	0	0	0	0	0	0	0	0
C	Marios	18	141	5	1	26____	139525	1	0	0	0	0	1	0	0	0	0	0
C	Marios	18	141	5	1	26____	139580	1	0	0	0	0	0	0	0	0	1	0
C	Marios	18	141	5	1	26____	141586	1	0	0	0	0	1	0	0	0	0	0
C	Marios	18	141	5	1	26____	141609	1	0	0	0	0	0	0	0	0	1	0
C	Marios	18	141	5	1	26____	141689	1	0	0	0	0	1	0	0	0	0	0
C	Marios	18	141	5	1	26____	141752	1	0	0	0	0	0	0	0	0	1	0
C	Marios	18	141	5	1	26____	141755	1	0	0	0	0	1	0	0	0	0	0
C	Marios	18	141	5	1	26____	141801	1	0	0	0	0	0	0	0	0	1	0
C	Marios	18	141	5	1	26____	142500	1	2	0	0	0	0	0	0	0	0	0
C	Marios	18	141	5	1	26____	143000	2	12	0	0	0	0	0	0	0	0	0
C	Marios	18	141	5	1	26____	143052	12	0	0	0	0	1	0	0	0	0	0
C	Marios	18	141	5	1	26____	143103	12	0	0	0	0	0	0	0	0	1	0
C	Marios	18	141	5	1	26____	143500	12	15	0	0	0	0	0	0	0	0	0
C	Marios	18	141	5	1	26____	144000	15	14	0	0	0	0	0	0	0	0	0
C	Marios	18	141	5	1	26____	144331	14	0	0	0	0	1	0	0	0	0	0
C	Marios	18	141	5	1	26____	144337	14	0	0	0	0	0	0	0	0	1	0
C	Marios	18	141	5	1	26____	144349	14	0	0	0	0	1	0	0	0	0	0
C	Marios	18	141	5	1	26____	144378	14	0	0	0	0	0	0	0	0	1	0
C	Marios	18	141	5	1	26____	146597	14	0	0	0	0	1	0	0	0	0	0
C	Marios	18	141	5	1	26____	146665	14	0	0	0	0	0	0	0	0	1	0
C	Marios	18	141	5	1	26____	147000	14	-1	0	0	0	1	0	0	0	0	0
