Project	UserID	Protocol	Session	Station	Run	Subject	Time	Current State	Transition State	Transition Event	A1 - LLR	A2 - RLR	A3 - MAG	A4 - 	A[1] LLR_OFF	A[2] RLR_OFF	A[3] MAG_OFF	A[4] 
C	Marios	65	295	9	1	10____	0	0	1	0	0	0	0	0	0	0	0	0
C	Marios	65	295	9	1	10____	1750	1	2	0	0	0	0	0	0	0	0	0
C	Marios	65	295	9	1	10____	3637	2	4	2	0	1	0	0	0	0	0	0
C	Marios	65	295	9	1	10____	3648	4	0	0	0	0	0	0	0	1	0	0
C	Marios	65	295	9	1	10____	3701	4	0	0	0	1	0	0	0	0	0	0
C	Marios	65	295	9	1	10____	3737	4	5	0	0	0	0	0	0	0	0	0
C	Marios	65	295	9	1	10____	3738	5	0	0	0	0	0	0	0	1	0	0
C	Marios	65	295	9	1	10____	4987	5	6	0	0	0	0	0	0	0	0	0
C	Marios	65	295	9	1	10____	7987	6	5	0	0	0	0	0	0	0	0	0
C	Marios	65	295	9	1	10____	8987	5	6	0	0	0	0	0	0	0	0	0
C	Marios	65	295	9	1	10____	11987	6	5	0	0	0	0	0	0	0	0	0
C	Marios	65	295	9	1	10____	13737	5	6	0	0	0	0	0	0	0	0	0
C	Marios	65	295	9	1	10____	16737	6	5	0	0	0	0	0	0	0	0	0
C	Marios	65	295	9	1	10____	17987	5	6	0	0	0	0	0	0	0	0	0
C	Marios	65	295	9	1	10____	20987	6	5	0	0	0	0	0	0	0	0	0
C	Marios	65	295	9	1	10____	21987	5	6	0	0	0	0	0	0	0	0	0
C	Marios	65	295	9	1	10____	24987	6	5	0	0	0	0	0	0	0	0	0
C	Marios	65	295	9	1	10____	26487	5	6	0	0	0	0	0	0	0	0	0
C	Marios	65	295	9	1	10____	29487	6	5	0	0	0	0	0	0	0	0	0
C	Marios	65	295	9	1	10____	31487	5	6	0	0	0	0	0	0	0	0	0
C	Marios	65	295	9	1	10____	34487	6	5	0	0	0	0	0	0	0	0	0
C	Marios	65	295	9	1	10____	36237	5	6	0	0	0	0	0	0	0	0	0
C	Marios	65	295	9	1	10____	39237	6	5	0	0	0	0	0	0	0	0	0
C	Marios	65	295	9	1	10____	41237	5	6	0	0	0	0	0	0	0	0	0
C	Marios	65	295	9	1	10____	44237	6	5	0	0	0	0	0	0	0	0	0
C	Marios	65	295	9	1	10____	46237	5	6	0	0	0	0	0	0	0	0	0
C	Marios	65	295	9	1	10____	49237	6	5	0	0	0	0	0	0	0	0	0
C	Marios	65	295	9	1	10____	51237	5	6	0	0	0	0	0	0	0	0	0
C	Marios	65	295	9	1	10____	54237	6	5	0	0	0	0	0	0	0	0	0
C	Marios	65	295	9	1	10____	55487	5	6	0	0	0	0	0	0	0	0	0
C	Marios	65	295	9	1	10____	58487	6	5	0	0	0	0	0	0	0	0	0
C	Marios	65	295	9	1	10____	59987	5	6	0	0	0	0	0	0	0	0	0
C	Marios	65	295	9	1	10____	62987	6	5	0	0	0	0	0	0	0	0	0
C	Marios	65	295	9	1	10____	64737	5	6	0	0	0	0	0	0	0	0	0
C	Marios	65	295	9	1	10____	67737	6	5	0	0	0	0	0	0	0	0	0
C	Marios	65	295	9	1	10____	69737	5	6	0	0	0	0	0	0	0	0	0
C	Marios	65	295	9	1	10____	72737	6	5	0	0	0	0	0	0	0	0	0
C	Marios	65	295	9	1	10____	73987	5	6	0	0	0	0	0	0	0	0	0
C	Marios	65	295	9	1	10____	76987	6	5	0	0	0	0	0	0	0	0	0
C	Marios	65	295	9	1	10____	78487	5	6	0	0	0	0	0	0	0	0	0
C	Marios	65	295	9	1	10____	81487	6	5	0	0	0	0	0	0	0	0	0
C	Marios	65	295	9	1	10____	82987	5	6	0	0	0	0	0	0	0	0	0
C	Marios	65	295	9	1	10____	85987	6	5	0	0	0	0	0	0	0	0	0
C	Marios	65	295	9	1	10____	87737	5	6	0	0	0	0	0	0	0	0	0
C	Marios	65	295	9	1	10____	90737	6	5	0	0	0	0	0	0	0	0	0
C	Marios	65	295	9	1	10____	92487	5	6	0	0	0	0	0	0	0	0	0
C	Marios	65	295	9	1	10____	95487	6	5	0	0	0	0	0	0	0	0	0
C	Marios	65	295	9	1	10____	96737	5	6	0	0	0	0	0	0	0	0	0
C	Marios	65	295	9	1	10____	99737	6	5	0	0	0	0	0	0	0	0	0
C	Marios	65	295	9	1	10____	101237	5	6	0	0	0	0	0	0	0	0	0
C	Marios	65	295	9	1	10____	104237	6	5	0	0	0	0	0	0	0	0	0
C	Marios	65	295	9	1	10____	105987	5	6	0	0	0	0	0	0	0	0	0
C	Marios	65	295	9	1	10____	106187	6	7	1	1	0	0	0	1	0	0	0
C	Marios	65	295	9	1	10____	106287	7	11	0	0	0	0	0	0	0	0	0
C	Marios	65	295	9	1	10____	107787	11	12	0	0	0	0	0	0	0	0	0
C	Marios	65	295	9	1	10____	196339	12	0	0	1	0	0	0	0	0	0	0
C	Marios	65	295	9	1	10____	196346	12	0	0	0	1	0	0	1	0	0	0
C	Marios	65	295	9	1	10____	196348	12	0	0	0	0	0	0	0	1	0	0
C	Marios	65	295	9	1	10____	197787	12	17	0	0	0	0	0	0	0	0	0
C	Marios	65	295	9	1	10____	199287	17	-1	0	0	0	0	0	0	0	0	0
C	Marios	65	296	1	1	15____	0	0	1	0	0	0	0	0	0	0	0	0
C	Marios	65	296	1	1	15____	1000	1	2	0	0	0	0	0	0	0	0	0
C	Marios	65	296	1	1	15____	1156	2	3	1	1	0	0	0	0	0	0	0
C	Marios	65	296	1	1	15____	1256	3	8	0	0	0	0	0	0	0	0	0
C	Marios	65	296	1	1	15____	1257	8	0	0	0	0	0	0	1	0	0	0
C	Marios	65	296	1	1	15____	2506	8	9	0	0	0	0	0	0	0	0	0
C	Marios	65	296	1	1	15____	5506	9	8	0	0	0	0	0	0	0	0	0
C	Marios	65	296	1	1	15____	7006	8	9	0	0	0	0	0	0	0	0	0
C	Marios	65	296	1	1	15____	10006	9	8	0	0	0	0	0	0	0	0	0
C	Marios	65	296	1	1	15____	11756	8	9	0	0	0	0	0	0	0	0	0
C	Marios	65	296	1	1	15____	14756	9	8	0	0	0	0	0	0	0	0	0
C	Marios	65	296	1	1	15____	16756	8	9	0	0	0	0	0	0	0	0	0
C	Marios	65	296	1	1	15____	19756	9	8	0	0	0	0	0	0	0	0	0
C	Marios	65	296	1	1	15____	21006	8	9	0	0	0	0	0	0	0	0	0
C	Marios	65	296	1	1	15____	24006	9	8	0	0	0	0	0	0	0	0	0
C	Marios	65	296	1	1	15____	26006	8	9	0	0	0	0	0	0	0	0	0
C	Marios	65	296	1	1	15____	29006	9	8	0	0	0	0	0	0	0	0	0
C	Marios	65	296	1	1	15____	31006	8	9	0	0	0	0	0	0	0	0	0
C	Marios	65	296	1	1	15____	34006	9	8	0	0	0	0	0	0	0	0	0
C	Marios	65	296	1	1	15____	35506	8	9	0	0	0	0	0	0	0	0	0
C	Marios	65	296	1	1	15____	38506	9	8	0	0	0	0	0	0	0	0	0
C	Marios	65	296	1	1	15____	39506	8	9	0	0	0	0	0	0	0	0	0
C	Marios	65	296	1	1	15____	42506	9	8	0	0	0	0	0	0	0	0	0
C	Marios	65	296	1	1	15____	44256	8	9	0	0	0	0	0	0	0	0	0
C	Marios	65	296	1	1	15____	47256	9	8	0	0	0	0	0	0	0	0	0
C	Marios	65	296	1	1	15____	48256	8	9	0	0	0	0	0	0	0	0	0
C	Marios	65	296	1	1	15____	51256	9	8	0	0	0	0	0	0	0	0	0
C	Marios	65	296	1	1	15____	52256	8	9	0	0	0	0	0	0	0	0	0
C	Marios	65	296	1	1	15____	55256	9	8	0	0	0	0	0	0	0	0	0
C	Marios	65	296	1	1	15____	57256	8	9	0	0	0	0	0	0	0	0	0
C	Marios	65	296	1	1	15____	60256	9	8	0	0	0	0	0	0	0	0	0
C	Marios	65	296	1	1	15____	62256	8	9	0	0	0	0	0	0	0	0	0
C	Marios	65	296	1	1	15____	65256	9	8	0	0	0	0	0	0	0	0	0
C	Marios	65	296	1	1	15____	66256	8	9	0	0	0	0	0	0	0	0	0
C	Marios	65	296	1	1	15____	69256	9	8	0	0	0	0	0	0	0	0	0
C	Marios	65	296	1	1	15____	71256	8	9	0	0	0	0	0	0	0	0	0
C	Marios	65	296	1	1	15____	74256	9	8	0	0	0	0	0	0	0	0	0
C	Marios	65	296	1	1	15____	75756	8	9	0	0	0	0	0	0	0	0	0
C	Marios	65	296	1	1	15____	78756	9	8	0	0	0	0	0	0	0	0	0
C	Marios	65	296	1	1	15____	80756	8	9	0	0	0	0	0	0	0	0	0
C	Marios	65	296	1	1	15____	83756	9	8	0	0	0	0	0	0	0	0	0
C	Marios	65	296	1	1	15____	85256	8	9	0	0	0	0	0	0	0	0	0
C	Marios	65	296	1	1	15____	88256	9	8	0	0	0	0	0	0	0	0	0
C	Marios	65	296	1	1	15____	89756	8	9	0	0	0	0	0	0	0	0	0
C	Marios	65	296	1	1	15____	92756	9	8	0	0	0	0	0	0	0	0	0
C	Marios	65	296	1	1	15____	94006	8	9	0	0	0	0	0	0	0	0	0
C	Marios	65	296	1	1	15____	97006	9	8	0	0	0	0	0	0	0	0	0
C	Marios	65	296	1	1	15____	98506	8	9	0	0	0	0	0	0	0	0	0
C	Marios	65	296	1	1	15____	101506	9	8	0	0	0	0	0	0	0	0	0
C	Marios	65	296	1	1	15____	102756	8	9	0	0	0	0	0	0	0	0	0
C	Marios	65	296	1	1	15____	105756	9	8	0	0	0	0	0	0	0	0	0
C	Marios	65	296	1	1	15____	107256	8	9	0	0	0	0	0	0	0	0	0
C	Marios	65	296	1	1	15____	110256	9	8	0	0	0	0	0	0	0	0	0
C	Marios	65	296	1	1	15____	111756	8	9	0	0	0	0	0	0	0	0	0
C	Marios	65	296	1	1	15____	112490	9	10	2	0	1	0	0	0	0	0	0
C	Marios	65	296	1	1	15____	112590	10	11	0	0	0	0	0	0	0	0	0
C	Marios	65	296	1	1	15____	112591	11	0	0	0	0	0	0	0	1	0	0
C	Marios	65	296	1	1	15____	114090	11	12	0	0	0	0	0	0	0	0	0
C	Marios	65	296	1	1	15____	114359	12	0	0	1	0	0	0	0	0	0	0
C	Marios	65	296	1	1	15____	114403	12	0	0	0	0	0	0	1	0	0	0
C	Marios	65	296	1	1	15____	115782	12	0	0	0	1	0	0	0	0	0	0
C	Marios	65	296	1	1	15____	115845	12	0	0	0	0	0	0	0	1	0	0
C	Marios	65	296	1	1	15____	121022	12	13	1	1	0	0	0	0	0	0	0
C	Marios	65	296	1	1	15____	121034	13	0	0	0	0	0	0	1	0	0	0
C	Marios	65	296	1	1	15____	121122	13	12	0	0	0	0	0	0	0	0	0
C	Marios	65	296	1	1	15____	132925	12	0	0	1	0	0	0	0	0	0	0
C	Marios	65	296	1	1	15____	132980	12	0	0	0	0	0	0	1	0	0	0
C	Marios	65	296	1	1	15____	137661	12	13	1	1	0	0	0	0	0	0	0
C	Marios	65	296	1	1	15____	137686	13	0	0	0	0	0	0	1	0	0	0
C	Marios	65	296	1	1	15____	137761	13	12	0	0	0	0	0	0	0	0	0
C	Marios	65	296	1	1	15____	190559	12	0	0	0	1	0	0	0	0	0	0
C	Marios	65	296	1	1	15____	190601	12	0	0	0	0	0	0	0	1	0	0
C	Marios	65	296	1	1	15____	191902	12	0	0	1	0	0	0	0	0	0	0
C	Marios	65	296	1	1	15____	191938	12	0	0	0	0	0	0	1	0	0	0
C	Marios	65	296	1	1	15____	191954	12	13	1	1	0	0	0	0	0	0	0
C	Marios	65	296	1	1	15____	191985	13	0	0	0	0	0	0	1	0	0	0
C	Marios	65	296	1	1	15____	192054	13	12	0	0	0	0	0	0	0	0	0
C	Marios	65	296	1	1	15____	193132	12	0	0	1	0	0	0	0	0	0	0
C	Marios	65	296	1	1	15____	193146	12	0	0	0	0	0	0	1	0	0	0
C	Marios	65	296	1	1	15____	193173	12	13	1	1	0	0	0	0	0	0	0
C	Marios	65	296	1	1	15____	193197	13	0	0	0	0	0	0	1	0	0	0
C	Marios	65	296	1	1	15____	193204	13	0	0	1	0	0	0	0	0	0	0
C	Marios	65	296	1	1	15____	193273	13	12	0	0	0	0	0	0	0	0	0
C	Marios	65	296	1	1	15____	193495	12	0	0	0	0	0	0	1	0	0	0
C	Marios	65	296	1	1	15____	193563	12	0	0	1	0	0	0	0	0	0	0
C	Marios	65	296	1	1	15____	193567	12	0	0	0	0	0	0	1	0	0	0
C	Marios	65	296	1	1	15____	197102	12	13	1	1	0	0	0	0	0	0	0
C	Marios	65	296	1	1	15____	197202	13	12	0	0	0	0	0	0	0	0	0
C	Marios	65	296	1	1	15____	197234	12	0	0	0	0	0	0	1	0	0	0
C	Marios	65	296	1	1	15____	204090	12	17	0	0	0	0	0	0	0	0	0
C	Marios	65	296	1	1	15____	205590	17	-1	0	0	0	0	0	0	0	0	0
C	Marios	65	296	13	1	41____	0	0	1	0	0	0	0	0	0	0	0	0
C	Marios	65	296	13	1	41____	1250	1	2	0	0	0	0	0	0	0	0	0
C	Marios	65	296	13	1	41____	4250	2	1	0	0	0	0	0	0	0	0	0
C	Marios	65	296	13	1	41____	5500	1	2	0	0	0	0	0	0	0	0	0
C	Marios	65	296	13	1	41____	5780	2	4	2	0	1	0	0	0	0	0	0
C	Marios	65	296	13	1	41____	5784	4	0	0	0	0	0	0	0	1	0	0
C	Marios	65	296	13	1	41____	5834	4	0	0	0	1	0	0	0	0	0	0
C	Marios	65	296	13	1	41____	5853	4	0	0	0	0	0	0	0	1	0	0
C	Marios	65	296	13	1	41____	5880	4	5	0	0	0	0	0	0	0	0	0
C	Marios	65	296	13	1	41____	7380	5	6	0	0	0	0	0	0	0	0	0
C	Marios	65	296	13	1	41____	9466	6	7	1	1	0	0	0	0	0	0	0
C	Marios	65	296	13	1	41____	9488	7	0	0	0	0	0	0	1	0	0	0
C	Marios	65	296	13	1	41____	9566	7	11	0	0	0	0	0	0	0	0	0
C	Marios	65	296	13	1	41____	11066	11	12	0	0	0	0	0	0	0	0	0
C	Marios	65	296	13	1	41____	11708	12	0	0	1	0	0	0	0	0	0	0
C	Marios	65	296	13	1	41____	11731	12	0	0	0	0	0	0	1	0	0	0
C	Marios	65	296	13	1	41____	11847	12	13	1	1	0	0	0	0	0	0	0
C	Marios	65	296	13	1	41____	11866	13	0	0	0	0	0	0	1	0	0	0
C	Marios	65	296	13	1	41____	11947	13	12	0	0	0	0	0	0	0	0	0
C	Marios	65	296	13	1	41____	12490	12	0	0	1	0	0	0	0	0	0	0
C	Marios	65	296	13	1	41____	12549	12	0	0	0	0	0	0	1	0	0	0
C	Marios	65	296	13	1	41____	12730	12	13	1	1	0	0	0	0	0	0	0
C	Marios	65	296	13	1	41____	12735	13	0	0	0	0	0	0	1	0	0	0
C	Marios	65	296	13	1	41____	12830	13	12	0	0	0	0	0	0	0	0	0
C	Marios	65	296	13	1	41____	13644	12	0	0	1	0	0	0	0	0	0	0
C	Marios	65	296	13	1	41____	14153	12	0	0	0	0	0	0	1	0	0	0
C	Marios	65	296	13	1	41____	14994	12	13	1	1	0	0	0	0	0	0	0
C	Marios	65	296	13	1	41____	15009	13	0	0	0	0	0	0	1	0	0	0
C	Marios	65	296	13	1	41____	15023	13	0	0	1	0	0	0	0	0	0	0
C	Marios	65	296	13	1	41____	15029	13	0	0	0	0	0	0	1	0	0	0
C	Marios	65	296	13	1	41____	15047	13	0	0	1	0	0	0	0	0	0	0
C	Marios	65	296	13	1	41____	15051	13	0	0	0	0	0	0	1	0	0	0
C	Marios	65	296	13	1	41____	15094	13	12	0	0	0	0	0	0	0	0	0
C	Marios	65	296	13	1	41____	15144	12	0	0	1	0	0	0	0	0	0	0
C	Marios	65	296	13	1	41____	15231	12	0	0	0	0	0	0	1	0	0	0
C	Marios	65	296	13	1	41____	15262	12	13	1	1	0	0	0	0	0	0	0
C	Marios	65	296	13	1	41____	15265	13	0	0	0	0	0	0	1	0	0	0
C	Marios	65	296	13	1	41____	15273	13	0	0	1	0	0	0	0	0	0	0
C	Marios	65	296	13	1	41____	15307	13	0	0	0	0	0	0	1	0	0	0
C	Marios	65	296	13	1	41____	15362	13	12	0	0	0	0	0	0	0	0	0
C	Marios	65	296	13	1	41____	15541	12	0	0	1	0	0	0	0	0	0	0
C	Marios	65	296	13	1	41____	15579	12	0	0	0	0	0	0	1	0	0	0
C	Marios	65	296	13	1	41____	15677	12	13	1	1	0	0	0	0	0	0	0
C	Marios	65	296	13	1	41____	15756	13	0	0	0	0	0	0	1	0	0	0
C	Marios	65	296	13	1	41____	15777	13	12	0	0	0	0	0	0	0	0	0
C	Marios	65	296	13	1	41____	16303	12	0	0	1	0	0	0	0	0	0	0
C	Marios	65	296	13	1	41____	16395	12	0	0	0	0	0	0	1	0	0	0
C	Marios	65	296	13	1	41____	16511	12	13	1	1	0	0	0	0	0	0	0
C	Marios	65	296	13	1	41____	16566	13	0	0	0	0	0	0	1	0	0	0
C	Marios	65	296	13	1	41____	16589	13	0	0	1	0	0	0	0	0	0	0
C	Marios	65	296	13	1	41____	16591	13	0	0	0	0	0	0	1	0	0	0
C	Marios	65	296	13	1	41____	16611	13	12	0	0	0	0	0	0	0	0	0
C	Marios	65	296	13	1	41____	22256	12	0	0	1	0	0	0	0	0	0	0
C	Marios	65	296	13	1	41____	22459	12	0	0	0	0	0	0	1	0	0	0
C	Marios	65	296	13	1	41____	22546	12	13	1	1	0	0	0	0	0	0	0
C	Marios	65	296	13	1	41____	22579	13	0	0	0	0	0	0	1	0	0	0
C	Marios	65	296	13	1	41____	22646	13	12	0	0	0	0	0	0	0	0	0
C	Marios	65	296	13	1	41____	22804	12	0	0	1	0	0	0	0	0	0	0
C	Marios	65	296	13	1	41____	22829	12	0	0	0	0	0	0	1	0	0	0
C	Marios	65	296	13	1	41____	22872	12	13	1	1	0	0	0	0	0	0	0
C	Marios	65	296	13	1	41____	22945	13	0	0	0	0	0	0	1	0	0	0
C	Marios	65	296	13	1	41____	22972	13	12	0	0	0	0	0	0	0	0	0
C	Marios	65	296	13	1	41____	24553	12	0	0	1	0	0	0	0	0	0	0
C	Marios	65	296	13	1	41____	24692	12	0	0	0	0	0	0	1	0	0	0
C	Marios	65	296	13	1	41____	25058	12	13	1	1	0	0	0	0	0	0	0
C	Marios	65	296	13	1	41____	25074	13	0	0	0	0	0	0	1	0	0	0
C	Marios	65	296	13	1	41____	25158	13	12	0	0	0	0	0	0	0	0	0
C	Marios	65	296	13	1	41____	27336	12	0	0	0	1	0	0	0	0	0	0
C	Marios	65	296	13	1	41____	27386	12	0	0	0	0	0	0	0	1	0	0
C	Marios	65	296	13	1	41____	35074	12	15	2	0	1	0	0	0	0	0	0
C	Marios	65	296	13	1	41____	35129	15	0	0	0	0	0	0	0	1	0	0
C	Marios	65	296	13	1	41____	35174	15	12	0	0	0	0	0	0	0	0	0
C	Marios	65	296	13	1	41____	35476	12	0	0	1	0	0	0	0	0	0	0
C	Marios	65	296	13	1	41____	35602	12	0	0	0	0	0	0	1	0	0	0
C	Marios	65	296	13	1	41____	35643	12	13	1	1	0	0	0	0	0	0	0
C	Marios	65	296	13	1	41____	35677	13	0	0	0	0	0	0	1	0	0	0
C	Marios	65	296	13	1	41____	35686	13	0	0	1	0	0	0	0	0	0	0
C	Marios	65	296	13	1	41____	35716	13	0	0	0	0	0	0	1	0	0	0
C	Marios	65	296	13	1	41____	35741	13	0	0	1	0	0	0	0	0	0	0
C	Marios	65	296	13	1	41____	35743	13	12	0	0	0	0	0	0	0	0	0
C	Marios	65	296	13	1	41____	35816	12	0	0	0	0	0	0	1	0	0	0
C	Marios	65	296	13	1	41____	35909	12	0	0	1	0	0	0	0	0	0	0
C	Marios	65	296	13	1	41____	35925	12	0	0	0	0	0	0	1	0	0	0
C	Marios	65	296	13	1	41____	35928	12	13	1	1	0	0	0	0	0	0	0
C	Marios	65	296	13	1	41____	36028	13	12	0	0	0	0	0	0	0	0	0
C	Marios	65	296	13	1	41____	36198	12	0	0	0	0	0	0	1	0	0	0
C	Marios	65	296	13	1	41____	36207	12	0	0	1	0	0	0	0	0	0	0
C	Marios	65	296	13	1	41____	36226	12	0	0	0	0	0	0	1	0	0	0
C	Marios	65	296	13	1	41____	36316	12	13	1	1	0	0	0	0	0	0	0
C	Marios	65	296	13	1	41____	36416	13	12	0	0	0	0	0	0	0	0	0
C	Marios	65	296	13	1	41____	36636	12	0	0	0	0	0	0	1	0	0	0
C	Marios	65	296	13	1	41____	36674	12	0	0	1	0	0	0	0	0	0	0
C	Marios	65	296	13	1	41____	36684	12	0	0	0	0	0	0	1	0	0	0
C	Marios	65	296	13	1	41____	36701	12	13	1	1	0	0	0	0	0	0	0
C	Marios	65	296	13	1	41____	36801	13	12	0	0	0	0	0	0	0	0	0
C	Marios	65	296	13	1	41____	36808	12	0	0	0	0	0	0	1	0	0	0
C	Marios	65	296	13	1	41____	36814	12	0	0	1	0	0	0	0	0	0	0
C	Marios	65	296	13	1	41____	36847	12	0	0	0	0	0	0	1	0	0	0
C	Marios	65	296	13	1	41____	36886	12	13	1	1	0	0	0	0	0	0	0
C	Marios	65	296	13	1	41____	36889	13	0	0	0	0	0	0	1	0	0	0
C	Marios	65	296	13	1	41____	36985	13	0	0	1	0	0	0	0	0	0	0
C	Marios	65	296	13	1	41____	36986	13	12	0	0	0	0	0	0	0	0	0
C	Marios	65	296	13	1	41____	36991	12	0	0	0	0	0	0	1	0	0	0
C	Marios	65	296	13	1	41____	36999	12	0	0	1	0	0	0	0	0	0	0
C	Marios	65	296	13	1	41____	37155	12	0	0	0	0	0	0	1	0	0	0
C	Marios	65	296	13	1	41____	37164	12	13	1	1	0	0	0	0	0	0	0
C	Marios	65	296	13	1	41____	37187	13	0	0	0	0	0	0	1	0	0	0
C	Marios	65	296	13	1	41____	37264	13	12	0	0	0	0	0	0	0	0	0
C	Marios	65	296	13	1	41____	38179	12	0	0	1	0	0	0	0	0	0	0
C	Marios	65	296	13	1	41____	38277	12	0	0	0	0	0	0	1	0	0	0
C	Marios	65	296	13	1	41____	38504	12	13	1	1	0	0	0	0	0	0	0
C	Marios	65	296	13	1	41____	38550	13	0	0	0	0	0	0	1	0	0	0
C	Marios	65	296	13	1	41____	38558	13	0	0	1	0	0	0	0	0	0	0
C	Marios	65	296	13	1	41____	38604	13	12	0	0	0	0	0	0	0	0	0
C	Marios	65	296	13	1	41____	38608	12	0	0	0	0	0	0	1	0	0	0
C	Marios	65	296	13	1	41____	40442	12	0	0	0	1	0	0	0	0	0	0
C	Marios	65	296	13	1	41____	40464	12	0	0	0	0	0	0	0	1	0	0
C	Marios	65	296	13	1	41____	40467	12	15	2	0	1	0	0	0	0	0	0
C	Marios	65	296	13	1	41____	40550	15	0	0	0	0	0	0	0	1	0	0
C	Marios	65	296	13	1	41____	40551	15	0	0	0	1	0	0	0	0	0	0
C	Marios	65	296	13	1	41____	40564	15	0	0	0	0	0	0	0	1	0	0
C	Marios	65	296	13	1	41____	40567	15	12	0	0	0	0	0	0	0	0	0
C	Marios	65	296	13	1	41____	40574	12	0	0	0	1	0	0	0	0	0	0
C	Marios	65	296	13	1	41____	40595	12	0	0	0	0	0	0	0	1	0	0
C	Marios	65	296	13	1	41____	44231	12	15	2	0	1	0	0	0	0	0	0
C	Marios	65	296	13	1	41____	44283	15	0	0	0	0	0	0	0	1	0	0
C	Marios	65	296	13	1	41____	44289	15	0	0	0	1	0	0	0	0	0	0
C	Marios	65	296	13	1	41____	44331	15	12	0	0	0	0	0	0	0	0	0
C	Marios	65	296	13	1	41____	44363	12	0	0	0	0	0	0	0	1	0	0
C	Marios	65	296	13	1	41____	47289	12	0	0	1	0	0	0	0	0	0	0
C	Marios	65	296	13	1	41____	47374	12	0	0	0	0	0	0	1	0	0	0
C	Marios	65	296	13	1	41____	47382	12	13	1	1	0	0	0	0	0	0	0
C	Marios	65	296	13	1	41____	47396	13	0	0	0	0	0	0	1	0	0	0
C	Marios	65	296	13	1	41____	47482	13	12	0	0	0	0	0	0	0	0	0
C	Marios	65	296	13	1	41____	47616	12	0	0	1	0	0	0	0	0	0	0
C	Marios	65	296	13	1	41____	47654	12	0	0	0	0	0	0	1	0	0	0
C	Marios	65	296	13	1	41____	47658	12	13	1	1	0	0	0	0	0	0	0
C	Marios	65	296	13	1	41____	47673	13	0	0	0	0	0	0	1	0	0	0
C	Marios	65	296	13	1	41____	47715	13	0	0	1	0	0	0	0	0	0	0
C	Marios	65	296	13	1	41____	47758	13	12	0	0	0	0	0	0	0	0	0
C	Marios	65	296	13	1	41____	47912	12	0	0	0	0	0	0	1	0	0	0
C	Marios	65	296	13	1	41____	49103	12	0	0	1	0	0	0	0	0	0	0
C	Marios	65	296	13	1	41____	49105	12	0	0	0	0	0	0	1	0	0	0
C	Marios	65	296	13	1	41____	53710	12	0	0	0	1	0	0	0	0	0	0
C	Marios	65	296	13	1	41____	53955	12	0	0	0	0	0	0	0	1	0	0
C	Marios	65	296	13	1	41____	53960	12	15	2	0	1	0	0	0	0	0	0
C	Marios	65	296	13	1	41____	54018	15	0	0	0	0	0	0	0	1	0	0
C	Marios	65	296	13	1	41____	54060	15	12	0	0	0	0	0	0	0	0	0
C	Marios	65	296	13	1	41____	54556	12	0	0	1	0	0	0	0	0	0	0
C	Marios	65	296	13	1	41____	54894	12	0	0	0	0	0	0	1	0	0	0
C	Marios	65	296	13	1	41____	54899	12	13	1	1	0	0	0	0	0	0	0
C	Marios	65	296	13	1	41____	54946	13	0	0	0	0	0	0	1	0	0	0
C	Marios	65	296	13	1	41____	54951	13	0	0	1	0	0	0	0	0	0	0
C	Marios	65	296	13	1	41____	54999	13	12	0	0	0	0	0	0	0	0	0
C	Marios	65	296	13	1	41____	55361	12	0	0	0	0	0	0	1	0	0	0
C	Marios	65	296	13	1	41____	55366	12	0	0	1	0	0	0	0	0	0	0
C	Marios	65	296	13	1	41____	55422	12	0	0	0	0	0	0	1	0	0	0
C	Marios	65	296	13	1	41____	55429	12	13	1	1	0	0	0	0	0	0	0
C	Marios	65	296	13	1	41____	55444	13	0	0	0	0	0	0	1	0	0	0
C	Marios	65	296	13	1	41____	55448	13	0	0	1	0	0	0	0	0	0	0
C	Marios	65	296	13	1	41____	55529	13	12	0	0	0	0	0	0	0	0	0
C	Marios	65	296	13	1	41____	55543	12	0	0	0	0	0	0	1	0	0	0
C	Marios	65	296	13	1	41____	55882	12	0	0	1	0	0	0	0	0	0	0
C	Marios	65	296	13	1	41____	55921	12	0	0	0	0	0	0	1	0	0	0
C	Marios	65	296	13	1	41____	57740	12	13	1	1	0	0	0	0	0	0	0
C	Marios	65	296	13	1	41____	57802	13	0	0	0	0	0	0	1	0	0	0
C	Marios	65	296	13	1	41____	57804	13	0	0	1	0	0	0	0	0	0	0
C	Marios	65	296	13	1	41____	57805	13	0	0	0	0	0	0	1	0	0	0
C	Marios	65	296	13	1	41____	57840	13	12	0	0	0	0	0	0	0	0	0
C	Marios	65	296	13	1	41____	71585	12	0	0	1	0	0	0	0	0	0	0
C	Marios	65	296	13	1	41____	72132	12	0	0	0	0	0	0	1	0	0	0
C	Marios	65	296	13	1	41____	72182	12	13	1	1	0	0	0	0	0	0	0
C	Marios	65	296	13	1	41____	72196	13	0	0	0	0	0	0	1	0	0	0
C	Marios	65	296	13	1	41____	72282	13	12	0	0	0	0	0	0	0	0	0
C	Marios	65	296	13	1	41____	72444	12	0	0	1	0	0	0	0	0	0	0
C	Marios	65	296	13	1	41____	73140	12	0	0	0	0	0	0	1	0	0	0
C	Marios	65	296	13	1	41____	73149	12	13	1	1	0	0	0	0	0	0	0
C	Marios	65	296	13	1	41____	73183	13	0	0	0	0	0	0	1	0	0	0
C	Marios	65	296	13	1	41____	73197	13	0	0	1	0	0	0	0	0	0	0
C	Marios	65	296	13	1	41____	73249	13	12	0	0	0	0	0	0	0	0	0
C	Marios	65	296	13	1	41____	73796	12	0	0	0	0	0	0	1	0	0	0
C	Marios	65	296	13	1	41____	73804	12	0	0	1	0	0	0	0	0	0	0
C	Marios	65	296	13	1	41____	73812	12	0	0	0	0	0	0	1	0	0	0
C	Marios	65	296	13	1	41____	73823	12	13	1	1	0	0	0	0	0	0	0
C	Marios	65	296	13	1	41____	73855	13	0	0	0	0	0	0	1	0	0	0
C	Marios	65	296	13	1	41____	73923	13	12	0	0	0	0	0	0	0	0	0
C	Marios	65	296	13	1	41____	73986	12	0	0	1	0	0	0	0	0	0	0
C	Marios	65	296	13	1	41____	74021	12	0	0	0	0	0	0	1	0	0	0
C	Marios	65	296	13	1	41____	74034	12	13	1	1	0	0	0	0	0	0	0
C	Marios	65	296	13	1	41____	74064	13	0	0	0	0	0	0	1	0	0	0
C	Marios	65	296	13	1	41____	74078	13	0	0	1	0	0	0	0	0	0	0
C	Marios	65	296	13	1	41____	74085	13	0	0	0	0	0	0	1	0	0	0
C	Marios	65	296	13	1	41____	74095	13	0	0	1	0	0	0	0	0	0	0
C	Marios	65	296	13	1	41____	74134	13	12	0	0	0	0	0	0	0	0	0
C	Marios	65	296	13	1	41____	74251	12	0	0	0	0	0	0	1	0	0	0
C	Marios	65	296	13	1	41____	74266	12	0	0	1	0	0	0	0	0	0	0
C	Marios	65	296	13	1	41____	74305	12	0	0	0	0	0	0	1	0	0	0
C	Marios	65	296	13	1	41____	74311	12	13	1	1	0	0	0	0	0	0	0
C	Marios	65	296	13	1	41____	74382	13	0	0	0	0	0	0	1	0	0	0
C	Marios	65	296	13	1	41____	74388	13	0	0	1	0	0	0	0	0	0	0
C	Marios	65	296	13	1	41____	74411	13	12	0	0	0	0	0	0	0	0	0
C	Marios	65	296	13	1	41____	74570	12	0	0	0	0	0	0	1	0	0	0
C	Marios	65	296	13	1	41____	74577	12	0	0	1	0	0	0	0	0	0	0
C	Marios	65	296	13	1	41____	74607	12	0	0	0	0	0	0	1	0	0	0
C	Marios	65	296	13	1	41____	74614	12	13	1	1	0	0	0	0	0	0	0
C	Marios	65	296	13	1	41____	74642	13	0	0	0	0	0	0	1	0	0	0
C	Marios	65	296	13	1	41____	74648	13	0	0	1	0	0	0	0	0	0	0
C	Marios	65	296	13	1	41____	74664	13	0	0	0	0	0	0	1	0	0	0
C	Marios	65	296	13	1	41____	74672	13	0	0	1	0	0	0	0	0	0	0
C	Marios	65	296	13	1	41____	74714	13	12	0	0	0	0	0	0	0	0	0
C	Marios	65	296	13	1	41____	74739	12	0	0	0	0	0	0	1	0	0	0
C	Marios	65	296	13	1	41____	74745	12	0	0	1	0	0	0	0	0	0	0
C	Marios	65	296	13	1	41____	74806	12	0	0	0	0	0	0	1	0	0	0
C	Marios	65	296	13	1	41____	77952	12	0	0	0	1	0	0	0	0	0	0
C	Marios	65	296	13	1	41____	77992	12	0	0	0	0	0	0	0	1	0	0
C	Marios	65	296	13	1	41____	77998	12	15	2	0	1	0	0	0	0	0	0
C	Marios	65	296	13	1	41____	78084	15	0	0	0	0	0	0	0	1	0	0
C	Marios	65	296	13	1	41____	78090	15	0	0	0	1	0	0	0	0	0	0
C	Marios	65	296	13	1	41____	78098	15	12	0	0	0	0	0	0	0	0	0
C	Marios	65	296	13	1	41____	78161	12	0	0	0	0	0	0	0	1	0	0
C	Marios	65	296	13	1	41____	79169	12	0	0	1	0	0	0	0	0	0	0
C	Marios	65	296	13	1	41____	79871	12	0	0	0	0	0	0	1	0	0	0
C	Marios	65	296	13	1	41____	87349	12	13	1	1	0	0	0	0	0	0	0
C	Marios	65	296	13	1	41____	87449	13	12	0	0	0	0	0	0	0	0	0
C	Marios	65	296	13	1	41____	87698	12	0	0	0	0	0	0	1	0	0	0
C	Marios	65	296	13	1	41____	87701	12	0	0	1	0	0	0	0	0	0	0
C	Marios	65	296	13	1	41____	87779	12	0	0	0	0	0	0	1	0	0	0
C	Marios	65	296	13	1	41____	87784	12	13	1	1	0	0	0	0	0	0	0
C	Marios	65	296	13	1	41____	87847	13	0	0	0	0	0	0	1	0	0	0
C	Marios	65	296	13	1	41____	87851	13	0	0	1	0	0	0	0	0	0	0
C	Marios	65	296	13	1	41____	87883	13	0	0	0	0	0	0	1	0	0	0
C	Marios	65	296	13	1	41____	87884	13	12	0	0	0	0	0	0	0	0	0
C	Marios	65	296	13	1	41____	87888	12	0	0	1	0	0	0	0	0	0	0
C	Marios	65	296	13	1	41____	88079	12	0	0	0	0	0	0	1	0	0	0
C	Marios	65	296	13	1	41____	88088	12	13	1	1	0	0	0	0	0	0	0
C	Marios	65	296	13	1	41____	88188	13	12	0	0	0	0	0	0	0	0	0
C	Marios	65	296	13	1	41____	88270	12	0	0	0	0	0	0	1	0	0	0
C	Marios	65	296	13	1	41____	88275	12	0	0	1	0	0	0	0	0	0	0
C	Marios	65	296	13	1	41____	88333	12	0	0	0	0	0	0	1	0	0	0
C	Marios	65	296	13	1	41____	88339	12	13	1	1	0	0	0	0	0	0	0
C	Marios	65	296	13	1	41____	88370	13	0	0	0	0	0	0	1	0	0	0
C	Marios	65	296	13	1	41____	88439	13	12	0	0	0	0	0	0	0	0	0
C	Marios	65	296	13	1	41____	100740	12	0	0	1	0	0	0	0	0	0	0
C	Marios	65	296	13	1	41____	101057	12	0	0	0	0	0	0	1	0	0	0
C	Marios	65	296	13	1	41____	101066	12	17	0	0	0	0	0	0	0	0	0
C	Marios	65	296	13	1	41____	102566	17	-1	0	0	0	0	0	0	0	0	0
