Project	UserID	Protocol	Session	Station	Run	Subject	Time	Current State	Transition State	Transition Event	A1 - LLR	A2 - RLR	A3 - MAG	A4 - 	A[1] LLR_OFF	A[2] RLR_OFF	A[3] MAG_OFF	A[4] 
C	Marios	17	300	9	1	18____	0	0	1	0	0	0	0	0	0	0	0	0
C	Marios	17	300	9	1	18____	2182	1	0	0	1	0	0	0	0	0	0	0
C	Marios	17	300	9	1	18____	2184	1	0	0	0	0	0	0	1	0	0	0
C	Marios	17	300	9	1	18____	2434	1	2	2	0	1	0	0	0	0	0	0
C	Marios	17	300	9	1	18____	2455	2	0	0	0	0	0	0	0	1	0	0
C	Marios	17	300	9	1	18____	2684	2	1	0	0	0	0	0	0	0	0	0
C	Marios	17	300	9	1	18____	3069	1	0	0	0	1	0	0	0	0	0	0
C	Marios	17	300	9	1	18____	3082	1	0	0	0	0	0	0	0	1	0	0
C	Marios	17	300	9	1	18____	7695	1	0	0	1	0	0	0	0	0	0	0
C	Marios	17	300	9	1	18____	7702	1	0	0	0	0	0	0	1	0	0	0
C	Marios	17	300	9	1	18____	9093	1	3	1	1	0	0	0	0	0	0	0
C	Marios	17	300	9	1	18____	9100	3	0	0	0	0	0	0	1	0	0	0
C	Marios	17	300	9	1	18____	9343	3	1	0	0	0	0	0	0	0	0	0
C	Marios	17	300	9	1	18____	9862	1	0	0	1	0	0	0	0	0	0	0
C	Marios	17	300	9	1	18____	9865	1	0	0	0	0	0	0	1	0	0	0
C	Marios	17	300	9	1	18____	9882	1	3	1	1	0	0	0	0	0	0	0
C	Marios	17	300	9	1	18____	9892	3	0	0	0	0	0	0	1	0	0	0
C	Marios	17	300	9	1	18____	10132	3	1	0	0	0	0	0	0	0	0	0
C	Marios	17	300	9	1	18____	16200	1	0	0	0	1	0	0	0	0	0	0
C	Marios	17	300	9	1	18____	16225	1	0	0	0	0	0	0	0	1	0	0
C	Marios	17	300	9	1	18____	16226	1	2	2	0	1	0	0	0	0	0	0
C	Marios	17	300	9	1	18____	16239	2	0	0	0	0	0	0	0	1	0	0
C	Marios	17	300	9	1	18____	16476	2	1	0	0	0	0	0	0	0	0	0
C	Marios	17	300	9	1	18____	27777	1	3	1	1	0	0	0	0	0	0	0
C	Marios	17	300	9	1	18____	27788	3	0	0	0	0	0	0	1	0	0	0
C	Marios	17	300	9	1	18____	28027	3	1	0	0	0	0	0	0	0	0	0
C	Marios	17	300	9	1	18____	28449	1	3	1	1	0	0	0	0	0	0	0
C	Marios	17	300	9	1	18____	28470	3	0	0	0	0	0	0	1	0	0	0
C	Marios	17	300	9	1	18____	28699	3	1	0	0	0	0	0	0	0	0	0
C	Marios	17	300	9	1	18____	28873	1	0	0	1	0	0	0	0	0	0	0
C	Marios	17	300	9	1	18____	28892	1	0	0	0	0	0	0	1	0	0	0
C	Marios	17	300	9	1	18____	29149	1	3	1	1	0	0	0	0	0	0	0
C	Marios	17	300	9	1	18____	29173	3	0	0	0	0	0	0	1	0	0	0
C	Marios	17	300	9	1	18____	29196	3	0	0	1	0	0	0	0	0	0	0
C	Marios	17	300	9	1	18____	29242	3	0	0	0	0	0	0	1	0	0	0
C	Marios	17	300	9	1	18____	29265	3	0	0	1	0	0	0	0	0	0	0
C	Marios	17	300	9	1	18____	29275	3	0	0	0	0	0	0	1	0	0	0
C	Marios	17	300	9	1	18____	29289	3	0	0	1	0	0	0	0	0	0	0
C	Marios	17	300	9	1	18____	29296	3	0	0	0	0	0	0	1	0	0	0
C	Marios	17	300	9	1	18____	29399	3	1	0	0	0	0	0	0	0	0	0
C	Marios	17	300	9	1	18____	31108	1	3	1	1	0	0	0	0	0	0	0
C	Marios	17	300	9	1	18____	31113	3	0	0	0	0	0	0	1	0	0	0
C	Marios	17	300	9	1	18____	31358	3	1	0	0	0	0	0	0	0	0	0
C	Marios	17	300	9	1	18____	40925	1	0	0	1	0	0	0	0	0	0	0
C	Marios	17	300	9	1	18____	40979	1	0	0	0	0	0	0	1	0	0	0
C	Marios	17	300	9	1	18____	52121	1	3	1	1	0	0	0	0	0	0	0
C	Marios	17	300	9	1	18____	52130	3	0	0	0	0	0	0	1	0	0	0
C	Marios	17	300	9	1	18____	52371	3	1	0	0	0	0	0	0	0	0	0
C	Marios	17	300	9	1	18____	52577	1	0	0	1	0	0	0	0	0	0	0
C	Marios	17	300	9	1	18____	52623	1	0	0	0	0	0	0	1	0	0	0
C	Marios	17	300	9	1	18____	54466	1	3	1	1	0	0	0	0	0	0	0
C	Marios	17	300	9	1	18____	54489	3	0	0	0	0	0	0	1	0	0	0
C	Marios	17	300	9	1	18____	54564	3	0	0	1	0	0	0	0	0	0	0
C	Marios	17	300	9	1	18____	54586	3	0	0	0	0	0	0	1	0	0	0
C	Marios	17	300	9	1	18____	54589	3	0	0	1	0	0	0	0	0	0	0
C	Marios	17	300	9	1	18____	54616	3	0	0	0	0	0	0	1	0	0	0
C	Marios	17	300	9	1	18____	54621	3	0	0	1	0	0	0	0	0	0	0
C	Marios	17	300	9	1	18____	54660	3	0	0	0	0	0	0	1	0	0	0
C	Marios	17	300	9	1	18____	54716	3	1	0	0	0	0	0	0	0	0	0
C	Marios	17	300	9	1	18____	57726	1	0	0	1	0	0	0	0	0	0	0
C	Marios	17	300	9	1	18____	57730	1	0	0	0	0	0	0	1	0	0	0
C	Marios	17	300	9	1	18____	65868	1	3	1	1	0	0	0	0	0	0	0
C	Marios	17	300	9	1	18____	65875	3	0	0	0	0	0	0	1	0	0	0
C	Marios	17	300	9	1	18____	66118	3	1	0	0	0	0	0	0	0	0	0
C	Marios	17	300	9	1	18____	67828	1	0	0	1	0	0	0	0	0	0	0
C	Marios	17	300	9	1	18____	67837	1	0	0	0	0	0	0	1	0	0	0
C	Marios	17	300	9	1	18____	67846	1	0	0	1	0	0	0	0	0	0	0
C	Marios	17	300	9	1	18____	67866	1	0	0	0	0	0	0	1	0	0	0
C	Marios	17	300	9	1	18____	67877	1	3	1	1	0	0	0	0	0	0	0
C	Marios	17	300	9	1	18____	67908	3	0	0	0	0	0	0	1	0	0	0
C	Marios	17	300	9	1	18____	68127	3	1	0	0	0	0	0	0	0	0	0
C	Marios	17	300	9	1	18____	69097	1	0	0	1	0	0	0	0	0	0	0
C	Marios	17	300	9	1	18____	69109	1	0	0	0	0	0	0	1	0	0	0
C	Marios	17	300	9	1	18____	69148	1	3	1	1	0	0	0	0	0	0	0
C	Marios	17	300	9	1	18____	69159	3	0	0	0	0	0	0	1	0	0	0
C	Marios	17	300	9	1	18____	69160	3	0	0	1	0	0	0	0	0	0	0
C	Marios	17	300	9	1	18____	69179	3	0	0	0	0	0	0	1	0	0	0
C	Marios	17	300	9	1	18____	69243	3	0	0	1	0	0	0	0	0	0	0
C	Marios	17	300	9	1	18____	69286	3	0	0	0	0	0	0	1	0	0	0
C	Marios	17	300	9	1	18____	69398	3	1	0	0	0	0	0	0	0	0	0
C	Marios	17	300	9	1	18____	71044	1	3	1	1	0	0	0	0	0	0	0
C	Marios	17	300	9	1	18____	71112	3	0	0	0	0	0	0	1	0	0	0
C	Marios	17	300	9	1	18____	71127	3	0	0	1	0	0	0	0	0	0	0
C	Marios	17	300	9	1	18____	71137	3	0	0	0	0	0	0	1	0	0	0
C	Marios	17	300	9	1	18____	71294	3	1	0	0	0	0	0	0	0	0	0
C	Marios	17	300	9	1	18____	72560	1	3	1	1	0	0	0	0	0	0	0
C	Marios	17	300	9	1	18____	72581	3	0	0	0	0	0	0	1	0	0	0
C	Marios	17	300	9	1	18____	72587	3	0	0	1	0	0	0	0	0	0	0
C	Marios	17	300	9	1	18____	72603	3	0	0	0	0	0	0	1	0	0	0
C	Marios	17	300	9	1	18____	72615	3	0	0	1	0	0	0	0	0	0	0
C	Marios	17	300	9	1	18____	72618	3	0	0	0	0	0	0	1	0	0	0
C	Marios	17	300	9	1	18____	72810	3	1	0	0	0	0	0	0	0	0	0
C	Marios	17	300	9	1	18____	73613	1	3	1	1	0	0	0	0	0	0	0
C	Marios	17	300	9	1	18____	73661	3	0	0	0	0	0	0	1	0	0	0
C	Marios	17	300	9	1	18____	73863	3	1	0	0	0	0	0	0	0	0	0
C	Marios	17	300	9	1	18____	90000	1	4	0	0	0	0	0	0	0	0	0
C	Marios	17	300	9	1	18____	90250	4	-1	0	0	0	0	0	0	0	0	0
C	Marios	17	300	10	1	20____	0	0	1	0	0	0	0	0	0	0	0	0
C	Marios	17	300	10	1	20____	9289	1	2	2	0	1	0	0	0	0	0	0
C	Marios	17	300	10	1	20____	9295	2	0	0	0	0	0	0	0	1	0	0
C	Marios	17	300	10	1	20____	9539	2	1	0	0	0	0	0	0	0	0	0
C	Marios	17	300	10	1	20____	11399	1	0	0	0	1	0	0	0	0	0	0
C	Marios	17	300	10	1	20____	11400	1	0	0	0	0	0	0	0	1	0	0
C	Marios	17	300	10	1	20____	28263	1	0	0	1	0	0	0	0	0	0	0
C	Marios	17	300	10	1	20____	28272	1	0	0	0	0	0	0	1	0	0	0
C	Marios	17	300	10	1	20____	28338	1	3	1	1	0	0	0	0	0	0	0
C	Marios	17	300	10	1	20____	28352	3	0	0	0	0	0	0	1	0	0	0
C	Marios	17	300	10	1	20____	28588	3	1	0	0	0	0	0	0	0	0	0
C	Marios	17	300	10	1	20____	29002	1	3	1	1	0	0	0	0	0	0	0
C	Marios	17	300	10	1	20____	29012	3	0	0	0	0	0	0	1	0	0	0
C	Marios	17	300	10	1	20____	29252	3	1	0	0	0	0	0	0	0	0	0
C	Marios	17	300	10	1	20____	34494	1	0	0	1	0	0	0	0	0	0	0
C	Marios	17	300	10	1	20____	34508	1	0	0	0	0	0	0	1	0	0	0
C	Marios	17	300	10	1	20____	34790	1	3	1	1	0	0	0	0	0	0	0
C	Marios	17	300	10	1	20____	34802	3	0	0	0	0	0	0	1	0	0	0
C	Marios	17	300	10	1	20____	35040	3	1	0	0	0	0	0	0	0	0	0
C	Marios	17	300	10	1	20____	43691	1	3	1	1	0	0	0	0	0	0	0
C	Marios	17	300	10	1	20____	43699	3	0	0	0	0	0	0	1	0	0	0
C	Marios	17	300	10	1	20____	43941	3	1	0	0	0	0	0	0	0	0	0
C	Marios	17	300	10	1	20____	46204	1	0	0	1	0	0	0	0	0	0	0
C	Marios	17	300	10	1	20____	46596	1	0	0	0	0	0	0	1	0	0	0
C	Marios	17	300	10	1	20____	46737	1	3	1	1	0	0	0	0	0	0	0
C	Marios	17	300	10	1	20____	46751	3	0	0	0	0	0	0	1	0	0	0
C	Marios	17	300	10	1	20____	46987	3	1	0	0	0	0	0	0	0	0	0
C	Marios	17	300	10	1	20____	47646	1	0	0	1	0	0	0	0	0	0	0
C	Marios	17	300	10	1	20____	47943	1	0	0	0	0	0	0	1	0	0	0
C	Marios	17	300	10	1	20____	47947	1	3	1	1	0	0	0	0	0	0	0
C	Marios	17	300	10	1	20____	47972	3	0	0	0	0	0	0	1	0	0	0
C	Marios	17	300	10	1	20____	48197	3	1	0	0	0	0	0	0	0	0	0
C	Marios	17	300	10	1	20____	48535	1	0	0	1	0	0	0	0	0	0	0
C	Marios	17	300	10	1	20____	48819	1	0	0	0	0	0	0	1	0	0	0
C	Marios	17	300	10	1	20____	48891	1	3	1	1	0	0	0	0	0	0	0
C	Marios	17	300	10	1	20____	48905	3	0	0	0	0	0	0	1	0	0	0
C	Marios	17	300	10	1	20____	49141	3	1	0	0	0	0	0	0	0	0	0
C	Marios	17	300	10	1	20____	49650	1	3	1	1	0	0	0	0	0	0	0
C	Marios	17	300	10	1	20____	49661	3	0	0	0	0	0	0	1	0	0	0
C	Marios	17	300	10	1	20____	49900	3	1	0	0	0	0	0	0	0	0	0
C	Marios	17	300	10	1	20____	50837	1	0	0	1	0	0	0	0	0	0	0
C	Marios	17	300	10	1	20____	50850	1	0	0	0	0	0	0	1	0	0	0
C	Marios	17	300	10	1	20____	50855	1	0	0	1	0	0	0	0	0	0	0
C	Marios	17	300	10	1	20____	51179	1	0	0	0	0	0	0	1	0	0	0
C	Marios	17	300	10	1	20____	51248	1	3	1	1	0	0	0	0	0	0	0
C	Marios	17	300	10	1	20____	51261	3	0	0	0	0	0	0	1	0	0	0
C	Marios	17	300	10	1	20____	51498	3	1	0	0	0	0	0	0	0	0	0
C	Marios	17	300	10	1	20____	52402	1	3	1	1	0	0	0	0	0	0	0
C	Marios	17	300	10	1	20____	52407	3	0	0	0	0	0	0	1	0	0	0
C	Marios	17	300	10	1	20____	52652	3	1	0	0	0	0	0	0	0	0	0
C	Marios	17	300	10	1	20____	53026	1	3	1	1	0	0	0	0	0	0	0
C	Marios	17	300	10	1	20____	53038	3	0	0	0	0	0	0	1	0	0	0
C	Marios	17	300	10	1	20____	53276	3	1	0	0	0	0	0	0	0	0	0
C	Marios	17	300	10	1	20____	53604	1	0	0	1	0	0	0	0	0	0	0
C	Marios	17	300	10	1	20____	53716	1	0	0	0	0	0	0	1	0	0	0
C	Marios	17	300	10	1	20____	53747	1	3	1	1	0	0	0	0	0	0	0
C	Marios	17	300	10	1	20____	53765	3	0	0	0	0	0	0	1	0	0	0
C	Marios	17	300	10	1	20____	53997	3	1	0	0	0	0	0	0	0	0	0
C	Marios	17	300	10	1	20____	55177	1	0	0	1	0	0	0	0	0	0	0
C	Marios	17	300	10	1	20____	55187	1	0	0	0	0	0	0	1	0	0	0
C	Marios	17	300	10	1	20____	55213	1	0	0	1	0	0	0	0	0	0	0
C	Marios	17	300	10	1	20____	55228	1	0	0	0	0	0	0	1	0	0	0
C	Marios	17	300	10	1	20____	58697	1	0	0	0	1	0	0	0	0	0	0
C	Marios	17	300	10	1	20____	58735	1	0	0	0	0	0	0	0	1	0	0
C	Marios	17	300	10	1	20____	59018	1	2	2	0	1	0	0	0	0	0	0
C	Marios	17	300	10	1	20____	59036	2	0	0	0	0	0	0	0	1	0	0
C	Marios	17	300	10	1	20____	59268	2	1	0	0	0	0	0	0	0	0	0
C	Marios	17	300	10	1	20____	60770	1	0	0	1	0	0	0	0	0	0	0
C	Marios	17	300	10	1	20____	61175	1	0	0	0	0	0	0	1	0	0	0
C	Marios	17	300	10	1	20____	61185	1	0	0	1	0	0	0	0	0	0	0
C	Marios	17	300	10	1	20____	61838	1	0	0	0	0	0	0	1	0	0	0
C	Marios	17	300	10	1	20____	61999	1	3	1	1	0	0	0	0	0	0	0
C	Marios	17	300	10	1	20____	62020	3	0	0	0	0	0	0	1	0	0	0
C	Marios	17	300	10	1	20____	62249	3	1	0	0	0	0	0	0	0	0	0
C	Marios	17	300	10	1	20____	64091	1	0	0	1	0	0	0	0	0	0	0
C	Marios	17	300	10	1	20____	64098	1	0	0	0	0	0	0	1	0	0	0
C	Marios	17	300	10	1	20____	64373	1	0	0	1	0	0	0	0	0	0	0
C	Marios	17	300	10	1	20____	64394	1	0	0	0	0	0	0	1	0	0	0
C	Marios	17	300	10	1	20____	64518	1	3	1	1	0	0	0	0	0	0	0
C	Marios	17	300	10	1	20____	64529	3	0	0	0	0	0	0	1	0	0	0
C	Marios	17	300	10	1	20____	64768	3	1	0	0	0	0	0	0	0	0	0
C	Marios	17	300	10	1	20____	65197	1	3	1	1	0	0	0	0	0	0	0
C	Marios	17	300	10	1	20____	65215	3	0	0	0	0	0	0	1	0	0	0
C	Marios	17	300	10	1	20____	65447	3	1	0	0	0	0	0	0	0	0	0
C	Marios	17	300	10	1	20____	66239	1	0	0	1	0	0	0	0	0	0	0
C	Marios	17	300	10	1	20____	66292	1	0	0	0	0	0	0	1	0	0	0
C	Marios	17	300	10	1	20____	66353	1	0	0	1	0	0	0	0	0	0	0
C	Marios	17	300	10	1	20____	66388	1	0	0	0	0	0	0	1	0	0	0
C	Marios	17	300	10	1	20____	66424	1	3	1	1	0	0	0	0	0	0	0
C	Marios	17	300	10	1	20____	66434	3	0	0	0	0	0	0	1	0	0	0
C	Marios	17	300	10	1	20____	66674	3	1	0	0	0	0	0	0	0	0	0
C	Marios	17	300	10	1	20____	66842	1	0	0	1	0	0	0	0	0	0	0
C	Marios	17	300	10	1	20____	66989	1	0	0	0	0	0	0	1	0	0	0
C	Marios	17	300	10	1	20____	67014	1	3	1	1	0	0	0	0	0	0	0
C	Marios	17	300	10	1	20____	67017	3	0	0	0	0	0	0	1	0	0	0
C	Marios	17	300	10	1	20____	67067	3	0	0	1	0	0	0	0	0	0	0
C	Marios	17	300	10	1	20____	67073	3	0	0	0	0	0	0	1	0	0	0
C	Marios	17	300	10	1	20____	67264	3	1	0	0	0	0	0	0	0	0	0
C	Marios	17	300	10	1	20____	68364	1	0	0	1	0	0	0	0	0	0	0
C	Marios	17	300	10	1	20____	68444	1	0	0	0	0	0	0	1	0	0	0
C	Marios	17	300	10	1	20____	68510	1	3	1	1	0	0	0	0	0	0	0
C	Marios	17	300	10	1	20____	68564	3	0	0	0	0	0	0	1	0	0	0
C	Marios	17	300	10	1	20____	68760	3	1	0	0	0	0	0	0	0	0	0
C	Marios	17	300	10	1	20____	68875	1	0	0	1	0	0	0	0	0	0	0
C	Marios	17	300	10	1	20____	68924	1	0	0	0	0	0	0	1	0	0	0
C	Marios	17	300	10	1	20____	69063	1	3	1	1	0	0	0	0	0	0	0
C	Marios	17	300	10	1	20____	69072	3	0	0	0	0	0	0	1	0	0	0
C	Marios	17	300	10	1	20____	69313	3	1	0	0	0	0	0	0	0	0	0
C	Marios	17	300	10	1	20____	69849	1	0	0	1	0	0	0	0	0	0	0
C	Marios	17	300	10	1	20____	69868	1	0	0	0	0	0	0	1	0	0	0
C	Marios	17	300	10	1	20____	69882	1	3	1	1	0	0	0	0	0	0	0
C	Marios	17	300	10	1	20____	69896	3	0	0	0	0	0	0	1	0	0	0
C	Marios	17	300	10	1	20____	70116	3	0	0	1	0	0	0	0	0	0	0
C	Marios	17	300	10	1	20____	70127	3	0	0	0	0	0	0	1	0	0	0
C	Marios	17	300	10	1	20____	70132	3	1	0	0	0	0	0	0	0	0	0
C	Marios	17	300	10	1	20____	70368	1	3	1	1	0	0	0	0	0	0	0
C	Marios	17	300	10	1	20____	70379	3	0	0	0	0	0	0	1	0	0	0
C	Marios	17	300	10	1	20____	70618	3	1	0	0	0	0	0	0	0	0	0
C	Marios	17	300	10	1	20____	71186	1	0	0	1	0	0	0	0	0	0	0
C	Marios	17	300	10	1	20____	71190	1	0	0	0	0	0	0	1	0	0	0
C	Marios	17	300	10	1	20____	71443	1	0	0	1	0	0	0	0	0	0	0
C	Marios	17	300	10	1	20____	71459	1	0	0	0	0	0	0	1	0	0	0
C	Marios	17	300	10	1	20____	71480	1	3	1	1	0	0	0	0	0	0	0
C	Marios	17	300	10	1	20____	71491	3	0	0	0	0	0	0	1	0	0	0
C	Marios	17	300	10	1	20____	71536	3	0	0	1	0	0	0	0	0	0	0
C	Marios	17	300	10	1	20____	71544	3	0	0	0	0	0	0	1	0	0	0
C	Marios	17	300	10	1	20____	71730	3	1	0	0	0	0	0	0	0	0	0
C	Marios	17	300	10	1	20____	71763	1	0	0	0	1	0	0	0	0	0	0
C	Marios	17	300	10	1	20____	71772	1	0	0	0	0	0	0	0	1	0	0
C	Marios	17	300	10	1	20____	71803	1	0	0	0	1	0	0	0	0	0	0
C	Marios	17	300	10	1	20____	71817	1	0	0	0	0	0	0	0	1	0	0
C	Marios	17	300	10	1	20____	71819	1	2	2	0	1	0	0	0	0	0	0
C	Marios	17	300	10	1	20____	71831	2	0	0	0	0	0	0	0	1	0	0
C	Marios	17	300	10	1	20____	71877	2	0	0	0	1	0	0	0	0	0	0
C	Marios	17	300	10	1	20____	71893	2	0	0	0	0	0	0	0	1	0	0
C	Marios	17	300	10	1	20____	72069	2	1	0	0	0	0	0	0	0	0	0
C	Marios	17	300	10	1	20____	72903	1	0	0	1	0	0	0	0	0	0	0
C	Marios	17	300	10	1	20____	72918	1	0	0	0	0	0	0	1	0	0	0
C	Marios	17	300	10	1	20____	73139	1	0	0	1	0	0	0	0	0	0	0
C	Marios	17	300	10	1	20____	73146	1	0	0	0	0	0	0	1	0	0	0
C	Marios	17	300	10	1	20____	73207	1	3	1	1	0	0	0	0	0	0	0
C	Marios	17	300	10	1	20____	73215	3	0	0	0	0	0	0	1	0	0	0
C	Marios	17	300	10	1	20____	73457	3	1	0	0	0	0	0	0	0	0	0
C	Marios	17	300	10	1	20____	76485	1	0	0	1	0	0	0	0	0	0	0
C	Marios	17	300	10	1	20____	76657	1	0	0	0	0	0	0	1	0	0	0
C	Marios	17	300	10	1	20____	76884	1	0	0	1	0	0	0	0	0	0	0
C	Marios	17	300	10	1	20____	76958	1	0	0	0	0	0	0	1	0	0	0
C	Marios	17	300	10	1	20____	77025	1	3	1	1	0	0	0	0	0	0	0
C	Marios	17	300	10	1	20____	77065	3	0	0	0	0	0	0	1	0	0	0
C	Marios	17	300	10	1	20____	77192	3	0	0	1	0	0	0	0	0	0	0
C	Marios	17	300	10	1	20____	77229	3	0	0	0	0	0	0	1	0	0	0
C	Marios	17	300	10	1	20____	77275	3	1	0	0	0	0	0	0	0	0	0
C	Marios	17	300	10	1	20____	80036	1	0	0	1	0	0	0	0	0	0	0
C	Marios	17	300	10	1	20____	80038	1	0	0	0	0	0	0	1	0	0	0
C	Marios	17	300	10	1	20____	90000	1	4	0	0	0	0	0	0	0	0	0
C	Marios	17	300	10	1	20____	90250	4	-1	0	0	0	0	0	0	0	0	0
C	Marios	17	300	12	1	22____	0	0	1	0	0	0	0	0	0	0	0	0
C	Marios	17	300	12	1	22____	1581	1	2	2	0	1	0	0	0	0	0	0
C	Marios	17	300	12	1	22____	1600	2	0	0	0	0	0	0	0	1	0	0
C	Marios	17	300	12	1	22____	1831	2	1	0	0	0	0	0	0	0	0	0
C	Marios	17	300	12	1	22____	2841	1	2	2	0	1	0	0	0	0	0	0
C	Marios	17	300	12	1	22____	2870	2	0	0	0	0	0	0	0	1	0	0
C	Marios	17	300	12	1	22____	3091	2	1	0	0	0	0	0	0	0	0	0
C	Marios	17	300	12	1	22____	3600	1	0	0	1	0	0	0	0	0	0	0
C	Marios	17	300	12	1	22____	3659	1	0	0	0	0	0	0	1	0	0	0
C	Marios	17	300	12	1	22____	3717	1	3	1	1	0	0	0	0	0	0	0
C	Marios	17	300	12	1	22____	3733	3	0	0	0	0	0	0	1	0	0	0
C	Marios	17	300	12	1	22____	3967	3	1	0	0	0	0	0	0	0	0	0
C	Marios	17	300	12	1	22____	4118	1	0	0	1	0	0	0	0	0	0	0
C	Marios	17	300	12	1	22____	4171	1	0	0	0	0	0	0	1	0	0	0
C	Marios	17	300	12	1	22____	4377	1	0	0	1	0	0	0	0	0	0	0
C	Marios	17	300	12	1	22____	4391	1	0	0	0	0	0	0	1	0	0	0
C	Marios	17	300	12	1	22____	4405	1	3	1	1	0	0	0	0	0	0	0
C	Marios	17	300	12	1	22____	4407	3	0	0	0	0	0	0	1	0	0	0
C	Marios	17	300	12	1	22____	4411	3	0	0	1	0	0	0	0	0	0	0
C	Marios	17	300	12	1	22____	4417	3	0	0	0	0	0	0	1	0	0	0
C	Marios	17	300	12	1	22____	4655	3	1	0	0	0	0	0	0	0	0	0
C	Marios	17	300	12	1	22____	5160	1	0	0	0	1	0	0	0	0	0	0
C	Marios	17	300	12	1	22____	5179	1	0	0	0	0	0	0	0	1	0	0
C	Marios	17	300	12	1	22____	5185	1	2	2	0	1	0	0	0	0	0	0
C	Marios	17	300	12	1	22____	5250	2	0	0	0	0	0	0	0	1	0	0
C	Marios	17	300	12	1	22____	5435	2	1	0	0	0	0	0	0	0	0	0
C	Marios	17	300	12	1	22____	5585	1	2	2	0	1	0	0	0	0	0	0
C	Marios	17	300	12	1	22____	5588	2	0	0	0	0	0	0	0	1	0	0
C	Marios	17	300	12	1	22____	5835	2	1	0	0	0	0	0	0	0	0	0
C	Marios	17	300	12	1	22____	6253	1	2	2	0	1	0	0	0	0	0	0
C	Marios	17	300	12	1	22____	6380	2	0	0	0	0	0	0	0	1	0	0
C	Marios	17	300	12	1	22____	6503	2	1	0	0	0	0	0	0	0	0	0
C	Marios	17	300	12	1	22____	6644	1	2	2	0	1	0	0	0	0	0	0
C	Marios	17	300	12	1	22____	6798	2	0	0	0	0	0	0	0	1	0	0
C	Marios	17	300	12	1	22____	6894	2	1	0	0	0	0	0	0	0	0	0
C	Marios	17	300	12	1	22____	7043	1	0	0	0	1	0	0	0	0	0	0
C	Marios	17	300	12	1	22____	7047	1	0	0	0	0	0	0	0	1	0	0
C	Marios	17	300	12	1	22____	7105	1	2	2	0	1	0	0	0	0	0	0
C	Marios	17	300	12	1	22____	7114	2	0	0	0	0	0	0	0	1	0	0
C	Marios	17	300	12	1	22____	7355	2	1	0	0	0	0	0	0	0	0	0
C	Marios	17	300	12	1	22____	7577	1	2	2	0	1	0	0	0	0	0	0
C	Marios	17	300	12	1	22____	7626	2	0	0	0	0	0	0	0	1	0	0
C	Marios	17	300	12	1	22____	7827	2	1	0	0	0	0	0	0	0	0	0
C	Marios	17	300	12	1	22____	8315	1	0	0	1	0	0	0	0	0	0	0
C	Marios	17	300	12	1	22____	8389	1	0	0	0	0	0	0	1	0	0	0
C	Marios	17	300	12	1	22____	10993	1	2	2	0	1	0	0	0	0	0	0
C	Marios	17	300	12	1	22____	11003	2	0	0	0	0	0	0	0	1	0	0
C	Marios	17	300	12	1	22____	11026	2	0	0	0	1	0	0	0	0	0	0
C	Marios	17	300	12	1	22____	11029	2	0	0	0	0	0	0	0	1	0	0
C	Marios	17	300	12	1	22____	11243	2	1	0	0	0	0	0	0	0	0	0
C	Marios	17	300	12	1	22____	11377	1	0	0	0	1	0	0	0	0	0	0
C	Marios	17	300	12	1	22____	11394	1	0	0	0	0	0	0	0	1	0	0
C	Marios	17	300	12	1	22____	11403	1	2	2	0	1	0	0	0	0	0	0
C	Marios	17	300	12	1	22____	11435	2	0	0	0	0	0	0	0	1	0	0
C	Marios	17	300	12	1	22____	11441	2	0	0	0	1	0	0	0	0	0	0
C	Marios	17	300	12	1	22____	11464	2	0	0	0	0	0	0	0	1	0	0
C	Marios	17	300	12	1	22____	11653	2	1	0	0	0	0	0	0	0	0	0
C	Marios	17	300	12	1	22____	13333	1	0	0	0	1	0	0	0	0	0	0
C	Marios	17	300	12	1	22____	13380	1	0	0	0	0	0	0	0	1	0	0
C	Marios	17	300	12	1	22____	13388	1	2	2	0	1	0	0	0	0	0	0
C	Marios	17	300	12	1	22____	13412	2	0	0	0	0	0	0	0	1	0	0
C	Marios	17	300	12	1	22____	13638	2	1	0	0	0	0	0	0	0	0	0
C	Marios	17	300	12	1	22____	13750	1	0	0	0	1	0	0	0	0	0	0
C	Marios	17	300	12	1	22____	13770	1	0	0	0	0	0	0	0	1	0	0
C	Marios	17	300	12	1	22____	13774	1	2	2	0	1	0	0	0	0	0	0
C	Marios	17	300	12	1	22____	13824	2	0	0	0	0	0	0	0	1	0	0
C	Marios	17	300	12	1	22____	13830	2	0	0	0	1	0	0	0	0	0	0
C	Marios	17	300	12	1	22____	13847	2	0	0	0	0	0	0	0	1	0	0
C	Marios	17	300	12	1	22____	14024	2	1	0	0	0	0	0	0	0	0	0
C	Marios	17	300	12	1	22____	14270	1	2	2	0	1	0	0	0	0	0	0
C	Marios	17	300	12	1	22____	14369	2	0	0	0	0	0	0	0	1	0	0
C	Marios	17	300	12	1	22____	14520	2	1	0	0	0	0	0	0	0	0	0
C	Marios	17	300	12	1	22____	15096	1	0	0	0	1	0	0	0	0	0	0
C	Marios	17	300	12	1	22____	15185	1	0	0	0	0	0	0	0	1	0	0
C	Marios	17	300	12	1	22____	17125	1	0	0	1	0	0	0	0	0	0	0
C	Marios	17	300	12	1	22____	17160	1	0	0	0	0	0	0	1	0	0	0
C	Marios	17	300	12	1	22____	17646	1	0	0	0	1	0	0	0	0	0	0
C	Marios	17	300	12	1	22____	17688	1	0	0	0	0	0	0	0	1	0	0
C	Marios	17	300	12	1	22____	20507	1	0	0	1	0	0	0	0	0	0	0
C	Marios	17	300	12	1	22____	20510	1	0	0	0	0	0	0	1	0	0	0
C	Marios	17	300	12	1	22____	20525	1	3	1	1	0	0	0	0	0	0	0
C	Marios	17	300	12	1	22____	20537	3	0	0	0	0	0	0	1	0	0	0
C	Marios	17	300	12	1	22____	20539	3	0	0	1	0	0	0	0	0	0	0
C	Marios	17	300	12	1	22____	20561	3	0	0	0	0	0	0	1	0	0	0
C	Marios	17	300	12	1	22____	20775	3	1	0	0	0	0	0	0	0	0	0
C	Marios	17	300	12	1	22____	21126	1	0	0	0	1	0	0	0	0	0	0
C	Marios	17	300	12	1	22____	21140	1	0	0	0	0	0	0	0	1	0	0
C	Marios	17	300	12	1	22____	21146	1	0	0	0	1	0	0	0	0	0	0
C	Marios	17	300	12	1	22____	21180	1	0	0	0	0	0	0	0	1	0	0
C	Marios	17	300	12	1	22____	21650	1	0	0	1	0	0	0	0	0	0	0
C	Marios	17	300	12	1	22____	21691	1	0	0	0	0	0	0	1	0	0	0
C	Marios	17	300	12	1	22____	21783	1	3	1	1	0	0	0	0	0	0	0
C	Marios	17	300	12	1	22____	21795	3	0	0	0	0	0	0	1	0	0	0
C	Marios	17	300	12	1	22____	21832	3	0	0	1	0	0	0	0	0	0	0
C	Marios	17	300	12	1	22____	21837	3	0	0	0	0	0	0	1	0	0	0
C	Marios	17	300	12	1	22____	22033	3	1	0	0	0	0	0	0	0	0	0
C	Marios	17	300	12	1	22____	22227	1	0	0	0	1	0	0	0	0	0	0
C	Marios	17	300	12	1	22____	22264	1	0	0	0	0	0	0	0	1	0	0
C	Marios	17	300	12	1	22____	22348	1	0	0	1	0	0	0	0	0	0	0
C	Marios	17	300	12	1	22____	22356	1	0	0	0	0	0	0	1	0	0	0
C	Marios	17	300	12	1	22____	22920	1	0	0	0	1	0	0	0	0	0	0
C	Marios	17	300	12	1	22____	23051	1	0	0	0	0	0	0	0	1	0	0
C	Marios	17	300	12	1	22____	23658	1	2	2	0	1	0	0	0	0	0	0
C	Marios	17	300	12	1	22____	23700	2	0	0	0	0	0	0	0	1	0	0
C	Marios	17	300	12	1	22____	23908	2	1	0	0	0	0	0	0	0	0	0
C	Marios	17	300	12	1	22____	26380	1	0	0	0	1	0	0	0	0	0	0
C	Marios	17	300	12	1	22____	26405	1	0	0	0	0	0	0	0	1	0	0
C	Marios	17	300	12	1	22____	26406	1	2	2	0	1	0	0	0	0	0	0
C	Marios	17	300	12	1	22____	26407	2	0	0	0	0	0	0	0	1	0	0
C	Marios	17	300	12	1	22____	26416	2	0	0	0	1	0	0	0	0	0	0
C	Marios	17	300	12	1	22____	26437	2	0	0	0	0	0	0	0	1	0	0
C	Marios	17	300	12	1	22____	26656	2	1	0	0	0	0	0	0	0	0	0
C	Marios	17	300	12	1	22____	27238	1	2	2	0	1	0	0	0	0	0	0
C	Marios	17	300	12	1	22____	27285	2	0	0	0	0	0	0	0	1	0	0
C	Marios	17	300	12	1	22____	27488	2	1	0	0	0	0	0	0	0	0	0
C	Marios	17	300	12	1	22____	27869	1	0	0	1	0	0	0	0	0	0	0
C	Marios	17	300	12	1	22____	27944	1	0	0	0	0	0	0	1	0	0	0
C	Marios	17	300	12	1	22____	28242	1	0	0	0	1	0	0	0	0	0	0
C	Marios	17	300	12	1	22____	28436	1	0	0	0	0	0	0	0	1	0	0
C	Marios	17	300	12	1	22____	37441	1	2	2	0	1	0	0	0	0	0	0
C	Marios	17	300	12	1	22____	37688	2	0	0	0	0	0	0	0	1	0	0
C	Marios	17	300	12	1	22____	37691	2	1	0	0	0	0	0	0	0	0	0
C	Marios	17	300	12	1	22____	37694	1	0	0	0	1	0	0	0	0	0	0
C	Marios	17	300	12	1	22____	37728	1	0	0	0	0	0	0	0	1	0	0
C	Marios	17	300	12	1	22____	47030	1	0	0	0	1	0	0	0	0	0	0
C	Marios	17	300	12	1	22____	47032	1	0	0	0	0	0	0	0	1	0	0
C	Marios	17	300	12	1	22____	47037	1	2	2	0	1	0	0	0	0	0	0
C	Marios	17	300	12	1	22____	47105	2	0	0	0	0	0	0	0	1	0	0
C	Marios	17	300	12	1	22____	47287	2	1	0	0	0	0	0	0	0	0	0
C	Marios	17	300	12	1	22____	47663	1	2	2	0	1	0	0	0	0	0	0
C	Marios	17	300	12	1	22____	47740	2	0	0	0	0	0	0	0	1	0	0
C	Marios	17	300	12	1	22____	47913	2	1	0	0	0	0	0	0	0	0	0
C	Marios	17	300	12	1	22____	49892	1	0	0	0	1	0	0	0	0	0	0
C	Marios	17	300	12	1	22____	49909	1	0	0	0	0	0	0	0	1	0	0
C	Marios	17	300	12	1	22____	52189	1	2	2	0	1	0	0	0	0	0	0
C	Marios	17	300	12	1	22____	52192	2	0	0	0	0	0	0	0	1	0	0
C	Marios	17	300	12	1	22____	52439	2	1	0	0	0	0	0	0	0	0	0
C	Marios	17	300	12	1	22____	52539	1	0	0	1	0	0	0	0	0	0	0
C	Marios	17	300	12	1	22____	52923	1	0	0	0	0	0	0	1	0	0	0
C	Marios	17	300	12	1	22____	53255	1	0	0	0	1	0	0	0	0	0	0
C	Marios	17	300	12	1	22____	53271	1	0	0	0	0	0	0	0	1	0	0
C	Marios	17	300	12	1	22____	53569	1	0	0	1	0	0	0	0	0	0	0
C	Marios	17	300	12	1	22____	53750	1	0	0	0	0	0	0	1	0	0	0
C	Marios	17	300	12	1	22____	53769	1	3	1	1	0	0	0	0	0	0	0
C	Marios	17	300	12	1	22____	53781	3	0	0	0	0	0	0	1	0	0	0
C	Marios	17	300	12	1	22____	54019	3	1	0	0	0	0	0	0	0	0	0
C	Marios	17	300	12	1	22____	54260	1	0	0	0	1	0	0	0	0	0	0
C	Marios	17	300	12	1	22____	54294	1	0	0	0	0	0	0	0	1	0	0
C	Marios	17	300	12	1	22____	57443	1	2	2	0	1	0	0	0	0	0	0
C	Marios	17	300	12	1	22____	57495	2	0	0	0	0	0	0	0	1	0	0
C	Marios	17	300	12	1	22____	57693	2	1	0	0	0	0	0	0	0	0	0
C	Marios	17	300	12	1	22____	57783	1	2	2	0	1	0	0	0	0	0	0
C	Marios	17	300	12	1	22____	57792	2	0	0	0	0	0	0	0	1	0	0
C	Marios	17	300	12	1	22____	57966	2	0	0	1	0	0	0	0	0	0	0
C	Marios	17	300	12	1	22____	58033	2	1	0	0	0	0	0	0	0	0	0
C	Marios	17	300	12	1	22____	58102	1	0	0	0	0	0	0	1	0	0	0
C	Marios	17	300	12	1	22____	58322	1	0	0	1	0	0	0	0	0	0	0
C	Marios	17	300	12	1	22____	58389	1	0	0	0	0	0	0	1	0	0	0
C	Marios	17	300	12	1	22____	58395	1	0	0	1	0	0	0	0	0	0	0
C	Marios	17	300	12	1	22____	58432	1	0	0	0	0	0	0	1	0	0	0
C	Marios	17	300	12	1	22____	58464	1	3	1	1	0	0	0	0	0	0	0
C	Marios	17	300	12	1	22____	58474	3	0	0	0	0	0	0	1	0	0	0
C	Marios	17	300	12	1	22____	58499	3	0	0	1	0	0	0	0	0	0	0
C	Marios	17	300	12	1	22____	58514	3	0	0	0	0	0	0	1	0	0	0
C	Marios	17	300	12	1	22____	58714	3	1	0	0	0	0	0	0	0	0	0
C	Marios	17	300	12	1	22____	59291	1	3	1	1	0	0	0	0	0	0	0
C	Marios	17	300	12	1	22____	59310	3	0	0	0	0	0	0	1	0	0	0
C	Marios	17	300	12	1	22____	59332	3	0	0	1	0	0	0	0	0	0	0
C	Marios	17	300	12	1	22____	59371	3	0	0	0	0	0	0	1	0	0	0
C	Marios	17	300	12	1	22____	59376	3	0	0	1	0	0	0	0	0	0	0
C	Marios	17	300	12	1	22____	59382	3	0	0	0	0	0	0	1	0	0	0
C	Marios	17	300	12	1	22____	59541	3	1	0	0	0	0	0	0	0	0	0
C	Marios	17	300	12	1	22____	59802	1	0	0	1	0	0	0	0	0	0	0
C	Marios	17	300	12	1	22____	59815	1	0	0	0	0	0	0	1	0	0	0
C	Marios	17	300	12	1	22____	60132	1	0	0	1	0	0	0	0	0	0	0
C	Marios	17	300	12	1	22____	60216	1	0	0	0	0	0	0	1	0	0	0
C	Marios	17	300	12	1	22____	67181	1	0	0	0	1	0	0	0	0	0	0
C	Marios	17	300	12	1	22____	67271	1	0	0	0	0	0	0	0	1	0	0
C	Marios	17	300	12	1	22____	68791	1	0	0	0	1	0	0	0	0	0	0
C	Marios	17	300	12	1	22____	68817	1	0	0	0	0	0	0	0	1	0	0
C	Marios	17	300	12	1	22____	69841	1	3	1	1	0	0	0	0	0	0	0
C	Marios	17	300	12	1	22____	69850	3	0	0	0	0	0	0	1	0	0	0
C	Marios	17	300	12	1	22____	69856	3	0	0	1	0	0	0	0	0	0	0
C	Marios	17	300	12	1	22____	69878	3	0	0	0	0	0	0	1	0	0	0
C	Marios	17	300	12	1	22____	70091	3	1	0	0	0	0	0	0	0	0	0
C	Marios	17	300	12	1	22____	70297	1	3	1	1	0	0	0	0	0	0	0
C	Marios	17	300	12	1	22____	70300	3	0	0	0	0	0	0	1	0	0	0
C	Marios	17	300	12	1	22____	70547	3	1	0	0	0	0	0	0	0	0	0
C	Marios	17	300	12	1	22____	70757	1	3	1	1	0	0	0	0	0	0	0
C	Marios	17	300	12	1	22____	70821	3	0	0	0	0	0	0	1	0	0	0
C	Marios	17	300	12	1	22____	71007	3	1	0	0	0	0	0	0	0	0	0
C	Marios	17	300	12	1	22____	71815	1	0	0	0	1	0	0	0	0	0	0
C	Marios	17	300	12	1	22____	71946	1	0	0	0	0	0	0	0	1	0	0
C	Marios	17	300	12	1	22____	74593	1	0	0	0	1	0	0	0	0	0	0
C	Marios	17	300	12	1	22____	74877	1	0	0	0	0	0	0	0	1	0	0
C	Marios	17	300	12	1	22____	76718	1	2	2	0	1	0	0	0	0	0	0
C	Marios	17	300	12	1	22____	76728	2	0	0	0	0	0	0	0	1	0	0
C	Marios	17	300	12	1	22____	76968	2	1	0	0	0	0	0	0	0	0	0
C	Marios	17	300	12	1	22____	79711	1	3	1	1	0	0	0	0	0	0	0
C	Marios	17	300	12	1	22____	79742	3	0	0	0	0	0	0	1	0	0	0
C	Marios	17	300	12	1	22____	79961	3	1	0	0	0	0	0	0	0	0	0
C	Marios	17	300	12	1	22____	80538	1	2	2	0	1	0	0	0	0	0	0
C	Marios	17	300	12	1	22____	80600	2	0	0	0	0	0	0	0	1	0	0
C	Marios	17	300	12	1	22____	80788	2	1	0	0	0	0	0	0	0	0	0
C	Marios	17	300	12	1	22____	81188	1	0	0	0	1	0	0	0	0	0	0
C	Marios	17	300	12	1	22____	81277	1	0	0	0	0	0	0	0	1	0	0
C	Marios	17	300	12	1	22____	81286	1	2	2	0	1	0	0	0	0	0	0
C	Marios	17	300	12	1	22____	81296	2	0	0	0	0	0	0	0	1	0	0
C	Marios	17	300	12	1	22____	81307	2	0	0	0	1	0	0	0	0	0	0
C	Marios	17	300	12	1	22____	81314	2	0	0	0	0	0	0	0	1	0	0
C	Marios	17	300	12	1	22____	81536	2	1	0	0	0	0	0	0	0	0	0
C	Marios	17	300	12	1	22____	81669	1	3	1	1	0	0	0	0	0	0	0
C	Marios	17	300	12	1	22____	81688	3	0	0	0	0	0	0	1	0	0	0
C	Marios	17	300	12	1	22____	81919	3	1	0	0	0	0	0	0	0	0	0
C	Marios	17	300	12	1	22____	82759	1	2	2	0	1	0	0	0	0	0	0
C	Marios	17	300	12	1	22____	82800	2	0	0	0	0	0	0	0	1	0	0
C	Marios	17	300	12	1	22____	82808	2	0	0	0	1	0	0	0	0	0	0
C	Marios	17	300	12	1	22____	82816	2	0	0	0	0	0	0	0	1	0	0
C	Marios	17	300	12	1	22____	82822	2	0	0	0	1	0	0	0	0	0	0
C	Marios	17	300	12	1	22____	82837	2	0	0	0	0	0	0	0	1	0	0
C	Marios	17	300	12	1	22____	83009	2	1	0	0	0	0	0	0	0	0	0
C	Marios	17	300	12	1	22____	83610	1	0	0	0	1	0	0	0	0	0	0
C	Marios	17	300	12	1	22____	83708	1	0	0	0	0	0	0	0	1	0	0
C	Marios	17	300	12	1	22____	86207	1	0	0	0	1	0	0	0	0	0	0
C	Marios	17	300	12	1	22____	86349	1	0	0	0	0	0	0	0	1	0	0
C	Marios	17	300	12	1	22____	87766	1	0	0	1	0	0	0	0	0	0	0
C	Marios	17	300	12	1	22____	87949	1	0	0	0	0	0	0	1	0	0	0
C	Marios	17	300	12	1	22____	88112	1	0	0	1	0	0	0	0	0	0	0
C	Marios	17	300	12	1	22____	88116	1	0	0	0	0	0	0	1	0	0	0
C	Marios	17	300	12	1	22____	88462	1	3	1	1	0	0	0	0	0	0	0
C	Marios	17	300	12	1	22____	88517	3	0	0	0	0	0	0	1	0	0	0
C	Marios	17	300	12	1	22____	88712	3	1	0	0	0	0	0	0	0	0	0
C	Marios	17	300	12	1	22____	88833	1	0	0	0	1	0	0	0	0	0	0
C	Marios	17	300	12	1	22____	88867	1	0	0	0	0	0	0	0	1	0	0
C	Marios	17	300	12	1	22____	88920	1	0	0	1	0	0	0	0	0	0	0
C	Marios	17	300	12	1	22____	88951	1	0	0	0	0	0	0	1	0	0	0
C	Marios	17	300	12	1	22____	88953	1	0	0	1	0	0	0	0	0	0	0
C	Marios	17	300	12	1	22____	88983	1	0	0	0	0	0	0	1	0	0	0
C	Marios	17	300	12	1	22____	89045	1	3	1	1	0	0	0	0	0	0	0
C	Marios	17	300	12	1	22____	89295	3	1	0	0	0	0	0	0	0	0	0
C	Marios	17	300	12	1	22____	89331	1	0	0	0	0	0	0	1	0	0	0
C	Marios	17	300	12	1	22____	89369	1	3	1	1	0	0	0	0	0	0	0
C	Marios	17	300	12	1	22____	89497	3	0	0	0	0	0	0	1	0	0	0
C	Marios	17	300	12	1	22____	89619	3	1	0	0	0	0	0	0	0	0	0
C	Marios	17	300	12	1	22____	90000	1	4	0	0	0	0	0	0	0	0	0
C	Marios	17	300	12	1	22____	90250	4	-1	0	0	0	0	0	0	0	0	0
C	Marios	17	300	13	1	43____	0	0	1	0	0	0	0	0	0	0	0	0
C	Marios	17	300	13	1	43____	62	1	2	2	0	1	0	0	0	0	0	0
C	Marios	17	300	13	1	43____	65	2	0	0	0	0	0	0	0	1	0	0
C	Marios	17	300	13	1	43____	312	2	1	0	0	0	0	0	0	0	0	0
C	Marios	17	300	13	1	43____	666	1	0	0	0	1	0	0	0	0	0	0
C	Marios	17	300	13	1	43____	668	1	0	0	0	0	0	0	0	1	0	0
C	Marios	17	300	13	1	43____	677	1	2	2	0	1	0	0	0	0	0	0
C	Marios	17	300	13	1	43____	680	2	0	0	0	0	0	0	0	1	0	0
C	Marios	17	300	13	1	43____	684	2	0	0	0	1	0	0	0	0	0	0
C	Marios	17	300	13	1	43____	689	2	0	0	0	0	0	0	0	1	0	0
C	Marios	17	300	13	1	43____	927	2	1	0	0	0	0	0	0	0	0	0
C	Marios	17	300	13	1	43____	1477	1	0	0	0	1	0	0	0	0	0	0
C	Marios	17	300	13	1	43____	1479	1	0	0	0	0	0	0	0	1	0	0
C	Marios	17	300	13	1	43____	1483	1	0	0	0	1	0	0	0	0	0	0
C	Marios	17	300	13	1	43____	1487	1	0	0	0	0	0	0	0	1	0	0
C	Marios	17	300	13	1	43____	1499	1	2	2	0	1	0	0	0	0	0	0
C	Marios	17	300	13	1	43____	1546	2	0	0	0	0	0	0	0	1	0	0
C	Marios	17	300	13	1	43____	1749	2	1	0	0	0	0	0	0	0	0	0
C	Marios	17	300	13	1	43____	2427	1	2	2	0	1	0	0	0	0	0	0
C	Marios	17	300	13	1	43____	2430	2	0	0	0	0	0	0	0	1	0	0
C	Marios	17	300	13	1	43____	2677	2	1	0	0	0	0	0	0	0	0	0
C	Marios	17	300	13	1	43____	2853	1	2	2	0	1	0	0	0	0	0	0
C	Marios	17	300	13	1	43____	2856	2	0	0	0	0	0	0	0	1	0	0
C	Marios	17	300	13	1	43____	3103	2	1	0	0	0	0	0	0	0	0	0
C	Marios	17	300	13	1	43____	3166	1	0	0	0	1	0	0	0	0	0	0
C	Marios	17	300	13	1	43____	3170	1	0	0	0	0	0	0	0	1	0	0
C	Marios	17	300	13	1	43____	3174	1	2	2	0	1	0	0	0	0	0	0
C	Marios	17	300	13	1	43____	3176	2	0	0	0	0	0	0	0	1	0	0
C	Marios	17	300	13	1	43____	3424	2	1	0	0	0	0	0	0	0	0	0
C	Marios	17	300	13	1	43____	5430	1	0	0	0	1	0	0	0	1	0	0
C	Marios	17	300	13	1	43____	5440	1	2	2	0	1	0	0	0	0	0	0
C	Marios	17	300	13	1	43____	5498	2	0	0	0	0	0	0	0	1	0	0
C	Marios	17	300	13	1	43____	5690	2	1	0	0	0	0	0	0	0	0	0
C	Marios	17	300	13	1	43____	6846	1	0	0	0	1	0	0	0	0	0	0
C	Marios	17	300	13	1	43____	6850	1	0	0	0	0	0	0	0	1	0	0
C	Marios	17	300	13	1	43____	6853	1	2	2	0	1	0	0	0	0	0	0
C	Marios	17	300	13	1	43____	6857	2	0	0	0	0	0	0	0	1	0	0
C	Marios	17	300	13	1	43____	7103	2	1	0	0	0	0	0	0	0	0	0
C	Marios	17	300	13	1	43____	7519	1	2	2	0	1	0	0	0	0	0	0
C	Marios	17	300	13	1	43____	7522	2	0	0	0	0	0	0	0	1	0	0
C	Marios	17	300	13	1	43____	7769	2	1	0	0	0	0	0	0	0	0	0
C	Marios	17	300	13	1	43____	9817	1	2	2	0	1	0	0	0	0	0	0
C	Marios	17	300	13	1	43____	9821	2	0	0	0	0	0	0	0	1	0	0
C	Marios	17	300	13	1	43____	10067	2	1	0	0	0	0	0	0	0	0	0
C	Marios	17	300	13	1	43____	10150	1	0	0	0	1	0	0	0	0	0	0
C	Marios	17	300	13	1	43____	10153	1	0	0	0	0	0	0	0	1	0	0
C	Marios	17	300	13	1	43____	10156	1	2	2	0	1	0	0	0	0	0	0
C	Marios	17	300	13	1	43____	10159	2	0	0	0	0	0	0	0	1	0	0
C	Marios	17	300	13	1	43____	10406	2	1	0	0	0	0	0	0	0	0	0
C	Marios	17	300	13	1	43____	13954	1	2	2	0	1	0	0	0	0	0	0
C	Marios	17	300	13	1	43____	13957	2	0	0	0	0	0	0	0	1	0	0
C	Marios	17	300	13	1	43____	14019	2	0	0	0	1	0	0	0	0	0	0
C	Marios	17	300	13	1	43____	14023	2	0	0	0	0	0	0	0	1	0	0
C	Marios	17	300	13	1	43____	14037	2	0	0	0	1	0	0	0	0	0	0
C	Marios	17	300	13	1	43____	14040	2	0	0	0	0	0	0	0	1	0	0
C	Marios	17	300	13	1	43____	14043	2	0	0	0	1	0	0	0	0	0	0
C	Marios	17	300	13	1	43____	14055	2	0	0	0	0	0	0	0	1	0	0
C	Marios	17	300	13	1	43____	14204	2	1	0	0	0	0	0	0	0	0	0
C	Marios	17	300	13	1	43____	14382	1	2	2	0	1	0	0	0	0	0	0
C	Marios	17	300	13	1	43____	14384	2	0	0	0	0	0	0	0	1	0	0
C	Marios	17	300	13	1	43____	14632	2	1	0	0	0	0	0	0	0	0	0
C	Marios	17	300	13	1	43____	15776	1	0	0	0	1	0	0	0	0	0	0
C	Marios	17	300	13	1	43____	15779	1	0	0	0	0	0	0	0	1	0	0
C	Marios	17	300	13	1	43____	15789	1	2	2	0	1	0	0	0	0	0	0
C	Marios	17	300	13	1	43____	15823	2	0	0	0	0	0	0	0	1	0	0
C	Marios	17	300	13	1	43____	15826	2	0	0	0	1	0	0	0	0	0	0
C	Marios	17	300	13	1	43____	15830	2	0	0	0	0	0	0	0	1	0	0
C	Marios	17	300	13	1	43____	15834	2	0	0	0	1	0	0	0	0	0	0
C	Marios	17	300	13	1	43____	15837	2	0	0	0	0	0	0	0	1	0	0
C	Marios	17	300	13	1	43____	16039	2	1	0	0	0	0	0	0	0	0	0
C	Marios	17	300	13	1	43____	16104	1	0	0	1	0	0	0	0	0	0	0
C	Marios	17	300	13	1	43____	16107	1	0	0	0	0	0	0	1	0	0	0
C	Marios	17	300	13	1	43____	17988	1	2	2	0	1	0	0	0	0	0	0
C	Marios	17	300	13	1	43____	17992	2	0	0	0	0	0	0	0	1	0	0
C	Marios	17	300	13	1	43____	18238	2	1	0	0	0	0	0	0	0	0	0
C	Marios	17	300	13	1	43____	18460	1	2	2	0	1	0	0	0	0	0	0
C	Marios	17	300	13	1	43____	18505	2	0	0	0	0	0	0	0	1	0	0
C	Marios	17	300	13	1	43____	18710	2	1	0	0	0	0	0	0	0	0	0
C	Marios	17	300	13	1	43____	18779	1	0	0	1	0	0	0	0	0	0	0
C	Marios	17	300	13	1	43____	18781	1	0	0	0	0	0	0	1	0	0	0
C	Marios	17	300	13	1	43____	18859	1	0	0	0	1	0	0	0	0	0	0
C	Marios	17	300	13	1	43____	18861	1	0	0	0	0	0	0	0	1	0	0
C	Marios	17	300	13	1	43____	18864	1	0	0	0	1	0	0	0	0	0	0
C	Marios	17	300	13	1	43____	18871	1	0	0	0	0	0	0	0	1	0	0
C	Marios	17	300	13	1	43____	18873	1	2	2	0	1	0	0	0	0	0	0
C	Marios	17	300	13	1	43____	18885	2	0	0	0	0	0	0	0	1	0	0
C	Marios	17	300	13	1	43____	19123	2	1	0	0	0	0	0	0	0	0	0
C	Marios	17	300	13	1	43____	23811	1	2	2	0	1	0	0	0	0	0	0
C	Marios	17	300	13	1	43____	23813	2	0	0	0	0	0	0	0	1	0	0
C	Marios	17	300	13	1	43____	23873	2	0	0	0	1	0	0	0	0	0	0
C	Marios	17	300	13	1	43____	23881	2	0	0	0	0	0	0	0	1	0	0
C	Marios	17	300	13	1	43____	24061	2	1	0	0	0	0	0	0	0	0	0
C	Marios	17	300	13	1	43____	24867	1	0	0	0	1	0	0	0	0	0	0
C	Marios	17	300	13	1	43____	24869	1	0	0	0	0	0	0	0	1	0	0
C	Marios	17	300	13	1	43____	24873	1	0	0	0	1	0	0	0	0	0	0
C	Marios	17	300	13	1	43____	24876	1	0	0	0	0	0	0	0	1	0	0
C	Marios	17	300	13	1	43____	24910	1	2	2	0	1	0	0	0	0	0	0
C	Marios	17	300	13	1	43____	24914	2	0	0	0	0	0	0	0	1	0	0
C	Marios	17	300	13	1	43____	25160	2	1	0	0	0	0	0	0	0	0	0
C	Marios	17	300	13	1	43____	26948	1	0	0	0	1	0	0	0	0	0	0
C	Marios	17	300	13	1	43____	26951	1	0	0	0	0	0	0	0	1	0	0
C	Marios	17	300	13	1	43____	26968	1	2	2	0	1	0	0	0	0	0	0
C	Marios	17	300	13	1	43____	26973	2	0	0	0	0	0	0	0	1	0	0
C	Marios	17	300	13	1	43____	27218	2	1	0	0	0	0	0	0	0	0	0
C	Marios	17	300	13	1	43____	30530	1	0	0	1	0	0	0	0	0	0	0
C	Marios	17	300	13	1	43____	30753	1	0	0	0	0	0	0	1	0	0	0
C	Marios	17	300	13	1	43____	30912	1	0	0	0	1	0	0	0	0	0	0
C	Marios	17	300	13	1	43____	30914	1	0	0	0	0	0	0	0	1	0	0
C	Marios	17	300	13	1	43____	30919	1	2	2	0	1	0	0	0	0	0	0
C	Marios	17	300	13	1	43____	30921	2	0	0	0	0	0	0	0	1	0	0
C	Marios	17	300	13	1	43____	31100	2	0	0	0	1	0	0	0	0	0	0
C	Marios	17	300	13	1	43____	31104	2	0	0	0	0	0	0	0	1	0	0
C	Marios	17	300	13	1	43____	31106	2	0	0	0	1	0	0	0	0	0	0
C	Marios	17	300	13	1	43____	31110	2	0	0	0	0	0	0	0	1	0	0
C	Marios	17	300	13	1	43____	31123	2	0	0	0	1	0	0	0	0	0	0
C	Marios	17	300	13	1	43____	31126	2	0	0	0	0	0	0	0	1	0	0
C	Marios	17	300	13	1	43____	31169	2	1	0	0	0	0	0	0	0	0	0
C	Marios	17	300	13	1	43____	34005	1	2	2	0	1	0	0	0	0	0	0
C	Marios	17	300	13	1	43____	34010	2	0	0	0	0	0	0	0	1	0	0
C	Marios	17	300	13	1	43____	34255	2	1	0	0	0	0	0	0	0	0	0
C	Marios	17	300	13	1	43____	35261	1	0	0	0	1	0	0	0	0	0	0
C	Marios	17	300	13	1	43____	35277	1	0	0	0	0	0	0	0	1	0	0
C	Marios	17	300	13	1	43____	35329	1	0	0	0	1	0	0	0	0	0	0
C	Marios	17	300	13	1	43____	35333	1	0	0	0	0	0	0	0	1	0	0
C	Marios	17	300	13	1	43____	35460	1	2	2	0	1	0	0	0	0	0	0
C	Marios	17	300	13	1	43____	35556	2	0	0	0	0	0	0	0	1	0	0
C	Marios	17	300	13	1	43____	35710	2	1	0	0	0	0	0	0	0	0	0
C	Marios	17	300	13	1	43____	38131	1	0	0	1	0	0	0	0	0	0	0
C	Marios	17	300	13	1	43____	38224	1	0	0	0	0	0	0	1	0	0	0
C	Marios	17	300	13	1	43____	38308	1	0	0	0	1	0	0	0	0	0	0
C	Marios	17	300	13	1	43____	38309	1	0	0	0	0	0	0	0	1	0	0
C	Marios	17	300	13	1	43____	54558	1	3	1	1	0	0	0	0	0	0	0
C	Marios	17	300	13	1	43____	54571	3	0	0	0	0	0	0	1	0	0	0
C	Marios	17	300	13	1	43____	54808	3	1	0	0	0	0	0	0	0	0	0
C	Marios	17	300	13	1	43____	90000	1	4	0	0	0	0	0	0	0	0	0
C	Marios	17	300	13	1	43____	90250	4	-1	0	0	0	0	0	0	0	0	0
C	Marios	17	301	9	1	24____	0	0	1	0	0	0	0	0	0	0	0	0
C	Marios	17	301	9	1	24____	4046	1	0	0	0	1	0	0	0	0	0	0
C	Marios	17	301	9	1	24____	4147	1	0	0	0	0	0	0	0	1	0	0
C	Marios	17	301	9	1	24____	4168	1	2	2	0	1	0	0	0	0	0	0
C	Marios	17	301	9	1	24____	4181	2	0	0	0	0	0	0	0	1	0	0
C	Marios	17	301	9	1	24____	4418	2	1	0	0	0	0	0	0	0	0	0
C	Marios	17	301	9	1	24____	5018	1	0	0	1	0	0	0	0	0	0	0
C	Marios	17	301	9	1	24____	5019	1	0	0	0	0	0	0	1	0	0	0
C	Marios	17	301	9	1	24____	6416	1	0	0	0	1	0	0	0	0	0	0
C	Marios	17	301	9	1	24____	6422	1	0	0	0	0	0	0	0	1	0	0
C	Marios	17	301	9	1	24____	8710	1	2	2	0	1	0	0	0	0	0	0
C	Marios	17	301	9	1	24____	8722	2	0	0	0	0	0	0	0	1	0	0
C	Marios	17	301	9	1	24____	8960	2	1	0	0	0	0	0	0	0	0	0
C	Marios	17	301	9	1	24____	9019	1	0	0	0	1	0	0	0	0	0	0
C	Marios	17	301	9	1	24____	9096	1	0	0	0	0	0	0	0	1	0	0
C	Marios	17	301	9	1	24____	10586	1	2	2	0	1	0	0	0	0	0	0
C	Marios	17	301	9	1	24____	10607	2	0	0	0	0	0	0	0	1	0	0
C	Marios	17	301	9	1	24____	10836	2	1	0	0	0	0	0	0	0	0	0
C	Marios	17	301	9	1	24____	12009	1	0	0	0	1	0	0	0	0	0	0
C	Marios	17	301	9	1	24____	12070	1	0	0	0	0	0	0	0	1	0	0
C	Marios	17	301	9	1	24____	14520	1	2	2	0	1	0	0	0	0	0	0
C	Marios	17	301	9	1	24____	14531	2	0	0	0	0	0	0	0	1	0	0
C	Marios	17	301	9	1	24____	14770	2	1	0	0	0	0	0	0	0	0	0
C	Marios	17	301	9	1	24____	14984	1	0	0	0	1	0	0	0	0	0	0
C	Marios	17	301	9	1	24____	14998	1	0	0	0	0	0	0	0	1	0	0
C	Marios	17	301	9	1	24____	16004	1	0	0	1	0	0	0	0	0	0	0
C	Marios	17	301	9	1	24____	16029	1	0	0	0	0	0	0	1	0	0	0
C	Marios	17	301	9	1	24____	16077	1	2	2	0	1	0	0	0	0	0	0
C	Marios	17	301	9	1	24____	16125	2	0	0	0	0	0	0	0	1	0	0
C	Marios	17	301	9	1	24____	16327	2	1	0	0	0	0	0	0	0	0	0
C	Marios	17	301	9	1	24____	17700	1	0	0	0	1	0	0	0	0	0	0
C	Marios	17	301	9	1	24____	17744	1	0	0	0	0	0	0	0	1	0	0
C	Marios	17	301	9	1	24____	17997	1	0	0	0	1	0	0	0	0	0	0
C	Marios	17	301	9	1	24____	18019	1	0	0	0	0	0	0	0	1	0	0
C	Marios	17	301	9	1	24____	18028	1	2	2	0	1	0	0	0	0	0	0
C	Marios	17	301	9	1	24____	18051	2	0	0	0	0	0	0	0	1	0	0
C	Marios	17	301	9	1	24____	18278	2	1	0	0	0	0	0	0	0	0	0
C	Marios	17	301	9	1	24____	31709	1	0	0	0	1	0	0	0	0	0	0
C	Marios	17	301	9	1	24____	31811	1	0	0	0	0	0	0	0	1	0	0
C	Marios	17	301	9	1	24____	33535	1	0	0	1	0	0	0	0	0	0	0
C	Marios	17	301	9	1	24____	33538	1	0	0	0	0	0	0	1	0	0	0
C	Marios	17	301	9	1	24____	33542	1	3	1	1	0	0	0	0	0	0	0
C	Marios	17	301	9	1	24____	33551	3	0	0	0	0	0	0	1	0	0	0
C	Marios	17	301	9	1	24____	33792	3	1	0	0	0	0	0	0	0	0	0
C	Marios	17	301	9	1	24____	33941	1	0	0	1	0	0	0	0	0	0	0
C	Marios	17	301	9	1	24____	33986	1	0	0	0	0	0	0	1	0	0	0
C	Marios	17	301	9	1	24____	34077	1	0	0	0	1	0	0	0	0	0	0
C	Marios	17	301	9	1	24____	34164	1	0	0	0	0	0	0	0	1	0	0
C	Marios	17	301	9	1	24____	36858	1	0	0	0	1	0	0	0	0	0	0
C	Marios	17	301	9	1	24____	36942	1	0	0	0	0	0	0	0	1	0	0
C	Marios	17	301	9	1	24____	39752	1	3	1	1	0	0	0	0	0	0	0
C	Marios	17	301	9	1	24____	39761	3	0	0	0	0	0	0	1	0	0	0
C	Marios	17	301	9	1	24____	40002	3	1	0	0	0	0	0	0	0	0	0
C	Marios	17	301	9	1	24____	40011	1	3	1	1	0	0	0	0	0	0	0
C	Marios	17	301	9	1	24____	40032	3	0	0	0	0	0	0	1	0	0	0
C	Marios	17	301	9	1	24____	40041	3	0	0	1	0	0	0	0	0	0	0
C	Marios	17	301	9	1	24____	40051	3	0	0	0	0	0	0	1	0	0	0
C	Marios	17	301	9	1	24____	40261	3	1	0	0	0	0	0	0	0	0	0
C	Marios	17	301	9	1	24____	40468	1	0	0	0	1	0	0	0	0	0	0
C	Marios	17	301	9	1	24____	40563	1	0	0	0	0	0	0	0	1	0	0
C	Marios	17	301	9	1	24____	45585	1	0	0	1	0	0	0	0	0	0	0
C	Marios	17	301	9	1	24____	45599	1	0	0	0	0	0	0	1	0	0	0
C	Marios	17	301	9	1	24____	45606	1	3	1	1	0	0	0	0	0	0	0
C	Marios	17	301	9	1	24____	45620	3	0	0	0	0	0	0	1	0	0	0
C	Marios	17	301	9	1	24____	45856	3	1	0	0	0	0	0	0	0	0	0
C	Marios	17	301	9	1	24____	45954	1	0	0	1	0	0	0	0	0	0	0
C	Marios	17	301	9	1	24____	45958	1	0	0	0	0	0	0	1	0	0	0
C	Marios	17	301	9	1	24____	45967	1	3	1	1	0	0	0	0	0	0	0
C	Marios	17	301	9	1	24____	45980	3	0	0	0	0	0	0	1	0	0	0
C	Marios	17	301	9	1	24____	46217	3	1	0	0	0	0	0	0	0	0	0
C	Marios	17	301	9	1	24____	46692	1	0	0	1	0	0	0	0	0	0	0
C	Marios	17	301	9	1	24____	46698	1	0	0	0	0	0	0	1	0	0	0
C	Marios	17	301	9	1	24____	46749	1	0	0	0	1	0	0	0	0	0	0
C	Marios	17	301	9	1	24____	46832	1	0	0	0	0	0	0	0	1	0	0
C	Marios	17	301	9	1	24____	46866	1	0	0	0	1	0	0	0	0	0	0
C	Marios	17	301	9	1	24____	46891	1	0	0	0	0	0	0	0	1	0	0
C	Marios	17	301	9	1	24____	46897	1	2	2	0	1	0	0	0	0	0	0
C	Marios	17	301	9	1	24____	46909	2	0	0	0	0	0	0	0	1	0	0
C	Marios	17	301	9	1	24____	46924	2	0	0	0	1	0	0	0	0	0	0
C	Marios	17	301	9	1	24____	46940	2	0	0	0	0	0	0	0	1	0	0
C	Marios	17	301	9	1	24____	46972	2	0	0	0	1	0	0	0	0	0	0
C	Marios	17	301	9	1	24____	47021	2	0	0	0	0	0	0	0	1	0	0
C	Marios	17	301	9	1	24____	47031	2	0	0	0	1	0	0	0	0	0	0
C	Marios	17	301	9	1	24____	47056	2	0	0	0	0	0	0	0	1	0	0
C	Marios	17	301	9	1	24____	47147	2	1	0	0	0	0	0	0	0	0	0
C	Marios	17	301	9	1	24____	54941	1	0	0	0	1	0	0	0	0	0	0
C	Marios	17	301	9	1	24____	54994	1	0	0	0	0	0	0	0	1	0	0
C	Marios	17	301	9	1	24____	55002	1	0	0	0	1	0	0	0	0	0	0
C	Marios	17	301	9	1	24____	55040	1	0	0	0	0	0	0	0	1	0	0
C	Marios	17	301	9	1	24____	58006	1	0	0	1	0	0	0	0	0	0	0
C	Marios	17	301	9	1	24____	58028	1	0	0	0	0	0	0	1	0	0	0
C	Marios	17	301	9	1	24____	58312	1	2	2	0	1	0	0	0	0	0	0
C	Marios	17	301	9	1	24____	58444	2	0	0	0	0	0	0	0	1	0	0
C	Marios	17	301	9	1	24____	58450	2	0	0	0	1	0	0	0	0	0	0
C	Marios	17	301	9	1	24____	58560	2	0	0	0	0	0	0	0	1	0	0
C	Marios	17	301	9	1	24____	58562	2	1	0	0	0	0	0	0	0	0	0
C	Marios	17	301	9	1	24____	58676	1	0	0	0	1	0	0	0	0	0	0
C	Marios	17	301	9	1	24____	58698	1	0	0	0	0	0	0	0	1	0	0
C	Marios	17	301	9	1	24____	58701	1	2	2	0	1	0	0	0	0	0	0
C	Marios	17	301	9	1	24____	58794	2	0	0	0	0	0	0	0	1	0	0
C	Marios	17	301	9	1	24____	58816	2	0	0	0	1	0	0	0	0	0	0
C	Marios	17	301	9	1	24____	58870	2	0	0	0	0	0	0	0	1	0	0
C	Marios	17	301	9	1	24____	58951	2	1	0	0	0	0	0	0	0	0	0
C	Marios	17	301	9	1	24____	60308	1	0	0	0	1	0	0	0	0	0	0
C	Marios	17	301	9	1	24____	60781	1	0	0	0	0	0	0	0	1	0	0
C	Marios	17	301	9	1	24____	60826	1	0	0	0	1	0	0	0	0	0	0
C	Marios	17	301	9	1	24____	60865	1	0	0	0	0	0	0	0	1	0	0
C	Marios	17	301	9	1	24____	60889	1	2	2	0	1	0	0	0	0	0	0
C	Marios	17	301	9	1	24____	60901	2	0	0	0	0	0	0	0	1	0	0
C	Marios	17	301	9	1	24____	61139	2	1	0	0	0	0	0	0	0	0	0
C	Marios	17	301	9	1	24____	61464	1	0	0	0	1	0	0	0	0	0	0
C	Marios	17	301	9	1	24____	61478	1	0	0	0	0	0	0	0	1	0	0
C	Marios	17	301	9	1	24____	61509	1	0	0	0	1	0	0	0	0	0	0
C	Marios	17	301	9	1	24____	61522	1	0	0	0	0	0	0	0	1	0	0
C	Marios	17	301	9	1	24____	61532	1	2	2	0	1	0	0	0	0	0	0
C	Marios	17	301	9	1	24____	61624	2	0	0	0	0	0	0	0	1	0	0
C	Marios	17	301	9	1	24____	61782	2	1	0	0	0	0	0	0	0	0	0
C	Marios	17	301	9	1	24____	61831	1	2	2	0	1	0	0	0	0	0	0
C	Marios	17	301	9	1	24____	61952	2	0	0	0	0	0	0	0	1	0	0
C	Marios	17	301	9	1	24____	62081	2	1	0	0	0	0	0	0	0	0	0
C	Marios	17	301	9	1	24____	62621	1	0	0	0	1	0	0	0	0	0	0
C	Marios	17	301	9	1	24____	62803	1	0	0	0	0	0	0	0	1	0	0
C	Marios	17	301	9	1	24____	65234	1	0	0	1	0	0	0	0	0	0	0
C	Marios	17	301	9	1	24____	65249	1	0	0	0	0	0	0	1	0	0	0
C	Marios	17	301	9	1	24____	65468	1	0	0	0	1	0	0	0	0	0	0
C	Marios	17	301	9	1	24____	65570	1	0	0	0	0	0	0	0	1	0	0
C	Marios	17	301	9	1	24____	65576	1	2	2	0	1	0	0	0	0	0	0
C	Marios	17	301	9	1	24____	65578	2	0	0	0	0	0	0	0	1	0	0
C	Marios	17	301	9	1	24____	65591	2	0	0	0	1	0	0	0	0	0	0
C	Marios	17	301	9	1	24____	65695	2	0	0	0	0	0	0	0	1	0	0
C	Marios	17	301	9	1	24____	65742	2	0	0	0	1	0	0	0	0	0	0
C	Marios	17	301	9	1	24____	65746	2	0	0	0	0	0	0	0	1	0	0
C	Marios	17	301	9	1	24____	65826	2	1	0	0	0	0	0	0	0	0	0
C	Marios	17	301	9	1	24____	66586	1	0	0	0	1	0	0	0	0	0	0
C	Marios	17	301	9	1	24____	66625	1	0	0	0	0	0	0	0	1	0	0
C	Marios	17	301	9	1	24____	70094	1	0	0	0	1	0	0	0	0	0	0
C	Marios	17	301	9	1	24____	70248	1	0	0	0	0	0	0	0	1	0	0
C	Marios	17	301	9	1	24____	70364	1	2	2	0	1	0	0	0	0	0	0
C	Marios	17	301	9	1	24____	70418	2	0	0	0	0	0	0	0	1	0	0
C	Marios	17	301	9	1	24____	70614	2	1	0	0	0	0	0	0	0	0	0
C	Marios	17	301	9	1	24____	71007	1	0	0	0	1	0	0	0	0	0	0
C	Marios	17	301	9	1	24____	71057	1	0	0	0	0	0	0	0	1	0	0
C	Marios	17	301	9	1	24____	71063	1	0	0	0	1	0	0	0	0	0	0
C	Marios	17	301	9	1	24____	71087	1	0	0	0	0	0	0	0	1	0	0
C	Marios	17	301	9	1	24____	71093	1	2	2	0	1	0	0	0	0	0	0
C	Marios	17	301	9	1	24____	71101	2	0	0	0	0	0	0	0	1	0	0
C	Marios	17	301	9	1	24____	71115	2	0	0	0	1	0	0	0	0	0	0
C	Marios	17	301	9	1	24____	71124	2	0	0	0	0	0	0	0	1	0	0
C	Marios	17	301	9	1	24____	71149	2	0	0	0	1	0	0	0	0	0	0
C	Marios	17	301	9	1	24____	71190	2	0	0	0	0	0	0	0	1	0	0
C	Marios	17	301	9	1	24____	71258	2	0	0	0	1	0	0	0	0	0	0
C	Marios	17	301	9	1	24____	71269	2	0	0	0	0	0	0	0	1	0	0
C	Marios	17	301	9	1	24____	71287	2	0	0	0	1	0	0	0	0	0	0
C	Marios	17	301	9	1	24____	71290	2	0	0	0	0	0	0	0	1	0	0
C	Marios	17	301	9	1	24____	71300	2	0	0	0	1	0	0	0	0	0	0
C	Marios	17	301	9	1	24____	71323	2	0	0	0	0	0	0	0	1	0	0
C	Marios	17	301	9	1	24____	71332	2	0	0	0	1	0	0	0	0	0	0
C	Marios	17	301	9	1	24____	71343	2	1	0	0	0	0	0	0	0	0	0
C	Marios	17	301	9	1	24____	71345	1	0	0	0	0	0	0	0	1	0	0
C	Marios	17	301	9	1	24____	71452	1	2	2	0	1	0	0	0	0	0	0
C	Marios	17	301	9	1	24____	71528	2	0	0	0	0	0	0	0	1	0	0
C	Marios	17	301	9	1	24____	71702	2	1	0	0	0	0	0	0	0	0	0
C	Marios	17	301	9	1	24____	71906	1	0	0	0	1	0	0	0	0	0	0
C	Marios	17	301	9	1	24____	71946	1	0	0	0	0	0	0	0	1	0	0
C	Marios	17	301	9	1	24____	72055	1	0	0	0	1	0	0	0	0	0	0
C	Marios	17	301	9	1	24____	72082	1	0	0	0	0	0	0	0	1	0	0
C	Marios	17	301	9	1	24____	75432	1	2	2	0	1	0	0	0	0	0	0
C	Marios	17	301	9	1	24____	75529	2	0	0	0	0	0	0	0	1	0	0
C	Marios	17	301	9	1	24____	75537	2	0	0	0	1	0	0	0	0	0	0
C	Marios	17	301	9	1	24____	75655	2	0	0	0	0	0	0	0	1	0	0
C	Marios	17	301	9	1	24____	75682	2	1	0	0	0	0	0	0	0	0	0
C	Marios	17	301	9	1	24____	75683	1	0	0	0	1	0	0	0	0	0	0
C	Marios	17	301	9	1	24____	75742	1	0	0	0	0	0	0	0	1	0	0
C	Marios	17	301	9	1	24____	75766	1	0	0	0	1	0	0	0	0	0	0
C	Marios	17	301	9	1	24____	75797	1	0	0	0	0	0	0	0	1	0	0
C	Marios	17	301	9	1	24____	78715	1	2	2	0	1	0	0	0	0	0	0
C	Marios	17	301	9	1	24____	78827	2	0	0	0	0	0	0	0	1	0	0
C	Marios	17	301	9	1	24____	78965	2	1	0	0	0	0	0	0	0	0	0
C	Marios	17	301	9	1	24____	79111	1	0	0	0	1	0	0	0	0	0	0
C	Marios	17	301	9	1	24____	79140	1	0	0	0	0	0	0	0	1	0	0
C	Marios	17	301	9	1	24____	79586	1	2	2	0	1	0	0	0	0	0	0
C	Marios	17	301	9	1	24____	79665	2	0	0	0	0	0	0	0	1	0	0
C	Marios	17	301	9	1	24____	79671	2	0	0	0	1	0	0	0	0	0	0
C	Marios	17	301	9	1	24____	79677	2	0	0	0	0	0	0	0	1	0	0
C	Marios	17	301	9	1	24____	79679	2	0	0	0	1	0	0	0	0	0	0
C	Marios	17	301	9	1	24____	79682	2	0	0	0	0	0	0	0	1	0	0
C	Marios	17	301	9	1	24____	79690	2	0	0	0	1	0	0	0	0	0	0
C	Marios	17	301	9	1	24____	79698	2	0	0	0	0	0	0	0	1	0	0
C	Marios	17	301	9	1	24____	79706	2	0	0	0	1	0	0	0	0	0	0
C	Marios	17	301	9	1	24____	79713	2	0	0	0	0	0	0	0	1	0	0
C	Marios	17	301	9	1	24____	79745	2	0	0	0	1	0	0	0	0	0	0
C	Marios	17	301	9	1	24____	79754	2	0	0	0	0	0	0	0	1	0	0
C	Marios	17	301	9	1	24____	79776	2	0	0	0	1	0	0	0	0	0	0
C	Marios	17	301	9	1	24____	79818	2	0	0	0	0	0	0	0	1	0	0
C	Marios	17	301	9	1	24____	79836	2	1	0	0	0	0	0	0	0	0	0
C	Marios	17	301	9	1	24____	79885	1	0	0	0	1	0	0	0	0	0	0
C	Marios	17	301	9	1	24____	79916	1	0	0	0	0	0	0	0	1	0	0
C	Marios	17	301	9	1	24____	79932	1	2	2	0	1	0	0	0	0	0	0
C	Marios	17	301	9	1	24____	79938	2	0	0	0	0	0	0	0	1	0	0
C	Marios	17	301	9	1	24____	79973	2	0	0	0	1	0	0	0	0	0	0
C	Marios	17	301	9	1	24____	79990	2	0	0	0	0	0	0	0	1	0	0
C	Marios	17	301	9	1	24____	80004	2	0	0	0	1	0	0	0	0	0	0
C	Marios	17	301	9	1	24____	80053	2	0	0	0	0	0	0	0	1	0	0
C	Marios	17	301	9	1	24____	80182	2	1	0	0	0	0	0	0	0	0	0
C	Marios	17	301	9	1	24____	80955	1	0	0	1	0	0	0	0	0	0	0
C	Marios	17	301	9	1	24____	80999	1	0	0	0	0	0	0	1	0	0	0
C	Marios	17	301	9	1	24____	81115	1	3	1	1	0	0	0	0	0	0	0
C	Marios	17	301	9	1	24____	81121	3	0	0	0	0	0	0	1	0	0	0
C	Marios	17	301	9	1	24____	81365	3	1	0	0	0	0	0	0	0	0	0
C	Marios	17	301	9	1	24____	81487	1	0	0	1	0	0	0	0	0	0	0
C	Marios	17	301	9	1	24____	81508	1	0	0	0	0	0	0	1	0	0	0
C	Marios	17	301	9	1	24____	81518	1	3	1	1	0	0	0	0	0	0	0
C	Marios	17	301	9	1	24____	81527	3	0	0	0	0	0	0	1	0	0	0
C	Marios	17	301	9	1	24____	81569	3	0	0	1	0	0	0	0	0	0	0
C	Marios	17	301	9	1	24____	81638	3	0	0	0	0	0	0	1	0	0	0
C	Marios	17	301	9	1	24____	81645	3	0	0	1	0	0	0	0	0	0	0
C	Marios	17	301	9	1	24____	81648	3	0	0	0	0	0	0	1	0	0	0
C	Marios	17	301	9	1	24____	81660	3	0	0	1	0	0	0	0	0	0	0
C	Marios	17	301	9	1	24____	81768	3	1	0	0	0	0	0	0	0	0	0
C	Marios	17	301	9	1	24____	81818	1	0	0	0	0	0	0	1	0	0	0
C	Marios	17	301	9	1	24____	81903	1	0	0	0	1	0	0	0	0	0	0
C	Marios	17	301	9	1	24____	81933	1	0	0	0	0	0	0	0	1	0	0
C	Marios	17	301	9	1	24____	81947	1	2	2	0	1	0	0	0	0	0	0
C	Marios	17	301	9	1	24____	82010	2	0	0	0	0	0	0	0	1	0	0
C	Marios	17	301	9	1	24____	82197	2	1	0	0	0	0	0	0	0	0	0
C	Marios	17	301	9	1	24____	89230	1	0	0	0	1	0	0	0	0	0	0
C	Marios	17	301	9	1	24____	89410	1	0	0	0	0	0	0	0	1	0	0
C	Marios	17	301	9	1	24____	89449	1	0	0	0	1	0	0	0	0	0	0
C	Marios	17	301	9	1	24____	89468	1	0	0	0	0	0	0	0	1	0	0
C	Marios	17	301	9	1	24____	89488	1	2	2	0	1	0	0	0	0	0	0
C	Marios	17	301	9	1	24____	89498	2	0	0	0	0	0	0	0	1	0	0
C	Marios	17	301	9	1	24____	89738	2	1	0	0	0	0	0	0	0	0	0
C	Marios	17	301	9	1	24____	90000	1	4	0	0	0	0	0	0	0	0	0
C	Marios	17	301	9	1	24____	90250	4	-1	0	0	0	0	0	0	0	0	0
C	Marios	17	301	2	1	25____	0	0	1	0	0	0	0	0	0	0	0	0
C	Marios	17	301	2	1	25____	13597	1	0	0	1	0	0	0	0	0	0	0
C	Marios	17	301	2	1	25____	13599	1	0	0	0	0	0	0	1	0	0	0
C	Marios	17	301	2	1	25____	13861	1	0	0	0	1	0	0	0	0	0	0
C	Marios	17	301	2	1	25____	13866	1	0	0	0	0	0	0	0	1	0	0
C	Marios	17	301	2	1	25____	13894	1	2	2	0	1	0	0	0	0	0	0
C	Marios	17	301	2	1	25____	13960	2	0	0	0	0	0	0	0	1	0	0
C	Marios	17	301	2	1	25____	14144	2	1	0	0	0	0	0	0	0	0	0
C	Marios	17	301	2	1	25____	14393	1	0	0	0	1	0	0	0	0	0	0
C	Marios	17	301	2	1	25____	14603	1	0	0	0	0	0	0	0	1	0	0
C	Marios	17	301	2	1	25____	14808	1	0	0	0	1	0	0	0	0	0	0
C	Marios	17	301	2	1	25____	14854	1	0	0	0	0	0	0	0	1	0	0
C	Marios	17	301	2	1	25____	15310	1	2	2	0	1	0	0	0	0	0	0
C	Marios	17	301	2	1	25____	15406	2	0	0	0	0	0	0	0	1	0	0
C	Marios	17	301	2	1	25____	15560	2	1	0	0	0	0	0	0	0	0	0
C	Marios	17	301	2	1	25____	15677	1	0	0	0	1	0	0	0	0	0	0
C	Marios	17	301	2	1	25____	15801	1	0	0	0	0	0	0	0	1	0	0
C	Marios	17	301	2	1	25____	15842	1	0	0	0	1	0	0	0	0	0	0
C	Marios	17	301	2	1	25____	15883	1	0	0	0	0	0	0	0	1	0	0
C	Marios	17	301	2	1	25____	16380	1	2	2	0	1	0	0	0	0	0	0
C	Marios	17	301	2	1	25____	16407	2	0	0	0	0	0	0	0	1	0	0
C	Marios	17	301	2	1	25____	16630	2	1	0	0	0	0	0	0	0	0	0
C	Marios	17	301	2	1	25____	16817	1	2	2	0	1	0	0	0	0	0	0
C	Marios	17	301	2	1	25____	16846	2	0	0	0	0	0	0	0	1	0	0
C	Marios	17	301	2	1	25____	17067	2	1	0	0	0	0	0	0	0	0	0
C	Marios	17	301	2	1	25____	17309	1	2	2	0	1	0	0	0	0	0	0
C	Marios	17	301	2	1	25____	17333	2	0	0	0	0	0	0	0	1	0	0
C	Marios	17	301	2	1	25____	17559	2	1	0	0	0	0	0	0	0	0	0
C	Marios	17	301	2	1	25____	17849	1	0	0	0	1	0	0	0	0	0	0
C	Marios	17	301	2	1	25____	17878	1	0	0	0	0	0	0	0	1	0	0
C	Marios	17	301	2	1	25____	18047	1	0	0	0	1	0	0	0	0	0	0
C	Marios	17	301	2	1	25____	18077	1	0	0	0	0	0	0	0	1	0	0
C	Marios	17	301	2	1	25____	19824	1	2	2	0	1	0	0	0	0	0	0
C	Marios	17	301	2	1	25____	19842	2	0	0	0	0	0	0	0	1	0	0
C	Marios	17	301	2	1	25____	20074	2	1	0	0	0	0	0	0	0	0	0
C	Marios	17	301	2	1	25____	20821	1	2	2	0	1	0	0	0	0	0	0
C	Marios	17	301	2	1	25____	20965	2	0	0	0	0	0	0	0	1	0	0
C	Marios	17	301	2	1	25____	21071	2	1	0	0	0	0	0	0	0	0	0
C	Marios	17	301	2	1	25____	21231	1	2	2	0	1	0	0	0	0	0	0
C	Marios	17	301	2	1	25____	21245	2	0	0	0	0	0	0	0	1	0	0
C	Marios	17	301	2	1	25____	21481	2	1	0	0	0	0	0	0	0	0	0
C	Marios	17	301	2	1	25____	22005	1	0	0	0	1	0	0	0	0	0	0
C	Marios	17	301	2	1	25____	22129	1	0	0	0	0	0	0	0	1	0	0
C	Marios	17	301	2	1	25____	22667	1	0	0	1	0	0	0	0	0	0	0
C	Marios	17	301	2	1	25____	22690	1	0	0	0	0	0	0	1	0	0	0
C	Marios	17	301	2	1	25____	22743	1	3	1	1	0	0	0	0	0	0	0
C	Marios	17	301	2	1	25____	22746	3	0	0	0	0	0	0	1	0	0	0
C	Marios	17	301	2	1	25____	22993	3	1	0	0	0	0	0	0	0	0	0
C	Marios	17	301	2	1	25____	23442	1	0	0	0	1	0	0	0	0	0	0
C	Marios	17	301	2	1	25____	23456	1	0	0	0	0	0	0	0	1	0	0
C	Marios	17	301	2	1	25____	23470	1	0	0	0	1	0	0	0	0	0	0
C	Marios	17	301	2	1	25____	23489	1	0	0	0	0	0	0	0	1	0	0
C	Marios	17	301	2	1	25____	23556	1	2	2	0	1	0	0	0	0	0	0
C	Marios	17	301	2	1	25____	23561	2	0	0	0	0	0	0	0	1	0	0
C	Marios	17	301	2	1	25____	23806	2	1	0	0	0	0	0	0	0	0	0
C	Marios	17	301	2	1	25____	24038	1	0	0	0	1	0	0	0	0	0	0
C	Marios	17	301	2	1	25____	24073	1	0	0	0	0	0	0	0	1	0	0
C	Marios	17	301	2	1	25____	24078	1	2	2	0	1	0	0	0	0	0	0
C	Marios	17	301	2	1	25____	24185	2	0	0	0	0	0	0	0	1	0	0
C	Marios	17	301	2	1	25____	24328	2	1	0	0	0	0	0	0	0	0	0
C	Marios	17	301	2	1	25____	24580	1	0	0	0	1	0	0	0	0	0	0
C	Marios	17	301	2	1	25____	24622	1	0	0	0	0	0	0	0	1	0	0
C	Marios	17	301	2	1	25____	24950	1	3	1	1	0	0	0	0	0	0	0
C	Marios	17	301	2	1	25____	24963	3	0	0	0	0	0	0	1	0	0	0
C	Marios	17	301	2	1	25____	25200	3	1	0	0	0	0	0	0	0	0	0
C	Marios	17	301	2	1	25____	25704	1	3	1	1	0	0	0	0	0	0	0
C	Marios	17	301	2	1	25____	25721	3	0	0	0	0	0	0	1	0	0	0
C	Marios	17	301	2	1	25____	25954	3	1	0	0	0	0	0	0	0	0	0
C	Marios	17	301	2	1	25____	26287	1	3	1	1	0	0	0	0	0	0	0
C	Marios	17	301	2	1	25____	26315	3	0	0	0	0	0	0	1	0	0	0
C	Marios	17	301	2	1	25____	26537	3	1	0	0	0	0	0	0	0	0	0
C	Marios	17	301	2	1	25____	27111	1	0	0	0	1	0	0	0	0	0	0
C	Marios	17	301	2	1	25____	27269	1	0	0	0	0	0	0	0	1	0	0
C	Marios	17	301	2	1	25____	27274	1	2	2	0	1	0	0	0	0	0	0
C	Marios	17	301	2	1	25____	27307	2	0	0	0	0	0	0	0	1	0	0
C	Marios	17	301	2	1	25____	27518	2	0	0	0	1	0	0	0	0	0	0
C	Marios	17	301	2	1	25____	27524	2	1	0	0	0	0	0	0	0	0	0
C	Marios	17	301	2	1	25____	27576	1	0	0	0	0	0	0	0	1	0	0
C	Marios	17	301	2	1	25____	29295	1	0	0	0	1	0	0	0	0	0	0
C	Marios	17	301	2	1	25____	29362	1	0	0	0	0	0	0	0	1	0	0
C	Marios	17	301	2	1	25____	29424	1	0	0	1	0	0	0	0	0	0	0
C	Marios	17	301	2	1	25____	29442	1	0	0	0	0	0	0	1	0	0	0
C	Marios	17	301	2	1	25____	29593	1	3	1	1	0	0	0	0	0	0	0
C	Marios	17	301	2	1	25____	29612	3	0	0	0	0	0	0	1	0	0	0
C	Marios	17	301	2	1	25____	29843	3	1	0	0	0	0	0	0	0	0	0
C	Marios	17	301	2	1	25____	30165	1	0	0	0	1	0	0	0	0	0	0
C	Marios	17	301	2	1	25____	30312	1	0	0	0	0	0	0	0	1	0	0
C	Marios	17	301	2	1	25____	30930	1	0	0	1	0	0	0	0	0	0	0
C	Marios	17	301	2	1	25____	31001	1	0	0	0	0	0	0	1	0	0	0
C	Marios	17	301	2	1	25____	31016	1	0	0	1	0	0	0	0	0	0	0
C	Marios	17	301	2	1	25____	31145	1	0	0	0	0	0	0	1	0	0	0
C	Marios	17	301	2	1	25____	31393	1	2	2	0	1	0	0	0	0	0	0
C	Marios	17	301	2	1	25____	31409	2	0	0	0	0	0	0	0	1	0	0
C	Marios	17	301	2	1	25____	31420	2	0	0	0	1	0	0	0	0	0	0
C	Marios	17	301	2	1	25____	31432	2	0	0	0	0	0	0	0	1	0	0
C	Marios	17	301	2	1	25____	31443	2	0	0	0	1	0	0	0	0	0	0
C	Marios	17	301	2	1	25____	31527	2	0	0	0	0	0	0	0	1	0	0
C	Marios	17	301	2	1	25____	31643	2	1	0	0	0	0	0	0	0	0	0
C	Marios	17	301	2	1	25____	31766	1	2	2	0	1	0	0	0	0	0	0
C	Marios	17	301	2	1	25____	31785	2	0	0	0	0	0	0	0	1	0	0
C	Marios	17	301	2	1	25____	32016	2	1	0	0	0	0	0	0	0	0	0
C	Marios	17	301	2	1	25____	32310	1	0	0	1	0	0	0	0	0	0	0
C	Marios	17	301	2	1	25____	32339	1	0	0	0	0	0	0	1	0	0	0
C	Marios	17	301	2	1	25____	32511	1	0	0	1	0	0	0	0	0	0	0
C	Marios	17	301	2	1	25____	32514	1	0	0	0	0	0	0	1	0	0	0
C	Marios	17	301	2	1	25____	32518	1	3	1	1	0	0	0	0	0	0	0
C	Marios	17	301	2	1	25____	32520	3	0	0	0	0	0	0	1	0	0	0
C	Marios	17	301	2	1	25____	32768	3	1	0	0	0	0	0	0	0	0	0
C	Marios	17	301	2	1	25____	35636	1	0	0	0	1	0	0	0	0	0	0
C	Marios	17	301	2	1	25____	35664	1	0	0	0	0	0	0	0	1	0	0
C	Marios	17	301	2	1	25____	35674	1	2	2	0	1	0	0	0	0	0	0
C	Marios	17	301	2	1	25____	35718	2	0	0	0	0	0	0	0	1	0	0
C	Marios	17	301	2	1	25____	35924	2	1	0	0	0	0	0	0	0	0	0
C	Marios	17	301	2	1	25____	36134	1	0	0	0	1	0	0	0	0	0	0
C	Marios	17	301	2	1	25____	36253	1	0	0	0	0	0	0	0	1	0	0
C	Marios	17	301	2	1	25____	36363	1	2	2	0	1	0	0	0	0	0	0
C	Marios	17	301	2	1	25____	36401	2	0	0	0	0	0	0	0	1	0	0
C	Marios	17	301	2	1	25____	36613	2	1	0	0	0	0	0	0	0	0	0
C	Marios	17	301	2	1	25____	52245	1	2	2	0	1	0	0	0	0	0	0
C	Marios	17	301	2	1	25____	52495	2	1	0	0	0	0	0	0	0	0	0
C	Marios	17	301	2	1	25____	52829	1	0	0	0	0	0	0	0	1	0	0
C	Marios	17	301	2	1	25____	52841	1	2	2	0	1	0	0	0	0	0	0
C	Marios	17	301	2	1	25____	52867	2	0	0	0	0	0	0	0	1	0	0
C	Marios	17	301	2	1	25____	53091	2	1	0	0	0	0	0	0	0	0	0
C	Marios	17	301	2	1	25____	53263	1	2	2	0	1	0	0	0	0	0	0
C	Marios	17	301	2	1	25____	53338	2	0	0	0	0	0	0	0	1	0	0
C	Marios	17	301	2	1	25____	53513	2	1	0	0	0	0	0	0	0	0	0
C	Marios	17	301	2	1	25____	53971	1	2	2	0	1	0	0	0	0	0	0
C	Marios	17	301	2	1	25____	53998	2	0	0	0	0	0	0	0	1	0	0
C	Marios	17	301	2	1	25____	54221	2	1	0	0	0	0	0	0	0	0	0
C	Marios	17	301	2	1	25____	54437	1	2	2	0	1	0	0	0	0	0	0
C	Marios	17	301	2	1	25____	54462	2	0	0	0	0	0	0	0	1	0	0
C	Marios	17	301	2	1	25____	54687	2	1	0	0	0	0	0	0	0	0	0
C	Marios	17	301	2	1	25____	55015	1	0	0	1	0	0	0	0	0	0	0
C	Marios	17	301	2	1	25____	55160	1	0	0	0	0	0	0	1	0	0	0
C	Marios	17	301	2	1	25____	55239	1	2	2	0	1	0	0	0	0	0	0
C	Marios	17	301	2	1	25____	55280	2	0	0	0	0	0	0	0	1	0	0
C	Marios	17	301	2	1	25____	55288	2	0	0	0	1	0	0	0	0	0	0
C	Marios	17	301	2	1	25____	55399	2	0	0	0	0	0	0	0	1	0	0
C	Marios	17	301	2	1	25____	55489	2	1	0	0	0	0	0	0	0	0	0
C	Marios	17	301	2	1	25____	55632	1	0	0	1	0	0	0	0	0	0	0
C	Marios	17	301	2	1	25____	55645	1	0	0	0	0	0	0	1	0	0	0
C	Marios	17	301	2	1	25____	56754	1	0	0	1	0	0	0	0	0	0	0
C	Marios	17	301	2	1	25____	56773	1	0	0	0	0	0	0	1	0	0	0
C	Marios	17	301	2	1	25____	56862	1	3	1	1	0	0	0	0	0	0	0
C	Marios	17	301	2	1	25____	56868	3	0	0	0	0	0	0	1	0	0	0
C	Marios	17	301	2	1	25____	57112	3	1	0	0	0	0	0	0	0	0	0
C	Marios	17	301	2	1	25____	58100	1	0	0	0	1	0	0	0	0	0	0
C	Marios	17	301	2	1	25____	58279	1	0	0	0	0	0	0	0	1	0	0
C	Marios	17	301	2	1	25____	58506	1	0	0	0	1	0	0	0	0	0	0
C	Marios	17	301	2	1	25____	58976	1	0	0	0	0	0	0	0	1	0	0
C	Marios	17	301	2	1	25____	65915	1	2	2	0	1	0	0	0	0	0	0
C	Marios	17	301	2	1	25____	66091	2	0	0	0	0	0	0	0	1	0	0
C	Marios	17	301	2	1	25____	66111	2	0	0	0	1	0	0	0	0	0	0
C	Marios	17	301	2	1	25____	66165	2	1	0	0	0	0	0	0	0	0	0
C	Marios	17	301	2	1	25____	66404	1	0	0	0	0	0	0	0	1	0	0
C	Marios	17	301	2	1	25____	66426	1	0	0	0	1	0	0	0	0	0	0
C	Marios	17	301	2	1	25____	66443	1	0	0	0	0	0	0	0	1	0	0
C	Marios	17	301	2	1	25____	66562	1	2	2	0	1	0	0	0	0	0	0
C	Marios	17	301	2	1	25____	66597	2	0	0	0	0	0	0	0	1	0	0
C	Marios	17	301	2	1	25____	66627	2	0	0	0	1	0	0	0	0	0	0
C	Marios	17	301	2	1	25____	66657	2	0	0	0	0	0	0	0	1	0	0
C	Marios	17	301	2	1	25____	66812	2	1	0	0	0	0	0	0	0	0	0
C	Marios	17	301	2	1	25____	66837	1	2	2	0	1	0	0	0	0	0	0
C	Marios	17	301	2	1	25____	66918	2	0	0	0	0	0	0	0	1	0	0
C	Marios	17	301	2	1	25____	67087	2	1	0	0	0	0	0	0	0	0	0
C	Marios	17	301	2	1	25____	67252	1	0	0	0	1	0	0	0	0	0	0
C	Marios	17	301	2	1	25____	67277	1	0	0	0	0	0	0	0	1	0	0
C	Marios	17	301	2	1	25____	70166	1	2	2	0	1	0	0	0	0	0	0
C	Marios	17	301	2	1	25____	70416	2	1	0	0	0	0	0	0	0	0	0
C	Marios	17	301	2	1	25____	70482	1	0	0	0	0	0	0	0	1	0	0
C	Marios	17	301	2	1	25____	74916	1	0	0	0	1	0	0	0	0	0	0
C	Marios	17	301	2	1	25____	75057	1	0	0	0	0	0	0	0	1	0	0
C	Marios	17	301	2	1	25____	75092	1	2	2	0	1	0	0	0	0	0	0
C	Marios	17	301	2	1	25____	75251	2	0	0	0	0	0	0	0	1	0	0
C	Marios	17	301	2	1	25____	75320	2	0	0	0	1	0	0	0	0	0	0
C	Marios	17	301	2	1	25____	75342	2	1	0	0	0	0	0	0	0	0	0
C	Marios	17	301	2	1	25____	75356	1	0	0	0	0	0	0	0	1	0	0
C	Marios	17	301	2	1	25____	76788	1	0	0	1	0	0	0	0	0	0	0
C	Marios	17	301	2	1	25____	76961	1	0	0	0	0	0	0	1	0	0	0
C	Marios	17	301	2	1	25____	77059	1	3	1	1	0	0	0	0	0	0	0
C	Marios	17	301	2	1	25____	77070	3	0	0	0	0	0	0	1	0	0	0
C	Marios	17	301	2	1	25____	77309	3	1	0	0	0	0	0	0	0	0	0
C	Marios	17	301	2	1	25____	77460	1	0	0	0	1	0	0	0	0	0	0
C	Marios	17	301	2	1	25____	77488	1	0	0	0	0	0	0	0	1	0	0
C	Marios	17	301	2	1	25____	77585	1	0	0	0	1	0	0	0	0	0	0
C	Marios	17	301	2	1	25____	77621	1	0	0	0	0	0	0	0	1	0	0
C	Marios	17	301	2	1	25____	81429	1	2	2	0	1	0	0	0	0	0	0
C	Marios	17	301	2	1	25____	81556	2	0	0	0	0	0	0	0	1	0	0
C	Marios	17	301	2	1	25____	81679	2	1	0	0	0	0	0	0	0	0	0
C	Marios	17	301	2	1	25____	81955	1	0	0	1	0	0	0	0	0	0	0
C	Marios	17	301	2	1	25____	81988	1	0	0	0	0	0	0	1	0	0	0
C	Marios	17	301	2	1	25____	82135	1	2	2	0	1	0	0	0	0	0	0
C	Marios	17	301	2	1	25____	82180	2	0	0	0	0	0	0	0	1	0	0
C	Marios	17	301	2	1	25____	82186	2	0	0	0	1	0	0	0	0	0	0
C	Marios	17	301	2	1	25____	82227	2	0	0	0	0	0	0	0	1	0	0
C	Marios	17	301	2	1	25____	82385	2	1	0	0	0	0	0	0	0	0	0
C	Marios	17	301	2	1	25____	83123	1	0	0	1	0	0	0	0	0	0	0
C	Marios	17	301	2	1	25____	83158	1	0	0	0	0	0	0	1	0	0	0
C	Marios	17	301	2	1	25____	84382	1	3	1	1	0	0	0	0	0	0	0
C	Marios	17	301	2	1	25____	84516	3	0	0	0	0	0	0	1	0	0	0
C	Marios	17	301	2	1	25____	84632	3	1	0	0	0	0	0	0	0	0	0
C	Marios	17	301	2	1	25____	84849	1	0	0	0	1	0	0	0	0	0	0
C	Marios	17	301	2	1	25____	84936	1	0	0	0	0	0	0	0	1	0	0
C	Marios	17	301	2	1	25____	86306	1	0	0	1	0	0	0	0	0	0	0
C	Marios	17	301	2	1	25____	86572	1	0	0	0	0	0	0	1	0	0	0
C	Marios	17	301	2	1	25____	87312	1	0	0	1	0	0	0	0	0	0	0
C	Marios	17	301	2	1	25____	87470	1	0	0	0	0	0	0	1	0	0	0
C	Marios	17	301	2	1	25____	87707	1	3	1	1	0	0	0	0	0	0	0
C	Marios	17	301	2	1	25____	87721	3	0	0	0	0	0	0	1	0	0	0
C	Marios	17	301	2	1	25____	87957	3	1	0	0	0	0	0	0	0	0	0
C	Marios	17	301	2	1	25____	90000	1	4	0	0	0	0	0	0	0	0	0
C	Marios	17	301	2	1	25____	90250	4	-1	0	0	0	0	0	0	0	0	0
