Project	UserID	Protocol	Session	Station	Run	Subject	Time	Current State	Transition State	Transition Event	A1 - LLR	A2 - RLR	A3 - MAG	A4 - 	A[1] LLR_OFF	A[2] RLR_OFF	A[3] MAG_OFF	A[4] 
C	Marios	18	170	1	1	1_____	0	0	1	0	0	0	0	0	0	0	0	0
C	Marios	18	170	1	1	1_____	3000	1	2	0	0	0	0	0	0	0	0	0
C	Marios	18	170	1	1	1_____	3500	2	7	0	0	0	0	0	0	0	0	0
C	Marios	18	170	1	1	1_____	3610	7	0	0	0	0	1	0	0	0	0	0
C	Marios	18	170	1	1	1_____	3668	7	0	0	0	0	0	0	0	0	1	0
C	Marios	18	170	1	1	1_____	3670	7	0	0	0	0	1	0	0	0	0	0
C	Marios	18	170	1	1	1_____	3672	7	0	0	0	0	0	0	0	0	1	0
C	Marios	18	170	1	1	1_____	3676	7	0	0	0	0	1	0	0	0	0	0
C	Marios	18	170	1	1	1_____	3733	7	0	0	0	0	0	0	0	0	1	0
C	Marios	18	170	1	1	1_____	3735	7	0	0	0	0	1	0	0	0	0	0
C	Marios	18	170	1	1	1_____	3739	7	0	0	0	0	0	0	0	0	1	0
C	Marios	18	170	1	1	1_____	3745	7	0	0	0	0	1	0	0	0	0	0
C	Marios	18	170	1	1	1_____	3755	7	0	0	0	0	0	0	0	0	1	0
C	Marios	18	170	1	1	1_____	3758	7	0	0	0	0	1	0	0	0	0	0
C	Marios	18	170	1	1	1_____	3762	7	0	0	0	0	0	0	0	0	1	0
C	Marios	18	170	1	1	1_____	3769	7	0	0	0	0	1	0	0	0	0	0
C	Marios	18	170	1	1	1_____	3771	7	0	0	0	0	0	0	0	0	1	0
C	Marios	18	170	1	1	1_____	3776	7	0	0	0	0	1	0	0	0	0	0
C	Marios	18	170	1	1	1_____	3893	7	0	0	0	0	0	0	0	0	1	0
C	Marios	18	170	1	1	1_____	3900	7	0	0	0	0	1	0	0	0	0	0
C	Marios	18	170	1	1	1_____	3955	7	0	0	0	0	0	0	0	0	1	0
C	Marios	18	170	1	1	1_____	3959	7	0	0	0	0	1	0	0	0	0	0
C	Marios	18	170	1	1	1_____	3963	7	0	0	0	0	0	0	0	0	1	0
C	Marios	18	170	1	1	1_____	3974	7	0	0	0	0	1	0	0	0	0	0
C	Marios	18	170	1	1	1_____	4000	7	11	0	0	0	0	0	0	0	0	0
C	Marios	18	170	1	1	1_____	4108	11	0	0	0	0	1	0	0	0	1	0
C	Marios	18	170	1	1	1_____	4116	11	0	0	0	0	0	0	0	0	1	0
C	Marios	18	170	1	1	1_____	4500	11	1	0	0	0	0	0	0	0	0	0
C	Marios	18	170	1	1	1_____	9000	1	2	0	0	0	0	0	0	0	0	0
C	Marios	18	170	1	1	1_____	9500	2	13	0	0	0	0	0	0	0	0	0
C	Marios	18	170	1	1	1_____	10000	13	15	0	0	0	0	0	0	0	0	0
C	Marios	18	170	1	1	1_____	10500	15	1	0	0	0	0	0	0	0	0	0
C	Marios	18	170	1	1	1_____	11641	1	0	0	0	0	1	0	0	0	0	0
C	Marios	18	170	1	1	1_____	11643	1	0	0	0	0	0	0	0	0	1	0
C	Marios	18	170	1	1	1_____	12939	1	0	0	0	0	1	0	0	0	0	0
C	Marios	18	170	1	1	1_____	13025	1	0	0	0	0	0	0	0	0	1	0
C	Marios	18	170	1	1	1_____	13033	1	0	0	0	0	1	0	0	0	0	0
C	Marios	18	170	1	1	1_____	13042	1	0	0	0	0	0	0	0	0	1	0
C	Marios	18	170	1	1	1_____	13053	1	0	0	0	0	1	0	0	0	0	0
C	Marios	18	170	1	1	1_____	13055	1	0	0	0	0	0	0	0	0	1	0
C	Marios	18	170	1	1	1_____	13075	1	0	0	0	0	1	0	0	0	0	0
C	Marios	18	170	1	1	1_____	13080	1	0	0	0	0	0	0	0	0	1	0
C	Marios	18	170	1	1	1_____	13083	1	0	0	0	0	1	0	0	0	0	0
C	Marios	18	170	1	1	1_____	13088	1	0	0	0	0	0	0	0	0	1	0
C	Marios	18	170	1	1	1_____	13092	1	0	0	0	0	1	0	0	0	0	0
C	Marios	18	170	1	1	1_____	13097	1	0	0	0	0	0	0	0	0	1	0
C	Marios	18	170	1	1	1_____	13099	1	0	0	0	0	1	0	0	0	0	0
C	Marios	18	170	1	1	1_____	13106	1	0	0	0	0	0	0	0	0	1	0
C	Marios	18	170	1	1	1_____	13109	1	0	0	0	0	1	0	0	0	0	0
C	Marios	18	170	1	1	1_____	13150	1	0	0	0	0	0	0	0	0	1	0
C	Marios	18	170	1	1	1_____	13151	1	0	0	0	0	1	0	0	0	0	0
C	Marios	18	170	1	1	1_____	13191	1	0	0	0	0	0	0	0	0	1	0
C	Marios	18	170	1	1	1_____	13208	1	0	0	0	0	1	0	0	0	0	0
C	Marios	18	170	1	1	1_____	13210	1	0	0	0	0	0	0	0	0	1	0
C	Marios	18	170	1	1	1_____	13211	1	0	0	0	0	1	0	0	0	0	0
C	Marios	18	170	1	1	1_____	13216	1	0	0	0	0	0	0	0	0	1	0
C	Marios	18	170	1	1	1_____	13220	1	0	0	0	0	1	0	0	0	0	0
C	Marios	18	170	1	1	1_____	13246	1	0	0	0	0	0	0	0	0	1	0
C	Marios	18	170	1	1	1_____	13249	1	0	0	0	0	1	0	0	0	0	0
C	Marios	18	170	1	1	1_____	13280	1	0	0	0	0	0	0	0	0	1	0
C	Marios	18	170	1	1	1_____	13282	1	0	0	0	0	1	0	0	0	0	0
C	Marios	18	170	1	1	1_____	13287	1	0	0	0	0	0	0	0	0	1	0
C	Marios	18	170	1	1	1_____	13293	1	0	0	0	0	1	0	0	0	0	0
C	Marios	18	170	1	1	1_____	13295	1	0	0	0	0	0	0	0	0	1	0
C	Marios	18	170	1	1	1_____	13317	1	0	0	0	0	1	0	0	0	0	0
C	Marios	18	170	1	1	1_____	13319	1	0	0	0	0	0	0	0	0	1	0
C	Marios	18	170	1	1	1_____	13321	1	0	0	0	0	1	0	0	0	0	0
C	Marios	18	170	1	1	1_____	13323	1	0	0	0	0	0	0	0	0	1	0
C	Marios	18	170	1	1	1_____	13325	1	0	0	0	0	1	0	0	0	0	0
C	Marios	18	170	1	1	1_____	13338	1	0	0	0	0	0	0	0	0	1	0
C	Marios	18	170	1	1	1_____	13345	1	0	0	0	0	1	0	0	0	0	0
C	Marios	18	170	1	1	1_____	13371	1	0	0	0	0	1	0	0	0	1	0
C	Marios	18	170	1	1	1_____	13376	1	0	0	0	0	0	0	0	0	1	0
C	Marios	18	170	1	1	1_____	13378	1	0	0	0	0	1	0	0	0	0	0
C	Marios	18	170	1	1	1_____	13390	1	0	0	0	0	0	0	0	0	1	0
C	Marios	18	170	1	1	1_____	13408	1	0	0	0	0	1	0	0	0	0	0
C	Marios	18	170	1	1	1_____	13413	1	0	0	0	0	0	0	0	0	1	0
C	Marios	18	170	1	1	1_____	13447	1	0	0	0	0	1	0	0	0	0	0
C	Marios	18	170	1	1	1_____	13557	1	0	0	0	0	0	0	0	0	1	0
C	Marios	18	170	1	1	1_____	13883	1	0	0	0	0	1	0	0	0	0	0
C	Marios	18	170	1	1	1_____	13912	1	0	0	0	0	0	0	0	0	1	0
C	Marios	18	170	1	1	1_____	16279	1	0	0	0	0	1	0	0	0	0	0
C	Marios	18	170	1	1	1_____	16318	1	0	0	0	0	0	0	0	0	1	0
C	Marios	18	170	1	1	1_____	16321	1	0	0	0	0	1	0	0	0	0	0
C	Marios	18	170	1	1	1_____	16323	1	0	0	0	0	0	0	0	0	1	0
C	Marios	18	170	1	1	1_____	16328	1	0	0	0	0	1	0	0	0	0	0
C	Marios	18	170	1	1	1_____	16330	1	0	0	0	0	0	0	0	0	1	0
C	Marios	18	170	1	1	1_____	16332	1	0	0	0	0	1	0	0	0	0	0
C	Marios	18	170	1	1	1_____	16335	1	0	0	0	0	0	0	0	0	1	0
C	Marios	18	170	1	1	1_____	16338	1	0	0	0	0	1	0	0	0	0	0
C	Marios	18	170	1	1	1_____	16340	1	0	0	0	0	1	0	0	0	1	0
C	Marios	18	170	1	1	1_____	16358	1	0	0	0	0	0	0	0	0	1	0
C	Marios	18	170	1	1	1_____	16362	1	0	0	0	0	1	0	0	0	0	0
C	Marios	18	170	1	1	1_____	16441	1	0	0	0	0	0	0	0	0	1	0
C	Marios	18	170	1	1	1_____	16534	1	0	0	0	0	1	0	0	0	0	0
C	Marios	18	170	1	1	1_____	16548	1	0	0	0	0	0	0	0	0	1	0
C	Marios	18	170	1	1	1_____	16553	1	0	0	0	0	1	0	0	0	0	0
C	Marios	18	170	1	1	1_____	16604	1	0	0	0	0	0	0	0	0	1	0
C	Marios	18	170	1	1	1_____	16609	1	0	0	0	0	1	0	0	0	0	0
C	Marios	18	170	1	1	1_____	16611	1	0	0	0	0	0	0	0	0	1	0
C	Marios	18	170	1	1	1_____	16619	1	0	0	0	0	1	0	0	0	0	0
C	Marios	18	170	1	1	1_____	16621	1	0	0	0	0	0	0	0	0	1	0
C	Marios	18	170	1	1	1_____	16638	1	0	0	0	0	1	0	0	0	0	0
C	Marios	18	170	1	1	1_____	16988	1	0	0	0	0	0	0	0	0	1	0
C	Marios	18	170	1	1	1_____	17116	1	0	0	0	0	1	0	0	0	0	0
C	Marios	18	170	1	1	1_____	17118	1	0	0	0	0	0	0	0	0	1	0
C	Marios	18	170	1	1	1_____	17166	1	0	0	0	0	1	0	0	0	0	0
C	Marios	18	170	1	1	1_____	17168	1	0	0	0	0	0	0	0	0	1	0
C	Marios	18	170	1	1	1_____	17174	1	0	0	0	0	1	0	0	0	0	0
C	Marios	18	170	1	1	1_____	17181	1	0	0	0	0	0	0	0	0	1	0
C	Marios	18	170	1	1	1_____	17186	1	0	0	0	0	1	0	0	0	0	0
C	Marios	18	170	1	1	1_____	17188	1	0	0	0	0	0	0	0	0	1	0
C	Marios	18	170	1	1	1_____	17211	1	0	0	0	0	1	0	0	0	0	0
C	Marios	18	170	1	1	1_____	17214	1	0	0	0	0	0	0	0	0	1	0
C	Marios	18	170	1	1	1_____	17219	1	0	0	0	0	1	0	0	0	0	0
C	Marios	18	170	1	1	1_____	17221	1	0	0	0	0	0	0	0	0	1	0
C	Marios	18	170	1	1	1_____	17230	1	0	0	0	0	1	0	0	0	0	0
C	Marios	18	170	1	1	1_____	17250	1	2	0	0	0	0	0	0	0	0	0
C	Marios	18	170	1	1	1_____	17305	2	0	0	0	0	0	0	0	0	1	0
C	Marios	18	170	1	1	1_____	17383	2	0	0	0	0	1	0	0	0	0	0
C	Marios	18	170	1	1	1_____	17389	2	0	0	0	0	0	0	0	0	1	0
C	Marios	18	170	1	1	1_____	17392	2	0	0	0	0	1	0	0	0	0	0
C	Marios	18	170	1	1	1_____	17393	2	0	0	0	0	0	0	0	0	1	0
C	Marios	18	170	1	1	1_____	17750	2	12	0	0	0	0	0	0	0	0	0
C	Marios	18	170	1	1	1_____	18250	12	15	0	0	0	0	0	0	0	0	0
C	Marios	18	170	1	1	1_____	18750	15	1	0	0	0	0	0	0	0	0	0
C	Marios	18	170	1	1	1_____	21000	1	2	0	0	0	0	0	0	0	0	0
C	Marios	18	170	1	1	1_____	21500	2	6	0	0	0	0	0	0	0	0	0
C	Marios	18	170	1	1	1_____	21622	6	0	0	0	0	1	0	0	0	0	0
C	Marios	18	170	1	1	1_____	21650	6	0	0	0	0	0	0	0	0	1	0
C	Marios	18	170	1	1	1_____	21711	6	0	0	0	0	1	0	0	0	0	0
C	Marios	18	170	1	1	1_____	21723	6	0	0	0	0	0	0	0	0	1	0
C	Marios	18	170	1	1	1_____	21728	6	0	0	0	0	1	0	0	0	0	0
C	Marios	18	170	1	1	1_____	21738	6	0	0	0	0	0	0	0	0	1	0
C	Marios	18	170	1	1	1_____	21745	6	0	0	0	0	1	0	0	0	0	0
C	Marios	18	170	1	1	1_____	21749	6	0	0	0	0	0	0	0	0	1	0
C	Marios	18	170	1	1	1_____	21751	6	0	0	0	0	1	0	0	0	0	0
C	Marios	18	170	1	1	1_____	21754	6	0	0	0	0	0	0	0	0	1	0
C	Marios	18	170	1	1	1_____	21756	6	0	0	0	0	1	0	0	0	0	0
C	Marios	18	170	1	1	1_____	21761	6	0	0	0	0	0	0	0	0	1	0
C	Marios	18	170	1	1	1_____	21763	6	0	0	0	0	1	0	0	0	0	0
C	Marios	18	170	1	1	1_____	21779	6	0	0	0	0	1	0	0	0	1	0
C	Marios	18	170	1	1	1_____	21785	6	0	0	0	0	1	0	0	0	1	0
C	Marios	18	170	1	1	1_____	21814	6	0	0	0	0	0	0	0	0	1	0
C	Marios	18	170	1	1	1_____	21815	6	0	0	0	0	1	0	0	0	0	0
C	Marios	18	170	1	1	1_____	21817	6	0	0	0	0	1	0	0	0	1	0
C	Marios	18	170	1	1	1_____	21823	6	0	0	0	0	0	0	0	0	1	0
C	Marios	18	170	1	1	1_____	21825	6	0	0	0	0	1	0	0	0	0	0
C	Marios	18	170	1	1	1_____	21827	6	0	0	0	0	0	0	0	0	1	0
C	Marios	18	170	1	1	1_____	21834	6	0	0	0	0	1	0	0	0	0	0
C	Marios	18	170	1	1	1_____	21836	6	0	0	0	0	0	0	0	0	1	0
C	Marios	18	170	1	1	1_____	21837	6	0	0	0	0	1	0	0	0	0	0
C	Marios	18	170	1	1	1_____	21872	6	0	0	0	0	0	0	0	0	1	0
C	Marios	18	170	1	1	1_____	21887	6	0	0	0	0	1	0	0	0	0	0
C	Marios	18	170	1	1	1_____	21889	6	0	0	0	0	0	0	0	0	1	0
C	Marios	18	170	1	1	1_____	21894	6	0	0	0	0	1	0	0	0	0	0
C	Marios	18	170	1	1	1_____	21898	6	0	0	0	0	0	0	0	0	1	0
C	Marios	18	170	1	1	1_____	21907	6	0	0	0	0	1	0	0	0	0	0
C	Marios	18	170	1	1	1_____	21963	6	0	0	0	0	0	0	0	0	1	0
C	Marios	18	170	1	1	1_____	21964	6	0	0	0	0	1	0	0	0	0	0
C	Marios	18	170	1	1	1_____	21975	6	0	0	0	0	0	0	0	0	1	0
C	Marios	18	170	1	1	1_____	21976	6	0	0	0	0	1	0	0	0	0	0
C	Marios	18	170	1	1	1_____	21977	6	0	0	0	0	0	0	0	0	1	0
C	Marios	18	170	1	1	1_____	21978	6	0	0	0	0	1	0	0	0	0	0
C	Marios	18	170	1	1	1_____	21984	6	0	0	0	0	0	0	0	0	1	0
C	Marios	18	170	1	1	1_____	21985	6	0	0	0	0	1	0	0	0	0	0
C	Marios	18	170	1	1	1_____	21989	6	0	0	0	0	0	0	0	0	1	0
C	Marios	18	170	1	1	1_____	21991	6	0	0	0	0	1	0	0	0	0	0
C	Marios	18	170	1	1	1_____	21993	6	0	0	0	0	0	0	0	0	1	0
C	Marios	18	170	1	1	1_____	22000	6	10	0	0	0	1	0	0	0	0	0
C	Marios	18	170	1	1	1_____	22003	10	0	0	0	0	0	0	0	0	1	0
C	Marios	18	170	1	1	1_____	22005	10	0	0	0	0	1	0	0	0	0	0
C	Marios	18	170	1	1	1_____	22016	10	0	0	0	0	0	0	0	0	1	0
C	Marios	18	170	1	1	1_____	22025	10	0	0	0	0	1	0	0	0	0	0
C	Marios	18	170	1	1	1_____	22028	10	0	0	0	0	0	0	0	0	1	0
C	Marios	18	170	1	1	1_____	22054	10	0	0	0	0	1	0	0	0	0	0
C	Marios	18	170	1	1	1_____	22198	10	0	0	0	0	0	0	0	0	1	0
C	Marios	18	170	1	1	1_____	22200	10	0	0	0	0	1	0	0	0	0	0
C	Marios	18	170	1	1	1_____	22202	10	0	0	0	0	0	0	0	0	1	0
C	Marios	18	170	1	1	1_____	22230	10	0	0	0	0	1	0	0	0	0	0
C	Marios	18	170	1	1	1_____	22277	10	0	0	0	0	0	0	0	0	1	0
C	Marios	18	170	1	1	1_____	22278	10	0	0	0	0	1	0	0	0	0	0
C	Marios	18	170	1	1	1_____	22282	10	0	0	0	0	0	0	0	0	1	0
C	Marios	18	170	1	1	1_____	22292	10	0	0	0	0	1	0	0	0	0	0
C	Marios	18	170	1	1	1_____	22294	10	0	0	0	0	0	0	0	0	1	0
C	Marios	18	170	1	1	1_____	22299	10	0	0	0	0	1	0	0	0	0	0
C	Marios	18	170	1	1	1_____	22367	10	0	0	0	0	0	0	0	0	1	0
C	Marios	18	170	1	1	1_____	22370	10	0	0	0	0	1	0	0	0	0	0
C	Marios	18	170	1	1	1_____	22376	10	0	0	0	0	0	0	0	0	1	0
C	Marios	18	170	1	1	1_____	22381	10	0	0	0	0	1	0	0	0	0	0
C	Marios	18	170	1	1	1_____	22410	10	0	0	0	0	0	0	0	0	1	0
C	Marios	18	170	1	1	1_____	22427	10	0	0	0	0	1	0	0	0	0	0
C	Marios	18	170	1	1	1_____	22468	10	0	0	0	0	0	0	0	0	1	0
C	Marios	18	170	1	1	1_____	22474	10	0	0	0	0	1	0	0	0	0	0
C	Marios	18	170	1	1	1_____	22475	10	0	0	0	0	0	0	0	0	1	0
C	Marios	18	170	1	1	1_____	22487	10	0	0	0	0	1	0	0	0	0	0
C	Marios	18	170	1	1	1_____	22500	10	1	0	0	0	0	0	0	0	0	0
C	Marios	18	170	1	1	1_____	22511	1	0	0	0	0	1	0	0	0	1	0
C	Marios	18	170	1	1	1_____	22514	1	0	0	0	0	0	0	0	0	1	0
C	Marios	18	170	1	1	1_____	22518	1	0	0	0	0	1	0	0	0	0	0
C	Marios	18	170	1	1	1_____	22521	1	0	0	0	0	1	0	0	0	1	0
C	Marios	18	170	1	1	1_____	22523	1	0	0	0	0	0	0	0	0	1	0
C	Marios	18	170	1	1	1_____	22547	1	0	0	0	0	1	0	0	0	0	0
C	Marios	18	170	1	1	1_____	22618	1	0	0	0	0	0	0	0	0	1	0
C	Marios	18	170	1	1	1_____	22667	1	0	0	0	0	1	0	0	0	0	0
C	Marios	18	170	1	1	1_____	22676	1	0	0	0	0	0	0	0	0	1	0
C	Marios	18	170	1	1	1_____	22687	1	0	0	0	0	1	0	0	0	0	0
C	Marios	18	170	1	1	1_____	22781	1	0	0	0	0	0	0	0	0	1	0
C	Marios	18	170	1	1	1_____	22795	1	0	0	0	0	1	0	0	0	0	0
C	Marios	18	170	1	1	1_____	22800	1	0	0	0	0	0	0	0	0	1	0
C	Marios	18	170	1	1	1_____	22804	1	0	0	0	0	1	0	0	0	0	0
C	Marios	18	170	1	1	1_____	22880	1	0	0	0	0	0	0	0	0	1	0
C	Marios	18	170	1	1	1_____	22883	1	0	0	0	0	1	0	0	0	0	0
C	Marios	18	170	1	1	1_____	22909	1	0	0	0	0	0	0	0	0	1	0
C	Marios	18	170	1	1	1_____	22913	1	0	0	0	0	1	0	0	0	0	0
C	Marios	18	170	1	1	1_____	22915	1	0	0	0	0	0	0	0	0	1	0
C	Marios	18	170	1	1	1_____	22933	1	0	0	0	0	1	0	0	0	0	0
C	Marios	18	170	1	1	1_____	22989	1	0	0	0	0	0	0	0	0	1	0
C	Marios	18	170	1	1	1_____	23050	1	0	0	0	0	1	0	0	0	0	0
C	Marios	18	170	1	1	1_____	23097	1	0	0	0	0	0	0	0	0	1	0
C	Marios	18	170	1	1	1_____	23113	1	0	0	0	0	1	0	0	0	0	0
C	Marios	18	170	1	1	1_____	23115	1	0	0	0	0	1	0	0	0	1	0
C	Marios	18	170	1	1	1_____	23167	1	0	0	0	0	0	0	0	0	1	0
C	Marios	18	170	1	1	1_____	23200	1	0	0	0	0	1	0	0	0	0	0
C	Marios	18	170	1	1	1_____	23202	1	0	0	0	0	0	0	0	0	1	0
C	Marios	18	170	1	1	1_____	23221	1	0	0	0	0	1	0	0	0	0	0
C	Marios	18	170	1	1	1_____	23223	1	0	0	0	0	0	0	0	0	1	0
C	Marios	18	170	1	1	1_____	23224	1	0	0	0	0	1	0	0	0	0	0
C	Marios	18	170	1	1	1_____	23257	1	0	0	0	0	0	0	0	0	1	0
C	Marios	18	170	1	1	1_____	23268	1	0	0	0	0	1	0	0	0	0	0
C	Marios	18	170	1	1	1_____	23292	1	0	0	0	0	0	0	0	0	1	0
C	Marios	18	170	1	1	1_____	24000	1	2	0	0	0	0	0	0	0	0	0
C	Marios	18	170	1	1	1_____	24500	2	12	0	0	0	0	0	0	0	0	0
C	Marios	18	170	1	1	1_____	25000	12	15	0	0	0	0	0	0	0	0	0
C	Marios	18	170	1	1	1_____	25500	15	1	0	0	0	0	0	0	0	0	0
C	Marios	18	170	1	1	1_____	28846	1	0	0	0	0	1	0	0	0	0	0
C	Marios	18	170	1	1	1_____	28905	1	0	0	0	0	0	0	0	0	1	0
C	Marios	18	170	1	1	1_____	28907	1	0	0	0	0	1	0	0	0	0	0
C	Marios	18	170	1	1	1_____	28917	1	0	0	0	0	0	0	0	0	1	0
C	Marios	18	170	1	1	1_____	28918	1	0	0	0	0	1	0	0	0	0	0
C	Marios	18	170	1	1	1_____	28920	1	0	0	0	0	0	0	0	0	1	0
C	Marios	18	170	1	1	1_____	29680	1	0	0	0	0	1	0	0	0	0	0
C	Marios	18	170	1	1	1_____	29682	1	0	0	0	0	0	0	0	0	1	0
C	Marios	18	170	1	1	1_____	30750	1	2	0	0	0	0	0	0	0	0	0
C	Marios	18	170	1	1	1_____	30887	2	0	0	0	0	1	0	0	0	0	0
C	Marios	18	170	1	1	1_____	30898	2	0	0	0	0	0	0	0	0	1	0
C	Marios	18	170	1	1	1_____	31250	2	13	0	0	0	0	0	0	0	0	0
C	Marios	18	170	1	1	1_____	31750	13	15	0	0	0	0	0	0	0	0	0
C	Marios	18	170	1	1	1_____	32250	15	1	0	0	0	0	0	0	0	0	0
C	Marios	18	170	1	1	1_____	33799	1	0	0	0	0	1	0	0	0	0	0
C	Marios	18	170	1	1	1_____	33801	1	0	0	0	0	0	0	0	0	1	0
C	Marios	18	170	1	1	1_____	33922	1	0	0	0	0	1	0	0	0	0	0
C	Marios	18	170	1	1	1_____	33924	1	0	0	0	0	0	0	0	0	1	0
C	Marios	18	170	1	1	1_____	38604	1	0	0	0	0	1	0	0	0	0	0
C	Marios	18	170	1	1	1_____	38709	1	0	0	0	0	0	0	0	0	1	0
C	Marios	18	170	1	1	1_____	38710	1	0	0	0	0	1	0	0	0	0	0
C	Marios	18	170	1	1	1_____	39140	1	0	0	0	0	0	0	0	0	1	0
C	Marios	18	170	1	1	1_____	39273	1	0	0	0	0	1	0	0	0	0	0
C	Marios	18	170	1	1	1_____	39283	1	0	0	0	0	0	0	0	0	1	0
C	Marios	18	170	1	1	1_____	39750	1	2	0	0	0	0	0	0	0	0	0
C	Marios	18	170	1	1	1_____	40250	2	7	0	0	0	0	0	0	0	0	0
C	Marios	18	170	1	1	1_____	40302	7	0	0	0	0	1	0	0	0	0	0
C	Marios	18	170	1	1	1_____	40323	7	0	0	0	0	0	0	0	0	1	0
C	Marios	18	170	1	1	1_____	40355	7	0	0	0	0	1	0	0	0	0	0
C	Marios	18	170	1	1	1_____	40368	7	0	0	0	0	1	0	0	0	1	0
C	Marios	18	170	1	1	1_____	40389	7	0	0	0	0	1	0	0	0	1	0
C	Marios	18	170	1	1	1_____	40408	7	0	0	0	0	0	0	0	0	1	0
C	Marios	18	170	1	1	1_____	40409	7	0	0	0	0	1	0	0	0	0	0
C	Marios	18	170	1	1	1_____	40412	7	0	0	0	0	0	0	0	0	1	0
C	Marios	18	170	1	1	1_____	40414	7	0	0	0	0	1	0	0	0	0	0
C	Marios	18	170	1	1	1_____	40424	7	0	0	0	0	0	0	0	0	1	0
C	Marios	18	170	1	1	1_____	40434	7	0	0	0	0	1	0	0	0	0	0
C	Marios	18	170	1	1	1_____	40490	7	0	0	0	0	0	0	0	0	1	0
C	Marios	18	170	1	1	1_____	40492	7	0	0	0	0	1	0	0	0	0	0
C	Marios	18	170	1	1	1_____	40494	7	0	0	0	0	0	0	0	0	1	0
C	Marios	18	170	1	1	1_____	40499	7	0	0	0	0	1	0	0	0	0	0
C	Marios	18	170	1	1	1_____	40506	7	0	0	0	0	0	0	0	0	1	0
C	Marios	18	170	1	1	1_____	40507	7	0	0	0	0	1	0	0	0	0	0
C	Marios	18	170	1	1	1_____	40519	7	0	0	0	0	0	0	0	0	1	0
C	Marios	18	170	1	1	1_____	40520	7	0	0	0	0	1	0	0	0	0	0
C	Marios	18	170	1	1	1_____	40563	7	0	0	0	0	0	0	0	0	1	0
C	Marios	18	170	1	1	1_____	40575	7	0	0	0	0	1	0	0	0	0	0
C	Marios	18	170	1	1	1_____	40577	7	0	0	0	0	0	0	0	0	1	0
C	Marios	18	170	1	1	1_____	40581	7	0	0	0	0	1	0	0	0	0	0
C	Marios	18	170	1	1	1_____	40628	7	0	0	0	0	0	0	0	0	1	0
C	Marios	18	170	1	1	1_____	40629	7	0	0	0	0	1	0	0	0	0	0
C	Marios	18	170	1	1	1_____	40633	7	0	0	0	0	1	0	0	0	1	0
C	Marios	18	170	1	1	1_____	40635	7	0	0	0	0	0	0	0	0	1	0
C	Marios	18	170	1	1	1_____	40636	7	0	0	0	0	1	0	0	0	0	0
C	Marios	18	170	1	1	1_____	40649	7	0	0	0	0	0	0	0	0	1	0
C	Marios	18	170	1	1	1_____	40660	7	0	0	0	0	1	0	0	0	0	0
C	Marios	18	170	1	1	1_____	40694	7	0	0	0	0	1	0	0	0	1	0
C	Marios	18	170	1	1	1_____	40696	7	0	0	0	0	0	0	0	0	1	0
C	Marios	18	170	1	1	1_____	40697	7	0	0	0	0	1	0	0	0	0	0
C	Marios	18	170	1	1	1_____	40702	7	0	0	0	0	0	0	0	0	1	0
C	Marios	18	170	1	1	1_____	40711	7	0	0	0	0	1	0	0	0	0	0
C	Marios	18	170	1	1	1_____	40750	7	11	0	0	0	0	0	0	0	0	0
C	Marios	18	170	1	1	1_____	40772	11	0	0	0	0	0	0	0	0	1	0
C	Marios	18	170	1	1	1_____	40773	11	0	0	0	0	1	0	0	0	0	0
C	Marios	18	170	1	1	1_____	40775	11	0	0	0	0	0	0	0	0	1	0
C	Marios	18	170	1	1	1_____	40780	11	0	0	0	0	1	0	0	0	0	0
C	Marios	18	170	1	1	1_____	40783	11	0	0	0	0	0	0	0	0	1	0
C	Marios	18	170	1	1	1_____	40784	11	0	0	0	0	1	0	0	0	0	0
C	Marios	18	170	1	1	1_____	40869	11	0	0	0	0	0	0	0	0	1	0
C	Marios	18	170	1	1	1_____	41250	11	1	0	0	0	0	0	0	0	0	0
C	Marios	18	170	1	1	1_____	43128	1	0	0	0	0	1	0	0	0	0	0
C	Marios	18	170	1	1	1_____	43129	1	0	0	0	0	0	0	0	0	1	0
C	Marios	18	170	1	1	1_____	45750	1	2	0	0	0	0	0	0	0	0	0
C	Marios	18	170	1	1	1_____	46250	2	13	0	0	0	0	0	0	0	0	0
C	Marios	18	170	1	1	1_____	46750	13	15	0	0	0	0	0	0	0	0	0
C	Marios	18	170	1	1	1_____	47250	15	1	0	0	0	0	0	0	0	0	0
C	Marios	18	170	1	1	1_____	50750	1	2	0	0	0	0	0	0	0	0	0
C	Marios	18	170	1	1	1_____	51250	2	6	0	0	0	0	0	0	0	0	0
C	Marios	18	170	1	1	1_____	51356	6	0	0	0	0	1	0	0	0	0	0
C	Marios	18	170	1	1	1_____	51418	6	0	0	0	0	0	0	0	0	1	0
C	Marios	18	170	1	1	1_____	51529	6	0	0	0	0	1	0	0	0	0	0
C	Marios	18	170	1	1	1_____	51684	6	0	0	0	0	0	0	0	0	1	0
C	Marios	18	170	1	1	1_____	51720	6	0	0	0	0	1	0	0	0	0	0
C	Marios	18	170	1	1	1_____	51731	6	0	0	0	0	0	0	0	0	1	0
C	Marios	18	170	1	1	1_____	51735	6	0	0	0	0	1	0	0	0	0	0
C	Marios	18	170	1	1	1_____	51748	6	0	0	0	0	0	0	0	0	1	0
C	Marios	18	170	1	1	1_____	51750	6	10	0	0	0	1	0	0	0	0	0
C	Marios	18	170	1	1	1_____	51762	10	0	0	0	0	0	0	0	0	1	0
C	Marios	18	170	1	1	1_____	51771	10	0	0	0	0	1	0	0	0	0	0
C	Marios	18	170	1	1	1_____	51972	10	0	0	0	0	0	0	0	0	1	0
C	Marios	18	170	1	1	1_____	51987	10	0	0	0	0	1	0	0	0	0	0
C	Marios	18	170	1	1	1_____	51989	10	0	0	0	0	0	0	0	0	1	0
C	Marios	18	170	1	1	1_____	51993	10	0	0	0	0	1	0	0	0	0	0
C	Marios	18	170	1	1	1_____	52016	10	0	0	0	0	0	0	0	0	1	0
C	Marios	18	170	1	1	1_____	52250	10	1	0	0	0	0	0	0	0	0	0
C	Marios	18	170	1	1	1_____	52252	1	0	0	0	0	1	0	0	0	0	0
C	Marios	18	170	1	1	1_____	52261	1	0	0	0	0	0	0	0	0	1	0
C	Marios	18	170	1	1	1_____	52269	1	0	0	0	0	1	0	0	0	0	0
C	Marios	18	170	1	1	1_____	52277	1	0	0	0	0	0	0	0	0	1	0
C	Marios	18	170	1	1	1_____	56000	1	2	0	0	0	0	0	0	0	0	0
C	Marios	18	170	1	1	1_____	56500	2	13	0	0	0	0	0	0	0	0	0
C	Marios	18	170	1	1	1_____	57000	13	15	0	0	0	0	0	0	0	0	0
C	Marios	18	170	1	1	1_____	57500	15	1	0	0	0	0	0	0	0	0	0
C	Marios	18	170	1	1	1_____	61005	1	0	0	0	0	1	0	0	0	0	0
C	Marios	18	170	1	1	1_____	61092	1	0	0	0	0	0	0	0	0	1	0
C	Marios	18	170	1	1	1_____	62780	1	0	0	0	0	1	0	0	0	0	0
C	Marios	18	170	1	1	1_____	62938	1	0	0	0	0	0	0	0	0	1	0
C	Marios	18	170	1	1	1_____	62966	1	0	0	0	0	1	0	0	0	0	0
C	Marios	18	170	1	1	1_____	62967	1	0	0	0	0	0	0	0	0	1	0
C	Marios	18	170	1	1	1_____	62976	1	0	0	0	0	1	0	0	0	0	0
C	Marios	18	170	1	1	1_____	63000	1	2	0	0	0	0	0	0	0	0	0
C	Marios	18	170	1	1	1_____	63019	2	0	0	0	0	0	0	0	0	1	0
C	Marios	18	170	1	1	1_____	63500	2	12	0	0	0	0	0	0	0	0	0
C	Marios	18	170	1	1	1_____	64000	12	15	0	0	0	0	0	0	0	0	0
C	Marios	18	170	1	1	1_____	64500	15	1	0	0	0	0	0	0	0	0	0
C	Marios	18	170	1	1	1_____	70052	1	0	0	0	0	1	0	0	0	0	0
C	Marios	18	170	1	1	1_____	70055	1	0	0	0	0	0	0	0	0	1	0
C	Marios	18	170	1	1	1_____	70077	1	0	0	0	0	1	0	0	0	0	0
C	Marios	18	170	1	1	1_____	70081	1	0	0	0	0	0	0	0	0	1	0
C	Marios	18	170	1	1	1_____	70096	1	0	0	0	0	1	0	0	0	0	0
C	Marios	18	170	1	1	1_____	70116	1	0	0	0	0	0	0	0	0	1	0
C	Marios	18	170	1	1	1_____	70500	1	2	0	0	0	0	0	0	0	0	0
C	Marios	18	170	1	1	1_____	71000	2	12	0	0	0	0	0	0	0	0	0
C	Marios	18	170	1	1	1_____	71500	12	15	0	0	0	0	0	0	0	0	0
C	Marios	18	170	1	1	1_____	71531	15	0	0	0	0	1	0	0	0	0	0
C	Marios	18	170	1	1	1_____	71535	15	0	0	0	0	0	0	0	0	1	0
C	Marios	18	170	1	1	1_____	71536	15	0	0	0	0	1	0	0	0	0	0
C	Marios	18	170	1	1	1_____	71538	15	0	0	0	0	0	0	0	0	1	0
C	Marios	18	170	1	1	1_____	72000	15	1	0	0	0	0	0	0	0	0	0
C	Marios	18	170	1	1	1_____	74020	1	0	0	0	0	1	0	0	0	0	0
C	Marios	18	170	1	1	1_____	74065	1	0	0	0	0	0	0	0	0	1	0
C	Marios	18	170	1	1	1_____	74462	1	0	0	0	0	1	0	0	0	0	0
C	Marios	18	170	1	1	1_____	74537	1	0	0	0	0	0	0	0	0	1	0
C	Marios	18	170	1	1	1_____	74562	1	0	0	0	0	1	0	0	0	0	0
C	Marios	18	170	1	1	1_____	74564	1	0	0	0	0	0	0	0	0	1	0
C	Marios	18	170	1	1	1_____	74571	1	0	0	0	0	1	0	0	0	0	0
C	Marios	18	170	1	1	1_____	74631	1	0	0	0	0	0	0	0	0	1	0
C	Marios	18	170	1	1	1_____	75750	1	0	0	0	0	1	0	0	0	0	0
C	Marios	18	170	1	1	1_____	75761	1	0	0	0	0	0	0	0	0	1	0
C	Marios	18	170	1	1	1_____	77250	1	2	0	0	0	0	0	0	0	0	0
C	Marios	18	170	1	1	1_____	77750	2	7	0	0	0	0	0	0	0	0	0
C	Marios	18	170	1	1	1_____	77955	7	0	0	0	0	1	0	0	0	0	0
C	Marios	18	170	1	1	1_____	77982	7	0	0	0	0	0	0	0	0	1	0
C	Marios	18	170	1	1	1_____	78000	7	0	0	0	0	1	0	0	0	0	0
C	Marios	18	170	1	1	1_____	78019	7	0	0	0	0	0	0	0	0	1	0
C	Marios	18	170	1	1	1_____	78024	7	0	0	0	0	1	0	0	0	0	0
C	Marios	18	170	1	1	1_____	78040	7	0	0	0	0	0	0	0	0	1	0
C	Marios	18	170	1	1	1_____	78054	7	0	0	0	0	1	0	0	0	0	0
C	Marios	18	170	1	1	1_____	78063	7	0	0	0	0	0	0	0	0	1	0
C	Marios	18	170	1	1	1_____	78072	7	0	0	0	0	1	0	0	0	0	0
C	Marios	18	170	1	1	1_____	78111	7	0	0	0	0	0	0	0	0	1	0
C	Marios	18	170	1	1	1_____	78114	7	0	0	0	0	1	0	0	0	0	0
C	Marios	18	170	1	1	1_____	78122	7	0	0	0	0	0	0	0	0	1	0
C	Marios	18	170	1	1	1_____	78141	7	0	0	0	0	1	0	0	0	0	0
C	Marios	18	170	1	1	1_____	78166	7	0	0	0	0	0	0	0	0	1	0
C	Marios	18	170	1	1	1_____	78172	7	0	0	0	0	1	0	0	0	0	0
C	Marios	18	170	1	1	1_____	78181	7	0	0	0	0	0	0	0	0	1	0
C	Marios	18	170	1	1	1_____	78182	7	0	0	0	0	1	0	0	0	0	0
C	Marios	18	170	1	1	1_____	78222	7	0	0	0	0	0	0	0	0	1	0
C	Marios	18	170	1	1	1_____	78234	7	0	0	0	0	1	0	0	0	0	0
C	Marios	18	170	1	1	1_____	78236	7	0	0	0	0	0	0	0	0	1	0
C	Marios	18	170	1	1	1_____	78245	7	0	0	0	0	1	0	0	0	0	0
C	Marios	18	170	1	1	1_____	78247	7	0	0	0	0	0	0	0	0	1	0
C	Marios	18	170	1	1	1_____	78248	7	0	0	0	0	1	0	0	0	0	0
C	Marios	18	170	1	1	1_____	78250	7	11	0	0	0	0	0	0	0	0	0
C	Marios	18	170	1	1	1_____	78275	11	0	0	0	0	1	0	0	0	1	0
C	Marios	18	170	1	1	1_____	78279	11	0	0	0	0	0	0	0	0	1	0
C	Marios	18	170	1	1	1_____	78281	11	0	0	0	0	1	0	0	0	0	0
C	Marios	18	170	1	1	1_____	78283	11	0	0	0	0	0	0	0	0	1	0
C	Marios	18	170	1	1	1_____	78288	11	0	0	0	0	1	0	0	0	0	0
C	Marios	18	170	1	1	1_____	78429	11	0	0	0	0	0	0	0	0	1	0
C	Marios	18	170	1	1	1_____	78436	11	0	0	0	0	1	0	0	0	0	0
C	Marios	18	170	1	1	1_____	78510	11	0	0	0	0	0	0	0	0	1	0
C	Marios	18	170	1	1	1_____	78750	11	1	0	0	0	0	0	0	0	0	0
C	Marios	18	170	1	1	1_____	80250	1	2	0	0	0	0	0	0	0	0	0
C	Marios	18	170	1	1	1_____	80750	2	13	0	0	0	0	0	0	0	0	0
C	Marios	18	170	1	1	1_____	81250	13	15	0	0	0	0	0	0	0	0	0
C	Marios	18	170	1	1	1_____	81750	15	1	0	0	0	0	0	0	0	0	0
C	Marios	18	170	1	1	1_____	85500	1	2	0	0	0	0	0	0	0	0	0
C	Marios	18	170	1	1	1_____	86000	2	6	0	0	0	0	0	0	0	0	0
C	Marios	18	170	1	1	1_____	86047	6	0	0	0	0	1	0	0	0	0	0
C	Marios	18	170	1	1	1_____	86108	6	0	0	0	0	0	0	0	0	1	0
C	Marios	18	170	1	1	1_____	86111	6	0	0	0	0	1	0	0	0	0	0
C	Marios	18	170	1	1	1_____	86113	6	0	0	0	0	0	0	0	0	1	0
C	Marios	18	170	1	1	1_____	86116	6	0	0	0	0	1	0	0	0	0	0
C	Marios	18	170	1	1	1_____	86118	6	0	0	0	0	0	0	0	0	1	0
C	Marios	18	170	1	1	1_____	86119	6	0	0	0	0	1	0	0	0	0	0
C	Marios	18	170	1	1	1_____	86135	6	0	0	0	0	0	0	0	0	1	0
C	Marios	18	170	1	1	1_____	86137	6	0	0	0	0	1	0	0	0	0	0
C	Marios	18	170	1	1	1_____	86139	6	0	0	0	0	0	0	0	0	1	0
C	Marios	18	170	1	1	1_____	86143	6	0	0	0	0	1	0	0	0	0	0
C	Marios	18	170	1	1	1_____	86147	6	0	0	0	0	0	0	0	0	1	0
C	Marios	18	170	1	1	1_____	86148	6	0	0	0	0	1	0	0	0	0	0
C	Marios	18	170	1	1	1_____	86151	6	0	0	0	0	0	0	0	0	1	0
C	Marios	18	170	1	1	1_____	86158	6	0	0	0	0	1	0	0	0	0	0
C	Marios	18	170	1	1	1_____	86183	6	0	0	0	0	0	0	0	0	1	0
C	Marios	18	170	1	1	1_____	86186	6	0	0	0	0	1	0	0	0	0	0
C	Marios	18	170	1	1	1_____	86191	6	0	0	0	0	0	0	0	0	1	0
C	Marios	18	170	1	1	1_____	86200	6	0	0	0	0	1	0	0	0	0	0
C	Marios	18	170	1	1	1_____	86202	6	0	0	0	0	0	0	0	0	1	0
C	Marios	18	170	1	1	1_____	86206	6	0	0	0	0	1	0	0	0	0	0
C	Marios	18	170	1	1	1_____	86208	6	0	0	0	0	1	0	0	0	1	0
C	Marios	18	170	1	1	1_____	86226	6	0	0	0	0	0	0	0	0	1	0
C	Marios	18	170	1	1	1_____	86237	6	0	0	0	0	1	0	0	0	0	0
C	Marios	18	170	1	1	1_____	86266	6	0	0	0	0	1	0	0	0	1	0
C	Marios	18	170	1	1	1_____	86276	6	0	0	0	0	0	0	0	0	1	0
C	Marios	18	170	1	1	1_____	86279	6	0	0	0	0	1	0	0	0	0	0
C	Marios	18	170	1	1	1_____	86281	6	0	0	0	0	0	0	0	0	1	0
C	Marios	18	170	1	1	1_____	86282	6	0	0	0	0	1	0	0	0	0	0
C	Marios	18	170	1	1	1_____	86284	6	0	0	0	0	0	0	0	0	1	0
C	Marios	18	170	1	1	1_____	86289	6	0	0	0	0	1	0	0	0	0	0
C	Marios	18	170	1	1	1_____	86300	6	0	0	0	0	0	0	0	0	1	0
C	Marios	18	170	1	1	1_____	86305	6	0	0	0	0	1	0	0	0	0	0
C	Marios	18	170	1	1	1_____	86310	6	0	0	0	0	0	0	0	0	1	0
C	Marios	18	170	1	1	1_____	86312	6	0	0	0	0	1	0	0	0	0	0
C	Marios	18	170	1	1	1_____	86332	6	0	0	0	0	0	0	0	0	1	0
C	Marios	18	170	1	1	1_____	86333	6	0	0	0	0	1	0	0	0	0	0
C	Marios	18	170	1	1	1_____	86353	6	0	0	0	0	0	0	0	0	1	0
C	Marios	18	170	1	1	1_____	86354	6	0	0	0	0	1	0	0	0	0	0
C	Marios	18	170	1	1	1_____	86405	6	0	0	0	0	1	0	0	0	1	0
C	Marios	18	170	1	1	1_____	86411	6	0	0	0	0	0	0	0	0	1	0
C	Marios	18	170	1	1	1_____	86420	6	0	0	0	0	1	0	0	0	0	0
C	Marios	18	170	1	1	1_____	86435	6	0	0	0	0	0	0	0	0	1	0
C	Marios	18	170	1	1	1_____	86438	6	0	0	0	0	1	0	0	0	0	0
C	Marios	18	170	1	1	1_____	86455	6	0	0	0	0	1	0	0	0	1	0
C	Marios	18	170	1	1	1_____	86500	6	10	0	0	0	0	0	0	0	0	0
C	Marios	18	170	1	1	1_____	86504	10	0	0	0	0	0	0	0	0	1	0
C	Marios	18	170	1	1	1_____	86505	10	0	0	0	0	1	0	0	0	0	0
C	Marios	18	170	1	1	1_____	86511	10	0	0	0	0	0	0	0	0	1	0
C	Marios	18	170	1	1	1_____	86516	10	0	0	0	0	1	0	0	0	0	0
C	Marios	18	170	1	1	1_____	86519	10	0	0	0	0	0	0	0	0	1	0
C	Marios	18	170	1	1	1_____	86521	10	0	0	0	0	1	0	0	0	0	0
C	Marios	18	170	1	1	1_____	86538	10	0	0	0	0	1	0	0	0	1	0
C	Marios	18	170	1	1	1_____	86642	10	0	0	0	0	0	0	0	0	1	0
C	Marios	18	170	1	1	1_____	86650	10	0	0	0	0	1	0	0	0	0	0
C	Marios	18	170	1	1	1_____	86727	10	0	0	0	0	0	0	0	0	1	0
C	Marios	18	170	1	1	1_____	86738	10	0	0	0	0	1	0	0	0	0	0
C	Marios	18	170	1	1	1_____	86745	10	0	0	0	0	0	0	0	0	1	0
C	Marios	18	170	1	1	1_____	86748	10	0	0	0	0	1	0	0	0	0	0
C	Marios	18	170	1	1	1_____	86751	10	0	0	0	0	0	0	0	0	1	0
C	Marios	18	170	1	1	1_____	86760	10	0	0	0	0	1	0	0	0	0	0
C	Marios	18	170	1	1	1_____	86766	10	0	0	0	0	0	0	0	0	1	0
C	Marios	18	170	1	1	1_____	86775	10	0	0	0	0	1	0	0	0	0	0
C	Marios	18	170	1	1	1_____	86789	10	0	0	0	0	0	0	0	0	1	0
C	Marios	18	170	1	1	1_____	86790	10	0	0	0	0	1	0	0	0	0	0
C	Marios	18	170	1	1	1_____	86819	10	0	0	0	0	0	0	0	0	1	0
C	Marios	18	170	1	1	1_____	87000	10	1	0	0	0	0	0	0	0	0	0
C	Marios	18	170	1	1	1_____	92500	1	2	0	0	0	0	0	0	0	0	0
C	Marios	18	170	1	1	1_____	93000	2	12	0	0	0	0	0	0	0	0	0
C	Marios	18	170	1	1	1_____	93500	12	15	0	0	0	0	0	0	0	0	0
C	Marios	18	170	1	1	1_____	94000	15	1	0	0	0	0	0	0	0	0	0
C	Marios	18	170	1	1	1_____	97935	1	0	0	0	0	1	0	0	0	0	0
C	Marios	18	170	1	1	1_____	97940	1	0	0	0	0	0	0	0	0	1	0
C	Marios	18	170	1	1	1_____	99865	1	0	0	0	0	1	0	0	0	0	0
C	Marios	18	170	1	1	1_____	99868	1	0	0	0	0	0	0	0	0	1	0
C	Marios	18	170	1	1	1_____	100000	1	2	0	0	0	0	0	0	0	0	0
C	Marios	18	170	1	1	1_____	100500	2	13	0	0	0	0	0	0	0	0	0
C	Marios	18	170	1	1	1_____	101000	13	15	0	0	0	0	0	0	0	0	0
C	Marios	18	170	1	1	1_____	101500	15	1	0	0	0	0	0	0	0	0	0
C	Marios	18	170	1	1	1_____	108250	1	2	0	0	0	0	0	0	0	0	0
C	Marios	18	170	1	1	1_____	108750	2	12	0	0	0	0	0	0	0	0	0
C	Marios	18	170	1	1	1_____	109250	12	15	0	0	0	0	0	0	0	0	0
C	Marios	18	170	1	1	1_____	109750	15	1	0	0	0	0	0	0	0	0	0
C	Marios	18	170	1	1	1_____	111477	1	0	0	0	0	1	0	0	0	0	0
C	Marios	18	170	1	1	1_____	111539	1	0	0	0	0	0	0	0	0	1	0
C	Marios	18	170	1	1	1_____	111554	1	0	0	0	0	1	0	0	0	0	0
C	Marios	18	170	1	1	1_____	111558	1	0	0	0	0	0	0	0	0	1	0
C	Marios	18	170	1	1	1_____	111570	1	0	0	0	0	1	0	0	0	0	0
C	Marios	18	170	1	1	1_____	111617	1	0	0	0	0	0	0	0	0	1	0
C	Marios	18	170	1	1	1_____	114250	1	2	0	0	0	0	0	0	0	0	0
C	Marios	18	170	1	1	1_____	114750	2	12	0	0	0	0	0	0	0	0	0
C	Marios	18	170	1	1	1_____	115250	12	15	0	0	0	0	0	0	0	0	0
C	Marios	18	170	1	1	1_____	115750	15	1	0	0	0	0	0	0	0	0	0
C	Marios	18	170	1	1	1_____	119877	1	0	0	0	0	1	0	0	0	0	0
C	Marios	18	170	1	1	1_____	119885	1	0	0	0	0	0	0	0	0	1	0
C	Marios	18	170	1	1	1_____	120151	1	0	0	0	0	1	0	0	0	0	0
C	Marios	18	170	1	1	1_____	120248	1	0	0	0	0	0	0	0	0	1	0
C	Marios	18	170	1	1	1_____	120269	1	0	0	0	0	1	0	0	0	0	0
C	Marios	18	170	1	1	1_____	120422	1	0	0	0	0	0	0	0	0	1	0
C	Marios	18	170	1	1	1_____	120476	1	0	0	0	0	1	0	0	0	0	0
C	Marios	18	170	1	1	1_____	120478	1	0	0	0	0	0	0	0	0	1	0
C	Marios	18	170	1	1	1_____	120494	1	0	0	0	0	1	0	0	0	0	0
C	Marios	18	170	1	1	1_____	120499	1	0	0	0	0	0	0	0	0	1	0
C	Marios	18	170	1	1	1_____	120557	1	0	0	0	0	1	0	0	0	0	0
C	Marios	18	170	1	1	1_____	120722	1	0	0	0	0	0	0	0	0	1	0
C	Marios	18	170	1	1	1_____	120725	1	0	0	0	0	1	0	0	0	0	0
C	Marios	18	170	1	1	1_____	120949	1	0	0	0	0	0	0	0	0	1	0
C	Marios	18	170	1	1	1_____	120951	1	0	0	0	0	1	0	0	0	0	0
C	Marios	18	170	1	1	1_____	120953	1	0	0	0	0	0	0	0	0	1	0
C	Marios	18	170	1	1	1_____	120980	1	0	0	0	0	1	0	0	0	0	0
C	Marios	18	170	1	1	1_____	120983	1	0	0	0	0	0	0	0	0	1	0
C	Marios	18	170	1	1	1_____	120988	1	0	0	0	0	1	0	0	0	0	0
C	Marios	18	170	1	1	1_____	121064	1	0	0	0	0	0	0	0	0	1	0
C	Marios	18	170	1	1	1_____	121257	1	0	0	0	0	1	0	0	0	0	0
C	Marios	18	170	1	1	1_____	121285	1	0	0	0	0	0	0	0	0	1	0
C	Marios	18	170	1	1	1_____	121286	1	0	0	0	0	1	0	0	0	0	0
C	Marios	18	170	1	1	1_____	121290	1	0	0	0	0	0	0	0	0	1	0
C	Marios	18	170	1	1	1_____	121292	1	0	0	0	0	1	0	0	0	0	0
C	Marios	18	170	1	1	1_____	121549	1	0	0	0	0	0	0	0	0	1	0
C	Marios	18	170	1	1	1_____	121554	1	0	0	0	0	1	0	0	0	0	0
C	Marios	18	170	1	1	1_____	121573	1	0	0	0	0	0	0	0	0	1	0
C	Marios	18	170	1	1	1_____	121627	1	0	0	0	0	1	0	0	0	0	0
C	Marios	18	170	1	1	1_____	121629	1	0	0	0	0	0	0	0	0	1	0
C	Marios	18	170	1	1	1_____	121661	1	0	0	0	0	1	0	0	0	0	0
C	Marios	18	170	1	1	1_____	121763	1	0	0	0	0	0	0	0	0	1	0
C	Marios	18	170	1	1	1_____	121777	1	0	0	0	0	1	0	0	0	0	0
C	Marios	18	170	1	1	1_____	121779	1	0	0	0	0	0	0	0	0	1	0
C	Marios	18	170	1	1	1_____	122382	1	0	0	0	0	1	0	0	0	0	0
C	Marios	18	170	1	1	1_____	122383	1	0	0	0	0	0	0	0	0	1	0
C	Marios	18	170	1	1	1_____	122387	1	0	0	0	0	1	0	0	0	0	0
C	Marios	18	170	1	1	1_____	122399	1	0	0	0	0	0	0	0	0	1	0
C	Marios	18	170	1	1	1_____	122404	1	0	0	0	0	1	0	0	0	0	0
C	Marios	18	170	1	1	1_____	122444	1	0	0	0	0	0	0	0	0	1	0
C	Marios	18	170	1	1	1_____	122496	1	0	0	0	0	1	0	0	0	0	0
C	Marios	18	170	1	1	1_____	122508	1	0	0	0	0	0	0	0	0	1	0
C	Marios	18	170	1	1	1_____	122511	1	0	0	0	0	1	0	0	0	0	0
C	Marios	18	170	1	1	1_____	122651	1	0	0	0	0	0	0	0	0	1	0
C	Marios	18	170	1	1	1_____	122652	1	0	0	0	0	1	0	0	0	0	0
C	Marios	18	170	1	1	1_____	122654	1	0	0	0	0	0	0	0	0	1	0
C	Marios	18	170	1	1	1_____	122655	1	0	0	0	0	1	0	0	0	0	0
C	Marios	18	170	1	1	1_____	122762	1	0	0	0	0	0	0	0	0	1	0
C	Marios	18	170	1	1	1_____	122768	1	0	0	0	0	1	0	0	0	0	0
C	Marios	18	170	1	1	1_____	123198	1	0	0	0	0	0	0	0	0	1	0
C	Marios	18	170	1	1	1_____	123250	1	2	0	0	0	0	0	0	0	0	0
C	Marios	18	170	1	1	1_____	123750	2	13	0	0	0	0	0	0	0	0	0
C	Marios	18	170	1	1	1_____	124002	13	0	0	0	0	1	0	0	0	0	0
C	Marios	18	170	1	1	1_____	124014	13	0	0	0	0	0	0	0	0	1	0
C	Marios	18	170	1	1	1_____	124250	13	15	0	0	0	0	0	0	0	0	0
C	Marios	18	170	1	1	1_____	124750	15	1	0	0	0	0	0	0	0	0	0
C	Marios	18	170	1	1	1_____	128250	1	2	0	0	0	0	0	0	0	0	0
C	Marios	18	170	1	1	1_____	128750	2	12	0	0	0	0	0	0	0	0	0
C	Marios	18	170	1	1	1_____	128977	12	0	0	0	0	1	0	0	0	0	0
C	Marios	18	170	1	1	1_____	129159	12	0	0	0	0	0	0	0	0	1	0
C	Marios	18	170	1	1	1_____	129250	12	15	0	0	0	0	0	0	0	0	0
C	Marios	18	170	1	1	1_____	129302	15	0	0	0	0	1	0	0	0	0	0
C	Marios	18	170	1	1	1_____	129502	15	0	0	0	0	0	0	0	0	1	0
C	Marios	18	170	1	1	1_____	129750	15	1	0	0	0	0	0	0	0	0	0
C	Marios	18	170	1	1	1_____	131647	1	0	0	0	0	1	0	0	0	0	0
C	Marios	18	170	1	1	1_____	131649	1	0	0	0	0	0	0	0	0	1	0
C	Marios	18	170	1	1	1_____	131692	1	0	0	0	0	1	0	0	0	0	0
C	Marios	18	170	1	1	1_____	131694	1	0	0	0	0	0	0	0	0	1	0
C	Marios	18	170	1	1	1_____	132000	1	2	0	0	0	0	0	0	0	0	0
C	Marios	18	170	1	1	1_____	132500	2	7	0	0	0	0	0	0	0	0	0
C	Marios	18	170	1	1	1_____	132537	7	0	0	0	0	1	0	0	0	0	0
C	Marios	18	170	1	1	1_____	132539	7	0	0	0	0	0	0	0	0	1	0
C	Marios	18	170	1	1	1_____	132554	7	0	0	0	0	1	0	0	0	0	0
C	Marios	18	170	1	1	1_____	132567	7	0	0	0	0	0	0	0	0	1	0
C	Marios	18	170	1	1	1_____	132622	7	0	0	0	0	1	0	0	0	0	0
C	Marios	18	170	1	1	1_____	132639	7	0	0	0	0	0	0	0	0	1	0
C	Marios	18	170	1	1	1_____	132672	7	0	0	0	0	1	0	0	0	0	0
C	Marios	18	170	1	1	1_____	132688	7	0	0	0	0	0	0	0	0	1	0
C	Marios	18	170	1	1	1_____	132691	7	0	0	0	0	1	0	0	0	0	0
C	Marios	18	170	1	1	1_____	132709	7	0	0	0	0	0	0	0	0	1	0
C	Marios	18	170	1	1	1_____	132710	7	0	0	0	0	1	0	0	0	0	0
C	Marios	18	170	1	1	1_____	132715	7	0	0	0	0	0	0	0	0	1	0
C	Marios	18	170	1	1	1_____	132717	7	0	0	0	0	1	0	0	0	0	0
C	Marios	18	170	1	1	1_____	132807	7	0	0	0	0	0	0	0	0	1	0
C	Marios	18	170	1	1	1_____	132816	7	0	0	0	0	1	0	0	0	0	0
C	Marios	18	170	1	1	1_____	132823	7	0	0	0	0	0	0	0	0	1	0
C	Marios	18	170	1	1	1_____	132825	7	0	0	0	0	1	0	0	0	0	0
C	Marios	18	170	1	1	1_____	132834	7	0	0	0	0	0	0	0	0	1	0
C	Marios	18	170	1	1	1_____	132839	7	0	0	0	0	1	0	0	0	0	0
C	Marios	18	170	1	1	1_____	132841	7	0	0	0	0	1	0	0	0	1	0
C	Marios	18	170	1	1	1_____	132892	7	0	0	0	0	0	0	0	0	1	0
C	Marios	18	170	1	1	1_____	133000	7	11	0	0	0	0	0	0	0	0	0
C	Marios	18	170	1	1	1_____	133152	11	0	0	0	0	1	0	0	0	0	0
C	Marios	18	170	1	1	1_____	133158	11	0	0	0	0	0	0	0	0	1	0
C	Marios	18	170	1	1	1_____	133174	11	0	0	0	0	1	0	0	0	0	0
C	Marios	18	170	1	1	1_____	133265	11	0	0	0	0	0	0	0	0	1	0
C	Marios	18	170	1	1	1_____	133500	11	1	0	0	0	0	0	0	0	0	0
C	Marios	18	170	1	1	1_____	135070	1	0	0	0	0	1	0	0	0	0	0
C	Marios	18	170	1	1	1_____	135238	1	0	0	0	0	0	0	0	0	1	0
C	Marios	18	170	1	1	1_____	137459	1	0	0	0	0	1	0	0	0	0	0
C	Marios	18	170	1	1	1_____	137595	1	0	0	0	0	0	0	0	0	1	0
C	Marios	18	170	1	1	1_____	137640	1	0	0	0	0	1	0	0	0	0	0
C	Marios	18	170	1	1	1_____	137707	1	0	0	0	0	0	0	0	0	1	0
C	Marios	18	170	1	1	1_____	137804	1	0	0	0	0	1	0	0	0	0	0
C	Marios	18	170	1	1	1_____	137901	1	0	0	0	0	0	0	0	0	1	0
C	Marios	18	170	1	1	1_____	137966	1	0	0	0	0	1	0	0	0	0	0
C	Marios	18	170	1	1	1_____	137990	1	0	0	0	0	0	0	0	0	1	0
C	Marios	18	170	1	1	1_____	137992	1	0	0	0	0	1	0	0	0	0	0
C	Marios	18	170	1	1	1_____	137996	1	0	0	0	0	0	0	0	0	1	0
C	Marios	18	170	1	1	1_____	137997	1	0	0	0	0	1	0	0	0	0	0
C	Marios	18	170	1	1	1_____	138000	1	2	0	0	0	0	0	0	0	0	0
C	Marios	18	170	1	1	1_____	138056	2	0	0	0	0	0	0	0	0	1	0
C	Marios	18	170	1	1	1_____	138500	2	6	0	0	0	0	0	0	0	0	0
C	Marios	18	170	1	1	1_____	138558	6	0	0	0	0	1	0	0	0	0	0
C	Marios	18	170	1	1	1_____	138596	6	0	0	0	0	0	0	0	0	1	0
C	Marios	18	170	1	1	1_____	138600	6	0	0	0	0	1	0	0	0	0	0
C	Marios	18	170	1	1	1_____	138607	6	0	0	0	0	0	0	0	0	1	0
C	Marios	18	170	1	1	1_____	138618	6	0	0	0	0	1	0	0	0	0	0
C	Marios	18	170	1	1	1_____	138620	6	0	0	0	0	0	0	0	0	1	0
C	Marios	18	170	1	1	1_____	138623	6	0	0	0	0	1	0	0	0	0	0
C	Marios	18	170	1	1	1_____	138658	6	0	0	0	0	0	0	0	0	1	0
C	Marios	18	170	1	1	1_____	138665	6	0	0	0	0	1	0	0	0	0	0
C	Marios	18	170	1	1	1_____	138677	6	0	0	0	0	0	0	0	0	1	0
C	Marios	18	170	1	1	1_____	138679	6	0	0	0	0	1	0	0	0	0	0
C	Marios	18	170	1	1	1_____	138735	6	0	0	0	0	0	0	0	0	1	0
C	Marios	18	170	1	1	1_____	138761	6	0	0	0	0	1	0	0	0	0	0
C	Marios	18	170	1	1	1_____	138774	6	0	0	0	0	0	0	0	0	1	0
C	Marios	18	170	1	1	1_____	138781	6	0	0	0	0	1	0	0	0	0	0
C	Marios	18	170	1	1	1_____	138782	6	0	0	0	0	0	0	0	0	1	0
C	Marios	18	170	1	1	1_____	138784	6	0	0	0	0	1	0	0	0	0	0
C	Marios	18	170	1	1	1_____	138787	6	0	0	0	0	0	0	0	0	1	0
C	Marios	18	170	1	1	1_____	138795	6	0	0	0	0	1	0	0	0	0	0
C	Marios	18	170	1	1	1_____	138827	6	0	0	0	0	0	0	0	0	1	0
C	Marios	18	170	1	1	1_____	138828	6	0	0	0	0	1	0	0	0	0	0
C	Marios	18	170	1	1	1_____	138831	6	0	0	0	0	0	0	0	0	1	0
C	Marios	18	170	1	1	1_____	138841	6	0	0	0	0	1	0	0	0	0	0
C	Marios	18	170	1	1	1_____	138843	6	0	0	0	0	0	0	0	0	1	0
C	Marios	18	170	1	1	1_____	138844	6	0	0	0	0	1	0	0	0	0	0
C	Marios	18	170	1	1	1_____	138887	6	0	0	0	0	0	0	0	0	1	0
C	Marios	18	170	1	1	1_____	138891	6	0	0	0	0	1	0	0	0	0	0
C	Marios	18	170	1	1	1_____	138894	6	0	0	0	0	0	0	0	0	1	0
C	Marios	18	170	1	1	1_____	138895	6	0	0	0	0	1	0	0	0	0	0
C	Marios	18	170	1	1	1_____	138896	6	0	0	0	0	0	0	0	0	1	0
C	Marios	18	170	1	1	1_____	138915	6	0	0	0	0	1	0	0	0	0	0
C	Marios	18	170	1	1	1_____	138954	6	0	0	0	0	0	0	0	0	1	0
C	Marios	18	170	1	1	1_____	138955	6	0	0	0	0	1	0	0	0	0	0
C	Marios	18	170	1	1	1_____	138957	6	0	0	0	0	0	0	0	0	1	0
C	Marios	18	170	1	1	1_____	138958	6	0	0	0	0	1	0	0	0	0	0
C	Marios	18	170	1	1	1_____	138969	6	0	0	0	0	1	0	0	0	1	0
C	Marios	18	170	1	1	1_____	138973	6	0	0	0	0	0	0	0	0	1	0
C	Marios	18	170	1	1	1_____	138974	6	0	0	0	0	1	0	0	0	0	0
C	Marios	18	170	1	1	1_____	138976	6	0	0	0	0	0	0	0	0	1	0
C	Marios	18	170	1	1	1_____	138985	6	0	0	0	0	1	0	0	0	0	0
C	Marios	18	170	1	1	1_____	138987	6	0	0	0	0	0	0	0	0	1	0
C	Marios	18	170	1	1	1_____	138989	6	0	0	0	0	1	0	0	0	0	0
C	Marios	18	170	1	1	1_____	138996	6	0	0	0	0	0	0	0	0	1	0
C	Marios	18	170	1	1	1_____	139000	6	10	0	0	0	0	0	0	0	0	0
C	Marios	18	170	1	1	1_____	139004	10	0	0	0	0	1	0	0	0	0	0
C	Marios	18	170	1	1	1_____	139091	10	0	0	0	0	0	0	0	0	1	0
C	Marios	18	170	1	1	1_____	139099	10	0	0	0	0	1	0	0	0	0	0
C	Marios	18	170	1	1	1_____	139104	10	0	0	0	0	1	0	0	0	1	0
C	Marios	18	170	1	1	1_____	139110	10	0	0	0	0	0	0	0	0	1	0
C	Marios	18	170	1	1	1_____	139115	10	0	0	0	0	1	0	0	0	0	0
C	Marios	18	170	1	1	1_____	139218	10	0	0	0	0	0	0	0	0	1	0
C	Marios	18	170	1	1	1_____	139230	10	0	0	0	0	1	0	0	0	0	0
C	Marios	18	170	1	1	1_____	139263	10	0	0	0	0	0	0	0	0	1	0
C	Marios	18	170	1	1	1_____	139270	10	0	0	0	0	1	0	0	0	0	0
C	Marios	18	170	1	1	1_____	139311	10	0	0	0	0	0	0	0	0	1	0
C	Marios	18	170	1	1	1_____	139361	10	0	0	0	0	1	0	0	0	0	0
C	Marios	18	170	1	1	1_____	139375	10	0	0	0	0	0	0	0	0	1	0
C	Marios	18	170	1	1	1_____	139408	10	0	0	0	0	1	0	0	0	0	0
C	Marios	18	170	1	1	1_____	139418	10	0	0	0	0	0	0	0	0	1	0
C	Marios	18	170	1	1	1_____	139500	10	1	0	0	0	0	0	0	0	0	0
C	Marios	18	170	1	1	1_____	140312	1	0	0	0	0	1	0	0	0	0	0
C	Marios	18	170	1	1	1_____	140377	1	0	0	0	0	0	0	0	0	1	0
C	Marios	18	170	1	1	1_____	140431	1	0	0	0	0	1	0	0	0	0	0
C	Marios	18	170	1	1	1_____	140449	1	0	0	0	0	0	0	0	0	1	0
C	Marios	18	170	1	1	1_____	140574	1	0	0	0	0	1	0	0	0	0	0
C	Marios	18	170	1	1	1_____	140789	1	0	0	0	0	0	0	0	0	1	0
C	Marios	18	170	1	1	1_____	140819	1	0	0	0	0	1	0	0	0	0	0
C	Marios	18	170	1	1	1_____	140881	1	0	0	0	0	0	0	0	0	1	0
C	Marios	18	170	1	1	1_____	142327	1	0	0	0	0	1	0	0	0	0	0
C	Marios	18	170	1	1	1_____	142365	1	0	0	0	0	0	0	0	0	1	0
C	Marios	18	170	1	1	1_____	142500	1	2	0	0	0	0	0	0	0	0	0
C	Marios	18	170	1	1	1_____	142905	2	0	0	0	0	1	0	0	0	0	0
C	Marios	18	170	1	1	1_____	142956	2	0	0	0	0	0	0	0	0	1	0
C	Marios	18	170	1	1	1_____	143000	2	13	0	0	0	0	0	0	0	0	0
C	Marios	18	170	1	1	1_____	143449	13	0	0	0	0	1	0	0	0	0	0
C	Marios	18	170	1	1	1_____	143500	13	15	0	0	0	0	0	0	0	0	0
C	Marios	18	170	1	1	1_____	143546	15	0	0	0	0	0	0	0	0	1	0
C	Marios	18	170	1	1	1_____	144000	15	14	0	0	0	0	0	0	0	0	0
C	Marios	18	170	1	1	1_____	147000	14	-1	0	0	0	0	0	0	0	0	0
C	Marios	18	170	5	1	26____	0	0	1	0	0	0	0	0	0	0	0	0
C	Marios	18	170	5	1	26____	3750	1	2	0	0	0	0	0	0	0	0	0
C	Marios	18	170	5	1	26____	3795	2	0	0	0	0	1	0	0	0	0	0
C	Marios	18	170	5	1	26____	3796	2	0	0	0	0	0	0	0	0	1	0
C	Marios	18	170	5	1	26____	3801	2	0	0	0	0	1	0	0	0	0	0
C	Marios	18	170	5	1	26____	3805	2	0	0	0	0	0	0	0	0	1	0
C	Marios	18	170	5	1	26____	3822	2	0	0	0	0	1	0	0	0	0	0
C	Marios	18	170	5	1	26____	3860	2	0	0	0	0	0	0	0	0	1	0
C	Marios	18	170	5	1	26____	4250	2	13	0	0	0	0	0	0	0	0	0
C	Marios	18	170	5	1	26____	4750	13	15	0	0	0	0	0	0	0	0	0
C	Marios	18	170	5	1	26____	5250	15	1	0	0	0	0	0	0	0	0	0
C	Marios	18	170	5	1	26____	6035	1	0	0	0	0	1	0	0	0	0	0
C	Marios	18	170	5	1	26____	6070	1	0	0	0	0	0	0	0	0	1	0
C	Marios	18	170	5	1	26____	8250	1	2	0	0	0	0	0	0	0	0	0
C	Marios	18	170	5	1	26____	8750	2	7	0	0	0	0	0	0	0	0	0
C	Marios	18	170	5	1	26____	8820	7	0	0	0	0	1	0	0	0	0	0
C	Marios	18	170	5	1	26____	8917	7	0	0	0	0	0	0	0	0	1	0
C	Marios	18	170	5	1	26____	8945	7	0	0	0	0	1	0	0	0	0	0
C	Marios	18	170	5	1	26____	9003	7	0	0	0	0	0	0	0	0	1	0
C	Marios	18	170	5	1	26____	9004	7	0	0	0	0	1	0	0	0	0	0
C	Marios	18	170	5	1	26____	9019	7	0	0	0	0	0	0	0	0	1	0
C	Marios	18	170	5	1	26____	9049	7	0	0	0	0	1	0	0	0	0	0
C	Marios	18	170	5	1	26____	9060	7	0	0	0	0	0	0	0	0	1	0
C	Marios	18	170	5	1	26____	9095	7	0	0	0	0	1	0	0	0	0	0
C	Marios	18	170	5	1	26____	9250	7	11	0	0	0	0	0	0	0	0	0
C	Marios	18	170	5	1	26____	9382	11	0	0	0	0	0	0	0	0	1	0
C	Marios	18	170	5	1	26____	9392	11	0	0	0	0	1	0	0	0	0	0
C	Marios	18	170	5	1	26____	9605	11	0	0	0	0	0	0	0	0	1	0
C	Marios	18	170	5	1	26____	9750	11	1	0	0	0	0	0	0	0	0	0
C	Marios	18	170	5	1	26____	15628	1	0	0	0	0	1	0	0	0	0	0
C	Marios	18	170	5	1	26____	15656	1	0	0	0	0	0	0	0	0	1	0
C	Marios	18	170	5	1	26____	16500	1	2	0	0	0	0	0	0	0	0	0
C	Marios	18	170	5	1	26____	17000	2	12	0	0	0	0	0	0	0	0	0
C	Marios	18	170	5	1	26____	17098	12	0	0	0	0	1	0	0	0	0	0
C	Marios	18	170	5	1	26____	17100	12	0	0	0	0	0	0	0	0	1	0
C	Marios	18	170	5	1	26____	17500	12	15	0	0	0	0	0	0	0	0	0
C	Marios	18	170	5	1	26____	18000	15	1	0	0	0	0	0	0	0	0	0
C	Marios	18	170	5	1	26____	19556	1	0	0	0	0	1	0	0	0	0	0
C	Marios	18	170	5	1	26____	19885	1	0	0	0	0	0	0	0	0	1	0
C	Marios	18	170	5	1	26____	19896	1	0	0	0	0	1	0	0	0	0	0
C	Marios	18	170	5	1	26____	19898	1	0	0	0	0	0	0	0	0	1	0
C	Marios	18	170	5	1	26____	19911	1	0	0	0	0	1	0	0	0	0	0
C	Marios	18	170	5	1	26____	19914	1	0	0	0	0	0	0	0	0	1	0
C	Marios	18	170	5	1	26____	19926	1	0	0	0	0	1	0	0	0	0	0
C	Marios	18	170	5	1	26____	19928	1	0	0	0	0	1	0	0	0	1	0
C	Marios	18	170	5	1	26____	20001	1	0	0	0	0	0	0	0	0	1	0
C	Marios	18	170	5	1	26____	22421	1	0	0	0	0	1	0	0	0	0	0
C	Marios	18	170	5	1	26____	22423	1	0	0	0	0	0	0	0	0	1	0
C	Marios	18	170	5	1	26____	22424	1	0	0	0	0	1	0	0	0	0	0
C	Marios	18	170	5	1	26____	22427	1	0	0	0	0	0	0	0	0	1	0
C	Marios	18	170	5	1	26____	22428	1	0	0	0	0	1	0	0	0	0	0
C	Marios	18	170	5	1	26____	22445	1	0	0	0	0	0	0	0	0	1	0
C	Marios	18	170	5	1	26____	22504	1	0	0	0	0	1	0	0	0	0	0
C	Marios	18	170	5	1	26____	22646	1	0	0	0	0	0	0	0	0	1	0
C	Marios	18	170	5	1	26____	22710	1	0	0	0	0	1	0	0	0	0	0
C	Marios	18	170	5	1	26____	22729	1	0	0	0	0	0	0	0	0	1	0
C	Marios	18	170	5	1	26____	22817	1	0	0	0	0	1	0	0	0	0	0
C	Marios	18	170	5	1	26____	22982	1	0	0	0	0	0	0	0	0	1	0
C	Marios	18	170	5	1	26____	23250	1	2	0	0	0	0	0	0	0	0	0
C	Marios	18	170	5	1	26____	23750	2	6	0	0	0	0	0	0	0	0	0
C	Marios	18	170	5	1	26____	23812	6	0	0	0	0	1	0	0	0	0	0
C	Marios	18	170	5	1	26____	23891	6	0	0	0	0	0	0	0	0	1	0
C	Marios	18	170	5	1	26____	23959	6	0	0	0	0	1	0	0	0	0	0
C	Marios	18	170	5	1	26____	23968	6	0	0	0	0	0	0	0	0	1	0
C	Marios	18	170	5	1	26____	24104	6	0	0	0	0	1	0	0	0	0	0
C	Marios	18	170	5	1	26____	24106	6	0	0	0	0	0	0	0	0	1	0
C	Marios	18	170	5	1	26____	24132	6	0	0	0	0	1	0	0	0	0	0
C	Marios	18	170	5	1	26____	24158	6	0	0	0	0	0	0	0	0	1	0
C	Marios	18	170	5	1	26____	24224	6	0	0	0	0	1	0	0	0	0	0
C	Marios	18	170	5	1	26____	24230	6	0	0	0	0	0	0	0	0	1	0
C	Marios	18	170	5	1	26____	24233	6	0	0	0	0	1	0	0	0	0	0
C	Marios	18	170	5	1	26____	24250	6	10	0	0	0	0	0	0	0	0	0
C	Marios	18	170	5	1	26____	24529	10	0	0	0	0	0	0	0	0	1	0
C	Marios	18	170	5	1	26____	24549	10	0	0	0	0	1	0	0	0	0	0
C	Marios	18	170	5	1	26____	24556	10	0	0	0	0	1	0	0	0	1	0
C	Marios	18	170	5	1	26____	24588	10	0	0	0	0	0	0	0	0	1	0
C	Marios	18	170	5	1	26____	24750	10	1	0	0	0	0	0	0	0	0	0
C	Marios	18	170	5	1	26____	27689	1	0	0	0	0	1	0	0	0	0	0
C	Marios	18	170	5	1	26____	27709	1	0	0	0	0	0	0	0	0	1	0
C	Marios	18	170	5	1	26____	27800	1	0	0	0	0	1	0	0	0	0	0
C	Marios	18	170	5	1	26____	27848	1	0	0	0	0	0	0	0	0	1	0
C	Marios	18	170	5	1	26____	30094	1	0	0	0	0	1	0	0	0	0	0
C	Marios	18	170	5	1	26____	30131	1	0	0	0	0	0	0	0	0	1	0
C	Marios	18	170	5	1	26____	30250	1	2	0	0	0	0	0	0	0	0	0
C	Marios	18	170	5	1	26____	30750	2	13	0	0	0	0	0	0	0	0	0
C	Marios	18	170	5	1	26____	31250	13	15	0	0	0	0	0	0	0	0	0
C	Marios	18	170	5	1	26____	31750	15	1	0	0	0	0	0	0	0	0	0
C	Marios	18	170	5	1	26____	32530	1	0	0	0	0	1	0	0	0	0	0
C	Marios	18	170	5	1	26____	32936	1	0	0	0	0	0	0	0	0	1	0
C	Marios	18	170	5	1	26____	33605	1	0	0	0	0	1	0	0	0	0	0
C	Marios	18	170	5	1	26____	33638	1	0	0	0	0	0	0	0	0	1	0
C	Marios	18	170	5	1	26____	35764	1	0	0	0	0	1	0	0	0	0	0
C	Marios	18	170	5	1	26____	35770	1	0	0	0	0	0	0	0	0	1	0
C	Marios	18	170	5	1	26____	35802	1	0	0	0	0	1	0	0	0	0	0
C	Marios	18	170	5	1	26____	35807	1	0	0	0	0	0	0	0	0	1	0
C	Marios	18	170	5	1	26____	35816	1	0	0	0	0	1	0	0	0	0	0
C	Marios	18	170	5	1	26____	35840	1	0	0	0	0	0	0	0	0	1	0
C	Marios	18	170	5	1	26____	35841	1	0	0	0	0	1	0	0	0	0	0
C	Marios	18	170	5	1	26____	35915	1	0	0	0	0	0	0	0	0	1	0
C	Marios	18	170	5	1	26____	37750	1	2	0	0	0	0	0	0	0	0	0
C	Marios	18	170	5	1	26____	37825	2	0	0	0	0	1	0	0	0	0	0
C	Marios	18	170	5	1	26____	37844	2	0	0	0	0	0	0	0	0	1	0
C	Marios	18	170	5	1	26____	38250	2	12	0	0	0	0	0	0	0	0	0
C	Marios	18	170	5	1	26____	38491	12	0	0	0	0	1	0	0	0	0	0
C	Marios	18	170	5	1	26____	38641	12	0	0	0	0	0	0	0	0	1	0
C	Marios	18	170	5	1	26____	38750	12	15	0	0	0	0	0	0	0	0	0
C	Marios	18	170	5	1	26____	38788	15	0	0	0	0	1	0	0	0	0	0
C	Marios	18	170	5	1	26____	38829	15	0	0	0	0	0	0	0	0	1	0
C	Marios	18	170	5	1	26____	38870	15	0	0	0	0	1	0	0	0	0	0
C	Marios	18	170	5	1	26____	38956	15	0	0	0	0	0	0	0	0	1	0
C	Marios	18	170	5	1	26____	39158	15	0	0	0	0	1	0	0	0	0	0
C	Marios	18	170	5	1	26____	39167	15	0	0	0	0	0	0	0	0	1	0
C	Marios	18	170	5	1	26____	39250	15	1	0	0	0	0	0	0	0	0	0
C	Marios	18	170	5	1	26____	41994	1	0	0	0	0	1	0	0	0	0	0
C	Marios	18	170	5	1	26____	42004	1	0	0	0	0	0	0	0	0	1	0
C	Marios	18	170	5	1	26____	42005	1	0	0	0	0	1	0	0	0	0	0
C	Marios	18	170	5	1	26____	42019	1	0	0	0	0	0	0	0	0	1	0
C	Marios	18	170	5	1	26____	42048	1	0	0	0	0	1	0	0	0	0	0
C	Marios	18	170	5	1	26____	42133	1	0	0	0	0	0	0	0	0	1	0
C	Marios	18	170	5	1	26____	42719	1	0	0	0	0	1	0	0	0	0	0
C	Marios	18	170	5	1	26____	42733	1	0	0	0	0	0	0	0	0	1	0
C	Marios	18	170	5	1	26____	42734	1	0	0	0	0	1	0	0	0	0	0
C	Marios	18	170	5	1	26____	42754	1	0	0	0	0	1	0	0	0	1	0
C	Marios	18	170	5	1	26____	42773	1	0	0	0	0	0	0	0	0	1	0
C	Marios	18	170	5	1	26____	42779	1	0	0	0	0	1	0	0	0	0	0
C	Marios	18	170	5	1	26____	42825	1	0	0	0	0	0	0	0	0	1	0
C	Marios	18	170	5	1	26____	42829	1	0	0	0	0	1	0	0	0	0	0
C	Marios	18	170	5	1	26____	42842	1	0	0	0	0	0	0	0	0	1	0
C	Marios	18	170	5	1	26____	45831	1	0	0	0	0	1	0	0	0	0	0
C	Marios	18	170	5	1	26____	45881	1	0	0	0	0	0	0	0	0	1	0
C	Marios	18	170	5	1	26____	45946	1	0	0	0	0	1	0	0	0	0	0
C	Marios	18	170	5	1	26____	45963	1	0	0	0	0	0	0	0	0	1	0
C	Marios	18	170	5	1	26____	45965	1	0	0	0	0	1	0	0	0	0	0
C	Marios	18	170	5	1	26____	46255	1	0	0	0	0	0	0	0	0	1	0
C	Marios	18	170	5	1	26____	46750	1	2	0	0	0	0	0	0	0	0	0
C	Marios	18	170	5	1	26____	47046	2	0	0	0	0	1	0	0	0	0	0
C	Marios	18	170	5	1	26____	47250	2	12	0	0	0	0	0	0	0	0	0
C	Marios	18	170	5	1	26____	47660	12	0	0	0	0	0	0	0	0	1	0
C	Marios	18	170	5	1	26____	47750	12	15	0	0	0	0	0	0	0	0	0
C	Marios	18	170	5	1	26____	47791	15	0	0	0	0	1	0	0	0	0	0
C	Marios	18	170	5	1	26____	47799	15	0	0	0	0	0	0	0	0	1	0
C	Marios	18	170	5	1	26____	47800	15	0	0	0	0	1	0	0	0	0	0
C	Marios	18	170	5	1	26____	47947	15	0	0	0	0	0	0	0	0	1	0
C	Marios	18	170	5	1	26____	48067	15	0	0	0	0	1	0	0	0	0	0
C	Marios	18	170	5	1	26____	48070	15	0	0	0	0	0	0	0	0	1	0
C	Marios	18	170	5	1	26____	48074	15	0	0	0	0	1	0	0	0	0	0
C	Marios	18	170	5	1	26____	48193	15	0	0	0	0	0	0	0	0	1	0
C	Marios	18	170	5	1	26____	48233	15	0	0	0	0	1	0	0	0	0	0
C	Marios	18	170	5	1	26____	48238	15	0	0	0	0	0	0	0	0	1	0
C	Marios	18	170	5	1	26____	48250	15	1	0	0	0	0	0	0	0	0	0
C	Marios	18	170	5	1	26____	48313	1	0	0	0	0	1	0	0	0	0	0
C	Marios	18	170	5	1	26____	48352	1	0	0	0	0	0	0	0	0	1	0
C	Marios	18	170	5	1	26____	48473	1	0	0	0	0	1	0	0	0	0	0
C	Marios	18	170	5	1	26____	48484	1	0	0	0	0	0	0	0	0	1	0
C	Marios	18	170	5	1	26____	48488	1	0	0	0	0	1	0	0	0	0	0
C	Marios	18	170	5	1	26____	48569	1	0	0	0	0	0	0	0	0	1	0
C	Marios	18	170	5	1	26____	48655	1	0	0	0	0	1	0	0	0	0	0
C	Marios	18	170	5	1	26____	48660	1	0	0	0	0	0	0	0	0	1	0
C	Marios	18	170	5	1	26____	48692	1	0	0	0	0	1	0	0	0	0	0
C	Marios	18	170	5	1	26____	48825	1	0	0	0	0	0	0	0	0	1	0
C	Marios	18	170	5	1	26____	48882	1	0	0	0	0	1	0	0	0	0	0
C	Marios	18	170	5	1	26____	48981	1	0	0	0	0	0	0	0	0	1	0
C	Marios	18	170	5	1	26____	49114	1	0	0	0	0	1	0	0	0	0	0
C	Marios	18	170	5	1	26____	49281	1	0	0	0	0	0	0	0	0	1	0
C	Marios	18	170	5	1	26____	49333	1	0	0	0	0	1	0	0	0	0	0
C	Marios	18	170	5	1	26____	49479	1	0	0	0	0	0	0	0	0	1	0
C	Marios	18	170	5	1	26____	49684	1	0	0	0	0	1	0	0	0	0	0
C	Marios	18	170	5	1	26____	49714	1	0	0	0	0	0	0	0	0	1	0
C	Marios	18	170	5	1	26____	50455	1	0	0	0	0	1	0	0	0	0	0
C	Marios	18	170	5	1	26____	50488	1	0	0	0	0	0	0	0	0	1	0
C	Marios	18	170	5	1	26____	50500	1	2	0	0	0	0	0	0	0	0	0
C	Marios	18	170	5	1	26____	51000	2	12	0	0	0	0	0	0	0	0	0
C	Marios	18	170	5	1	26____	51500	12	15	0	0	0	0	0	0	0	0	0
C	Marios	18	170	5	1	26____	51617	15	0	0	0	0	1	0	0	0	0	0
C	Marios	18	170	5	1	26____	51629	15	0	0	0	0	0	0	0	0	1	0
C	Marios	18	170	5	1	26____	52000	15	1	0	0	0	0	0	0	0	0	0
C	Marios	18	170	5	1	26____	53544	1	0	0	0	0	1	0	0	0	0	0
C	Marios	18	170	5	1	26____	53546	1	0	0	0	0	0	0	0	0	1	0
C	Marios	18	170	5	1	26____	53548	1	0	0	0	0	1	0	0	0	0	0
C	Marios	18	170	5	1	26____	53568	1	0	0	0	0	0	0	0	0	1	0
C	Marios	18	170	5	1	26____	53609	1	0	0	0	0	1	0	0	0	0	0
C	Marios	18	170	5	1	26____	53615	1	0	0	0	0	0	0	0	0	1	0
C	Marios	18	170	5	1	26____	53628	1	0	0	0	0	1	0	0	0	0	0
C	Marios	18	170	5	1	26____	53633	1	0	0	0	0	0	0	0	0	1	0
C	Marios	18	170	5	1	26____	53824	1	0	0	0	0	1	0	0	0	0	0
C	Marios	18	170	5	1	26____	53830	1	0	0	0	0	0	0	0	0	1	0
C	Marios	18	170	5	1	26____	53833	1	0	0	0	0	1	0	0	0	0	0
C	Marios	18	170	5	1	26____	53836	1	0	0	0	0	0	0	0	0	1	0
C	Marios	18	170	5	1	26____	53880	1	0	0	0	0	1	0	0	0	0	0
C	Marios	18	170	5	1	26____	53886	1	0	0	0	0	0	0	0	0	1	0
C	Marios	18	170	5	1	26____	53889	1	0	0	0	0	1	0	0	0	0	0
C	Marios	18	170	5	1	26____	53905	1	0	0	0	0	0	0	0	0	1	0
C	Marios	18	170	5	1	26____	53916	1	0	0	0	0	1	0	0	0	0	0
C	Marios	18	170	5	1	26____	53920	1	0	0	0	0	0	0	0	0	1	0
C	Marios	18	170	5	1	26____	53921	1	0	0	0	0	1	0	0	0	0	0
C	Marios	18	170	5	1	26____	53928	1	0	0	0	0	0	0	0	0	1	0
C	Marios	18	170	5	1	26____	54043	1	0	0	0	0	1	0	0	0	0	0
C	Marios	18	170	5	1	26____	54065	1	0	0	0	0	0	0	0	0	1	0
C	Marios	18	170	5	1	26____	54100	1	0	0	0	0	1	0	0	0	0	0
C	Marios	18	170	5	1	26____	54189	1	0	0	0	0	0	0	0	0	1	0
C	Marios	18	170	5	1	26____	54347	1	0	0	0	0	1	0	0	0	0	0
C	Marios	18	170	5	1	26____	54618	1	0	0	0	0	0	0	0	0	1	0
C	Marios	18	170	5	1	26____	54641	1	0	0	0	0	1	0	0	0	0	0
C	Marios	18	170	5	1	26____	54643	1	0	0	0	0	0	0	0	0	1	0
C	Marios	18	170	5	1	26____	54653	1	0	0	0	0	1	0	0	0	0	0
C	Marios	18	170	5	1	26____	54671	1	0	0	0	0	0	0	0	0	1	0
C	Marios	18	170	5	1	26____	55075	1	0	0	0	0	1	0	0	0	0	0
C	Marios	18	170	5	1	26____	55112	1	0	0	0	0	0	0	0	0	1	0
C	Marios	18	170	5	1	26____	56500	1	2	0	0	0	0	0	0	0	0	0
C	Marios	18	170	5	1	26____	56639	2	0	0	0	0	1	0	0	0	0	0
C	Marios	18	170	5	1	26____	56676	2	0	0	0	0	0	0	0	0	1	0
C	Marios	18	170	5	1	26____	57000	2	7	0	0	0	0	0	0	0	0	0
C	Marios	18	170	5	1	26____	57029	7	0	0	0	0	1	0	0	0	0	0
C	Marios	18	170	5	1	26____	57058	7	0	0	0	0	0	0	0	0	1	0
C	Marios	18	170	5	1	26____	57095	7	0	0	0	0	1	0	0	0	0	0
C	Marios	18	170	5	1	26____	57233	7	0	0	0	0	0	0	0	0	1	0
C	Marios	18	170	5	1	26____	57300	7	0	0	0	0	1	0	0	0	0	0
C	Marios	18	170	5	1	26____	57307	7	0	0	0	0	0	0	0	0	1	0
C	Marios	18	170	5	1	26____	57392	7	0	0	0	0	1	0	0	0	0	0
C	Marios	18	170	5	1	26____	57395	7	0	0	0	0	0	0	0	0	1	0
C	Marios	18	170	5	1	26____	57500	7	11	0	0	0	0	0	0	0	0	0
C	Marios	18	170	5	1	26____	57526	11	0	0	0	0	1	0	0	0	0	0
C	Marios	18	170	5	1	26____	57654	11	0	0	0	0	0	0	0	0	1	0
C	Marios	18	170	5	1	26____	57663	11	0	0	0	0	1	0	0	0	0	0
C	Marios	18	170	5	1	26____	57668	11	0	0	0	0	0	0	0	0	1	0
C	Marios	18	170	5	1	26____	57671	11	0	0	0	0	1	0	0	0	0	0
C	Marios	18	170	5	1	26____	57674	11	0	0	0	0	0	0	0	0	1	0
C	Marios	18	170	5	1	26____	57675	11	0	0	0	0	1	0	0	0	0	0
C	Marios	18	170	5	1	26____	57777	11	0	0	0	0	0	0	0	0	1	0
C	Marios	18	170	5	1	26____	57778	11	0	0	0	0	1	0	0	0	0	0
C	Marios	18	170	5	1	26____	57914	11	0	0	0	0	0	0	0	0	1	0
C	Marios	18	170	5	1	26____	57915	11	0	0	0	0	1	0	0	0	0	0
C	Marios	18	170	5	1	26____	57919	11	0	0	0	0	0	0	0	0	1	0
C	Marios	18	170	5	1	26____	57943	11	0	0	0	0	1	0	0	0	0	0
C	Marios	18	170	5	1	26____	57945	11	0	0	0	0	0	0	0	0	1	0
C	Marios	18	170	5	1	26____	57953	11	0	0	0	0	1	0	0	0	0	0
C	Marios	18	170	5	1	26____	57955	11	0	0	0	0	0	0	0	0	1	0
C	Marios	18	170	5	1	26____	58000	11	1	0	0	0	0	0	0	0	0	0
C	Marios	18	170	5	1	26____	58441	1	0	0	0	0	1	0	0	0	0	0
C	Marios	18	170	5	1	26____	58449	1	0	0	0	0	0	0	0	0	1	0
C	Marios	18	170	5	1	26____	58456	1	0	0	0	0	1	0	0	0	0	0
C	Marios	18	170	5	1	26____	58666	1	0	0	0	0	0	0	0	0	1	0
C	Marios	18	170	5	1	26____	58684	1	0	0	0	0	1	0	0	0	0	0
C	Marios	18	170	5	1	26____	58744	1	0	0	0	0	0	0	0	0	1	0
C	Marios	18	170	5	1	26____	60806	1	0	0	0	0	1	0	0	0	0	0
C	Marios	18	170	5	1	26____	60810	1	0	0	0	0	0	0	0	0	1	0
C	Marios	18	170	5	1	26____	60813	1	0	0	0	0	1	0	0	0	0	0
C	Marios	18	170	5	1	26____	60834	1	0	0	0	0	0	0	0	0	1	0
C	Marios	18	170	5	1	26____	61215	1	0	0	0	0	1	0	0	0	0	0
C	Marios	18	170	5	1	26____	61230	1	0	0	0	0	0	0	0	0	1	0
C	Marios	18	170	5	1	26____	61473	1	0	0	0	0	1	0	0	0	0	0
C	Marios	18	170	5	1	26____	61478	1	0	0	0	0	0	0	0	0	1	0
C	Marios	18	170	5	1	26____	61496	1	0	0	0	0	1	0	0	0	0	0
C	Marios	18	170	5	1	26____	61607	1	0	0	0	0	0	0	0	0	1	0
C	Marios	18	170	5	1	26____	62500	1	2	0	0	0	0	0	0	0	0	0
C	Marios	18	170	5	1	26____	63000	2	6	0	0	0	0	0	0	0	0	0
C	Marios	18	170	5	1	26____	63029	6	0	0	0	0	1	0	0	0	0	0
C	Marios	18	170	5	1	26____	63132	6	0	0	0	0	0	0	0	0	1	0
C	Marios	18	170	5	1	26____	63179	6	0	0	0	0	1	0	0	0	0	0
C	Marios	18	170	5	1	26____	63258	6	0	0	0	0	0	0	0	0	1	0
C	Marios	18	170	5	1	26____	63336	6	0	0	0	0	1	0	0	0	0	0
C	Marios	18	170	5	1	26____	63478	6	0	0	0	0	0	0	0	0	1	0
C	Marios	18	170	5	1	26____	63500	6	10	0	0	0	0	0	0	0	0	0
C	Marios	18	170	5	1	26____	63532	10	0	0	0	0	1	0	0	0	0	0
C	Marios	18	170	5	1	26____	63782	10	0	0	0	0	0	0	0	0	1	0
C	Marios	18	170	5	1	26____	63865	10	0	0	0	0	1	0	0	0	0	0
C	Marios	18	170	5	1	26____	63884	10	0	0	0	0	0	0	0	0	1	0
C	Marios	18	170	5	1	26____	64000	10	1	0	0	0	0	0	0	0	0	0
C	Marios	18	170	5	1	26____	67500	1	2	0	0	0	0	0	0	0	0	0
C	Marios	18	170	5	1	26____	67949	2	0	0	0	0	1	0	0	0	0	0
C	Marios	18	170	5	1	26____	67990	2	0	0	0	0	0	0	0	0	1	0
C	Marios	18	170	5	1	26____	68000	2	13	0	0	0	0	0	0	0	0	0
C	Marios	18	170	5	1	26____	68047	13	0	0	0	0	1	0	0	0	0	0
C	Marios	18	170	5	1	26____	68451	13	0	0	0	0	0	0	0	0	1	0
C	Marios	18	170	5	1	26____	68500	13	15	0	0	0	0	0	0	0	0	0
C	Marios	18	170	5	1	26____	68522	15	0	0	0	0	1	0	0	0	0	0
C	Marios	18	170	5	1	26____	68854	15	0	0	0	0	0	0	0	0	1	0
C	Marios	18	170	5	1	26____	69000	15	1	0	0	0	0	0	0	0	0	0
C	Marios	18	170	5	1	26____	70500	1	2	0	0	0	0	0	0	0	0	0
C	Marios	18	170	5	1	26____	71000	2	13	0	0	0	0	0	0	0	0	0
C	Marios	18	170	5	1	26____	71058	13	0	0	0	0	1	0	0	0	0	0
C	Marios	18	170	5	1	26____	71062	13	0	0	0	0	0	0	0	0	1	0
C	Marios	18	170	5	1	26____	71167	13	0	0	0	0	1	0	0	0	0	0
C	Marios	18	170	5	1	26____	71181	13	0	0	0	0	0	0	0	0	1	0
C	Marios	18	170	5	1	26____	71186	13	0	0	0	0	1	0	0	0	0	0
C	Marios	18	170	5	1	26____	71500	13	15	0	0	0	0	0	0	0	0	0
C	Marios	18	170	5	1	26____	71576	15	0	0	0	0	0	0	0	0	1	0
C	Marios	18	170	5	1	26____	71702	15	0	0	0	0	1	0	0	0	0	0
C	Marios	18	170	5	1	26____	71710	15	0	0	0	0	0	0	0	0	1	0
C	Marios	18	170	5	1	26____	72000	15	1	0	0	0	0	0	0	0	0	0
C	Marios	18	170	5	1	26____	73500	1	2	0	0	0	0	0	0	0	0	0
C	Marios	18	170	5	1	26____	74000	2	13	0	0	0	0	0	0	0	0	0
C	Marios	18	170	5	1	26____	74500	13	15	0	0	0	0	0	0	0	0	0
C	Marios	18	170	5	1	26____	74891	15	0	0	0	0	1	0	0	0	0	0
C	Marios	18	170	5	1	26____	74935	15	0	0	0	0	0	0	0	0	1	0
C	Marios	18	170	5	1	26____	75000	15	1	0	0	0	0	0	0	0	0	0
C	Marios	18	170	5	1	26____	75003	1	0	0	0	0	1	0	0	0	0	0
C	Marios	18	170	5	1	26____	75012	1	0	0	0	0	0	0	0	0	1	0
C	Marios	18	170	5	1	26____	75039	1	0	0	0	0	1	0	0	0	0	0
C	Marios	18	170	5	1	26____	75117	1	0	0	0	0	0	0	0	0	1	0
C	Marios	18	170	5	1	26____	75371	1	0	0	0	0	1	0	0	0	0	0
C	Marios	18	170	5	1	26____	75413	1	0	0	0	0	0	0	0	0	1	0
C	Marios	18	170	5	1	26____	79027	1	0	0	0	0	1	0	0	0	0	0
C	Marios	18	170	5	1	26____	79069	1	0	0	0	0	0	0	0	0	1	0
C	Marios	18	170	5	1	26____	80500	1	2	0	0	0	0	0	0	0	0	0
C	Marios	18	170	5	1	26____	81000	2	6	0	0	0	0	0	0	0	0	0
C	Marios	18	170	5	1	26____	81029	6	0	0	0	0	1	0	0	0	0	0
C	Marios	18	170	5	1	26____	81072	6	0	0	0	0	0	0	0	0	1	0
C	Marios	18	170	5	1	26____	81118	6	0	0	0	0	1	0	0	0	0	0
C	Marios	18	170	5	1	26____	81161	6	0	0	0	0	0	0	0	0	1	0
C	Marios	18	170	5	1	26____	81265	6	0	0	0	0	1	0	0	0	0	0
C	Marios	18	170	5	1	26____	81274	6	0	0	0	0	0	0	0	0	1	0
C	Marios	18	170	5	1	26____	81338	6	0	0	0	0	1	0	0	0	0	0
C	Marios	18	170	5	1	26____	81454	6	0	0	0	0	0	0	0	0	1	0
C	Marios	18	170	5	1	26____	81500	6	10	0	0	0	0	0	0	0	0	0
C	Marios	18	170	5	1	26____	81544	10	0	0	0	0	1	0	0	0	0	0
C	Marios	18	170	5	1	26____	81829	10	0	0	0	0	0	0	0	0	1	0
C	Marios	18	170	5	1	26____	82000	10	1	0	0	0	0	0	0	0	0	0
C	Marios	18	170	5	1	26____	84091	1	0	0	0	0	1	0	0	0	0	0
C	Marios	18	170	5	1	26____	84204	1	0	0	0	0	0	0	0	0	1	0
C	Marios	18	170	5	1	26____	85244	1	0	0	0	0	1	0	0	0	0	0
C	Marios	18	170	5	1	26____	85287	1	0	0	0	0	0	0	0	0	1	0
C	Marios	18	170	5	1	26____	85330	1	0	0	0	0	1	0	0	0	0	0
C	Marios	18	170	5	1	26____	85334	1	0	0	0	0	0	0	0	0	1	0
C	Marios	18	170	5	1	26____	85389	1	0	0	0	0	1	0	0	0	0	0
C	Marios	18	170	5	1	26____	85414	1	0	0	0	0	0	0	0	0	1	0
C	Marios	18	170	5	1	26____	85750	1	2	0	0	0	0	0	0	0	0	0
C	Marios	18	170	5	1	26____	86250	2	12	0	0	0	0	0	0	0	0	0
C	Marios	18	170	5	1	26____	86750	12	15	0	0	0	0	0	0	0	0	0
C	Marios	18	170	5	1	26____	87138	15	0	0	0	0	1	0	0	0	0	0
C	Marios	18	170	5	1	26____	87148	15	0	0	0	0	0	0	0	0	1	0
C	Marios	18	170	5	1	26____	87250	15	1	0	0	0	0	0	0	0	0	0
C	Marios	18	170	5	1	26____	87433	1	0	0	0	0	1	0	0	0	0	0
C	Marios	18	170	5	1	26____	87448	1	0	0	0	0	0	0	0	0	1	0
C	Marios	18	170	5	1	26____	88291	1	0	0	0	0	1	0	0	0	0	0
C	Marios	18	170	5	1	26____	88411	1	0	0	0	0	0	0	0	0	1	0
C	Marios	18	170	5	1	26____	92122	1	0	0	0	0	1	0	0	0	0	0
C	Marios	18	170	5	1	26____	92192	1	0	0	0	0	0	0	0	0	1	0
C	Marios	18	170	5	1	26____	92194	1	0	0	0	0	1	0	0	0	0	0
C	Marios	18	170	5	1	26____	92256	1	0	0	0	0	0	0	0	0	1	0
C	Marios	18	170	5	1	26____	92259	1	0	0	0	0	1	0	0	0	0	0
C	Marios	18	170	5	1	26____	92260	1	0	0	0	0	0	0	0	0	1	0
C	Marios	18	170	5	1	26____	92263	1	0	0	0	0	1	0	0	0	0	0
C	Marios	18	170	5	1	26____	92291	1	0	0	0	0	0	0	0	0	1	0
C	Marios	18	170	5	1	26____	92294	1	0	0	0	0	1	0	0	0	0	0
C	Marios	18	170	5	1	26____	92298	1	0	0	0	0	0	0	0	0	1	0
C	Marios	18	170	5	1	26____	92320	1	0	0	0	0	1	0	0	0	0	0
C	Marios	18	170	5	1	26____	92323	1	0	0	0	0	0	0	0	0	1	0
C	Marios	18	170	5	1	26____	92818	1	0	0	0	0	1	0	0	0	0	0
C	Marios	18	170	5	1	26____	92941	1	0	0	0	0	0	0	0	0	1	0
C	Marios	18	170	5	1	26____	93314	1	0	0	0	0	1	0	0	0	0	0
C	Marios	18	170	5	1	26____	93368	1	0	0	0	0	0	0	0	0	1	0
C	Marios	18	170	5	1	26____	94000	1	2	0	0	0	0	0	0	0	0	0
C	Marios	18	170	5	1	26____	94500	2	13	0	0	0	0	0	0	0	0	0
C	Marios	18	170	5	1	26____	94541	13	0	0	0	0	1	0	0	0	0	0
C	Marios	18	170	5	1	26____	94858	13	0	0	0	0	0	0	0	0	1	0
C	Marios	18	170	5	1	26____	94975	13	0	0	0	0	1	0	0	0	0	0
C	Marios	18	170	5	1	26____	94982	13	0	0	0	0	0	0	0	0	1	0
C	Marios	18	170	5	1	26____	95000	13	15	0	0	0	0	0	0	0	0	0
C	Marios	18	170	5	1	26____	95037	15	0	0	0	0	1	0	0	0	0	0
C	Marios	18	170	5	1	26____	95045	15	0	0	0	0	0	0	0	0	1	0
C	Marios	18	170	5	1	26____	95047	15	0	0	0	0	1	0	0	0	0	0
C	Marios	18	170	5	1	26____	95363	15	0	0	0	0	0	0	0	0	1	0
C	Marios	18	170	5	1	26____	95494	15	0	0	0	0	1	0	0	0	0	0
C	Marios	18	170	5	1	26____	95500	15	1	0	0	0	0	0	0	0	0	0
C	Marios	18	170	5	1	26____	95508	1	0	0	0	0	0	0	0	0	1	0
C	Marios	18	170	5	1	26____	96624	1	0	0	0	0	1	0	0	0	0	0
C	Marios	18	170	5	1	26____	96714	1	0	0	0	0	0	0	0	0	1	0
C	Marios	18	170	5	1	26____	97504	1	0	0	0	0	1	0	0	0	0	0
C	Marios	18	170	5	1	26____	97521	1	0	0	0	0	0	0	0	0	1	0
C	Marios	18	170	5	1	26____	97527	1	0	0	0	0	1	0	0	0	0	0
C	Marios	18	170	5	1	26____	97542	1	0	0	0	0	0	0	0	0	1	0
C	Marios	18	170	5	1	26____	100447	1	0	0	0	0	1	0	0	0	0	0
C	Marios	18	170	5	1	26____	100454	1	0	0	0	0	0	0	0	0	1	0
C	Marios	18	170	5	1	26____	101500	1	2	0	0	0	0	0	0	0	0	0
C	Marios	18	170	5	1	26____	102000	2	7	0	0	0	0	0	0	0	0	0
C	Marios	18	170	5	1	26____	102500	7	11	0	0	0	0	0	0	0	0	0
C	Marios	18	170	5	1	26____	102814	11	0	0	0	0	1	0	0	0	0	0
C	Marios	18	170	5	1	26____	102819	11	0	0	0	0	0	0	0	0	1	0
C	Marios	18	170	5	1	26____	102823	11	0	0	0	0	1	0	0	0	0	0
C	Marios	18	170	5	1	26____	102993	11	0	0	0	0	0	0	0	0	1	0
C	Marios	18	170	5	1	26____	103000	11	1	0	0	0	0	0	0	0	0	0
C	Marios	18	170	5	1	26____	103005	1	0	0	0	0	1	0	0	0	0	0
C	Marios	18	170	5	1	26____	103014	1	0	0	0	0	0	0	0	0	1	0
C	Marios	18	170	5	1	26____	103015	1	0	0	0	0	1	0	0	0	0	0
C	Marios	18	170	5	1	26____	103019	1	0	0	0	0	0	0	0	0	1	0
C	Marios	18	170	5	1	26____	103023	1	0	0	0	0	1	0	0	0	0	0
C	Marios	18	170	5	1	26____	103025	1	0	0	0	0	0	0	0	0	1	0
C	Marios	18	170	5	1	26____	103028	1	0	0	0	0	1	0	0	0	0	0
C	Marios	18	170	5	1	26____	103045	1	0	0	0	0	0	0	0	0	1	0
C	Marios	18	170	5	1	26____	103047	1	0	0	0	0	1	0	0	0	0	0
C	Marios	18	170	5	1	26____	103051	1	0	0	0	0	0	0	0	0	1	0
C	Marios	18	170	5	1	26____	103073	1	0	0	0	0	1	0	0	0	0	0
C	Marios	18	170	5	1	26____	103092	1	0	0	0	0	0	0	0	0	1	0
C	Marios	18	170	5	1	26____	103095	1	0	0	0	0	1	0	0	0	0	0
C	Marios	18	170	5	1	26____	103099	1	0	0	0	0	0	0	0	0	1	0
C	Marios	18	170	5	1	26____	103101	1	0	0	0	0	1	0	0	0	0	0
C	Marios	18	170	5	1	26____	103104	1	0	0	0	0	0	0	0	0	1	0
C	Marios	18	170	5	1	26____	103116	1	0	0	0	0	1	0	0	0	0	0
C	Marios	18	170	5	1	26____	103121	1	0	0	0	0	0	0	0	0	1	0
C	Marios	18	170	5	1	26____	103123	1	0	0	0	0	1	0	0	0	0	0
C	Marios	18	170	5	1	26____	103127	1	0	0	0	0	0	0	0	0	1	0
C	Marios	18	170	5	1	26____	103129	1	0	0	0	0	1	0	0	0	0	0
C	Marios	18	170	5	1	26____	103132	1	0	0	0	0	0	0	0	0	1	0
C	Marios	18	170	5	1	26____	103204	1	0	0	0	0	1	0	0	0	0	0
C	Marios	18	170	5	1	26____	103209	1	0	0	0	0	0	0	0	0	1	0
C	Marios	18	170	5	1	26____	103221	1	0	0	0	0	1	0	0	0	0	0
C	Marios	18	170	5	1	26____	103250	1	0	0	0	0	0	0	0	0	1	0
C	Marios	18	170	5	1	26____	103257	1	0	0	0	0	1	0	0	0	0	0
C	Marios	18	170	5	1	26____	103262	1	0	0	0	0	0	0	0	0	1	0
C	Marios	18	170	5	1	26____	103264	1	0	0	0	0	1	0	0	0	0	0
C	Marios	18	170	5	1	26____	103266	1	0	0	0	0	0	0	0	0	1	0
C	Marios	18	170	5	1	26____	103285	1	0	0	0	0	1	0	0	0	0	0
C	Marios	18	170	5	1	26____	103292	1	0	0	0	0	0	0	0	0	1	0
C	Marios	18	170	5	1	26____	103303	1	0	0	0	0	1	0	0	0	0	0
C	Marios	18	170	5	1	26____	103314	1	0	0	0	0	0	0	0	0	1	0
C	Marios	18	170	5	1	26____	103472	1	0	0	0	0	1	0	0	0	0	0
C	Marios	18	170	5	1	26____	103474	1	0	0	0	0	0	0	0	0	1	0
C	Marios	18	170	5	1	26____	103805	1	0	0	0	0	1	0	0	0	0	0
C	Marios	18	170	5	1	26____	103841	1	0	0	0	0	0	0	0	0	1	0
C	Marios	18	170	5	1	26____	103855	1	0	0	0	0	1	0	0	0	0	0
C	Marios	18	170	5	1	26____	104038	1	0	0	0	0	0	0	0	0	1	0
C	Marios	18	170	5	1	26____	104155	1	0	0	0	0	1	0	0	0	0	0
C	Marios	18	170	5	1	26____	104189	1	0	0	0	0	0	0	0	0	1	0
C	Marios	18	170	5	1	26____	104193	1	0	0	0	0	1	0	0	0	0	0
C	Marios	18	170	5	1	26____	104199	1	0	0	0	0	0	0	0	0	1	0
C	Marios	18	170	5	1	26____	104201	1	0	0	0	0	1	0	0	0	0	0
C	Marios	18	170	5	1	26____	104203	1	0	0	0	0	0	0	0	0	1	0
C	Marios	18	170	5	1	26____	104216	1	0	0	0	0	1	0	0	0	0	0
C	Marios	18	170	5	1	26____	104218	1	0	0	0	0	1	0	0	0	1	0
C	Marios	18	170	5	1	26____	104347	1	0	0	0	0	0	0	0	0	1	0
C	Marios	18	170	5	1	26____	104349	1	0	0	0	0	1	0	0	0	0	0
C	Marios	18	170	5	1	26____	104374	1	0	0	0	0	0	0	0	0	1	0
C	Marios	18	170	5	1	26____	104465	1	0	0	0	0	1	0	0	0	0	0
C	Marios	18	170	5	1	26____	104526	1	0	0	0	0	0	0	0	0	1	0
C	Marios	18	170	5	1	26____	104570	1	0	0	0	0	1	0	0	0	0	0
C	Marios	18	170	5	1	26____	104613	1	0	0	0	0	0	0	0	0	1	0
C	Marios	18	170	5	1	26____	105508	1	0	0	0	0	1	0	0	0	0	0
C	Marios	18	170	5	1	26____	105690	1	0	0	0	0	0	0	0	0	1	0
C	Marios	18	170	5	1	26____	105708	1	0	0	0	0	1	0	0	0	0	0
C	Marios	18	170	5	1	26____	105710	1	0	0	0	0	1	0	0	0	1	0
C	Marios	18	170	5	1	26____	105713	1	0	0	0	0	0	0	0	0	1	0
C	Marios	18	170	5	1	26____	105755	1	0	0	0	0	1	0	0	0	0	0
C	Marios	18	170	5	1	26____	106164	1	0	0	0	0	0	0	0	0	1	0
C	Marios	18	170	5	1	26____	106394	1	0	0	0	0	1	0	0	0	0	0
C	Marios	18	170	5	1	26____	106572	1	0	0	0	0	0	0	0	0	1	0
C	Marios	18	170	5	1	26____	106773	1	0	0	0	0	1	0	0	0	0	0
C	Marios	18	170	5	1	26____	106797	1	0	0	0	0	0	0	0	0	1	0
C	Marios	18	170	5	1	26____	108949	1	0	0	0	0	1	0	0	0	0	0
C	Marios	18	170	5	1	26____	108962	1	0	0	0	0	0	0	0	0	1	0
C	Marios	18	170	5	1	26____	109097	1	0	0	0	0	1	0	0	0	0	0
C	Marios	18	170	5	1	26____	109102	1	0	0	0	0	0	0	0	0	1	0
C	Marios	18	170	5	1	26____	109287	1	0	0	0	0	1	0	0	0	0	0
C	Marios	18	170	5	1	26____	109407	1	0	0	0	0	0	0	0	0	1	0
C	Marios	18	170	5	1	26____	110124	1	0	0	0	0	1	0	0	0	0	0
C	Marios	18	170	5	1	26____	110130	1	0	0	0	0	0	0	0	0	1	0
C	Marios	18	170	5	1	26____	110500	1	2	0	0	0	0	0	0	0	0	0
C	Marios	18	170	5	1	26____	111000	2	12	0	0	0	0	0	0	0	0	0
C	Marios	18	170	5	1	26____	111146	12	0	0	0	0	1	0	0	0	0	0
C	Marios	18	170	5	1	26____	111371	12	0	0	0	0	0	0	0	0	1	0
C	Marios	18	170	5	1	26____	111460	12	0	0	0	0	1	0	0	0	0	0
C	Marios	18	170	5	1	26____	111470	12	0	0	0	0	0	0	0	0	1	0
C	Marios	18	170	5	1	26____	111500	12	15	0	0	0	0	0	0	0	0	0
C	Marios	18	170	5	1	26____	111534	15	0	0	0	0	1	0	0	0	0	0
C	Marios	18	170	5	1	26____	111651	15	0	0	0	0	0	0	0	0	1	0
C	Marios	18	170	5	1	26____	111732	15	0	0	0	0	1	0	0	0	0	0
C	Marios	18	170	5	1	26____	111926	15	0	0	0	0	0	0	0	0	1	0
C	Marios	18	170	5	1	26____	112000	15	1	0	0	0	0	0	0	0	0	0
C	Marios	18	170	5	1	26____	112494	1	0	0	0	0	1	0	0	0	0	0
C	Marios	18	170	5	1	26____	112502	1	0	0	0	0	0	0	0	0	1	0
C	Marios	18	170	5	1	26____	112933	1	0	0	0	0	1	0	0	0	0	0
C	Marios	18	170	5	1	26____	112937	1	0	0	0	0	0	0	0	0	1	0
C	Marios	18	170	5	1	26____	112959	1	0	0	0	0	1	0	0	0	0	0
C	Marios	18	170	5	1	26____	112976	1	0	0	0	0	0	0	0	0	1	0
C	Marios	18	170	5	1	26____	113217	1	0	0	0	0	1	0	0	0	0	0
C	Marios	18	170	5	1	26____	113280	1	0	0	0	0	0	0	0	0	1	0
C	Marios	18	170	5	1	26____	115000	1	2	0	0	0	0	0	0	0	0	0
C	Marios	18	170	5	1	26____	115385	2	0	0	0	0	1	0	0	0	0	0
C	Marios	18	170	5	1	26____	115387	2	0	0	0	0	0	0	0	0	1	0
C	Marios	18	170	5	1	26____	115393	2	0	0	0	0	1	0	0	0	0	0
C	Marios	18	170	5	1	26____	115408	2	0	0	0	0	0	0	0	0	1	0
C	Marios	18	170	5	1	26____	115500	2	12	0	0	0	0	0	0	0	0	0
C	Marios	18	170	5	1	26____	115706	12	0	0	0	0	1	0	0	0	0	0
C	Marios	18	170	5	1	26____	115810	12	0	0	0	0	0	0	0	0	1	0
C	Marios	18	170	5	1	26____	115894	12	0	0	0	0	1	0	0	0	0	0
C	Marios	18	170	5	1	26____	115987	12	0	0	0	0	0	0	0	0	1	0
C	Marios	18	170	5	1	26____	116000	12	15	0	0	0	0	0	0	0	0	0
C	Marios	18	170	5	1	26____	116060	15	0	0	0	0	1	0	0	0	0	0
C	Marios	18	170	5	1	26____	116090	15	0	0	0	0	0	0	0	0	1	0
C	Marios	18	170	5	1	26____	116093	15	0	0	0	0	1	0	0	0	0	0
C	Marios	18	170	5	1	26____	116176	15	0	0	0	0	0	0	0	0	1	0
C	Marios	18	170	5	1	26____	116281	15	0	0	0	0	1	0	0	0	0	0
C	Marios	18	170	5	1	26____	116294	15	0	0	0	0	0	0	0	0	1	0
C	Marios	18	170	5	1	26____	116300	15	0	0	0	0	1	0	0	0	0	0
C	Marios	18	170	5	1	26____	116500	15	1	0	0	0	0	0	0	0	0	0
C	Marios	18	170	5	1	26____	116514	1	0	0	0	0	0	0	0	0	1	0
C	Marios	18	170	5	1	26____	117216	1	0	0	0	0	1	0	0	0	0	0
C	Marios	18	170	5	1	26____	117225	1	0	0	0	0	0	0	0	0	1	0
C	Marios	18	170	5	1	26____	117228	1	0	0	0	0	1	0	0	0	0	0
C	Marios	18	170	5	1	26____	117244	1	0	0	0	0	0	0	0	0	1	0
C	Marios	18	170	5	1	26____	117309	1	0	0	0	0	1	0	0	0	0	0
C	Marios	18	170	5	1	26____	117336	1	0	0	0	0	0	0	0	0	1	0
C	Marios	18	170	5	1	26____	117353	1	0	0	0	0	1	0	0	0	0	0
C	Marios	18	170	5	1	26____	117363	1	0	0	0	0	0	0	0	0	1	0
C	Marios	18	170	5	1	26____	117626	1	0	0	0	0	1	0	0	0	0	0
C	Marios	18	170	5	1	26____	117628	1	0	0	0	0	0	0	0	0	1	0
C	Marios	18	170	5	1	26____	119700	1	0	0	0	0	1	0	0	0	0	0
C	Marios	18	170	5	1	26____	119708	1	0	0	0	0	0	0	0	0	1	0
C	Marios	18	170	5	1	26____	119886	1	0	0	0	0	1	0	0	0	0	0
C	Marios	18	170	5	1	26____	119891	1	0	0	0	0	0	0	0	0	1	0
C	Marios	18	170	5	1	26____	119899	1	0	0	0	0	1	0	0	0	0	0
C	Marios	18	170	5	1	26____	119905	1	0	0	0	0	0	0	0	0	1	0
C	Marios	18	170	5	1	26____	119909	1	0	0	0	0	1	0	0	0	0	0
C	Marios	18	170	5	1	26____	119913	1	0	0	0	0	0	0	0	0	1	0
C	Marios	18	170	5	1	26____	119931	1	0	0	0	0	1	0	0	0	0	0
C	Marios	18	170	5	1	26____	119933	1	0	0	0	0	0	0	0	0	1	0
C	Marios	18	170	5	1	26____	120000	1	2	0	0	0	0	0	0	0	0	0
C	Marios	18	170	5	1	26____	120009	2	0	0	0	0	1	0	0	0	0	0
C	Marios	18	170	5	1	26____	120032	2	0	0	0	0	0	0	0	0	1	0
C	Marios	18	170	5	1	26____	120500	2	6	0	0	0	0	0	0	0	0	0
C	Marios	18	170	5	1	26____	120543	6	0	0	0	0	1	0	0	0	0	0
C	Marios	18	170	5	1	26____	120545	6	0	0	0	0	0	0	0	0	1	0
C	Marios	18	170	5	1	26____	120608	6	0	0	0	0	1	0	0	0	0	0
C	Marios	18	170	5	1	26____	120714	6	0	0	0	0	0	0	0	0	1	0
C	Marios	18	170	5	1	26____	120795	6	0	0	0	0	1	0	0	0	0	0
C	Marios	18	170	5	1	26____	120798	6	0	0	0	0	0	0	0	0	1	0
C	Marios	18	170	5	1	26____	120816	6	0	0	0	0	1	0	0	0	0	0
C	Marios	18	170	5	1	26____	120858	6	0	0	0	0	0	0	0	0	1	0
C	Marios	18	170	5	1	26____	120996	6	0	0	0	0	1	0	0	0	0	0
C	Marios	18	170	5	1	26____	121000	6	10	0	0	0	0	0	0	0	0	0
C	Marios	18	170	5	1	26____	121240	10	0	0	0	0	0	0	0	0	1	0
C	Marios	18	170	5	1	26____	121500	10	1	0	0	0	0	0	0	0	0	0
C	Marios	18	170	5	1	26____	122298	1	0	0	0	0	1	0	0	0	0	0
C	Marios	18	170	5	1	26____	122409	1	0	0	0	0	0	0	0	0	1	0
C	Marios	18	170	5	1	26____	122519	1	0	0	0	0	1	0	0	0	0	0
C	Marios	18	170	5	1	26____	122522	1	0	0	0	0	0	0	0	0	1	0
C	Marios	18	170	5	1	26____	122538	1	0	0	0	0	1	0	0	0	0	0
C	Marios	18	170	5	1	26____	122542	1	0	0	0	0	0	0	0	0	1	0
C	Marios	18	170	5	1	26____	122779	1	0	0	0	0	1	0	0	0	0	0
C	Marios	18	170	5	1	26____	122858	1	0	0	0	0	0	0	0	0	1	0
C	Marios	18	170	5	1	26____	122949	1	0	0	0	0	1	0	0	0	0	0
C	Marios	18	170	5	1	26____	123000	1	0	0	0	0	0	0	0	0	1	0
C	Marios	18	170	5	1	26____	123750	1	2	0	0	0	0	0	0	0	0	0
C	Marios	18	170	5	1	26____	123938	2	0	0	0	0	1	0	0	0	0	0
C	Marios	18	170	5	1	26____	123953	2	0	0	0	0	0	0	0	0	1	0
C	Marios	18	170	5	1	26____	124250	2	12	0	0	0	0	0	0	0	0	0
C	Marios	18	170	5	1	26____	124348	12	0	0	0	0	1	0	0	0	0	0
C	Marios	18	170	5	1	26____	124377	12	0	0	0	0	0	0	0	0	1	0
C	Marios	18	170	5	1	26____	124451	12	0	0	0	0	1	0	0	0	0	0
C	Marios	18	170	5	1	26____	124508	12	0	0	0	0	0	0	0	0	1	0
C	Marios	18	170	5	1	26____	124750	12	15	0	0	0	0	0	0	0	0	0
C	Marios	18	170	5	1	26____	124978	15	0	0	0	0	1	0	0	0	0	0
C	Marios	18	170	5	1	26____	124984	15	0	0	0	0	0	0	0	0	1	0
C	Marios	18	170	5	1	26____	125250	15	1	0	0	0	0	0	0	0	0	0
C	Marios	18	170	5	1	26____	126064	1	0	0	0	0	1	0	0	0	0	0
C	Marios	18	170	5	1	26____	126092	1	0	0	0	0	0	0	0	0	1	0
C	Marios	18	170	5	1	26____	128334	1	0	0	0	0	1	0	0	0	0	0
C	Marios	18	170	5	1	26____	128359	1	0	0	0	0	0	0	0	0	1	0
C	Marios	18	170	5	1	26____	128438	1	0	0	0	0	1	0	0	0	0	0
C	Marios	18	170	5	1	26____	128450	1	0	0	0	0	0	0	0	0	1	0
C	Marios	18	170	5	1	26____	129451	1	0	0	0	0	1	0	0	0	0	0
C	Marios	18	170	5	1	26____	129454	1	0	0	0	0	0	0	0	0	1	0
C	Marios	18	170	5	1	26____	130500	1	2	0	0	0	0	0	0	0	0	0
C	Marios	18	170	5	1	26____	130688	2	0	0	0	0	1	0	0	0	0	0
C	Marios	18	170	5	1	26____	130809	2	0	0	0	0	0	0	0	0	1	0
C	Marios	18	170	5	1	26____	131000	2	7	0	0	0	0	0	0	0	0	0
C	Marios	18	170	5	1	26____	131032	7	0	0	0	0	1	0	0	0	0	0
C	Marios	18	170	5	1	26____	131080	7	0	0	0	0	0	0	0	0	1	0
C	Marios	18	170	5	1	26____	131113	7	0	0	0	0	1	0	0	0	0	0
C	Marios	18	170	5	1	26____	131216	7	0	0	0	0	0	0	0	0	1	0
C	Marios	18	170	5	1	26____	131318	7	0	0	0	0	1	0	0	0	0	0
C	Marios	18	170	5	1	26____	131328	7	0	0	0	0	0	0	0	0	1	0
C	Marios	18	170	5	1	26____	131365	7	0	0	0	0	1	0	0	0	0	0
C	Marios	18	170	5	1	26____	131370	7	0	0	0	0	0	0	0	0	1	0
C	Marios	18	170	5	1	26____	131414	7	0	0	0	0	1	0	0	0	0	0
C	Marios	18	170	5	1	26____	131494	7	0	0	0	0	0	0	0	0	1	0
C	Marios	18	170	5	1	26____	131500	7	11	0	0	0	0	0	0	0	0	0
C	Marios	18	170	5	1	26____	131532	11	0	0	0	0	1	0	0	0	0	0
C	Marios	18	170	5	1	26____	131754	11	0	0	0	0	1	0	0	0	1	0
C	Marios	18	170	5	1	26____	131808	11	0	0	0	0	0	0	0	0	1	0
C	Marios	18	170	5	1	26____	132000	11	1	0	0	0	0	0	0	0	0	0
C	Marios	18	170	5	1	26____	132866	1	0	0	0	0	1	0	0	0	0	0
C	Marios	18	170	5	1	26____	132873	1	0	0	0	0	0	0	0	0	1	0
C	Marios	18	170	5	1	26____	132881	1	0	0	0	0	1	0	0	0	0	0
C	Marios	18	170	5	1	26____	132883	1	0	0	0	0	0	0	0	0	1	0
C	Marios	18	170	5	1	26____	132903	1	0	0	0	0	1	0	0	0	0	0
C	Marios	18	170	5	1	26____	132920	1	0	0	0	0	0	0	0	0	1	0
C	Marios	18	170	5	1	26____	134609	1	0	0	0	0	1	0	0	0	0	0
C	Marios	18	170	5	1	26____	134612	1	0	0	0	0	0	0	0	0	1	0
C	Marios	18	170	5	1	26____	134614	1	0	0	0	0	1	0	0	0	0	0
C	Marios	18	170	5	1	26____	134648	1	0	0	0	0	0	0	0	0	1	0
C	Marios	18	170	5	1	26____	134649	1	0	0	0	0	1	0	0	0	0	0
C	Marios	18	170	5	1	26____	134859	1	0	0	0	0	0	0	0	0	1	0
C	Marios	18	170	5	1	26____	134943	1	0	0	0	0	1	0	0	0	0	0
C	Marios	18	170	5	1	26____	134945	1	0	0	0	0	1	0	0	0	1	0
C	Marios	18	170	5	1	26____	134948	1	0	0	0	0	0	0	0	0	1	0
C	Marios	18	170	5	1	26____	135785	1	0	0	0	0	1	0	0	0	0	0
C	Marios	18	170	5	1	26____	135816	1	0	0	0	0	0	0	0	0	1	0
C	Marios	18	170	5	1	26____	136500	1	2	0	0	0	0	0	0	0	0	0
C	Marios	18	170	5	1	26____	137000	2	13	0	0	0	0	0	0	0	0	0
C	Marios	18	170	5	1	26____	137045	13	0	0	0	0	1	0	0	0	0	0
C	Marios	18	170	5	1	26____	137098	13	0	0	0	0	0	0	0	0	1	0
C	Marios	18	170	5	1	26____	137141	13	0	0	0	0	1	0	0	0	0	0
C	Marios	18	170	5	1	26____	137394	13	0	0	0	0	0	0	0	0	1	0
C	Marios	18	170	5	1	26____	137448	13	0	0	0	0	1	0	0	0	0	0
C	Marios	18	170	5	1	26____	137500	13	15	0	0	0	0	0	0	0	0	0
C	Marios	18	170	5	1	26____	137649	15	0	0	0	0	0	0	0	0	1	0
C	Marios	18	170	5	1	26____	137678	15	0	0	0	0	1	0	0	0	0	0
C	Marios	18	170	5	1	26____	137774	15	0	0	0	0	0	0	0	0	1	0
C	Marios	18	170	5	1	26____	138000	15	1	0	0	0	0	0	0	0	0	0
C	Marios	18	170	5	1	26____	139843	1	0	0	0	0	1	0	0	0	0	0
C	Marios	18	170	5	1	26____	139912	1	0	0	0	0	0	0	0	0	1	0
C	Marios	18	170	5	1	26____	139921	1	0	0	0	0	1	0	0	0	0	0
C	Marios	18	170	5	1	26____	139925	1	0	0	0	0	0	0	0	0	1	0
C	Marios	18	170	5	1	26____	140101	1	0	0	0	0	1	0	0	0	0	0
C	Marios	18	170	5	1	26____	140134	1	0	0	0	0	0	0	0	0	1	0
C	Marios	18	170	5	1	26____	140343	1	0	0	0	0	1	0	0	0	0	0
C	Marios	18	170	5	1	26____	140345	1	0	0	0	0	0	0	0	0	1	0
C	Marios	18	170	5	1	26____	140354	1	0	0	0	0	1	0	0	0	0	0
C	Marios	18	170	5	1	26____	140380	1	0	0	0	0	0	0	0	0	1	0
C	Marios	18	170	5	1	26____	141937	1	0	0	0	0	1	0	0	0	0	0
C	Marios	18	170	5	1	26____	141961	1	0	0	0	0	0	0	0	0	1	0
C	Marios	18	170	5	1	26____	142500	1	2	0	0	0	0	0	0	0	0	0
C	Marios	18	170	5	1	26____	143000	2	13	0	0	0	0	0	0	0	0	0
C	Marios	18	170	5	1	26____	143082	13	0	0	0	0	1	0	0	0	0	0
C	Marios	18	170	5	1	26____	143123	13	0	0	0	0	0	0	0	0	1	0
C	Marios	18	170	5	1	26____	143426	13	0	0	0	0	1	0	0	0	0	0
C	Marios	18	170	5	1	26____	143435	13	0	0	0	0	0	0	0	0	1	0
C	Marios	18	170	5	1	26____	143500	13	15	0	0	0	0	0	0	0	0	0
C	Marios	18	170	5	1	26____	143769	15	0	0	0	0	1	0	0	0	0	0
C	Marios	18	170	5	1	26____	143797	15	0	0	0	0	0	0	0	0	1	0
C	Marios	18	170	5	1	26____	144000	15	14	0	0	0	0	0	0	0	0	0
C	Marios	18	170	5	1	26____	147000	14	-1	0	0	0	0	0	0	0	0	0
