Project	UserID	Protocol	Session	Station	Run	Subject	Time	Current State	Transition State	Transition Event	A1 - LLR	A2 - RLR	A3 - MAG	A4 - 	A[1] LLR_OFF	A[2] RLR_OFF	A[3] MAG_OFF	A[4] 
C	Marios	24	170	10	1	4_____	0	0	1	0	0	0	0	0	0	0	0	0
C	Marios	24	170	10	1	4_____	2443	1	0	0	0	0	1	0	0	0	0	0
C	Marios	24	170	10	1	4_____	2445	1	0	0	0	0	0	0	0	0	1	0
C	Marios	24	170	10	1	4_____	2448	1	0	0	0	0	1	0	0	0	0	0
C	Marios	24	170	10	1	4_____	2473	1	0	0	0	0	0	0	0	0	1	0
C	Marios	24	170	10	1	4_____	3750	1	2	0	0	0	0	0	0	0	0	0
C	Marios	24	170	10	1	4_____	4250	2	6	0	0	0	0	0	0	0	0	0
C	Marios	24	170	10	1	4_____	4322	6	0	0	0	0	1	0	0	0	0	0
C	Marios	24	170	10	1	4_____	4351	6	0	0	0	0	0	0	0	0	1	0
C	Marios	24	170	10	1	4_____	4367	6	0	0	0	0	1	0	0	0	0	0
C	Marios	24	170	10	1	4_____	4398	6	0	0	0	0	0	0	0	0	1	0
C	Marios	24	170	10	1	4_____	4426	6	0	0	0	0	1	0	0	0	0	0
C	Marios	24	170	10	1	4_____	4553	6	0	0	0	0	0	0	0	0	1	0
C	Marios	24	170	10	1	4_____	4577	6	0	0	0	0	1	0	0	0	0	0
C	Marios	24	170	10	1	4_____	4720	6	0	0	0	0	0	0	0	0	1	0
C	Marios	24	170	10	1	4_____	4747	6	0	0	0	0	1	0	0	0	0	0
C	Marios	24	170	10	1	4_____	4750	6	11	0	0	0	0	0	0	0	0	0
C	Marios	24	170	10	1	4_____	4901	11	0	0	0	0	0	0	0	0	1	0
C	Marios	24	170	10	1	4_____	4932	11	0	0	0	0	1	0	0	0	0	0
C	Marios	24	170	10	1	4_____	4961	11	0	0	0	0	0	0	0	0	1	0
C	Marios	24	170	10	1	4_____	5250	11	1	0	0	0	0	0	0	0	0	0
C	Marios	24	170	10	1	4_____	8389	1	0	0	0	0	1	0	0	0	0	0
C	Marios	24	170	10	1	4_____	8413	1	0	0	0	0	0	0	0	0	1	0
C	Marios	24	170	10	1	4_____	10316	1	0	0	0	0	1	0	0	0	0	0
C	Marios	24	170	10	1	4_____	10326	1	0	0	0	0	0	0	0	0	1	0
C	Marios	24	170	10	1	4_____	11234	1	0	0	0	0	1	0	0	0	0	0
C	Marios	24	170	10	1	4_____	11297	1	0	0	0	0	0	0	0	0	1	0
C	Marios	24	170	10	1	4_____	11531	1	0	0	0	0	1	0	0	0	0	0
C	Marios	24	170	10	1	4_____	11589	1	0	0	0	0	0	0	0	0	1	0
C	Marios	24	170	10	1	4_____	11641	1	0	0	0	0	1	0	0	0	0	0
C	Marios	24	170	10	1	4_____	11679	1	0	0	0	0	0	0	0	0	1	0
C	Marios	24	170	10	1	4_____	11853	1	0	0	0	0	1	0	0	0	0	0
C	Marios	24	170	10	1	4_____	11944	1	0	0	0	0	0	0	0	0	1	0
C	Marios	24	170	10	1	4_____	11958	1	0	0	0	0	1	0	0	0	0	0
C	Marios	24	170	10	1	4_____	12000	1	2	0	0	0	0	0	0	0	0	0
C	Marios	24	170	10	1	4_____	12075	2	0	0	0	0	0	0	0	0	1	0
C	Marios	24	170	10	1	4_____	12107	2	0	0	0	0	1	0	0	0	0	0
C	Marios	24	170	10	1	4_____	12233	2	0	0	0	0	0	0	0	0	1	0
C	Marios	24	170	10	1	4_____	12237	2	0	0	0	0	1	0	0	0	0	0
C	Marios	24	170	10	1	4_____	12312	2	0	0	0	0	0	0	0	0	1	0
C	Marios	24	170	10	1	4_____	12500	2	7	0	0	0	0	0	0	0	0	0
C	Marios	24	170	10	1	4_____	12583	7	0	0	0	0	1	0	0	0	0	0
C	Marios	24	170	10	1	4_____	12589	7	0	0	0	0	0	0	0	0	1	0
C	Marios	24	170	10	1	4_____	12720	7	0	0	0	0	1	0	0	0	0	0
C	Marios	24	170	10	1	4_____	12740	7	0	0	0	0	0	0	0	0	1	0
C	Marios	24	170	10	1	4_____	12778	7	0	0	0	0	1	0	0	0	0	0
C	Marios	24	170	10	1	4_____	12824	7	0	0	0	0	0	0	0	0	1	0
C	Marios	24	170	10	1	4_____	12932	7	0	0	0	0	1	0	0	0	0	0
C	Marios	24	170	10	1	4_____	12978	7	0	0	0	0	0	0	0	0	1	0
C	Marios	24	170	10	1	4_____	13000	7	10	0	0	0	0	0	0	0	0	0
C	Marios	24	170	10	1	4_____	13500	10	1	0	0	0	0	0	0	0	0	0
C	Marios	24	170	10	1	4_____	14787	1	0	0	0	0	1	0	0	0	0	0
C	Marios	24	170	10	1	4_____	14789	1	0	0	0	0	0	0	0	0	1	0
C	Marios	24	170	10	1	4_____	14795	1	0	0	0	0	1	0	0	0	0	0
C	Marios	24	170	10	1	4_____	14911	1	0	0	0	0	0	0	0	0	1	0
C	Marios	24	170	10	1	4_____	14923	1	0	0	0	0	1	0	0	0	0	0
C	Marios	24	170	10	1	4_____	14929	1	0	0	0	0	0	0	0	0	1	0
C	Marios	24	170	10	1	4_____	15045	1	0	0	0	0	1	0	0	0	0	0
C	Marios	24	170	10	1	4_____	15047	1	0	0	0	0	1	0	0	0	1	0
C	Marios	24	170	10	1	4_____	15049	1	0	0	0	0	0	0	0	0	1	0
C	Marios	24	170	10	1	4_____	16370	1	0	0	0	0	1	0	0	0	0	0
C	Marios	24	170	10	1	4_____	16371	1	0	0	0	0	0	0	0	0	1	0
C	Marios	24	170	10	1	4_____	16373	1	0	0	0	0	1	0	0	0	0	0
C	Marios	24	170	10	1	4_____	16375	1	0	0	0	0	0	0	0	0	1	0
C	Marios	24	170	10	1	4_____	16836	1	0	0	0	0	1	0	0	0	0	0
C	Marios	24	170	10	1	4_____	16845	1	0	0	0	0	0	0	0	0	1	0
C	Marios	24	170	10	1	4_____	16851	1	0	0	0	0	1	0	0	0	0	0
C	Marios	24	170	10	1	4_____	16919	1	0	0	0	0	0	0	0	0	1	0
C	Marios	24	170	10	1	4_____	17846	1	0	0	0	0	1	0	0	0	0	0
C	Marios	24	170	10	1	4_____	17871	1	0	0	0	0	0	0	0	0	1	0
C	Marios	24	170	10	1	4_____	19000	1	2	0	0	0	0	0	0	0	0	0
C	Marios	24	170	10	1	4_____	19500	2	12	0	0	0	0	0	0	0	0	0
C	Marios	24	170	10	1	4_____	20000	12	15	0	0	0	0	0	0	0	0	0
C	Marios	24	170	10	1	4_____	20500	15	1	0	0	0	0	0	0	0	0	0
C	Marios	24	170	10	1	4_____	20716	1	0	0	0	0	1	0	0	0	0	0
C	Marios	24	170	10	1	4_____	20752	1	0	0	0	0	0	0	0	0	1	0
C	Marios	24	170	10	1	4_____	22000	1	2	0	0	0	0	0	0	0	0	0
C	Marios	24	170	10	1	4_____	22500	2	12	0	0	0	0	0	0	0	0	0
C	Marios	24	170	10	1	4_____	22647	12	0	0	0	0	1	0	0	0	0	0
C	Marios	24	170	10	1	4_____	22695	12	0	0	0	0	0	0	0	0	1	0
C	Marios	24	170	10	1	4_____	22814	12	0	0	0	0	1	0	0	0	0	0
C	Marios	24	170	10	1	4_____	23000	12	15	0	0	0	0	0	0	0	0	0
C	Marios	24	170	10	1	4_____	23029	15	0	0	0	0	0	0	0	0	1	0
C	Marios	24	170	10	1	4_____	23172	15	0	0	0	0	1	0	0	0	0	0
C	Marios	24	170	10	1	4_____	23221	15	0	0	0	0	0	0	0	0	1	0
C	Marios	24	170	10	1	4_____	23228	15	0	0	0	0	1	0	0	0	0	0
C	Marios	24	170	10	1	4_____	23251	15	0	0	0	0	0	0	0	0	1	0
C	Marios	24	170	10	1	4_____	23500	15	1	0	0	0	0	0	0	0	0	0
C	Marios	24	170	10	1	4_____	23940	1	0	0	0	0	1	0	0	0	0	0
C	Marios	24	170	10	1	4_____	23945	1	0	0	0	0	0	0	0	0	1	0
C	Marios	24	170	10	1	4_____	24380	1	0	0	0	0	1	0	0	0	0	0
C	Marios	24	170	10	1	4_____	24446	1	0	0	0	0	0	0	0	0	1	0
C	Marios	24	170	10	1	4_____	24896	1	0	0	0	0	1	0	0	0	0	0
C	Marios	24	170	10	1	4_____	24904	1	0	0	0	0	0	0	0	0	1	0
C	Marios	24	170	10	1	4_____	25487	1	0	0	0	0	1	0	0	0	0	0
C	Marios	24	170	10	1	4_____	25540	1	0	0	0	0	0	0	0	0	1	0
C	Marios	24	170	10	1	4_____	26173	1	0	0	0	0	1	0	0	0	0	0
C	Marios	24	170	10	1	4_____	26206	1	0	0	0	0	0	0	0	0	1	0
C	Marios	24	170	10	1	4_____	26512	1	0	0	0	0	1	0	0	0	0	0
C	Marios	24	170	10	1	4_____	26515	1	0	0	0	0	0	0	0	0	1	0
C	Marios	24	170	10	1	4_____	26671	1	0	0	0	0	1	0	0	0	0	0
C	Marios	24	170	10	1	4_____	26756	1	0	0	0	0	0	0	0	0	1	0
C	Marios	24	170	10	1	4_____	26847	1	0	0	0	0	1	0	0	0	0	0
C	Marios	24	170	10	1	4_____	26901	1	0	0	0	0	0	0	0	0	1	0
C	Marios	24	170	10	1	4_____	26954	1	0	0	0	0	1	0	0	0	0	0
C	Marios	24	170	10	1	4_____	27027	1	0	0	0	0	0	0	0	0	1	0
C	Marios	24	170	10	1	4_____	27305	1	0	0	0	0	1	0	0	0	0	0
C	Marios	24	170	10	1	4_____	27323	1	0	0	0	0	0	0	0	0	1	0
C	Marios	24	170	10	1	4_____	27324	1	0	0	0	0	1	0	0	0	0	0
C	Marios	24	170	10	1	4_____	27338	1	0	0	0	0	0	0	0	0	1	0
C	Marios	24	170	10	1	4_____	27340	1	0	0	0	0	1	0	0	0	0	0
C	Marios	24	170	10	1	4_____	27351	1	0	0	0	0	0	0	0	0	1	0
C	Marios	24	170	10	1	4_____	27358	1	0	0	0	0	1	0	0	0	0	0
C	Marios	24	170	10	1	4_____	27363	1	0	0	0	0	1	0	0	0	1	0
C	Marios	24	170	10	1	4_____	27370	1	0	0	0	0	0	0	0	0	1	0
C	Marios	24	170	10	1	4_____	27372	1	0	0	0	0	1	0	0	0	0	0
C	Marios	24	170	10	1	4_____	27438	1	0	0	0	0	0	0	0	0	1	0
C	Marios	24	170	10	1	4_____	27589	1	0	0	0	0	1	0	0	0	0	0
C	Marios	24	170	10	1	4_____	27644	1	0	0	0	0	0	0	0	0	1	0
C	Marios	24	170	10	1	4_____	28000	1	2	0	0	0	0	0	0	0	0	0
C	Marios	24	170	10	1	4_____	28500	2	13	0	0	0	0	0	0	0	0	0
C	Marios	24	170	10	1	4_____	28543	13	0	0	0	0	1	0	0	0	0	0
C	Marios	24	170	10	1	4_____	28563	13	0	0	0	0	0	0	0	0	1	0
C	Marios	24	170	10	1	4_____	28871	13	0	0	0	0	1	0	0	0	0	0
C	Marios	24	170	10	1	4_____	29000	13	15	0	0	0	0	0	0	0	0	0
C	Marios	24	170	10	1	4_____	29061	15	0	0	0	0	0	0	0	0	1	0
C	Marios	24	170	10	1	4_____	29180	15	0	0	0	0	1	0	0	0	0	0
C	Marios	24	170	10	1	4_____	29228	15	0	0	0	0	0	0	0	0	1	0
C	Marios	24	170	10	1	4_____	29500	15	1	0	0	0	0	0	0	0	0	0
C	Marios	24	170	10	1	4_____	29963	1	0	0	0	0	1	0	0	0	0	0
C	Marios	24	170	10	1	4_____	29969	1	0	0	0	0	0	0	0	0	1	0
C	Marios	24	170	10	1	4_____	29970	1	0	0	0	0	1	0	0	0	0	0
C	Marios	24	170	10	1	4_____	29974	1	0	0	0	0	0	0	0	0	1	0
C	Marios	24	170	10	1	4_____	29975	1	0	0	0	0	1	0	0	0	0	0
C	Marios	24	170	10	1	4_____	30017	1	0	0	0	0	0	0	0	0	1	0
C	Marios	24	170	10	1	4_____	30430	1	0	0	0	0	1	0	0	0	0	0
C	Marios	24	170	10	1	4_____	30433	1	0	0	0	0	0	0	0	0	1	0
C	Marios	24	170	10	1	4_____	30535	1	0	0	0	0	1	0	0	0	0	0
C	Marios	24	170	10	1	4_____	30557	1	0	0	0	0	0	0	0	0	1	0
C	Marios	24	170	10	1	4_____	31480	1	0	0	0	0	1	0	0	0	0	0
C	Marios	24	170	10	1	4_____	31524	1	0	0	0	0	0	0	0	0	1	0
C	Marios	24	170	10	1	4_____	31545	1	0	0	0	0	1	0	0	0	0	0
C	Marios	24	170	10	1	4_____	31547	1	0	0	0	0	0	0	0	0	1	0
C	Marios	24	170	10	1	4_____	31612	1	0	0	0	0	1	0	0	0	0	0
C	Marios	24	170	10	1	4_____	31635	1	0	0	0	0	0	0	0	0	1	0
C	Marios	24	170	10	1	4_____	32352	1	0	0	0	0	1	0	0	0	0	0
C	Marios	24	170	10	1	4_____	32427	1	0	0	0	0	0	0	0	0	1	0
C	Marios	24	170	10	1	4_____	32624	1	0	0	0	0	1	0	0	0	0	0
C	Marios	24	170	10	1	4_____	32696	1	0	0	0	0	0	0	0	0	1	0
C	Marios	24	170	10	1	4_____	34750	1	2	0	0	0	0	0	0	0	0	0
C	Marios	24	170	10	1	4_____	35250	2	13	0	0	0	0	0	0	0	0	0
C	Marios	24	170	10	1	4_____	35750	13	15	0	0	0	0	0	0	0	0	0
C	Marios	24	170	10	1	4_____	36250	15	1	0	0	0	0	0	0	0	0	0
C	Marios	24	170	10	1	4_____	36320	1	0	0	0	0	1	0	0	0	0	0
C	Marios	24	170	10	1	4_____	36322	1	0	0	0	0	0	0	0	0	1	0
C	Marios	24	170	10	1	4_____	40750	1	2	0	0	0	0	0	0	0	0	0
C	Marios	24	170	10	1	4_____	41250	2	12	0	0	0	0	0	0	0	0	0
C	Marios	24	170	10	1	4_____	41565	12	0	0	0	0	1	0	0	0	0	0
C	Marios	24	170	10	1	4_____	41652	12	0	0	0	0	0	0	0	0	1	0
C	Marios	24	170	10	1	4_____	41750	12	15	0	0	0	0	0	0	0	0	0
C	Marios	24	170	10	1	4_____	41802	15	0	0	0	0	1	0	0	0	0	0
C	Marios	24	170	10	1	4_____	41845	15	0	0	0	0	0	0	0	0	1	0
C	Marios	24	170	10	1	4_____	41849	15	0	0	0	0	1	0	0	0	0	0
C	Marios	24	170	10	1	4_____	41878	15	0	0	0	0	0	0	0	0	1	0
C	Marios	24	170	10	1	4_____	41883	15	0	0	0	0	1	0	0	0	0	0
C	Marios	24	170	10	1	4_____	41910	15	0	0	0	0	0	0	0	0	1	0
C	Marios	24	170	10	1	4_____	42027	15	0	0	0	0	1	0	0	0	0	0
C	Marios	24	170	10	1	4_____	42105	15	0	0	0	0	0	0	0	0	1	0
C	Marios	24	170	10	1	4_____	42115	15	0	0	0	0	1	0	0	0	0	0
C	Marios	24	170	10	1	4_____	42181	15	0	0	0	0	0	0	0	0	1	0
C	Marios	24	170	10	1	4_____	42229	15	0	0	0	0	1	0	0	0	0	0
C	Marios	24	170	10	1	4_____	42250	15	1	0	0	0	0	0	0	0	0	0
C	Marios	24	170	10	1	4_____	42406	1	0	0	0	0	0	0	0	0	1	0
C	Marios	24	170	10	1	4_____	44500	1	2	0	0	0	0	0	0	0	0	0
C	Marios	24	170	10	1	4_____	45000	2	6	0	0	0	0	0	0	0	0	0
C	Marios	24	170	10	1	4_____	45073	6	0	0	0	0	1	0	0	0	0	0
C	Marios	24	170	10	1	4_____	45210	6	0	0	0	0	0	0	0	0	1	0
C	Marios	24	170	10	1	4_____	45261	6	0	0	0	0	1	0	0	0	0	0
C	Marios	24	170	10	1	4_____	45266	6	0	0	0	0	0	0	0	0	1	0
C	Marios	24	170	10	1	4_____	45273	6	0	0	0	0	1	0	0	0	0	0
C	Marios	24	170	10	1	4_____	45276	6	0	0	0	0	0	0	0	0	1	0
C	Marios	24	170	10	1	4_____	45278	6	0	0	0	0	1	0	0	0	0	0
C	Marios	24	170	10	1	4_____	45280	6	0	0	0	0	0	0	0	0	1	0
C	Marios	24	170	10	1	4_____	45283	6	0	0	0	0	1	0	0	0	0	0
C	Marios	24	170	10	1	4_____	45285	6	0	0	0	0	0	0	0	0	1	0
C	Marios	24	170	10	1	4_____	45287	6	0	0	0	0	1	0	0	0	0	0
C	Marios	24	170	10	1	4_____	45289	6	0	0	0	0	0	0	0	0	1	0
C	Marios	24	170	10	1	4_____	45302	6	0	0	0	0	1	0	0	0	0	0
C	Marios	24	170	10	1	4_____	45451	6	0	0	0	0	0	0	0	0	1	0
C	Marios	24	170	10	1	4_____	45458	6	0	0	0	0	1	0	0	0	0	0
C	Marios	24	170	10	1	4_____	45489	6	0	0	0	0	0	0	0	0	1	0
C	Marios	24	170	10	1	4_____	45500	6	11	0	0	0	0	0	0	0	0	0
C	Marios	24	170	10	1	4_____	45526	11	0	0	0	0	1	0	0	0	0	0
C	Marios	24	170	10	1	4_____	45816	11	0	0	0	0	0	0	0	0	1	0
C	Marios	24	170	10	1	4_____	46000	11	1	0	0	0	0	0	0	0	0	0
C	Marios	24	170	10	1	4_____	46882	1	0	0	0	0	1	0	0	0	0	0
C	Marios	24	170	10	1	4_____	46884	1	0	0	0	0	0	0	0	0	1	0
C	Marios	24	170	10	1	4_____	46893	1	0	0	0	0	1	0	0	0	0	0
C	Marios	24	170	10	1	4_____	46921	1	0	0	0	0	0	0	0	0	1	0
C	Marios	24	170	10	1	4_____	46940	1	0	0	0	0	1	0	0	0	0	0
C	Marios	24	170	10	1	4_____	47035	1	0	0	0	0	0	0	0	0	1	0
C	Marios	24	170	10	1	4_____	47127	1	0	0	0	0	1	0	0	0	0	0
C	Marios	24	170	10	1	4_____	47131	1	0	0	0	0	0	0	0	0	1	0
C	Marios	24	170	10	1	4_____	47140	1	0	0	0	0	1	0	0	0	0	0
C	Marios	24	170	10	1	4_____	47142	1	0	0	0	0	0	0	0	0	1	0
C	Marios	24	170	10	1	4_____	47429	1	0	0	0	0	1	0	0	0	0	0
C	Marios	24	170	10	1	4_____	47439	1	0	0	0	0	0	0	0	0	1	0
C	Marios	24	170	10	1	4_____	47835	1	0	0	0	0	1	0	0	0	0	0
C	Marios	24	170	10	1	4_____	47865	1	0	0	0	0	0	0	0	0	1	0
C	Marios	24	170	10	1	4_____	48061	1	0	0	0	0	1	0	0	0	0	0
C	Marios	24	170	10	1	4_____	48065	1	0	0	0	0	0	0	0	0	1	0
C	Marios	24	170	10	1	4_____	48067	1	0	0	0	0	1	0	0	0	0	0
C	Marios	24	170	10	1	4_____	48096	1	0	0	0	0	0	0	0	0	1	0
C	Marios	24	170	10	1	4_____	48098	1	0	0	0	0	1	0	0	0	0	0
C	Marios	24	170	10	1	4_____	48099	1	0	0	0	0	0	0	0	0	1	0
C	Marios	24	170	10	1	4_____	48542	1	0	0	0	0	1	0	0	0	0	0
C	Marios	24	170	10	1	4_____	48557	1	0	0	0	0	0	0	0	0	1	0
C	Marios	24	170	10	1	4_____	48675	1	0	0	0	0	1	0	0	0	0	0
C	Marios	24	170	10	1	4_____	48679	1	0	0	0	0	0	0	0	0	1	0
C	Marios	24	170	10	1	4_____	48880	1	0	0	0	0	1	0	0	0	0	0
C	Marios	24	170	10	1	4_____	48923	1	0	0	0	0	0	0	0	0	1	0
C	Marios	24	170	10	1	4_____	50326	1	0	0	0	0	1	0	0	0	0	0
C	Marios	24	170	10	1	4_____	50328	1	0	0	0	0	0	0	0	0	1	0
C	Marios	24	170	10	1	4_____	50330	1	0	0	0	0	1	0	0	0	0	0
C	Marios	24	170	10	1	4_____	50334	1	0	0	0	0	0	0	0	0	1	0
C	Marios	24	170	10	1	4_____	51656	1	0	0	0	0	1	0	0	0	0	0
C	Marios	24	170	10	1	4_____	51659	1	0	0	0	0	0	0	0	0	1	0
C	Marios	24	170	10	1	4_____	51669	1	0	0	0	0	1	0	0	0	0	0
C	Marios	24	170	10	1	4_____	51731	1	0	0	0	0	0	0	0	0	1	0
C	Marios	24	170	10	1	4_____	51750	1	0	0	0	0	1	0	0	0	0	0
C	Marios	24	170	10	1	4_____	51756	1	0	0	0	0	0	0	0	0	1	0
C	Marios	24	170	10	1	4_____	52799	1	0	0	0	0	1	0	0	0	0	0
C	Marios	24	170	10	1	4_____	52826	1	0	0	0	0	0	0	0	0	1	0
C	Marios	24	170	10	1	4_____	53106	1	0	0	0	0	1	0	0	0	0	0
C	Marios	24	170	10	1	4_____	53166	1	0	0	0	0	0	0	0	0	1	0
C	Marios	24	170	10	1	4_____	53238	1	0	0	0	0	1	0	0	0	0	0
C	Marios	24	170	10	1	4_____	53358	1	0	0	0	0	0	0	0	0	1	0
C	Marios	24	170	10	1	4_____	53476	1	0	0	0	0	1	0	0	0	0	0
C	Marios	24	170	10	1	4_____	53485	1	0	0	0	0	0	0	0	0	1	0
C	Marios	24	170	10	1	4_____	53500	1	2	0	0	0	0	0	0	0	0	0
C	Marios	24	170	10	1	4_____	53578	2	0	0	0	0	1	0	0	0	0	0
C	Marios	24	170	10	1	4_____	53617	2	0	0	0	0	0	0	0	0	1	0
C	Marios	24	170	10	1	4_____	53761	2	0	0	0	0	1	0	0	0	0	0
C	Marios	24	170	10	1	4_____	53808	2	0	0	0	0	0	0	0	0	1	0
C	Marios	24	170	10	1	4_____	54000	2	13	0	0	0	0	0	0	0	0	0
C	Marios	24	170	10	1	4_____	54021	13	0	0	0	0	1	0	0	0	0	0
C	Marios	24	170	10	1	4_____	54052	13	0	0	0	0	0	0	0	0	1	0
C	Marios	24	170	10	1	4_____	54173	13	0	0	0	0	1	0	0	0	0	0
C	Marios	24	170	10	1	4_____	54435	13	0	0	0	0	0	0	0	0	1	0
C	Marios	24	170	10	1	4_____	54481	13	0	0	0	0	1	0	0	0	0	0
C	Marios	24	170	10	1	4_____	54500	13	15	0	0	0	0	0	0	0	0	0
C	Marios	24	170	10	1	4_____	54714	15	0	0	0	0	0	0	0	0	1	0
C	Marios	24	170	10	1	4_____	54715	15	0	0	0	0	1	0	0	0	0	0
C	Marios	24	170	10	1	4_____	54764	15	0	0	0	0	0	0	0	0	1	0
C	Marios	24	170	10	1	4_____	54827	15	0	0	0	0	1	0	0	0	0	0
C	Marios	24	170	10	1	4_____	54877	15	0	0	0	0	0	0	0	0	1	0
C	Marios	24	170	10	1	4_____	55000	15	1	0	0	0	0	0	0	0	0	0
C	Marios	24	170	10	1	4_____	55458	1	0	0	0	0	1	0	0	0	0	0
C	Marios	24	170	10	1	4_____	55504	1	0	0	0	0	0	0	0	0	1	0
C	Marios	24	170	10	1	4_____	55507	1	0	0	0	0	1	0	0	0	0	0
C	Marios	24	170	10	1	4_____	55509	1	0	0	0	0	0	0	0	0	1	0
C	Marios	24	170	10	1	4_____	55513	1	0	0	0	0	1	0	0	0	0	0
C	Marios	24	170	10	1	4_____	55517	1	0	0	0	0	0	0	0	0	1	0
C	Marios	24	170	10	1	4_____	55530	1	0	0	0	0	1	0	0	0	0	0
C	Marios	24	170	10	1	4_____	55533	1	0	0	0	0	0	0	0	0	1	0
C	Marios	24	170	10	1	4_____	55536	1	0	0	0	0	1	0	0	0	0	0
C	Marios	24	170	10	1	4_____	55540	1	0	0	0	0	0	0	0	0	1	0
C	Marios	24	170	10	1	4_____	55545	1	0	0	0	0	1	0	0	0	0	0
C	Marios	24	170	10	1	4_____	55548	1	0	0	0	0	0	0	0	0	1	0
C	Marios	24	170	10	1	4_____	55550	1	0	0	0	0	1	0	0	0	0	0
C	Marios	24	170	10	1	4_____	55555	1	0	0	0	0	0	0	0	0	1	0
C	Marios	24	170	10	1	4_____	55573	1	0	0	0	0	1	0	0	0	0	0
C	Marios	24	170	10	1	4_____	55679	1	0	0	0	0	0	0	0	0	1	0
C	Marios	24	170	10	1	4_____	55819	1	0	0	0	0	1	0	0	0	0	0
C	Marios	24	170	10	1	4_____	55987	1	0	0	0	0	0	0	0	0	1	0
C	Marios	24	170	10	1	4_____	56841	1	0	0	0	0	1	0	0	0	0	0
C	Marios	24	170	10	1	4_____	56868	1	0	0	0	0	0	0	0	0	1	0
C	Marios	24	170	10	1	4_____	57839	1	0	0	0	0	1	0	0	0	0	0
C	Marios	24	170	10	1	4_____	57876	1	0	0	0	0	0	0	0	0	1	0
C	Marios	24	170	10	1	4_____	58000	1	2	0	0	0	0	0	0	0	0	0
C	Marios	24	170	10	1	4_____	58053	2	0	0	0	0	1	0	0	0	0	0
C	Marios	24	170	10	1	4_____	58113	2	0	0	0	0	0	0	0	0	1	0
C	Marios	24	170	10	1	4_____	58500	2	7	0	0	0	0	0	0	0	0	0
C	Marios	24	170	10	1	4_____	58585	7	0	0	0	0	1	0	0	0	0	0
C	Marios	24	170	10	1	4_____	58603	7	0	0	0	0	0	0	0	0	1	0
C	Marios	24	170	10	1	4_____	58645	7	0	0	0	0	1	0	0	0	0	0
C	Marios	24	170	10	1	4_____	58795	7	0	0	0	0	0	0	0	0	1	0
C	Marios	24	170	10	1	4_____	58825	7	0	0	0	0	1	0	0	0	0	0
C	Marios	24	170	10	1	4_____	58916	7	0	0	0	0	0	0	0	0	1	0
C	Marios	24	170	10	1	4_____	58923	7	0	0	0	0	1	0	0	0	0	0
C	Marios	24	170	10	1	4_____	59000	7	10	0	0	0	0	0	0	0	0	0
C	Marios	24	170	10	1	4_____	59153	10	0	0	0	0	0	0	0	0	1	0
C	Marios	24	170	10	1	4_____	59500	10	1	0	0	0	0	0	0	0	0	0
C	Marios	24	170	10	1	4_____	59522	1	0	0	0	0	1	0	0	0	0	0
C	Marios	24	170	10	1	4_____	59539	1	0	0	0	0	0	0	0	0	1	0
C	Marios	24	170	10	1	4_____	60259	1	0	0	0	0	1	0	0	0	0	0
C	Marios	24	170	10	1	4_____	60293	1	0	0	0	0	0	0	0	0	1	0
C	Marios	24	170	10	1	4_____	63000	1	2	0	0	0	0	0	0	0	0	0
C	Marios	24	170	10	1	4_____	63340	2	0	0	0	0	1	0	0	0	0	0
C	Marios	24	170	10	1	4_____	63342	2	0	0	0	0	0	0	0	0	1	0
C	Marios	24	170	10	1	4_____	63350	2	0	0	0	0	1	0	0	0	0	0
C	Marios	24	170	10	1	4_____	63487	2	0	0	0	0	0	0	0	0	1	0
C	Marios	24	170	10	1	4_____	63500	2	12	0	0	0	0	0	0	0	0	0
C	Marios	24	170	10	1	4_____	63548	12	0	0	0	0	1	0	0	0	0	0
C	Marios	24	170	10	1	4_____	63550	12	0	0	0	0	0	0	0	0	1	0
C	Marios	24	170	10	1	4_____	63571	12	0	0	0	0	1	0	0	0	0	0
C	Marios	24	170	10	1	4_____	63709	12	0	0	0	0	0	0	0	0	1	0
C	Marios	24	170	10	1	4_____	63715	12	0	0	0	0	1	0	0	0	0	0
C	Marios	24	170	10	1	4_____	63789	12	0	0	0	0	0	0	0	0	1	0
C	Marios	24	170	10	1	4_____	63792	12	0	0	0	0	1	0	0	0	0	0
C	Marios	24	170	10	1	4_____	63797	12	0	0	0	0	0	0	0	0	1	0
C	Marios	24	170	10	1	4_____	63814	12	0	0	0	0	1	0	0	0	0	0
C	Marios	24	170	10	1	4_____	63903	12	0	0	0	0	0	0	0	0	1	0
C	Marios	24	170	10	1	4_____	63905	12	0	0	0	0	1	0	0	0	0	0
C	Marios	24	170	10	1	4_____	64000	12	15	0	0	0	0	0	0	0	0	0
C	Marios	24	170	10	1	4_____	64003	15	0	0	0	0	0	0	0	0	1	0
C	Marios	24	170	10	1	4_____	64050	15	0	0	0	0	1	0	0	0	0	0
C	Marios	24	170	10	1	4_____	64180	15	0	0	0	0	0	0	0	0	1	0
C	Marios	24	170	10	1	4_____	64321	15	0	0	0	0	1	0	0	0	0	0
C	Marios	24	170	10	1	4_____	64323	15	0	0	0	0	0	0	0	0	1	0
C	Marios	24	170	10	1	4_____	64335	15	0	0	0	0	1	0	0	0	0	0
C	Marios	24	170	10	1	4_____	64359	15	0	0	0	0	0	0	0	0	1	0
C	Marios	24	170	10	1	4_____	64500	15	1	0	0	0	0	0	0	0	0	0
C	Marios	24	170	10	1	4_____	66473	1	0	0	0	0	1	0	0	0	0	0
C	Marios	24	170	10	1	4_____	66516	1	0	0	0	0	0	0	0	0	1	0
C	Marios	24	170	10	1	4_____	67220	1	0	0	0	0	1	0	0	0	0	0
C	Marios	24	170	10	1	4_____	67222	1	0	0	0	0	0	0	0	0	1	0
C	Marios	24	170	10	1	4_____	67230	1	0	0	0	0	1	0	0	0	0	0
C	Marios	24	170	10	1	4_____	67232	1	0	0	0	0	0	0	0	0	1	0
C	Marios	24	170	10	1	4_____	67238	1	0	0	0	0	1	0	0	0	0	0
C	Marios	24	170	10	1	4_____	67430	1	0	0	0	0	0	0	0	0	1	0
C	Marios	24	170	10	1	4_____	69154	1	0	0	0	0	1	0	0	0	0	0
C	Marios	24	170	10	1	4_____	69161	1	0	0	0	0	0	0	0	0	1	0
C	Marios	24	170	10	1	4_____	69163	1	0	0	0	0	1	0	0	0	0	0
C	Marios	24	170	10	1	4_____	69165	1	0	0	0	0	0	0	0	0	1	0
C	Marios	24	170	10	1	4_____	69183	1	0	0	0	0	1	0	0	0	0	0
C	Marios	24	170	10	1	4_____	69185	1	0	0	0	0	0	0	0	0	1	0
C	Marios	24	170	10	1	4_____	69866	1	0	0	0	0	1	0	0	0	0	0
C	Marios	24	170	10	1	4_____	69870	1	0	0	0	0	0	0	0	0	1	0
C	Marios	24	170	10	1	4_____	69883	1	0	0	0	0	1	0	0	0	0	0
C	Marios	24	170	10	1	4_____	69885	1	0	0	0	0	0	0	0	0	1	0
C	Marios	24	170	10	1	4_____	69912	1	0	0	0	0	1	0	0	0	0	0
C	Marios	24	170	10	1	4_____	69922	1	0	0	0	0	0	0	0	0	1	0
C	Marios	24	170	10	1	4_____	69973	1	0	0	0	0	1	0	0	0	0	0
C	Marios	24	170	10	1	4_____	70047	1	0	0	0	0	0	0	0	0	1	0
C	Marios	24	170	10	1	4_____	70500	1	2	0	0	0	0	0	0	0	0	0
C	Marios	24	170	10	1	4_____	71000	2	13	0	0	0	0	0	0	0	0	0
C	Marios	24	170	10	1	4_____	71138	13	0	0	0	0	1	0	0	0	0	0
C	Marios	24	170	10	1	4_____	71199	13	0	0	0	0	0	0	0	0	1	0
C	Marios	24	170	10	1	4_____	71500	13	15	0	0	0	0	0	0	0	0	0
C	Marios	24	170	10	1	4_____	71646	15	0	0	0	0	1	0	0	0	0	0
C	Marios	24	170	10	1	4_____	71711	15	0	0	0	0	0	0	0	0	1	0
C	Marios	24	170	10	1	4_____	72000	15	1	0	0	0	0	0	0	0	0	0
C	Marios	24	170	10	1	4_____	72926	1	0	0	0	0	1	0	0	0	0	0
C	Marios	24	170	10	1	4_____	72932	1	0	0	0	0	0	0	0	0	1	0
C	Marios	24	170	10	1	4_____	73819	1	0	0	0	0	1	0	0	0	0	0
C	Marios	24	170	10	1	4_____	73875	1	0	0	0	0	0	0	0	0	1	0
C	Marios	24	170	10	1	4_____	75512	1	0	0	0	0	1	0	0	0	0	0
C	Marios	24	170	10	1	4_____	75525	1	0	0	0	0	0	0	0	0	1	0
C	Marios	24	170	10	1	4_____	75528	1	0	0	0	0	1	0	0	0	0	0
C	Marios	24	170	10	1	4_____	75532	1	0	0	0	0	0	0	0	0	1	0
C	Marios	24	170	10	1	4_____	75533	1	0	0	0	0	1	0	0	0	0	0
C	Marios	24	170	10	1	4_____	75546	1	0	0	0	0	0	0	0	0	1	0
C	Marios	24	170	10	1	4_____	75581	1	0	0	0	0	1	0	0	0	0	0
C	Marios	24	170	10	1	4_____	75597	1	0	0	0	0	0	0	0	0	1	0
C	Marios	24	170	10	1	4_____	75600	1	0	0	0	0	1	0	0	0	0	0
C	Marios	24	170	10	1	4_____	75707	1	0	0	0	0	0	0	0	0	1	0
C	Marios	24	170	10	1	4_____	75781	1	0	0	0	0	1	0	0	0	0	0
C	Marios	24	170	10	1	4_____	75792	1	0	0	0	0	0	0	0	0	1	0
C	Marios	24	170	10	1	4_____	76314	1	0	0	0	0	1	0	0	0	0	0
C	Marios	24	170	10	1	4_____	76336	1	0	0	0	0	0	0	0	0	1	0
C	Marios	24	170	10	1	4_____	76338	1	0	0	0	0	1	0	0	0	0	0
C	Marios	24	170	10	1	4_____	76340	1	0	0	0	0	0	0	0	0	1	0
C	Marios	24	170	10	1	4_____	76346	1	0	0	0	0	1	0	0	0	0	0
C	Marios	24	170	10	1	4_____	76394	1	0	0	0	0	0	0	0	0	1	0
C	Marios	24	170	10	1	4_____	77288	1	0	0	0	0	1	0	0	0	0	0
C	Marios	24	170	10	1	4_____	77408	1	0	0	0	0	0	0	0	0	1	0
C	Marios	24	170	10	1	4_____	77500	1	2	0	0	0	0	0	0	0	0	0
C	Marios	24	170	10	1	4_____	77908	2	0	0	0	0	1	0	0	0	0	0
C	Marios	24	170	10	1	4_____	78000	2	7	0	0	0	0	0	0	0	0	0
C	Marios	24	170	10	1	4_____	78006	7	0	0	0	0	0	0	0	0	1	0
C	Marios	24	170	10	1	4_____	78234	7	0	0	0	0	1	0	0	0	0	0
C	Marios	24	170	10	1	4_____	78500	7	10	0	0	0	0	0	0	0	0	0
C	Marios	24	170	10	1	4_____	78776	10	0	0	0	0	0	0	0	0	1	0
C	Marios	24	170	10	1	4_____	79000	10	1	0	0	0	0	0	0	0	0	0
C	Marios	24	170	10	1	4_____	82097	1	0	0	0	0	1	0	0	0	0	0
C	Marios	24	170	10	1	4_____	82102	1	0	0	0	0	0	0	0	0	1	0
C	Marios	24	170	10	1	4_____	82106	1	0	0	0	0	1	0	0	0	0	0
C	Marios	24	170	10	1	4_____	82136	1	0	0	0	0	0	0	0	0	1	0
C	Marios	24	170	10	1	4_____	83726	1	0	0	0	0	1	0	0	0	0	0
C	Marios	24	170	10	1	4_____	83750	1	0	0	0	0	0	0	0	0	1	0
C	Marios	24	170	10	1	4_____	84186	1	0	0	0	0	1	0	0	0	0	0
C	Marios	24	170	10	1	4_____	84261	1	0	0	0	0	0	0	0	0	1	0
C	Marios	24	170	10	1	4_____	84910	1	0	0	0	0	1	0	0	0	0	0
C	Marios	24	170	10	1	4_____	84918	1	0	0	0	0	0	0	0	0	1	0
C	Marios	24	170	10	1	4_____	85886	1	0	0	0	0	1	0	0	0	0	0
C	Marios	24	170	10	1	4_____	85899	1	0	0	0	0	0	0	0	0	1	0
C	Marios	24	170	10	1	4_____	85901	1	0	0	0	0	1	0	0	0	0	0
C	Marios	24	170	10	1	4_____	86027	1	0	0	0	0	0	0	0	0	1	0
C	Marios	24	170	10	1	4_____	86500	1	2	0	0	0	0	0	0	0	0	0
C	Marios	24	170	10	1	4_____	87000	2	13	0	0	0	0	0	0	0	0	0
C	Marios	24	170	10	1	4_____	87110	13	0	0	0	0	1	0	0	0	0	0
C	Marios	24	170	10	1	4_____	87230	13	0	0	0	0	0	0	0	0	1	0
C	Marios	24	170	10	1	4_____	87254	13	0	0	0	0	1	0	0	0	0	0
C	Marios	24	170	10	1	4_____	87500	13	15	0	0	0	0	0	0	0	0	0
C	Marios	24	170	10	1	4_____	87551	15	0	0	0	0	0	0	0	0	1	0
C	Marios	24	170	10	1	4_____	87654	15	0	0	0	0	1	0	0	0	0	0
C	Marios	24	170	10	1	4_____	87698	15	0	0	0	0	0	0	0	0	1	0
C	Marios	24	170	10	1	4_____	88000	15	1	0	0	0	0	0	0	0	0	0
C	Marios	24	170	10	1	4_____	88195	1	0	0	0	0	1	0	0	0	0	0
C	Marios	24	170	10	1	4_____	88204	1	0	0	0	0	0	0	0	0	1	0
C	Marios	24	170	10	1	4_____	89359	1	0	0	0	0	1	0	0	0	0	0
C	Marios	24	170	10	1	4_____	89380	1	0	0	0	0	0	0	0	0	1	0
C	Marios	24	170	10	1	4_____	89500	1	2	0	0	0	0	0	0	0	0	0
C	Marios	24	170	10	1	4_____	90000	2	13	0	0	0	0	0	0	0	0	0
C	Marios	24	170	10	1	4_____	90351	13	0	0	0	0	1	0	0	0	0	0
C	Marios	24	170	10	1	4_____	90500	13	15	0	0	0	0	0	0	0	0	0
C	Marios	24	170	10	1	4_____	90543	15	0	0	0	0	0	0	0	0	1	0
C	Marios	24	170	10	1	4_____	91000	15	1	0	0	0	0	0	0	0	0	0
C	Marios	24	170	10	1	4_____	95500	1	2	0	0	0	0	0	0	0	0	0
C	Marios	24	170	10	1	4_____	96000	2	12	0	0	0	0	0	0	0	0	0
C	Marios	24	170	10	1	4_____	96094	12	0	0	0	0	1	0	0	0	0	0
C	Marios	24	170	10	1	4_____	96171	12	0	0	0	0	0	0	0	0	1	0
C	Marios	24	170	10	1	4_____	96425	12	0	0	0	0	1	0	0	0	0	0
C	Marios	24	170	10	1	4_____	96480	12	0	0	0	0	0	0	0	0	1	0
C	Marios	24	170	10	1	4_____	96500	12	15	0	0	0	0	0	0	0	0	0
C	Marios	24	170	10	1	4_____	96560	15	0	0	0	0	1	0	0	0	0	0
C	Marios	24	170	10	1	4_____	96597	15	0	0	0	0	0	0	0	0	1	0
C	Marios	24	170	10	1	4_____	96653	15	0	0	0	0	1	0	0	0	0	0
C	Marios	24	170	10	1	4_____	96673	15	0	0	0	0	0	0	0	0	1	0
C	Marios	24	170	10	1	4_____	97000	15	1	0	0	0	0	0	0	0	0	0
C	Marios	24	170	10	1	4_____	102250	1	2	0	0	0	0	0	0	0	0	0
C	Marios	24	170	10	1	4_____	102750	2	6	0	0	0	0	0	0	0	0	0
C	Marios	24	170	10	1	4_____	102845	6	0	0	0	0	1	0	0	0	0	0
C	Marios	24	170	10	1	4_____	103018	6	0	0	0	0	0	0	0	0	1	0
C	Marios	24	170	10	1	4_____	103026	6	0	0	0	0	1	0	0	0	0	0
C	Marios	24	170	10	1	4_____	103182	6	0	0	0	0	0	0	0	0	1	0
C	Marios	24	170	10	1	4_____	103201	6	0	0	0	0	1	0	0	0	0	0
C	Marios	24	170	10	1	4_____	103250	6	11	0	0	0	0	0	0	0	0	0
C	Marios	24	170	10	1	4_____	103588	11	0	0	0	0	0	0	0	0	1	0
C	Marios	24	170	10	1	4_____	103750	11	1	0	0	0	0	0	0	0	0	0
C	Marios	24	170	10	1	4_____	103754	1	0	0	0	0	1	0	0	0	0	0
C	Marios	24	170	10	1	4_____	103757	1	0	0	0	0	0	0	0	0	1	0
C	Marios	24	170	10	1	4_____	103762	1	0	0	0	0	1	0	0	0	0	0
C	Marios	24	170	10	1	4_____	103777	1	0	0	0	0	0	0	0	0	1	0
C	Marios	24	170	10	1	4_____	103779	1	0	0	0	0	1	0	0	0	0	0
C	Marios	24	170	10	1	4_____	103781	1	0	0	0	0	0	0	0	0	1	0
C	Marios	24	170	10	1	4_____	103806	1	0	0	0	0	1	0	0	0	0	0
C	Marios	24	170	10	1	4_____	103808	1	0	0	0	0	0	0	0	0	1	0
C	Marios	24	170	10	1	4_____	103813	1	0	0	0	0	1	0	0	0	0	0
C	Marios	24	170	10	1	4_____	103825	1	0	0	0	0	0	0	0	0	1	0
C	Marios	24	170	10	1	4_____	103827	1	0	0	0	0	1	0	0	0	0	0
C	Marios	24	170	10	1	4_____	103831	1	0	0	0	0	0	0	0	0	1	0
C	Marios	24	170	10	1	4_____	103832	1	0	0	0	0	1	0	0	0	0	0
C	Marios	24	170	10	1	4_____	103836	1	0	0	0	0	0	0	0	0	1	0
C	Marios	24	170	10	1	4_____	103839	1	0	0	0	0	1	0	0	0	0	0
C	Marios	24	170	10	1	4_____	103846	1	0	0	0	0	0	0	0	0	1	0
C	Marios	24	170	10	1	4_____	103860	1	0	0	0	0	1	0	0	0	0	0
C	Marios	24	170	10	1	4_____	103863	1	0	0	0	0	0	0	0	0	1	0
C	Marios	24	170	10	1	4_____	103865	1	0	0	0	0	1	0	0	0	0	0
C	Marios	24	170	10	1	4_____	103871	1	0	0	0	0	0	0	0	0	1	0
C	Marios	24	170	10	1	4_____	106000	1	2	0	0	0	0	0	0	0	0	0
C	Marios	24	170	10	1	4_____	106500	2	12	0	0	0	0	0	0	0	0	0
C	Marios	24	170	10	1	4_____	107000	12	15	0	0	0	0	0	0	0	0	0
C	Marios	24	170	10	1	4_____	107500	15	1	0	0	0	0	0	0	0	0	0
C	Marios	24	170	10	1	4_____	113548	1	0	0	0	0	1	0	0	0	0	0
C	Marios	24	170	10	1	4_____	113648	1	0	0	0	0	0	0	0	0	1	0
C	Marios	24	170	10	1	4_____	113759	1	0	0	0	0	1	0	0	0	0	0
C	Marios	24	170	10	1	4_____	113841	1	0	0	0	0	0	0	0	0	1	0
C	Marios	24	170	10	1	4_____	114250	1	2	0	0	0	0	0	0	0	0	0
C	Marios	24	170	10	1	4_____	114273	2	0	0	0	0	1	0	0	0	0	0
C	Marios	24	170	10	1	4_____	114275	2	0	0	0	0	0	0	0	0	1	0
C	Marios	24	170	10	1	4_____	114282	2	0	0	0	0	1	0	0	0	0	0
C	Marios	24	170	10	1	4_____	114289	2	0	0	0	0	0	0	0	0	1	0
C	Marios	24	170	10	1	4_____	114750	2	13	0	0	0	0	0	0	0	0	0
C	Marios	24	170	10	1	4_____	115250	13	15	0	0	0	0	0	0	0	0	0
C	Marios	24	170	10	1	4_____	115750	15	1	0	0	0	0	0	0	0	0	0
C	Marios	24	170	10	1	4_____	116213	1	0	0	0	0	1	0	0	0	0	0
C	Marios	24	170	10	1	4_____	116216	1	0	0	0	0	0	0	0	0	1	0
C	Marios	24	170	10	1	4_____	116241	1	0	0	0	0	1	0	0	0	0	0
C	Marios	24	170	10	1	4_____	116272	1	0	0	0	0	0	0	0	0	1	0
C	Marios	24	170	10	1	4_____	116504	1	0	0	0	0	1	0	0	0	0	0
C	Marios	24	170	10	1	4_____	116530	1	0	0	0	0	0	0	0	0	1	0
C	Marios	24	170	10	1	4_____	118541	1	0	0	0	0	1	0	0	0	0	0
C	Marios	24	170	10	1	4_____	118545	1	0	0	0	0	0	0	0	0	1	0
C	Marios	24	170	10	1	4_____	118551	1	0	0	0	0	1	0	0	0	0	0
C	Marios	24	170	10	1	4_____	118704	1	0	0	0	0	0	0	0	0	1	0
C	Marios	24	170	10	1	4_____	118735	1	0	0	0	0	1	0	0	0	0	0
C	Marios	24	170	10	1	4_____	118737	1	0	0	0	0	0	0	0	0	1	0
C	Marios	24	170	10	1	4_____	118750	1	2	0	0	0	0	0	0	0	0	0
C	Marios	24	170	10	1	4_____	119250	2	13	0	0	0	0	0	0	0	0	0
C	Marios	24	170	10	1	4_____	119269	13	0	0	0	0	1	0	0	0	0	0
C	Marios	24	170	10	1	4_____	119349	13	0	0	0	0	0	0	0	0	1	0
C	Marios	24	170	10	1	4_____	119750	13	15	0	0	0	0	0	0	0	0	0
C	Marios	24	170	10	1	4_____	120250	15	1	0	0	0	0	0	0	0	0	0
C	Marios	24	170	10	1	4_____	120734	1	0	0	0	0	1	0	0	0	0	0
C	Marios	24	170	10	1	4_____	120746	1	0	0	0	0	0	0	0	0	1	0
C	Marios	24	170	10	1	4_____	120774	1	0	0	0	0	1	0	0	0	0	0
C	Marios	24	170	10	1	4_____	120776	1	0	0	0	0	0	0	0	0	1	0
C	Marios	24	170	10	1	4_____	120927	1	0	0	0	0	1	0	0	0	0	0
C	Marios	24	170	10	1	4_____	120931	1	0	0	0	0	0	0	0	0	1	0
C	Marios	24	170	10	1	4_____	121032	1	0	0	0	0	1	0	0	0	0	0
C	Marios	24	170	10	1	4_____	121035	1	0	0	0	0	0	0	0	0	1	0
C	Marios	24	170	10	1	4_____	121040	1	0	0	0	0	1	0	0	0	0	0
C	Marios	24	170	10	1	4_____	121071	1	0	0	0	0	0	0	0	0	1	0
C	Marios	24	170	10	1	4_____	121241	1	0	0	0	0	1	0	0	0	0	0
C	Marios	24	170	10	1	4_____	121271	1	0	0	0	0	0	0	0	0	1	0
C	Marios	24	170	10	1	4_____	123510	1	0	0	0	0	1	0	0	0	0	0
C	Marios	24	170	10	1	4_____	123513	1	0	0	0	0	0	0	0	0	1	0
C	Marios	24	170	10	1	4_____	123519	1	0	0	0	0	1	0	0	0	0	0
C	Marios	24	170	10	1	4_____	123521	1	0	0	0	0	0	0	0	0	1	0
C	Marios	24	170	10	1	4_____	123522	1	0	0	0	0	1	0	0	0	0	0
C	Marios	24	170	10	1	4_____	123569	1	0	0	0	0	0	0	0	0	1	0
C	Marios	24	170	10	1	4_____	124000	1	2	0	0	0	0	0	0	0	0	0
C	Marios	24	170	10	1	4_____	124500	2	12	0	0	0	0	0	0	0	0	0
C	Marios	24	170	10	1	4_____	124582	12	0	0	0	0	1	0	0	0	0	0
C	Marios	24	170	10	1	4_____	124756	12	0	0	0	0	0	0	0	0	1	0
C	Marios	24	170	10	1	4_____	124943	12	0	0	0	0	1	0	0	0	0	0
C	Marios	24	170	10	1	4_____	125000	12	15	0	0	0	0	0	0	0	0	0
C	Marios	24	170	10	1	4_____	125085	15	0	0	0	0	0	0	0	0	1	0
C	Marios	24	170	10	1	4_____	125108	15	0	0	0	0	1	0	0	0	0	0
C	Marios	24	170	10	1	4_____	125179	15	0	0	0	0	0	0	0	0	1	0
C	Marios	24	170	10	1	4_____	125416	15	0	0	0	0	1	0	0	0	0	0
C	Marios	24	170	10	1	4_____	125423	15	0	0	0	0	0	0	0	0	1	0
C	Marios	24	170	10	1	4_____	125424	15	0	0	0	0	1	0	0	0	0	0
C	Marios	24	170	10	1	4_____	125445	15	0	0	0	0	0	0	0	0	1	0
C	Marios	24	170	10	1	4_____	125500	15	1	0	0	0	0	0	0	0	0	0
C	Marios	24	170	10	1	4_____	126510	1	0	0	0	0	1	0	0	0	0	0
C	Marios	24	170	10	1	4_____	126527	1	0	0	0	0	0	0	0	0	1	0
C	Marios	24	170	10	1	4_____	126779	1	0	0	0	0	1	0	0	0	0	0
C	Marios	24	170	10	1	4_____	126861	1	0	0	0	0	0	0	0	0	1	0
C	Marios	24	170	10	1	4_____	127057	1	0	0	0	0	1	0	0	0	0	0
C	Marios	24	170	10	1	4_____	127064	1	0	0	0	0	0	0	0	0	1	0
C	Marios	24	170	10	1	4_____	127158	1	0	0	0	0	1	0	0	0	0	0
C	Marios	24	170	10	1	4_____	127168	1	0	0	0	0	0	0	0	0	1	0
C	Marios	24	170	10	1	4_____	127194	1	0	0	0	0	1	0	0	0	0	0
C	Marios	24	170	10	1	4_____	127196	1	0	0	0	0	0	0	0	0	1	0
C	Marios	24	170	10	1	4_____	127823	1	0	0	0	0	1	0	0	0	0	0
C	Marios	24	170	10	1	4_____	127895	1	0	0	0	0	0	0	0	0	1	0
C	Marios	24	170	10	1	4_____	129000	1	2	0	0	0	0	0	0	0	0	0
C	Marios	24	170	10	1	4_____	129145	2	0	0	0	0	1	0	0	0	0	0
C	Marios	24	170	10	1	4_____	129152	2	0	0	0	0	1	0	0	0	1	0
C	Marios	24	170	10	1	4_____	129178	2	0	0	0	0	0	0	0	0	1	0
C	Marios	24	170	10	1	4_____	129181	2	0	0	0	0	1	0	0	0	0	0
C	Marios	24	170	10	1	4_____	129320	2	0	0	0	0	0	0	0	0	1	0
C	Marios	24	170	10	1	4_____	129500	2	12	0	0	0	0	0	0	0	0	0
C	Marios	24	170	10	1	4_____	129590	12	0	0	0	0	1	0	0	0	0	0
C	Marios	24	170	10	1	4_____	129914	12	0	0	0	0	0	0	0	0	1	0
C	Marios	24	170	10	1	4_____	129933	12	0	0	0	0	1	0	0	0	0	0
C	Marios	24	170	10	1	4_____	130000	12	15	0	0	0	0	0	0	0	0	0
C	Marios	24	170	10	1	4_____	130149	15	0	0	0	0	0	0	0	0	1	0
C	Marios	24	170	10	1	4_____	130162	15	0	0	0	0	1	0	0	0	0	0
C	Marios	24	170	10	1	4_____	130266	15	0	0	0	0	0	0	0	0	1	0
C	Marios	24	170	10	1	4_____	130500	15	1	0	0	0	0	0	0	0	0	0
C	Marios	24	170	10	1	4_____	130551	1	0	0	0	0	1	0	0	0	0	0
C	Marios	24	170	10	1	4_____	130559	1	0	0	0	0	0	0	0	0	1	0
C	Marios	24	170	10	1	4_____	132095	1	0	0	0	0	1	0	0	0	0	0
C	Marios	24	170	10	1	4_____	132136	1	0	0	0	0	0	0	0	0	1	0
C	Marios	24	170	10	1	4_____	136500	1	2	0	0	0	0	0	0	0	0	0
C	Marios	24	170	10	1	4_____	137000	2	7	0	0	0	0	0	0	0	0	0
C	Marios	24	170	10	1	4_____	137070	7	0	0	0	0	1	0	0	0	0	0
C	Marios	24	170	10	1	4_____	137303	7	0	0	0	0	0	0	0	0	1	0
C	Marios	24	170	10	1	4_____	137374	7	0	0	0	0	1	0	0	0	0	0
C	Marios	24	170	10	1	4_____	137500	7	10	0	0	0	0	0	0	0	0	0
C	Marios	24	170	10	1	4_____	137785	10	0	0	0	0	0	0	0	0	1	0
C	Marios	24	170	10	1	4_____	137786	10	0	0	0	0	1	0	0	0	0	0
C	Marios	24	170	10	1	4_____	137788	10	0	0	0	0	1	0	0	0	1	0
C	Marios	24	170	10	1	4_____	137790	10	0	0	0	0	0	0	0	0	1	0
C	Marios	24	170	10	1	4_____	138000	10	1	0	0	0	0	0	0	0	0	0
C	Marios	24	170	10	1	4_____	142500	1	2	0	0	0	0	0	0	0	0	0
C	Marios	24	170	10	1	4_____	143000	2	6	0	0	0	0	0	0	0	0	0
C	Marios	24	170	10	1	4_____	143278	6	0	0	0	0	1	0	0	0	0	0
C	Marios	24	170	10	1	4_____	143302	6	0	0	0	0	0	0	0	0	1	0
C	Marios	24	170	10	1	4_____	143395	6	0	0	0	0	1	0	0	0	0	0
C	Marios	24	170	10	1	4_____	143462	6	0	0	0	0	0	0	0	0	1	0
C	Marios	24	170	10	1	4_____	143500	6	11	0	0	0	0	0	0	0	0	0
C	Marios	24	170	10	1	4_____	143550	11	0	0	0	0	1	0	0	0	0	0
C	Marios	24	170	10	1	4_____	143765	11	0	0	0	0	0	0	0	0	1	0
C	Marios	24	170	10	1	4_____	144000	11	14	0	0	0	0	0	0	0	0	0
C	Marios	24	170	10	1	4_____	144102	14	0	0	0	0	1	0	0	0	0	0
C	Marios	24	170	10	1	4_____	144105	14	0	0	0	0	0	0	0	0	1	0
C	Marios	24	170	10	1	4_____	144114	14	0	0	0	0	1	0	0	0	0	0
C	Marios	24	170	10	1	4_____	144167	14	0	0	0	0	0	0	0	0	1	0
C	Marios	24	170	10	1	4_____	144170	14	0	0	0	0	1	0	0	0	0	0
C	Marios	24	170	10	1	4_____	144209	14	0	0	0	0	0	0	0	0	1	0
C	Marios	24	170	10	1	4_____	144506	14	0	0	0	0	1	0	0	0	0	0
C	Marios	24	170	10	1	4_____	144512	14	0	0	0	0	0	0	0	0	1	0
C	Marios	24	170	10	1	4_____	144513	14	0	0	0	0	1	0	0	0	0	0
C	Marios	24	170	10	1	4_____	144518	14	0	0	0	0	0	0	0	0	1	0
C	Marios	24	170	10	1	4_____	145123	14	0	0	0	0	1	0	0	0	0	0
C	Marios	24	170	10	1	4_____	145128	14	0	0	0	0	0	0	0	0	1	0
C	Marios	24	170	10	1	4_____	147000	14	-1	0	0	0	0	0	0	0	0	0
C	Marios	24	170	14	1	29____	0	0	1	0	0	0	0	0	0	0	0	0
C	Marios	24	170	14	1	29____	3013	1	0	0	0	0	1	0	0	0	0	0
C	Marios	24	170	14	1	29____	3067	1	0	0	0	0	0	0	0	0	1	0
C	Marios	24	170	14	1	29____	3077	1	0	0	0	0	1	0	0	0	0	0
C	Marios	24	170	14	1	29____	3093	1	0	0	0	0	0	0	0	0	1	0
C	Marios	24	170	14	1	29____	3750	1	2	0	0	0	0	0	0	0	0	0
C	Marios	24	170	14	1	29____	4250	2	13	0	0	0	0	0	0	0	0	0
C	Marios	24	170	14	1	29____	4750	13	15	0	0	0	0	0	0	0	0	0
C	Marios	24	170	14	1	29____	5250	15	1	0	0	0	0	0	0	0	0	0
C	Marios	24	170	14	1	29____	5653	1	0	0	0	0	1	0	0	0	0	0
C	Marios	24	170	14	1	29____	5667	1	0	0	0	0	0	0	0	0	1	0
C	Marios	24	170	14	1	29____	5682	1	0	0	0	0	1	0	0	0	0	0
C	Marios	24	170	14	1	29____	5700	1	0	0	0	0	0	0	0	0	1	0
C	Marios	24	170	14	1	29____	5714	1	0	0	0	0	1	0	0	0	0	0
C	Marios	24	170	14	1	29____	5725	1	0	0	0	0	0	0	0	0	1	0
C	Marios	24	170	14	1	29____	5733	1	0	0	0	0	1	0	0	0	0	0
C	Marios	24	170	14	1	29____	5743	1	0	0	0	0	0	0	0	0	1	0
C	Marios	24	170	14	1	29____	5745	1	0	0	0	0	1	0	0	0	0	0
C	Marios	24	170	14	1	29____	5751	1	0	0	0	0	0	0	0	0	1	0
C	Marios	24	170	14	1	29____	5849	1	0	0	0	0	1	0	0	0	0	0
C	Marios	24	170	14	1	29____	5859	1	0	0	0	0	0	0	0	0	1	0
C	Marios	24	170	14	1	29____	6002	1	0	0	0	0	1	0	0	0	0	0
C	Marios	24	170	14	1	29____	6024	1	0	0	0	0	0	0	0	0	1	0
C	Marios	24	170	14	1	29____	7500	1	2	0	0	0	0	0	0	0	0	0
C	Marios	24	170	14	1	29____	7894	2	0	0	0	0	1	0	0	0	0	0
C	Marios	24	170	14	1	29____	7908	2	0	0	0	0	0	0	0	0	1	0
C	Marios	24	170	14	1	29____	8000	2	7	0	0	0	0	0	0	0	0	0
C	Marios	24	170	14	1	29____	8077	7	0	0	0	0	1	0	0	0	0	0
C	Marios	24	170	14	1	29____	8089	7	0	0	0	0	0	0	0	0	1	0
C	Marios	24	170	14	1	29____	8124	7	0	0	0	0	1	0	0	0	0	0
C	Marios	24	170	14	1	29____	8325	7	0	0	0	0	0	0	0	0	1	0
C	Marios	24	170	14	1	29____	8341	7	0	0	0	0	1	0	0	0	0	0
C	Marios	24	170	14	1	29____	8414	7	0	0	0	0	0	0	0	0	1	0
C	Marios	24	170	14	1	29____	8436	7	0	0	0	0	1	0	0	0	0	0
C	Marios	24	170	14	1	29____	8500	7	10	0	0	0	0	0	0	0	0	0
C	Marios	24	170	14	1	29____	8747	10	0	0	0	0	0	0	0	0	1	0
C	Marios	24	170	14	1	29____	8790	10	0	0	0	0	1	0	0	0	0	0
C	Marios	24	170	14	1	29____	8983	10	0	0	0	0	0	0	0	0	1	0
C	Marios	24	170	14	1	29____	8986	10	0	0	0	0	1	0	0	0	0	0
C	Marios	24	170	14	1	29____	9000	10	1	0	0	0	0	0	0	0	0	0
C	Marios	24	170	14	1	29____	9021	1	0	0	0	0	0	0	0	0	1	0
C	Marios	24	170	14	1	29____	9023	1	0	0	0	0	1	0	0	0	0	0
C	Marios	24	170	14	1	29____	9025	1	0	0	0	0	0	0	0	0	1	0
C	Marios	24	170	14	1	29____	9221	1	0	0	0	0	1	0	0	0	0	0
C	Marios	24	170	14	1	29____	9304	1	0	0	0	0	0	0	0	0	1	0
C	Marios	24	170	14	1	29____	10710	1	0	0	0	0	1	0	0	0	0	0
C	Marios	24	170	14	1	29____	10750	1	0	0	0	0	0	0	0	0	1	0
C	Marios	24	170	14	1	29____	10754	1	0	0	0	0	1	0	0	0	0	0
C	Marios	24	170	14	1	29____	10774	1	0	0	0	0	1	0	0	0	1	0
C	Marios	24	170	14	1	29____	10805	1	0	0	0	0	0	0	0	0	1	0
C	Marios	24	170	14	1	29____	11004	1	0	0	0	0	1	0	0	0	0	0
C	Marios	24	170	14	1	29____	11011	1	0	0	0	0	0	0	0	0	1	0
C	Marios	24	170	14	1	29____	12067	1	0	0	0	0	1	0	0	0	0	0
C	Marios	24	170	14	1	29____	12207	1	0	0	0	0	0	0	0	0	1	0
C	Marios	24	170	14	1	29____	12210	1	0	0	0	0	1	0	0	0	0	0
C	Marios	24	170	14	1	29____	12212	1	0	0	0	0	0	0	0	0	1	0
C	Marios	24	170	14	1	29____	12374	1	0	0	0	0	1	0	0	0	0	0
C	Marios	24	170	14	1	29____	12410	1	0	0	0	0	0	0	0	0	1	0
C	Marios	24	170	14	1	29____	13415	1	0	0	0	0	1	0	0	0	0	0
C	Marios	24	170	14	1	29____	13429	1	0	0	0	0	0	0	0	0	1	0
C	Marios	24	170	14	1	29____	13500	1	2	0	0	0	0	0	0	0	0	0
C	Marios	24	170	14	1	29____	14000	2	12	0	0	0	0	0	0	0	0	0
C	Marios	24	170	14	1	29____	14245	12	0	0	0	0	1	0	0	0	0	0
C	Marios	24	170	14	1	29____	14324	12	0	0	0	0	0	0	0	0	1	0
C	Marios	24	170	14	1	29____	14458	12	0	0	0	0	1	0	0	0	0	0
C	Marios	24	170	14	1	29____	14485	12	0	0	0	0	0	0	0	0	1	0
C	Marios	24	170	14	1	29____	14500	12	15	0	0	0	0	0	0	0	0	0
C	Marios	24	170	14	1	29____	14536	15	0	0	0	0	1	0	0	0	0	0
C	Marios	24	170	14	1	29____	14590	15	0	0	0	0	0	0	0	0	1	0
C	Marios	24	170	14	1	29____	14622	15	0	0	0	0	1	0	0	0	0	0
C	Marios	24	170	14	1	29____	14628	15	0	0	0	0	0	0	0	0	1	0
C	Marios	24	170	14	1	29____	14643	15	0	0	0	0	1	0	0	0	0	0
C	Marios	24	170	14	1	29____	14646	15	0	0	0	0	0	0	0	0	1	0
C	Marios	24	170	14	1	29____	14658	15	0	0	0	0	1	0	0	0	0	0
C	Marios	24	170	14	1	29____	14662	15	0	0	0	0	0	0	0	0	1	0
C	Marios	24	170	14	1	29____	14667	15	0	0	0	0	1	0	0	0	0	0
C	Marios	24	170	14	1	29____	14677	15	0	0	0	0	0	0	0	0	1	0
C	Marios	24	170	14	1	29____	14743	15	0	0	0	0	1	0	0	0	0	0
C	Marios	24	170	14	1	29____	14758	15	0	0	0	0	0	0	0	0	1	0
C	Marios	24	170	14	1	29____	14787	15	0	0	0	0	1	0	0	0	0	0
C	Marios	24	170	14	1	29____	14839	15	0	0	0	0	0	0	0	0	1	0
C	Marios	24	170	14	1	29____	15000	15	1	0	0	0	0	0	0	0	0	0
C	Marios	24	170	14	1	29____	15055	1	0	0	0	0	1	0	0	0	0	0
C	Marios	24	170	14	1	29____	15071	1	0	0	0	0	0	0	0	0	1	0
C	Marios	24	170	14	1	29____	15075	1	0	0	0	0	1	0	0	0	0	0
C	Marios	24	170	14	1	29____	15363	1	0	0	0	0	0	0	0	0	1	0
C	Marios	24	170	14	1	29____	15371	1	0	0	0	0	1	0	0	0	0	0
C	Marios	24	170	14	1	29____	15396	1	0	0	0	0	0	0	0	0	1	0
C	Marios	24	170	14	1	29____	15447	1	0	0	0	0	1	0	0	0	0	0
C	Marios	24	170	14	1	29____	15452	1	0	0	0	0	0	0	0	0	1	0
C	Marios	24	170	14	1	29____	18621	1	0	0	0	0	1	0	0	0	0	0
C	Marios	24	170	14	1	29____	18716	1	0	0	0	0	0	0	0	0	1	0
C	Marios	24	170	14	1	29____	18812	1	0	0	0	0	1	0	0	0	0	0
C	Marios	24	170	14	1	29____	18841	1	0	0	0	0	0	0	0	0	1	0
C	Marios	24	170	14	1	29____	19311	1	0	0	0	0	1	0	0	0	0	0
C	Marios	24	170	14	1	29____	19341	1	0	0	0	0	0	0	0	0	1	0
C	Marios	24	170	14	1	29____	20155	1	0	0	0	0	1	0	0	0	0	0
C	Marios	24	170	14	1	29____	20165	1	0	0	0	0	0	0	0	0	1	0
C	Marios	24	170	14	1	29____	20246	1	0	0	0	0	1	0	0	0	0	0
C	Marios	24	170	14	1	29____	20359	1	0	0	0	0	0	0	0	0	1	0
C	Marios	24	170	14	1	29____	21251	1	0	0	0	0	1	0	0	0	0	0
C	Marios	24	170	14	1	29____	21255	1	0	0	0	0	0	0	0	0	1	0
C	Marios	24	170	14	1	29____	21686	1	0	0	0	0	1	0	0	0	0	0
C	Marios	24	170	14	1	29____	21721	1	0	0	0	0	0	0	0	0	1	0
C	Marios	24	170	14	1	29____	21742	1	0	0	0	0	1	0	0	0	0	0
C	Marios	24	170	14	1	29____	21751	1	0	0	0	0	0	0	0	0	1	0
C	Marios	24	170	14	1	29____	22500	1	2	0	0	0	0	0	0	0	0	0
C	Marios	24	170	14	1	29____	23000	2	6	0	0	0	0	0	0	0	0	0
C	Marios	24	170	14	1	29____	23056	6	0	0	0	0	1	0	0	0	0	0
C	Marios	24	170	14	1	29____	23109	6	0	0	0	0	0	0	0	0	1	0
C	Marios	24	170	14	1	29____	23139	6	0	0	0	0	1	0	0	0	0	0
C	Marios	24	170	14	1	29____	23179	6	0	0	0	0	0	0	0	0	1	0
C	Marios	24	170	14	1	29____	23221	6	0	0	0	0	1	0	0	0	0	0
C	Marios	24	170	14	1	29____	23261	6	0	0	0	0	0	0	0	0	1	0
C	Marios	24	170	14	1	29____	23296	6	0	0	0	0	1	0	0	0	0	0
C	Marios	24	170	14	1	29____	23347	6	0	0	0	0	0	0	0	0	1	0
C	Marios	24	170	14	1	29____	23374	6	0	0	0	0	1	0	0	0	0	0
C	Marios	24	170	14	1	29____	23413	6	0	0	0	0	0	0	0	0	1	0
C	Marios	24	170	14	1	29____	23465	6	0	0	0	0	1	0	0	0	0	0
C	Marios	24	170	14	1	29____	23500	6	11	0	0	0	0	0	0	0	0	0
C	Marios	24	170	14	1	29____	23936	11	0	0	0	0	0	0	0	0	1	0
C	Marios	24	170	14	1	29____	24000	11	1	0	0	0	0	0	0	0	0	0
C	Marios	24	170	14	1	29____	24076	1	0	0	0	0	1	0	0	0	0	0
C	Marios	24	170	14	1	29____	24089	1	0	0	0	0	0	0	0	0	1	0
C	Marios	24	170	14	1	29____	30000	1	2	0	0	0	0	0	0	0	0	0
C	Marios	24	170	14	1	29____	30500	2	12	0	0	0	0	0	0	0	0	0
C	Marios	24	170	14	1	29____	31000	12	15	0	0	0	0	0	0	0	0	0
C	Marios	24	170	14	1	29____	31500	15	1	0	0	0	0	0	0	0	0	0
C	Marios	24	170	14	1	29____	37000	1	2	0	0	0	0	0	0	0	0	0
C	Marios	24	170	14	1	29____	37500	2	13	0	0	0	0	0	0	0	0	0
C	Marios	24	170	14	1	29____	38000	13	15	0	0	0	0	0	0	0	0	0
C	Marios	24	170	14	1	29____	38500	15	1	0	0	0	0	0	0	0	0	0
C	Marios	24	170	14	1	29____	42000	1	2	0	0	0	0	0	0	0	0	0
C	Marios	24	170	14	1	29____	42500	2	7	0	0	0	0	0	0	0	0	0
C	Marios	24	170	14	1	29____	43000	7	10	0	0	0	0	0	0	0	0	0
C	Marios	24	170	14	1	29____	43060	10	0	0	0	0	1	0	0	0	0	0
C	Marios	24	170	14	1	29____	43237	10	0	0	0	0	0	0	0	0	1	0
C	Marios	24	170	14	1	29____	43500	10	1	0	0	0	0	0	0	0	0	0
C	Marios	24	170	14	1	29____	50250	1	2	0	0	0	0	0	0	0	0	0
C	Marios	24	170	14	1	29____	50750	2	13	0	0	0	0	0	0	0	0	0
C	Marios	24	170	14	1	29____	51250	13	15	0	0	0	0	0	0	0	0	0
C	Marios	24	170	14	1	29____	51750	15	1	0	0	0	0	0	0	0	0	0
C	Marios	24	170	14	1	29____	52731	1	0	0	0	0	1	0	0	0	0	0
C	Marios	24	170	14	1	29____	52804	1	0	0	0	0	0	0	0	0	1	0
C	Marios	24	170	14	1	29____	53250	1	2	0	0	0	0	0	0	0	0	0
C	Marios	24	170	14	1	29____	53750	2	13	0	0	0	0	0	0	0	0	0
C	Marios	24	170	14	1	29____	54250	13	15	0	0	0	0	0	0	0	0	0
C	Marios	24	170	14	1	29____	54750	15	1	0	0	0	0	0	0	0	0	0
C	Marios	24	170	14	1	29____	57750	1	2	0	0	0	0	0	0	0	0	0
C	Marios	24	170	14	1	29____	58250	2	12	0	0	0	0	0	0	0	0	0
C	Marios	24	170	14	1	29____	58343	12	0	0	0	0	1	0	0	0	0	0
C	Marios	24	170	14	1	29____	58418	12	0	0	0	0	0	0	0	0	1	0
C	Marios	24	170	14	1	29____	58471	12	0	0	0	0	1	0	0	0	0	0
C	Marios	24	170	14	1	29____	58529	12	0	0	0	0	0	0	0	0	1	0
C	Marios	24	170	14	1	29____	58623	12	0	0	0	0	1	0	0	0	0	0
C	Marios	24	170	14	1	29____	58689	12	0	0	0	0	0	0	0	0	1	0
C	Marios	24	170	14	1	29____	58750	12	15	0	0	0	0	0	0	0	0	0
C	Marios	24	170	14	1	29____	58795	15	0	0	0	0	1	0	0	0	0	0
C	Marios	24	170	14	1	29____	58861	15	0	0	0	0	0	0	0	0	1	0
C	Marios	24	170	14	1	29____	58890	15	0	0	0	0	1	0	0	0	0	0
C	Marios	24	170	14	1	29____	58960	15	0	0	0	0	0	0	0	0	1	0
C	Marios	24	170	14	1	29____	59036	15	0	0	0	0	1	0	0	0	0	0
C	Marios	24	170	14	1	29____	59129	15	0	0	0	0	0	0	0	0	1	0
C	Marios	24	170	14	1	29____	59156	15	0	0	0	0	1	0	0	0	0	0
C	Marios	24	170	14	1	29____	59182	15	0	0	0	0	0	0	0	0	1	0
C	Marios	24	170	14	1	29____	59199	15	0	0	0	0	1	0	0	0	0	0
C	Marios	24	170	14	1	29____	59231	15	0	0	0	0	0	0	0	0	1	0
C	Marios	24	170	14	1	29____	59250	15	1	0	0	0	0	0	0	0	0	0
C	Marios	24	170	14	1	29____	59270	1	0	0	0	0	1	0	0	0	0	0
C	Marios	24	170	14	1	29____	59317	1	0	0	0	0	0	0	0	0	1	0
C	Marios	24	170	14	1	29____	59543	1	0	0	0	0	1	0	0	0	0	0
C	Marios	24	170	14	1	29____	59563	1	0	0	0	0	0	0	0	0	1	0
C	Marios	24	170	14	1	29____	59770	1	0	0	0	0	1	0	0	0	0	0
C	Marios	24	170	14	1	29____	59789	1	0	0	0	0	0	0	0	0	1	0
C	Marios	24	170	14	1	29____	59790	1	0	0	0	0	1	0	0	0	0	0
C	Marios	24	170	14	1	29____	59792	1	0	0	0	0	0	0	0	0	1	0
C	Marios	24	170	14	1	29____	63750	1	2	0	0	0	0	0	0	0	0	0
C	Marios	24	170	14	1	29____	64250	2	12	0	0	0	0	0	0	0	0	0
C	Marios	24	170	14	1	29____	64355	12	0	0	0	0	1	0	0	0	0	0
C	Marios	24	170	14	1	29____	64397	12	0	0	0	0	0	0	0	0	1	0
C	Marios	24	170	14	1	29____	64750	12	15	0	0	0	0	0	0	0	0	0
C	Marios	24	170	14	1	29____	65250	15	1	0	0	0	0	0	0	0	0	0
C	Marios	24	170	14	1	29____	70500	1	2	0	0	0	0	0	0	0	0	0
C	Marios	24	170	14	1	29____	70653	2	0	0	0	0	1	0	0	0	0	0
C	Marios	24	170	14	1	29____	70765	2	0	0	0	0	0	0	0	0	1	0
C	Marios	24	170	14	1	29____	70766	2	0	0	0	0	1	0	0	0	0	0
C	Marios	24	170	14	1	29____	70770	2	0	0	0	0	0	0	0	0	1	0
C	Marios	24	170	14	1	29____	70800	2	0	0	0	0	1	0	0	0	0	0
C	Marios	24	170	14	1	29____	71000	2	6	0	0	0	0	0	0	0	0	0
C	Marios	24	170	14	1	29____	71037	6	0	0	0	0	0	0	0	0	1	0
C	Marios	24	170	14	1	29____	71101	6	0	0	0	0	1	0	0	0	0	0
C	Marios	24	170	14	1	29____	71220	6	0	0	0	0	0	0	0	0	1	0
C	Marios	24	170	14	1	29____	71269	6	0	0	0	0	1	0	0	0	0	0
C	Marios	24	170	14	1	29____	71328	6	0	0	0	0	0	0	0	0	1	0
C	Marios	24	170	14	1	29____	71406	6	0	0	0	0	1	0	0	0	0	0
C	Marios	24	170	14	1	29____	71500	6	11	0	0	0	0	0	0	0	0	0
C	Marios	24	170	14	1	29____	71503	11	0	0	0	0	0	0	0	0	1	0
C	Marios	24	170	14	1	29____	71516	11	0	0	0	0	1	0	0	0	0	0
C	Marios	24	170	14	1	29____	71755	11	0	0	0	0	0	0	0	0	1	0
C	Marios	24	170	14	1	29____	72000	11	1	0	0	0	0	0	0	0	0	0
C	Marios	24	170	14	1	29____	75729	1	0	0	0	0	1	0	0	0	0	0
C	Marios	24	170	14	1	29____	75968	1	0	0	0	0	0	0	0	0	1	0
C	Marios	24	170	14	1	29____	76109	1	0	0	0	0	1	0	0	0	0	0
C	Marios	24	170	14	1	29____	76143	1	0	0	0	0	0	0	0	0	1	0
C	Marios	24	170	14	1	29____	76546	1	0	0	0	0	1	0	0	0	0	0
C	Marios	24	170	14	1	29____	76573	1	0	0	0	0	0	0	0	0	1	0
C	Marios	24	170	14	1	29____	77250	1	2	0	0	0	0	0	0	0	0	0
C	Marios	24	170	14	1	29____	77474	2	0	0	0	0	1	0	0	0	0	0
C	Marios	24	170	14	1	29____	77490	2	0	0	0	0	0	0	0	0	1	0
C	Marios	24	170	14	1	29____	77702	2	0	0	0	0	1	0	0	0	0	0
C	Marios	24	170	14	1	29____	77747	2	0	0	0	0	0	0	0	0	1	0
C	Marios	24	170	14	1	29____	77750	2	13	0	0	0	0	0	0	0	0	0
C	Marios	24	170	14	1	29____	78250	13	15	0	0	0	0	0	0	0	0	0
C	Marios	24	170	14	1	29____	78750	15	1	0	0	0	0	0	0	0	0	0
C	Marios	24	170	14	1	29____	78918	1	0	0	0	0	1	0	0	0	0	0
C	Marios	24	170	14	1	29____	78975	1	0	0	0	0	0	0	0	0	1	0
C	Marios	24	170	14	1	29____	79372	1	0	0	0	0	1	0	0	0	0	0
C	Marios	24	170	14	1	29____	79375	1	0	0	0	0	0	0	0	0	1	0
C	Marios	24	170	14	1	29____	79378	1	0	0	0	0	1	0	0	0	0	0
C	Marios	24	170	14	1	29____	79385	1	0	0	0	0	0	0	0	0	1	0
C	Marios	24	170	14	1	29____	79992	1	0	0	0	0	1	0	0	0	0	0
C	Marios	24	170	14	1	29____	80016	1	0	0	0	0	0	0	0	0	1	0
C	Marios	24	170	14	1	29____	81055	1	0	0	0	0	1	0	0	0	0	0
C	Marios	24	170	14	1	29____	81253	1	0	0	0	0	0	0	0	0	1	0
C	Marios	24	170	14	1	29____	81902	1	0	0	0	0	1	0	0	0	0	0
C	Marios	24	170	14	1	29____	81933	1	0	0	0	0	0	0	0	0	1	0
C	Marios	24	170	14	1	29____	82250	1	2	0	0	0	0	0	0	0	0	0
C	Marios	24	170	14	1	29____	82750	2	12	0	0	0	0	0	0	0	0	0
C	Marios	24	170	14	1	29____	83250	12	15	0	0	0	0	0	0	0	0	0
C	Marios	24	170	14	1	29____	83750	15	1	0	0	0	0	0	0	0	0	0
C	Marios	24	170	14	1	29____	84586	1	0	0	0	0	1	0	0	0	0	0
C	Marios	24	170	14	1	29____	84611	1	0	0	0	0	0	0	0	0	1	0
C	Marios	24	170	14	1	29____	84627	1	0	0	0	0	1	0	0	0	0	0
C	Marios	24	170	14	1	29____	84690	1	0	0	0	0	0	0	0	0	1	0
C	Marios	24	170	14	1	29____	85303	1	0	0	0	0	1	0	0	0	0	0
C	Marios	24	170	14	1	29____	85309	1	0	0	0	0	0	0	0	0	1	0
C	Marios	24	170	14	1	29____	85321	1	0	0	0	0	1	0	0	0	0	0
C	Marios	24	170	14	1	29____	85336	1	0	0	0	0	0	0	0	0	1	0
C	Marios	24	170	14	1	29____	85601	1	0	0	0	0	1	0	0	0	0	0
C	Marios	24	170	14	1	29____	85676	1	0	0	0	0	0	0	0	0	1	0
C	Marios	24	170	14	1	29____	85702	1	0	0	0	0	1	0	0	0	0	0
C	Marios	24	170	14	1	29____	85705	1	0	0	0	0	0	0	0	0	1	0
C	Marios	24	170	14	1	29____	85743	1	0	0	0	0	1	0	0	0	0	0
C	Marios	24	170	14	1	29____	85745	1	0	0	0	0	0	0	0	0	1	0
C	Marios	24	170	14	1	29____	85746	1	0	0	0	0	1	0	0	0	0	0
C	Marios	24	170	14	1	29____	85748	1	0	0	0	0	0	0	0	0	1	0
C	Marios	24	170	14	1	29____	85754	1	0	0	0	0	1	0	0	0	0	0
C	Marios	24	170	14	1	29____	85757	1	0	0	0	0	0	0	0	0	1	0
C	Marios	24	170	14	1	29____	85799	1	0	0	0	0	1	0	0	0	0	0
C	Marios	24	170	14	1	29____	85801	1	0	0	0	0	1	0	0	0	1	0
C	Marios	24	170	14	1	29____	85806	1	0	0	0	0	0	0	0	0	1	0
C	Marios	24	170	14	1	29____	85874	1	0	0	0	0	1	0	0	0	0	0
C	Marios	24	170	14	1	29____	85898	1	0	0	0	0	0	0	0	0	1	0
C	Marios	24	170	14	1	29____	85992	1	0	0	0	0	1	0	0	0	0	0
C	Marios	24	170	14	1	29____	85993	1	0	0	0	0	0	0	0	0	1	0
C	Marios	24	170	14	1	29____	86034	1	0	0	0	0	1	0	0	0	0	0
C	Marios	24	170	14	1	29____	86040	1	0	0	0	0	0	0	0	0	1	0
C	Marios	24	170	14	1	29____	86043	1	0	0	0	0	1	0	0	0	0	0
C	Marios	24	170	14	1	29____	86047	1	0	0	0	0	1	0	0	0	1	0
C	Marios	24	170	14	1	29____	86054	1	0	0	0	0	0	0	0	0	1	0
C	Marios	24	170	14	1	29____	86056	1	0	0	0	0	1	0	0	0	0	0
C	Marios	24	170	14	1	29____	86064	1	0	0	0	0	1	0	0	0	1	0
C	Marios	24	170	14	1	29____	86067	1	0	0	0	0	0	0	0	0	1	0
C	Marios	24	170	14	1	29____	86068	1	0	0	0	0	1	0	0	0	0	0
C	Marios	24	170	14	1	29____	86071	1	0	0	0	0	0	0	0	0	1	0
C	Marios	24	170	14	1	29____	86075	1	0	0	0	0	1	0	0	0	0	0
C	Marios	24	170	14	1	29____	86078	1	0	0	0	0	0	0	0	0	1	0
C	Marios	24	170	14	1	29____	86083	1	0	0	0	0	1	0	0	0	0	0
C	Marios	24	170	14	1	29____	86088	1	0	0	0	0	0	0	0	0	1	0
C	Marios	24	170	14	1	29____	86927	1	0	0	0	0	1	0	0	0	0	0
C	Marios	24	170	14	1	29____	86933	1	0	0	0	0	0	0	0	0	1	0
C	Marios	24	170	14	1	29____	86934	1	0	0	0	0	1	0	0	0	0	0
C	Marios	24	170	14	1	29____	86969	1	0	0	0	0	0	0	0	0	1	0
C	Marios	24	170	14	1	29____	86973	1	0	0	0	0	1	0	0	0	0	0
C	Marios	24	170	14	1	29____	87075	1	0	0	0	0	0	0	0	0	1	0
C	Marios	24	170	14	1	29____	87835	1	0	0	0	0	1	0	0	0	0	0
C	Marios	24	170	14	1	29____	87862	1	0	0	0	0	0	0	0	0	1	0
C	Marios	24	170	14	1	29____	87863	1	0	0	0	0	1	0	0	0	0	0
C	Marios	24	170	14	1	29____	87867	1	0	0	0	0	0	0	0	0	1	0
C	Marios	24	170	14	1	29____	87869	1	0	0	0	0	1	0	0	0	0	0
C	Marios	24	170	14	1	29____	88041	1	0	0	0	0	0	0	0	0	1	0
C	Marios	24	170	14	1	29____	88050	1	0	0	0	0	1	0	0	0	0	0
C	Marios	24	170	14	1	29____	88156	1	0	0	0	0	0	0	0	0	1	0
C	Marios	24	170	14	1	29____	88443	1	0	0	0	0	1	0	0	0	0	0
C	Marios	24	170	14	1	29____	88454	1	0	0	0	0	0	0	0	0	1	0
C	Marios	24	170	14	1	29____	90500	1	2	0	0	0	0	0	0	0	0	0
C	Marios	24	170	14	1	29____	90863	2	0	0	0	0	1	0	0	0	0	0
C	Marios	24	170	14	1	29____	90880	2	0	0	0	0	0	0	0	0	1	0
C	Marios	24	170	14	1	29____	91000	2	12	0	0	0	0	0	0	0	0	0
C	Marios	24	170	14	1	29____	91062	12	0	0	0	0	1	0	0	0	0	0
C	Marios	24	170	14	1	29____	91221	12	0	0	0	0	0	0	0	0	1	0
C	Marios	24	170	14	1	29____	91337	12	0	0	0	0	1	0	0	0	0	0
C	Marios	24	170	14	1	29____	91482	12	0	0	0	0	0	0	0	0	1	0
C	Marios	24	170	14	1	29____	91500	12	15	0	0	0	0	0	0	0	0	0
C	Marios	24	170	14	1	29____	91695	15	0	0	0	0	1	0	0	0	0	0
C	Marios	24	170	14	1	29____	91840	15	0	0	0	0	0	0	0	0	1	0
C	Marios	24	170	14	1	29____	91846	15	0	0	0	0	1	0	0	0	0	0
C	Marios	24	170	14	1	29____	91853	15	0	0	0	0	0	0	0	0	1	0
C	Marios	24	170	14	1	29____	91891	15	0	0	0	0	1	0	0	0	0	0
C	Marios	24	170	14	1	29____	91893	15	0	0	0	0	0	0	0	0	1	0
C	Marios	24	170	14	1	29____	91949	15	0	0	0	0	1	0	0	0	0	0
C	Marios	24	170	14	1	29____	92000	15	1	0	0	0	0	0	0	0	0	0
C	Marios	24	170	14	1	29____	92069	1	0	0	0	0	0	0	0	0	1	0
C	Marios	24	170	14	1	29____	93386	1	0	0	0	0	1	0	0	0	0	0
C	Marios	24	170	14	1	29____	93403	1	0	0	0	0	0	0	0	0	1	0
C	Marios	24	170	14	1	29____	95000	1	2	0	0	0	0	0	0	0	0	0
C	Marios	24	170	14	1	29____	95500	2	7	0	0	0	0	0	0	0	0	0
C	Marios	24	170	14	1	29____	95591	7	0	0	0	0	1	0	0	0	0	0
C	Marios	24	170	14	1	29____	95661	7	0	0	0	0	0	0	0	0	1	0
C	Marios	24	170	14	1	29____	95717	7	0	0	0	0	1	0	0	0	0	0
C	Marios	24	170	14	1	29____	95832	7	0	0	0	0	0	0	0	0	1	0
C	Marios	24	170	14	1	29____	95862	7	0	0	0	0	1	0	0	0	0	0
C	Marios	24	170	14	1	29____	95950	7	0	0	0	0	0	0	0	0	1	0
C	Marios	24	170	14	1	29____	95987	7	0	0	0	0	1	0	0	0	0	0
C	Marios	24	170	14	1	29____	96000	7	10	0	0	0	0	0	0	0	0	0
C	Marios	24	170	14	1	29____	96275	10	0	0	0	0	0	0	0	0	1	0
C	Marios	24	170	14	1	29____	96500	10	1	0	0	0	0	0	0	0	0	0
C	Marios	24	170	14	1	29____	98750	1	2	0	0	0	0	0	0	0	0	0
C	Marios	24	170	14	1	29____	99250	2	6	0	0	0	0	0	0	0	0	0
C	Marios	24	170	14	1	29____	99750	6	11	0	0	0	0	0	0	0	0	0
C	Marios	24	170	14	1	29____	99794	11	0	0	0	0	1	0	0	0	0	0
C	Marios	24	170	14	1	29____	100073	11	0	0	0	0	0	0	0	0	1	0
C	Marios	24	170	14	1	29____	100250	11	1	0	0	0	0	0	0	0	0	0
C	Marios	24	170	14	1	29____	106250	1	2	0	0	0	0	0	0	0	0	0
C	Marios	24	170	14	1	29____	106750	2	13	0	0	0	0	0	0	0	0	0
C	Marios	24	170	14	1	29____	106816	13	0	0	0	0	1	0	0	0	0	0
C	Marios	24	170	14	1	29____	106863	13	0	0	0	0	0	0	0	0	1	0
C	Marios	24	170	14	1	29____	106864	13	0	0	0	0	1	0	0	0	0	0
C	Marios	24	170	14	1	29____	107028	13	0	0	0	0	0	0	0	0	1	0
C	Marios	24	170	14	1	29____	107049	13	0	0	0	0	1	0	0	0	0	0
C	Marios	24	170	14	1	29____	107147	13	0	0	0	0	0	0	0	0	1	0
C	Marios	24	170	14	1	29____	107201	13	0	0	0	0	1	0	0	0	0	0
C	Marios	24	170	14	1	29____	107250	13	15	0	0	0	0	0	0	0	0	0
C	Marios	24	170	14	1	29____	107313	15	0	0	0	0	0	0	0	0	1	0
C	Marios	24	170	14	1	29____	107334	15	0	0	0	0	1	0	0	0	0	0
C	Marios	24	170	14	1	29____	107381	15	0	0	0	0	0	0	0	0	1	0
C	Marios	24	170	14	1	29____	107750	15	1	0	0	0	0	0	0	0	0	0
C	Marios	24	170	14	1	29____	109625	1	0	0	0	0	1	0	0	0	0	0
C	Marios	24	170	14	1	29____	109632	1	0	0	0	0	0	0	0	0	1	0
C	Marios	24	170	14	1	29____	109637	1	0	0	0	0	1	0	0	0	0	0
C	Marios	24	170	14	1	29____	109643	1	0	0	0	0	0	0	0	0	1	0
C	Marios	24	170	14	1	29____	109656	1	0	0	0	0	1	0	0	0	0	0
C	Marios	24	170	14	1	29____	109699	1	0	0	0	0	0	0	0	0	1	0
C	Marios	24	170	14	1	29____	109747	1	0	0	0	0	1	0	0	0	0	0
C	Marios	24	170	14	1	29____	109778	1	0	0	0	0	0	0	0	0	1	0
C	Marios	24	170	14	1	29____	109799	1	0	0	0	0	1	0	0	0	0	0
C	Marios	24	170	14	1	29____	109856	1	0	0	0	0	0	0	0	0	1	0
C	Marios	24	170	14	1	29____	111123	1	0	0	0	0	1	0	0	0	0	0
C	Marios	24	170	14	1	29____	111166	1	0	0	0	0	0	0	0	0	1	0
C	Marios	24	170	14	1	29____	111694	1	0	0	0	0	1	0	0	0	0	0
C	Marios	24	170	14	1	29____	111712	1	0	0	0	0	0	0	0	0	1	0
C	Marios	24	170	14	1	29____	111898	1	0	0	0	0	1	0	0	0	0	0
C	Marios	24	170	14	1	29____	111920	1	0	0	0	0	0	0	0	0	1	0
C	Marios	24	170	14	1	29____	112137	1	0	0	0	0	1	0	0	0	0	0
C	Marios	24	170	14	1	29____	112224	1	0	0	0	0	0	0	0	0	1	0
C	Marios	24	170	14	1	29____	112229	1	0	0	0	0	1	0	0	0	0	0
C	Marios	24	170	14	1	29____	112236	1	0	0	0	0	0	0	0	0	1	0
C	Marios	24	170	14	1	29____	112241	1	0	0	0	0	1	0	0	0	0	0
C	Marios	24	170	14	1	29____	112250	1	0	0	0	0	0	0	0	0	1	0
C	Marios	24	170	14	1	29____	112256	1	0	0	0	0	1	0	0	0	0	0
C	Marios	24	170	14	1	29____	112265	1	0	0	0	0	0	0	0	0	1	0
C	Marios	24	170	14	1	29____	112275	1	0	0	0	0	1	0	0	0	0	0
C	Marios	24	170	14	1	29____	112437	1	0	0	0	0	0	0	0	0	1	0
C	Marios	24	170	14	1	29____	112589	1	0	0	0	0	1	0	0	0	0	0
C	Marios	24	170	14	1	29____	112734	1	0	0	0	0	0	0	0	0	1	0
C	Marios	24	170	14	1	29____	113087	1	0	0	0	0	1	0	0	0	0	0
C	Marios	24	170	14	1	29____	113126	1	0	0	0	0	0	0	0	0	1	0
C	Marios	24	170	14	1	29____	113762	1	0	0	0	0	1	0	0	0	0	0
C	Marios	24	170	14	1	29____	113764	1	0	0	0	0	0	0	0	0	1	0
C	Marios	24	170	14	1	29____	113766	1	0	0	0	0	1	0	0	0	0	0
C	Marios	24	170	14	1	29____	113782	1	0	0	0	0	0	0	0	0	1	0
C	Marios	24	170	14	1	29____	113788	1	0	0	0	0	1	0	0	0	0	0
C	Marios	24	170	14	1	29____	113813	1	0	0	0	0	0	0	0	0	1	0
C	Marios	24	170	14	1	29____	113832	1	0	0	0	0	1	0	0	0	0	0
C	Marios	24	170	14	1	29____	114715	1	0	0	0	0	0	0	0	0	1	0
C	Marios	24	170	14	1	29____	114757	1	0	0	0	0	1	0	0	0	0	0
C	Marios	24	170	14	1	29____	114840	1	0	0	0	0	0	0	0	0	1	0
C	Marios	24	170	14	1	29____	114995	1	0	0	0	0	1	0	0	0	0	0
C	Marios	24	170	14	1	29____	115176	1	0	0	0	0	0	0	0	0	1	0
C	Marios	24	170	14	1	29____	115178	1	0	0	0	0	1	0	0	0	0	0
C	Marios	24	170	14	1	29____	115250	1	2	0	0	0	0	0	0	0	0	0
C	Marios	24	170	14	1	29____	115296	2	0	0	0	0	0	0	0	0	1	0
C	Marios	24	170	14	1	29____	115297	2	0	0	0	0	1	0	0	0	0	0
C	Marios	24	170	14	1	29____	115307	2	0	0	0	0	0	0	0	0	1	0
C	Marios	24	170	14	1	29____	115308	2	0	0	0	0	1	0	0	0	0	0
C	Marios	24	170	14	1	29____	115392	2	0	0	0	0	0	0	0	0	1	0
C	Marios	24	170	14	1	29____	115393	2	0	0	0	0	1	0	0	0	0	0
C	Marios	24	170	14	1	29____	115545	2	0	0	0	0	0	0	0	0	1	0
C	Marios	24	170	14	1	29____	115547	2	0	0	0	0	1	0	0	0	0	0
C	Marios	24	170	14	1	29____	115554	2	0	0	0	0	0	0	0	0	1	0
C	Marios	24	170	14	1	29____	115563	2	0	0	0	0	1	0	0	0	0	0
C	Marios	24	170	14	1	29____	115576	2	0	0	0	0	0	0	0	0	1	0
C	Marios	24	170	14	1	29____	115750	2	13	0	0	0	0	0	0	0	0	0
C	Marios	24	170	14	1	29____	115817	13	0	0	0	0	1	0	0	0	0	0
C	Marios	24	170	14	1	29____	115956	13	0	0	0	0	0	0	0	0	1	0
C	Marios	24	170	14	1	29____	115958	13	0	0	0	0	1	0	0	0	0	0
C	Marios	24	170	14	1	29____	115960	13	0	0	0	0	0	0	0	0	1	0
C	Marios	24	170	14	1	29____	115963	13	0	0	0	0	1	0	0	0	0	0
C	Marios	24	170	14	1	29____	116051	13	0	0	0	0	0	0	0	0	1	0
C	Marios	24	170	14	1	29____	116064	13	0	0	0	0	1	0	0	0	0	0
C	Marios	24	170	14	1	29____	116067	13	0	0	0	0	0	0	0	0	1	0
C	Marios	24	170	14	1	29____	116068	13	0	0	0	0	1	0	0	0	0	0
C	Marios	24	170	14	1	29____	116119	13	0	0	0	0	0	0	0	0	1	0
C	Marios	24	170	14	1	29____	116152	13	0	0	0	0	1	0	0	0	0	0
C	Marios	24	170	14	1	29____	116163	13	0	0	0	0	0	0	0	0	1	0
C	Marios	24	170	14	1	29____	116164	13	0	0	0	0	1	0	0	0	0	0
C	Marios	24	170	14	1	29____	116214	13	0	0	0	0	0	0	0	0	1	0
C	Marios	24	170	14	1	29____	116216	13	0	0	0	0	1	0	0	0	0	0
C	Marios	24	170	14	1	29____	116250	13	15	0	0	0	0	0	0	0	0	0
C	Marios	24	170	14	1	29____	116339	15	0	0	0	0	0	0	0	0	1	0
C	Marios	24	170	14	1	29____	116404	15	0	0	0	0	1	0	0	0	0	0
C	Marios	24	170	14	1	29____	116494	15	0	0	0	0	0	0	0	0	1	0
C	Marios	24	170	14	1	29____	116512	15	0	0	0	0	1	0	0	0	0	0
C	Marios	24	170	14	1	29____	116517	15	0	0	0	0	0	0	0	0	1	0
C	Marios	24	170	14	1	29____	116523	15	0	0	0	0	1	0	0	0	0	0
C	Marios	24	170	14	1	29____	116585	15	0	0	0	0	0	0	0	0	1	0
C	Marios	24	170	14	1	29____	116587	15	0	0	0	0	1	0	0	0	0	0
C	Marios	24	170	14	1	29____	116600	15	0	0	0	0	0	0	0	0	1	0
C	Marios	24	170	14	1	29____	116750	15	1	0	0	0	0	0	0	0	0	0
C	Marios	24	170	14	1	29____	116790	1	0	0	0	0	1	0	0	0	0	0
C	Marios	24	170	14	1	29____	117003	1	0	0	0	0	0	0	0	0	1	0
C	Marios	24	170	14	1	29____	117297	1	0	0	0	0	1	0	0	0	0	0
C	Marios	24	170	14	1	29____	117303	1	0	0	0	0	0	0	0	0	1	0
C	Marios	24	170	14	1	29____	117323	1	0	0	0	0	1	0	0	0	0	0
C	Marios	24	170	14	1	29____	117353	1	0	0	0	0	1	0	0	0	1	0
C	Marios	24	170	14	1	29____	117362	1	0	0	0	0	0	0	0	0	1	0
C	Marios	24	170	14	1	29____	117505	1	0	0	0	0	1	0	0	0	0	0
C	Marios	24	170	14	1	29____	117561	1	0	0	0	0	0	0	0	0	1	0
C	Marios	24	170	14	1	29____	117579	1	0	0	0	0	1	0	0	0	0	0
C	Marios	24	170	14	1	29____	117593	1	0	0	0	0	0	0	0	0	1	0
C	Marios	24	170	14	1	29____	117622	1	0	0	0	0	1	0	0	0	0	0
C	Marios	24	170	14	1	29____	117626	1	0	0	0	0	0	0	0	0	1	0
C	Marios	24	170	14	1	29____	117677	1	0	0	0	0	1	0	0	0	0	0
C	Marios	24	170	14	1	29____	118316	1	0	0	0	0	0	0	0	0	1	0
C	Marios	24	170	14	1	29____	118414	1	0	0	0	0	1	0	0	0	0	0
C	Marios	24	170	14	1	29____	118543	1	0	0	0	0	0	0	0	0	1	0
C	Marios	24	170	14	1	29____	119164	1	0	0	0	0	1	0	0	0	0	0
C	Marios	24	170	14	1	29____	119171	1	0	0	0	0	0	0	0	0	1	0
C	Marios	24	170	14	1	29____	119216	1	0	0	0	0	1	0	0	0	0	0
C	Marios	24	170	14	1	29____	119451	1	0	0	0	0	0	0	0	0	1	0
C	Marios	24	170	14	1	29____	119453	1	0	0	0	0	1	0	0	0	0	0
C	Marios	24	170	14	1	29____	119457	1	0	0	0	0	0	0	0	0	1	0
C	Marios	24	170	14	1	29____	119465	1	0	0	0	0	1	0	0	0	0	0
C	Marios	24	170	14	1	29____	119623	1	0	0	0	0	0	0	0	0	1	0
C	Marios	24	170	14	1	29____	119788	1	0	0	0	0	1	0	0	0	0	0
C	Marios	24	170	14	1	29____	119932	1	0	0	0	0	0	0	0	0	1	0
C	Marios	24	170	14	1	29____	120145	1	0	0	0	0	1	0	0	0	0	0
C	Marios	24	170	14	1	29____	120162	1	0	0	0	0	0	0	0	0	1	0
C	Marios	24	170	14	1	29____	121680	1	0	0	0	0	1	0	0	0	0	0
C	Marios	24	170	14	1	29____	121703	1	0	0	0	0	0	0	0	0	1	0
C	Marios	24	170	14	1	29____	121739	1	0	0	0	0	1	0	0	0	0	0
C	Marios	24	170	14	1	29____	121765	1	0	0	0	0	0	0	0	0	1	0
C	Marios	24	170	14	1	29____	121770	1	0	0	0	0	1	0	0	0	0	0
C	Marios	24	170	14	1	29____	121821	1	0	0	0	0	0	0	0	0	1	0
C	Marios	24	170	14	1	29____	122250	1	2	0	0	0	0	0	0	0	0	0
C	Marios	24	170	14	1	29____	122750	2	7	0	0	0	0	0	0	0	0	0
C	Marios	24	170	14	1	29____	122859	7	0	0	0	0	1	0	0	0	0	0
C	Marios	24	170	14	1	29____	122927	7	0	0	0	0	0	0	0	0	1	0
C	Marios	24	170	14	1	29____	122949	7	0	0	0	0	1	0	0	0	0	0
C	Marios	24	170	14	1	29____	123029	7	0	0	0	0	0	0	0	0	1	0
C	Marios	24	170	14	1	29____	123069	7	0	0	0	0	1	0	0	0	0	0
C	Marios	24	170	14	1	29____	123129	7	0	0	0	0	0	0	0	0	1	0
C	Marios	24	170	14	1	29____	123153	7	0	0	0	0	1	0	0	0	0	0
C	Marios	24	170	14	1	29____	123222	7	0	0	0	0	0	0	0	0	1	0
C	Marios	24	170	14	1	29____	123236	7	0	0	0	0	1	0	0	0	0	0
C	Marios	24	170	14	1	29____	123245	7	0	0	0	0	0	0	0	0	1	0
C	Marios	24	170	14	1	29____	123250	7	10	0	0	0	0	0	0	0	0	0
C	Marios	24	170	14	1	29____	123265	10	0	0	0	0	1	0	0	0	0	0
C	Marios	24	170	14	1	29____	123386	10	0	0	0	0	0	0	0	0	1	0
C	Marios	24	170	14	1	29____	123410	10	0	0	0	0	1	0	0	0	0	0
C	Marios	24	170	14	1	29____	123415	10	0	0	0	0	0	0	0	0	1	0
C	Marios	24	170	14	1	29____	123439	10	0	0	0	0	1	0	0	0	0	0
C	Marios	24	170	14	1	29____	123471	10	0	0	0	0	0	0	0	0	1	0
C	Marios	24	170	14	1	29____	123570	10	0	0	0	0	1	0	0	0	0	0
C	Marios	24	170	14	1	29____	123627	10	0	0	0	0	0	0	0	0	1	0
C	Marios	24	170	14	1	29____	123701	10	0	0	0	0	1	0	0	0	0	0
C	Marios	24	170	14	1	29____	123750	10	1	0	0	0	0	0	0	0	0	0
C	Marios	24	170	14	1	29____	123778	1	0	0	0	0	0	0	0	0	1	0
C	Marios	24	170	14	1	29____	123937	1	0	0	0	0	1	0	0	0	0	0
C	Marios	24	170	14	1	29____	124168	1	0	0	0	0	0	0	0	0	1	0
C	Marios	24	170	14	1	29____	124411	1	0	0	0	0	1	0	0	0	0	0
C	Marios	24	170	14	1	29____	124457	1	0	0	0	0	0	0	0	0	1	0
C	Marios	24	170	14	1	29____	124732	1	0	0	0	0	1	0	0	0	0	0
C	Marios	24	170	14	1	29____	124755	1	0	0	0	0	0	0	0	0	1	0
C	Marios	24	170	14	1	29____	126631	1	0	0	0	0	1	0	0	0	0	0
C	Marios	24	170	14	1	29____	126648	1	0	0	0	0	0	0	0	0	1	0
C	Marios	24	170	14	1	29____	126650	1	0	0	0	0	1	0	0	0	0	0
C	Marios	24	170	14	1	29____	126712	1	0	0	0	0	0	0	0	0	1	0
C	Marios	24	170	14	1	29____	127077	1	0	0	0	0	1	0	0	0	0	0
C	Marios	24	170	14	1	29____	127083	1	0	0	0	0	0	0	0	0	1	0
C	Marios	24	170	14	1	29____	127182	1	0	0	0	0	1	0	0	0	0	0
C	Marios	24	170	14	1	29____	127183	1	0	0	0	0	0	0	0	0	1	0
C	Marios	24	170	14	1	29____	127285	1	0	0	0	0	1	0	0	0	0	0
C	Marios	24	170	14	1	29____	127302	1	0	0	0	0	0	0	0	0	1	0
C	Marios	24	170	14	1	29____	127387	1	0	0	0	0	1	0	0	0	0	0
C	Marios	24	170	14	1	29____	127393	1	0	0	0	0	0	0	0	0	1	0
C	Marios	24	170	14	1	29____	127507	1	0	0	0	0	1	0	0	0	0	0
C	Marios	24	170	14	1	29____	127512	1	0	0	0	0	0	0	0	0	1	0
C	Marios	24	170	14	1	29____	128250	1	2	0	0	0	0	0	0	0	0	0
C	Marios	24	170	14	1	29____	128750	2	6	0	0	0	0	0	0	0	0	0
C	Marios	24	170	14	1	29____	128805	6	0	0	0	0	1	0	0	0	0	0
C	Marios	24	170	14	1	29____	128827	6	0	0	0	0	0	0	0	0	1	0
C	Marios	24	170	14	1	29____	128888	6	0	0	0	0	1	0	0	0	0	0
C	Marios	24	170	14	1	29____	128915	6	0	0	0	0	0	0	0	0	1	0
C	Marios	24	170	14	1	29____	128954	6	0	0	0	0	1	0	0	0	0	0
C	Marios	24	170	14	1	29____	128991	6	0	0	0	0	0	0	0	0	1	0
C	Marios	24	170	14	1	29____	129035	6	0	0	0	0	1	0	0	0	0	0
C	Marios	24	170	14	1	29____	129088	6	0	0	0	0	0	0	0	0	1	0
C	Marios	24	170	14	1	29____	129144	6	0	0	0	0	1	0	0	0	0	0
C	Marios	24	170	14	1	29____	129208	6	0	0	0	0	0	0	0	0	1	0
C	Marios	24	170	14	1	29____	129250	6	11	0	0	0	0	0	0	0	0	0
C	Marios	24	170	14	1	29____	129303	11	0	0	0	0	1	0	0	0	0	0
C	Marios	24	170	14	1	29____	129750	11	1	0	0	0	0	0	0	0	0	0
C	Marios	24	170	14	1	29____	129769	1	0	0	0	0	0	0	0	0	1	0
C	Marios	24	170	14	1	29____	129779	1	0	0	0	0	1	0	0	0	0	0
C	Marios	24	170	14	1	29____	129848	1	0	0	0	0	0	0	0	0	1	0
C	Marios	24	170	14	1	29____	129851	1	0	0	0	0	1	0	0	0	0	0
C	Marios	24	170	14	1	29____	129892	1	0	0	0	0	0	0	0	0	1	0
C	Marios	24	170	14	1	29____	129893	1	0	0	0	0	1	0	0	0	0	0
C	Marios	24	170	14	1	29____	129923	1	0	0	0	0	0	0	0	0	1	0
C	Marios	24	170	14	1	29____	129924	1	0	0	0	0	1	0	0	0	0	0
C	Marios	24	170	14	1	29____	129930	1	0	0	0	0	0	0	0	0	1	0
C	Marios	24	170	14	1	29____	130021	1	0	0	0	0	1	0	0	0	0	0
C	Marios	24	170	14	1	29____	130030	1	0	0	0	0	0	0	0	0	1	0
C	Marios	24	170	14	1	29____	130038	1	0	0	0	0	1	0	0	0	0	0
C	Marios	24	170	14	1	29____	130057	1	0	0	0	0	0	0	0	0	1	0
C	Marios	24	170	14	1	29____	130060	1	0	0	0	0	1	0	0	0	0	0
C	Marios	24	170	14	1	29____	130069	1	0	0	0	0	0	0	0	0	1	0
C	Marios	24	170	14	1	29____	130073	1	0	0	0	0	1	0	0	0	0	0
C	Marios	24	170	14	1	29____	130078	1	0	0	0	0	0	0	0	0	1	0
C	Marios	24	170	14	1	29____	130107	1	0	0	0	0	1	0	0	0	0	0
C	Marios	24	170	14	1	29____	130116	1	0	0	0	0	0	0	0	0	1	0
C	Marios	24	170	14	1	29____	130170	1	0	0	0	0	1	0	0	0	0	0
C	Marios	24	170	14	1	29____	130190	1	0	0	0	0	0	0	0	0	1	0
C	Marios	24	170	14	1	29____	130193	1	0	0	0	0	1	0	0	0	0	0
C	Marios	24	170	14	1	29____	130197	1	0	0	0	0	0	0	0	0	1	0
C	Marios	24	170	14	1	29____	130217	1	0	0	0	0	1	0	0	0	0	0
C	Marios	24	170	14	1	29____	130220	1	0	0	0	0	0	0	0	0	1	0
C	Marios	24	170	14	1	29____	130227	1	0	0	0	0	1	0	0	0	0	0
C	Marios	24	170	14	1	29____	130240	1	0	0	0	0	0	0	0	0	1	0
C	Marios	24	170	14	1	29____	130813	1	0	0	0	0	1	0	0	0	0	0
C	Marios	24	170	14	1	29____	130957	1	0	0	0	0	0	0	0	0	1	0
C	Marios	24	170	14	1	29____	130962	1	0	0	0	0	1	0	0	0	0	0
C	Marios	24	170	14	1	29____	130984	1	0	0	0	0	0	0	0	0	1	0
C	Marios	24	170	14	1	29____	130990	1	0	0	0	0	1	0	0	0	0	0
C	Marios	24	170	14	1	29____	131025	1	0	0	0	0	0	0	0	0	1	0
C	Marios	24	170	14	1	29____	131029	1	0	0	0	0	1	0	0	0	0	0
C	Marios	24	170	14	1	29____	131182	1	0	0	0	0	0	0	0	0	1	0
C	Marios	24	170	14	1	29____	131250	1	2	0	0	0	0	0	0	0	0	0
C	Marios	24	170	14	1	29____	131750	2	12	0	0	0	0	0	0	0	0	0
C	Marios	24	170	14	1	29____	131870	12	0	0	0	0	1	0	0	0	0	0
C	Marios	24	170	14	1	29____	131895	12	0	0	0	0	0	0	0	0	1	0
C	Marios	24	170	14	1	29____	132250	12	15	0	0	0	0	0	0	0	0	0
C	Marios	24	170	14	1	29____	132750	15	1	0	0	0	0	0	0	0	0	0
C	Marios	24	170	14	1	29____	133296	1	0	0	0	0	1	0	0	0	0	0
C	Marios	24	170	14	1	29____	133311	1	0	0	0	0	0	0	0	0	1	0
C	Marios	24	170	14	1	29____	135441	1	0	0	0	0	1	0	0	0	0	0
C	Marios	24	170	14	1	29____	135492	1	0	0	0	0	0	0	0	0	1	0
C	Marios	24	170	14	1	29____	135746	1	0	0	0	0	1	0	0	0	0	0
C	Marios	24	170	14	1	29____	135773	1	0	0	0	0	0	0	0	0	1	0
C	Marios	24	170	14	1	29____	135775	1	0	0	0	0	1	0	0	0	0	0
C	Marios	24	170	14	1	29____	135904	1	0	0	0	0	0	0	0	0	1	0
C	Marios	24	170	14	1	29____	137250	1	2	0	0	0	0	0	0	0	0	0
C	Marios	24	170	14	1	29____	137750	2	12	0	0	0	0	0	0	0	0	0
C	Marios	24	170	14	1	29____	137922	12	0	0	0	0	1	0	0	0	0	0
C	Marios	24	170	14	1	29____	137953	12	0	0	0	0	0	0	0	0	1	0
C	Marios	24	170	14	1	29____	138020	12	0	0	0	0	1	0	0	0	0	0
C	Marios	24	170	14	1	29____	138107	12	0	0	0	0	0	0	0	0	1	0
C	Marios	24	170	14	1	29____	138168	12	0	0	0	0	1	0	0	0	0	0
C	Marios	24	170	14	1	29____	138250	12	15	0	0	0	0	0	0	0	0	0
C	Marios	24	170	14	1	29____	138284	15	0	0	0	0	0	0	0	0	1	0
C	Marios	24	170	14	1	29____	138330	15	0	0	0	0	1	0	0	0	0	0
C	Marios	24	170	14	1	29____	138580	15	0	0	0	0	1	0	0	0	1	0
C	Marios	24	170	14	1	29____	138588	15	0	0	0	0	0	0	0	0	1	0
C	Marios	24	170	14	1	29____	138592	15	0	0	0	0	1	0	0	0	0	0
C	Marios	24	170	14	1	29____	138650	15	0	0	0	0	0	0	0	0	1	0
C	Marios	24	170	14	1	29____	138750	15	1	0	0	0	0	0	0	0	0	0
C	Marios	24	170	14	1	29____	139796	1	0	0	0	0	1	0	0	0	0	0
C	Marios	24	170	14	1	29____	139806	1	0	0	0	0	0	0	0	0	1	0
C	Marios	24	170	14	1	29____	140496	1	0	0	0	0	1	0	0	0	0	0
C	Marios	24	170	14	1	29____	140525	1	0	0	0	0	0	0	0	0	1	0
C	Marios	24	170	14	1	29____	142500	1	2	0	0	0	0	0	0	0	0	0
C	Marios	24	170	14	1	29____	143000	2	13	0	0	0	0	0	0	0	0	0
C	Marios	24	170	14	1	29____	143097	13	0	0	0	0	1	0	0	0	0	0
C	Marios	24	170	14	1	29____	143127	13	0	0	0	0	0	0	0	0	1	0
C	Marios	24	170	14	1	29____	143283	13	0	0	0	0	1	0	0	0	0	0
C	Marios	24	170	14	1	29____	143393	13	0	0	0	0	0	0	0	0	1	0
C	Marios	24	170	14	1	29____	143462	13	0	0	0	0	1	0	0	0	0	0
C	Marios	24	170	14	1	29____	143500	13	15	0	0	0	0	0	0	0	0	0
C	Marios	24	170	14	1	29____	143586	15	0	0	0	0	0	0	0	0	1	0
C	Marios	24	170	14	1	29____	143747	15	0	0	0	0	1	0	0	0	0	0
C	Marios	24	170	14	1	29____	143756	15	0	0	0	0	1	0	0	0	1	0
C	Marios	24	170	14	1	29____	143763	15	0	0	0	0	0	0	0	0	1	0
C	Marios	24	170	14	1	29____	144000	15	14	0	0	0	0	0	0	0	0	0
C	Marios	24	170	14	1	29____	147000	14	-1	0	0	0	0	0	0	0	0	0
