Project	UserID	Protocol	Session	Station	Run	Subject	Time	Current State	Transition State	Transition Event	A1 - LLR	A2 - RLR	A3 - MAG	A4 - 	A[1] LLR_OFF	A[2] RLR_OFF	A[3] MAG_OFF	A[4] 
C	Marios	23	171	1	1	7_____	0	0	1	0	0	0	0	0	0	0	0	0
C	Marios	23	171	1	1	7_____	4352	1	0	0	0	0	1	0	0	0	0	0
C	Marios	23	171	1	1	7_____	4364	1	0	0	0	0	0	0	0	0	1	0
C	Marios	23	171	1	1	7_____	4500	1	2	0	0	0	0	0	0	0	0	0
C	Marios	23	171	1	1	7_____	5000	2	17	0	0	0	0	0	0	0	0	0
C	Marios	23	171	1	1	7_____	5500	17	15	0	0	0	0	0	0	0	0	0
C	Marios	23	171	1	1	7_____	6000	15	1	0	0	0	0	0	0	0	0	0
C	Marios	23	171	1	1	7_____	10004	1	0	0	0	0	1	0	0	0	0	0
C	Marios	23	171	1	1	7_____	10038	1	0	0	0	0	0	0	0	0	1	0
C	Marios	23	171	1	1	7_____	10130	1	0	0	0	0	1	0	0	0	0	0
C	Marios	23	171	1	1	7_____	10225	1	0	0	0	0	0	0	0	0	1	0
C	Marios	23	171	1	1	7_____	10255	1	0	0	0	0	1	0	0	0	0	0
C	Marios	23	171	1	1	7_____	10264	1	0	0	0	0	0	0	0	0	1	0
C	Marios	23	171	1	1	7_____	10279	1	0	0	0	0	1	0	0	0	0	0
C	Marios	23	171	1	1	7_____	10281	1	0	0	0	0	0	0	0	0	1	0
C	Marios	23	171	1	1	7_____	11889	1	0	0	0	0	1	0	0	0	0	0
C	Marios	23	171	1	1	7_____	11918	1	0	0	0	0	0	0	0	0	1	0
C	Marios	23	171	1	1	7_____	11922	1	0	0	0	0	1	0	0	0	0	0
C	Marios	23	171	1	1	7_____	11930	1	0	0	0	0	0	0	0	0	1	0
C	Marios	23	171	1	1	7_____	11933	1	0	0	0	0	1	0	0	0	0	0
C	Marios	23	171	1	1	7_____	12015	1	0	0	0	0	0	0	0	0	1	0
C	Marios	23	171	1	1	7_____	13500	1	2	0	0	0	0	0	0	0	0	0
C	Marios	23	171	1	1	7_____	13883	2	0	0	0	0	1	0	0	0	0	0
C	Marios	23	171	1	1	7_____	13895	2	0	0	0	0	0	0	0	0	1	0
C	Marios	23	171	1	1	7_____	13910	2	0	0	0	0	1	0	0	0	0	0
C	Marios	23	171	1	1	7_____	13944	2	0	0	0	0	0	0	0	0	1	0
C	Marios	23	171	1	1	7_____	14000	2	7	0	0	0	0	0	0	0	0	0
C	Marios	23	171	1	1	7_____	14171	7	0	0	0	0	1	0	0	0	0	0
C	Marios	23	171	1	1	7_____	14221	7	0	0	0	0	0	0	0	0	1	0
C	Marios	23	171	1	1	7_____	14253	7	0	0	0	0	1	0	0	0	0	0
C	Marios	23	171	1	1	7_____	14288	7	0	0	0	0	0	0	0	0	1	0
C	Marios	23	171	1	1	7_____	14321	7	0	0	0	0	1	0	0	0	0	0
C	Marios	23	171	1	1	7_____	14349	7	0	0	0	0	0	0	0	0	1	0
C	Marios	23	171	1	1	7_____	14377	7	0	0	0	0	1	0	0	0	0	0
C	Marios	23	171	1	1	7_____	14405	7	0	0	0	0	0	0	0	0	1	0
C	Marios	23	171	1	1	7_____	14418	7	0	0	0	0	1	0	0	0	0	0
C	Marios	23	171	1	1	7_____	14452	7	0	0	0	0	0	0	0	0	1	0
C	Marios	23	171	1	1	7_____	14479	7	0	0	0	0	1	0	0	0	0	0
C	Marios	23	171	1	1	7_____	14497	7	0	0	0	0	0	0	0	0	1	0
C	Marios	23	171	1	1	7_____	14500	7	10	0	0	0	0	0	0	0	0	0
C	Marios	23	171	1	1	7_____	14511	10	0	0	0	0	1	0	0	0	0	0
C	Marios	23	171	1	1	7_____	14651	10	0	0	0	0	0	0	0	0	1	0
C	Marios	23	171	1	1	7_____	14664	10	0	0	0	0	1	0	0	0	0	0
C	Marios	23	171	1	1	7_____	14667	10	0	0	0	0	0	0	0	0	1	0
C	Marios	23	171	1	1	7_____	14669	10	0	0	0	0	1	0	0	0	0	0
C	Marios	23	171	1	1	7_____	14671	10	0	0	0	0	0	0	0	0	1	0
C	Marios	23	171	1	1	7_____	15000	10	1	0	0	0	0	0	0	0	0	0
C	Marios	23	171	1	1	7_____	17637	1	0	0	0	0	1	0	0	0	0	0
C	Marios	23	171	1	1	7_____	17661	1	0	0	0	0	0	0	0	0	1	0
C	Marios	23	171	1	1	7_____	18482	1	0	0	0	0	1	0	0	0	0	0
C	Marios	23	171	1	1	7_____	18492	1	0	0	0	0	0	0	0	0	1	0
C	Marios	23	171	1	1	7_____	18495	1	0	0	0	0	1	0	0	0	0	0
C	Marios	23	171	1	1	7_____	18508	1	0	0	0	0	0	0	0	0	1	0
C	Marios	23	171	1	1	7_____	18533	1	0	0	0	0	1	0	0	0	0	0
C	Marios	23	171	1	1	7_____	18598	1	0	0	0	0	0	0	0	0	1	0
C	Marios	23	171	1	1	7_____	18782	1	0	0	0	0	1	0	0	0	0	0
C	Marios	23	171	1	1	7_____	18901	1	0	0	0	0	0	0	0	0	1	0
C	Marios	23	171	1	1	7_____	18910	1	0	0	0	0	1	0	0	0	0	0
C	Marios	23	171	1	1	7_____	18925	1	0	0	0	0	0	0	0	0	1	0
C	Marios	23	171	1	1	7_____	18926	1	0	0	0	0	1	0	0	0	0	0
C	Marios	23	171	1	1	7_____	18931	1	0	0	0	0	0	0	0	0	1	0
C	Marios	23	171	1	1	7_____	19500	1	2	0	0	0	0	0	0	0	0	0
C	Marios	23	171	1	1	7_____	20000	2	17	0	0	0	0	0	0	0	0	0
C	Marios	23	171	1	1	7_____	20151	17	0	0	0	0	1	0	0	0	0	0
C	Marios	23	171	1	1	7_____	20157	17	0	0	0	0	0	0	0	0	1	0
C	Marios	23	171	1	1	7_____	20500	17	15	0	0	0	0	0	0	0	0	0
C	Marios	23	171	1	1	7_____	20800	15	0	0	0	0	1	0	0	0	0	0
C	Marios	23	171	1	1	7_____	20815	15	0	0	0	0	0	0	0	0	1	0
C	Marios	23	171	1	1	7_____	21000	15	1	0	0	0	0	0	0	0	0	0
C	Marios	23	171	1	1	7_____	23059	1	0	0	0	0	1	0	0	0	0	0
C	Marios	23	171	1	1	7_____	23100	1	0	0	0	0	0	0	0	0	1	0
C	Marios	23	171	1	1	7_____	23114	1	0	0	0	0	1	0	0	0	0	0
C	Marios	23	171	1	1	7_____	23127	1	0	0	0	0	0	0	0	0	1	0
C	Marios	23	171	1	1	7_____	23451	1	0	0	0	0	1	0	0	0	0	0
C	Marios	23	171	1	1	7_____	23453	1	0	0	0	0	0	0	0	0	1	0
C	Marios	23	171	1	1	7_____	24750	1	2	0	0	0	0	0	0	0	0	0
C	Marios	23	171	1	1	7_____	25250	2	16	0	0	0	0	0	0	0	0	0
C	Marios	23	171	1	1	7_____	25472	16	0	0	0	0	1	0	0	0	0	0
C	Marios	23	171	1	1	7_____	25523	16	0	0	0	0	0	0	0	0	1	0
C	Marios	23	171	1	1	7_____	25551	16	0	0	0	0	1	0	0	0	0	0
C	Marios	23	171	1	1	7_____	25590	16	0	0	0	0	0	0	0	0	1	0
C	Marios	23	171	1	1	7_____	25622	16	0	0	0	0	1	0	0	0	0	0
C	Marios	23	171	1	1	7_____	25647	16	0	0	0	0	0	0	0	0	1	0
C	Marios	23	171	1	1	7_____	25676	16	0	0	0	0	1	0	0	0	0	0
C	Marios	23	171	1	1	7_____	25683	16	0	0	0	0	0	0	0	0	1	0
C	Marios	23	171	1	1	7_____	25686	16	0	0	0	0	1	0	0	0	0	0
C	Marios	23	171	1	1	7_____	25750	16	15	0	0	0	0	0	0	0	0	0
C	Marios	23	171	1	1	7_____	25751	15	0	0	0	0	0	0	0	0	1	0
C	Marios	23	171	1	1	7_____	25795	15	0	0	0	0	1	0	0	0	0	0
C	Marios	23	171	1	1	7_____	25830	15	0	0	0	0	0	0	0	0	1	0
C	Marios	23	171	1	1	7_____	25831	15	0	0	0	0	1	0	0	0	0	0
C	Marios	23	171	1	1	7_____	25923	15	0	0	0	0	0	0	0	0	1	0
C	Marios	23	171	1	1	7_____	26064	15	0	0	0	0	1	0	0	0	0	0
C	Marios	23	171	1	1	7_____	26103	15	0	0	0	0	0	0	0	0	1	0
C	Marios	23	171	1	1	7_____	26250	15	1	0	0	0	0	0	0	0	0	0
C	Marios	23	171	1	1	7_____	27750	1	2	0	0	0	0	0	0	0	0	0
C	Marios	23	171	1	1	7_____	28250	2	16	0	0	0	0	0	0	0	0	0
C	Marios	23	171	1	1	7_____	28517	16	0	0	0	0	1	0	0	0	0	0
C	Marios	23	171	1	1	7_____	28524	16	0	0	0	0	0	0	0	0	1	0
C	Marios	23	171	1	1	7_____	28750	16	15	0	0	0	0	0	0	0	0	0
C	Marios	23	171	1	1	7_____	29250	15	1	0	0	0	0	0	0	0	0	0
C	Marios	23	171	1	1	7_____	29818	1	0	0	0	0	1	0	0	0	0	0
C	Marios	23	171	1	1	7_____	29882	1	0	0	0	0	0	0	0	0	1	0
C	Marios	23	171	1	1	7_____	31388	1	0	0	0	0	1	0	0	0	0	0
C	Marios	23	171	1	1	7_____	31427	1	0	0	0	0	0	0	0	0	1	0
C	Marios	23	171	1	1	7_____	32250	1	2	0	0	0	0	0	0	0	0	0
C	Marios	23	171	1	1	7_____	32580	2	0	0	0	0	1	0	0	0	0	0
C	Marios	23	171	1	1	7_____	32604	2	0	0	0	0	0	0	0	0	1	0
C	Marios	23	171	1	1	7_____	32734	2	0	0	0	0	1	0	0	0	0	0
C	Marios	23	171	1	1	7_____	32750	2	6	0	0	0	0	0	0	0	0	0
C	Marios	23	171	1	1	7_____	32758	6	0	0	0	0	0	0	0	0	1	0
C	Marios	23	171	1	1	7_____	32773	6	0	0	0	0	1	0	0	0	0	0
C	Marios	23	171	1	1	7_____	32834	6	0	0	0	0	0	0	0	0	1	0
C	Marios	23	171	1	1	7_____	32865	6	0	0	0	0	1	0	0	0	0	0
C	Marios	23	171	1	1	7_____	32876	6	0	0	0	0	0	0	0	0	1	0
C	Marios	23	171	1	1	7_____	32890	6	0	0	0	0	1	0	0	0	0	0
C	Marios	23	171	1	1	7_____	32930	6	0	0	0	0	0	0	0	0	1	0
C	Marios	23	171	1	1	7_____	32935	6	0	0	0	0	1	0	0	0	0	0
C	Marios	23	171	1	1	7_____	32970	6	0	0	0	0	0	0	0	0	1	0
C	Marios	23	171	1	1	7_____	33002	6	0	0	0	0	1	0	0	0	0	0
C	Marios	23	171	1	1	7_____	33007	6	0	0	0	0	0	0	0	0	1	0
C	Marios	23	171	1	1	7_____	33066	6	0	0	0	0	1	0	0	0	0	0
C	Marios	23	171	1	1	7_____	33090	6	0	0	0	0	0	0	0	0	1	0
C	Marios	23	171	1	1	7_____	33139	6	0	0	0	0	1	0	0	0	0	0
C	Marios	23	171	1	1	7_____	33161	6	0	0	0	0	0	0	0	0	1	0
C	Marios	23	171	1	1	7_____	33208	6	0	0	0	0	1	0	0	0	0	0
C	Marios	23	171	1	1	7_____	33222	6	0	0	0	0	0	0	0	0	1	0
C	Marios	23	171	1	1	7_____	33235	6	0	0	0	0	1	0	0	0	0	0
C	Marios	23	171	1	1	7_____	33250	6	11	0	0	0	0	0	0	0	0	0
C	Marios	23	171	1	1	7_____	33505	11	0	0	0	0	0	0	0	0	1	0
C	Marios	23	171	1	1	7_____	33520	11	0	0	0	0	1	0	0	0	0	0
C	Marios	23	171	1	1	7_____	33538	11	0	0	0	0	0	0	0	0	1	0
C	Marios	23	171	1	1	7_____	33543	11	0	0	0	0	1	0	0	0	0	0
C	Marios	23	171	1	1	7_____	33545	11	0	0	0	0	0	0	0	0	1	0
C	Marios	23	171	1	1	7_____	33549	11	0	0	0	0	1	0	0	0	0	0
C	Marios	23	171	1	1	7_____	33551	11	0	0	0	0	0	0	0	0	1	0
C	Marios	23	171	1	1	7_____	33750	11	1	0	0	0	0	0	0	0	0	0
C	Marios	23	171	1	1	7_____	35390	1	0	0	0	0	1	0	0	0	0	0
C	Marios	23	171	1	1	7_____	35403	1	0	0	0	0	0	0	0	0	1	0
C	Marios	23	171	1	1	7_____	35405	1	0	0	0	0	1	0	0	0	0	0
C	Marios	23	171	1	1	7_____	35417	1	0	0	0	0	0	0	0	0	1	0
C	Marios	23	171	1	1	7_____	36827	1	0	0	0	0	1	0	0	0	0	0
C	Marios	23	171	1	1	7_____	36832	1	0	0	0	0	0	0	0	0	1	0
C	Marios	23	171	1	1	7_____	36861	1	0	0	0	0	1	0	0	0	0	0
C	Marios	23	171	1	1	7_____	36873	1	0	0	0	0	0	0	0	0	1	0
C	Marios	23	171	1	1	7_____	36876	1	0	0	0	0	1	0	0	0	0	0
C	Marios	23	171	1	1	7_____	36905	1	0	0	0	0	0	0	0	0	1	0
C	Marios	23	171	1	1	7_____	36946	1	0	0	0	0	1	0	0	0	0	0
C	Marios	23	171	1	1	7_____	36955	1	0	0	0	0	0	0	0	0	1	0
C	Marios	23	171	1	1	7_____	36961	1	0	0	0	0	1	0	0	0	0	0
C	Marios	23	171	1	1	7_____	36975	1	0	0	0	0	0	0	0	0	1	0
C	Marios	23	171	1	1	7_____	37009	1	0	0	0	0	1	0	0	0	0	0
C	Marios	23	171	1	1	7_____	37039	1	0	0	0	0	1	0	0	0	1	0
C	Marios	23	171	1	1	7_____	37042	1	0	0	0	0	0	0	0	0	1	0
C	Marios	23	171	1	1	7_____	37057	1	0	0	0	0	1	0	0	0	0	0
C	Marios	23	171	1	1	7_____	37059	1	0	0	0	0	0	0	0	0	1	0
C	Marios	23	171	1	1	7_____	37063	1	0	0	0	0	1	0	0	0	0	0
C	Marios	23	171	1	1	7_____	37068	1	0	0	0	0	0	0	0	0	1	0
C	Marios	23	171	1	1	7_____	37069	1	0	0	0	0	1	0	0	0	0	0
C	Marios	23	171	1	1	7_____	37089	1	0	0	0	0	0	0	0	0	1	0
C	Marios	23	171	1	1	7_____	38837	1	0	0	0	0	1	0	0	0	0	0
C	Marios	23	171	1	1	7_____	39250	1	2	0	0	0	0	0	0	0	0	0
C	Marios	23	171	1	1	7_____	39268	2	0	0	0	0	0	0	0	0	1	0
C	Marios	23	171	1	1	7_____	39285	2	0	0	0	0	1	0	0	0	0	0
C	Marios	23	171	1	1	7_____	39292	2	0	0	0	0	0	0	0	0	1	0
C	Marios	23	171	1	1	7_____	39294	2	0	0	0	0	1	0	0	0	0	0
C	Marios	23	171	1	1	7_____	39314	2	0	0	0	0	0	0	0	0	1	0
C	Marios	23	171	1	1	7_____	39750	2	17	0	0	0	0	0	0	0	0	0
C	Marios	23	171	1	1	7_____	40250	17	15	0	0	0	0	0	0	0	0	0
C	Marios	23	171	1	1	7_____	40750	15	1	0	0	0	0	0	0	0	0	0
C	Marios	23	171	1	1	7_____	41236	1	0	0	0	0	1	0	0	0	0	0
C	Marios	23	171	1	1	7_____	41296	1	0	0	0	0	0	0	0	0	1	0
C	Marios	23	171	1	1	7_____	41389	1	0	0	0	0	1	0	0	0	0	0
C	Marios	23	171	1	1	7_____	41442	1	0	0	0	0	0	0	0	0	1	0
C	Marios	23	171	1	1	7_____	41459	1	0	0	0	0	1	0	0	0	0	0
C	Marios	23	171	1	1	7_____	41481	1	0	0	0	0	0	0	0	0	1	0
C	Marios	23	171	1	1	7_____	41482	1	0	0	0	0	1	0	0	0	0	0
C	Marios	23	171	1	1	7_____	41577	1	0	0	0	0	0	0	0	0	1	0
C	Marios	23	171	1	1	7_____	44037	1	0	0	0	0	1	0	0	0	0	0
C	Marios	23	171	1	1	7_____	44090	1	0	0	0	0	0	0	0	0	1	0
C	Marios	23	171	1	1	7_____	45120	1	0	0	0	0	1	0	0	0	0	0
C	Marios	23	171	1	1	7_____	45148	1	0	0	0	0	0	0	0	0	1	0
C	Marios	23	171	1	1	7_____	46000	1	2	0	0	0	0	0	0	0	0	0
C	Marios	23	171	1	1	7_____	46032	2	0	0	0	0	1	0	0	0	0	0
C	Marios	23	171	1	1	7_____	46064	2	0	0	0	0	0	0	0	0	1	0
C	Marios	23	171	1	1	7_____	46500	2	16	0	0	0	0	0	0	0	0	0
C	Marios	23	171	1	1	7_____	47000	16	15	0	0	0	0	0	0	0	0	0
C	Marios	23	171	1	1	7_____	47500	15	1	0	0	0	0	0	0	0	0	0
C	Marios	23	171	1	1	7_____	47774	1	0	0	0	0	1	0	0	0	0	0
C	Marios	23	171	1	1	7_____	47778	1	0	0	0	0	0	0	0	0	1	0
C	Marios	23	171	1	1	7_____	47785	1	0	0	0	0	1	0	0	0	0	0
C	Marios	23	171	1	1	7_____	47808	1	0	0	0	0	0	0	0	0	1	0
C	Marios	23	171	1	1	7_____	48409	1	0	0	0	0	1	0	0	0	0	0
C	Marios	23	171	1	1	7_____	48420	1	0	0	0	0	0	0	0	0	1	0
C	Marios	23	171	1	1	7_____	49095	1	0	0	0	0	1	0	0	0	0	0
C	Marios	23	171	1	1	7_____	49102	1	0	0	0	0	0	0	0	0	1	0
C	Marios	23	171	1	1	7_____	49324	1	0	0	0	0	1	0	0	0	0	0
C	Marios	23	171	1	1	7_____	49331	1	0	0	0	0	0	0	0	0	1	0
C	Marios	23	171	1	1	7_____	49366	1	0	0	0	0	1	0	0	0	0	0
C	Marios	23	171	1	1	7_____	49391	1	0	0	0	0	0	0	0	0	1	0
C	Marios	23	171	1	1	7_____	49413	1	0	0	0	0	1	0	0	0	0	0
C	Marios	23	171	1	1	7_____	49431	1	0	0	0	0	0	0	0	0	1	0
C	Marios	23	171	1	1	7_____	49435	1	0	0	0	0	1	0	0	0	0	0
C	Marios	23	171	1	1	7_____	49484	1	0	0	0	0	0	0	0	0	1	0
C	Marios	23	171	1	1	7_____	49490	1	0	0	0	0	1	0	0	0	0	0
C	Marios	23	171	1	1	7_____	49548	1	0	0	0	0	0	0	0	0	1	0
C	Marios	23	171	1	1	7_____	49647	1	0	0	0	0	1	0	0	0	0	0
C	Marios	23	171	1	1	7_____	49698	1	0	0	0	0	0	0	0	0	1	0
C	Marios	23	171	1	1	7_____	50357	1	0	0	0	0	1	0	0	0	0	0
C	Marios	23	171	1	1	7_____	50366	1	0	0	0	0	0	0	0	0	1	0
C	Marios	23	171	1	1	7_____	52015	1	0	0	0	0	1	0	0	0	0	0
C	Marios	23	171	1	1	7_____	52027	1	0	0	0	0	0	0	0	0	1	0
C	Marios	23	171	1	1	7_____	52030	1	0	0	0	0	1	0	0	0	0	0
C	Marios	23	171	1	1	7_____	52056	1	0	0	0	0	0	0	0	0	1	0
C	Marios	23	171	1	1	7_____	52058	1	0	0	0	0	1	0	0	0	0	0
C	Marios	23	171	1	1	7_____	52105	1	0	0	0	0	0	0	0	0	1	0
C	Marios	23	171	1	1	7_____	52109	1	0	0	0	0	1	0	0	0	0	0
C	Marios	23	171	1	1	7_____	52148	1	0	0	0	0	0	0	0	0	1	0
C	Marios	23	171	1	1	7_____	52149	1	0	0	0	0	1	0	0	0	0	0
C	Marios	23	171	1	1	7_____	52165	1	0	0	0	0	0	0	0	0	1	0
C	Marios	23	171	1	1	7_____	52175	1	0	0	0	0	1	0	0	0	0	0
C	Marios	23	171	1	1	7_____	52235	1	0	0	0	0	0	0	0	0	1	0
C	Marios	23	171	1	1	7_____	52238	1	0	0	0	0	1	0	0	0	0	0
C	Marios	23	171	1	1	7_____	52261	1	0	0	0	0	0	0	0	0	1	0
C	Marios	23	171	1	1	7_____	52267	1	0	0	0	0	1	0	0	0	0	0
C	Marios	23	171	1	1	7_____	52269	1	0	0	0	0	0	0	0	0	1	0
C	Marios	23	171	1	1	7_____	52281	1	0	0	0	0	1	0	0	0	0	0
C	Marios	23	171	1	1	7_____	52473	1	0	0	0	0	0	0	0	0	1	0
C	Marios	23	171	1	1	7_____	52474	1	0	0	0	0	1	0	0	0	0	0
C	Marios	23	171	1	1	7_____	52488	1	0	0	0	0	0	0	0	0	1	0
C	Marios	23	171	1	1	7_____	52507	1	0	0	0	0	1	0	0	0	0	0
C	Marios	23	171	1	1	7_____	52714	1	0	0	0	0	0	0	0	0	1	0
C	Marios	23	171	1	1	7_____	52731	1	0	0	0	0	1	0	0	0	0	0
C	Marios	23	171	1	1	7_____	52760	1	0	0	0	0	0	0	0	0	1	0
C	Marios	23	171	1	1	7_____	52868	1	0	0	0	0	1	0	0	0	0	0
C	Marios	23	171	1	1	7_____	52888	1	0	0	0	0	0	0	0	0	1	0
C	Marios	23	171	1	1	7_____	52900	1	0	0	0	0	1	0	0	0	0	0
C	Marios	23	171	1	1	7_____	52907	1	0	0	0	0	0	0	0	0	1	0
C	Marios	23	171	1	1	7_____	52932	1	0	0	0	0	1	0	0	0	0	0
C	Marios	23	171	1	1	7_____	52988	1	0	0	0	0	0	0	0	0	1	0
C	Marios	23	171	1	1	7_____	53006	1	0	0	0	0	1	0	0	0	0	0
C	Marios	23	171	1	1	7_____	53008	1	0	0	0	0	0	0	0	0	1	0
C	Marios	23	171	1	1	7_____	53025	1	0	0	0	0	1	0	0	0	0	0
C	Marios	23	171	1	1	7_____	53027	1	0	0	0	0	0	0	0	0	1	0
C	Marios	23	171	1	1	7_____	53050	1	0	0	0	0	1	0	0	0	0	0
C	Marios	23	171	1	1	7_____	53052	1	0	0	0	0	0	0	0	0	1	0
C	Marios	23	171	1	1	7_____	53066	1	0	0	0	0	1	0	0	0	0	0
C	Marios	23	171	1	1	7_____	53068	1	0	0	0	0	0	0	0	0	1	0
C	Marios	23	171	1	1	7_____	53069	1	0	0	0	0	1	0	0	0	0	0
C	Marios	23	171	1	1	7_____	53071	1	0	0	0	0	0	0	0	0	1	0
C	Marios	23	171	1	1	7_____	53076	1	0	0	0	0	1	0	0	0	0	0
C	Marios	23	171	1	1	7_____	53087	1	0	0	0	0	0	0	0	0	1	0
C	Marios	23	171	1	1	7_____	53088	1	0	0	0	0	1	0	0	0	0	0
C	Marios	23	171	1	1	7_____	53121	1	0	0	0	0	0	0	0	0	1	0
C	Marios	23	171	1	1	7_____	53144	1	0	0	0	0	1	0	0	0	0	0
C	Marios	23	171	1	1	7_____	53148	1	0	0	0	0	0	0	0	0	1	0
C	Marios	23	171	1	1	7_____	53149	1	0	0	0	0	1	0	0	0	0	0
C	Marios	23	171	1	1	7_____	53154	1	0	0	0	0	0	0	0	0	1	0
C	Marios	23	171	1	1	7_____	53218	1	0	0	0	0	1	0	0	0	0	0
C	Marios	23	171	1	1	7_____	53252	1	0	0	0	0	0	0	0	0	1	0
C	Marios	23	171	1	1	7_____	53500	1	2	0	0	0	0	0	0	0	0	0
C	Marios	23	171	1	1	7_____	54000	2	16	0	0	0	0	0	0	0	0	0
C	Marios	23	171	1	1	7_____	54500	16	15	0	0	0	0	0	0	0	0	0
C	Marios	23	171	1	1	7_____	55000	15	1	0	0	0	0	0	0	0	0	0
C	Marios	23	171	1	1	7_____	56086	1	0	0	0	0	1	0	0	0	0	0
C	Marios	23	171	1	1	7_____	56152	1	0	0	0	0	0	0	0	0	1	0
C	Marios	23	171	1	1	7_____	57877	1	0	0	0	0	1	0	0	0	0	0
C	Marios	23	171	1	1	7_____	57930	1	0	0	0	0	0	0	0	0	1	0
C	Marios	23	171	1	1	7_____	57940	1	0	0	0	0	1	0	0	0	0	0
C	Marios	23	171	1	1	7_____	57956	1	0	0	0	0	0	0	0	0	1	0
C	Marios	23	171	1	1	7_____	57959	1	0	0	0	0	1	0	0	0	0	0
C	Marios	23	171	1	1	7_____	57998	1	0	0	0	0	0	0	0	0	1	0
C	Marios	23	171	1	1	7_____	58000	1	0	0	0	0	1	0	0	0	0	0
C	Marios	23	171	1	1	7_____	58002	1	0	0	0	0	0	0	0	0	1	0
C	Marios	23	171	1	1	7_____	58005	1	0	0	0	0	1	0	0	0	0	0
C	Marios	23	171	1	1	7_____	58094	1	0	0	0	0	0	0	0	0	1	0
C	Marios	23	171	1	1	7_____	58098	1	0	0	0	0	1	0	0	0	0	0
C	Marios	23	171	1	1	7_____	58175	1	0	0	0	0	0	0	0	0	1	0
C	Marios	23	171	1	1	7_____	58177	1	0	0	0	0	1	0	0	0	0	0
C	Marios	23	171	1	1	7_____	58267	1	0	0	0	0	0	0	0	0	1	0
C	Marios	23	171	1	1	7_____	58355	1	0	0	0	0	1	0	0	0	0	0
C	Marios	23	171	1	1	7_____	58370	1	0	0	0	0	0	0	0	0	1	0
C	Marios	23	171	1	1	7_____	61750	1	2	0	0	0	0	0	0	0	0	0
C	Marios	23	171	1	1	7_____	62250	2	6	0	0	0	0	0	0	0	0	0
C	Marios	23	171	1	1	7_____	62274	6	0	0	0	0	1	0	0	0	0	0
C	Marios	23	171	1	1	7_____	62336	6	0	0	0	0	0	0	0	0	1	0
C	Marios	23	171	1	1	7_____	62397	6	0	0	0	0	1	0	0	0	0	0
C	Marios	23	171	1	1	7_____	62446	6	0	0	0	0	0	0	0	0	1	0
C	Marios	23	171	1	1	7_____	62498	6	0	0	0	0	1	0	0	0	0	0
C	Marios	23	171	1	1	7_____	62589	6	0	0	0	0	0	0	0	0	1	0
C	Marios	23	171	1	1	7_____	62628	6	0	0	0	0	1	0	0	0	0	0
C	Marios	23	171	1	1	7_____	62703	6	0	0	0	0	0	0	0	0	1	0
C	Marios	23	171	1	1	7_____	62750	6	11	0	0	0	0	0	0	0	0	0
C	Marios	23	171	1	1	7_____	62765	11	0	0	0	0	1	0	0	0	0	0
C	Marios	23	171	1	1	7_____	63114	11	0	0	0	0	0	0	0	0	1	0
C	Marios	23	171	1	1	7_____	63116	11	0	0	0	0	1	0	0	0	0	0
C	Marios	23	171	1	1	7_____	63122	11	0	0	0	0	0	0	0	0	1	0
C	Marios	23	171	1	1	7_____	63134	11	0	0	0	0	1	0	0	0	0	0
C	Marios	23	171	1	1	7_____	63142	11	0	0	0	0	0	0	0	0	1	0
C	Marios	23	171	1	1	7_____	63146	11	0	0	0	0	1	0	0	0	0	0
C	Marios	23	171	1	1	7_____	63151	11	0	0	0	0	0	0	0	0	1	0
C	Marios	23	171	1	1	7_____	63158	11	0	0	0	0	1	0	0	0	0	0
C	Marios	23	171	1	1	7_____	63160	11	0	0	0	0	0	0	0	0	1	0
C	Marios	23	171	1	1	7_____	63250	11	1	0	0	0	0	0	0	0	0	0
C	Marios	23	171	1	1	7_____	64687	1	0	0	0	0	1	0	0	0	0	0
C	Marios	23	171	1	1	7_____	64701	1	0	0	0	0	0	0	0	0	1	0
C	Marios	23	171	1	1	7_____	66750	1	2	0	0	0	0	0	0	0	0	0
C	Marios	23	171	1	1	7_____	67250	2	17	0	0	0	0	0	0	0	0	0
C	Marios	23	171	1	1	7_____	67750	17	15	0	0	0	0	0	0	0	0	0
C	Marios	23	171	1	1	7_____	68250	15	1	0	0	0	0	0	0	0	0	0
C	Marios	23	171	1	1	7_____	69082	1	0	0	0	0	1	0	0	0	0	0
C	Marios	23	171	1	1	7_____	69176	1	0	0	0	0	0	0	0	0	1	0
C	Marios	23	171	1	1	7_____	70500	1	2	0	0	0	0	0	0	0	0	0
C	Marios	23	171	1	1	7_____	71000	2	7	0	0	0	0	0	0	0	0	0
C	Marios	23	171	1	1	7_____	71059	7	0	0	0	0	1	0	0	0	0	0
C	Marios	23	171	1	1	7_____	71087	7	0	0	0	0	0	0	0	0	1	0
C	Marios	23	171	1	1	7_____	71114	7	0	0	0	0	1	0	0	0	0	0
C	Marios	23	171	1	1	7_____	71132	7	0	0	0	0	0	0	0	0	1	0
C	Marios	23	171	1	1	7_____	71188	7	0	0	0	0	1	0	0	0	0	0
C	Marios	23	171	1	1	7_____	71206	7	0	0	0	0	0	0	0	0	1	0
C	Marios	23	171	1	1	7_____	71230	7	0	0	0	0	1	0	0	0	0	0
C	Marios	23	171	1	1	7_____	71241	7	0	0	0	0	0	0	0	0	1	0
C	Marios	23	171	1	1	7_____	71273	7	0	0	0	0	1	0	0	0	0	0
C	Marios	23	171	1	1	7_____	71290	7	0	0	0	0	0	0	0	0	1	0
C	Marios	23	171	1	1	7_____	71326	7	0	0	0	0	1	0	0	0	0	0
C	Marios	23	171	1	1	7_____	71349	7	0	0	0	0	0	0	0	0	1	0
C	Marios	23	171	1	1	7_____	71371	7	0	0	0	0	1	0	0	0	0	0
C	Marios	23	171	1	1	7_____	71416	7	0	0	0	0	0	0	0	0	1	0
C	Marios	23	171	1	1	7_____	71476	7	0	0	0	0	1	0	0	0	0	0
C	Marios	23	171	1	1	7_____	71500	7	10	0	0	0	0	0	0	0	0	0
C	Marios	23	171	1	1	7_____	71688	10	0	0	0	0	0	0	0	0	1	0
C	Marios	23	171	1	1	7_____	71702	10	0	0	0	0	1	0	0	0	0	0
C	Marios	23	171	1	1	7_____	71713	10	0	0	0	0	0	0	0	0	1	0
C	Marios	23	171	1	1	7_____	71955	10	0	0	0	0	1	0	0	0	0	0
C	Marios	23	171	1	1	7_____	71971	10	0	0	0	0	0	0	0	0	1	0
C	Marios	23	171	1	1	7_____	72000	10	1	0	0	0	0	0	0	0	0	0
C	Marios	23	171	1	1	7_____	73965	1	0	0	0	0	1	0	0	0	0	0
C	Marios	23	171	1	1	7_____	73971	1	0	0	0	0	0	0	0	0	1	0
C	Marios	23	171	1	1	7_____	74423	1	0	0	0	0	1	0	0	0	0	0
C	Marios	23	171	1	1	7_____	74482	1	0	0	0	0	0	0	0	0	1	0
C	Marios	23	171	1	1	7_____	74501	1	0	0	0	0	1	0	0	0	0	0
C	Marios	23	171	1	1	7_____	74507	1	0	0	0	0	0	0	0	0	1	0
C	Marios	23	171	1	1	7_____	74508	1	0	0	0	0	1	0	0	0	0	0
C	Marios	23	171	1	1	7_____	74515	1	0	0	0	0	0	0	0	0	1	0
C	Marios	23	171	1	1	7_____	74521	1	0	0	0	0	1	0	0	0	0	0
C	Marios	23	171	1	1	7_____	74525	1	0	0	0	0	0	0	0	0	1	0
C	Marios	23	171	1	1	7_____	74541	1	0	0	0	0	1	0	0	0	0	0
C	Marios	23	171	1	1	7_____	74579	1	0	0	0	0	0	0	0	0	1	0
C	Marios	23	171	1	1	7_____	74581	1	0	0	0	0	1	0	0	0	0	0
C	Marios	23	171	1	1	7_____	74590	1	0	0	0	0	0	0	0	0	1	0
C	Marios	23	171	1	1	7_____	74592	1	0	0	0	0	1	0	0	0	0	0
C	Marios	23	171	1	1	7_____	74595	1	0	0	0	0	1	0	0	0	1	0
C	Marios	23	171	1	1	7_____	74606	1	0	0	0	0	0	0	0	0	1	0
C	Marios	23	171	1	1	7_____	74614	1	0	0	0	0	1	0	0	0	0	0
C	Marios	23	171	1	1	7_____	74810	1	0	0	0	0	0	0	0	0	1	0
C	Marios	23	171	1	1	7_____	74846	1	0	0	0	0	1	0	0	0	0	0
C	Marios	23	171	1	1	7_____	74898	1	0	0	0	0	0	0	0	0	1	0
C	Marios	23	171	1	1	7_____	74923	1	0	0	0	0	1	0	0	0	0	0
C	Marios	23	171	1	1	7_____	74927	1	0	0	0	0	0	0	0	0	1	0
C	Marios	23	171	1	1	7_____	78000	1	2	0	0	0	0	0	0	0	0	0
C	Marios	23	171	1	1	7_____	78077	2	0	0	0	0	1	0	0	0	0	0
C	Marios	23	171	1	1	7_____	78080	2	0	0	0	0	0	0	0	0	1	0
C	Marios	23	171	1	1	7_____	78500	2	17	0	0	0	0	0	0	0	0	0
C	Marios	23	171	1	1	7_____	79000	17	15	0	0	0	0	0	0	0	0	0
C	Marios	23	171	1	1	7_____	79500	15	1	0	0	0	0	0	0	0	0	0
C	Marios	23	171	1	1	7_____	79885	1	0	0	0	0	1	0	0	0	0	0
C	Marios	23	171	1	1	7_____	79943	1	0	0	0	0	0	0	0	0	1	0
C	Marios	23	171	1	1	7_____	81734	1	0	0	0	0	1	0	0	0	0	0
C	Marios	23	171	1	1	7_____	81818	1	0	0	0	0	0	0	0	0	1	0
C	Marios	23	171	1	1	7_____	83178	1	0	0	0	0	1	0	0	0	0	0
C	Marios	23	171	1	1	7_____	83321	1	0	0	0	0	0	0	0	0	1	0
C	Marios	23	171	1	1	7_____	84000	1	2	0	0	0	0	0	0	0	0	0
C	Marios	23	171	1	1	7_____	84500	2	16	0	0	0	0	0	0	0	0	0
C	Marios	23	171	1	1	7_____	84839	16	0	0	0	0	1	0	0	0	0	0
C	Marios	23	171	1	1	7_____	84893	16	0	0	0	0	0	0	0	0	1	0
C	Marios	23	171	1	1	7_____	85000	16	15	0	0	0	0	0	0	0	0	0
C	Marios	23	171	1	1	7_____	85163	15	0	0	0	0	1	0	0	0	0	0
C	Marios	23	171	1	1	7_____	85335	15	0	0	0	0	0	0	0	0	1	0
C	Marios	23	171	1	1	7_____	85500	15	1	0	0	0	0	0	0	0	0	0
C	Marios	23	171	1	1	7_____	86226	1	0	0	0	0	1	0	0	0	0	0
C	Marios	23	171	1	1	7_____	86232	1	0	0	0	0	0	0	0	0	1	0
C	Marios	23	171	1	1	7_____	86237	1	0	0	0	0	1	0	0	0	0	0
C	Marios	23	171	1	1	7_____	86247	1	0	0	0	0	0	0	0	0	1	0
C	Marios	23	171	1	1	7_____	86271	1	0	0	0	0	1	0	0	0	0	0
C	Marios	23	171	1	1	7_____	86291	1	0	0	0	0	0	0	0	0	1	0
C	Marios	23	171	1	1	7_____	86295	1	0	0	0	0	1	0	0	0	0	0
C	Marios	23	171	1	1	7_____	86297	1	0	0	0	0	0	0	0	0	1	0
C	Marios	23	171	1	1	7_____	86308	1	0	0	0	0	1	0	0	0	0	0
C	Marios	23	171	1	1	7_____	86380	1	0	0	0	0	0	0	0	0	1	0
C	Marios	23	171	1	1	7_____	86402	1	0	0	0	0	1	0	0	0	0	0
C	Marios	23	171	1	1	7_____	86412	1	0	0	0	0	0	0	0	0	1	0
C	Marios	23	171	1	1	7_____	86446	1	0	0	0	0	1	0	0	0	0	0
C	Marios	23	171	1	1	7_____	86560	1	0	0	0	0	0	0	0	0	1	0
C	Marios	23	171	1	1	7_____	88204	1	0	0	0	0	1	0	0	0	0	0
C	Marios	23	171	1	1	7_____	88207	1	0	0	0	0	0	0	0	0	1	0
C	Marios	23	171	1	1	7_____	88214	1	0	0	0	0	1	0	0	0	0	0
C	Marios	23	171	1	1	7_____	88218	1	0	0	0	0	0	0	0	0	1	0
C	Marios	23	171	1	1	7_____	88259	1	0	0	0	0	1	0	0	0	0	0
C	Marios	23	171	1	1	7_____	88900	1	0	0	0	0	0	0	0	0	1	0
C	Marios	23	171	1	1	7_____	89001	1	0	0	0	0	1	0	0	0	0	0
C	Marios	23	171	1	1	7_____	89410	1	0	0	0	0	0	0	0	0	1	0
C	Marios	23	171	1	1	7_____	91804	1	0	0	0	0	1	0	0	0	0	0
C	Marios	23	171	1	1	7_____	92030	1	0	0	0	0	0	0	0	0	1	0
C	Marios	23	171	1	1	7_____	93000	1	2	0	0	0	0	0	0	0	0	0
C	Marios	23	171	1	1	7_____	93108	2	0	0	0	0	1	0	0	0	0	0
C	Marios	23	171	1	1	7_____	93195	2	0	0	0	0	0	0	0	0	1	0
C	Marios	23	171	1	1	7_____	93500	2	17	0	0	0	0	0	0	0	0	0
C	Marios	23	171	1	1	7_____	93719	17	0	0	0	0	1	0	0	0	0	0
C	Marios	23	171	1	1	7_____	93797	17	0	0	0	0	0	0	0	0	1	0
C	Marios	23	171	1	1	7_____	94000	17	15	0	0	0	0	0	0	0	0	0
C	Marios	23	171	1	1	7_____	94500	15	1	0	0	0	0	0	0	0	0	0
C	Marios	23	171	1	1	7_____	97065	1	0	0	0	0	1	0	0	0	0	0
C	Marios	23	171	1	1	7_____	97085	1	0	0	0	0	0	0	0	0	1	0
C	Marios	23	171	1	1	7_____	97118	1	0	0	0	0	1	0	0	0	0	0
C	Marios	23	171	1	1	7_____	97151	1	0	0	0	0	0	0	0	0	1	0
C	Marios	23	171	1	1	7_____	97163	1	0	0	0	0	1	0	0	0	0	0
C	Marios	23	171	1	1	7_____	97166	1	0	0	0	0	0	0	0	0	1	0
C	Marios	23	171	1	1	7_____	97340	1	0	0	0	0	1	0	0	0	0	0
C	Marios	23	171	1	1	7_____	97383	1	0	0	0	0	0	0	0	0	1	0
C	Marios	23	171	1	1	7_____	98821	1	0	0	0	0	1	0	0	0	0	0
C	Marios	23	171	1	1	7_____	98840	1	0	0	0	0	0	0	0	0	1	0
C	Marios	23	171	1	1	7_____	100000	1	2	0	0	0	0	0	0	0	0	0
C	Marios	23	171	1	1	7_____	100500	2	7	0	0	0	0	0	0	0	0	0
C	Marios	23	171	1	1	7_____	100543	7	0	0	0	0	1	0	0	0	0	0
C	Marios	23	171	1	1	7_____	100631	7	0	0	0	0	0	0	0	0	1	0
C	Marios	23	171	1	1	7_____	100656	7	0	0	0	0	1	0	0	0	0	0
C	Marios	23	171	1	1	7_____	100709	7	0	0	0	0	0	0	0	0	1	0
C	Marios	23	171	1	1	7_____	100733	7	0	0	0	0	1	0	0	0	0	0
C	Marios	23	171	1	1	7_____	100794	7	0	0	0	0	0	0	0	0	1	0
C	Marios	23	171	1	1	7_____	100825	7	0	0	0	0	1	0	0	0	0	0
C	Marios	23	171	1	1	7_____	100878	7	0	0	0	0	0	0	0	0	1	0
C	Marios	23	171	1	1	7_____	100908	7	0	0	0	0	1	0	0	0	0	0
C	Marios	23	171	1	1	7_____	100994	7	0	0	0	0	0	0	0	0	1	0
C	Marios	23	171	1	1	7_____	101000	7	10	0	0	0	0	0	0	0	0	0
C	Marios	23	171	1	1	7_____	101017	10	0	0	0	0	1	0	0	0	0	0
C	Marios	23	171	1	1	7_____	101352	10	0	0	0	0	0	0	0	0	1	0
C	Marios	23	171	1	1	7_____	101500	10	1	0	0	0	0	0	0	0	0	0
C	Marios	23	171	1	1	7_____	104366	1	0	0	0	0	1	0	0	0	0	0
C	Marios	23	171	1	1	7_____	104787	1	0	0	0	0	0	0	0	0	1	0
C	Marios	23	171	1	1	7_____	104807	1	0	0	0	0	1	0	0	0	0	0
C	Marios	23	171	1	1	7_____	104813	1	0	0	0	0	0	0	0	0	1	0
C	Marios	23	171	1	1	7_____	105600	1	0	0	0	0	1	0	0	0	0	0
C	Marios	23	171	1	1	7_____	105638	1	0	0	0	0	0	0	0	0	1	0
C	Marios	23	171	1	1	7_____	106166	1	0	0	0	0	1	0	0	0	0	0
C	Marios	23	171	1	1	7_____	106277	1	0	0	0	0	0	0	0	0	1	0
C	Marios	23	171	1	1	7_____	108250	1	2	0	0	0	0	0	0	0	0	0
C	Marios	23	171	1	1	7_____	108750	2	16	0	0	0	0	0	0	0	0	0
C	Marios	23	171	1	1	7_____	108843	16	0	0	0	0	1	0	0	0	0	0
C	Marios	23	171	1	1	7_____	108927	16	0	0	0	0	0	0	0	0	1	0
C	Marios	23	171	1	1	7_____	109068	16	0	0	0	0	1	0	0	0	0	0
C	Marios	23	171	1	1	7_____	109206	16	0	0	0	0	0	0	0	0	1	0
C	Marios	23	171	1	1	7_____	109250	16	15	0	0	0	0	0	0	0	0	0
C	Marios	23	171	1	1	7_____	109750	15	1	0	0	0	0	0	0	0	0	0
C	Marios	23	171	1	1	7_____	112282	1	0	0	0	0	1	0	0	0	0	0
C	Marios	23	171	1	1	7_____	112286	1	0	0	0	0	0	0	0	0	1	0
C	Marios	23	171	1	1	7_____	114250	1	2	0	0	0	0	0	0	0	0	0
C	Marios	23	171	1	1	7_____	114750	2	6	0	0	0	0	0	0	0	0	0
C	Marios	23	171	1	1	7_____	114774	6	0	0	0	0	1	0	0	0	0	0
C	Marios	23	171	1	1	7_____	114813	6	0	0	0	0	0	0	0	0	1	0
C	Marios	23	171	1	1	7_____	114859	6	0	0	0	0	1	0	0	0	0	0
C	Marios	23	171	1	1	7_____	114893	6	0	0	0	0	0	0	0	0	1	0
C	Marios	23	171	1	1	7_____	114931	6	0	0	0	0	1	0	0	0	0	0
C	Marios	23	171	1	1	7_____	114966	6	0	0	0	0	0	0	0	0	1	0
C	Marios	23	171	1	1	7_____	115017	6	0	0	0	0	1	0	0	0	0	0
C	Marios	23	171	1	1	7_____	115144	6	0	0	0	0	0	0	0	0	1	0
C	Marios	23	171	1	1	7_____	115177	6	0	0	0	0	1	0	0	0	0	0
C	Marios	23	171	1	1	7_____	115196	6	0	0	0	0	0	0	0	0	1	0
C	Marios	23	171	1	1	7_____	115199	6	0	0	0	0	1	0	0	0	0	0
C	Marios	23	171	1	1	7_____	115221	6	0	0	0	0	0	0	0	0	1	0
C	Marios	23	171	1	1	7_____	115227	6	0	0	0	0	1	0	0	0	0	0
C	Marios	23	171	1	1	7_____	115250	6	11	0	0	0	0	0	0	0	0	0
C	Marios	23	171	1	1	7_____	115628	11	0	0	0	0	0	0	0	0	1	0
C	Marios	23	171	1	1	7_____	115708	11	0	0	0	0	1	0	0	0	0	0
C	Marios	23	171	1	1	7_____	115750	11	1	0	0	0	0	0	0	0	0	0
C	Marios	23	171	1	1	7_____	115772	1	0	0	0	0	0	0	0	0	1	0
C	Marios	23	171	1	1	7_____	115776	1	0	0	0	0	1	0	0	0	0	0
C	Marios	23	171	1	1	7_____	115788	1	0	0	0	0	0	0	0	0	1	0
C	Marios	23	171	1	1	7_____	115801	1	0	0	0	0	1	0	0	0	0	0
C	Marios	23	171	1	1	7_____	115803	1	0	0	0	0	0	0	0	0	1	0
C	Marios	23	171	1	1	7_____	115845	1	0	0	0	0	1	0	0	0	0	0
C	Marios	23	171	1	1	7_____	115858	1	0	0	0	0	0	0	0	0	1	0
C	Marios	23	171	1	1	7_____	115864	1	0	0	0	0	1	0	0	0	0	0
C	Marios	23	171	1	1	7_____	115869	1	0	0	0	0	0	0	0	0	1	0
C	Marios	23	171	1	1	7_____	115873	1	0	0	0	0	1	0	0	0	0	0
C	Marios	23	171	1	1	7_____	115879	1	0	0	0	0	0	0	0	0	1	0
C	Marios	23	171	1	1	7_____	115880	1	0	0	0	0	1	0	0	0	0	0
C	Marios	23	171	1	1	7_____	115887	1	0	0	0	0	0	0	0	0	1	0
C	Marios	23	171	1	1	7_____	115901	1	0	0	0	0	1	0	0	0	0	0
C	Marios	23	171	1	1	7_____	115908	1	0	0	0	0	0	0	0	0	1	0
C	Marios	23	171	1	1	7_____	115910	1	0	0	0	0	1	0	0	0	0	0
C	Marios	23	171	1	1	7_____	115925	1	0	0	0	0	0	0	0	0	1	0
C	Marios	23	171	1	1	7_____	116320	1	0	0	0	0	1	0	0	0	0	0
C	Marios	23	171	1	1	7_____	116408	1	0	0	0	0	0	0	0	0	1	0
C	Marios	23	171	1	1	7_____	118784	1	0	0	0	0	1	0	0	0	0	0
C	Marios	23	171	1	1	7_____	118789	1	0	0	0	0	0	0	0	0	1	0
C	Marios	23	171	1	1	7_____	118793	1	0	0	0	0	1	0	0	0	0	0
C	Marios	23	171	1	1	7_____	118797	1	0	0	0	0	0	0	0	0	1	0
C	Marios	23	171	1	1	7_____	118800	1	0	0	0	0	1	0	0	0	0	0
C	Marios	23	171	1	1	7_____	118904	1	0	0	0	0	0	0	0	0	1	0
C	Marios	23	171	1	1	7_____	119250	1	2	0	0	0	0	0	0	0	0	0
C	Marios	23	171	1	1	7_____	119750	2	16	0	0	0	0	0	0	0	0	0
C	Marios	23	171	1	1	7_____	119770	16	0	0	0	0	1	0	0	0	0	0
C	Marios	23	171	1	1	7_____	119852	16	0	0	0	0	0	0	0	0	1	0
C	Marios	23	171	1	1	7_____	120250	16	15	0	0	0	0	0	0	0	0	0
C	Marios	23	171	1	1	7_____	120750	15	1	0	0	0	0	0	0	0	0	0
C	Marios	23	171	1	1	7_____	120783	1	0	0	0	0	1	0	0	0	0	0
C	Marios	23	171	1	1	7_____	120960	1	0	0	0	0	0	0	0	0	1	0
C	Marios	23	171	1	1	7_____	122326	1	0	0	0	0	1	0	0	0	0	0
C	Marios	23	171	1	1	7_____	122461	1	0	0	0	0	0	0	0	0	1	0
C	Marios	23	171	1	1	7_____	123387	1	0	0	0	0	1	0	0	0	0	0
C	Marios	23	171	1	1	7_____	123528	1	0	0	0	0	0	0	0	0	1	0
C	Marios	23	171	1	1	7_____	124559	1	0	0	0	0	1	0	0	0	0	0
C	Marios	23	171	1	1	7_____	124659	1	0	0	0	0	0	0	0	0	1	0
C	Marios	23	171	1	1	7_____	126000	1	2	0	0	0	0	0	0	0	0	0
C	Marios	23	171	1	1	7_____	126091	2	0	0	0	0	1	0	0	0	0	0
C	Marios	23	171	1	1	7_____	126097	2	0	0	0	0	0	0	0	0	1	0
C	Marios	23	171	1	1	7_____	126398	2	0	0	0	0	1	0	0	0	0	0
C	Marios	23	171	1	1	7_____	126447	2	0	0	0	0	0	0	0	0	1	0
C	Marios	23	171	1	1	7_____	126500	2	17	0	0	0	0	0	0	0	0	0
C	Marios	23	171	1	1	7_____	126525	17	0	0	0	0	1	0	0	0	0	0
C	Marios	23	171	1	1	7_____	126574	17	0	0	0	0	0	0	0	0	1	0
C	Marios	23	171	1	1	7_____	126602	17	0	0	0	0	1	0	0	0	0	0
C	Marios	23	171	1	1	7_____	126627	17	0	0	0	0	0	0	0	0	1	0
C	Marios	23	171	1	1	7_____	126692	17	0	0	0	0	1	0	0	0	0	0
C	Marios	23	171	1	1	7_____	126816	17	0	0	0	0	0	0	0	0	1	0
C	Marios	23	171	1	1	7_____	126890	17	0	0	0	0	1	0	0	0	0	0
C	Marios	23	171	1	1	7_____	126956	17	0	0	0	0	0	0	0	0	1	0
C	Marios	23	171	1	1	7_____	127000	17	15	0	0	0	0	0	0	0	0	0
C	Marios	23	171	1	1	7_____	127077	15	0	0	0	0	1	0	0	0	0	0
C	Marios	23	171	1	1	7_____	127219	15	0	0	0	0	0	0	0	0	1	0
C	Marios	23	171	1	1	7_____	127500	15	1	0	0	0	0	0	0	0	0	0
C	Marios	23	171	1	1	7_____	129367	1	0	0	0	0	1	0	0	0	0	0
C	Marios	23	171	1	1	7_____	129460	1	0	0	0	0	0	0	0	0	1	0
C	Marios	23	171	1	1	7_____	129569	1	0	0	0	0	1	0	0	0	0	0
C	Marios	23	171	1	1	7_____	129683	1	0	0	0	0	0	0	0	0	1	0
C	Marios	23	171	1	1	7_____	130059	1	0	0	0	0	1	0	0	0	0	0
C	Marios	23	171	1	1	7_____	130262	1	0	0	0	0	0	0	0	0	1	0
C	Marios	23	171	1	1	7_____	130266	1	0	0	0	0	1	0	0	0	0	0
C	Marios	23	171	1	1	7_____	130305	1	0	0	0	0	0	0	0	0	1	0
C	Marios	23	171	1	1	7_____	130313	1	0	0	0	0	1	0	0	0	0	0
C	Marios	23	171	1	1	7_____	130346	1	0	0	0	0	0	0	0	0	1	0
C	Marios	23	171	1	1	7_____	131250	1	2	0	0	0	0	0	0	0	0	0
C	Marios	23	171	1	1	7_____	131732	2	0	0	0	0	1	0	0	0	0	0
C	Marios	23	171	1	1	7_____	131734	2	0	0	0	0	0	0	0	0	1	0
C	Marios	23	171	1	1	7_____	131750	2	17	0	0	0	0	0	0	0	0	0
C	Marios	23	171	1	1	7_____	132250	17	15	0	0	0	0	0	0	0	0	0
C	Marios	23	171	1	1	7_____	132750	15	1	0	0	0	0	0	0	0	0	0
C	Marios	23	171	1	1	7_____	134116	1	0	0	0	0	1	0	0	0	0	0
C	Marios	23	171	1	1	7_____	134192	1	0	0	0	0	0	0	0	0	1	0
C	Marios	23	171	1	1	7_____	135000	1	2	0	0	0	0	0	0	0	0	0
C	Marios	23	171	1	1	7_____	135500	2	7	0	0	0	0	0	0	0	0	0
C	Marios	23	171	1	1	7_____	135646	7	0	0	0	0	1	0	0	0	0	0
C	Marios	23	171	1	1	7_____	135684	7	0	0	0	0	0	0	0	0	1	0
C	Marios	23	171	1	1	7_____	135694	7	0	0	0	0	1	0	0	0	0	0
C	Marios	23	171	1	1	7_____	135728	7	0	0	0	0	0	0	0	0	1	0
C	Marios	23	171	1	1	7_____	135770	7	0	0	0	0	1	0	0	0	0	0
C	Marios	23	171	1	1	7_____	135791	7	0	0	0	0	0	0	0	0	1	0
C	Marios	23	171	1	1	7_____	135793	7	0	0	0	0	1	0	0	0	0	0
C	Marios	23	171	1	1	7_____	135819	7	0	0	0	0	0	0	0	0	1	0
C	Marios	23	171	1	1	7_____	135840	7	0	0	0	0	1	0	0	0	0	0
C	Marios	23	171	1	1	7_____	135861	7	0	0	0	0	0	0	0	0	1	0
C	Marios	23	171	1	1	7_____	135869	7	0	0	0	0	1	0	0	0	0	0
C	Marios	23	171	1	1	7_____	135926	7	0	0	0	0	0	0	0	0	1	0
C	Marios	23	171	1	1	7_____	135937	7	0	0	0	0	1	0	0	0	0	0
C	Marios	23	171	1	1	7_____	135954	7	0	0	0	0	0	0	0	0	1	0
C	Marios	23	171	1	1	7_____	135977	7	0	0	0	0	1	0	0	0	0	0
C	Marios	23	171	1	1	7_____	136000	7	10	0	0	0	0	0	0	0	0	0
C	Marios	23	171	1	1	7_____	136316	10	0	0	0	0	0	0	0	0	1	0
C	Marios	23	171	1	1	7_____	136500	10	1	0	0	0	0	0	0	0	0	0
C	Marios	23	171	1	1	7_____	138000	1	2	0	0	0	0	0	0	0	0	0
C	Marios	23	171	1	1	7_____	138500	2	16	0	0	0	0	0	0	0	0	0
C	Marios	23	171	1	1	7_____	139000	16	15	0	0	0	0	0	0	0	0	0
C	Marios	23	171	1	1	7_____	139474	15	0	0	0	0	1	0	0	0	0	0
C	Marios	23	171	1	1	7_____	139500	15	1	0	0	0	0	0	0	0	0	0
C	Marios	23	171	1	1	7_____	139523	1	0	0	0	0	0	0	0	0	1	0
C	Marios	23	171	1	1	7_____	141579	1	0	0	0	0	1	0	0	0	0	0
C	Marios	23	171	1	1	7_____	141630	1	0	0	0	0	0	0	0	0	1	0
C	Marios	23	171	1	1	7_____	141680	1	0	0	0	0	1	0	0	0	0	0
C	Marios	23	171	1	1	7_____	141853	1	0	0	0	0	0	0	0	0	1	0
C	Marios	23	171	1	1	7_____	142500	1	2	0	0	0	0	0	0	0	0	0
C	Marios	23	171	1	1	7_____	143000	2	6	0	0	0	0	0	0	0	0	0
C	Marios	23	171	1	1	7_____	143130	6	0	0	0	0	1	0	0	0	0	0
C	Marios	23	171	1	1	7_____	143192	6	0	0	0	0	0	0	0	0	1	0
C	Marios	23	171	1	1	7_____	143221	6	0	0	0	0	1	0	0	0	0	0
C	Marios	23	171	1	1	7_____	143283	6	0	0	0	0	0	0	0	0	1	0
C	Marios	23	171	1	1	7_____	143336	6	0	0	0	0	1	0	0	0	0	0
C	Marios	23	171	1	1	7_____	143347	6	0	0	0	0	0	0	0	0	1	0
C	Marios	23	171	1	1	7_____	143348	6	0	0	0	0	1	0	0	0	0	0
C	Marios	23	171	1	1	7_____	143388	6	0	0	0	0	0	0	0	0	1	0
C	Marios	23	171	1	1	7_____	143441	6	0	0	0	0	1	0	0	0	0	0
C	Marios	23	171	1	1	7_____	143500	6	11	0	0	0	0	0	0	0	0	0
C	Marios	23	171	1	1	7_____	143501	11	0	0	0	0	0	0	0	0	1	0
C	Marios	23	171	1	1	7_____	143514	11	0	0	0	0	1	0	0	0	0	0
C	Marios	23	171	1	1	7_____	143751	11	0	0	0	0	0	0	0	0	1	0
C	Marios	23	171	1	1	7_____	143760	11	0	0	0	0	1	0	0	0	0	0
C	Marios	23	171	1	1	7_____	143872	11	0	0	0	0	0	0	0	0	1	0
C	Marios	23	171	1	1	7_____	143894	11	0	0	0	0	1	0	0	0	0	0
C	Marios	23	171	1	1	7_____	143906	11	0	0	0	0	0	0	0	0	1	0
C	Marios	23	171	1	1	7_____	143911	11	0	0	0	0	1	0	0	0	0	0
C	Marios	23	171	1	1	7_____	143919	11	0	0	0	0	0	0	0	0	1	0
C	Marios	23	171	1	1	7_____	144000	11	14	0	0	0	0	0	0	0	0	0
C	Marios	23	171	1	1	7_____	144562	14	0	0	0	0	1	0	0	0	0	0
C	Marios	23	171	1	1	7_____	144620	14	0	0	0	0	0	0	0	0	1	0
C	Marios	23	171	1	1	7_____	144629	14	0	0	0	0	1	0	0	0	0	0
C	Marios	23	171	1	1	7_____	144701	14	0	0	0	0	0	0	0	0	1	0
C	Marios	23	171	1	1	7_____	147000	14	-1	0	0	0	0	0	0	0	0	0
C	Marios	23	171	5	1	32____	0	0	1	0	0	0	0	0	0	0	0	0
C	Marios	23	171	5	1	32____	1618	1	0	0	0	0	1	0	0	0	0	0
C	Marios	23	171	5	1	32____	1626	1	0	0	0	0	0	0	0	0	1	0
C	Marios	23	171	5	1	32____	1628	1	0	0	0	0	1	0	0	0	0	0
C	Marios	23	171	5	1	32____	1636	1	0	0	0	0	0	0	0	0	1	0
C	Marios	23	171	5	1	32____	2832	1	0	0	0	0	1	0	0	0	0	0
C	Marios	23	171	5	1	32____	2869	1	0	0	0	0	0	0	0	0	1	0
C	Marios	23	171	5	1	32____	2870	1	0	0	0	0	1	0	0	0	0	0
C	Marios	23	171	5	1	32____	2899	1	0	0	0	0	0	0	0	0	1	0
C	Marios	23	171	5	1	32____	3440	1	0	0	0	0	1	0	0	0	0	0
C	Marios	23	171	5	1	32____	3455	1	0	0	0	0	0	0	0	0	1	0
C	Marios	23	171	5	1	32____	4500	1	2	0	0	0	0	0	0	0	0	0
C	Marios	23	171	5	1	32____	4793	2	0	0	0	0	1	0	0	0	0	0
C	Marios	23	171	5	1	32____	4797	2	0	0	0	0	0	0	0	0	1	0
C	Marios	23	171	5	1	32____	5000	2	17	0	0	0	0	0	0	0	0	0
C	Marios	23	171	5	1	32____	5500	17	15	0	0	0	0	0	0	0	0	0
C	Marios	23	171	5	1	32____	6000	15	1	0	0	0	0	0	0	0	0	0
C	Marios	23	171	5	1	32____	6940	1	0	0	0	0	1	0	0	0	0	0
C	Marios	23	171	5	1	32____	6957	1	0	0	0	0	0	0	0	0	1	0
C	Marios	23	171	5	1	32____	8460	1	0	0	0	0	1	0	0	0	0	0
C	Marios	23	171	5	1	32____	8503	1	0	0	0	0	0	0	0	0	1	0
C	Marios	23	171	5	1	32____	9750	1	2	0	0	0	0	0	0	0	0	0
C	Marios	23	171	5	1	32____	10154	2	0	0	0	0	1	0	0	0	0	0
C	Marios	23	171	5	1	32____	10156	2	0	0	0	0	0	0	0	0	1	0
C	Marios	23	171	5	1	32____	10190	2	0	0	0	0	1	0	0	0	0	0
C	Marios	23	171	5	1	32____	10208	2	0	0	0	0	0	0	0	0	1	0
C	Marios	23	171	5	1	32____	10250	2	7	0	0	0	0	0	0	0	0	0
C	Marios	23	171	5	1	32____	10298	7	0	0	0	0	1	0	0	0	0	0
C	Marios	23	171	5	1	32____	10314	7	0	0	0	0	0	0	0	0	1	0
C	Marios	23	171	5	1	32____	10343	7	0	0	0	0	1	0	0	0	0	0
C	Marios	23	171	5	1	32____	10351	7	0	0	0	0	0	0	0	0	1	0
C	Marios	23	171	5	1	32____	10440	7	0	0	0	0	1	0	0	0	0	0
C	Marios	23	171	5	1	32____	10491	7	0	0	0	0	0	0	0	0	1	0
C	Marios	23	171	5	1	32____	10547	7	0	0	0	0	1	0	0	0	0	0
C	Marios	23	171	5	1	32____	10574	7	0	0	0	0	0	0	0	0	1	0
C	Marios	23	171	5	1	32____	10600	7	0	0	0	0	1	0	0	0	0	0
C	Marios	23	171	5	1	32____	10623	7	0	0	0	0	0	0	0	0	1	0
C	Marios	23	171	5	1	32____	10685	7	0	0	0	0	1	0	0	0	0	0
C	Marios	23	171	5	1	32____	10717	7	0	0	0	0	0	0	0	0	1	0
C	Marios	23	171	5	1	32____	10737	7	0	0	0	0	1	0	0	0	0	0
C	Marios	23	171	5	1	32____	10750	7	10	0	0	0	0	0	0	0	0	0
C	Marios	23	171	5	1	32____	10897	10	0	0	0	0	0	0	0	0	1	0
C	Marios	23	171	5	1	32____	10899	10	0	0	0	0	1	0	0	0	0	0
C	Marios	23	171	5	1	32____	10981	10	0	0	0	0	1	0	0	0	1	0
C	Marios	23	171	5	1	32____	10988	10	0	0	0	0	0	0	0	0	1	0
C	Marios	23	171	5	1	32____	10998	10	0	0	0	0	1	0	0	0	0	0
C	Marios	23	171	5	1	32____	11003	10	0	0	0	0	0	0	0	0	1	0
C	Marios	23	171	5	1	32____	11004	10	0	0	0	0	1	0	0	0	0	0
C	Marios	23	171	5	1	32____	11054	10	0	0	0	0	0	0	0	0	1	0
C	Marios	23	171	5	1	32____	11055	10	0	0	0	0	1	0	0	0	0	0
C	Marios	23	171	5	1	32____	11062	10	0	0	0	0	0	0	0	0	1	0
C	Marios	23	171	5	1	32____	11217	10	0	0	0	0	1	0	0	0	0	0
C	Marios	23	171	5	1	32____	11250	10	1	0	0	0	0	0	0	0	0	0
C	Marios	23	171	5	1	32____	11252	1	0	0	0	0	0	0	0	0	1	0
C	Marios	23	171	5	1	32____	11608	1	0	0	0	0	1	0	0	0	0	0
C	Marios	23	171	5	1	32____	11622	1	0	0	0	0	0	0	0	0	1	0
C	Marios	23	171	5	1	32____	12285	1	0	0	0	0	1	0	0	0	0	0
C	Marios	23	171	5	1	32____	12475	1	0	0	0	0	0	0	0	0	1	0
C	Marios	23	171	5	1	32____	12602	1	0	0	0	0	1	0	0	0	0	0
C	Marios	23	171	5	1	32____	12648	1	0	0	0	0	0	0	0	0	1	0
C	Marios	23	171	5	1	32____	12750	1	2	0	0	0	0	0	0	0	0	0
C	Marios	23	171	5	1	32____	13250	2	16	0	0	0	0	0	0	0	0	0
C	Marios	23	171	5	1	32____	13750	16	15	0	0	0	0	0	0	0	0	0
C	Marios	23	171	5	1	32____	14095	15	0	0	0	0	1	0	0	0	0	0
C	Marios	23	171	5	1	32____	14105	15	0	0	0	0	0	0	0	0	1	0
C	Marios	23	171	5	1	32____	14250	15	1	0	0	0	0	0	0	0	0	0
C	Marios	23	171	5	1	32____	14994	1	0	0	0	0	1	0	0	0	0	0
C	Marios	23	171	5	1	32____	15018	1	0	0	0	0	0	0	0	0	1	0
C	Marios	23	171	5	1	32____	15025	1	0	0	0	0	1	0	0	0	0	0
C	Marios	23	171	5	1	32____	15050	1	0	0	0	0	0	0	0	0	1	0
C	Marios	23	171	5	1	32____	15645	1	0	0	0	0	1	0	0	0	0	0
C	Marios	23	171	5	1	32____	15650	1	0	0	0	0	0	0	0	0	1	0
C	Marios	23	171	5	1	32____	17630	1	0	0	0	0	1	0	0	0	0	0
C	Marios	23	171	5	1	32____	17655	1	0	0	0	0	0	0	0	0	1	0
C	Marios	23	171	5	1	32____	17662	1	0	0	0	0	1	0	0	0	0	0
C	Marios	23	171	5	1	32____	17665	1	0	0	0	0	1	0	0	0	1	0
C	Marios	23	171	5	1	32____	17682	1	0	0	0	0	0	0	0	0	1	0
C	Marios	23	171	5	1	32____	17690	1	0	0	0	0	1	0	0	0	0	0
C	Marios	23	171	5	1	32____	17711	1	0	0	0	0	0	0	0	0	1	0
C	Marios	23	171	5	1	32____	17824	1	0	0	0	0	1	0	0	0	0	0
C	Marios	23	171	5	1	32____	17830	1	0	0	0	0	0	0	0	0	1	0
C	Marios	23	171	5	1	32____	17903	1	0	0	0	0	1	0	0	0	0	0
C	Marios	23	171	5	1	32____	17921	1	0	0	0	0	0	0	0	0	1	0
C	Marios	23	171	5	1	32____	19090	1	0	0	0	0	1	0	0	0	0	0
C	Marios	23	171	5	1	32____	19092	1	0	0	0	0	0	0	0	0	1	0
C	Marios	23	171	5	1	32____	19750	1	2	0	0	0	0	0	0	0	0	0
C	Marios	23	171	5	1	32____	19894	2	0	0	0	0	1	0	0	0	0	0
C	Marios	23	171	5	1	32____	19924	2	0	0	0	0	0	0	0	0	1	0
C	Marios	23	171	5	1	32____	19935	2	0	0	0	0	1	0	0	0	0	0
C	Marios	23	171	5	1	32____	19937	2	0	0	0	0	0	0	0	0	1	0
C	Marios	23	171	5	1	32____	19940	2	0	0	0	0	1	0	0	0	0	0
C	Marios	23	171	5	1	32____	19941	2	0	0	0	0	0	0	0	0	1	0
C	Marios	23	171	5	1	32____	19967	2	0	0	0	0	1	0	0	0	0	0
C	Marios	23	171	5	1	32____	19986	2	0	0	0	0	0	0	0	0	1	0
C	Marios	23	171	5	1	32____	20007	2	0	0	0	0	1	0	0	0	0	0
C	Marios	23	171	5	1	32____	20114	2	0	0	0	0	0	0	0	0	1	0
C	Marios	23	171	5	1	32____	20190	2	0	0	0	0	1	0	0	0	0	0
C	Marios	23	171	5	1	32____	20232	2	0	0	0	0	0	0	0	0	1	0
C	Marios	23	171	5	1	32____	20250	2	17	0	0	0	0	0	0	0	0	0
C	Marios	23	171	5	1	32____	20301	17	0	0	0	0	1	0	0	0	0	0
C	Marios	23	171	5	1	32____	20309	17	0	0	0	0	0	0	0	0	1	0
C	Marios	23	171	5	1	32____	20750	17	15	0	0	0	0	0	0	0	0	0
C	Marios	23	171	5	1	32____	21050	15	0	0	0	0	1	0	0	0	0	0
C	Marios	23	171	5	1	32____	21059	15	0	0	0	0	0	0	0	0	1	0
C	Marios	23	171	5	1	32____	21250	15	1	0	0	0	0	0	0	0	0	0
C	Marios	23	171	5	1	32____	21648	1	0	0	0	0	1	0	0	0	0	0
C	Marios	23	171	5	1	32____	21652	1	0	0	0	0	0	0	0	0	1	0
C	Marios	23	171	5	1	32____	21704	1	0	0	0	0	1	0	0	0	0	0
C	Marios	23	171	5	1	32____	21717	1	0	0	0	0	0	0	0	0	1	0
C	Marios	23	171	5	1	32____	21937	1	0	0	0	0	1	0	0	0	0	0
C	Marios	23	171	5	1	32____	22024	1	0	0	0	0	0	0	0	0	1	0
C	Marios	23	171	5	1	32____	23699	1	0	0	0	0	1	0	0	0	0	0
C	Marios	23	171	5	1	32____	23705	1	0	0	0	0	0	0	0	0	1	0
C	Marios	23	171	5	1	32____	25288	1	0	0	0	0	1	0	0	0	0	0
C	Marios	23	171	5	1	32____	25304	1	0	0	0	0	0	0	0	0	1	0
C	Marios	23	171	5	1	32____	25510	1	0	0	0	0	1	0	0	0	0	0
C	Marios	23	171	5	1	32____	25515	1	0	0	0	0	0	0	0	0	1	0
C	Marios	23	171	5	1	32____	25524	1	0	0	0	0	1	0	0	0	0	0
C	Marios	23	171	5	1	32____	25526	1	0	0	0	0	0	0	0	0	1	0
C	Marios	23	171	5	1	32____	27073	1	0	0	0	0	1	0	0	0	0	0
C	Marios	23	171	5	1	32____	27097	1	0	0	0	0	0	0	0	0	1	0
C	Marios	23	171	5	1	32____	27102	1	0	0	0	0	1	0	0	0	0	0
C	Marios	23	171	5	1	32____	27120	1	0	0	0	0	0	0	0	0	1	0
C	Marios	23	171	5	1	32____	27725	1	0	0	0	0	1	0	0	0	0	0
C	Marios	23	171	5	1	32____	27738	1	0	0	0	0	0	0	0	0	1	0
C	Marios	23	171	5	1	32____	27761	1	0	0	0	0	1	0	0	0	0	0
C	Marios	23	171	5	1	32____	27777	1	0	0	0	0	0	0	0	0	1	0
C	Marios	23	171	5	1	32____	27779	1	0	0	0	0	1	0	0	0	0	0
C	Marios	23	171	5	1	32____	27817	1	0	0	0	0	0	0	0	0	1	0
C	Marios	23	171	5	1	32____	28750	1	2	0	0	0	0	0	0	0	0	0
C	Marios	23	171	5	1	32____	28833	2	0	0	0	0	1	0	0	0	0	0
C	Marios	23	171	5	1	32____	28846	2	0	0	0	0	0	0	0	0	1	0
C	Marios	23	171	5	1	32____	29250	2	16	0	0	0	0	0	0	0	0	0
C	Marios	23	171	5	1	32____	29750	16	15	0	0	0	0	0	0	0	0	0
C	Marios	23	171	5	1	32____	30147	15	0	0	0	0	1	0	0	0	0	0
C	Marios	23	171	5	1	32____	30175	15	0	0	0	0	0	0	0	0	1	0
C	Marios	23	171	5	1	32____	30181	15	0	0	0	0	1	0	0	0	0	0
C	Marios	23	171	5	1	32____	30189	15	0	0	0	0	0	0	0	0	1	0
C	Marios	23	171	5	1	32____	30208	15	0	0	0	0	1	0	0	0	0	0
C	Marios	23	171	5	1	32____	30237	15	0	0	0	0	0	0	0	0	1	0
C	Marios	23	171	5	1	32____	30250	15	1	0	0	0	0	0	0	0	0	0
C	Marios	23	171	5	1	32____	31172	1	0	0	0	0	1	0	0	0	0	0
C	Marios	23	171	5	1	32____	31223	1	0	0	0	0	0	0	0	0	1	0
C	Marios	23	171	5	1	32____	33466	1	0	0	0	0	1	0	0	0	0	0
C	Marios	23	171	5	1	32____	33474	1	0	0	0	0	0	0	0	0	1	0
C	Marios	23	171	5	1	32____	33595	1	0	0	0	0	1	0	0	0	0	0
C	Marios	23	171	5	1	32____	33628	1	0	0	0	0	0	0	0	0	1	0
C	Marios	23	171	5	1	32____	33750	1	2	0	0	0	0	0	0	0	0	0
C	Marios	23	171	5	1	32____	34250	2	6	0	0	0	0	0	0	0	0	0
C	Marios	23	171	5	1	32____	34750	6	11	0	0	0	0	0	0	0	0	0
C	Marios	23	171	5	1	32____	34979	11	0	0	0	0	1	0	0	0	0	0
C	Marios	23	171	5	1	32____	35250	11	1	0	0	0	0	0	0	0	0	0
C	Marios	23	171	5	1	32____	35267	1	0	0	0	0	0	0	0	0	1	0
C	Marios	23	171	5	1	32____	35269	1	0	0	0	0	1	0	0	0	0	0
C	Marios	23	171	5	1	32____	35272	1	0	0	0	0	0	0	0	0	1	0
C	Marios	23	171	5	1	32____	35274	1	0	0	0	0	1	0	0	0	0	0
C	Marios	23	171	5	1	32____	35278	1	0	0	0	0	0	0	0	0	1	0
C	Marios	23	171	5	1	32____	35282	1	0	0	0	0	1	0	0	0	0	0
C	Marios	23	171	5	1	32____	35292	1	0	0	0	0	0	0	0	0	1	0
C	Marios	23	171	5	1	32____	35294	1	0	0	0	0	1	0	0	0	0	0
C	Marios	23	171	5	1	32____	35301	1	0	0	0	0	0	0	0	0	1	0
C	Marios	23	171	5	1	32____	36053	1	0	0	0	0	1	0	0	0	0	0
C	Marios	23	171	5	1	32____	36197	1	0	0	0	0	0	0	0	0	1	0
C	Marios	23	171	5	1	32____	36199	1	0	0	0	0	1	0	0	0	0	0
C	Marios	23	171	5	1	32____	36204	1	0	0	0	0	0	0	0	0	1	0
C	Marios	23	171	5	1	32____	36929	1	0	0	0	0	1	0	0	0	0	0
C	Marios	23	171	5	1	32____	36942	1	0	0	0	0	0	0	0	0	1	0
C	Marios	23	171	5	1	32____	37376	1	0	0	0	0	1	0	0	0	0	0
C	Marios	23	171	5	1	32____	37410	1	0	0	0	0	0	0	0	0	1	0
C	Marios	23	171	5	1	32____	37500	1	2	0	0	0	0	0	0	0	0	0
C	Marios	23	171	5	1	32____	38000	2	6	0	0	0	0	0	0	0	0	0
C	Marios	23	171	5	1	32____	38054	6	0	0	0	0	1	0	0	0	0	0
C	Marios	23	171	5	1	32____	38106	6	0	0	0	0	0	0	0	0	1	0
C	Marios	23	171	5	1	32____	38159	6	0	0	0	0	1	0	0	0	0	0
C	Marios	23	171	5	1	32____	38161	6	0	0	0	0	0	0	0	0	1	0
C	Marios	23	171	5	1	32____	38167	6	0	0	0	0	1	0	0	0	0	0
C	Marios	23	171	5	1	32____	38188	6	0	0	0	0	0	0	0	0	1	0
C	Marios	23	171	5	1	32____	38237	6	0	0	0	0	1	0	0	0	0	0
C	Marios	23	171	5	1	32____	38239	6	0	0	0	0	0	0	0	0	1	0
C	Marios	23	171	5	1	32____	38249	6	0	0	0	0	1	0	0	0	0	0
C	Marios	23	171	5	1	32____	38292	6	0	0	0	0	0	0	0	0	1	0
C	Marios	23	171	5	1	32____	38300	6	0	0	0	0	1	0	0	0	0	0
C	Marios	23	171	5	1	32____	38331	6	0	0	0	0	0	0	0	0	1	0
C	Marios	23	171	5	1	32____	38345	6	0	0	0	0	1	0	0	0	0	0
C	Marios	23	171	5	1	32____	38441	6	0	0	0	0	0	0	0	0	1	0
C	Marios	23	171	5	1	32____	38473	6	0	0	0	0	1	0	0	0	0	0
C	Marios	23	171	5	1	32____	38500	6	11	0	0	0	0	0	0	0	0	0
C	Marios	23	171	5	1	32____	38875	11	0	0	0	0	0	0	0	0	1	0
C	Marios	23	171	5	1	32____	38893	11	0	0	0	0	1	0	0	0	0	0
C	Marios	23	171	5	1	32____	38912	11	0	0	0	0	0	0	0	0	1	0
C	Marios	23	171	5	1	32____	38915	11	0	0	0	0	1	0	0	0	0	0
C	Marios	23	171	5	1	32____	38926	11	0	0	0	0	0	0	0	0	1	0
C	Marios	23	171	5	1	32____	38992	11	0	0	0	0	1	0	0	0	0	0
C	Marios	23	171	5	1	32____	38994	11	0	0	0	0	0	0	0	0	1	0
C	Marios	23	171	5	1	32____	39000	11	1	0	0	0	0	0	0	0	0	0
C	Marios	23	171	5	1	32____	39014	1	0	0	0	0	1	0	0	0	0	0
C	Marios	23	171	5	1	32____	39131	1	0	0	0	0	0	0	0	0	1	0
C	Marios	23	171	5	1	32____	39696	1	0	0	0	0	1	0	0	0	0	0
C	Marios	23	171	5	1	32____	39782	1	0	0	0	0	0	0	0	0	1	0
C	Marios	23	171	5	1	32____	39876	1	0	0	0	0	1	0	0	0	0	0
C	Marios	23	171	5	1	32____	39882	1	0	0	0	0	0	0	0	0	1	0
C	Marios	23	171	5	1	32____	41190	1	0	0	0	0	1	0	0	0	0	0
C	Marios	23	171	5	1	32____	41524	1	0	0	0	0	0	0	0	0	1	0
C	Marios	23	171	5	1	32____	43500	1	2	0	0	0	0	0	0	0	0	0
C	Marios	23	171	5	1	32____	43652	2	0	0	0	0	1	0	0	0	0	0
C	Marios	23	171	5	1	32____	43685	2	0	0	0	0	0	0	0	0	1	0
C	Marios	23	171	5	1	32____	44000	2	7	0	0	0	0	0	0	0	0	0
C	Marios	23	171	5	1	32____	44067	7	0	0	0	0	1	0	0	0	0	0
C	Marios	23	171	5	1	32____	44082	7	0	0	0	0	0	0	0	0	1	0
C	Marios	23	171	5	1	32____	44107	7	0	0	0	0	1	0	0	0	0	0
C	Marios	23	171	5	1	32____	44122	7	0	0	0	0	0	0	0	0	1	0
C	Marios	23	171	5	1	32____	44157	7	0	0	0	0	1	0	0	0	0	0
C	Marios	23	171	5	1	32____	44169	7	0	0	0	0	0	0	0	0	1	0
C	Marios	23	171	5	1	32____	44240	7	0	0	0	0	1	0	0	0	0	0
C	Marios	23	171	5	1	32____	44257	7	0	0	0	0	0	0	0	0	1	0
C	Marios	23	171	5	1	32____	44299	7	0	0	0	0	1	0	0	0	0	0
C	Marios	23	171	5	1	32____	44315	7	0	0	0	0	0	0	0	0	1	0
C	Marios	23	171	5	1	32____	44321	7	0	0	0	0	1	0	0	0	0	0
C	Marios	23	171	5	1	32____	44341	7	0	0	0	0	0	0	0	0	1	0
C	Marios	23	171	5	1	32____	44390	7	0	0	0	0	1	0	0	0	0	0
C	Marios	23	171	5	1	32____	44410	7	0	0	0	0	0	0	0	0	1	0
C	Marios	23	171	5	1	32____	44423	7	0	0	0	0	1	0	0	0	0	0
C	Marios	23	171	5	1	32____	44459	7	0	0	0	0	0	0	0	0	1	0
C	Marios	23	171	5	1	32____	44500	7	10	0	0	0	0	0	0	0	0	0
C	Marios	23	171	5	1	32____	44509	10	0	0	0	0	1	0	0	0	0	0
C	Marios	23	171	5	1	32____	44752	10	0	0	0	0	0	0	0	0	1	0
C	Marios	23	171	5	1	32____	44839	10	0	0	0	0	1	0	0	0	0	0
C	Marios	23	171	5	1	32____	44870	10	0	0	0	0	0	0	0	0	1	0
C	Marios	23	171	5	1	32____	44873	10	0	0	0	0	1	0	0	0	0	0
C	Marios	23	171	5	1	32____	44889	10	0	0	0	0	0	0	0	0	1	0
C	Marios	23	171	5	1	32____	45000	10	1	0	0	0	0	0	0	0	0	0
C	Marios	23	171	5	1	32____	45851	1	0	0	0	0	1	0	0	0	0	0
C	Marios	23	171	5	1	32____	45883	1	0	0	0	0	0	0	0	0	1	0
C	Marios	23	171	5	1	32____	46326	1	0	0	0	0	1	0	0	0	0	0
C	Marios	23	171	5	1	32____	46453	1	0	0	0	0	0	0	0	0	1	0
C	Marios	23	171	5	1	32____	47117	1	0	0	0	0	1	0	0	0	0	0
C	Marios	23	171	5	1	32____	47142	1	0	0	0	0	0	0	0	0	1	0
C	Marios	23	171	5	1	32____	47927	1	0	0	0	0	1	0	0	0	0	0
C	Marios	23	171	5	1	32____	47933	1	0	0	0	0	0	0	0	0	1	0
C	Marios	23	171	5	1	32____	48000	1	2	0	0	0	0	0	0	0	0	0
C	Marios	23	171	5	1	32____	48072	2	0	0	0	0	1	0	0	0	0	0
C	Marios	23	171	5	1	32____	48086	2	0	0	0	0	0	0	0	0	1	0
C	Marios	23	171	5	1	32____	48099	2	0	0	0	0	1	0	0	0	0	0
C	Marios	23	171	5	1	32____	48113	2	0	0	0	0	0	0	0	0	1	0
C	Marios	23	171	5	1	32____	48500	2	17	0	0	0	0	0	0	0	0	0
C	Marios	23	171	5	1	32____	49000	17	15	0	0	0	0	0	0	0	0	0
C	Marios	23	171	5	1	32____	49100	15	0	0	0	0	1	0	0	0	0	0
C	Marios	23	171	5	1	32____	49239	15	0	0	0	0	0	0	0	0	1	0
C	Marios	23	171	5	1	32____	49500	15	1	0	0	0	0	0	0	0	0	0
C	Marios	23	171	5	1	32____	50543	1	0	0	0	0	1	0	0	0	0	0
C	Marios	23	171	5	1	32____	50603	1	0	0	0	0	0	0	0	0	1	0
C	Marios	23	171	5	1	32____	51376	1	0	0	0	0	1	0	0	0	0	0
C	Marios	23	171	5	1	32____	51392	1	0	0	0	0	0	0	0	0	1	0
C	Marios	23	171	5	1	32____	52138	1	0	0	0	0	1	0	0	0	0	0
C	Marios	23	171	5	1	32____	52246	1	0	0	0	0	0	0	0	0	1	0
C	Marios	23	171	5	1	32____	54250	1	0	0	0	0	1	0	0	0	0	0
C	Marios	23	171	5	1	32____	54285	1	0	0	0	0	0	0	0	0	1	0
C	Marios	23	171	5	1	32____	54802	1	0	0	0	0	1	0	0	0	0	0
C	Marios	23	171	5	1	32____	54868	1	0	0	0	0	0	0	0	0	1	0
C	Marios	23	171	5	1	32____	55500	1	2	0	0	0	0	0	0	0	0	0
C	Marios	23	171	5	1	32____	55666	2	0	0	0	0	1	0	0	0	0	0
C	Marios	23	171	5	1	32____	55684	2	0	0	0	0	0	0	0	0	1	0
C	Marios	23	171	5	1	32____	55699	2	0	0	0	0	1	0	0	0	0	0
C	Marios	23	171	5	1	32____	55713	2	0	0	0	0	0	0	0	0	1	0
C	Marios	23	171	5	1	32____	56000	2	17	0	0	0	0	0	0	0	0	0
C	Marios	23	171	5	1	32____	56121	17	0	0	0	0	1	0	0	0	0	0
C	Marios	23	171	5	1	32____	56137	17	0	0	0	0	0	0	0	0	1	0
C	Marios	23	171	5	1	32____	56148	17	0	0	0	0	1	0	0	0	0	0
C	Marios	23	171	5	1	32____	56162	17	0	0	0	0	0	0	0	0	1	0
C	Marios	23	171	5	1	32____	56500	17	15	0	0	0	0	0	0	0	0	0
C	Marios	23	171	5	1	32____	56686	15	0	0	0	0	1	0	0	0	0	0
C	Marios	23	171	5	1	32____	56747	15	0	0	0	0	0	0	0	0	1	0
C	Marios	23	171	5	1	32____	57000	15	1	0	0	0	0	0	0	0	0	0
C	Marios	23	171	5	1	32____	58861	1	0	0	0	0	1	0	0	0	0	0
C	Marios	23	171	5	1	32____	58933	1	0	0	0	0	0	0	0	0	1	0
C	Marios	23	171	5	1	32____	60648	1	0	0	0	0	1	0	0	0	0	0
C	Marios	23	171	5	1	32____	60713	1	0	0	0	0	0	0	0	0	1	0
C	Marios	23	171	5	1	32____	61019	1	0	0	0	0	1	0	0	0	0	0
C	Marios	23	171	5	1	32____	61052	1	0	0	0	0	1	0	0	0	1	0
C	Marios	23	171	5	1	32____	61216	1	0	0	0	0	0	0	0	0	1	0
C	Marios	23	171	5	1	32____	61311	1	0	0	0	0	1	0	0	0	0	0
C	Marios	23	171	5	1	32____	61319	1	0	0	0	0	0	0	0	0	1	0
C	Marios	23	171	5	1	32____	61330	1	0	0	0	0	1	0	0	0	0	0
C	Marios	23	171	5	1	32____	61346	1	0	0	0	0	0	0	0	0	1	0
C	Marios	23	171	5	1	32____	61348	1	0	0	0	0	1	0	0	0	0	0
C	Marios	23	171	5	1	32____	61351	1	0	0	0	0	0	0	0	0	1	0
C	Marios	23	171	5	1	32____	61355	1	0	0	0	0	1	0	0	0	0	0
C	Marios	23	171	5	1	32____	61357	1	0	0	0	0	0	0	0	0	1	0
C	Marios	23	171	5	1	32____	61358	1	0	0	0	0	1	0	0	0	0	0
C	Marios	23	171	5	1	32____	61361	1	0	0	0	0	0	0	0	0	1	0
C	Marios	23	171	5	1	32____	61365	1	0	0	0	0	1	0	0	0	0	0
C	Marios	23	171	5	1	32____	61529	1	0	0	0	0	0	0	0	0	1	0
C	Marios	23	171	5	1	32____	61802	1	0	0	0	0	1	0	0	0	0	0
C	Marios	23	171	5	1	32____	61837	1	0	0	0	0	0	0	0	0	1	0
C	Marios	23	171	5	1	32____	63347	1	0	0	0	0	1	0	0	0	0	0
C	Marios	23	171	5	1	32____	63421	1	0	0	0	0	0	0	0	0	1	0
C	Marios	23	171	5	1	32____	63750	1	2	0	0	0	0	0	0	0	0	0
C	Marios	23	171	5	1	32____	64250	2	16	0	0	0	0	0	0	0	0	0
C	Marios	23	171	5	1	32____	64709	16	0	0	0	0	1	0	0	0	0	0
C	Marios	23	171	5	1	32____	64750	16	15	0	0	0	0	0	0	0	0	0
C	Marios	23	171	5	1	32____	64785	15	0	0	0	0	0	0	0	0	1	0
C	Marios	23	171	5	1	32____	65250	15	1	0	0	0	0	0	0	0	0	0
C	Marios	23	171	5	1	32____	65710	1	0	0	0	0	1	0	0	0	0	0
C	Marios	23	171	5	1	32____	65732	1	0	0	0	0	0	0	0	0	1	0
C	Marios	23	171	5	1	32____	65735	1	0	0	0	0	1	0	0	0	0	0
C	Marios	23	171	5	1	32____	65797	1	0	0	0	0	0	0	0	0	1	0
C	Marios	23	171	5	1	32____	66022	1	0	0	0	0	1	0	0	0	0	0
C	Marios	23	171	5	1	32____	66154	1	0	0	0	0	0	0	0	0	1	0
C	Marios	23	171	5	1	32____	67088	1	0	0	0	0	1	0	0	0	0	0
C	Marios	23	171	5	1	32____	67119	1	0	0	0	0	0	0	0	0	1	0
C	Marios	23	171	5	1	32____	67225	1	0	0	0	0	1	0	0	0	0	0
C	Marios	23	171	5	1	32____	67243	1	0	0	0	0	0	0	0	0	1	0
C	Marios	23	171	5	1	32____	67326	1	0	0	0	0	1	0	0	0	0	0
C	Marios	23	171	5	1	32____	67367	1	0	0	0	0	0	0	0	0	1	0
C	Marios	23	171	5	1	32____	70500	1	2	0	0	0	0	0	0	0	0	0
C	Marios	23	171	5	1	32____	71000	2	16	0	0	0	0	0	0	0	0	0
C	Marios	23	171	5	1	32____	71112	16	0	0	0	0	1	0	0	0	0	0
C	Marios	23	171	5	1	32____	71231	16	0	0	0	0	0	0	0	0	1	0
C	Marios	23	171	5	1	32____	71243	16	0	0	0	0	1	0	0	0	0	0
C	Marios	23	171	5	1	32____	71398	16	0	0	0	0	0	0	0	0	1	0
C	Marios	23	171	5	1	32____	71417	16	0	0	0	0	1	0	0	0	0	0
C	Marios	23	171	5	1	32____	71500	16	15	0	0	0	0	0	0	0	0	0
C	Marios	23	171	5	1	32____	71766	15	0	0	0	0	0	0	0	0	1	0
C	Marios	23	171	5	1	32____	71820	15	0	0	0	0	1	0	0	0	0	0
C	Marios	23	171	5	1	32____	71868	15	0	0	0	0	0	0	0	0	1	0
C	Marios	23	171	5	1	32____	71874	15	0	0	0	0	1	0	0	0	0	0
C	Marios	23	171	5	1	32____	71917	15	0	0	0	0	0	0	0	0	1	0
C	Marios	23	171	5	1	32____	72000	15	1	0	0	0	0	0	0	0	0	0
C	Marios	23	171	5	1	32____	72781	1	0	0	0	0	1	0	0	0	0	0
C	Marios	23	171	5	1	32____	72802	1	0	0	0	0	0	0	0	0	1	0
C	Marios	23	171	5	1	32____	75974	1	0	0	0	0	1	0	0	0	0	0
C	Marios	23	171	5	1	32____	76018	1	0	0	0	0	0	0	0	0	1	0
C	Marios	23	171	5	1	32____	76036	1	0	0	0	0	1	0	0	0	0	0
C	Marios	23	171	5	1	32____	76071	1	0	0	0	0	0	0	0	0	1	0
C	Marios	23	171	5	1	32____	76136	1	0	0	0	0	1	0	0	0	0	0
C	Marios	23	171	5	1	32____	76142	1	0	0	0	0	0	0	0	0	1	0
C	Marios	23	171	5	1	32____	76500	1	2	0	0	0	0	0	0	0	0	0
C	Marios	23	171	5	1	32____	76771	2	0	0	0	0	1	0	0	0	0	0
C	Marios	23	171	5	1	32____	76792	2	0	0	0	0	0	0	0	0	1	0
C	Marios	23	171	5	1	32____	77000	2	6	0	0	0	0	0	0	0	0	0
C	Marios	23	171	5	1	32____	77049	6	0	0	0	0	1	0	0	0	0	0
C	Marios	23	171	5	1	32____	77128	6	0	0	0	0	0	0	0	0	1	0
C	Marios	23	171	5	1	32____	77132	6	0	0	0	0	1	0	0	0	0	0
C	Marios	23	171	5	1	32____	77134	6	0	0	0	0	0	0	0	0	1	0
C	Marios	23	171	5	1	32____	77137	6	0	0	0	0	1	0	0	0	0	0
C	Marios	23	171	5	1	32____	77174	6	0	0	0	0	0	0	0	0	1	0
C	Marios	23	171	5	1	32____	77213	6	0	0	0	0	1	0	0	0	0	0
C	Marios	23	171	5	1	32____	77228	6	0	0	0	0	0	0	0	0	1	0
C	Marios	23	171	5	1	32____	77237	6	0	0	0	0	1	0	0	0	0	0
C	Marios	23	171	5	1	32____	77402	6	0	0	0	0	0	0	0	0	1	0
C	Marios	23	171	5	1	32____	77415	6	0	0	0	0	1	0	0	0	0	0
C	Marios	23	171	5	1	32____	77437	6	0	0	0	0	0	0	0	0	1	0
C	Marios	23	171	5	1	32____	77443	6	0	0	0	0	1	0	0	0	0	0
C	Marios	23	171	5	1	32____	77446	6	0	0	0	0	0	0	0	0	1	0
C	Marios	23	171	5	1	32____	77473	6	0	0	0	0	1	0	0	0	0	0
C	Marios	23	171	5	1	32____	77500	6	11	0	0	0	0	0	0	0	0	0
C	Marios	23	171	5	1	32____	77859	11	0	0	0	0	0	0	0	0	1	0
C	Marios	23	171	5	1	32____	77880	11	0	0	0	0	1	0	0	0	0	0
C	Marios	23	171	5	1	32____	77893	11	0	0	0	0	0	0	0	0	1	0
C	Marios	23	171	5	1	32____	77899	11	0	0	0	0	1	0	0	0	0	0
C	Marios	23	171	5	1	32____	77911	11	0	0	0	0	0	0	0	0	1	0
C	Marios	23	171	5	1	32____	77915	11	0	0	0	0	1	0	0	0	0	0
C	Marios	23	171	5	1	32____	78000	11	1	0	0	0	0	0	0	0	0	0
C	Marios	23	171	5	1	32____	78091	1	0	0	0	0	0	0	0	0	1	0
C	Marios	23	171	5	1	32____	78739	1	0	0	0	0	1	0	0	0	0	0
C	Marios	23	171	5	1	32____	78755	1	0	0	0	0	0	0	0	0	1	0
C	Marios	23	171	5	1	32____	78762	1	0	0	0	0	1	0	0	0	0	0
C	Marios	23	171	5	1	32____	78777	1	0	0	0	0	0	0	0	0	1	0
C	Marios	23	171	5	1	32____	78783	1	0	0	0	0	1	0	0	0	0	0
C	Marios	23	171	5	1	32____	78905	1	0	0	0	0	0	0	0	0	1	0
C	Marios	23	171	5	1	32____	80250	1	2	0	0	0	0	0	0	0	0	0
C	Marios	23	171	5	1	32____	80750	2	16	0	0	0	0	0	0	0	0	0
C	Marios	23	171	5	1	32____	80792	16	0	0	0	0	1	0	0	0	0	0
C	Marios	23	171	5	1	32____	80815	16	0	0	0	0	0	0	0	0	1	0
C	Marios	23	171	5	1	32____	80847	16	0	0	0	0	1	0	0	0	0	0
C	Marios	23	171	5	1	32____	80877	16	0	0	0	0	0	0	0	0	1	0
C	Marios	23	171	5	1	32____	81250	16	15	0	0	0	0	0	0	0	0	0
C	Marios	23	171	5	1	32____	81750	15	1	0	0	0	0	0	0	0	0	0
C	Marios	23	171	5	1	32____	82003	1	0	0	0	0	1	0	0	0	0	0
C	Marios	23	171	5	1	32____	82059	1	0	0	0	0	0	0	0	0	1	0
C	Marios	23	171	5	1	32____	82888	1	0	0	0	0	1	0	0	0	0	0
C	Marios	23	171	5	1	32____	82904	1	0	0	0	0	0	0	0	0	1	0
C	Marios	23	171	5	1	32____	83363	1	0	0	0	0	1	0	0	0	0	0
C	Marios	23	171	5	1	32____	83371	1	0	0	0	0	0	0	0	0	1	0
C	Marios	23	171	5	1	32____	83397	1	0	0	0	0	1	0	0	0	0	0
C	Marios	23	171	5	1	32____	83502	1	0	0	0	0	0	0	0	0	1	0
C	Marios	23	171	5	1	32____	85676	1	0	0	0	0	1	0	0	0	0	0
C	Marios	23	171	5	1	32____	85791	1	0	0	0	0	0	0	0	0	1	0
C	Marios	23	171	5	1	32____	86977	1	0	0	0	0	1	0	0	0	0	0
C	Marios	23	171	5	1	32____	87096	1	0	0	0	0	0	0	0	0	1	0
C	Marios	23	171	5	1	32____	87250	1	2	0	0	0	0	0	0	0	0	0
C	Marios	23	171	5	1	32____	87750	2	16	0	0	0	0	0	0	0	0	0
C	Marios	23	171	5	1	32____	88250	16	15	0	0	0	0	0	0	0	0	0
C	Marios	23	171	5	1	32____	88416	15	0	0	0	0	1	0	0	0	0	0
C	Marios	23	171	5	1	32____	88552	15	0	0	0	0	0	0	0	0	1	0
C	Marios	23	171	5	1	32____	88750	15	1	0	0	0	0	0	0	0	0	0
C	Marios	23	171	5	1	32____	89231	1	0	0	0	0	1	0	0	0	0	0
C	Marios	23	171	5	1	32____	89319	1	0	0	0	0	0	0	0	0	1	0
C	Marios	23	171	5	1	32____	90317	1	0	0	0	0	1	0	0	0	0	0
C	Marios	23	171	5	1	32____	90326	1	0	0	0	0	0	0	0	0	1	0
C	Marios	23	171	5	1	32____	90354	1	0	0	0	0	1	0	0	0	0	0
C	Marios	23	171	5	1	32____	90372	1	0	0	0	0	0	0	0	0	1	0
C	Marios	23	171	5	1	32____	90448	1	0	0	0	0	1	0	0	0	0	0
C	Marios	23	171	5	1	32____	90465	1	0	0	0	0	0	0	0	0	1	0
C	Marios	23	171	5	1	32____	91276	1	0	0	0	0	1	0	0	0	0	0
C	Marios	23	171	5	1	32____	91339	1	0	0	0	0	0	0	0	0	1	0
C	Marios	23	171	5	1	32____	91703	1	0	0	0	0	1	0	0	0	0	0
C	Marios	23	171	5	1	32____	91707	1	0	0	0	0	0	0	0	0	1	0
C	Marios	23	171	5	1	32____	91750	1	2	0	0	0	0	0	0	0	0	0
C	Marios	23	171	5	1	32____	91931	2	0	0	0	0	1	0	0	0	0	0
C	Marios	23	171	5	1	32____	92045	2	0	0	0	0	0	0	0	0	1	0
C	Marios	23	171	5	1	32____	92057	2	0	0	0	0	1	0	0	0	0	0
C	Marios	23	171	5	1	32____	92067	2	0	0	0	0	0	0	0	0	1	0
C	Marios	23	171	5	1	32____	92131	2	0	0	0	0	1	0	0	0	0	0
C	Marios	23	171	5	1	32____	92196	2	0	0	0	0	0	0	0	0	1	0
C	Marios	23	171	5	1	32____	92250	2	7	0	0	0	0	0	0	0	0	0
C	Marios	23	171	5	1	32____	92298	7	0	0	0	0	1	0	0	0	0	0
C	Marios	23	171	5	1	32____	92305	7	0	0	0	0	0	0	0	0	1	0
C	Marios	23	171	5	1	32____	92342	7	0	0	0	0	1	0	0	0	0	0
C	Marios	23	171	5	1	32____	92355	7	0	0	0	0	0	0	0	0	1	0
C	Marios	23	171	5	1	32____	92403	7	0	0	0	0	1	0	0	0	0	0
C	Marios	23	171	5	1	32____	92444	7	0	0	0	0	0	0	0	0	1	0
C	Marios	23	171	5	1	32____	92481	7	0	0	0	0	1	0	0	0	0	0
C	Marios	23	171	5	1	32____	92511	7	0	0	0	0	0	0	0	0	1	0
C	Marios	23	171	5	1	32____	92521	7	0	0	0	0	1	0	0	0	0	0
C	Marios	23	171	5	1	32____	92569	7	0	0	0	0	0	0	0	0	1	0
C	Marios	23	171	5	1	32____	92621	7	0	0	0	0	1	0	0	0	0	0
C	Marios	23	171	5	1	32____	92630	7	0	0	0	0	0	0	0	0	1	0
C	Marios	23	171	5	1	32____	92642	7	0	0	0	0	1	0	0	0	0	0
C	Marios	23	171	5	1	32____	92669	7	0	0	0	0	0	0	0	0	1	0
C	Marios	23	171	5	1	32____	92693	7	0	0	0	0	1	0	0	0	0	0
C	Marios	23	171	5	1	32____	92750	7	10	0	0	0	0	0	0	0	0	0
C	Marios	23	171	5	1	32____	93036	10	0	0	0	0	1	0	0	0	1	0
C	Marios	23	171	5	1	32____	93096	10	0	0	0	0	1	0	0	0	1	0
C	Marios	23	171	5	1	32____	93250	10	1	0	0	0	0	0	0	0	0	0
C	Marios	23	171	5	1	32____	93344	1	0	0	0	0	0	0	0	0	1	0
C	Marios	23	171	5	1	32____	93354	1	0	0	0	0	1	0	0	0	0	0
C	Marios	23	171	5	1	32____	93359	1	0	0	0	0	0	0	0	0	1	0
C	Marios	23	171	5	1	32____	94057	1	0	0	0	0	1	0	0	0	0	0
C	Marios	23	171	5	1	32____	94070	1	0	0	0	0	0	0	0	0	1	0
C	Marios	23	171	5	1	32____	94808	1	0	0	0	0	1	0	0	0	0	0
C	Marios	23	171	5	1	32____	94833	1	0	0	0	0	0	0	0	0	1	0
C	Marios	23	171	5	1	32____	94845	1	0	0	0	0	1	0	0	0	0	0
C	Marios	23	171	5	1	32____	94892	1	0	0	0	0	0	0	0	0	1	0
C	Marios	23	171	5	1	32____	95788	1	0	0	0	0	1	0	0	0	0	0
C	Marios	23	171	5	1	32____	95808	1	0	0	0	0	1	0	0	0	1	0
C	Marios	23	171	5	1	32____	95968	1	0	0	0	0	0	0	0	0	1	0
C	Marios	23	171	5	1	32____	97197	1	0	0	0	0	1	0	0	0	0	0
C	Marios	23	171	5	1	32____	97220	1	0	0	0	0	0	0	0	0	1	0
C	Marios	23	171	5	1	32____	97233	1	0	0	0	0	1	0	0	0	0	0
C	Marios	23	171	5	1	32____	97239	1	0	0	0	0	0	0	0	0	1	0
C	Marios	23	171	5	1	32____	97240	1	0	0	0	0	1	0	0	0	0	0
C	Marios	23	171	5	1	32____	97269	1	0	0	0	0	0	0	0	0	1	0
C	Marios	23	171	5	1	32____	98490	1	0	0	0	0	1	0	0	0	0	0
C	Marios	23	171	5	1	32____	98670	1	0	0	0	0	0	0	0	0	1	0
C	Marios	23	171	5	1	32____	98742	1	0	0	0	0	1	0	0	0	0	0
C	Marios	23	171	5	1	32____	98950	1	0	0	0	0	0	0	0	0	1	0
C	Marios	23	171	5	1	32____	99641	1	0	0	0	0	1	0	0	0	0	0
C	Marios	23	171	5	1	32____	99658	1	0	0	0	0	0	0	0	0	1	0
C	Marios	23	171	5	1	32____	100000	1	2	0	0	0	0	0	0	0	0	0
C	Marios	23	171	5	1	32____	100500	2	17	0	0	0	0	0	0	0	0	0
C	Marios	23	171	5	1	32____	100645	17	0	0	0	0	1	0	0	0	0	0
C	Marios	23	171	5	1	32____	100726	17	0	0	0	0	0	0	0	0	1	0
C	Marios	23	171	5	1	32____	100810	17	0	0	0	0	1	0	0	0	0	0
C	Marios	23	171	5	1	32____	100951	17	0	0	0	0	0	0	0	0	1	0
C	Marios	23	171	5	1	32____	101000	17	15	0	0	0	0	0	0	0	0	0
C	Marios	23	171	5	1	32____	101021	15	0	0	0	0	1	0	0	0	0	0
C	Marios	23	171	5	1	32____	101105	15	0	0	0	0	0	0	0	0	1	0
C	Marios	23	171	5	1	32____	101500	15	1	0	0	0	0	0	0	0	0	0
C	Marios	23	171	5	1	32____	102763	1	0	0	0	0	1	0	0	0	0	0
C	Marios	23	171	5	1	32____	102776	1	0	0	0	0	0	0	0	0	1	0
C	Marios	23	171	5	1	32____	102970	1	0	0	0	0	1	0	0	0	0	0
C	Marios	23	171	5	1	32____	102994	1	0	0	0	0	0	0	0	0	1	0
C	Marios	23	171	5	1	32____	104079	1	0	0	0	0	1	0	0	0	0	0
C	Marios	23	171	5	1	32____	104122	1	0	0	0	0	0	0	0	0	1	0
C	Marios	23	171	5	1	32____	104128	1	0	0	0	0	1	0	0	0	0	0
C	Marios	23	171	5	1	32____	104173	1	0	0	0	0	0	0	0	0	1	0
C	Marios	23	171	5	1	32____	106750	1	2	0	0	0	0	0	0	0	0	0
C	Marios	23	171	5	1	32____	107250	2	17	0	0	0	0	0	0	0	0	0
C	Marios	23	171	5	1	32____	107327	17	0	0	0	0	1	0	0	0	0	0
C	Marios	23	171	5	1	32____	107362	17	0	0	0	0	0	0	0	0	1	0
C	Marios	23	171	5	1	32____	107438	17	0	0	0	0	1	0	0	0	0	0
C	Marios	23	171	5	1	32____	107470	17	0	0	0	0	0	0	0	0	1	0
C	Marios	23	171	5	1	32____	107750	17	15	0	0	0	0	0	0	0	0	0
C	Marios	23	171	5	1	32____	108028	15	0	0	0	0	1	0	0	0	0	0
C	Marios	23	171	5	1	32____	108040	15	0	0	0	0	0	0	0	0	1	0
C	Marios	23	171	5	1	32____	108049	15	0	0	0	0	1	0	0	0	0	0
C	Marios	23	171	5	1	32____	108061	15	0	0	0	0	0	0	0	0	1	0
C	Marios	23	171	5	1	32____	108250	15	1	0	0	0	0	0	0	0	0	0
C	Marios	23	171	5	1	32____	109614	1	0	0	0	0	1	0	0	0	0	0
C	Marios	23	171	5	1	32____	109631	1	0	0	0	0	0	0	0	0	1	0
C	Marios	23	171	5	1	32____	109750	1	2	0	0	0	0	0	0	0	0	0
C	Marios	23	171	5	1	32____	109921	2	0	0	0	0	1	0	0	0	0	0
C	Marios	23	171	5	1	32____	109958	2	0	0	0	0	0	0	0	0	1	0
C	Marios	23	171	5	1	32____	110250	2	6	0	0	0	0	0	0	0	0	0
C	Marios	23	171	5	1	32____	110291	6	0	0	0	0	1	0	0	0	0	0
C	Marios	23	171	5	1	32____	110350	6	0	0	0	0	0	0	0	0	1	0
C	Marios	23	171	5	1	32____	110382	6	0	0	0	0	1	0	0	0	0	0
C	Marios	23	171	5	1	32____	110433	6	0	0	0	0	0	0	0	0	1	0
C	Marios	23	171	5	1	32____	110436	6	0	0	0	0	1	0	0	0	0	0
C	Marios	23	171	5	1	32____	110490	6	0	0	0	0	0	0	0	0	1	0
C	Marios	23	171	5	1	32____	110517	6	0	0	0	0	1	0	0	0	0	0
C	Marios	23	171	5	1	32____	110521	6	0	0	0	0	0	0	0	0	1	0
C	Marios	23	171	5	1	32____	110523	6	0	0	0	0	1	0	0	0	0	0
C	Marios	23	171	5	1	32____	110537	6	0	0	0	0	0	0	0	0	1	0
C	Marios	23	171	5	1	32____	110548	6	0	0	0	0	1	0	0	0	0	0
C	Marios	23	171	5	1	32____	110750	6	11	0	0	0	0	0	0	0	0	0
C	Marios	23	171	5	1	32____	111236	11	0	0	0	0	0	0	0	0	1	0
C	Marios	23	171	5	1	32____	111237	11	0	0	0	0	1	0	0	0	0	0
C	Marios	23	171	5	1	32____	111250	11	1	0	0	0	0	0	0	0	0	0
C	Marios	23	171	5	1	32____	111253	1	0	0	0	0	0	0	0	0	1	0
C	Marios	23	171	5	1	32____	112138	1	0	0	0	0	1	0	0	0	0	0
C	Marios	23	171	5	1	32____	112147	1	0	0	0	0	0	0	0	0	1	0
C	Marios	23	171	5	1	32____	112149	1	0	0	0	0	1	0	0	0	0	0
C	Marios	23	171	5	1	32____	112157	1	0	0	0	0	0	0	0	0	1	0
C	Marios	23	171	5	1	32____	113180	1	0	0	0	0	1	0	0	0	0	0
C	Marios	23	171	5	1	32____	113273	1	0	0	0	0	0	0	0	0	1	0
C	Marios	23	171	5	1	32____	113323	1	0	0	0	0	1	0	0	0	0	0
C	Marios	23	171	5	1	32____	113425	1	0	0	0	0	0	0	0	0	1	0
C	Marios	23	171	5	1	32____	113426	1	0	0	0	0	1	0	0	0	0	0
C	Marios	23	171	5	1	32____	113457	1	0	0	0	0	0	0	0	0	1	0
C	Marios	23	171	5	1	32____	115000	1	2	0	0	0	0	0	0	0	0	0
C	Marios	23	171	5	1	32____	115500	2	17	0	0	0	0	0	0	0	0	0
C	Marios	23	171	5	1	32____	115531	17	0	0	0	0	1	0	0	0	0	0
C	Marios	23	171	5	1	32____	115544	17	0	0	0	0	0	0	0	0	1	0
C	Marios	23	171	5	1	32____	115610	17	0	0	0	0	1	0	0	0	0	0
C	Marios	23	171	5	1	32____	115630	17	0	0	0	0	0	0	0	0	1	0
C	Marios	23	171	5	1	32____	116000	17	15	0	0	0	0	0	0	0	0	0
C	Marios	23	171	5	1	32____	116251	15	0	0	0	0	1	0	0	0	0	0
C	Marios	23	171	5	1	32____	116268	15	0	0	0	0	0	0	0	0	1	0
C	Marios	23	171	5	1	32____	116276	15	0	0	0	0	1	0	0	0	0	0
C	Marios	23	171	5	1	32____	116319	15	0	0	0	0	0	0	0	0	1	0
C	Marios	23	171	5	1	32____	116500	15	1	0	0	0	0	0	0	0	0	0
C	Marios	23	171	5	1	32____	117692	1	0	0	0	0	1	0	0	0	0	0
C	Marios	23	171	5	1	32____	117775	1	0	0	0	0	0	0	0	0	1	0
C	Marios	23	171	5	1	32____	117910	1	0	0	0	0	1	0	0	0	0	0
C	Marios	23	171	5	1	32____	118057	1	0	0	0	0	0	0	0	0	1	0
C	Marios	23	171	5	1	32____	118127	1	0	0	0	0	1	0	0	0	0	0
C	Marios	23	171	5	1	32____	118143	1	0	0	0	0	0	0	0	0	1	0
C	Marios	23	171	5	1	32____	120000	1	2	0	0	0	0	0	0	0	0	0
C	Marios	23	171	5	1	32____	120500	2	17	0	0	0	0	0	0	0	0	0
C	Marios	23	171	5	1	32____	120560	17	0	0	0	0	1	0	0	0	0	0
C	Marios	23	171	5	1	32____	120578	17	0	0	0	0	0	0	0	0	1	0
C	Marios	23	171	5	1	32____	120638	17	0	0	0	0	1	0	0	0	0	0
C	Marios	23	171	5	1	32____	120891	17	0	0	0	0	0	0	0	0	1	0
C	Marios	23	171	5	1	32____	120982	17	0	0	0	0	1	0	0	0	0	0
C	Marios	23	171	5	1	32____	121000	17	15	0	0	0	0	0	0	0	0	0
C	Marios	23	171	5	1	32____	121052	15	0	0	0	0	0	0	0	0	1	0
C	Marios	23	171	5	1	32____	121500	15	1	0	0	0	0	0	0	0	0	0
C	Marios	23	171	5	1	32____	126000	1	2	0	0	0	0	0	0	0	0	0
C	Marios	23	171	5	1	32____	126500	2	16	0	0	0	0	0	0	0	0	0
C	Marios	23	171	5	1	32____	126794	16	0	0	0	0	1	0	0	0	0	0
C	Marios	23	171	5	1	32____	126869	16	0	0	0	0	0	0	0	0	1	0
C	Marios	23	171	5	1	32____	127000	16	15	0	0	0	0	0	0	0	0	0
C	Marios	23	171	5	1	32____	127262	15	0	0	0	0	1	0	0	0	0	0
C	Marios	23	171	5	1	32____	127302	15	0	0	0	0	0	0	0	0	1	0
C	Marios	23	171	5	1	32____	127500	15	1	0	0	0	0	0	0	0	0	0
C	Marios	23	171	5	1	32____	128167	1	0	0	0	0	1	0	0	0	0	0
C	Marios	23	171	5	1	32____	128176	1	0	0	0	0	0	0	0	0	1	0
C	Marios	23	171	5	1	32____	128180	1	0	0	0	0	1	0	0	0	0	0
C	Marios	23	171	5	1	32____	128183	1	0	0	0	0	0	0	0	0	1	0
C	Marios	23	171	5	1	32____	128194	1	0	0	0	0	1	0	0	0	0	0
C	Marios	23	171	5	1	32____	128200	1	0	0	0	0	0	0	0	0	1	0
C	Marios	23	171	5	1	32____	128207	1	0	0	0	0	1	0	0	0	0	0
C	Marios	23	171	5	1	32____	128215	1	0	0	0	0	0	0	0	0	1	0
C	Marios	23	171	5	1	32____	128258	1	0	0	0	0	1	0	0	0	0	0
C	Marios	23	171	5	1	32____	128271	1	0	0	0	0	0	0	0	0	1	0
C	Marios	23	171	5	1	32____	128286	1	0	0	0	0	1	0	0	0	0	0
C	Marios	23	171	5	1	32____	128328	1	0	0	0	0	0	0	0	0	1	0
C	Marios	23	171	5	1	32____	129718	1	0	0	0	0	1	0	0	0	0	0
C	Marios	23	171	5	1	32____	129850	1	0	0	0	0	0	0	0	0	1	0
C	Marios	23	171	5	1	32____	129933	1	0	0	0	0	1	0	0	0	0	0
C	Marios	23	171	5	1	32____	130092	1	0	0	0	0	0	0	0	0	1	0
C	Marios	23	171	5	1	32____	133500	1	2	0	0	0	0	0	0	0	0	0
C	Marios	23	171	5	1	32____	134000	2	7	0	0	0	0	0	0	0	0	0
C	Marios	23	171	5	1	32____	134066	7	0	0	0	0	1	0	0	0	0	0
C	Marios	23	171	5	1	32____	134133	7	0	0	0	0	0	0	0	0	1	0
C	Marios	23	171	5	1	32____	134135	7	0	0	0	0	1	0	0	0	0	0
C	Marios	23	171	5	1	32____	134195	7	0	0	0	0	0	0	0	0	1	0
C	Marios	23	171	5	1	32____	134211	7	0	0	0	0	1	0	0	0	0	0
C	Marios	23	171	5	1	32____	134246	7	0	0	0	0	0	0	0	0	1	0
C	Marios	23	171	5	1	32____	134284	7	0	0	0	0	1	0	0	0	0	0
C	Marios	23	171	5	1	32____	134352	7	0	0	0	0	0	0	0	0	1	0
C	Marios	23	171	5	1	32____	134380	7	0	0	0	0	1	0	0	0	0	0
C	Marios	23	171	5	1	32____	134422	7	0	0	0	0	0	0	0	0	1	0
C	Marios	23	171	5	1	32____	134461	7	0	0	0	0	1	0	0	0	0	0
C	Marios	23	171	5	1	32____	134499	7	0	0	0	0	0	0	0	0	1	0
C	Marios	23	171	5	1	32____	134500	7	10	0	0	0	0	0	0	0	0	0
C	Marios	23	171	5	1	32____	134502	10	0	0	0	0	1	0	0	0	0	0
C	Marios	23	171	5	1	32____	134825	10	0	0	0	0	0	0	0	0	1	0
C	Marios	23	171	5	1	32____	134826	10	0	0	0	0	1	0	0	0	0	0
C	Marios	23	171	5	1	32____	134846	10	0	0	0	0	0	0	0	0	1	0
C	Marios	23	171	5	1	32____	134849	10	0	0	0	0	1	0	0	0	0	0
C	Marios	23	171	5	1	32____	134860	10	0	0	0	0	0	0	0	0	1	0
C	Marios	23	171	5	1	32____	135000	10	1	0	0	0	0	0	0	0	0	0
C	Marios	23	171	5	1	32____	135019	1	0	0	0	0	1	0	0	0	0	0
C	Marios	23	171	5	1	32____	135051	1	0	0	0	0	0	0	0	0	1	0
C	Marios	23	171	5	1	32____	135052	1	0	0	0	0	1	0	0	0	0	0
C	Marios	23	171	5	1	32____	135061	1	0	0	0	0	0	0	0	0	1	0
C	Marios	23	171	5	1	32____	135081	1	0	0	0	0	1	0	0	0	0	0
C	Marios	23	171	5	1	32____	135086	1	0	0	0	0	1	0	0	0	1	0
C	Marios	23	171	5	1	32____	135089	1	0	0	0	0	0	0	0	0	1	0
C	Marios	23	171	5	1	32____	135141	1	0	0	0	0	1	0	0	0	0	0
C	Marios	23	171	5	1	32____	135158	1	0	0	0	0	0	0	0	0	1	0
C	Marios	23	171	5	1	32____	135176	1	0	0	0	0	1	0	0	0	0	0
C	Marios	23	171	5	1	32____	135203	1	0	0	0	0	0	0	0	0	1	0
C	Marios	23	171	5	1	32____	135224	1	0	0	0	0	1	0	0	0	0	0
C	Marios	23	171	5	1	32____	135227	1	0	0	0	0	0	0	0	0	1	0
C	Marios	23	171	5	1	32____	135258	1	0	0	0	0	1	0	0	0	0	0
C	Marios	23	171	5	1	32____	135260	1	0	0	0	0	0	0	0	0	1	0
C	Marios	23	171	5	1	32____	135290	1	0	0	0	0	1	0	0	0	0	0
C	Marios	23	171	5	1	32____	135964	1	0	0	0	0	0	0	0	0	1	0
C	Marios	23	171	5	1	32____	136368	1	0	0	0	0	1	0	0	0	0	0
C	Marios	23	171	5	1	32____	136392	1	0	0	0	0	0	0	0	0	1	0
C	Marios	23	171	5	1	32____	136397	1	0	0	0	0	1	0	0	0	0	0
C	Marios	23	171	5	1	32____	136552	1	0	0	0	0	0	0	0	0	1	0
C	Marios	23	171	5	1	32____	140238	1	0	0	0	0	1	0	0	0	0	0
C	Marios	23	171	5	1	32____	140317	1	0	0	0	0	0	0	0	0	1	0
C	Marios	23	171	5	1	32____	141824	1	0	0	0	0	1	0	0	0	0	0
C	Marios	23	171	5	1	32____	141917	1	0	0	0	0	0	0	0	0	1	0
C	Marios	23	171	5	1	32____	142500	1	2	0	0	0	0	0	0	0	0	0
C	Marios	23	171	5	1	32____	143000	2	16	0	0	0	0	0	0	0	0	0
C	Marios	23	171	5	1	32____	143500	16	15	0	0	0	0	0	0	0	0	0
C	Marios	23	171	5	1	32____	144000	15	14	0	0	0	0	0	0	0	0	0
C	Marios	23	171	5	1	32____	144069	14	0	0	0	0	1	0	0	0	0	0
C	Marios	23	171	5	1	32____	144147	14	0	0	0	0	0	0	0	0	1	0
C	Marios	23	171	5	1	32____	144936	14	0	0	0	0	1	0	0	0	0	0
C	Marios	23	171	5	1	32____	144957	14	0	0	0	0	0	0	0	0	1	0
C	Marios	23	171	5	1	32____	145289	14	0	0	0	0	1	0	0	0	0	0
C	Marios	23	171	5	1	32____	145311	14	0	0	0	0	0	0	0	0	1	0
C	Marios	23	171	5	1	32____	146002	14	0	0	0	0	1	0	0	0	0	0
C	Marios	23	171	5	1	32____	146115	14	0	0	0	0	0	0	0	0	1	0
C	Marios	23	171	5	1	32____	146126	14	0	0	0	0	1	0	0	0	0	0
C	Marios	23	171	5	1	32____	146290	14	0	0	0	0	0	0	0	0	1	0
C	Marios	23	171	5	1	32____	147000	14	-1	0	0	0	0	0	0	0	0	0
