Project	UserID	Protocol	Session	Station	Run	Subject	Time	Current State	Transition State	Transition Event	A1 - LLR	A2 - RLR	A3 - MAG	A4 - 	A[1] LLR_OFF	A[2] RLR_OFF	A[3] MAG_OFF	A[4] 
C	Marios	20	170	9	1	2_____	0	0	1	0	0	0	0	0	0	0	0	0
C	Marios	20	170	9	1	2_____	1375	1	0	0	0	0	1	0	0	0	0	0
C	Marios	20	170	9	1	2_____	1398	1	0	0	0	0	0	0	0	0	1	0
C	Marios	20	170	9	1	2_____	3750	1	2	0	0	0	0	0	0	0	0	0
C	Marios	20	170	9	1	2_____	4039	2	0	0	0	0	1	0	0	0	0	0
C	Marios	20	170	9	1	2_____	4057	2	0	0	0	0	0	0	0	0	1	0
C	Marios	20	170	9	1	2_____	4250	2	12	0	0	0	0	0	0	0	0	0
C	Marios	20	170	9	1	2_____	4750	12	15	0	0	0	0	0	0	0	0	0
C	Marios	20	170	9	1	2_____	5250	15	1	0	0	0	0	0	0	0	0	0
C	Marios	20	170	9	1	2_____	6399	1	0	0	0	0	1	0	0	0	0	0
C	Marios	20	170	9	1	2_____	6417	1	0	0	0	0	0	0	0	0	1	0
C	Marios	20	170	9	1	2_____	8751	1	0	0	0	0	1	0	0	0	0	0
C	Marios	20	170	9	1	2_____	8756	1	0	0	0	0	0	0	0	0	1	0
C	Marios	20	170	9	1	2_____	9576	1	0	0	0	0	1	0	0	0	0	0
C	Marios	20	170	9	1	2_____	9578	1	0	0	0	0	0	0	0	0	1	0
C	Marios	20	170	9	1	2_____	10439	1	0	0	0	0	1	0	0	0	0	0
C	Marios	20	170	9	1	2_____	10500	1	2	0	0	0	0	0	0	0	0	0
C	Marios	20	170	9	1	2_____	10514	2	0	0	0	0	0	0	0	0	1	0
C	Marios	20	170	9	1	2_____	10960	2	0	0	0	0	1	0	0	0	0	0
C	Marios	20	170	9	1	2_____	10971	2	0	0	0	0	0	0	0	0	1	0
C	Marios	20	170	9	1	2_____	11000	2	13	0	0	0	0	0	0	0	0	0
C	Marios	20	170	9	1	2_____	11500	13	15	0	0	0	0	0	0	0	0	0
C	Marios	20	170	9	1	2_____	12000	15	1	0	0	0	0	0	0	0	0	0
C	Marios	20	170	9	1	2_____	18000	1	2	0	0	0	0	0	0	0	0	0
C	Marios	20	170	9	1	2_____	18295	2	0	0	0	0	1	0	0	0	0	0
C	Marios	20	170	9	1	2_____	18343	2	0	0	0	0	0	0	0	0	1	0
C	Marios	20	170	9	1	2_____	18364	2	0	0	0	0	1	0	0	0	0	0
C	Marios	20	170	9	1	2_____	18379	2	0	0	0	0	0	0	0	0	1	0
C	Marios	20	170	9	1	2_____	18500	2	13	0	0	0	0	0	0	0	0	0
C	Marios	20	170	9	1	2_____	19000	13	15	0	0	0	0	0	0	0	0	0
C	Marios	20	170	9	1	2_____	19500	15	1	0	0	0	0	0	0	0	0	0
C	Marios	20	170	9	1	2_____	21750	1	2	0	0	0	0	0	0	0	0	0
C	Marios	20	170	9	1	2_____	22250	2	6	0	0	0	0	0	0	0	0	0
C	Marios	20	170	9	1	2_____	22346	6	0	0	0	0	1	0	0	0	0	0
C	Marios	20	170	9	1	2_____	22354	6	0	0	0	0	0	0	0	0	1	0
C	Marios	20	170	9	1	2_____	22410	6	0	0	0	0	1	0	0	0	0	0
C	Marios	20	170	9	1	2_____	22476	6	0	0	0	0	0	0	0	0	1	0
C	Marios	20	170	9	1	2_____	22514	6	0	0	0	0	1	0	0	0	0	0
C	Marios	20	170	9	1	2_____	22519	6	0	0	0	0	0	0	0	0	1	0
C	Marios	20	170	9	1	2_____	22533	6	0	0	0	0	1	0	0	0	0	0
C	Marios	20	170	9	1	2_____	22549	6	0	0	0	0	0	0	0	0	1	0
C	Marios	20	170	9	1	2_____	22615	6	0	0	0	0	1	0	0	0	0	0
C	Marios	20	170	9	1	2_____	22650	6	0	0	0	0	0	0	0	0	1	0
C	Marios	20	170	9	1	2_____	22716	6	0	0	0	0	1	0	0	0	0	0
C	Marios	20	170	9	1	2_____	22719	6	0	0	0	0	0	0	0	0	1	0
C	Marios	20	170	9	1	2_____	22721	6	0	0	0	0	1	0	0	0	0	0
C	Marios	20	170	9	1	2_____	22738	6	0	0	0	0	0	0	0	0	1	0
C	Marios	20	170	9	1	2_____	22744	6	0	0	0	0	1	0	0	0	0	0
C	Marios	20	170	9	1	2_____	22750	6	10	0	0	0	0	0	0	0	0	0
C	Marios	20	170	9	1	2_____	22874	10	0	0	0	0	0	0	0	0	1	0
C	Marios	20	170	9	1	2_____	23098	10	0	0	0	0	1	0	0	0	0	0
C	Marios	20	170	9	1	2_____	23113	10	0	0	0	0	0	0	0	0	1	0
C	Marios	20	170	9	1	2_____	23250	10	1	0	0	0	0	0	0	0	0	0
C	Marios	20	170	9	1	2_____	24674	1	0	0	0	0	1	0	0	0	0	0
C	Marios	20	170	9	1	2_____	24784	1	0	0	0	0	0	0	0	0	1	0
C	Marios	20	170	9	1	2_____	26547	1	0	0	0	0	1	0	0	0	0	0
C	Marios	20	170	9	1	2_____	26704	1	0	0	0	0	0	0	0	0	1	0
C	Marios	20	170	9	1	2_____	26894	1	0	0	0	0	1	0	0	0	0	0
C	Marios	20	170	9	1	2_____	26909	1	0	0	0	0	0	0	0	0	1	0
C	Marios	20	170	9	1	2_____	26913	1	0	0	0	0	1	0	0	0	0	0
C	Marios	20	170	9	1	2_____	26935	1	0	0	0	0	1	0	0	0	1	0
C	Marios	20	170	9	1	2_____	26937	1	0	0	0	0	0	0	0	0	1	0
C	Marios	20	170	9	1	2_____	26962	1	0	0	0	0	1	0	0	0	0	0
C	Marios	20	170	9	1	2_____	26968	1	0	0	0	0	0	0	0	0	1	0
C	Marios	20	170	9	1	2_____	27017	1	0	0	0	0	1	0	0	0	0	0
C	Marios	20	170	9	1	2_____	27092	1	0	0	0	0	0	0	0	0	1	0
C	Marios	20	170	9	1	2_____	27659	1	0	0	0	0	1	0	0	0	0	0
C	Marios	20	170	9	1	2_____	27680	1	0	0	0	0	0	0	0	0	1	0
C	Marios	20	170	9	1	2_____	27750	1	2	0	0	0	0	0	0	0	0	0
C	Marios	20	170	9	1	2_____	28250	2	7	0	0	0	0	0	0	0	0	0
C	Marios	20	170	9	1	2_____	28306	7	0	0	0	0	1	0	0	0	0	0
C	Marios	20	170	9	1	2_____	28327	7	0	0	0	0	0	0	0	0	1	0
C	Marios	20	170	9	1	2_____	28356	7	0	0	0	0	1	0	0	0	0	0
C	Marios	20	170	9	1	2_____	28388	7	0	0	0	0	0	0	0	0	1	0
C	Marios	20	170	9	1	2_____	28418	7	0	0	0	0	1	0	0	0	0	0
C	Marios	20	170	9	1	2_____	28437	7	0	0	0	0	0	0	0	0	1	0
C	Marios	20	170	9	1	2_____	28472	7	0	0	0	0	1	0	0	0	0	0
C	Marios	20	170	9	1	2_____	28499	7	0	0	0	0	0	0	0	0	1	0
C	Marios	20	170	9	1	2_____	28521	7	0	0	0	0	1	0	0	0	0	0
C	Marios	20	170	9	1	2_____	28581	7	0	0	0	0	0	0	0	0	1	0
C	Marios	20	170	9	1	2_____	28588	7	0	0	0	0	1	0	0	0	0	0
C	Marios	20	170	9	1	2_____	28654	7	0	0	0	0	0	0	0	0	1	0
C	Marios	20	170	9	1	2_____	28692	7	0	0	0	0	1	0	0	0	0	0
C	Marios	20	170	9	1	2_____	28750	7	11	0	0	0	0	0	0	0	0	0
C	Marios	20	170	9	1	2_____	28968	11	0	0	0	0	0	0	0	0	1	0
C	Marios	20	170	9	1	2_____	29000	11	0	0	0	0	1	0	0	0	0	0
C	Marios	20	170	9	1	2_____	29021	11	0	0	0	0	0	0	0	0	1	0
C	Marios	20	170	9	1	2_____	29250	11	1	0	0	0	0	0	0	0	0	0
C	Marios	20	170	9	1	2_____	29424	1	0	0	0	0	1	0	0	0	0	0
C	Marios	20	170	9	1	2_____	29464	1	0	0	0	0	0	0	0	0	1	0
C	Marios	20	170	9	1	2_____	29902	1	0	0	0	0	1	0	0	0	0	0
C	Marios	20	170	9	1	2_____	29906	1	0	0	0	0	0	0	0	0	1	0
C	Marios	20	170	9	1	2_____	31531	1	0	0	0	0	1	0	0	0	0	0
C	Marios	20	170	9	1	2_____	31568	1	0	0	0	0	0	0	0	0	1	0
C	Marios	20	170	9	1	2_____	31677	1	0	0	0	0	1	0	0	0	0	0
C	Marios	20	170	9	1	2_____	31691	1	0	0	0	0	0	0	0	0	1	0
C	Marios	20	170	9	1	2_____	31754	1	0	0	0	0	1	0	0	0	0	0
C	Marios	20	170	9	1	2_____	31773	1	0	0	0	0	0	0	0	0	1	0
C	Marios	20	170	9	1	2_____	32609	1	0	0	0	0	1	0	0	0	0	0
C	Marios	20	170	9	1	2_____	32617	1	0	0	0	0	0	0	0	0	1	0
C	Marios	20	170	9	1	2_____	32750	1	2	0	0	0	0	0	0	0	0	0
C	Marios	20	170	9	1	2_____	33250	2	12	0	0	0	0	0	0	0	0	0
C	Marios	20	170	9	1	2_____	33750	12	15	0	0	0	0	0	0	0	0	0
C	Marios	20	170	9	1	2_____	34250	15	1	0	0	0	0	0	0	0	0	0
C	Marios	20	170	9	1	2_____	35397	1	0	0	0	0	1	0	0	0	0	0
C	Marios	20	170	9	1	2_____	35481	1	0	0	0	0	0	0	0	0	1	0
C	Marios	20	170	9	1	2_____	36343	1	0	0	0	0	1	0	0	0	0	0
C	Marios	20	170	9	1	2_____	36467	1	0	0	0	0	0	0	0	0	1	0
C	Marios	20	170	9	1	2_____	37061	1	0	0	0	0	1	0	0	0	0	0
C	Marios	20	170	9	1	2_____	37065	1	0	0	0	0	0	0	0	0	1	0
C	Marios	20	170	9	1	2_____	37070	1	0	0	0	0	1	0	0	0	0	0
C	Marios	20	170	9	1	2_____	37094	1	0	0	0	0	0	0	0	0	1	0
C	Marios	20	170	9	1	2_____	37945	1	0	0	0	0	1	0	0	0	0	0
C	Marios	20	170	9	1	2_____	37953	1	0	0	0	0	0	0	0	0	1	0
C	Marios	20	170	9	1	2_____	39348	1	0	0	0	0	1	0	0	0	0	0
C	Marios	20	170	9	1	2_____	39371	1	0	0	0	0	0	0	0	0	1	0
C	Marios	20	170	9	1	2_____	41000	1	2	0	0	0	0	0	0	0	0	0
C	Marios	20	170	9	1	2_____	41500	2	12	0	0	0	0	0	0	0	0	0
C	Marios	20	170	9	1	2_____	42000	12	15	0	0	0	0	0	0	0	0	0
C	Marios	20	170	9	1	2_____	42500	15	1	0	0	0	0	0	0	0	0	0
C	Marios	20	170	9	1	2_____	43007	1	0	0	0	0	1	0	0	0	0	0
C	Marios	20	170	9	1	2_____	43087	1	0	0	0	0	0	0	0	0	1	0
C	Marios	20	170	9	1	2_____	44463	1	0	0	0	0	1	0	0	0	0	0
C	Marios	20	170	9	1	2_____	44470	1	0	0	0	0	0	0	0	0	1	0
C	Marios	20	170	9	1	2_____	44850	1	0	0	0	0	1	0	0	0	0	0
C	Marios	20	170	9	1	2_____	44853	1	0	0	0	0	0	0	0	0	1	0
C	Marios	20	170	9	1	2_____	44855	1	0	0	0	0	1	0	0	0	0	0
C	Marios	20	170	9	1	2_____	44893	1	0	0	0	0	0	0	0	0	1	0
C	Marios	20	170	9	1	2_____	44949	1	0	0	0	0	1	0	0	0	0	0
C	Marios	20	170	9	1	2_____	45007	1	0	0	0	0	0	0	0	0	1	0
C	Marios	20	170	9	1	2_____	45500	1	2	0	0	0	0	0	0	0	0	0
C	Marios	20	170	9	1	2_____	46000	2	6	0	0	0	0	0	0	0	0	0
C	Marios	20	170	9	1	2_____	46059	6	0	0	0	0	1	0	0	0	0	0
C	Marios	20	170	9	1	2_____	46088	6	0	0	0	0	0	0	0	0	1	0
C	Marios	20	170	9	1	2_____	46116	6	0	0	0	0	1	0	0	0	0	0
C	Marios	20	170	9	1	2_____	46181	6	0	0	0	0	0	0	0	0	1	0
C	Marios	20	170	9	1	2_____	46212	6	0	0	0	0	1	0	0	0	0	0
C	Marios	20	170	9	1	2_____	46235	6	0	0	0	0	0	0	0	0	1	0
C	Marios	20	170	9	1	2_____	46256	6	0	0	0	0	1	0	0	0	0	0
C	Marios	20	170	9	1	2_____	46272	6	0	0	0	0	0	0	0	0	1	0
C	Marios	20	170	9	1	2_____	46280	6	0	0	0	0	1	0	0	0	0	0
C	Marios	20	170	9	1	2_____	46288	6	0	0	0	0	0	0	0	0	1	0
C	Marios	20	170	9	1	2_____	46334	6	0	0	0	0	1	0	0	0	0	0
C	Marios	20	170	9	1	2_____	46336	6	0	0	0	0	0	0	0	0	1	0
C	Marios	20	170	9	1	2_____	46337	6	0	0	0	0	1	0	0	0	0	0
C	Marios	20	170	9	1	2_____	46372	6	0	0	0	0	0	0	0	0	1	0
C	Marios	20	170	9	1	2_____	46420	6	0	0	0	0	1	0	0	0	0	0
C	Marios	20	170	9	1	2_____	46422	6	0	0	0	0	0	0	0	0	1	0
C	Marios	20	170	9	1	2_____	46458	6	0	0	0	0	1	0	0	0	0	0
C	Marios	20	170	9	1	2_____	46498	6	0	0	0	0	0	0	0	0	1	0
C	Marios	20	170	9	1	2_____	46500	6	10	0	0	0	0	0	0	0	0	0
C	Marios	20	170	9	1	2_____	46523	10	0	0	0	0	1	0	0	0	0	0
C	Marios	20	170	9	1	2_____	46747	10	0	0	0	0	0	0	0	0	1	0
C	Marios	20	170	9	1	2_____	46752	10	0	0	0	0	1	0	0	0	0	0
C	Marios	20	170	9	1	2_____	46754	10	0	0	0	0	0	0	0	0	1	0
C	Marios	20	170	9	1	2_____	46756	10	0	0	0	0	1	0	0	0	0	0
C	Marios	20	170	9	1	2_____	46912	10	0	0	0	0	0	0	0	0	1	0
C	Marios	20	170	9	1	2_____	47000	10	1	0	0	0	0	0	0	0	0	0
C	Marios	20	170	9	1	2_____	47241	1	0	0	0	0	1	0	0	0	0	0
C	Marios	20	170	9	1	2_____	47255	1	0	0	0	0	0	0	0	0	1	0
C	Marios	20	170	9	1	2_____	48997	1	0	0	0	0	1	0	0	0	0	0
C	Marios	20	170	9	1	2_____	49030	1	0	0	0	0	0	0	0	0	1	0
C	Marios	20	170	9	1	2_____	49911	1	0	0	0	0	1	0	0	0	0	0
C	Marios	20	170	9	1	2_____	49997	1	0	0	0	0	0	0	0	0	1	0
C	Marios	20	170	9	1	2_____	51020	1	0	0	0	0	1	0	0	0	0	0
C	Marios	20	170	9	1	2_____	51067	1	0	0	0	0	0	0	0	0	1	0
C	Marios	20	170	9	1	2_____	52797	1	0	0	0	0	1	0	0	0	0	0
C	Marios	20	170	9	1	2_____	52864	1	0	0	0	0	0	0	0	0	1	0
C	Marios	20	170	9	1	2_____	54500	1	2	0	0	0	0	0	0	0	0	0
C	Marios	20	170	9	1	2_____	54909	2	0	0	0	0	1	0	0	0	0	0
C	Marios	20	170	9	1	2_____	54982	2	0	0	0	0	0	0	0	0	1	0
C	Marios	20	170	9	1	2_____	55000	2	12	0	0	0	0	0	0	0	0	0
C	Marios	20	170	9	1	2_____	55500	12	15	0	0	0	0	0	0	0	0	0
C	Marios	20	170	9	1	2_____	56000	15	1	0	0	0	0	0	0	0	0	0
C	Marios	20	170	9	1	2_____	56574	1	0	0	0	0	1	0	0	0	0	0
C	Marios	20	170	9	1	2_____	56596	1	0	0	0	0	0	0	0	0	1	0
C	Marios	20	170	9	1	2_____	57500	1	2	0	0	0	0	0	0	0	0	0
C	Marios	20	170	9	1	2_____	58000	2	7	0	0	0	0	0	0	0	0	0
C	Marios	20	170	9	1	2_____	58141	7	0	0	0	0	1	0	0	0	0	0
C	Marios	20	170	9	1	2_____	58206	7	0	0	0	0	0	0	0	0	1	0
C	Marios	20	170	9	1	2_____	58244	7	0	0	0	0	1	0	0	0	0	0
C	Marios	20	170	9	1	2_____	58294	7	0	0	0	0	0	0	0	0	1	0
C	Marios	20	170	9	1	2_____	58349	7	0	0	0	0	1	0	0	0	0	0
C	Marios	20	170	9	1	2_____	58359	7	0	0	0	0	0	0	0	0	1	0
C	Marios	20	170	9	1	2_____	58369	7	0	0	0	0	1	0	0	0	0	0
C	Marios	20	170	9	1	2_____	58412	7	0	0	0	0	0	0	0	0	1	0
C	Marios	20	170	9	1	2_____	58467	7	0	0	0	0	1	0	0	0	0	0
C	Marios	20	170	9	1	2_____	58500	7	11	0	0	0	0	0	0	0	0	0
C	Marios	20	170	9	1	2_____	58882	11	0	0	0	0	0	0	0	0	1	0
C	Marios	20	170	9	1	2_____	59000	11	1	0	0	0	0	0	0	0	0	0
C	Marios	20	170	9	1	2_____	59107	1	0	0	0	0	1	0	0	0	0	0
C	Marios	20	170	9	1	2_____	59119	1	0	0	0	0	0	0	0	0	1	0
C	Marios	20	170	9	1	2_____	61239	1	0	0	0	0	1	0	0	0	0	0
C	Marios	20	170	9	1	2_____	61287	1	0	0	0	0	0	0	0	0	1	0
C	Marios	20	170	9	1	2_____	62520	1	0	0	0	0	1	0	0	0	0	0
C	Marios	20	170	9	1	2_____	62529	1	0	0	0	0	0	0	0	0	1	0
C	Marios	20	170	9	1	2_____	62686	1	0	0	0	0	1	0	0	0	0	0
C	Marios	20	170	9	1	2_____	62735	1	0	0	0	0	0	0	0	0	1	0
C	Marios	20	170	9	1	2_____	63205	1	0	0	0	0	1	0	0	0	0	0
C	Marios	20	170	9	1	2_____	63294	1	0	0	0	0	0	0	0	0	1	0
C	Marios	20	170	9	1	2_____	63500	1	2	0	0	0	0	0	0	0	0	0
C	Marios	20	170	9	1	2_____	63884	2	0	0	0	0	1	0	0	0	0	0
C	Marios	20	170	9	1	2_____	63942	2	0	0	0	0	0	0	0	0	1	0
C	Marios	20	170	9	1	2_____	64000	2	13	0	0	0	0	0	0	0	0	0
C	Marios	20	170	9	1	2_____	64500	13	15	0	0	0	0	0	0	0	0	0
C	Marios	20	170	9	1	2_____	65000	15	1	0	0	0	0	0	0	0	0	0
C	Marios	20	170	9	1	2_____	68264	1	0	0	0	0	1	0	0	0	0	0
C	Marios	20	170	9	1	2_____	68363	1	0	0	0	0	0	0	0	0	1	0
C	Marios	20	170	9	1	2_____	69821	1	0	0	0	0	1	0	0	0	0	0
C	Marios	20	170	9	1	2_____	69946	1	0	0	0	0	0	0	0	0	1	0
C	Marios	20	170	9	1	2_____	70034	1	0	0	0	0	1	0	0	0	0	0
C	Marios	20	170	9	1	2_____	70040	1	0	0	0	0	0	0	0	0	1	0
C	Marios	20	170	9	1	2_____	70500	1	2	0	0	0	0	0	0	0	0	0
C	Marios	20	170	9	1	2_____	71000	2	13	0	0	0	0	0	0	0	0	0
C	Marios	20	170	9	1	2_____	71500	13	15	0	0	0	0	0	0	0	0	0
C	Marios	20	170	9	1	2_____	71922	15	0	0	0	0	1	0	0	0	0	0
C	Marios	20	170	9	1	2_____	71925	15	0	0	0	0	0	0	0	0	1	0
C	Marios	20	170	9	1	2_____	71929	15	0	0	0	0	1	0	0	0	0	0
C	Marios	20	170	9	1	2_____	71981	15	0	0	0	0	0	0	0	0	1	0
C	Marios	20	170	9	1	2_____	72000	15	1	0	0	0	0	0	0	0	0	0
C	Marios	20	170	9	1	2_____	72467	1	0	0	0	0	1	0	0	0	0	0
C	Marios	20	170	9	1	2_____	72486	1	0	0	0	0	0	0	0	0	1	0
C	Marios	20	170	9	1	2_____	74799	1	0	0	0	0	1	0	0	0	0	0
C	Marios	20	170	9	1	2_____	74836	1	0	0	0	0	0	0	0	0	1	0
C	Marios	20	170	9	1	2_____	75500	1	2	0	0	0	0	0	0	0	0	0
C	Marios	20	170	9	1	2_____	76000	2	13	0	0	0	0	0	0	0	0	0
C	Marios	20	170	9	1	2_____	76500	13	15	0	0	0	0	0	0	0	0	0
C	Marios	20	170	9	1	2_____	77000	15	1	0	0	0	0	0	0	0	0	0
C	Marios	20	170	9	1	2_____	77198	1	0	0	0	0	1	0	0	0	0	0
C	Marios	20	170	9	1	2_____	77200	1	0	0	0	0	0	0	0	0	1	0
C	Marios	20	170	9	1	2_____	78476	1	0	0	0	0	1	0	0	0	0	0
C	Marios	20	170	9	1	2_____	78531	1	0	0	0	0	0	0	0	0	1	0
C	Marios	20	170	9	1	2_____	78761	1	0	0	0	0	1	0	0	0	0	0
C	Marios	20	170	9	1	2_____	78868	1	0	0	0	0	0	0	0	0	1	0
C	Marios	20	170	9	1	2_____	79082	1	0	0	0	0	1	0	0	0	0	0
C	Marios	20	170	9	1	2_____	79092	1	0	0	0	0	0	0	0	0	1	0
C	Marios	20	170	9	1	2_____	79167	1	0	0	0	0	1	0	0	0	0	0
C	Marios	20	170	9	1	2_____	79234	1	0	0	0	0	0	0	0	0	1	0
C	Marios	20	170	9	1	2_____	79641	1	0	0	0	0	1	0	0	0	0	0
C	Marios	20	170	9	1	2_____	79645	1	0	0	0	0	0	0	0	0	1	0
C	Marios	20	170	9	1	2_____	80136	1	0	0	0	0	1	0	0	0	0	0
C	Marios	20	170	9	1	2_____	80169	1	0	0	0	0	0	0	0	0	1	0
C	Marios	20	170	9	1	2_____	80631	1	0	0	0	0	1	0	0	0	0	0
C	Marios	20	170	9	1	2_____	80648	1	0	0	0	0	0	0	0	0	1	0
C	Marios	20	170	9	1	2_____	82480	1	0	0	0	0	1	0	0	0	0	0
C	Marios	20	170	9	1	2_____	82491	1	0	0	0	0	0	0	0	0	1	0
C	Marios	20	170	9	1	2_____	83000	1	2	0	0	0	0	0	0	0	0	0
C	Marios	20	170	9	1	2_____	83500	2	13	0	0	0	0	0	0	0	0	0
C	Marios	20	170	9	1	2_____	84000	13	15	0	0	0	0	0	0	0	0	0
C	Marios	20	170	9	1	2_____	84098	15	0	0	0	0	1	0	0	0	0	0
C	Marios	20	170	9	1	2_____	84110	15	0	0	0	0	0	0	0	0	1	0
C	Marios	20	170	9	1	2_____	84500	15	1	0	0	0	0	0	0	0	0	0
C	Marios	20	170	9	1	2_____	85566	1	0	0	0	0	1	0	0	0	0	0
C	Marios	20	170	9	1	2_____	85637	1	0	0	0	0	0	0	0	0	1	0
C	Marios	20	170	9	1	2_____	86971	1	0	0	0	0	1	0	0	0	0	0
C	Marios	20	170	9	1	2_____	86977	1	0	0	0	0	0	0	0	0	1	0
C	Marios	20	170	9	1	2_____	87312	1	0	0	0	0	1	0	0	0	0	0
C	Marios	20	170	9	1	2_____	87381	1	0	0	0	0	0	0	0	0	1	0
C	Marios	20	170	9	1	2_____	87589	1	0	0	0	0	1	0	0	0	0	0
C	Marios	20	170	9	1	2_____	87651	1	0	0	0	0	0	0	0	0	1	0
C	Marios	20	170	9	1	2_____	87778	1	0	0	0	0	1	0	0	0	0	0
C	Marios	20	170	9	1	2_____	87779	1	0	0	0	0	0	0	0	0	1	0
C	Marios	20	170	9	1	2_____	87853	1	0	0	0	0	1	0	0	0	0	0
C	Marios	20	170	9	1	2_____	87887	1	0	0	0	0	0	0	0	0	1	0
C	Marios	20	170	9	1	2_____	90000	1	2	0	0	0	0	0	0	0	0	0
C	Marios	20	170	9	1	2_____	90500	2	12	0	0	0	0	0	0	0	0	0
C	Marios	20	170	9	1	2_____	91000	12	15	0	0	0	0	0	0	0	0	0
C	Marios	20	170	9	1	2_____	91500	15	1	0	0	0	0	0	0	0	0	0
C	Marios	20	170	9	1	2_____	91868	1	0	0	0	0	1	0	0	0	0	0
C	Marios	20	170	9	1	2_____	91926	1	0	0	0	0	0	0	0	0	1	0
C	Marios	20	170	9	1	2_____	92754	1	0	0	0	0	1	0	0	0	0	0
C	Marios	20	170	9	1	2_____	92797	1	0	0	0	0	0	0	0	0	1	0
C	Marios	20	170	9	1	2_____	92972	1	0	0	0	0	1	0	0	0	0	0
C	Marios	20	170	9	1	2_____	93127	1	0	0	0	0	0	0	0	0	1	0
C	Marios	20	170	9	1	2_____	93657	1	0	0	0	0	1	0	0	0	0	0
C	Marios	20	170	9	1	2_____	93756	1	0	0	0	0	0	0	0	0	1	0
C	Marios	20	170	9	1	2_____	95045	1	0	0	0	0	1	0	0	0	0	0
C	Marios	20	170	9	1	2_____	95070	1	0	0	0	0	0	0	0	0	1	0
C	Marios	20	170	9	1	2_____	95088	1	0	0	0	0	1	0	0	0	0	0
C	Marios	20	170	9	1	2_____	95092	1	0	0	0	0	0	0	0	0	1	0
C	Marios	20	170	9	1	2_____	95117	1	0	0	0	0	1	0	0	0	0	0
C	Marios	20	170	9	1	2_____	95224	1	0	0	0	0	0	0	0	0	1	0
C	Marios	20	170	9	1	2_____	96000	1	2	0	0	0	0	0	0	0	0	0
C	Marios	20	170	9	1	2_____	96108	2	0	0	0	0	1	0	0	0	0	0
C	Marios	20	170	9	1	2_____	96209	2	0	0	0	0	0	0	0	0	1	0
C	Marios	20	170	9	1	2_____	96437	2	0	0	0	0	1	0	0	0	0	0
C	Marios	20	170	9	1	2_____	96456	2	0	0	0	0	0	0	0	0	1	0
C	Marios	20	170	9	1	2_____	96500	2	6	0	0	0	0	0	0	0	0	0
C	Marios	20	170	9	1	2_____	96580	6	0	0	0	0	1	0	0	0	0	0
C	Marios	20	170	9	1	2_____	96631	6	0	0	0	0	0	0	0	0	1	0
C	Marios	20	170	9	1	2_____	96676	6	0	0	0	0	1	0	0	0	0	0
C	Marios	20	170	9	1	2_____	96695	6	0	0	0	0	0	0	0	0	1	0
C	Marios	20	170	9	1	2_____	96736	6	0	0	0	0	1	0	0	0	0	0
C	Marios	20	170	9	1	2_____	96835	6	0	0	0	0	0	0	0	0	1	0
C	Marios	20	170	9	1	2_____	96899	6	0	0	0	0	1	0	0	0	0	0
C	Marios	20	170	9	1	2_____	96919	6	0	0	0	0	0	0	0	0	1	0
C	Marios	20	170	9	1	2_____	96922	6	0	0	0	0	1	0	0	0	0	0
C	Marios	20	170	9	1	2_____	96983	6	0	0	0	0	0	0	0	0	1	0
C	Marios	20	170	9	1	2_____	97000	6	10	0	0	0	0	0	0	0	0	0
C	Marios	20	170	9	1	2_____	97020	10	0	0	0	0	1	0	0	0	0	0
C	Marios	20	170	9	1	2_____	97308	10	0	0	0	0	0	0	0	0	1	0
C	Marios	20	170	9	1	2_____	97500	10	1	0	0	0	0	0	0	0	0	0
C	Marios	20	170	9	1	2_____	99571	1	0	0	0	0	1	0	0	0	0	0
C	Marios	20	170	9	1	2_____	99585	1	0	0	0	0	0	0	0	0	1	0
C	Marios	20	170	9	1	2_____	99750	1	2	0	0	0	0	0	0	0	0	0
C	Marios	20	170	9	1	2_____	100250	2	7	0	0	0	0	0	0	0	0	0
C	Marios	20	170	9	1	2_____	100341	7	0	0	0	0	1	0	0	0	0	0
C	Marios	20	170	9	1	2_____	100374	7	0	0	0	0	0	0	0	0	1	0
C	Marios	20	170	9	1	2_____	100418	7	0	0	0	0	1	0	0	0	0	0
C	Marios	20	170	9	1	2_____	100466	7	0	0	0	0	0	0	0	0	1	0
C	Marios	20	170	9	1	2_____	100520	7	0	0	0	0	1	0	0	0	0	0
C	Marios	20	170	9	1	2_____	100589	7	0	0	0	0	0	0	0	0	1	0
C	Marios	20	170	9	1	2_____	100608	7	0	0	0	0	1	0	0	0	0	0
C	Marios	20	170	9	1	2_____	100674	7	0	0	0	0	0	0	0	0	1	0
C	Marios	20	170	9	1	2_____	100750	7	11	0	0	0	0	0	0	0	0	0
C	Marios	20	170	9	1	2_____	100777	11	0	0	0	0	1	0	0	0	0	0
C	Marios	20	170	9	1	2_____	101130	11	0	0	0	0	0	0	0	0	1	0
C	Marios	20	170	9	1	2_____	101250	11	1	0	0	0	0	0	0	0	0	0
C	Marios	20	170	9	1	2_____	104929	1	0	0	0	0	1	0	0	0	0	0
C	Marios	20	170	9	1	2_____	104973	1	0	0	0	0	0	0	0	0	1	0
C	Marios	20	170	9	1	2_____	104976	1	0	0	0	0	1	0	0	0	0	0
C	Marios	20	170	9	1	2_____	104982	1	0	0	0	0	0	0	0	0	1	0
C	Marios	20	170	9	1	2_____	105809	1	0	0	0	0	1	0	0	0	0	0
C	Marios	20	170	9	1	2_____	105847	1	0	0	0	0	0	0	0	0	1	0
C	Marios	20	170	9	1	2_____	107645	1	0	0	0	0	1	0	0	0	0	0
C	Marios	20	170	9	1	2_____	107659	1	0	0	0	0	0	0	0	0	1	0
C	Marios	20	170	9	1	2_____	108750	1	2	0	0	0	0	0	0	0	0	0
C	Marios	20	170	9	1	2_____	109250	2	12	0	0	0	0	0	0	0	0	0
C	Marios	20	170	9	1	2_____	109750	12	15	0	0	0	0	0	0	0	0	0
C	Marios	20	170	9	1	2_____	110250	15	1	0	0	0	0	0	0	0	0	0
C	Marios	20	170	9	1	2_____	110518	1	0	0	0	0	1	0	0	0	0	0
C	Marios	20	170	9	1	2_____	110592	1	0	0	0	0	0	0	0	0	1	0
C	Marios	20	170	9	1	2_____	115182	1	0	0	0	0	1	0	0	0	0	0
C	Marios	20	170	9	1	2_____	115301	1	0	0	0	0	0	0	0	0	1	0
C	Marios	20	170	9	1	2_____	117000	1	2	0	0	0	0	0	0	0	0	0
C	Marios	20	170	9	1	2_____	117500	2	12	0	0	0	0	0	0	0	0	0
C	Marios	20	170	9	1	2_____	118000	12	15	0	0	0	0	0	0	0	0	0
C	Marios	20	170	9	1	2_____	118213	15	0	0	0	0	1	0	0	0	0	0
C	Marios	20	170	9	1	2_____	118269	15	0	0	0	0	0	0	0	0	1	0
C	Marios	20	170	9	1	2_____	118500	15	1	0	0	0	0	0	0	0	0	0
C	Marios	20	170	9	1	2_____	120255	1	0	0	0	0	1	0	0	0	0	0
C	Marios	20	170	9	1	2_____	120314	1	0	0	0	0	0	0	0	0	1	0
C	Marios	20	170	9	1	2_____	123661	1	0	0	0	0	1	0	0	0	0	0
C	Marios	20	170	9	1	2_____	123692	1	0	0	0	0	0	0	0	0	1	0
C	Marios	20	170	9	1	2_____	123750	1	2	0	0	0	0	0	0	0	0	0
C	Marios	20	170	9	1	2_____	124250	2	7	0	0	0	0	0	0	0	0	0
C	Marios	20	170	9	1	2_____	124303	7	0	0	0	0	1	0	0	0	0	0
C	Marios	20	170	9	1	2_____	124342	7	0	0	0	0	0	0	0	0	1	0
C	Marios	20	170	9	1	2_____	124366	7	0	0	0	0	1	0	0	0	0	0
C	Marios	20	170	9	1	2_____	124412	7	0	0	0	0	0	0	0	0	1	0
C	Marios	20	170	9	1	2_____	124443	7	0	0	0	0	1	0	0	0	0	0
C	Marios	20	170	9	1	2_____	124523	7	0	0	0	0	0	0	0	0	1	0
C	Marios	20	170	9	1	2_____	124557	7	0	0	0	0	1	0	0	0	0	0
C	Marios	20	170	9	1	2_____	124601	7	0	0	0	0	0	0	0	0	1	0
C	Marios	20	170	9	1	2_____	124632	7	0	0	0	0	1	0	0	0	0	0
C	Marios	20	170	9	1	2_____	124728	7	0	0	0	0	0	0	0	0	1	0
C	Marios	20	170	9	1	2_____	124750	7	11	0	0	0	0	0	0	0	0	0
C	Marios	20	170	9	1	2_____	124753	11	0	0	0	0	1	0	0	0	0	0
C	Marios	20	170	9	1	2_____	124914	11	0	0	0	0	0	0	0	0	1	0
C	Marios	20	170	9	1	2_____	124918	11	0	0	0	0	1	0	0	0	0	0
C	Marios	20	170	9	1	2_____	124922	11	0	0	0	0	0	0	0	0	1	0
C	Marios	20	170	9	1	2_____	124926	11	0	0	0	0	1	0	0	0	0	0
C	Marios	20	170	9	1	2_____	124929	11	0	0	0	0	0	0	0	0	1	0
C	Marios	20	170	9	1	2_____	125250	11	1	0	0	0	0	0	0	0	0	0
C	Marios	20	170	9	1	2_____	126576	1	0	0	0	0	1	0	0	0	0	0
C	Marios	20	170	9	1	2_____	126737	1	0	0	0	0	0	0	0	0	1	0
C	Marios	20	170	9	1	2_____	127778	1	0	0	0	0	1	0	0	0	0	0
C	Marios	20	170	9	1	2_____	127830	1	0	0	0	0	0	0	0	0	1	0
C	Marios	20	170	9	1	2_____	128250	1	2	0	0	0	0	0	0	0	0	0
C	Marios	20	170	9	1	2_____	128568	2	0	0	0	0	1	0	0	0	0	0
C	Marios	20	170	9	1	2_____	128696	2	0	0	0	0	0	0	0	0	1	0
C	Marios	20	170	9	1	2_____	128750	2	13	0	0	0	0	0	0	0	0	0
C	Marios	20	170	9	1	2_____	129250	13	15	0	0	0	0	0	0	0	0	0
C	Marios	20	170	9	1	2_____	129750	15	1	0	0	0	0	0	0	0	0	0
C	Marios	20	170	9	1	2_____	131840	1	0	0	0	0	1	0	0	0	0	0
C	Marios	20	170	9	1	2_____	131898	1	0	0	0	0	0	0	0	0	1	0
C	Marios	20	170	9	1	2_____	132326	1	0	0	0	0	1	0	0	0	0	0
C	Marios	20	170	9	1	2_____	132390	1	0	0	0	0	0	0	0	0	1	0
C	Marios	20	170	9	1	2_____	132411	1	0	0	0	0	1	0	0	0	0	0
C	Marios	20	170	9	1	2_____	132590	1	0	0	0	0	0	0	0	0	1	0
C	Marios	20	170	9	1	2_____	132692	1	0	0	0	0	1	0	0	0	0	0
C	Marios	20	170	9	1	2_____	132868	1	0	0	0	0	0	0	0	0	1	0
C	Marios	20	170	9	1	2_____	133265	1	0	0	0	0	1	0	0	0	0	0
C	Marios	20	170	9	1	2_____	133403	1	0	0	0	0	0	0	0	0	1	0
C	Marios	20	170	9	1	2_____	134250	1	2	0	0	0	0	0	0	0	0	0
C	Marios	20	170	9	1	2_____	134750	2	13	0	0	0	0	0	0	0	0	0
C	Marios	20	170	9	1	2_____	135116	13	0	0	0	0	1	0	0	0	0	0
C	Marios	20	170	9	1	2_____	135159	13	0	0	0	0	0	0	0	0	1	0
C	Marios	20	170	9	1	2_____	135250	13	15	0	0	0	0	0	0	0	0	0
C	Marios	20	170	9	1	2_____	135750	15	1	0	0	0	0	0	0	0	0	0
C	Marios	20	170	9	1	2_____	136061	1	0	0	0	0	1	0	0	0	0	0
C	Marios	20	170	9	1	2_____	136155	1	0	0	0	0	0	0	0	0	1	0
C	Marios	20	170	9	1	2_____	136367	1	0	0	0	0	1	0	0	0	0	0
C	Marios	20	170	9	1	2_____	136390	1	0	0	0	0	0	0	0	0	1	0
C	Marios	20	170	9	1	2_____	137250	1	2	0	0	0	0	0	0	0	0	0
C	Marios	20	170	9	1	2_____	137750	2	12	0	0	0	0	0	0	0	0	0
C	Marios	20	170	9	1	2_____	137945	12	0	0	0	0	1	0	0	0	0	0
C	Marios	20	170	9	1	2_____	137993	12	0	0	0	0	0	0	0	0	1	0
C	Marios	20	170	9	1	2_____	138250	12	15	0	0	0	0	0	0	0	0	0
C	Marios	20	170	9	1	2_____	138750	15	1	0	0	0	0	0	0	0	0	0
C	Marios	20	170	9	1	2_____	139037	1	0	0	0	0	1	0	0	0	0	0
C	Marios	20	170	9	1	2_____	139186	1	0	0	0	0	0	0	0	0	1	0
C	Marios	20	170	9	1	2_____	139382	1	0	0	0	0	1	0	0	0	0	0
C	Marios	20	170	9	1	2_____	139564	1	0	0	0	0	0	0	0	0	1	0
C	Marios	20	170	9	1	2_____	140619	1	0	0	0	0	1	0	0	0	0	0
C	Marios	20	170	9	1	2_____	140661	1	0	0	0	0	0	0	0	0	1	0
C	Marios	20	170	9	1	2_____	140729	1	0	0	0	0	1	0	0	0	0	0
C	Marios	20	170	9	1	2_____	140926	1	0	0	0	0	0	0	0	0	1	0
C	Marios	20	170	9	1	2_____	142500	1	2	0	0	0	0	0	0	0	0	0
C	Marios	20	170	9	1	2_____	142520	2	0	0	0	0	1	0	0	0	0	0
C	Marios	20	170	9	1	2_____	142549	2	0	0	0	0	0	0	0	0	1	0
C	Marios	20	170	9	1	2_____	143000	2	6	0	0	0	0	0	0	0	0	0
C	Marios	20	170	9	1	2_____	143049	6	0	0	0	0	1	0	0	0	0	0
C	Marios	20	170	9	1	2_____	143075	6	0	0	0	0	0	0	0	0	1	0
C	Marios	20	170	9	1	2_____	143097	6	0	0	0	0	1	0	0	0	0	0
C	Marios	20	170	9	1	2_____	143138	6	0	0	0	0	0	0	0	0	1	0
C	Marios	20	170	9	1	2_____	143181	6	0	0	0	0	1	0	0	0	0	0
C	Marios	20	170	9	1	2_____	143241	6	0	0	0	0	0	0	0	0	1	0
C	Marios	20	170	9	1	2_____	143286	6	0	0	0	0	1	0	0	0	0	0
C	Marios	20	170	9	1	2_____	143307	6	0	0	0	0	0	0	0	0	1	0
C	Marios	20	170	9	1	2_____	143335	6	0	0	0	0	1	0	0	0	0	0
C	Marios	20	170	9	1	2_____	143347	6	0	0	0	0	0	0	0	0	1	0
C	Marios	20	170	9	1	2_____	143430	6	0	0	0	0	1	0	0	0	0	0
C	Marios	20	170	9	1	2_____	143461	6	0	0	0	0	0	0	0	0	1	0
C	Marios	20	170	9	1	2_____	143500	6	10	0	0	0	0	0	0	0	0	0
C	Marios	20	170	9	1	2_____	143514	10	0	0	0	0	1	0	0	0	0	0
C	Marios	20	170	9	1	2_____	143731	10	0	0	0	0	0	0	0	0	1	0
C	Marios	20	170	9	1	2_____	144000	10	14	0	0	0	0	0	0	0	0	0
C	Marios	20	170	9	1	2_____	147000	14	-1	0	0	0	0	0	0	0	0	0
C	Marios	20	170	13	1	27____	0	0	1	0	0	0	0	0	0	0	0	0
C	Marios	20	170	13	1	27____	615	1	0	0	0	0	1	0	0	0	0	0
C	Marios	20	170	13	1	27____	626	1	0	0	0	0	0	0	0	0	1	0
C	Marios	20	170	13	1	27____	632	1	0	0	0	0	1	0	0	0	0	0
C	Marios	20	170	13	1	27____	655	1	0	0	0	0	0	0	0	0	1	0
C	Marios	20	170	13	1	27____	1701	1	0	0	0	0	1	0	0	0	0	0
C	Marios	20	170	13	1	27____	1707	1	0	0	0	0	0	0	0	0	1	0
C	Marios	20	170	13	1	27____	3750	1	2	0	0	0	0	0	0	0	0	0
C	Marios	20	170	13	1	27____	4032	2	0	0	0	0	1	0	0	0	0	0
C	Marios	20	170	13	1	27____	4043	2	0	0	0	0	0	0	0	0	1	0
C	Marios	20	170	13	1	27____	4250	2	12	0	0	0	0	0	0	0	0	0
C	Marios	20	170	13	1	27____	4750	12	15	0	0	0	0	0	0	0	0	0
C	Marios	20	170	13	1	27____	5250	15	1	0	0	0	0	0	0	0	0	0
C	Marios	20	170	13	1	27____	6744	1	0	0	0	0	1	0	0	0	0	0
C	Marios	20	170	13	1	27____	6756	1	0	0	0	0	0	0	0	0	1	0
C	Marios	20	170	13	1	27____	7846	1	0	0	0	0	1	0	0	0	0	0
C	Marios	20	170	13	1	27____	7893	1	0	0	0	0	0	0	0	0	1	0
C	Marios	20	170	13	1	27____	8750	1	2	0	0	0	0	0	0	0	0	0
C	Marios	20	170	13	1	27____	9250	2	13	0	0	0	0	0	0	0	0	0
C	Marios	20	170	13	1	27____	9750	13	15	0	0	0	0	0	0	0	0	0
C	Marios	20	170	13	1	27____	10250	15	1	0	0	0	0	0	0	0	0	0
C	Marios	20	170	13	1	27____	12500	1	2	0	0	0	0	0	0	0	0	0
C	Marios	20	170	13	1	27____	12591	2	0	0	0	0	1	0	0	0	0	0
C	Marios	20	170	13	1	27____	12602	2	0	0	0	0	0	0	0	0	1	0
C	Marios	20	170	13	1	27____	13000	2	6	0	0	0	0	0	0	0	0	0
C	Marios	20	170	13	1	27____	13108	6	0	0	0	0	1	0	0	0	0	0
C	Marios	20	170	13	1	27____	13249	6	0	0	0	0	0	0	0	0	1	0
C	Marios	20	170	13	1	27____	13257	6	0	0	0	0	1	0	0	0	0	0
C	Marios	20	170	13	1	27____	13415	6	0	0	0	0	0	0	0	0	1	0
C	Marios	20	170	13	1	27____	13429	6	0	0	0	0	1	0	0	0	0	0
C	Marios	20	170	13	1	27____	13489	6	0	0	0	0	0	0	0	0	1	0
C	Marios	20	170	13	1	27____	13500	6	10	0	0	0	0	0	0	0	0	0
C	Marios	20	170	13	1	27____	13542	10	0	0	0	0	1	0	0	0	0	0
C	Marios	20	170	13	1	27____	13647	10	0	0	0	0	0	0	0	0	1	0
C	Marios	20	170	13	1	27____	13791	10	0	0	0	0	1	0	0	0	0	0
C	Marios	20	170	13	1	27____	13801	10	0	0	0	0	0	0	0	0	1	0
C	Marios	20	170	13	1	27____	14000	10	1	0	0	0	0	0	0	0	0	0
C	Marios	20	170	13	1	27____	15486	1	0	0	0	0	1	0	0	0	0	0
C	Marios	20	170	13	1	27____	15495	1	0	0	0	0	0	0	0	0	1	0
C	Marios	20	170	13	1	27____	17000	1	2	0	0	0	0	0	0	0	0	0
C	Marios	20	170	13	1	27____	17500	2	7	0	0	0	0	0	0	0	0	0
C	Marios	20	170	13	1	27____	17544	7	0	0	0	0	1	0	0	0	0	0
C	Marios	20	170	13	1	27____	17556	7	0	0	0	0	0	0	0	0	1	0
C	Marios	20	170	13	1	27____	17633	7	0	0	0	0	1	0	0	0	0	0
C	Marios	20	170	13	1	27____	17874	7	0	0	0	0	0	0	0	0	1	0
C	Marios	20	170	13	1	27____	17908	7	0	0	0	0	1	0	0	0	0	0
C	Marios	20	170	13	1	27____	17911	7	0	0	0	0	0	0	0	0	1	0
C	Marios	20	170	13	1	27____	17942	7	0	0	0	0	1	0	0	0	0	0
C	Marios	20	170	13	1	27____	18000	7	11	0	0	0	0	0	0	0	0	0
C	Marios	20	170	13	1	27____	18162	11	0	0	0	0	0	0	0	0	1	0
C	Marios	20	170	13	1	27____	18166	11	0	0	0	0	1	0	0	0	0	0
C	Marios	20	170	13	1	27____	18188	11	0	0	0	0	1	0	0	0	1	0
C	Marios	20	170	13	1	27____	18217	11	0	0	0	0	0	0	0	0	1	0
C	Marios	20	170	13	1	27____	18220	11	0	0	0	0	1	0	0	0	0	0
C	Marios	20	170	13	1	27____	18302	11	0	0	0	0	0	0	0	0	1	0
C	Marios	20	170	13	1	27____	18500	11	1	0	0	0	0	0	0	0	0	0
C	Marios	20	170	13	1	27____	18525	1	0	0	0	0	1	0	0	0	0	0
C	Marios	20	170	13	1	27____	18542	1	0	0	0	0	0	0	0	0	1	0
C	Marios	20	170	13	1	27____	18546	1	0	0	0	0	1	0	0	0	0	0
C	Marios	20	170	13	1	27____	18573	1	0	0	0	0	0	0	0	0	1	0
C	Marios	20	170	13	1	27____	18574	1	0	0	0	0	1	0	0	0	0	0
C	Marios	20	170	13	1	27____	18615	1	0	0	0	0	0	0	0	0	1	0
C	Marios	20	170	13	1	27____	22472	1	0	0	0	0	1	0	0	0	0	0
C	Marios	20	170	13	1	27____	22477	1	0	0	0	0	0	0	0	0	1	0
C	Marios	20	170	13	1	27____	22478	1	0	0	0	0	1	0	0	0	0	0
C	Marios	20	170	13	1	27____	22500	1	0	0	0	0	0	0	0	0	1	0
C	Marios	20	170	13	1	27____	24629	1	0	0	0	0	1	0	0	0	0	0
C	Marios	20	170	13	1	27____	24661	1	0	0	0	0	0	0	0	0	1	0
C	Marios	20	170	13	1	27____	26000	1	2	0	0	0	0	0	0	0	0	0
C	Marios	20	170	13	1	27____	26055	2	0	0	0	0	1	0	0	0	0	0
C	Marios	20	170	13	1	27____	26057	2	0	0	0	0	0	0	0	0	1	0
C	Marios	20	170	13	1	27____	26500	2	13	0	0	0	0	0	0	0	0	0
C	Marios	20	170	13	1	27____	27000	13	15	0	0	0	0	0	0	0	0	0
C	Marios	20	170	13	1	27____	27500	15	1	0	0	0	0	0	0	0	0	0
C	Marios	20	170	13	1	27____	31804	1	0	0	0	0	1	0	0	0	0	0
C	Marios	20	170	13	1	27____	31811	1	0	0	0	0	0	0	0	0	1	0
C	Marios	20	170	13	1	27____	32750	1	2	0	0	0	0	0	0	0	0	0
C	Marios	20	170	13	1	27____	33250	2	12	0	0	0	0	0	0	0	0	0
C	Marios	20	170	13	1	27____	33750	12	15	0	0	0	0	0	0	0	0	0
C	Marios	20	170	13	1	27____	34250	15	1	0	0	0	0	0	0	0	0	0
C	Marios	20	170	13	1	27____	38750	1	2	0	0	0	0	0	0	0	0	0
C	Marios	20	170	13	1	27____	39250	2	12	0	0	0	0	0	0	0	0	0
C	Marios	20	170	13	1	27____	39750	12	15	0	0	0	0	0	0	0	0	0
C	Marios	20	170	13	1	27____	40063	15	0	0	0	0	1	0	0	0	0	0
C	Marios	20	170	13	1	27____	40104	15	0	0	0	0	0	0	0	0	1	0
C	Marios	20	170	13	1	27____	40250	15	1	0	0	0	0	0	0	0	0	0
C	Marios	20	170	13	1	27____	42259	1	0	0	0	0	1	0	0	0	0	0
C	Marios	20	170	13	1	27____	42438	1	0	0	0	0	0	0	0	0	1	0
C	Marios	20	170	13	1	27____	42860	1	0	0	0	0	1	0	0	0	0	0
C	Marios	20	170	13	1	27____	42862	1	0	0	0	0	0	0	0	0	1	0
C	Marios	20	170	13	1	27____	44750	1	2	0	0	0	0	0	0	0	0	0
C	Marios	20	170	13	1	27____	45250	2	6	0	0	0	0	0	0	0	0	0
C	Marios	20	170	13	1	27____	45324	6	0	0	0	0	1	0	0	0	0	0
C	Marios	20	170	13	1	27____	45497	6	0	0	0	0	0	0	0	0	1	0
C	Marios	20	170	13	1	27____	45570	6	0	0	0	0	1	0	0	0	0	0
C	Marios	20	170	13	1	27____	45572	6	0	0	0	0	0	0	0	0	1	0
C	Marios	20	170	13	1	27____	45619	6	0	0	0	0	1	0	0	0	0	0
C	Marios	20	170	13	1	27____	45698	6	0	0	0	0	0	0	0	0	1	0
C	Marios	20	170	13	1	27____	45724	6	0	0	0	0	1	0	0	0	0	0
C	Marios	20	170	13	1	27____	45750	6	10	0	0	0	0	0	0	0	0	0
C	Marios	20	170	13	1	27____	46162	10	0	0	0	0	0	0	0	0	1	0
C	Marios	20	170	13	1	27____	46163	10	0	0	0	0	1	0	0	0	0	0
C	Marios	20	170	13	1	27____	46165	10	0	0	0	0	0	0	0	0	1	0
C	Marios	20	170	13	1	27____	46167	10	0	0	0	0	1	0	0	0	0	0
C	Marios	20	170	13	1	27____	46175	10	0	0	0	0	0	0	0	0	1	0
C	Marios	20	170	13	1	27____	46250	10	1	0	0	0	0	0	0	0	0	0
C	Marios	20	170	13	1	27____	47750	1	2	0	0	0	0	0	0	0	0	0
C	Marios	20	170	13	1	27____	48250	2	7	0	0	0	0	0	0	0	0	0
C	Marios	20	170	13	1	27____	48284	7	0	0	0	0	1	0	0	0	0	0
C	Marios	20	170	13	1	27____	48348	7	0	0	0	0	0	0	0	0	1	0
C	Marios	20	170	13	1	27____	48419	7	0	0	0	0	1	0	0	0	0	0
C	Marios	20	170	13	1	27____	48607	7	0	0	0	0	0	0	0	0	1	0
C	Marios	20	170	13	1	27____	48645	7	0	0	0	0	1	0	0	0	0	0
C	Marios	20	170	13	1	27____	48750	7	11	0	0	0	0	0	0	0	0	0
C	Marios	20	170	13	1	27____	48857	11	0	0	0	0	0	0	0	0	1	0
C	Marios	20	170	13	1	27____	48858	11	0	0	0	0	1	0	0	0	0	0
C	Marios	20	170	13	1	27____	48861	11	0	0	0	0	0	0	0	0	1	0
C	Marios	20	170	13	1	27____	48868	11	0	0	0	0	1	0	0	0	0	0
C	Marios	20	170	13	1	27____	49009	11	0	0	0	0	0	0	0	0	1	0
C	Marios	20	170	13	1	27____	49011	11	0	0	0	0	1	0	0	0	0	0
C	Marios	20	170	13	1	27____	49015	11	0	0	0	0	1	0	0	0	1	0
C	Marios	20	170	13	1	27____	49022	11	0	0	0	0	0	0	0	0	1	0
C	Marios	20	170	13	1	27____	49039	11	0	0	0	0	1	0	0	0	0	0
C	Marios	20	170	13	1	27____	49042	11	0	0	0	0	0	0	0	0	1	0
C	Marios	20	170	13	1	27____	49095	11	0	0	0	0	1	0	0	0	0	0
C	Marios	20	170	13	1	27____	49100	11	0	0	0	0	0	0	0	0	1	0
C	Marios	20	170	13	1	27____	49104	11	0	0	0	0	1	0	0	0	0	0
C	Marios	20	170	13	1	27____	49107	11	0	0	0	0	0	0	0	0	1	0
C	Marios	20	170	13	1	27____	49145	11	0	0	0	0	1	0	0	0	0	0
C	Marios	20	170	13	1	27____	49174	11	0	0	0	0	0	0	0	0	1	0
C	Marios	20	170	13	1	27____	49178	11	0	0	0	0	1	0	0	0	0	0
C	Marios	20	170	13	1	27____	49219	11	0	0	0	0	0	0	0	0	1	0
C	Marios	20	170	13	1	27____	49237	11	0	0	0	0	1	0	0	0	0	0
C	Marios	20	170	13	1	27____	49250	11	1	0	0	0	0	0	0	0	0	0
C	Marios	20	170	13	1	27____	49336	1	0	0	0	0	0	0	0	0	1	0
C	Marios	20	170	13	1	27____	50781	1	0	0	0	0	1	0	0	0	0	0
C	Marios	20	170	13	1	27____	50819	1	0	0	0	0	0	0	0	0	1	0
C	Marios	20	170	13	1	27____	50829	1	0	0	0	0	1	0	0	0	0	0
C	Marios	20	170	13	1	27____	50835	1	0	0	0	0	0	0	0	0	1	0
C	Marios	20	170	13	1	27____	50846	1	0	0	0	0	1	0	0	0	0	0
C	Marios	20	170	13	1	27____	50888	1	0	0	0	0	0	0	0	0	1	0
C	Marios	20	170	13	1	27____	55299	1	0	0	0	0	1	0	0	0	0	0
C	Marios	20	170	13	1	27____	55610	1	0	0	0	0	0	0	0	0	1	0
C	Marios	20	170	13	1	27____	56000	1	2	0	0	0	0	0	0	0	0	0
C	Marios	20	170	13	1	27____	56500	2	12	0	0	0	0	0	0	0	0	0
C	Marios	20	170	13	1	27____	57000	12	15	0	0	0	0	0	0	0	0	0
C	Marios	20	170	13	1	27____	57500	15	1	0	0	0	0	0	0	0	0	0
C	Marios	20	170	13	1	27____	59265	1	0	0	0	0	1	0	0	0	0	0
C	Marios	20	170	13	1	27____	59272	1	0	0	0	0	0	0	0	0	1	0
C	Marios	20	170	13	1	27____	59280	1	0	0	0	0	1	0	0	0	0	0
C	Marios	20	170	13	1	27____	59407	1	0	0	0	0	0	0	0	0	1	0
C	Marios	20	170	13	1	27____	63500	1	2	0	0	0	0	0	0	0	0	0
C	Marios	20	170	13	1	27____	64000	2	13	0	0	0	0	0	0	0	0	0
C	Marios	20	170	13	1	27____	64110	13	0	0	0	0	1	0	0	0	0	0
C	Marios	20	170	13	1	27____	64324	13	0	0	0	0	0	0	0	0	1	0
C	Marios	20	170	13	1	27____	64452	13	0	0	0	0	1	0	0	0	0	0
C	Marios	20	170	13	1	27____	64500	13	15	0	0	0	0	0	0	0	0	0
C	Marios	20	170	13	1	27____	64571	15	0	0	0	0	0	0	0	0	1	0
C	Marios	20	170	13	1	27____	64602	15	0	0	0	0	1	0	0	0	0	0
C	Marios	20	170	13	1	27____	64842	15	0	0	0	0	0	0	0	0	1	0
C	Marios	20	170	13	1	27____	65000	15	1	0	0	0	0	0	0	0	0	0
C	Marios	20	170	13	1	27____	65031	1	0	0	0	0	1	0	0	0	0	0
C	Marios	20	170	13	1	27____	65065	1	0	0	0	0	0	0	0	0	1	0
C	Marios	20	170	13	1	27____	66395	1	0	0	0	0	1	0	0	0	0	0
C	Marios	20	170	13	1	27____	66403	1	0	0	0	0	1	0	0	0	1	0
C	Marios	20	170	13	1	27____	66477	1	0	0	0	0	0	0	0	0	1	0
C	Marios	20	170	13	1	27____	70500	1	2	0	0	0	0	0	0	0	0	0
C	Marios	20	170	13	1	27____	71000	2	13	0	0	0	0	0	0	0	0	0
C	Marios	20	170	13	1	27____	71311	13	0	0	0	0	1	0	0	0	0	0
C	Marios	20	170	13	1	27____	71500	13	15	0	0	0	0	0	0	0	0	0
C	Marios	20	170	13	1	27____	71587	15	0	0	0	0	0	0	0	0	1	0
C	Marios	20	170	13	1	27____	71599	15	0	0	0	0	1	0	0	0	0	0
C	Marios	20	170	13	1	27____	71756	15	0	0	0	0	0	0	0	0	1	0
C	Marios	20	170	13	1	27____	72000	15	1	0	0	0	0	0	0	0	0	0
C	Marios	20	170	13	1	27____	73417	1	0	0	0	0	1	0	0	0	0	0
C	Marios	20	170	13	1	27____	73554	1	0	0	0	0	0	0	0	0	1	0
C	Marios	20	170	13	1	27____	76500	1	2	0	0	0	0	0	0	0	0	0
C	Marios	20	170	13	1	27____	77000	2	13	0	0	0	0	0	0	0	0	0
C	Marios	20	170	13	1	27____	77256	13	0	0	0	0	1	0	0	0	0	0
C	Marios	20	170	13	1	27____	77354	13	0	0	0	0	0	0	0	0	1	0
C	Marios	20	170	13	1	27____	77356	13	0	0	0	0	1	0	0	0	0	0
C	Marios	20	170	13	1	27____	77376	13	0	0	0	0	0	0	0	0	1	0
C	Marios	20	170	13	1	27____	77378	13	0	0	0	0	1	0	0	0	0	0
C	Marios	20	170	13	1	27____	77390	13	0	0	0	0	0	0	0	0	1	0
C	Marios	20	170	13	1	27____	77392	13	0	0	0	0	1	0	0	0	0	0
C	Marios	20	170	13	1	27____	77400	13	0	0	0	0	0	0	0	0	1	0
C	Marios	20	170	13	1	27____	77402	13	0	0	0	0	1	0	0	0	0	0
C	Marios	20	170	13	1	27____	77410	13	0	0	0	0	0	0	0	0	1	0
C	Marios	20	170	13	1	27____	77412	13	0	0	0	0	1	0	0	0	0	0
C	Marios	20	170	13	1	27____	77420	13	0	0	0	0	0	0	0	0	1	0
C	Marios	20	170	13	1	27____	77424	13	0	0	0	0	1	0	0	0	0	0
C	Marios	20	170	13	1	27____	77431	13	0	0	0	0	0	0	0	0	1	0
C	Marios	20	170	13	1	27____	77433	13	0	0	0	0	1	0	0	0	0	0
C	Marios	20	170	13	1	27____	77442	13	0	0	0	0	0	0	0	0	1	0
C	Marios	20	170	13	1	27____	77444	13	0	0	0	0	1	0	0	0	0	0
C	Marios	20	170	13	1	27____	77450	13	0	0	0	0	0	0	0	0	1	0
C	Marios	20	170	13	1	27____	77453	13	0	0	0	0	1	0	0	0	0	0
C	Marios	20	170	13	1	27____	77459	13	0	0	0	0	0	0	0	0	1	0
C	Marios	20	170	13	1	27____	77463	13	0	0	0	0	1	0	0	0	0	0
C	Marios	20	170	13	1	27____	77469	13	0	0	0	0	0	0	0	0	1	0
C	Marios	20	170	13	1	27____	77473	13	0	0	0	0	1	0	0	0	0	0
C	Marios	20	170	13	1	27____	77478	13	0	0	0	0	0	0	0	0	1	0
C	Marios	20	170	13	1	27____	77479	13	0	0	0	0	1	0	0	0	0	0
C	Marios	20	170	13	1	27____	77481	13	0	0	0	0	0	0	0	0	1	0
C	Marios	20	170	13	1	27____	77500	13	15	0	0	0	0	0	0	0	0	0
C	Marios	20	170	13	1	27____	77595	15	0	0	0	0	1	0	0	0	0	0
C	Marios	20	170	13	1	27____	77669	15	0	0	0	0	0	0	0	0	1	0
C	Marios	20	170	13	1	27____	78000	15	1	0	0	0	0	0	0	0	0	0
C	Marios	20	170	13	1	27____	78688	1	0	0	0	0	1	0	0	0	0	0
C	Marios	20	170	13	1	27____	78759	1	0	0	0	0	0	0	0	0	1	0
C	Marios	20	170	13	1	27____	84000	1	2	0	0	0	0	0	0	0	0	0
C	Marios	20	170	13	1	27____	84500	2	6	0	0	0	0	0	0	0	0	0
C	Marios	20	170	13	1	27____	84623	6	0	0	0	0	1	0	0	0	0	0
C	Marios	20	170	13	1	27____	85000	6	10	0	0	0	0	0	0	0	0	0
C	Marios	20	170	13	1	27____	85179	10	0	0	0	0	0	0	0	0	1	0
C	Marios	20	170	13	1	27____	85184	10	0	0	0	0	1	0	0	0	0	0
C	Marios	20	170	13	1	27____	85197	10	0	0	0	0	0	0	0	0	1	0
C	Marios	20	170	13	1	27____	85385	10	0	0	0	0	1	0	0	0	0	0
C	Marios	20	170	13	1	27____	85500	10	1	0	0	0	0	0	0	0	0	0
C	Marios	20	170	13	1	27____	85506	1	0	0	0	0	0	0	0	0	1	0
C	Marios	20	170	13	1	27____	85546	1	0	0	0	0	1	0	0	0	0	0
C	Marios	20	170	13	1	27____	85553	1	0	0	0	0	0	0	0	0	1	0
C	Marios	20	170	13	1	27____	85563	1	0	0	0	0	1	0	0	0	0	0
C	Marios	20	170	13	1	27____	85566	1	0	0	0	0	0	0	0	0	1	0
C	Marios	20	170	13	1	27____	85573	1	0	0	0	0	1	0	0	0	0	0
C	Marios	20	170	13	1	27____	85582	1	0	0	0	0	0	0	0	0	1	0
C	Marios	20	170	13	1	27____	88831	1	0	0	0	0	1	0	0	0	0	0
C	Marios	20	170	13	1	27____	88867	1	0	0	0	0	0	0	0	0	1	0
C	Marios	20	170	13	1	27____	88868	1	0	0	0	0	1	0	0	0	0	0
C	Marios	20	170	13	1	27____	88870	1	0	0	0	0	0	0	0	0	1	0
C	Marios	20	170	13	1	27____	88915	1	0	0	0	0	1	0	0	0	0	0
C	Marios	20	170	13	1	27____	88917	1	0	0	0	0	0	0	0	0	1	0
C	Marios	20	170	13	1	27____	89000	1	2	0	0	0	0	0	0	0	0	0
C	Marios	20	170	13	1	27____	89007	2	0	0	0	0	1	0	0	0	0	0
C	Marios	20	170	13	1	27____	89008	2	0	0	0	0	0	0	0	0	1	0
C	Marios	20	170	13	1	27____	89500	2	13	0	0	0	0	0	0	0	0	0
C	Marios	20	170	13	1	27____	89585	13	0	0	0	0	1	0	0	0	0	0
C	Marios	20	170	13	1	27____	89586	13	0	0	0	0	0	0	0	0	1	0
C	Marios	20	170	13	1	27____	90000	13	15	0	0	0	0	0	0	0	0	0
C	Marios	20	170	13	1	27____	90500	15	1	0	0	0	0	0	0	0	0	0
C	Marios	20	170	13	1	27____	91129	1	0	0	0	0	1	0	0	0	0	0
C	Marios	20	170	13	1	27____	91221	1	0	0	0	0	0	0	0	0	1	0
C	Marios	20	170	13	1	27____	91458	1	0	0	0	0	1	0	0	0	0	0
C	Marios	20	170	13	1	27____	91495	1	0	0	0	0	0	0	0	0	1	0
C	Marios	20	170	13	1	27____	91509	1	0	0	0	0	1	0	0	0	0	0
C	Marios	20	170	13	1	27____	91511	1	0	0	0	0	0	0	0	0	1	0
C	Marios	20	170	13	1	27____	91517	1	0	0	0	0	1	0	0	0	0	0
C	Marios	20	170	13	1	27____	91520	1	0	0	0	0	0	0	0	0	1	0
C	Marios	20	170	13	1	27____	91523	1	0	0	0	0	1	0	0	0	0	0
C	Marios	20	170	13	1	27____	91537	1	0	0	0	0	0	0	0	0	1	0
C	Marios	20	170	13	1	27____	91682	1	0	0	0	0	1	0	0	0	0	0
C	Marios	20	170	13	1	27____	91711	1	0	0	0	0	0	0	0	0	1	0
C	Marios	20	170	13	1	27____	91717	1	0	0	0	0	1	0	0	0	0	0
C	Marios	20	170	13	1	27____	91737	1	0	0	0	0	0	0	0	0	1	0
C	Marios	20	170	13	1	27____	91740	1	0	0	0	0	1	0	0	0	0	0
C	Marios	20	170	13	1	27____	91743	1	0	0	0	0	0	0	0	0	1	0
C	Marios	20	170	13	1	27____	91853	1	0	0	0	0	1	0	0	0	0	0
C	Marios	20	170	13	1	27____	92034	1	0	0	0	0	0	0	0	0	1	0
C	Marios	20	170	13	1	27____	92875	1	0	0	0	0	1	0	0	0	0	0
C	Marios	20	170	13	1	27____	93559	1	0	0	0	0	0	0	0	0	1	0
C	Marios	20	170	13	1	27____	98000	1	2	0	0	0	0	0	0	0	0	0
C	Marios	20	170	13	1	27____	98500	2	7	0	0	0	0	0	0	0	0	0
C	Marios	20	170	13	1	27____	98621	7	0	0	0	0	1	0	0	0	0	0
C	Marios	20	170	13	1	27____	98785	7	0	0	0	0	0	0	0	0	1	0
C	Marios	20	170	13	1	27____	98844	7	0	0	0	0	1	0	0	0	0	0
C	Marios	20	170	13	1	27____	99000	7	11	0	0	0	0	0	0	0	0	0
C	Marios	20	170	13	1	27____	99304	11	0	0	0	0	0	0	0	0	1	0
C	Marios	20	170	13	1	27____	99305	11	0	0	0	0	1	0	0	0	0	0
C	Marios	20	170	13	1	27____	99329	11	0	0	0	0	1	0	0	0	1	0
C	Marios	20	170	13	1	27____	99344	11	0	0	0	0	0	0	0	0	1	0
C	Marios	20	170	13	1	27____	99351	11	0	0	0	0	1	0	0	0	0	0
C	Marios	20	170	13	1	27____	99353	11	0	0	0	0	0	0	0	0	1	0
C	Marios	20	170	13	1	27____	99357	11	0	0	0	0	1	0	0	0	0	0
C	Marios	20	170	13	1	27____	99359	11	0	0	0	0	0	0	0	0	1	0
C	Marios	20	170	13	1	27____	99368	11	0	0	0	0	1	0	0	0	0	0
C	Marios	20	170	13	1	27____	99370	11	0	0	0	0	0	0	0	0	1	0
C	Marios	20	170	13	1	27____	99392	11	0	0	0	0	1	0	0	0	0	0
C	Marios	20	170	13	1	27____	99394	11	0	0	0	0	0	0	0	0	1	0
C	Marios	20	170	13	1	27____	99432	11	0	0	0	0	1	0	0	0	0	0
C	Marios	20	170	13	1	27____	99451	11	0	0	0	0	0	0	0	0	1	0
C	Marios	20	170	13	1	27____	99452	11	0	0	0	0	1	0	0	0	0	0
C	Marios	20	170	13	1	27____	99486	11	0	0	0	0	0	0	0	0	1	0
C	Marios	20	170	13	1	27____	99491	11	0	0	0	0	1	0	0	0	0	0
C	Marios	20	170	13	1	27____	99493	11	0	0	0	0	0	0	0	0	1	0
C	Marios	20	170	13	1	27____	99499	11	0	0	0	0	1	0	0	0	0	0
C	Marios	20	170	13	1	27____	99500	11	1	0	0	0	0	0	0	0	0	0
C	Marios	20	170	13	1	27____	99501	1	0	0	0	0	0	0	0	0	1	0
C	Marios	20	170	13	1	27____	99528	1	0	0	0	0	1	0	0	0	0	0
C	Marios	20	170	13	1	27____	99530	1	0	0	0	0	0	0	0	0	1	0
C	Marios	20	170	13	1	27____	99574	1	0	0	0	0	1	0	0	0	0	0
C	Marios	20	170	13	1	27____	99576	1	0	0	0	0	0	0	0	0	1	0
C	Marios	20	170	13	1	27____	99578	1	0	0	0	0	1	0	0	0	0	0
C	Marios	20	170	13	1	27____	99629	1	0	0	0	0	0	0	0	0	1	0
C	Marios	20	170	13	1	27____	99634	1	0	0	0	0	1	0	0	0	0	0
C	Marios	20	170	13	1	27____	99636	1	0	0	0	0	0	0	0	0	1	0
C	Marios	20	170	13	1	27____	99804	1	0	0	0	0	1	0	0	0	0	0
C	Marios	20	170	13	1	27____	99819	1	0	0	0	0	0	0	0	0	1	0
C	Marios	20	170	13	1	27____	99821	1	0	0	0	0	1	0	0	0	0	0
C	Marios	20	170	13	1	27____	99826	1	0	0	0	0	0	0	0	0	1	0
C	Marios	20	170	13	1	27____	99838	1	0	0	0	0	1	0	0	0	0	0
C	Marios	20	170	13	1	27____	99850	1	0	0	0	0	1	0	0	0	1	0
C	Marios	20	170	13	1	27____	99852	1	0	0	0	0	0	0	0	0	1	0
C	Marios	20	170	13	1	27____	99864	1	0	0	0	0	1	0	0	0	0	0
C	Marios	20	170	13	1	27____	99993	1	0	0	0	0	0	0	0	0	1	0
C	Marios	20	170	13	1	27____	100118	1	0	0	0	0	1	0	0	0	0	0
C	Marios	20	170	13	1	27____	100126	1	0	0	0	0	0	0	0	0	1	0
C	Marios	20	170	13	1	27____	100129	1	0	0	0	0	1	0	0	0	0	0
C	Marios	20	170	13	1	27____	100136	1	0	0	0	0	1	0	0	0	1	0
C	Marios	20	170	13	1	27____	100153	1	0	0	0	0	1	0	0	0	1	0
C	Marios	20	170	13	1	27____	100279	1	0	0	0	0	1	0	0	0	1	0
C	Marios	20	170	13	1	27____	100286	1	0	0	0	0	0	0	0	0	1	0
C	Marios	20	170	13	1	27____	100621	1	0	0	0	0	1	0	0	0	0	0
C	Marios	20	170	13	1	27____	100903	1	0	0	0	0	0	0	0	0	1	0
C	Marios	20	170	13	1	27____	103161	1	0	0	0	0	1	0	0	0	0	0
C	Marios	20	170	13	1	27____	103165	1	0	0	0	0	0	0	0	0	1	0
C	Marios	20	170	13	1	27____	104750	1	2	0	0	0	0	0	0	0	0	0
C	Marios	20	170	13	1	27____	105250	2	12	0	0	0	0	0	0	0	0	0
C	Marios	20	170	13	1	27____	105750	12	15	0	0	0	0	0	0	0	0	0
C	Marios	20	170	13	1	27____	106215	15	0	0	0	0	1	0	0	0	0	0
C	Marios	20	170	13	1	27____	106217	15	0	0	0	0	0	0	0	0	1	0
C	Marios	20	170	13	1	27____	106219	15	0	0	0	0	1	0	0	0	0	0
C	Marios	20	170	13	1	27____	106224	15	0	0	0	0	0	0	0	0	1	0
C	Marios	20	170	13	1	27____	106250	15	1	0	0	0	0	0	0	0	0	0
C	Marios	20	170	13	1	27____	109250	1	2	0	0	0	0	0	0	0	0	0
C	Marios	20	170	13	1	27____	109750	2	12	0	0	0	0	0	0	0	0	0
C	Marios	20	170	13	1	27____	110091	12	0	0	0	0	1	0	0	0	0	0
C	Marios	20	170	13	1	27____	110244	12	0	0	0	0	0	0	0	0	1	0
C	Marios	20	170	13	1	27____	110250	12	15	0	0	0	0	0	0	0	0	0
C	Marios	20	170	13	1	27____	110316	15	0	0	0	0	1	0	0	0	0	0
C	Marios	20	170	13	1	27____	110389	15	0	0	0	0	0	0	0	0	1	0
C	Marios	20	170	13	1	27____	110511	15	0	0	0	0	1	0	0	0	0	0
C	Marios	20	170	13	1	27____	110530	15	0	0	0	0	0	0	0	0	1	0
C	Marios	20	170	13	1	27____	110750	15	1	0	0	0	0	0	0	0	0	0
C	Marios	20	170	13	1	27____	112250	1	2	0	0	0	0	0	0	0	0	0
C	Marios	20	170	13	1	27____	112750	2	13	0	0	0	0	0	0	0	0	0
C	Marios	20	170	13	1	27____	113250	13	15	0	0	0	0	0	0	0	0	0
C	Marios	20	170	13	1	27____	113750	15	1	0	0	0	0	0	0	0	0	0
C	Marios	20	170	13	1	27____	119250	1	2	0	0	0	0	0	0	0	0	0
C	Marios	20	170	13	1	27____	119750	2	7	0	0	0	0	0	0	0	0	0
C	Marios	20	170	13	1	27____	119819	7	0	0	0	0	1	0	0	0	0	0
C	Marios	20	170	13	1	27____	119837	7	0	0	0	0	0	0	0	0	1	0
C	Marios	20	170	13	1	27____	119841	7	0	0	0	0	1	0	0	0	0	0
C	Marios	20	170	13	1	27____	119843	7	0	0	0	0	0	0	0	0	1	0
C	Marios	20	170	13	1	27____	119899	7	0	0	0	0	1	0	0	0	0	0
C	Marios	20	170	13	1	27____	120230	7	0	0	0	0	0	0	0	0	1	0
C	Marios	20	170	13	1	27____	120242	7	0	0	0	0	1	0	0	0	0	0
C	Marios	20	170	13	1	27____	120250	7	11	0	0	0	0	0	0	0	0	0
C	Marios	20	170	13	1	27____	120518	11	0	0	0	0	0	0	0	0	1	0
C	Marios	20	170	13	1	27____	120526	11	0	0	0	0	1	0	0	0	0	0
C	Marios	20	170	13	1	27____	120530	11	0	0	0	0	0	0	0	0	1	0
C	Marios	20	170	13	1	27____	120534	11	0	0	0	0	1	0	0	0	0	0
C	Marios	20	170	13	1	27____	120537	11	0	0	0	0	0	0	0	0	1	0
C	Marios	20	170	13	1	27____	120561	11	0	0	0	0	1	0	0	0	0	0
C	Marios	20	170	13	1	27____	120564	11	0	0	0	0	0	0	0	0	1	0
C	Marios	20	170	13	1	27____	120566	11	0	0	0	0	1	0	0	0	0	0
C	Marios	20	170	13	1	27____	120569	11	0	0	0	0	0	0	0	0	1	0
C	Marios	20	170	13	1	27____	120570	11	0	0	0	0	1	0	0	0	0	0
C	Marios	20	170	13	1	27____	120660	11	0	0	0	0	0	0	0	0	1	0
C	Marios	20	170	13	1	27____	120750	11	1	0	0	0	0	0	0	0	0	0
C	Marios	20	170	13	1	27____	127500	1	2	0	0	0	0	0	0	0	0	0
C	Marios	20	170	13	1	27____	128000	2	13	0	0	0	0	0	0	0	0	0
C	Marios	20	170	13	1	27____	128324	13	0	0	0	0	1	0	0	0	0	0
C	Marios	20	170	13	1	27____	128326	13	0	0	0	0	0	0	0	0	1	0
C	Marios	20	170	13	1	27____	128500	13	15	0	0	0	0	0	0	0	0	0
C	Marios	20	170	13	1	27____	129000	15	1	0	0	0	0	0	0	0	0	0
C	Marios	20	170	13	1	27____	132750	1	2	0	0	0	0	0	0	0	0	0
C	Marios	20	170	13	1	27____	133250	2	12	0	0	0	0	0	0	0	0	0
C	Marios	20	170	13	1	27____	133750	12	15	0	0	0	0	0	0	0	0	0
C	Marios	20	170	13	1	27____	134250	15	1	0	0	0	0	0	0	0	0	0
C	Marios	20	170	13	1	27____	134322	1	0	0	0	0	1	0	0	0	0	0
C	Marios	20	170	13	1	27____	134406	1	0	0	0	0	0	0	0	0	1	0
C	Marios	20	170	13	1	27____	138750	1	2	0	0	0	0	0	0	0	0	0
C	Marios	20	170	13	1	27____	139250	2	6	0	0	0	0	0	0	0	0	0
C	Marios	20	170	13	1	27____	139441	6	0	0	0	0	1	0	0	0	0	0
C	Marios	20	170	13	1	27____	139750	6	10	0	0	0	0	0	0	0	0	0
C	Marios	20	170	13	1	27____	140018	10	0	0	0	0	0	0	0	0	1	0
C	Marios	20	170	13	1	27____	140034	10	0	0	0	0	1	0	0	0	0	0
C	Marios	20	170	13	1	27____	140036	10	0	0	0	0	0	0	0	0	1	0
C	Marios	20	170	13	1	27____	140102	10	0	0	0	0	1	0	0	0	0	0
C	Marios	20	170	13	1	27____	140107	10	0	0	0	0	0	0	0	0	1	0
C	Marios	20	170	13	1	27____	140112	10	0	0	0	0	1	0	0	0	0	0
C	Marios	20	170	13	1	27____	140114	10	0	0	0	0	0	0	0	0	1	0
C	Marios	20	170	13	1	27____	140160	10	0	0	0	0	1	0	0	0	0	0
C	Marios	20	170	13	1	27____	140162	10	0	0	0	0	0	0	0	0	1	0
C	Marios	20	170	13	1	27____	140250	10	1	0	0	0	0	0	0	0	0	0
C	Marios	20	170	13	1	27____	140396	1	0	0	0	0	1	0	0	0	0	0
C	Marios	20	170	13	1	27____	140438	1	0	0	0	0	0	0	0	0	1	0
C	Marios	20	170	13	1	27____	142500	1	2	0	0	0	0	0	0	0	0	0
C	Marios	20	170	13	1	27____	143000	2	12	0	0	0	0	0	0	0	0	0
C	Marios	20	170	13	1	27____	143500	12	15	0	0	0	0	0	0	0	0	0
C	Marios	20	170	13	1	27____	144000	15	14	0	0	0	0	0	0	0	0	0
C	Marios	20	170	13	1	27____	147000	14	-1	0	0	0	0	0	0	0	0	0
