Project	UserID	Protocol	Session	Station	Run	Subject	Time	Current State	Transition State	Transition Event	A1 - LLR	A2 - RLR	A3 - MAG	A4 - 	A[1] LLR_OFF	A[2] RLR_OFF	A[3] MAG_OFF	A[4] 
C	Marios	21	170	12	1	6_____	0	0	1	0	0	0	0	0	0	0	0	0
C	Marios	21	170	12	1	6_____	1650	1	0	0	0	0	1	0	0	0	0	0
C	Marios	21	170	12	1	6_____	1664	1	0	0	0	0	0	0	0	0	1	0
C	Marios	21	170	12	1	6_____	3750	1	2	0	0	0	0	0	0	0	0	0
C	Marios	21	170	12	1	6_____	4135	2	0	0	0	0	1	0	0	0	0	0
C	Marios	21	170	12	1	6_____	4140	2	0	0	0	0	0	0	0	0	1	0
C	Marios	21	170	12	1	6_____	4250	2	16	0	0	0	0	0	0	0	0	0
C	Marios	21	170	12	1	6_____	4750	16	15	0	0	0	0	0	0	0	0	0
C	Marios	21	170	12	1	6_____	5112	15	0	0	0	0	1	0	0	0	0	0
C	Marios	21	170	12	1	6_____	5126	15	0	0	0	0	0	0	0	0	1	0
C	Marios	21	170	12	1	6_____	5250	15	1	0	0	0	0	0	0	0	0	0
C	Marios	21	170	12	1	6_____	6273	1	0	0	0	0	1	0	0	0	0	0
C	Marios	21	170	12	1	6_____	6298	1	0	0	0	0	0	0	0	0	1	0
C	Marios	21	170	12	1	6_____	9828	1	0	0	0	0	1	0	0	0	0	0
C	Marios	21	170	12	1	6_____	9847	1	0	0	0	0	0	0	0	0	1	0
C	Marios	21	170	12	1	6_____	12732	1	0	0	0	0	1	0	0	0	0	0
C	Marios	21	170	12	1	6_____	12737	1	0	0	0	0	0	0	0	0	1	0
C	Marios	21	170	12	1	6_____	12750	1	2	0	0	0	0	0	0	0	0	0
C	Marios	21	170	12	1	6_____	13250	2	7	0	0	0	0	0	0	0	0	0
C	Marios	21	170	12	1	6_____	13336	7	0	0	0	0	1	0	0	0	0	0
C	Marios	21	170	12	1	6_____	13371	7	0	0	0	0	0	0	0	0	1	0
C	Marios	21	170	12	1	6_____	13449	7	0	0	0	0	1	0	0	0	0	0
C	Marios	21	170	12	1	6_____	13467	7	0	0	0	0	0	0	0	0	1	0
C	Marios	21	170	12	1	6_____	13483	7	0	0	0	0	1	0	0	0	0	0
C	Marios	21	170	12	1	6_____	13485	7	0	0	0	0	0	0	0	0	1	0
C	Marios	21	170	12	1	6_____	13548	7	0	0	0	0	1	0	0	0	0	0
C	Marios	21	170	12	1	6_____	13578	7	0	0	0	0	0	0	0	0	1	0
C	Marios	21	170	12	1	6_____	13641	7	0	0	0	0	1	0	0	0	0	0
C	Marios	21	170	12	1	6_____	13673	7	0	0	0	0	0	0	0	0	1	0
C	Marios	21	170	12	1	6_____	13750	7	11	0	0	0	0	0	0	0	0	0
C	Marios	21	170	12	1	6_____	13766	11	0	0	0	0	1	0	0	0	0	0
C	Marios	21	170	12	1	6_____	13777	11	0	0	0	0	0	0	0	0	1	0
C	Marios	21	170	12	1	6_____	13780	11	0	0	0	0	1	0	0	0	0	0
C	Marios	21	170	12	1	6_____	13913	11	0	0	0	0	0	0	0	0	1	0
C	Marios	21	170	12	1	6_____	14121	11	0	0	0	0	1	0	0	0	0	0
C	Marios	21	170	12	1	6_____	14126	11	0	0	0	0	0	0	0	0	1	0
C	Marios	21	170	12	1	6_____	14250	11	1	0	0	0	0	0	0	0	0	0
C	Marios	21	170	12	1	6_____	15678	1	0	0	0	0	1	0	0	0	0	0
C	Marios	21	170	12	1	6_____	15682	1	0	0	0	0	0	0	0	0	1	0
C	Marios	21	170	12	1	6_____	15699	1	0	0	0	0	1	0	0	0	0	0
C	Marios	21	170	12	1	6_____	15701	1	0	0	0	0	0	0	0	0	1	0
C	Marios	21	170	12	1	6_____	16349	1	0	0	0	0	1	0	0	0	0	0
C	Marios	21	170	12	1	6_____	16373	1	0	0	0	0	0	0	0	0	1	0
C	Marios	21	170	12	1	6_____	17750	1	2	0	0	0	0	0	0	0	0	0
C	Marios	21	170	12	1	6_____	18250	2	17	0	0	0	0	0	0	0	0	0
C	Marios	21	170	12	1	6_____	18750	17	15	0	0	0	0	0	0	0	0	0
C	Marios	21	170	12	1	6_____	19250	15	1	0	0	0	0	0	0	0	0	0
C	Marios	21	170	12	1	6_____	21500	1	2	0	0	0	0	0	0	0	0	0
C	Marios	21	170	12	1	6_____	22000	2	16	0	0	0	0	0	0	0	0	0
C	Marios	21	170	12	1	6_____	22500	16	15	0	0	0	0	0	0	0	0	0
C	Marios	21	170	12	1	6_____	23000	15	1	0	0	0	0	0	0	0	0	0
C	Marios	21	170	12	1	6_____	24321	1	0	0	0	0	1	0	0	0	0	0
C	Marios	21	170	12	1	6_____	24362	1	0	0	0	0	0	0	0	0	1	0
C	Marios	21	170	12	1	6_____	24363	1	0	0	0	0	1	0	0	0	0	0
C	Marios	21	170	12	1	6_____	24366	1	0	0	0	0	0	0	0	0	1	0
C	Marios	21	170	12	1	6_____	25820	1	0	0	0	0	1	0	0	0	0	0
C	Marios	21	170	12	1	6_____	25839	1	0	0	0	0	0	0	0	0	1	0
C	Marios	21	170	12	1	6_____	27500	1	2	0	0	0	0	0	0	0	0	0
C	Marios	21	170	12	1	6_____	27525	2	0	0	0	0	1	0	0	0	0	0
C	Marios	21	170	12	1	6_____	27531	2	0	0	0	0	0	0	0	0	1	0
C	Marios	21	170	12	1	6_____	27552	2	0	0	0	0	1	0	0	0	0	0
C	Marios	21	170	12	1	6_____	27562	2	0	0	0	0	0	0	0	0	1	0
C	Marios	21	170	12	1	6_____	27693	2	0	0	0	0	1	0	0	0	0	0
C	Marios	21	170	12	1	6_____	27695	2	0	0	0	0	0	0	0	0	1	0
C	Marios	21	170	12	1	6_____	27787	2	0	0	0	0	1	0	0	0	0	0
C	Marios	21	170	12	1	6_____	27790	2	0	0	0	0	0	0	0	0	1	0
C	Marios	21	170	12	1	6_____	27810	2	0	0	0	0	1	0	0	0	0	0
C	Marios	21	170	12	1	6_____	27870	2	0	0	0	0	0	0	0	0	1	0
C	Marios	21	170	12	1	6_____	27929	2	0	0	0	0	1	0	0	0	0	0
C	Marios	21	170	12	1	6_____	28000	2	17	0	0	0	0	0	0	0	0	0
C	Marios	21	170	12	1	6_____	28017	17	0	0	0	0	0	0	0	0	1	0
C	Marios	21	170	12	1	6_____	28500	17	15	0	0	0	0	0	0	0	0	0
C	Marios	21	170	12	1	6_____	29000	15	1	0	0	0	0	0	0	0	0	0
C	Marios	21	170	12	1	6_____	29539	1	0	0	0	0	1	0	0	0	0	0
C	Marios	21	170	12	1	6_____	29542	1	0	0	0	0	0	0	0	0	1	0
C	Marios	21	170	12	1	6_____	29546	1	0	0	0	0	1	0	0	0	0	0
C	Marios	21	170	12	1	6_____	29596	1	0	0	0	0	0	0	0	0	1	0
C	Marios	21	170	12	1	6_____	29620	1	0	0	0	0	1	0	0	0	0	0
C	Marios	21	170	12	1	6_____	29633	1	0	0	0	0	0	0	0	0	1	0
C	Marios	21	170	12	1	6_____	29754	1	0	0	0	0	1	0	0	0	0	0
C	Marios	21	170	12	1	6_____	29769	1	0	0	0	0	0	0	0	0	1	0
C	Marios	21	170	12	1	6_____	29776	1	0	0	0	0	1	0	0	0	0	0
C	Marios	21	170	12	1	6_____	29794	1	0	0	0	0	0	0	0	0	1	0
C	Marios	21	170	12	1	6_____	29806	1	0	0	0	0	1	0	0	0	0	0
C	Marios	21	170	12	1	6_____	29814	1	0	0	0	0	0	0	0	0	1	0
C	Marios	21	170	12	1	6_____	30259	1	0	0	0	0	1	0	0	0	0	0
C	Marios	21	170	12	1	6_____	30348	1	0	0	0	0	0	0	0	0	1	0
C	Marios	21	170	12	1	6_____	31871	1	0	0	0	0	1	0	0	0	0	0
C	Marios	21	170	12	1	6_____	31876	1	0	0	0	0	0	0	0	0	1	0
C	Marios	21	170	12	1	6_____	34250	1	2	0	0	0	0	0	0	0	0	0
C	Marios	21	170	12	1	6_____	34598	2	0	0	0	0	1	0	0	0	0	0
C	Marios	21	170	12	1	6_____	34657	2	0	0	0	0	0	0	0	0	1	0
C	Marios	21	170	12	1	6_____	34750	2	6	0	0	0	0	0	0	0	0	0
C	Marios	21	170	12	1	6_____	34825	6	0	0	0	0	1	0	0	0	0	0
C	Marios	21	170	12	1	6_____	34847	6	0	0	0	0	0	0	0	0	1	0
C	Marios	21	170	12	1	6_____	34870	6	0	0	0	0	1	0	0	0	0	0
C	Marios	21	170	12	1	6_____	34880	6	0	0	0	0	0	0	0	0	1	0
C	Marios	21	170	12	1	6_____	34909	6	0	0	0	0	1	0	0	0	0	0
C	Marios	21	170	12	1	6_____	34915	6	0	0	0	0	0	0	0	0	1	0
C	Marios	21	170	12	1	6_____	34921	6	0	0	0	0	1	0	0	0	0	0
C	Marios	21	170	12	1	6_____	34933	6	0	0	0	0	0	0	0	0	1	0
C	Marios	21	170	12	1	6_____	34940	6	0	0	0	0	1	0	0	0	0	0
C	Marios	21	170	12	1	6_____	34942	6	0	0	0	0	0	0	0	0	1	0
C	Marios	21	170	12	1	6_____	34951	6	0	0	0	0	1	0	0	0	0	0
C	Marios	21	170	12	1	6_____	34965	6	0	0	0	0	0	0	0	0	1	0
C	Marios	21	170	12	1	6_____	34978	6	0	0	0	0	1	0	0	0	0	0
C	Marios	21	170	12	1	6_____	34985	6	0	0	0	0	0	0	0	0	1	0
C	Marios	21	170	12	1	6_____	35022	6	0	0	0	0	1	0	0	0	0	0
C	Marios	21	170	12	1	6_____	35058	6	0	0	0	0	0	0	0	0	1	0
C	Marios	21	170	12	1	6_____	35182	6	0	0	0	0	1	0	0	0	0	0
C	Marios	21	170	12	1	6_____	35186	6	0	0	0	0	0	0	0	0	1	0
C	Marios	21	170	12	1	6_____	35250	6	10	0	0	0	0	0	0	0	0	0
C	Marios	21	170	12	1	6_____	35286	10	0	0	0	0	1	0	0	0	0	0
C	Marios	21	170	12	1	6_____	35402	10	0	0	0	0	0	0	0	0	1	0
C	Marios	21	170	12	1	6_____	35750	10	1	0	0	0	0	0	0	0	0	0
C	Marios	21	170	12	1	6_____	36406	1	0	0	0	0	1	0	0	0	0	0
C	Marios	21	170	12	1	6_____	36432	1	0	0	0	0	0	0	0	0	1	0
C	Marios	21	170	12	1	6_____	36504	1	0	0	0	0	1	0	0	0	0	0
C	Marios	21	170	12	1	6_____	36549	1	0	0	0	0	0	0	0	0	1	0
C	Marios	21	170	12	1	6_____	36728	1	0	0	0	0	1	0	0	0	0	0
C	Marios	21	170	12	1	6_____	36731	1	0	0	0	0	0	0	0	0	1	0
C	Marios	21	170	12	1	6_____	36739	1	0	0	0	0	1	0	0	0	0	0
C	Marios	21	170	12	1	6_____	36745	1	0	0	0	0	0	0	0	0	1	0
C	Marios	21	170	12	1	6_____	38552	1	0	0	0	0	1	0	0	0	0	0
C	Marios	21	170	12	1	6_____	38678	1	0	0	0	0	0	0	0	0	1	0
C	Marios	21	170	12	1	6_____	39454	1	0	0	0	0	1	0	0	0	0	0
C	Marios	21	170	12	1	6_____	39682	1	0	0	0	0	0	0	0	0	1	0
C	Marios	21	170	12	1	6_____	39852	1	0	0	0	0	1	0	0	0	0	0
C	Marios	21	170	12	1	6_____	39960	1	0	0	0	0	0	0	0	0	1	0
C	Marios	21	170	12	1	6_____	40209	1	0	0	0	0	1	0	0	0	0	0
C	Marios	21	170	12	1	6_____	40246	1	0	0	0	0	0	0	0	0	1	0
C	Marios	21	170	12	1	6_____	40254	1	0	0	0	0	1	0	0	0	0	0
C	Marios	21	170	12	1	6_____	40301	1	0	0	0	0	0	0	0	0	1	0
C	Marios	21	170	12	1	6_____	40392	1	0	0	0	0	1	0	0	0	0	0
C	Marios	21	170	12	1	6_____	40394	1	0	0	0	0	0	0	0	0	1	0
C	Marios	21	170	12	1	6_____	40463	1	0	0	0	0	1	0	0	0	0	0
C	Marios	21	170	12	1	6_____	40492	1	0	0	0	0	0	0	0	0	1	0
C	Marios	21	170	12	1	6_____	40644	1	0	0	0	0	1	0	0	0	0	0
C	Marios	21	170	12	1	6_____	40656	1	0	0	0	0	0	0	0	0	1	0
C	Marios	21	170	12	1	6_____	40725	1	0	0	0	0	1	0	0	0	0	0
C	Marios	21	170	12	1	6_____	40734	1	0	0	0	0	0	0	0	0	1	0
C	Marios	21	170	12	1	6_____	41097	1	0	0	0	0	1	0	0	0	0	0
C	Marios	21	170	12	1	6_____	41128	1	0	0	0	0	0	0	0	0	1	0
C	Marios	21	170	12	1	6_____	41750	1	2	0	0	0	0	0	0	0	0	0
C	Marios	21	170	12	1	6_____	42074	2	0	0	0	0	1	0	0	0	0	0
C	Marios	21	170	12	1	6_____	42182	2	0	0	0	0	0	0	0	0	1	0
C	Marios	21	170	12	1	6_____	42250	2	17	0	0	0	0	0	0	0	0	0
C	Marios	21	170	12	1	6_____	42750	17	15	0	0	0	0	0	0	0	0	0
C	Marios	21	170	12	1	6_____	43250	15	1	0	0	0	0	0	0	0	0	0
C	Marios	21	170	12	1	6_____	43325	1	0	0	0	0	1	0	0	0	0	0
C	Marios	21	170	12	1	6_____	43368	1	0	0	0	0	0	0	0	0	1	0
C	Marios	21	170	12	1	6_____	45367	1	0	0	0	0	1	0	0	0	0	0
C	Marios	21	170	12	1	6_____	45487	1	0	0	0	0	0	0	0	0	1	0
C	Marios	21	170	12	1	6_____	45656	1	0	0	0	0	1	0	0	0	0	0
C	Marios	21	170	12	1	6_____	45659	1	0	0	0	0	0	0	0	0	1	0
C	Marios	21	170	12	1	6_____	45782	1	0	0	0	0	1	0	0	0	0	0
C	Marios	21	170	12	1	6_____	45786	1	0	0	0	0	0	0	0	0	1	0
C	Marios	21	170	12	1	6_____	45794	1	0	0	0	0	1	0	0	0	0	0
C	Marios	21	170	12	1	6_____	45797	1	0	0	0	0	0	0	0	0	1	0
C	Marios	21	170	12	1	6_____	46154	1	0	0	0	0	1	0	0	0	0	0
C	Marios	21	170	12	1	6_____	46344	1	0	0	0	0	0	0	0	0	1	0
C	Marios	21	170	12	1	6_____	47582	1	0	0	0	0	1	0	0	0	0	0
C	Marios	21	170	12	1	6_____	47709	1	0	0	0	0	0	0	0	0	1	0
C	Marios	21	170	12	1	6_____	47750	1	2	0	0	0	0	0	0	0	0	0
C	Marios	21	170	12	1	6_____	47774	2	0	0	0	0	1	0	0	0	0	0
C	Marios	21	170	12	1	6_____	47789	2	0	0	0	0	0	0	0	0	1	0
C	Marios	21	170	12	1	6_____	47832	2	0	0	0	0	1	0	0	0	0	0
C	Marios	21	170	12	1	6_____	47834	2	0	0	0	0	0	0	0	0	1	0
C	Marios	21	170	12	1	6_____	47971	2	0	0	0	0	1	0	0	0	0	0
C	Marios	21	170	12	1	6_____	47978	2	0	0	0	0	0	0	0	0	1	0
C	Marios	21	170	12	1	6_____	47984	2	0	0	0	0	1	0	0	0	0	0
C	Marios	21	170	12	1	6_____	47986	2	0	0	0	0	0	0	0	0	1	0
C	Marios	21	170	12	1	6_____	47989	2	0	0	0	0	1	0	0	0	0	0
C	Marios	21	170	12	1	6_____	47991	2	0	0	0	0	0	0	0	0	1	0
C	Marios	21	170	12	1	6_____	48060	2	0	0	0	0	1	0	0	0	0	0
C	Marios	21	170	12	1	6_____	48062	2	0	0	0	0	0	0	0	0	1	0
C	Marios	21	170	12	1	6_____	48064	2	0	0	0	0	1	0	0	0	0	0
C	Marios	21	170	12	1	6_____	48066	2	0	0	0	0	0	0	0	0	1	0
C	Marios	21	170	12	1	6_____	48070	2	0	0	0	0	1	0	0	0	0	0
C	Marios	21	170	12	1	6_____	48076	2	0	0	0	0	0	0	0	0	1	0
C	Marios	21	170	12	1	6_____	48250	2	6	0	0	0	0	0	0	0	0	0
C	Marios	21	170	12	1	6_____	48325	6	0	0	0	0	1	0	0	0	0	0
C	Marios	21	170	12	1	6_____	48339	6	0	0	0	0	0	0	0	0	1	0
C	Marios	21	170	12	1	6_____	48355	6	0	0	0	0	1	0	0	0	0	0
C	Marios	21	170	12	1	6_____	48358	6	0	0	0	0	1	0	0	0	1	0
C	Marios	21	170	12	1	6_____	48403	6	0	0	0	0	0	0	0	0	1	0
C	Marios	21	170	12	1	6_____	48425	6	0	0	0	0	1	0	0	0	0	0
C	Marios	21	170	12	1	6_____	48431	6	0	0	0	0	0	0	0	0	1	0
C	Marios	21	170	12	1	6_____	48459	6	0	0	0	0	1	0	0	0	0	0
C	Marios	21	170	12	1	6_____	48462	6	0	0	0	0	0	0	0	0	1	0
C	Marios	21	170	12	1	6_____	48465	6	0	0	0	0	1	0	0	0	0	0
C	Marios	21	170	12	1	6_____	48486	6	0	0	0	0	0	0	0	0	1	0
C	Marios	21	170	12	1	6_____	48603	6	0	0	0	0	1	0	0	0	0	0
C	Marios	21	170	12	1	6_____	48613	6	0	0	0	0	0	0	0	0	1	0
C	Marios	21	170	12	1	6_____	48750	6	10	0	0	0	0	0	0	0	0	0
C	Marios	21	170	12	1	6_____	48751	10	0	0	0	0	1	0	0	0	0	0
C	Marios	21	170	12	1	6_____	48919	10	0	0	0	0	0	0	0	0	1	0
C	Marios	21	170	12	1	6_____	49075	10	0	0	0	0	1	0	0	0	0	0
C	Marios	21	170	12	1	6_____	49090	10	0	0	0	0	0	0	0	0	1	0
C	Marios	21	170	12	1	6_____	49250	10	1	0	0	0	0	0	0	0	0	0
C	Marios	21	170	12	1	6_____	49382	1	0	0	0	0	1	0	0	0	0	0
C	Marios	21	170	12	1	6_____	49475	1	0	0	0	0	0	0	0	0	1	0
C	Marios	21	170	12	1	6_____	50713	1	0	0	0	0	1	0	0	0	0	0
C	Marios	21	170	12	1	6_____	50716	1	0	0	0	0	0	0	0	0	1	0
C	Marios	21	170	12	1	6_____	50765	1	0	0	0	0	1	0	0	0	0	0
C	Marios	21	170	12	1	6_____	50795	1	0	0	0	0	0	0	0	0	1	0
C	Marios	21	170	12	1	6_____	50796	1	0	0	0	0	1	0	0	0	0	0
C	Marios	21	170	12	1	6_____	50798	1	0	0	0	0	0	0	0	0	1	0
C	Marios	21	170	12	1	6_____	52084	1	0	0	0	0	1	0	0	0	0	0
C	Marios	21	170	12	1	6_____	52171	1	0	0	0	0	0	0	0	0	1	0
C	Marios	21	170	12	1	6_____	52381	1	0	0	0	0	1	0	0	0	0	0
C	Marios	21	170	12	1	6_____	52510	1	0	0	0	0	0	0	0	0	1	0
C	Marios	21	170	12	1	6_____	53123	1	0	0	0	0	1	0	0	0	0	0
C	Marios	21	170	12	1	6_____	53128	1	0	0	0	0	0	0	0	0	1	0
C	Marios	21	170	12	1	6_____	53129	1	0	0	0	0	1	0	0	0	0	0
C	Marios	21	170	12	1	6_____	53131	1	0	0	0	0	0	0	0	0	1	0
C	Marios	21	170	12	1	6_____	53137	1	0	0	0	0	1	0	0	0	0	0
C	Marios	21	170	12	1	6_____	53262	1	0	0	0	0	0	0	0	0	1	0
C	Marios	21	170	12	1	6_____	53498	1	0	0	0	0	1	0	0	0	0	0
C	Marios	21	170	12	1	6_____	53618	1	0	0	0	0	0	0	0	0	1	0
C	Marios	21	170	12	1	6_____	53840	1	0	0	0	0	1	0	0	0	0	0
C	Marios	21	170	12	1	6_____	53842	1	0	0	0	0	0	0	0	0	1	0
C	Marios	21	170	12	1	6_____	53866	1	0	0	0	0	1	0	0	0	0	0
C	Marios	21	170	12	1	6_____	53868	1	0	0	0	0	0	0	0	0	1	0
C	Marios	21	170	12	1	6_____	53892	1	0	0	0	0	1	0	0	0	0	0
C	Marios	21	170	12	1	6_____	53905	1	0	0	0	0	0	0	0	0	1	0
C	Marios	21	170	12	1	6_____	53928	1	0	0	0	0	1	0	0	0	0	0
C	Marios	21	170	12	1	6_____	53930	1	0	0	0	0	0	0	0	0	1	0
C	Marios	21	170	12	1	6_____	54750	1	2	0	0	0	0	0	0	0	0	0
C	Marios	21	170	12	1	6_____	55250	2	16	0	0	0	0	0	0	0	0	0
C	Marios	21	170	12	1	6_____	55276	16	0	0	0	0	1	0	0	0	0	0
C	Marios	21	170	12	1	6_____	55288	16	0	0	0	0	0	0	0	0	1	0
C	Marios	21	170	12	1	6_____	55750	16	15	0	0	0	0	0	0	0	0	0
C	Marios	21	170	12	1	6_____	56250	15	1	0	0	0	0	0	0	0	0	0
C	Marios	21	170	12	1	6_____	57750	1	2	0	0	0	0	0	0	0	0	0
C	Marios	21	170	12	1	6_____	58250	2	7	0	0	0	0	0	0	0	0	0
C	Marios	21	170	12	1	6_____	58339	7	0	0	0	0	1	0	0	0	0	0
C	Marios	21	170	12	1	6_____	58397	7	0	0	0	0	0	0	0	0	1	0
C	Marios	21	170	12	1	6_____	58474	7	0	0	0	0	1	0	0	0	0	0
C	Marios	21	170	12	1	6_____	58521	7	0	0	0	0	0	0	0	0	1	0
C	Marios	21	170	12	1	6_____	58586	7	0	0	0	0	1	0	0	0	0	0
C	Marios	21	170	12	1	6_____	58592	7	0	0	0	0	0	0	0	0	1	0
C	Marios	21	170	12	1	6_____	58601	7	0	0	0	0	1	0	0	0	0	0
C	Marios	21	170	12	1	6_____	58604	7	0	0	0	0	0	0	0	0	1	0
C	Marios	21	170	12	1	6_____	58609	7	0	0	0	0	1	0	0	0	0	0
C	Marios	21	170	12	1	6_____	58611	7	0	0	0	0	0	0	0	0	1	0
C	Marios	21	170	12	1	6_____	58621	7	0	0	0	0	1	0	0	0	0	0
C	Marios	21	170	12	1	6_____	58626	7	0	0	0	0	0	0	0	0	1	0
C	Marios	21	170	12	1	6_____	58655	7	0	0	0	0	1	0	0	0	0	0
C	Marios	21	170	12	1	6_____	58658	7	0	0	0	0	0	0	0	0	1	0
C	Marios	21	170	12	1	6_____	58742	7	0	0	0	0	1	0	0	0	0	0
C	Marios	21	170	12	1	6_____	58750	7	11	0	0	0	0	0	0	0	0	0
C	Marios	21	170	12	1	6_____	58919	11	0	0	0	0	0	0	0	0	1	0
C	Marios	21	170	12	1	6_____	59250	11	1	0	0	0	0	0	0	0	0	0
C	Marios	21	170	12	1	6_____	59353	1	0	0	0	0	1	0	0	0	0	0
C	Marios	21	170	12	1	6_____	59359	1	0	0	0	0	0	0	0	0	1	0
C	Marios	21	170	12	1	6_____	59361	1	0	0	0	0	1	0	0	0	0	0
C	Marios	21	170	12	1	6_____	59462	1	0	0	0	0	0	0	0	0	1	0
C	Marios	21	170	12	1	6_____	59531	1	0	0	0	0	1	0	0	0	0	0
C	Marios	21	170	12	1	6_____	59574	1	0	0	0	0	0	0	0	0	1	0
C	Marios	21	170	12	1	6_____	61424	1	0	0	0	0	1	0	0	0	0	0
C	Marios	21	170	12	1	6_____	61550	1	0	0	0	0	0	0	0	0	1	0
C	Marios	21	170	12	1	6_____	62250	1	2	0	0	0	0	0	0	0	0	0
C	Marios	21	170	12	1	6_____	62750	2	16	0	0	0	0	0	0	0	0	0
C	Marios	21	170	12	1	6_____	63250	16	15	0	0	0	0	0	0	0	0	0
C	Marios	21	170	12	1	6_____	63750	15	1	0	0	0	0	0	0	0	0	0
C	Marios	21	170	12	1	6_____	64503	1	0	0	0	0	1	0	0	0	0	0
C	Marios	21	170	12	1	6_____	64577	1	0	0	0	0	0	0	0	0	1	0
C	Marios	21	170	12	1	6_____	65286	1	0	0	0	0	1	0	0	0	0	0
C	Marios	21	170	12	1	6_____	65309	1	0	0	0	0	0	0	0	0	1	0
C	Marios	21	170	12	1	6_____	65339	1	0	0	0	0	1	0	0	0	0	0
C	Marios	21	170	12	1	6_____	65434	1	0	0	0	0	0	0	0	0	1	0
C	Marios	21	170	12	1	6_____	68172	1	0	0	0	0	1	0	0	0	0	0
C	Marios	21	170	12	1	6_____	68255	1	0	0	0	0	0	0	0	0	1	0
C	Marios	21	170	12	1	6_____	68491	1	0	0	0	0	1	0	0	0	0	0
C	Marios	21	170	12	1	6_____	68493	1	0	0	0	0	0	0	0	0	1	0
C	Marios	21	170	12	1	6_____	69617	1	0	0	0	0	1	0	0	0	0	0
C	Marios	21	170	12	1	6_____	69731	1	0	0	0	0	0	0	0	0	1	0
C	Marios	21	170	12	1	6_____	69736	1	0	0	0	0	1	0	0	0	0	0
C	Marios	21	170	12	1	6_____	69794	1	0	0	0	0	0	0	0	0	1	0
C	Marios	21	170	12	1	6_____	69943	1	0	0	0	0	1	0	0	0	0	0
C	Marios	21	170	12	1	6_____	69989	1	0	0	0	0	0	0	0	0	1	0
C	Marios	21	170	12	1	6_____	70500	1	2	0	0	0	0	0	0	0	0	0
C	Marios	21	170	12	1	6_____	70713	2	0	0	0	0	1	0	0	0	0	0
C	Marios	21	170	12	1	6_____	70860	2	0	0	0	0	0	0	0	0	1	0
C	Marios	21	170	12	1	6_____	71000	2	17	0	0	0	0	0	0	0	0	0
C	Marios	21	170	12	1	6_____	71500	17	15	0	0	0	0	0	0	0	0	0
C	Marios	21	170	12	1	6_____	72000	15	1	0	0	0	0	0	0	0	0	0
C	Marios	21	170	12	1	6_____	73927	1	0	0	0	0	1	0	0	0	0	0
C	Marios	21	170	12	1	6_____	73936	1	0	0	0	0	0	0	0	0	1	0
C	Marios	21	170	12	1	6_____	74125	1	0	0	0	0	1	0	0	0	0	0
C	Marios	21	170	12	1	6_____	74175	1	0	0	0	0	0	0	0	0	1	0
C	Marios	21	170	12	1	6_____	74948	1	0	0	0	0	1	0	0	0	0	0
C	Marios	21	170	12	1	6_____	75056	1	0	0	0	0	0	0	0	0	1	0
C	Marios	21	170	12	1	6_____	76183	1	0	0	0	0	1	0	0	0	0	0
C	Marios	21	170	12	1	6_____	76195	1	0	0	0	0	0	0	0	0	1	0
C	Marios	21	170	12	1	6_____	77342	1	0	0	0	0	1	0	0	0	0	0
C	Marios	21	170	12	1	6_____	77395	1	0	0	0	0	0	0	0	0	1	0
C	Marios	21	170	12	1	6_____	77588	1	0	0	0	0	1	0	0	0	0	0
C	Marios	21	170	12	1	6_____	77631	1	0	0	0	0	0	0	0	0	1	0
C	Marios	21	170	12	1	6_____	78000	1	2	0	0	0	0	0	0	0	0	0
C	Marios	21	170	12	1	6_____	78500	2	16	0	0	0	0	0	0	0	0	0
C	Marios	21	170	12	1	6_____	79000	16	15	0	0	0	0	0	0	0	0	0
C	Marios	21	170	12	1	6_____	79500	15	1	0	0	0	0	0	0	0	0	0
C	Marios	21	170	12	1	6_____	82500	1	2	0	0	0	0	0	0	0	0	0
C	Marios	21	170	12	1	6_____	83000	2	6	0	0	0	0	0	0	0	0	0
C	Marios	21	170	12	1	6_____	83036	6	0	0	0	0	1	0	0	0	0	0
C	Marios	21	170	12	1	6_____	83041	6	0	0	0	0	0	0	0	0	1	0
C	Marios	21	170	12	1	6_____	83068	6	0	0	0	0	1	0	0	0	0	0
C	Marios	21	170	12	1	6_____	83089	6	0	0	0	0	0	0	0	0	1	0
C	Marios	21	170	12	1	6_____	83124	6	0	0	0	0	1	0	0	0	0	0
C	Marios	21	170	12	1	6_____	83179	6	0	0	0	0	0	0	0	0	1	0
C	Marios	21	170	12	1	6_____	83201	6	0	0	0	0	1	0	0	0	0	0
C	Marios	21	170	12	1	6_____	83208	6	0	0	0	0	0	0	0	0	1	0
C	Marios	21	170	12	1	6_____	83218	6	0	0	0	0	1	0	0	0	0	0
C	Marios	21	170	12	1	6_____	83222	6	0	0	0	0	0	0	0	0	1	0
C	Marios	21	170	12	1	6_____	83228	6	0	0	0	0	1	0	0	0	0	0
C	Marios	21	170	12	1	6_____	83285	6	0	0	0	0	0	0	0	0	1	0
C	Marios	21	170	12	1	6_____	83336	6	0	0	0	0	1	0	0	0	0	0
C	Marios	21	170	12	1	6_____	83396	6	0	0	0	0	0	0	0	0	1	0
C	Marios	21	170	12	1	6_____	83500	6	10	0	0	0	0	0	0	0	0	0
C	Marios	21	170	12	1	6_____	83550	10	0	0	0	0	1	0	0	0	0	0
C	Marios	21	170	12	1	6_____	83672	10	0	0	0	0	0	0	0	0	1	0
C	Marios	21	170	12	1	6_____	83683	10	0	0	0	0	1	0	0	0	0	0
C	Marios	21	170	12	1	6_____	83685	10	0	0	0	0	0	0	0	0	1	0
C	Marios	21	170	12	1	6_____	83949	10	0	0	0	0	1	0	0	0	0	0
C	Marios	21	170	12	1	6_____	83999	10	0	0	0	0	0	0	0	0	1	0
C	Marios	21	170	12	1	6_____	84000	10	1	0	0	0	0	0	0	0	0	0
C	Marios	21	170	12	1	6_____	84146	1	0	0	0	0	1	0	0	0	0	0
C	Marios	21	170	12	1	6_____	84205	1	0	0	0	0	0	0	0	0	1	0
C	Marios	21	170	12	1	6_____	85970	1	0	0	0	0	1	0	0	0	0	0
C	Marios	21	170	12	1	6_____	86072	1	0	0	0	0	0	0	0	0	1	0
C	Marios	21	170	12	1	6_____	86250	1	2	0	0	0	0	0	0	0	0	0
C	Marios	21	170	12	1	6_____	86625	2	0	0	0	0	1	0	0	0	0	0
C	Marios	21	170	12	1	6_____	86629	2	0	0	0	0	0	0	0	0	1	0
C	Marios	21	170	12	1	6_____	86651	2	0	0	0	0	1	0	0	0	0	0
C	Marios	21	170	12	1	6_____	86701	2	0	0	0	0	0	0	0	0	1	0
C	Marios	21	170	12	1	6_____	86750	2	7	0	0	0	0	0	0	0	0	0
C	Marios	21	170	12	1	6_____	86809	7	0	0	0	0	1	0	0	0	0	0
C	Marios	21	170	12	1	6_____	86815	7	0	0	0	0	0	0	0	0	1	0
C	Marios	21	170	12	1	6_____	86874	7	0	0	0	0	1	0	0	0	0	0
C	Marios	21	170	12	1	6_____	86953	7	0	0	0	0	0	0	0	0	1	0
C	Marios	21	170	12	1	6_____	87079	7	0	0	0	0	1	0	0	0	0	0
C	Marios	21	170	12	1	6_____	87082	7	0	0	0	0	1	0	0	0	1	0
C	Marios	21	170	12	1	6_____	87084	7	0	0	0	0	0	0	0	0	1	0
C	Marios	21	170	12	1	6_____	87107	7	0	0	0	0	1	0	0	0	0	0
C	Marios	21	170	12	1	6_____	87133	7	0	0	0	0	0	0	0	0	1	0
C	Marios	21	170	12	1	6_____	87156	7	0	0	0	0	1	0	0	0	0	0
C	Marios	21	170	12	1	6_____	87162	7	0	0	0	0	0	0	0	0	1	0
C	Marios	21	170	12	1	6_____	87250	7	11	0	0	0	0	0	0	0	0	0
C	Marios	21	170	12	1	6_____	87317	11	0	0	0	0	1	0	0	0	0	0
C	Marios	21	170	12	1	6_____	87439	11	0	0	0	0	0	0	0	0	1	0
C	Marios	21	170	12	1	6_____	87750	11	1	0	0	0	0	0	0	0	0	0
C	Marios	21	170	12	1	6_____	87807	1	0	0	0	0	1	0	0	0	0	0
C	Marios	21	170	12	1	6_____	87836	1	0	0	0	0	0	0	0	0	1	0
C	Marios	21	170	12	1	6_____	87853	1	0	0	0	0	1	0	0	0	0	0
C	Marios	21	170	12	1	6_____	87856	1	0	0	0	0	0	0	0	0	1	0
C	Marios	21	170	12	1	6_____	87861	1	0	0	0	0	1	0	0	0	0	0
C	Marios	21	170	12	1	6_____	87867	1	0	0	0	0	0	0	0	0	1	0
C	Marios	21	170	12	1	6_____	87873	1	0	0	0	0	1	0	0	0	0	0
C	Marios	21	170	12	1	6_____	87922	1	0	0	0	0	0	0	0	0	1	0
C	Marios	21	170	12	1	6_____	87926	1	0	0	0	0	1	0	0	0	0	0
C	Marios	21	170	12	1	6_____	87939	1	0	0	0	0	0	0	0	0	1	0
C	Marios	21	170	12	1	6_____	88022	1	0	0	0	0	1	0	0	0	0	0
C	Marios	21	170	12	1	6_____	88086	1	0	0	0	0	0	0	0	0	1	0
C	Marios	21	170	12	1	6_____	89126	1	0	0	0	0	1	0	0	0	0	0
C	Marios	21	170	12	1	6_____	89221	1	0	0	0	0	0	0	0	0	1	0
C	Marios	21	170	12	1	6_____	89672	1	0	0	0	0	1	0	0	0	0	0
C	Marios	21	170	12	1	6_____	89675	1	0	0	0	0	1	0	0	0	1	0
C	Marios	21	170	12	1	6_____	89677	1	0	0	0	0	0	0	0	0	1	0
C	Marios	21	170	12	1	6_____	89679	1	0	0	0	0	1	0	0	0	0	0
C	Marios	21	170	12	1	6_____	89681	1	0	0	0	0	1	0	0	0	1	0
C	Marios	21	170	12	1	6_____	89698	1	0	0	0	0	0	0	0	0	1	0
C	Marios	21	170	12	1	6_____	90199	1	0	0	0	0	1	0	0	0	0	0
C	Marios	21	170	12	1	6_____	90222	1	0	0	0	0	0	0	0	0	1	0
C	Marios	21	170	12	1	6_____	90754	1	0	0	0	0	1	0	0	0	0	0
C	Marios	21	170	12	1	6_____	90756	1	0	0	0	0	0	0	0	0	1	0
C	Marios	21	170	12	1	6_____	92250	1	2	0	0	0	0	0	0	0	0	0
C	Marios	21	170	12	1	6_____	92626	2	0	0	0	0	1	0	0	0	0	0
C	Marios	21	170	12	1	6_____	92645	2	0	0	0	0	0	0	0	0	1	0
C	Marios	21	170	12	1	6_____	92649	2	0	0	0	0	1	0	0	0	0	0
C	Marios	21	170	12	1	6_____	92651	2	0	0	0	0	0	0	0	0	1	0
C	Marios	21	170	12	1	6_____	92658	2	0	0	0	0	1	0	0	0	0	0
C	Marios	21	170	12	1	6_____	92746	2	0	0	0	0	0	0	0	0	1	0
C	Marios	21	170	12	1	6_____	92750	2	16	0	0	0	0	0	0	0	0	0
C	Marios	21	170	12	1	6_____	93250	16	15	0	0	0	0	0	0	0	0	0
C	Marios	21	170	12	1	6_____	93640	15	0	0	0	0	1	0	0	0	0	0
C	Marios	21	170	12	1	6_____	93750	15	1	0	0	0	0	0	0	0	0	0
C	Marios	21	170	12	1	6_____	93767	1	0	0	0	0	0	0	0	0	1	0
C	Marios	21	170	12	1	6_____	94397	1	0	0	0	0	1	0	0	0	0	0
C	Marios	21	170	12	1	6_____	94457	1	0	0	0	0	0	0	0	0	1	0
C	Marios	21	170	12	1	6_____	94943	1	0	0	0	0	1	0	0	0	0	0
C	Marios	21	170	12	1	6_____	95043	1	0	0	0	0	0	0	0	0	1	0
C	Marios	21	170	12	1	6_____	95047	1	0	0	0	0	1	0	0	0	0	0
C	Marios	21	170	12	1	6_____	95095	1	0	0	0	0	0	0	0	0	1	0
C	Marios	21	170	12	1	6_____	97020	1	0	0	0	0	1	0	0	0	0	0
C	Marios	21	170	12	1	6_____	97023	1	0	0	0	0	0	0	0	0	1	0
C	Marios	21	170	12	1	6_____	97027	1	0	0	0	0	1	0	0	0	0	0
C	Marios	21	170	12	1	6_____	97032	1	0	0	0	0	0	0	0	0	1	0
C	Marios	21	170	12	1	6_____	97038	1	0	0	0	0	1	0	0	0	0	0
C	Marios	21	170	12	1	6_____	97085	1	0	0	0	0	0	0	0	0	1	0
C	Marios	21	170	12	1	6_____	97250	1	2	0	0	0	0	0	0	0	0	0
C	Marios	21	170	12	1	6_____	97750	2	17	0	0	0	0	0	0	0	0	0
C	Marios	21	170	12	1	6_____	98250	17	15	0	0	0	0	0	0	0	0	0
C	Marios	21	170	12	1	6_____	98323	15	0	0	0	0	1	0	0	0	0	0
C	Marios	21	170	12	1	6_____	98334	15	0	0	0	0	0	0	0	0	1	0
C	Marios	21	170	12	1	6_____	98546	15	0	0	0	0	1	0	0	0	0	0
C	Marios	21	170	12	1	6_____	98558	15	0	0	0	0	0	0	0	0	1	0
C	Marios	21	170	12	1	6_____	98595	15	0	0	0	0	1	0	0	0	0	0
C	Marios	21	170	12	1	6_____	98737	15	0	0	0	0	0	0	0	0	1	0
C	Marios	21	170	12	1	6_____	98750	15	1	0	0	0	0	0	0	0	0	0
C	Marios	21	170	12	1	6_____	99623	1	0	0	0	0	1	0	0	0	0	0
C	Marios	21	170	12	1	6_____	99632	1	0	0	0	0	0	0	0	0	1	0
C	Marios	21	170	12	1	6_____	100280	1	0	0	0	0	1	0	0	0	0	0
C	Marios	21	170	12	1	6_____	100376	1	0	0	0	0	0	0	0	0	1	0
C	Marios	21	170	12	1	6_____	101079	1	0	0	0	0	1	0	0	0	0	0
C	Marios	21	170	12	1	6_____	101524	1	0	0	0	0	0	0	0	0	1	0
C	Marios	21	170	12	1	6_____	101805	1	0	0	0	0	1	0	0	0	0	0
C	Marios	21	170	12	1	6_____	101807	1	0	0	0	0	0	0	0	0	1	0
C	Marios	21	170	12	1	6_____	101988	1	0	0	0	0	1	0	0	0	0	0
C	Marios	21	170	12	1	6_____	101990	1	0	0	0	0	0	0	0	0	1	0
C	Marios	21	170	12	1	6_____	101996	1	0	0	0	0	1	0	0	0	0	0
C	Marios	21	170	12	1	6_____	102010	1	0	0	0	0	0	0	0	0	1	0
C	Marios	21	170	12	1	6_____	102842	1	0	0	0	0	1	0	0	0	0	0
C	Marios	21	170	12	1	6_____	102846	1	0	0	0	0	0	0	0	0	1	0
C	Marios	21	170	12	1	6_____	102881	1	0	0	0	0	1	0	0	0	0	0
C	Marios	21	170	12	1	6_____	103302	1	0	0	0	0	0	0	0	0	1	0
C	Marios	21	170	12	1	6_____	105500	1	2	0	0	0	0	0	0	0	0	0
C	Marios	21	170	12	1	6_____	106000	2	17	0	0	0	0	0	0	0	0	0
C	Marios	21	170	12	1	6_____	106500	17	15	0	0	0	0	0	0	0	0	0
C	Marios	21	170	12	1	6_____	106574	15	0	0	0	0	1	0	0	0	0	0
C	Marios	21	170	12	1	6_____	106578	15	0	0	0	0	0	0	0	0	1	0
C	Marios	21	170	12	1	6_____	106590	15	0	0	0	0	1	0	0	0	0	0
C	Marios	21	170	12	1	6_____	106661	15	0	0	0	0	0	0	0	0	1	0
C	Marios	21	170	12	1	6_____	107000	15	1	0	0	0	0	0	0	0	0	0
C	Marios	21	170	12	1	6_____	107285	1	0	0	0	0	1	0	0	0	0	0
C	Marios	21	170	12	1	6_____	107289	1	0	0	0	0	0	0	0	0	1	0
C	Marios	21	170	12	1	6_____	107297	1	0	0	0	0	1	0	0	0	0	0
C	Marios	21	170	12	1	6_____	107307	1	0	0	0	0	0	0	0	0	1	0
C	Marios	21	170	12	1	6_____	107401	1	0	0	0	0	1	0	0	0	0	0
C	Marios	21	170	12	1	6_____	107418	1	0	0	0	0	0	0	0	0	1	0
C	Marios	21	170	12	1	6_____	108424	1	0	0	0	0	1	0	0	0	0	0
C	Marios	21	170	12	1	6_____	108668	1	0	0	0	0	0	0	0	0	1	0
C	Marios	21	170	12	1	6_____	108891	1	0	0	0	0	1	0	0	0	0	0
C	Marios	21	170	12	1	6_____	108903	1	0	0	0	0	0	0	0	0	1	0
C	Marios	21	170	12	1	6_____	109936	1	0	0	0	0	1	0	0	0	0	0
C	Marios	21	170	12	1	6_____	110331	1	0	0	0	0	0	0	0	0	1	0
C	Marios	21	170	12	1	6_____	110603	1	0	0	0	0	1	0	0	0	0	0
C	Marios	21	170	12	1	6_____	110685	1	0	0	0	0	0	0	0	0	1	0
C	Marios	21	170	12	1	6_____	111500	1	2	0	0	0	0	0	0	0	0	0
C	Marios	21	170	12	1	6_____	111717	2	0	0	0	0	1	0	0	0	0	0
C	Marios	21	170	12	1	6_____	111802	2	0	0	0	0	0	0	0	0	1	0
C	Marios	21	170	12	1	6_____	111896	2	0	0	0	0	1	0	0	0	0	0
C	Marios	21	170	12	1	6_____	111996	2	0	0	0	0	0	0	0	0	1	0
C	Marios	21	170	12	1	6_____	112000	2	7	0	0	0	0	0	0	0	0	0
C	Marios	21	170	12	1	6_____	112059	7	0	0	0	0	1	0	0	0	0	0
C	Marios	21	170	12	1	6_____	112069	7	0	0	0	0	0	0	0	0	1	0
C	Marios	21	170	12	1	6_____	112161	7	0	0	0	0	1	0	0	0	0	0
C	Marios	21	170	12	1	6_____	112187	7	0	0	0	0	0	0	0	0	1	0
C	Marios	21	170	12	1	6_____	112188	7	0	0	0	0	1	0	0	0	0	0
C	Marios	21	170	12	1	6_____	112193	7	0	0	0	0	0	0	0	0	1	0
C	Marios	21	170	12	1	6_____	112280	7	0	0	0	0	1	0	0	0	0	0
C	Marios	21	170	12	1	6_____	112293	7	0	0	0	0	1	0	0	0	1	0
C	Marios	21	170	12	1	6_____	112300	7	0	0	0	0	0	0	0	0	1	0
C	Marios	21	170	12	1	6_____	112373	7	0	0	0	0	1	0	0	0	0	0
C	Marios	21	170	12	1	6_____	112500	7	11	0	0	0	0	0	0	0	0	0
C	Marios	21	170	12	1	6_____	112943	11	0	0	0	0	0	0	0	0	1	0
C	Marios	21	170	12	1	6_____	112945	11	0	0	0	0	1	0	0	0	0	0
C	Marios	21	170	12	1	6_____	112947	11	0	0	0	0	0	0	0	0	1	0
C	Marios	21	170	12	1	6_____	112951	11	0	0	0	0	1	0	0	0	0	0
C	Marios	21	170	12	1	6_____	112954	11	0	0	0	0	0	0	0	0	1	0
C	Marios	21	170	12	1	6_____	112956	11	0	0	0	0	1	0	0	0	0	0
C	Marios	21	170	12	1	6_____	112963	11	0	0	0	0	0	0	0	0	1	0
C	Marios	21	170	12	1	6_____	113000	11	1	0	0	0	0	0	0	0	0	0
C	Marios	21	170	12	1	6_____	113285	1	0	0	0	0	1	0	0	0	0	0
C	Marios	21	170	12	1	6_____	113332	1	0	0	0	0	0	0	0	0	1	0
C	Marios	21	170	12	1	6_____	113746	1	0	0	0	0	1	0	0	0	0	0
C	Marios	21	170	12	1	6_____	113749	1	0	0	0	0	0	0	0	0	1	0
C	Marios	21	170	12	1	6_____	113962	1	0	0	0	0	1	0	0	0	0	0
C	Marios	21	170	12	1	6_____	114030	1	0	0	0	0	0	0	0	0	1	0
C	Marios	21	170	12	1	6_____	114161	1	0	0	0	0	1	0	0	0	0	0
C	Marios	21	170	12	1	6_____	114164	1	0	0	0	0	0	0	0	0	1	0
C	Marios	21	170	12	1	6_____	114409	1	0	0	0	0	1	0	0	0	0	0
C	Marios	21	170	12	1	6_____	114510	1	0	0	0	0	0	0	0	0	1	0
C	Marios	21	170	12	1	6_____	114627	1	0	0	0	0	1	0	0	0	0	0
C	Marios	21	170	12	1	6_____	114629	1	0	0	0	0	0	0	0	0	1	0
C	Marios	21	170	12	1	6_____	116398	1	0	0	0	0	1	0	0	0	0	0
C	Marios	21	170	12	1	6_____	116577	1	0	0	0	0	0	0	0	0	1	0
C	Marios	21	170	12	1	6_____	116750	1	2	0	0	0	0	0	0	0	0	0
C	Marios	21	170	12	1	6_____	117250	2	16	0	0	0	0	0	0	0	0	0
C	Marios	21	170	12	1	6_____	117750	16	15	0	0	0	0	0	0	0	0	0
C	Marios	21	170	12	1	6_____	118250	15	1	0	0	0	0	0	0	0	0	0
C	Marios	21	170	12	1	6_____	118505	1	0	0	0	0	1	0	0	0	0	0
C	Marios	21	170	12	1	6_____	118511	1	0	0	0	0	0	0	0	0	1	0
C	Marios	21	170	12	1	6_____	118635	1	0	0	0	0	1	0	0	0	0	0
C	Marios	21	170	12	1	6_____	118708	1	0	0	0	0	0	0	0	0	1	0
C	Marios	21	170	12	1	6_____	119416	1	0	0	0	0	1	0	0	0	0	0
C	Marios	21	170	12	1	6_____	119419	1	0	0	0	0	0	0	0	0	1	0
C	Marios	21	170	12	1	6_____	119481	1	0	0	0	0	1	0	0	0	0	0
C	Marios	21	170	12	1	6_____	119484	1	0	0	0	0	0	0	0	0	1	0
C	Marios	21	170	12	1	6_____	119591	1	0	0	0	0	1	0	0	0	0	0
C	Marios	21	170	12	1	6_____	119720	1	0	0	0	0	0	0	0	0	1	0
C	Marios	21	170	12	1	6_____	120267	1	0	0	0	0	1	0	0	0	0	0
C	Marios	21	170	12	1	6_____	120389	1	0	0	0	0	0	0	0	0	1	0
C	Marios	21	170	12	1	6_____	120591	1	0	0	0	0	1	0	0	0	0	0
C	Marios	21	170	12	1	6_____	120621	1	0	0	0	0	0	0	0	0	1	0
C	Marios	21	170	12	1	6_____	120643	1	0	0	0	0	1	0	0	0	0	0
C	Marios	21	170	12	1	6_____	121054	1	0	0	0	0	0	0	0	0	1	0
C	Marios	21	170	12	1	6_____	121722	1	0	0	0	0	1	0	0	0	0	0
C	Marios	21	170	12	1	6_____	121820	1	0	0	0	0	0	0	0	0	1	0
C	Marios	21	170	12	1	6_____	121839	1	0	0	0	0	1	0	0	0	0	0
C	Marios	21	170	12	1	6_____	122189	1	0	0	0	0	0	0	0	0	1	0
C	Marios	21	170	12	1	6_____	122538	1	0	0	0	0	1	0	0	0	0	0
C	Marios	21	170	12	1	6_____	122546	1	0	0	0	0	0	0	0	0	1	0
C	Marios	21	170	12	1	6_____	123099	1	0	0	0	0	1	0	0	0	0	0
C	Marios	21	170	12	1	6_____	123104	1	0	0	0	0	0	0	0	0	1	0
C	Marios	21	170	12	1	6_____	123201	1	0	0	0	0	1	0	0	0	0	0
C	Marios	21	170	12	1	6_____	123499	1	0	0	0	0	0	0	0	0	1	0
C	Marios	21	170	12	1	6_____	123516	1	0	0	0	0	1	0	0	0	0	0
C	Marios	21	170	12	1	6_____	123551	1	0	0	0	0	0	0	0	0	1	0
C	Marios	21	170	12	1	6_____	124268	1	0	0	0	0	1	0	0	0	0	0
C	Marios	21	170	12	1	6_____	124270	1	0	0	0	0	0	0	0	0	1	0
C	Marios	21	170	12	1	6_____	124388	1	0	0	0	0	1	0	0	0	0	0
C	Marios	21	170	12	1	6_____	124409	1	0	0	0	0	0	0	0	0	1	0
C	Marios	21	170	12	1	6_____	124471	1	0	0	0	0	1	0	0	0	0	0
C	Marios	21	170	12	1	6_____	124484	1	0	0	0	0	0	0	0	0	1	0
C	Marios	21	170	12	1	6_____	124538	1	0	0	0	0	1	0	0	0	0	0
C	Marios	21	170	12	1	6_____	124640	1	0	0	0	0	0	0	0	0	1	0
C	Marios	21	170	12	1	6_____	125750	1	2	0	0	0	0	0	0	0	0	0
C	Marios	21	170	12	1	6_____	126250	2	16	0	0	0	0	0	0	0	0	0
C	Marios	21	170	12	1	6_____	126300	16	0	0	0	0	1	0	0	0	0	0
C	Marios	21	170	12	1	6_____	126376	16	0	0	0	0	0	0	0	0	1	0
C	Marios	21	170	12	1	6_____	126404	16	0	0	0	0	1	0	0	0	0	0
C	Marios	21	170	12	1	6_____	126471	16	0	0	0	0	0	0	0	0	1	0
C	Marios	21	170	12	1	6_____	126473	16	0	0	0	0	1	0	0	0	0	0
C	Marios	21	170	12	1	6_____	126484	16	0	0	0	0	0	0	0	0	1	0
C	Marios	21	170	12	1	6_____	126485	16	0	0	0	0	1	0	0	0	0	0
C	Marios	21	170	12	1	6_____	126566	16	0	0	0	0	0	0	0	0	1	0
C	Marios	21	170	12	1	6_____	126626	16	0	0	0	0	1	0	0	0	0	0
C	Marios	21	170	12	1	6_____	126631	16	0	0	0	0	0	0	0	0	1	0
C	Marios	21	170	12	1	6_____	126654	16	0	0	0	0	1	0	0	0	0	0
C	Marios	21	170	12	1	6_____	126674	16	0	0	0	0	0	0	0	0	1	0
C	Marios	21	170	12	1	6_____	126734	16	0	0	0	0	1	0	0	0	0	0
C	Marios	21	170	12	1	6_____	126750	16	15	0	0	0	0	0	0	0	0	0
C	Marios	21	170	12	1	6_____	126848	15	0	0	0	0	0	0	0	0	1	0
C	Marios	21	170	12	1	6_____	126851	15	0	0	0	0	1	0	0	0	0	0
C	Marios	21	170	12	1	6_____	126853	15	0	0	0	0	0	0	0	0	1	0
C	Marios	21	170	12	1	6_____	126856	15	0	0	0	0	1	0	0	0	0	0
C	Marios	21	170	12	1	6_____	126899	15	0	0	0	0	0	0	0	0	1	0
C	Marios	21	170	12	1	6_____	127016	15	0	0	0	0	1	0	0	0	0	0
C	Marios	21	170	12	1	6_____	127023	15	0	0	0	0	0	0	0	0	1	0
C	Marios	21	170	12	1	6_____	127038	15	0	0	0	0	1	0	0	0	0	0
C	Marios	21	170	12	1	6_____	127142	15	0	0	0	0	0	0	0	0	1	0
C	Marios	21	170	12	1	6_____	127222	15	0	0	0	0	1	0	0	0	0	0
C	Marios	21	170	12	1	6_____	127250	15	1	0	0	0	0	0	0	0	0	0
C	Marios	21	170	12	1	6_____	127265	1	0	0	0	0	0	0	0	0	1	0
C	Marios	21	170	12	1	6_____	131041	1	0	0	0	0	1	0	0	0	0	0
C	Marios	21	170	12	1	6_____	131046	1	0	0	0	0	0	0	0	0	1	0
C	Marios	21	170	12	1	6_____	131049	1	0	0	0	0	1	0	0	0	0	0
C	Marios	21	170	12	1	6_____	131422	1	0	0	0	0	0	0	0	0	1	0
C	Marios	21	170	12	1	6_____	131567	1	0	0	0	0	1	0	0	0	0	0
C	Marios	21	170	12	1	6_____	131651	1	0	0	0	0	0	0	0	0	1	0
C	Marios	21	170	12	1	6_____	132500	1	2	0	0	0	0	0	0	0	0	0
C	Marios	21	170	12	1	6_____	132886	2	0	0	0	0	1	0	0	0	0	0
C	Marios	21	170	12	1	6_____	133000	2	17	0	0	0	0	0	0	0	0	0
C	Marios	21	170	12	1	6_____	133010	17	0	0	0	0	0	0	0	0	1	0
C	Marios	21	170	12	1	6_____	133030	17	0	0	0	0	1	0	0	0	0	0
C	Marios	21	170	12	1	6_____	133126	17	0	0	0	0	0	0	0	0	1	0
C	Marios	21	170	12	1	6_____	133322	17	0	0	0	0	1	0	0	0	0	0
C	Marios	21	170	12	1	6_____	133325	17	0	0	0	0	0	0	0	0	1	0
C	Marios	21	170	12	1	6_____	133500	17	15	0	0	0	0	0	0	0	0	0
C	Marios	21	170	12	1	6_____	133531	15	0	0	0	0	1	0	0	0	0	0
C	Marios	21	170	12	1	6_____	133717	15	0	0	0	0	0	0	0	0	1	0
C	Marios	21	170	12	1	6_____	133721	15	0	0	0	0	1	0	0	0	0	0
C	Marios	21	170	12	1	6_____	133743	15	0	0	0	0	0	0	0	0	1	0
C	Marios	21	170	12	1	6_____	134000	15	1	0	0	0	0	0	0	0	0	0
C	Marios	21	170	12	1	6_____	135693	1	0	0	0	0	1	0	0	0	0	0
C	Marios	21	170	12	1	6_____	135801	1	0	0	0	0	0	0	0	0	1	0
C	Marios	21	170	12	1	6_____	137661	1	0	0	0	0	1	0	0	0	0	0
C	Marios	21	170	12	1	6_____	137778	1	0	0	0	0	0	0	0	0	1	0
C	Marios	21	170	12	1	6_____	138474	1	0	0	0	0	1	0	0	0	0	0
C	Marios	21	170	12	1	6_____	138530	1	0	0	0	0	0	0	0	0	1	0
C	Marios	21	170	12	1	6_____	139071	1	0	0	0	0	1	0	0	0	0	0
C	Marios	21	170	12	1	6_____	139079	1	0	0	0	0	0	0	0	0	1	0
C	Marios	21	170	12	1	6_____	139500	1	2	0	0	0	0	0	0	0	0	0
C	Marios	21	170	12	1	6_____	140000	2	17	0	0	0	0	0	0	0	0	0
C	Marios	21	170	12	1	6_____	140500	17	15	0	0	0	0	0	0	0	0	0
C	Marios	21	170	12	1	6_____	141000	15	1	0	0	0	0	0	0	0	0	0
C	Marios	21	170	12	1	6_____	142500	1	2	0	0	0	0	0	0	0	0	0
C	Marios	21	170	12	1	6_____	143000	2	6	0	0	0	0	0	0	0	0	0
C	Marios	21	170	12	1	6_____	143039	6	0	0	0	0	1	0	0	0	0	0
C	Marios	21	170	12	1	6_____	143051	6	0	0	0	0	0	0	0	0	1	0
C	Marios	21	170	12	1	6_____	143070	6	0	0	0	0	1	0	0	0	0	0
C	Marios	21	170	12	1	6_____	143141	6	0	0	0	0	0	0	0	0	1	0
C	Marios	21	170	12	1	6_____	143175	6	0	0	0	0	1	0	0	0	0	0
C	Marios	21	170	12	1	6_____	143247	6	0	0	0	0	0	0	0	0	1	0
C	Marios	21	170	12	1	6_____	143252	6	0	0	0	0	1	0	0	0	0	0
C	Marios	21	170	12	1	6_____	143261	6	0	0	0	0	0	0	0	0	1	0
C	Marios	21	170	12	1	6_____	143297	6	0	0	0	0	1	0	0	0	0	0
C	Marios	21	170	12	1	6_____	143310	6	0	0	0	0	0	0	0	0	1	0
C	Marios	21	170	12	1	6_____	143312	6	0	0	0	0	1	0	0	0	0	0
C	Marios	21	170	12	1	6_____	143314	6	0	0	0	0	0	0	0	0	1	0
C	Marios	21	170	12	1	6_____	143333	6	0	0	0	0	1	0	0	0	0	0
C	Marios	21	170	12	1	6_____	143342	6	0	0	0	0	0	0	0	0	1	0
C	Marios	21	170	12	1	6_____	143344	6	0	0	0	0	1	0	0	0	0	0
C	Marios	21	170	12	1	6_____	143348	6	0	0	0	0	0	0	0	0	1	0
C	Marios	21	170	12	1	6_____	143426	6	0	0	0	0	1	0	0	0	0	0
C	Marios	21	170	12	1	6_____	143436	6	0	0	0	0	0	0	0	0	1	0
C	Marios	21	170	12	1	6_____	143438	6	0	0	0	0	1	0	0	0	0	0
C	Marios	21	170	12	1	6_____	143440	6	0	0	0	0	0	0	0	0	1	0
C	Marios	21	170	12	1	6_____	143462	6	0	0	0	0	1	0	0	0	0	0
C	Marios	21	170	12	1	6_____	143466	6	0	0	0	0	0	0	0	0	1	0
C	Marios	21	170	12	1	6_____	143487	6	0	0	0	0	1	0	0	0	0	0
C	Marios	21	170	12	1	6_____	143492	6	0	0	0	0	0	0	0	0	1	0
C	Marios	21	170	12	1	6_____	143500	6	10	0	0	0	0	0	0	0	0	0
C	Marios	21	170	12	1	6_____	143542	10	0	0	0	0	1	0	0	0	0	0
C	Marios	21	170	12	1	6_____	143719	10	0	0	0	0	0	0	0	0	1	0
C	Marios	21	170	12	1	6_____	144000	10	14	0	0	0	0	0	0	0	0	0
C	Marios	21	170	12	1	6_____	144216	14	0	0	0	0	1	0	0	0	0	0
C	Marios	21	170	12	1	6_____	144220	14	0	0	0	0	0	0	0	0	1	0
C	Marios	21	170	12	1	6_____	144224	14	0	0	0	0	1	0	0	0	0	0
C	Marios	21	170	12	1	6_____	144268	14	0	0	0	0	0	0	0	0	1	0
C	Marios	21	170	12	1	6_____	144270	14	0	0	0	0	1	0	0	0	0	0
C	Marios	21	170	12	1	6_____	144322	14	0	0	0	0	0	0	0	0	1	0
C	Marios	21	170	12	1	6_____	145023	14	0	0	0	0	1	0	0	0	0	0
C	Marios	21	170	12	1	6_____	145046	14	0	0	0	0	0	0	0	0	1	0
C	Marios	21	170	12	1	6_____	145047	14	0	0	0	0	1	0	0	0	0	0
C	Marios	21	170	12	1	6_____	145049	14	0	0	0	0	0	0	0	0	1	0
C	Marios	21	170	12	1	6_____	145093	14	0	0	0	0	1	0	0	0	0	0
C	Marios	21	170	12	1	6_____	145095	14	0	0	0	0	0	0	0	0	1	0
C	Marios	21	170	12	1	6_____	145816	14	0	0	0	0	1	0	0	0	0	0
C	Marios	21	170	12	1	6_____	145889	14	0	0	0	0	0	0	0	0	1	0
C	Marios	21	170	12	1	6_____	147000	14	-1	0	0	0	0	0	0	0	0	0
C	Marios	21	170	15	1	31____	0	0	1	0	0	0	0	0	0	0	0	0
C	Marios	21	170	15	1	31____	257	1	0	0	0	0	1	0	0	0	0	0
C	Marios	21	170	15	1	31____	338	1	0	0	0	0	0	0	0	0	1	0
C	Marios	21	170	15	1	31____	360	1	0	0	0	0	1	0	0	0	0	0
C	Marios	21	170	15	1	31____	365	1	0	0	0	0	0	0	0	0	1	0
C	Marios	21	170	15	1	31____	369	1	0	0	0	0	1	0	0	0	0	0
C	Marios	21	170	15	1	31____	390	1	0	0	0	0	0	0	0	0	1	0
C	Marios	21	170	15	1	31____	2267	1	0	0	0	0	1	0	0	0	0	0
C	Marios	21	170	15	1	31____	2364	1	0	0	0	0	0	0	0	0	1	0
C	Marios	21	170	15	1	31____	3586	1	0	0	0	0	1	0	0	0	0	0
C	Marios	21	170	15	1	31____	3610	1	0	0	0	0	0	0	0	0	1	0
C	Marios	21	170	15	1	31____	3750	1	2	0	0	0	0	0	0	0	0	0
C	Marios	21	170	15	1	31____	4250	2	16	0	0	0	0	0	0	0	0	0
C	Marios	21	170	15	1	31____	4613	16	0	0	0	0	1	0	0	0	0	0
C	Marios	21	170	15	1	31____	4721	16	0	0	0	0	0	0	0	0	1	0
C	Marios	21	170	15	1	31____	4750	16	15	0	0	0	0	0	0	0	0	0
C	Marios	21	170	15	1	31____	5250	15	1	0	0	0	0	0	0	0	0	0
C	Marios	21	170	15	1	31____	7037	1	0	0	0	0	1	0	0	0	0	0
C	Marios	21	170	15	1	31____	7058	1	0	0	0	0	0	0	0	0	1	0
C	Marios	21	170	15	1	31____	7063	1	0	0	0	0	1	0	0	0	0	0
C	Marios	21	170	15	1	31____	7161	1	0	0	0	0	0	0	0	0	1	0
C	Marios	21	170	15	1	31____	7162	1	0	0	0	0	1	0	0	0	0	0
C	Marios	21	170	15	1	31____	7179	1	0	0	0	0	0	0	0	0	1	0
C	Marios	21	170	15	1	31____	7183	1	0	0	0	0	1	0	0	0	0	0
C	Marios	21	170	15	1	31____	7185	1	0	0	0	0	0	0	0	0	1	0
C	Marios	21	170	15	1	31____	7187	1	0	0	0	0	1	0	0	0	0	0
C	Marios	21	170	15	1	31____	7192	1	0	0	0	0	0	0	0	0	1	0
C	Marios	21	170	15	1	31____	7195	1	0	0	0	0	1	0	0	0	0	0
C	Marios	21	170	15	1	31____	7216	1	0	0	0	0	0	0	0	0	1	0
C	Marios	21	170	15	1	31____	7253	1	0	0	0	0	1	0	0	0	0	0
C	Marios	21	170	15	1	31____	7429	1	0	0	0	0	0	0	0	0	1	0
C	Marios	21	170	15	1	31____	7500	1	2	0	0	0	0	0	0	0	0	0
C	Marios	21	170	15	1	31____	8000	2	17	0	0	0	0	0	0	0	0	0
C	Marios	21	170	15	1	31____	8500	17	15	0	0	0	0	0	0	0	0	0
C	Marios	21	170	15	1	31____	9000	15	1	0	0	0	0	0	0	0	0	0
C	Marios	21	170	15	1	31____	9305	1	0	0	0	0	1	0	0	0	0	0
C	Marios	21	170	15	1	31____	9349	1	0	0	0	0	0	0	0	0	1	0
C	Marios	21	170	15	1	31____	11961	1	0	0	0	0	1	0	0	0	0	0
C	Marios	21	170	15	1	31____	12012	1	0	0	0	0	0	0	0	0	1	0
C	Marios	21	170	15	1	31____	12016	1	0	0	0	0	1	0	0	0	0	0
C	Marios	21	170	15	1	31____	12034	1	0	0	0	0	0	0	0	0	1	0
C	Marios	21	170	15	1	31____	12041	1	0	0	0	0	1	0	0	0	0	0
C	Marios	21	170	15	1	31____	12053	1	0	0	0	0	0	0	0	0	1	0
C	Marios	21	170	15	1	31____	12057	1	0	0	0	0	1	0	0	0	0	0
C	Marios	21	170	15	1	31____	12059	1	0	0	0	0	0	0	0	0	1	0
C	Marios	21	170	15	1	31____	12060	1	0	0	0	0	1	0	0	0	0	0
C	Marios	21	170	15	1	31____	12063	1	0	0	0	0	0	0	0	0	1	0
C	Marios	21	170	15	1	31____	13097	1	0	0	0	0	1	0	0	0	0	0
C	Marios	21	170	15	1	31____	13132	1	0	0	0	0	0	0	0	0	1	0
C	Marios	21	170	15	1	31____	13651	1	0	0	0	0	1	0	0	0	0	0
C	Marios	21	170	15	1	31____	13716	1	0	0	0	0	0	0	0	0	1	0
C	Marios	21	170	15	1	31____	15000	1	2	0	0	0	0	0	0	0	0	0
C	Marios	21	170	15	1	31____	15500	2	17	0	0	0	0	0	0	0	0	0
C	Marios	21	170	15	1	31____	16000	17	15	0	0	0	0	0	0	0	0	0
C	Marios	21	170	15	1	31____	16348	15	0	0	0	0	1	0	0	0	0	0
C	Marios	21	170	15	1	31____	16391	15	0	0	0	0	0	0	0	0	1	0
C	Marios	21	170	15	1	31____	16500	15	1	0	0	0	0	0	0	0	0	0
C	Marios	21	170	15	1	31____	17418	1	0	0	0	0	1	0	0	0	0	0
C	Marios	21	170	15	1	31____	17568	1	0	0	0	0	0	0	0	0	1	0
C	Marios	21	170	15	1	31____	17569	1	0	0	0	0	1	0	0	0	0	0
C	Marios	21	170	15	1	31____	17583	1	0	0	0	0	0	0	0	0	1	0
C	Marios	21	170	15	1	31____	18000	1	2	0	0	0	0	0	0	0	0	0
C	Marios	21	170	15	1	31____	18159	2	0	0	0	0	1	0	0	0	0	0
C	Marios	21	170	15	1	31____	18178	2	0	0	0	0	0	0	0	0	1	0
C	Marios	21	170	15	1	31____	18180	2	0	0	0	0	1	0	0	0	0	0
C	Marios	21	170	15	1	31____	18182	2	0	0	0	0	0	0	0	0	1	0
C	Marios	21	170	15	1	31____	18185	2	0	0	0	0	1	0	0	0	0	0
C	Marios	21	170	15	1	31____	18188	2	0	0	0	0	0	0	0	0	1	0
C	Marios	21	170	15	1	31____	18500	2	16	0	0	0	0	0	0	0	0	0
C	Marios	21	170	15	1	31____	18807	16	0	0	0	0	1	0	0	0	0	0
C	Marios	21	170	15	1	31____	18861	16	0	0	0	0	0	0	0	0	1	0
C	Marios	21	170	15	1	31____	19000	16	15	0	0	0	0	0	0	0	0	0
C	Marios	21	170	15	1	31____	19418	15	0	0	0	0	1	0	0	0	0	0
C	Marios	21	170	15	1	31____	19427	15	0	0	0	0	0	0	0	0	1	0
C	Marios	21	170	15	1	31____	19500	15	1	0	0	0	0	0	0	0	0	0
C	Marios	21	170	15	1	31____	20130	1	0	0	0	0	1	0	0	0	0	0
C	Marios	21	170	15	1	31____	20159	1	0	0	0	0	0	0	0	0	1	0
C	Marios	21	170	15	1	31____	20160	1	0	0	0	0	1	0	0	0	0	0
C	Marios	21	170	15	1	31____	20166	1	0	0	0	0	0	0	0	0	1	0
C	Marios	21	170	15	1	31____	21640	1	0	0	0	0	1	0	0	0	0	0
C	Marios	21	170	15	1	31____	21663	1	0	0	0	0	0	0	0	0	1	0
C	Marios	21	170	15	1	31____	21730	1	0	0	0	0	1	0	0	0	0	0
C	Marios	21	170	15	1	31____	22084	1	0	0	0	0	0	0	0	0	1	0
C	Marios	21	170	15	1	31____	22117	1	0	0	0	0	1	0	0	0	0	0
C	Marios	21	170	15	1	31____	22343	1	0	0	0	0	0	0	0	0	1	0
C	Marios	21	170	15	1	31____	22344	1	0	0	0	0	1	0	0	0	0	0
C	Marios	21	170	15	1	31____	22346	1	0	0	0	0	0	0	0	0	1	0
C	Marios	21	170	15	1	31____	22355	1	0	0	0	0	1	0	0	0	0	0
C	Marios	21	170	15	1	31____	22366	1	0	0	0	0	0	0	0	0	1	0
C	Marios	21	170	15	1	31____	22369	1	0	0	0	0	1	0	0	0	0	0
C	Marios	21	170	15	1	31____	22383	1	0	0	0	0	0	0	0	0	1	0
C	Marios	21	170	15	1	31____	22388	1	0	0	0	0	1	0	0	0	0	0
C	Marios	21	170	15	1	31____	22396	1	0	0	0	0	0	0	0	0	1	0
C	Marios	21	170	15	1	31____	22405	1	0	0	0	0	1	0	0	0	0	0
C	Marios	21	170	15	1	31____	22415	1	0	0	0	0	0	0	0	0	1	0
C	Marios	21	170	15	1	31____	22421	1	0	0	0	0	1	0	0	0	0	0
C	Marios	21	170	15	1	31____	22433	1	0	0	0	0	0	0	0	0	1	0
C	Marios	21	170	15	1	31____	22439	1	0	0	0	0	1	0	0	0	0	0
C	Marios	21	170	15	1	31____	22452	1	0	0	0	0	0	0	0	0	1	0
C	Marios	21	170	15	1	31____	22457	1	0	0	0	0	1	0	0	0	0	0
C	Marios	21	170	15	1	31____	22464	1	0	0	0	0	0	0	0	0	1	0
C	Marios	21	170	15	1	31____	22465	1	0	0	0	0	1	0	0	0	0	0
C	Marios	21	170	15	1	31____	22766	1	0	0	0	0	0	0	0	0	1	0
C	Marios	21	170	15	1	31____	22908	1	0	0	0	0	1	0	0	0	0	0
C	Marios	21	170	15	1	31____	22925	1	0	0	0	0	0	0	0	0	1	0
C	Marios	21	170	15	1	31____	24750	1	2	0	0	0	0	0	0	0	0	0
C	Marios	21	170	15	1	31____	24929	2	0	0	0	0	1	0	0	0	0	0
C	Marios	21	170	15	1	31____	24935	2	0	0	0	0	0	0	0	0	1	0
C	Marios	21	170	15	1	31____	24939	2	0	0	0	0	1	0	0	0	0	0
C	Marios	21	170	15	1	31____	25116	2	0	0	0	0	1	0	0	0	1	0
C	Marios	21	170	15	1	31____	25122	2	0	0	0	0	0	0	0	0	1	0
C	Marios	21	170	15	1	31____	25231	2	0	0	0	0	1	0	0	0	0	0
C	Marios	21	170	15	1	31____	25250	2	7	0	0	0	0	0	0	0	0	0
C	Marios	21	170	15	1	31____	25309	7	0	0	0	0	0	0	0	0	1	0
C	Marios	21	170	15	1	31____	25328	7	0	0	0	0	1	0	0	0	0	0
C	Marios	21	170	15	1	31____	25392	7	0	0	0	0	0	0	0	0	1	0
C	Marios	21	170	15	1	31____	25395	7	0	0	0	0	1	0	0	0	0	0
C	Marios	21	170	15	1	31____	25404	7	0	0	0	0	0	0	0	0	1	0
C	Marios	21	170	15	1	31____	25405	7	0	0	0	0	1	0	0	0	0	0
C	Marios	21	170	15	1	31____	25479	7	0	0	0	0	0	0	0	0	1	0
C	Marios	21	170	15	1	31____	25496	7	0	0	0	0	1	0	0	0	0	0
C	Marios	21	170	15	1	31____	25545	7	0	0	0	0	0	0	0	0	1	0
C	Marios	21	170	15	1	31____	25548	7	0	0	0	0	1	0	0	0	0	0
C	Marios	21	170	15	1	31____	25555	7	0	0	0	0	0	0	0	0	1	0
C	Marios	21	170	15	1	31____	25557	7	0	0	0	0	1	0	0	0	0	0
C	Marios	21	170	15	1	31____	25596	7	0	0	0	0	0	0	0	0	1	0
C	Marios	21	170	15	1	31____	25597	7	0	0	0	0	1	0	0	0	0	0
C	Marios	21	170	15	1	31____	25600	7	0	0	0	0	0	0	0	0	1	0
C	Marios	21	170	15	1	31____	25613	7	0	0	0	0	1	0	0	0	0	0
C	Marios	21	170	15	1	31____	25624	7	0	0	0	0	0	0	0	0	1	0
C	Marios	21	170	15	1	31____	25626	7	0	0	0	0	1	0	0	0	0	0
C	Marios	21	170	15	1	31____	25750	7	11	0	0	0	0	0	0	0	0	0
C	Marios	21	170	15	1	31____	26101	11	0	0	0	0	0	0	0	0	1	0
C	Marios	21	170	15	1	31____	26108	11	0	0	0	0	1	0	0	0	0	0
C	Marios	21	170	15	1	31____	26110	11	0	0	0	0	0	0	0	0	1	0
C	Marios	21	170	15	1	31____	26115	11	0	0	0	0	1	0	0	0	0	0
C	Marios	21	170	15	1	31____	26165	11	0	0	0	0	0	0	0	0	1	0
C	Marios	21	170	15	1	31____	26250	11	1	0	0	0	0	0	0	0	0	0
C	Marios	21	170	15	1	31____	26348	1	0	0	0	0	1	0	0	0	0	0
C	Marios	21	170	15	1	31____	26998	1	0	0	0	0	0	0	0	0	1	0
C	Marios	21	170	15	1	31____	27001	1	0	0	0	0	1	0	0	0	0	0
C	Marios	21	170	15	1	31____	27348	1	0	0	0	0	0	0	0	0	1	0
C	Marios	21	170	15	1	31____	27496	1	0	0	0	0	1	0	0	0	0	0
C	Marios	21	170	15	1	31____	27607	1	0	0	0	0	0	0	0	0	1	0
C	Marios	21	170	15	1	31____	27611	1	0	0	0	0	1	0	0	0	0	0
C	Marios	21	170	15	1	31____	27613	1	0	0	0	0	0	0	0	0	1	0
C	Marios	21	170	15	1	31____	27614	1	0	0	0	0	1	0	0	0	0	0
C	Marios	21	170	15	1	31____	28406	1	0	0	0	0	0	0	0	0	1	0
C	Marios	21	170	15	1	31____	28520	1	0	0	0	0	1	0	0	0	0	0
C	Marios	21	170	15	1	31____	28735	1	0	0	0	0	0	0	0	0	1	0
C	Marios	21	170	15	1	31____	28798	1	0	0	0	0	1	0	0	0	0	0
C	Marios	21	170	15	1	31____	28980	1	0	0	0	0	0	0	0	0	1	0
C	Marios	21	170	15	1	31____	30750	1	2	0	0	0	0	0	0	0	0	0
C	Marios	21	170	15	1	31____	30751	2	0	0	0	0	1	0	0	0	0	0
C	Marios	21	170	15	1	31____	30983	2	0	0	0	0	0	0	0	0	1	0
C	Marios	21	170	15	1	31____	31250	2	6	0	0	0	0	0	0	0	0	0
C	Marios	21	170	15	1	31____	31273	6	0	0	0	0	1	0	0	0	0	0
C	Marios	21	170	15	1	31____	31383	6	0	0	0	0	0	0	0	0	1	0
C	Marios	21	170	15	1	31____	31385	6	0	0	0	0	1	0	0	0	0	0
C	Marios	21	170	15	1	31____	31434	6	0	0	0	0	0	0	0	0	1	0
C	Marios	21	170	15	1	31____	31438	6	0	0	0	0	1	0	0	0	0	0
C	Marios	21	170	15	1	31____	31440	6	0	0	0	0	0	0	0	0	1	0
C	Marios	21	170	15	1	31____	31442	6	0	0	0	0	1	0	0	0	0	0
C	Marios	21	170	15	1	31____	31537	6	0	0	0	0	0	0	0	0	1	0
C	Marios	21	170	15	1	31____	31539	6	0	0	0	0	1	0	0	0	0	0
C	Marios	21	170	15	1	31____	31542	6	0	0	0	0	0	0	0	0	1	0
C	Marios	21	170	15	1	31____	31548	6	0	0	0	0	1	0	0	0	0	0
C	Marios	21	170	15	1	31____	31565	6	0	0	0	0	0	0	0	0	1	0
C	Marios	21	170	15	1	31____	31598	6	0	0	0	0	1	0	0	0	0	0
C	Marios	21	170	15	1	31____	31624	6	0	0	0	0	0	0	0	0	1	0
C	Marios	21	170	15	1	31____	31634	6	0	0	0	0	1	0	0	0	0	0
C	Marios	21	170	15	1	31____	31707	6	0	0	0	0	0	0	0	0	1	0
C	Marios	21	170	15	1	31____	31735	6	0	0	0	0	1	0	0	0	0	0
C	Marios	21	170	15	1	31____	31750	6	10	0	0	0	0	0	0	0	0	0
C	Marios	21	170	15	1	31____	32161	10	0	0	0	0	0	0	0	0	1	0
C	Marios	21	170	15	1	31____	32175	10	0	0	0	0	1	0	0	0	0	0
C	Marios	21	170	15	1	31____	32177	10	0	0	0	0	0	0	0	0	1	0
C	Marios	21	170	15	1	31____	32250	10	1	0	0	0	0	0	0	0	0	0
C	Marios	21	170	15	1	31____	32282	1	0	0	0	0	1	0	0	0	0	0
C	Marios	21	170	15	1	31____	32429	1	0	0	0	0	0	0	0	0	1	0
C	Marios	21	170	15	1	31____	32431	1	0	0	0	0	1	0	0	0	0	0
C	Marios	21	170	15	1	31____	32447	1	0	0	0	0	0	0	0	0	1	0
C	Marios	21	170	15	1	31____	32449	1	0	0	0	0	1	0	0	0	0	0
C	Marios	21	170	15	1	31____	32641	1	0	0	0	0	0	0	0	0	1	0
C	Marios	21	170	15	1	31____	32642	1	0	0	0	0	1	0	0	0	0	0
C	Marios	21	170	15	1	31____	32652	1	0	0	0	0	0	0	0	0	1	0
C	Marios	21	170	15	1	31____	32656	1	0	0	0	0	1	0	0	0	0	0
C	Marios	21	170	15	1	31____	32664	1	0	0	0	0	0	0	0	0	1	0
C	Marios	21	170	15	1	31____	32674	1	0	0	0	0	1	0	0	0	0	0
C	Marios	21	170	15	1	31____	32676	1	0	0	0	0	0	0	0	0	1	0
C	Marios	21	170	15	1	31____	32680	1	0	0	0	0	1	0	0	0	0	0
C	Marios	21	170	15	1	31____	32718	1	0	0	0	0	0	0	0	0	1	0
C	Marios	21	170	15	1	31____	32719	1	0	0	0	0	1	0	0	0	0	0
C	Marios	21	170	15	1	31____	32722	1	0	0	0	0	0	0	0	0	1	0
C	Marios	21	170	15	1	31____	32727	1	0	0	0	0	1	0	0	0	0	0
C	Marios	21	170	15	1	31____	32793	1	0	0	0	0	0	0	0	0	1	0
C	Marios	21	170	15	1	31____	32794	1	0	0	0	0	1	0	0	0	0	0
C	Marios	21	170	15	1	31____	32798	1	0	0	0	0	0	0	0	0	1	0
C	Marios	21	170	15	1	31____	32800	1	0	0	0	0	1	0	0	0	0	0
C	Marios	21	170	15	1	31____	32804	1	0	0	0	0	0	0	0	0	1	0
C	Marios	21	170	15	1	31____	32805	1	0	0	0	0	1	0	0	0	0	0
C	Marios	21	170	15	1	31____	32832	1	0	0	0	0	0	0	0	0	1	0
C	Marios	21	170	15	1	31____	32836	1	0	0	0	0	1	0	0	0	0	0
C	Marios	21	170	15	1	31____	32930	1	0	0	0	0	0	0	0	0	1	0
C	Marios	21	170	15	1	31____	33248	1	0	0	0	0	1	0	0	0	0	0
C	Marios	21	170	15	1	31____	33313	1	0	0	0	0	0	0	0	0	1	0
C	Marios	21	170	15	1	31____	34184	1	0	0	0	0	1	0	0	0	0	0
C	Marios	21	170	15	1	31____	34239	1	0	0	0	0	0	0	0	0	1	0
C	Marios	21	170	15	1	31____	34243	1	0	0	0	0	1	0	0	0	0	0
C	Marios	21	170	15	1	31____	34591	1	0	0	0	0	0	0	0	0	1	0
C	Marios	21	170	15	1	31____	35506	1	0	0	0	0	1	0	0	0	0	0
C	Marios	21	170	15	1	31____	35525	1	0	0	0	0	0	0	0	0	1	0
C	Marios	21	170	15	1	31____	35635	1	0	0	0	0	1	0	0	0	0	0
C	Marios	21	170	15	1	31____	35688	1	0	0	0	0	0	0	0	0	1	0
C	Marios	21	170	15	1	31____	35689	1	0	0	0	0	1	0	0	0	0	0
C	Marios	21	170	15	1	31____	35705	1	0	0	0	0	0	0	0	0	1	0
C	Marios	21	170	15	1	31____	35706	1	0	0	0	0	1	0	0	0	0	0
C	Marios	21	170	15	1	31____	35734	1	0	0	0	0	0	0	0	0	1	0
C	Marios	21	170	15	1	31____	37751	1	0	0	0	0	1	0	0	0	0	0
C	Marios	21	170	15	1	31____	37830	1	0	0	0	0	0	0	0	0	1	0
C	Marios	21	170	15	1	31____	38705	1	0	0	0	0	1	0	0	0	0	0
C	Marios	21	170	15	1	31____	38719	1	0	0	0	0	0	0	0	0	1	0
C	Marios	21	170	15	1	31____	38756	1	0	0	0	0	1	0	0	0	0	0
C	Marios	21	170	15	1	31____	38784	1	0	0	0	0	0	0	0	0	1	0
C	Marios	21	170	15	1	31____	39000	1	2	0	0	0	0	0	0	0	0	0
C	Marios	21	170	15	1	31____	39500	2	17	0	0	0	0	0	0	0	0	0
C	Marios	21	170	15	1	31____	39555	17	0	0	0	0	1	0	0	0	0	0
C	Marios	21	170	15	1	31____	39608	17	0	0	0	0	0	0	0	0	1	0
C	Marios	21	170	15	1	31____	40000	17	15	0	0	0	0	0	0	0	0	0
C	Marios	21	170	15	1	31____	40500	15	1	0	0	0	0	0	0	0	0	0
C	Marios	21	170	15	1	31____	40525	1	0	0	0	0	1	0	0	0	0	0
C	Marios	21	170	15	1	31____	40613	1	0	0	0	0	0	0	0	0	1	0
C	Marios	21	170	15	1	31____	41065	1	0	0	0	0	1	0	0	0	0	0
C	Marios	21	170	15	1	31____	41300	1	0	0	0	0	0	0	0	0	1	0
C	Marios	21	170	15	1	31____	41304	1	0	0	0	0	1	0	0	0	0	0
C	Marios	21	170	15	1	31____	41490	1	0	0	0	0	0	0	0	0	1	0
C	Marios	21	170	15	1	31____	41491	1	0	0	0	0	1	0	0	0	0	0
C	Marios	21	170	15	1	31____	41511	1	0	0	0	0	1	0	0	0	1	0
C	Marios	21	170	15	1	31____	41527	1	0	0	0	0	0	0	0	0	1	0
C	Marios	21	170	15	1	31____	41530	1	0	0	0	0	1	0	0	0	0	0
C	Marios	21	170	15	1	31____	41538	1	0	0	0	0	0	0	0	0	1	0
C	Marios	21	170	15	1	31____	41603	1	0	0	0	0	1	0	0	0	0	0
C	Marios	21	170	15	1	31____	41761	1	0	0	0	0	0	0	0	0	1	0
C	Marios	21	170	15	1	31____	41768	1	0	0	0	0	1	0	0	0	0	0
C	Marios	21	170	15	1	31____	41779	1	0	0	0	0	0	0	0	0	1	0
C	Marios	21	170	15	1	31____	41780	1	0	0	0	0	1	0	0	0	0	0
C	Marios	21	170	15	1	31____	41786	1	0	0	0	0	0	0	0	0	1	0
C	Marios	21	170	15	1	31____	41803	1	0	0	0	0	1	0	0	0	0	0
C	Marios	21	170	15	1	31____	41805	1	0	0	0	0	0	0	0	0	1	0
C	Marios	21	170	15	1	31____	41807	1	0	0	0	0	1	0	0	0	0	0
C	Marios	21	170	15	1	31____	41825	1	0	0	0	0	0	0	0	0	1	0
C	Marios	21	170	15	1	31____	41848	1	0	0	0	0	1	0	0	0	0	0
C	Marios	21	170	15	1	31____	41929	1	0	0	0	0	0	0	0	0	1	0
C	Marios	21	170	15	1	31____	41977	1	0	0	0	0	1	0	0	0	0	0
C	Marios	21	170	15	1	31____	42164	1	0	0	0	0	0	0	0	0	1	0
C	Marios	21	170	15	1	31____	43500	1	2	0	0	0	0	0	0	0	0	0
C	Marios	21	170	15	1	31____	43558	2	0	0	0	0	1	0	0	0	0	0
C	Marios	21	170	15	1	31____	43569	2	0	0	0	0	0	0	0	0	1	0
C	Marios	21	170	15	1	31____	43583	2	0	0	0	0	1	0	0	0	0	0
C	Marios	21	170	15	1	31____	43625	2	0	0	0	0	0	0	0	0	1	0
C	Marios	21	170	15	1	31____	43800	2	0	0	0	0	1	0	0	0	0	0
C	Marios	21	170	15	1	31____	43880	2	0	0	0	0	0	0	0	0	1	0
C	Marios	21	170	15	1	31____	44000	2	17	0	0	0	0	0	0	0	0	0
C	Marios	21	170	15	1	31____	44028	17	0	0	0	0	1	0	0	0	0	0
C	Marios	21	170	15	1	31____	44089	17	0	0	0	0	0	0	0	0	1	0
C	Marios	21	170	15	1	31____	44090	17	0	0	0	0	1	0	0	0	0	0
C	Marios	21	170	15	1	31____	44175	17	0	0	0	0	0	0	0	0	1	0
C	Marios	21	170	15	1	31____	44230	17	0	0	0	0	1	0	0	0	0	0
C	Marios	21	170	15	1	31____	44500	17	15	0	0	0	0	0	0	0	0	0
C	Marios	21	170	15	1	31____	44501	15	0	0	0	0	0	0	0	0	1	0
C	Marios	21	170	15	1	31____	44502	15	0	0	0	0	1	0	0	0	0	0
C	Marios	21	170	15	1	31____	44752	15	0	0	0	0	0	0	0	0	1	0
C	Marios	21	170	15	1	31____	44819	15	0	0	0	0	1	0	0	0	0	0
C	Marios	21	170	15	1	31____	44972	15	0	0	0	0	0	0	0	0	1	0
C	Marios	21	170	15	1	31____	44973	15	0	0	0	0	1	0	0	0	0	0
C	Marios	21	170	15	1	31____	45000	15	1	0	0	0	0	0	0	0	0	0
C	Marios	21	170	15	1	31____	45341	1	0	0	0	0	0	0	0	0	1	0
C	Marios	21	170	15	1	31____	45459	1	0	0	0	0	1	0	0	0	0	0
C	Marios	21	170	15	1	31____	45507	1	0	0	0	0	0	0	0	0	1	0
C	Marios	21	170	15	1	31____	47175	1	0	0	0	0	1	0	0	0	0	0
C	Marios	21	170	15	1	31____	47241	1	0	0	0	0	0	0	0	0	1	0
C	Marios	21	170	15	1	31____	49408	1	0	0	0	0	1	0	0	0	0	0
C	Marios	21	170	15	1	31____	49411	1	0	0	0	0	1	0	0	0	1	0
C	Marios	21	170	15	1	31____	49413	1	0	0	0	0	0	0	0	0	1	0
C	Marios	21	170	15	1	31____	49419	1	0	0	0	0	1	0	0	0	0	0
C	Marios	21	170	15	1	31____	49474	1	0	0	0	0	0	0	0	0	1	0
C	Marios	21	170	15	1	31____	49500	1	2	0	0	0	0	0	0	0	0	0
C	Marios	21	170	15	1	31____	50000	2	6	0	0	0	0	0	0	0	0	0
C	Marios	21	170	15	1	31____	50055	6	0	0	0	0	1	0	0	0	0	0
C	Marios	21	170	15	1	31____	50100	6	0	0	0	0	1	0	0	0	1	0
C	Marios	21	170	15	1	31____	50104	6	0	0	0	0	0	0	0	0	1	0
C	Marios	21	170	15	1	31____	50111	6	0	0	0	0	1	0	0	0	0	0
C	Marios	21	170	15	1	31____	50114	6	0	0	0	0	0	0	0	0	1	0
C	Marios	21	170	15	1	31____	50118	6	0	0	0	0	1	0	0	0	0	0
C	Marios	21	170	15	1	31____	50151	6	0	0	0	0	0	0	0	0	1	0
C	Marios	21	170	15	1	31____	50170	6	0	0	0	0	1	0	0	0	0	0
C	Marios	21	170	15	1	31____	50177	6	0	0	0	0	0	0	0	0	1	0
C	Marios	21	170	15	1	31____	50181	6	0	0	0	0	1	0	0	0	0	0
C	Marios	21	170	15	1	31____	50199	6	0	0	0	0	0	0	0	0	1	0
C	Marios	21	170	15	1	31____	50206	6	0	0	0	0	1	0	0	0	0	0
C	Marios	21	170	15	1	31____	50298	6	0	0	0	0	0	0	0	0	1	0
C	Marios	21	170	15	1	31____	50324	6	0	0	0	0	1	0	0	0	0	0
C	Marios	21	170	15	1	31____	50345	6	0	0	0	0	0	0	0	0	1	0
C	Marios	21	170	15	1	31____	50359	6	0	0	0	0	1	0	0	0	0	0
C	Marios	21	170	15	1	31____	50423	6	0	0	0	0	0	0	0	0	1	0
C	Marios	21	170	15	1	31____	50444	6	0	0	0	0	1	0	0	0	0	0
C	Marios	21	170	15	1	31____	50500	6	10	0	0	0	0	0	0	0	0	0
C	Marios	21	170	15	1	31____	50838	10	0	0	0	0	0	0	0	0	1	0
C	Marios	21	170	15	1	31____	50863	10	0	0	0	0	1	0	0	0	0	0
C	Marios	21	170	15	1	31____	51000	10	1	0	0	0	0	0	0	0	0	0
C	Marios	21	170	15	1	31____	51075	1	0	0	0	0	0	0	0	0	1	0
C	Marios	21	170	15	1	31____	51097	1	0	0	0	0	1	0	0	0	0	0
C	Marios	21	170	15	1	31____	51128	1	0	0	0	0	1	0	0	0	1	0
C	Marios	21	170	15	1	31____	51292	1	0	0	0	0	0	0	0	0	1	0
C	Marios	21	170	15	1	31____	51293	1	0	0	0	0	1	0	0	0	0	0
C	Marios	21	170	15	1	31____	51296	1	0	0	0	0	0	0	0	0	1	0
C	Marios	21	170	15	1	31____	51314	1	0	0	0	0	1	0	0	0	0	0
C	Marios	21	170	15	1	31____	51466	1	0	0	0	0	0	0	0	0	1	0
C	Marios	21	170	15	1	31____	54500	1	2	0	0	0	0	0	0	0	0	0
C	Marios	21	170	15	1	31____	55000	2	16	0	0	0	0	0	0	0	0	0
C	Marios	21	170	15	1	31____	55059	16	0	0	0	0	1	0	0	0	0	0
C	Marios	21	170	15	1	31____	55110	16	0	0	0	0	0	0	0	0	1	0
C	Marios	21	170	15	1	31____	55228	16	0	0	0	0	1	0	0	0	0	0
C	Marios	21	170	15	1	31____	55282	16	0	0	0	0	0	0	0	0	1	0
C	Marios	21	170	15	1	31____	55500	16	15	0	0	0	0	0	0	0	0	0
C	Marios	21	170	15	1	31____	55955	15	0	0	0	0	1	0	0	0	0	0
C	Marios	21	170	15	1	31____	55991	15	0	0	0	0	0	0	0	0	1	0
C	Marios	21	170	15	1	31____	56000	15	1	0	0	0	0	0	0	0	0	0
C	Marios	21	170	15	1	31____	57797	1	0	0	0	0	1	0	0	0	0	0
C	Marios	21	170	15	1	31____	57813	1	0	0	0	0	0	0	0	0	1	0
C	Marios	21	170	15	1	31____	57816	1	0	0	0	0	1	0	0	0	0	0
C	Marios	21	170	15	1	31____	57850	1	0	0	0	0	0	0	0	0	1	0
C	Marios	21	170	15	1	31____	57856	1	0	0	0	0	1	0	0	0	0	0
C	Marios	21	170	15	1	31____	57877	1	0	0	0	0	0	0	0	0	1	0
C	Marios	21	170	15	1	31____	58583	1	0	0	0	0	1	0	0	0	0	0
C	Marios	21	170	15	1	31____	58588	1	0	0	0	0	0	0	0	0	1	0
C	Marios	21	170	15	1	31____	59171	1	0	0	0	0	1	0	0	0	0	0
C	Marios	21	170	15	1	31____	59215	1	0	0	0	0	0	0	0	0	1	0
C	Marios	21	170	15	1	31____	59875	1	0	0	0	0	1	0	0	0	0	0
C	Marios	21	170	15	1	31____	59897	1	0	0	0	0	0	0	0	0	1	0
C	Marios	21	170	15	1	31____	62818	1	0	0	0	0	1	0	0	0	0	0
C	Marios	21	170	15	1	31____	62823	1	0	0	0	0	0	0	0	0	1	0
C	Marios	21	170	15	1	31____	62845	1	0	0	0	0	1	0	0	0	0	0
C	Marios	21	170	15	1	31____	62848	1	0	0	0	0	0	0	0	0	1	0
C	Marios	21	170	15	1	31____	63500	1	2	0	0	0	0	0	0	0	0	0
C	Marios	21	170	15	1	31____	64000	2	16	0	0	0	0	0	0	0	0	0
C	Marios	21	170	15	1	31____	64052	16	0	0	0	0	1	0	0	0	0	0
C	Marios	21	170	15	1	31____	64134	16	0	0	0	0	0	0	0	0	1	0
C	Marios	21	170	15	1	31____	64139	16	0	0	0	0	1	0	0	0	0	0
C	Marios	21	170	15	1	31____	64193	16	0	0	0	0	0	0	0	0	1	0
C	Marios	21	170	15	1	31____	64206	16	0	0	0	0	1	0	0	0	0	0
C	Marios	21	170	15	1	31____	64297	16	0	0	0	0	0	0	0	0	1	0
C	Marios	21	170	15	1	31____	64300	16	0	0	0	0	1	0	0	0	0	0
C	Marios	21	170	15	1	31____	64304	16	0	0	0	0	0	0	0	0	1	0
C	Marios	21	170	15	1	31____	64316	16	0	0	0	0	1	0	0	0	0	0
C	Marios	21	170	15	1	31____	64318	16	0	0	0	0	0	0	0	0	1	0
C	Marios	21	170	15	1	31____	64337	16	0	0	0	0	1	0	0	0	0	0
C	Marios	21	170	15	1	31____	64400	16	0	0	0	0	0	0	0	0	1	0
C	Marios	21	170	15	1	31____	64404	16	0	0	0	0	1	0	0	0	0	0
C	Marios	21	170	15	1	31____	64409	16	0	0	0	0	1	0	0	0	1	0
C	Marios	21	170	15	1	31____	64500	16	15	0	0	0	0	0	0	0	0	0
C	Marios	21	170	15	1	31____	64597	15	0	0	0	0	0	0	0	0	1	0
C	Marios	21	170	15	1	31____	64643	15	0	0	0	0	1	0	0	0	0	0
C	Marios	21	170	15	1	31____	64722	15	0	0	0	0	0	0	0	0	1	0
C	Marios	21	170	15	1	31____	65000	15	1	0	0	0	0	0	0	0	0	0
C	Marios	21	170	15	1	31____	70500	1	2	0	0	0	0	0	0	0	0	0
C	Marios	21	170	15	1	31____	71000	2	7	0	0	0	0	0	0	0	0	0
C	Marios	21	170	15	1	31____	71056	7	0	0	0	0	1	0	0	0	0	0
C	Marios	21	170	15	1	31____	71075	7	0	0	0	0	0	0	0	0	1	0
C	Marios	21	170	15	1	31____	71100	7	0	0	0	0	1	0	0	0	0	0
C	Marios	21	170	15	1	31____	71144	7	0	0	0	0	0	0	0	0	1	0
C	Marios	21	170	15	1	31____	71169	7	0	0	0	0	1	0	0	0	0	0
C	Marios	21	170	15	1	31____	71319	7	0	0	0	0	0	0	0	0	1	0
C	Marios	21	170	15	1	31____	71335	7	0	0	0	0	1	0	0	0	0	0
C	Marios	21	170	15	1	31____	71344	7	0	0	0	0	0	0	0	0	1	0
C	Marios	21	170	15	1	31____	71364	7	0	0	0	0	1	0	0	0	0	0
C	Marios	21	170	15	1	31____	71426	7	0	0	0	0	0	0	0	0	1	0
C	Marios	21	170	15	1	31____	71427	7	0	0	0	0	1	0	0	0	0	0
C	Marios	21	170	15	1	31____	71432	7	0	0	0	0	0	0	0	0	1	0
C	Marios	21	170	15	1	31____	71433	7	0	0	0	0	1	0	0	0	0	0
C	Marios	21	170	15	1	31____	71435	7	0	0	0	0	0	0	0	0	1	0
C	Marios	21	170	15	1	31____	71458	7	0	0	0	0	1	0	0	0	0	0
C	Marios	21	170	15	1	31____	71500	7	11	0	0	0	0	0	0	0	0	0
C	Marios	21	170	15	1	31____	71702	11	0	0	0	0	0	0	0	0	1	0
C	Marios	21	170	15	1	31____	71704	11	0	0	0	0	1	0	0	0	0	0
C	Marios	21	170	15	1	31____	71706	11	0	0	0	0	0	0	0	0	1	0
C	Marios	21	170	15	1	31____	71718	11	0	0	0	0	1	0	0	0	0	0
C	Marios	21	170	15	1	31____	71721	11	0	0	0	0	0	0	0	0	1	0
C	Marios	21	170	15	1	31____	71731	11	0	0	0	0	1	0	0	0	0	0
C	Marios	21	170	15	1	31____	71734	11	0	0	0	0	0	0	0	0	1	0
C	Marios	21	170	15	1	31____	72000	11	1	0	0	0	0	0	0	0	0	0
C	Marios	21	170	15	1	31____	72235	1	0	0	0	0	1	0	0	0	0	0
C	Marios	21	170	15	1	31____	72238	1	0	0	0	0	0	0	0	0	1	0
C	Marios	21	170	15	1	31____	72243	1	0	0	0	0	1	0	0	0	0	0
C	Marios	21	170	15	1	31____	72263	1	0	0	0	0	0	0	0	0	1	0
C	Marios	21	170	15	1	31____	72269	1	0	0	0	0	1	0	0	0	0	0
C	Marios	21	170	15	1	31____	72272	1	0	0	0	0	0	0	0	0	1	0
C	Marios	21	170	15	1	31____	72295	1	0	0	0	0	1	0	0	0	0	0
C	Marios	21	170	15	1	31____	72322	1	0	0	0	0	0	0	0	0	1	0
C	Marios	21	170	15	1	31____	72327	1	0	0	0	0	1	0	0	0	0	0
C	Marios	21	170	15	1	31____	72471	1	0	0	0	0	0	0	0	0	1	0
C	Marios	21	170	15	1	31____	75750	1	2	0	0	0	0	0	0	0	0	0
C	Marios	21	170	15	1	31____	75880	2	0	0	0	0	1	0	0	0	0	0
C	Marios	21	170	15	1	31____	75902	2	0	0	0	0	0	0	0	0	1	0
C	Marios	21	170	15	1	31____	76250	2	16	0	0	0	0	0	0	0	0	0
C	Marios	21	170	15	1	31____	76328	16	0	0	0	0	1	0	0	0	0	0
C	Marios	21	170	15	1	31____	76491	16	0	0	0	0	0	0	0	0	1	0
C	Marios	21	170	15	1	31____	76750	16	15	0	0	0	0	0	0	0	0	0
C	Marios	21	170	15	1	31____	77250	15	1	0	0	0	0	0	0	0	0	0
C	Marios	21	170	15	1	31____	78122	1	0	0	0	0	1	0	0	0	0	0
C	Marios	21	170	15	1	31____	78194	1	0	0	0	0	0	0	0	0	1	0
C	Marios	21	170	15	1	31____	82332	1	0	0	0	0	1	0	0	0	0	0
C	Marios	21	170	15	1	31____	82394	1	0	0	0	0	0	0	0	0	1	0
C	Marios	21	170	15	1	31____	82744	1	0	0	0	0	1	0	0	0	0	0
C	Marios	21	170	15	1	31____	82746	1	0	0	0	0	0	0	0	0	1	0
C	Marios	21	170	15	1	31____	82753	1	0	0	0	0	1	0	0	0	0	0
C	Marios	21	170	15	1	31____	82797	1	0	0	0	0	0	0	0	0	1	0
C	Marios	21	170	15	1	31____	83535	1	0	0	0	0	1	0	0	0	0	0
C	Marios	21	170	15	1	31____	83629	1	0	0	0	0	0	0	0	0	1	0
C	Marios	21	170	15	1	31____	84750	1	2	0	0	0	0	0	0	0	0	0
C	Marios	21	170	15	1	31____	85166	2	0	0	0	0	1	0	0	0	0	0
C	Marios	21	170	15	1	31____	85185	2	0	0	0	0	0	0	0	0	1	0
C	Marios	21	170	15	1	31____	85250	2	16	0	0	0	0	0	0	0	0	0
C	Marios	21	170	15	1	31____	85287	16	0	0	0	0	1	0	0	0	0	0
C	Marios	21	170	15	1	31____	85360	16	0	0	0	0	0	0	0	0	1	0
C	Marios	21	170	15	1	31____	85750	16	15	0	0	0	0	0	0	0	0	0
C	Marios	21	170	15	1	31____	86250	15	1	0	0	0	0	0	0	0	0	0
C	Marios	21	170	15	1	31____	88150	1	0	0	0	0	1	0	0	0	0	0
C	Marios	21	170	15	1	31____	88153	1	0	0	0	0	1	0	0	0	1	0
C	Marios	21	170	15	1	31____	88173	1	0	0	0	0	0	0	0	0	1	0
C	Marios	21	170	15	1	31____	90638	1	0	0	0	0	1	0	0	0	0	0
C	Marios	21	170	15	1	31____	90644	1	0	0	0	0	0	0	0	0	1	0
C	Marios	21	170	15	1	31____	90649	1	0	0	0	0	1	0	0	0	0	0
C	Marios	21	170	15	1	31____	90660	1	0	0	0	0	0	0	0	0	1	0
C	Marios	21	170	15	1	31____	91500	1	2	0	0	0	0	0	0	0	0	0
C	Marios	21	170	15	1	31____	92000	2	17	0	0	0	0	0	0	0	0	0
C	Marios	21	170	15	1	31____	92500	17	15	0	0	0	0	0	0	0	0	0
C	Marios	21	170	15	1	31____	92842	15	0	0	0	0	1	0	0	0	0	0
C	Marios	21	170	15	1	31____	92847	15	0	0	0	0	0	0	0	0	1	0
C	Marios	21	170	15	1	31____	92849	15	0	0	0	0	1	0	0	0	0	0
C	Marios	21	170	15	1	31____	92895	15	0	0	0	0	0	0	0	0	1	0
C	Marios	21	170	15	1	31____	93000	15	1	0	0	0	0	0	0	0	0	0
C	Marios	21	170	15	1	31____	93044	1	0	0	0	0	1	0	0	0	0	0
C	Marios	21	170	15	1	31____	93079	1	0	0	0	0	0	0	0	0	1	0
C	Marios	21	170	15	1	31____	97662	1	0	0	0	0	1	0	0	0	0	0
C	Marios	21	170	15	1	31____	97668	1	0	0	0	0	0	0	0	0	1	0
C	Marios	21	170	15	1	31____	99750	1	2	0	0	0	0	0	0	0	0	0
C	Marios	21	170	15	1	31____	99900	2	0	0	0	0	1	0	0	0	0	0
C	Marios	21	170	15	1	31____	99909	2	0	0	0	0	0	0	0	0	1	0
C	Marios	21	170	15	1	31____	100250	2	7	0	0	0	0	0	0	0	0	0
C	Marios	21	170	15	1	31____	100317	7	0	0	0	0	1	0	0	0	0	0
C	Marios	21	170	15	1	31____	100458	7	0	0	0	0	0	0	0	0	1	0
C	Marios	21	170	15	1	31____	100462	7	0	0	0	0	1	0	0	0	0	0
C	Marios	21	170	15	1	31____	100517	7	0	0	0	0	0	0	0	0	1	0
C	Marios	21	170	15	1	31____	100531	7	0	0	0	0	1	0	0	0	0	0
C	Marios	21	170	15	1	31____	100629	7	0	0	0	0	0	0	0	0	1	0
C	Marios	21	170	15	1	31____	100651	7	0	0	0	0	1	0	0	0	0	0
C	Marios	21	170	15	1	31____	100750	7	11	0	0	0	0	0	0	0	0	0
C	Marios	21	170	15	1	31____	101107	11	0	0	0	0	0	0	0	0	1	0
C	Marios	21	170	15	1	31____	101108	11	0	0	0	0	1	0	0	0	0	0
C	Marios	21	170	15	1	31____	101115	11	0	0	0	0	1	0	0	0	1	0
C	Marios	21	170	15	1	31____	101122	11	0	0	0	0	0	0	0	0	1	0
C	Marios	21	170	15	1	31____	101124	11	0	0	0	0	1	0	0	0	0	0
C	Marios	21	170	15	1	31____	101143	11	0	0	0	0	0	0	0	0	1	0
C	Marios	21	170	15	1	31____	101144	11	0	0	0	0	1	0	0	0	0	0
C	Marios	21	170	15	1	31____	101151	11	0	0	0	0	0	0	0	0	1	0
C	Marios	21	170	15	1	31____	101167	11	0	0	0	0	1	0	0	0	0	0
C	Marios	21	170	15	1	31____	101187	11	0	0	0	0	0	0	0	0	1	0
C	Marios	21	170	15	1	31____	101189	11	0	0	0	0	1	0	0	0	0	0
C	Marios	21	170	15	1	31____	101192	11	0	0	0	0	0	0	0	0	1	0
C	Marios	21	170	15	1	31____	101225	11	0	0	0	0	1	0	0	0	0	0
C	Marios	21	170	15	1	31____	101237	11	0	0	0	0	1	0	0	0	1	0
C	Marios	21	170	15	1	31____	101244	11	0	0	0	0	0	0	0	0	1	0
C	Marios	21	170	15	1	31____	101246	11	0	0	0	0	1	0	0	0	0	0
C	Marios	21	170	15	1	31____	101250	11	1	0	0	0	0	0	0	0	1	0
C	Marios	21	170	15	1	31____	101274	1	0	0	0	0	1	0	0	0	0	0
C	Marios	21	170	15	1	31____	101491	1	0	0	0	0	0	0	0	0	1	0
C	Marios	21	170	15	1	31____	101494	1	0	0	0	0	1	0	0	0	0	0
C	Marios	21	170	15	1	31____	101517	1	0	0	0	0	0	0	0	0	1	0
C	Marios	21	170	15	1	31____	104250	1	2	0	0	0	0	0	0	0	0	0
C	Marios	21	170	15	1	31____	104750	2	17	0	0	0	0	0	0	0	0	0
C	Marios	21	170	15	1	31____	105250	17	15	0	0	0	0	0	0	0	0	0
C	Marios	21	170	15	1	31____	105392	15	0	0	0	0	1	0	0	0	0	0
C	Marios	21	170	15	1	31____	105458	15	0	0	0	0	0	0	0	0	1	0
C	Marios	21	170	15	1	31____	105750	15	1	0	0	0	0	0	0	0	0	0
C	Marios	21	170	15	1	31____	106374	1	0	0	0	0	1	0	0	0	0	0
C	Marios	21	170	15	1	31____	106393	1	0	0	0	0	0	0	0	0	1	0
C	Marios	21	170	15	1	31____	106397	1	0	0	0	0	1	0	0	0	0	0
C	Marios	21	170	15	1	31____	106410	1	0	0	0	0	0	0	0	0	1	0
C	Marios	21	170	15	1	31____	108576	1	0	0	0	0	1	0	0	0	0	0
C	Marios	21	170	15	1	31____	108797	1	0	0	0	0	0	0	0	0	1	0
C	Marios	21	170	15	1	31____	108921	1	0	0	0	0	1	0	0	0	0	0
C	Marios	21	170	15	1	31____	109109	1	0	0	0	0	0	0	0	0	1	0
C	Marios	21	170	15	1	31____	109931	1	0	0	0	0	1	0	0	0	0	0
C	Marios	21	170	15	1	31____	109986	1	0	0	0	0	0	0	0	0	1	0
C	Marios	21	170	15	1	31____	110250	1	2	0	0	0	0	0	0	0	0	0
C	Marios	21	170	15	1	31____	110529	2	0	0	0	0	1	0	0	0	0	0
C	Marios	21	170	15	1	31____	110573	2	0	0	0	0	0	0	0	0	1	0
C	Marios	21	170	15	1	31____	110750	2	6	0	0	0	0	0	0	0	0	0
C	Marios	21	170	15	1	31____	110775	6	0	0	0	0	1	0	0	0	0	0
C	Marios	21	170	15	1	31____	110877	6	0	0	0	0	1	0	0	0	1	0
C	Marios	21	170	15	1	31____	110975	6	0	0	0	0	0	0	0	0	1	0
C	Marios	21	170	15	1	31____	110976	6	0	0	0	0	1	0	0	0	0	0
C	Marios	21	170	15	1	31____	110980	6	0	0	0	0	0	0	0	0	1	0
C	Marios	21	170	15	1	31____	110984	6	0	0	0	0	1	0	0	0	0	0
C	Marios	21	170	15	1	31____	111071	6	0	0	0	0	0	0	0	0	1	0
C	Marios	21	170	15	1	31____	111088	6	0	0	0	0	1	0	0	0	0	0
C	Marios	21	170	15	1	31____	111233	6	0	0	0	0	0	0	0	0	1	0
C	Marios	21	170	15	1	31____	111250	6	10	0	0	0	1	0	0	0	0	0
C	Marios	21	170	15	1	31____	111664	10	0	0	0	0	0	0	0	0	1	0
C	Marios	21	170	15	1	31____	111691	10	0	0	0	0	1	0	0	0	0	0
C	Marios	21	170	15	1	31____	111750	10	1	0	0	0	0	0	0	0	0	0
C	Marios	21	170	15	1	31____	111820	1	0	0	0	0	0	0	0	0	1	0
C	Marios	21	170	15	1	31____	111821	1	0	0	0	0	1	0	0	0	0	0
C	Marios	21	170	15	1	31____	111824	1	0	0	0	0	0	0	0	0	1	0
C	Marios	21	170	15	1	31____	111905	1	0	0	0	0	1	0	0	0	0	0
C	Marios	21	170	15	1	31____	111933	1	0	0	0	0	0	0	0	0	1	0
C	Marios	21	170	15	1	31____	111934	1	0	0	0	0	1	0	0	0	0	0
C	Marios	21	170	15	1	31____	112104	1	0	0	0	0	0	0	0	0	1	0
C	Marios	21	170	15	1	31____	112228	1	0	0	0	0	1	0	0	0	0	0
C	Marios	21	170	15	1	31____	112239	1	0	0	0	0	0	0	0	0	1	0
C	Marios	21	170	15	1	31____	112342	1	0	0	0	0	1	0	0	0	0	0
C	Marios	21	170	15	1	31____	112348	1	0	0	0	0	0	0	0	0	1	0
C	Marios	21	170	15	1	31____	112419	1	0	0	0	0	1	0	0	0	0	0
C	Marios	21	170	15	1	31____	112474	1	0	0	0	0	0	0	0	0	1	0
C	Marios	21	170	15	1	31____	112657	1	0	0	0	0	1	0	0	0	0	0
C	Marios	21	170	15	1	31____	112687	1	0	0	0	0	0	0	0	0	1	0
C	Marios	21	170	15	1	31____	115039	1	0	0	0	0	1	0	0	0	0	0
C	Marios	21	170	15	1	31____	115095	1	0	0	0	0	0	0	0	0	1	0
C	Marios	21	170	15	1	31____	115122	1	0	0	0	0	1	0	0	0	0	0
C	Marios	21	170	15	1	31____	115221	1	0	0	0	0	0	0	0	0	1	0
C	Marios	21	170	15	1	31____	115250	1	2	0	0	0	0	0	0	0	0	0
C	Marios	21	170	15	1	31____	115750	2	17	0	0	0	0	0	0	0	0	0
C	Marios	21	170	15	1	31____	116250	17	15	0	0	0	0	0	0	0	0	0
C	Marios	21	170	15	1	31____	116750	15	1	0	0	0	0	0	0	0	0	0
C	Marios	21	170	15	1	31____	118250	1	2	0	0	0	0	0	0	0	0	0
C	Marios	21	170	15	1	31____	118750	2	16	0	0	0	0	0	0	0	0	0
C	Marios	21	170	15	1	31____	118808	16	0	0	0	0	1	0	0	0	0	0
C	Marios	21	170	15	1	31____	118915	16	0	0	0	0	0	0	0	0	1	0
C	Marios	21	170	15	1	31____	118933	16	0	0	0	0	1	0	0	0	0	0
C	Marios	21	170	15	1	31____	119018	16	0	0	0	0	0	0	0	0	1	0
C	Marios	21	170	15	1	31____	119030	16	0	0	0	0	1	0	0	0	0	0
C	Marios	21	170	15	1	31____	119038	16	0	0	0	0	0	0	0	0	1	0
C	Marios	21	170	15	1	31____	119056	16	0	0	0	0	1	0	0	0	0	0
C	Marios	21	170	15	1	31____	119250	16	15	0	0	0	0	0	0	0	0	0
C	Marios	21	170	15	1	31____	119278	15	0	0	0	0	0	0	0	0	1	0
C	Marios	21	170	15	1	31____	119301	15	0	0	0	0	1	0	0	0	0	0
C	Marios	21	170	15	1	31____	119434	15	0	0	0	0	0	0	0	0	1	0
C	Marios	21	170	15	1	31____	119750	15	1	0	0	0	0	0	0	0	0	0
C	Marios	21	170	15	1	31____	121646	1	0	0	0	0	1	0	0	0	0	0
C	Marios	21	170	15	1	31____	121659	1	0	0	0	0	0	0	0	0	1	0
C	Marios	21	170	15	1	31____	122000	1	2	0	0	0	0	0	0	0	0	0
C	Marios	21	170	15	1	31____	122500	2	7	0	0	0	0	0	0	0	0	0
C	Marios	21	170	15	1	31____	122538	7	0	0	0	0	1	0	0	0	0	0
C	Marios	21	170	15	1	31____	122637	7	0	0	0	0	0	0	0	0	1	0
C	Marios	21	170	15	1	31____	122647	7	0	0	0	0	1	0	0	0	0	0
C	Marios	21	170	15	1	31____	122715	7	0	0	0	0	0	0	0	0	1	0
C	Marios	21	170	15	1	31____	122726	7	0	0	0	0	1	0	0	0	0	0
C	Marios	21	170	15	1	31____	122728	7	0	0	0	0	0	0	0	0	1	0
C	Marios	21	170	15	1	31____	122743	7	0	0	0	0	1	0	0	0	0	0
C	Marios	21	170	15	1	31____	122941	7	0	0	0	0	0	0	0	0	1	0
C	Marios	21	170	15	1	31____	122943	7	0	0	0	0	1	0	0	0	0	0
C	Marios	21	170	15	1	31____	123000	7	11	0	0	0	0	0	0	0	0	0
C	Marios	21	170	15	1	31____	123005	11	0	0	0	0	0	0	0	0	1	0
C	Marios	21	170	15	1	31____	123026	11	0	0	0	0	1	0	0	0	0	0
C	Marios	21	170	15	1	31____	123436	11	0	0	0	0	0	0	0	0	1	0
C	Marios	21	170	15	1	31____	123500	11	1	0	0	0	0	0	0	0	0	0
C	Marios	21	170	15	1	31____	127455	1	0	0	0	0	1	0	0	0	0	0
C	Marios	21	170	15	1	31____	127491	1	0	0	0	0	0	0	0	0	1	0
C	Marios	21	170	15	1	31____	128000	1	2	0	0	0	0	0	0	0	0	0
C	Marios	21	170	15	1	31____	128500	2	16	0	0	0	0	0	0	0	0	0
C	Marios	21	170	15	1	31____	128541	16	0	0	0	0	1	0	0	0	0	0
C	Marios	21	170	15	1	31____	128556	16	0	0	0	0	0	0	0	0	1	0
C	Marios	21	170	15	1	31____	128748	16	0	0	0	0	1	0	0	0	0	0
C	Marios	21	170	15	1	31____	128784	16	0	0	0	0	0	0	0	0	1	0
C	Marios	21	170	15	1	31____	129000	16	15	0	0	0	0	0	0	0	0	0
C	Marios	21	170	15	1	31____	129260	15	0	0	0	0	1	0	0	0	0	0
C	Marios	21	170	15	1	31____	129310	15	0	0	0	0	0	0	0	0	1	0
C	Marios	21	170	15	1	31____	129500	15	1	0	0	0	0	0	0	0	0	0
C	Marios	21	170	15	1	31____	133060	1	0	0	0	0	1	0	0	0	0	0
C	Marios	21	170	15	1	31____	133167	1	0	0	0	0	0	0	0	0	1	0
C	Marios	21	170	15	1	31____	135000	1	2	0	0	0	0	0	0	0	0	0
C	Marios	21	170	15	1	31____	135500	2	6	0	0	0	0	0	0	0	0	0
C	Marios	21	170	15	1	31____	135523	6	0	0	0	0	1	0	0	0	0	0
C	Marios	21	170	15	1	31____	135575	6	0	0	0	0	0	0	0	0	1	0
C	Marios	21	170	15	1	31____	135576	6	0	0	0	0	1	0	0	0	0	0
C	Marios	21	170	15	1	31____	135589	6	0	0	0	0	0	0	0	0	1	0
C	Marios	21	170	15	1	31____	135599	6	0	0	0	0	1	0	0	0	0	0
C	Marios	21	170	15	1	31____	135698	6	0	0	0	0	0	0	0	0	1	0
C	Marios	21	170	15	1	31____	135708	6	0	0	0	0	1	0	0	0	0	0
C	Marios	21	170	15	1	31____	135750	6	0	0	0	0	0	0	0	0	1	0
C	Marios	21	170	15	1	31____	135768	6	0	0	0	0	1	0	0	0	0	0
C	Marios	21	170	15	1	31____	135919	6	0	0	0	0	0	0	0	0	1	0
C	Marios	21	170	15	1	31____	135923	6	0	0	0	0	1	0	0	0	0	0
C	Marios	21	170	15	1	31____	135929	6	0	0	0	0	0	0	0	0	1	0
C	Marios	21	170	15	1	31____	135947	6	0	0	0	0	1	0	0	0	0	0
C	Marios	21	170	15	1	31____	136000	6	10	0	0	0	0	0	0	0	0	0
C	Marios	21	170	15	1	31____	136294	10	0	0	0	0	0	0	0	0	1	0
C	Marios	21	170	15	1	31____	136307	10	0	0	0	0	1	0	0	0	0	0
C	Marios	21	170	15	1	31____	136309	10	0	0	0	0	0	0	0	0	1	0
C	Marios	21	170	15	1	31____	136314	10	0	0	0	0	1	0	0	0	0	0
C	Marios	21	170	15	1	31____	136340	10	0	0	0	0	0	0	0	0	1	0
C	Marios	21	170	15	1	31____	136341	10	0	0	0	0	1	0	0	0	0	0
C	Marios	21	170	15	1	31____	136344	10	0	0	0	0	0	0	0	0	1	0
C	Marios	21	170	15	1	31____	136346	10	0	0	0	0	1	0	0	0	0	0
C	Marios	21	170	15	1	31____	136390	10	0	0	0	0	0	0	0	0	1	0
C	Marios	21	170	15	1	31____	136391	10	0	0	0	0	1	0	0	0	0	0
C	Marios	21	170	15	1	31____	136397	10	0	0	0	0	0	0	0	0	1	0
C	Marios	21	170	15	1	31____	136399	10	0	0	0	0	1	0	0	0	0	0
C	Marios	21	170	15	1	31____	136500	10	1	0	0	0	0	0	0	0	0	0
C	Marios	21	170	15	1	31____	136586	1	0	0	0	0	0	0	0	0	1	0
C	Marios	21	170	15	1	31____	136587	1	0	0	0	0	1	0	0	0	0	0
C	Marios	21	170	15	1	31____	136596	1	0	0	0	0	0	0	0	0	1	0
C	Marios	21	170	15	1	31____	136599	1	0	0	0	0	1	0	0	0	0	0
C	Marios	21	170	15	1	31____	136602	1	0	0	0	0	0	0	0	0	1	0
C	Marios	21	170	15	1	31____	136988	1	0	0	0	0	1	0	0	0	0	0
C	Marios	21	170	15	1	31____	136995	1	0	0	0	0	0	0	0	0	1	0
C	Marios	21	170	15	1	31____	142496	1	0	0	0	0	1	0	0	0	0	0
C	Marios	21	170	15	1	31____	142500	1	2	0	0	0	0	0	0	0	0	0
C	Marios	21	170	15	1	31____	142524	2	0	0	0	0	0	0	0	0	1	0
C	Marios	21	170	15	1	31____	143000	2	17	0	0	0	0	0	0	0	0	0
C	Marios	21	170	15	1	31____	143500	17	15	0	0	0	0	0	0	0	0	0
C	Marios	21	170	15	1	31____	144000	15	14	0	0	0	0	0	0	0	0	0
C	Marios	21	170	15	1	31____	144351	14	0	0	0	0	1	0	0	0	0	0
C	Marios	21	170	15	1	31____	144441	14	0	0	0	0	0	0	0	0	1	0
C	Marios	21	170	15	1	31____	144457	14	0	0	0	0	1	0	0	0	0	0
C	Marios	21	170	15	1	31____	144459	14	0	0	0	0	0	0	0	0	1	0
C	Marios	21	170	15	1	31____	147000	14	-1	0	0	0	0	0	0	0	0	0
