Project	UserID	Protocol	Session	Station	Run	Subject	Time	Current State	Transition State	Transition Event	A1 - LLR	A2 - RLR	A3 - MAG	A4 - 	A[1] LLR_OFF	A[2] RLR_OFF	A[3] MAG_OFF	A[4] 
C	Marios	22	170	2	1	3_____	0	0	1	0	0	0	0	0	0	0	0	0
C	Marios	22	170	2	1	3_____	450	1	0	0	0	0	1	0	0	0	0	0
C	Marios	22	170	2	1	3_____	489	1	0	0	0	0	0	0	0	0	1	0
C	Marios	22	170	2	1	3_____	3750	1	2	0	0	0	0	0	0	0	0	0
C	Marios	22	170	2	1	3_____	4250	2	13	0	0	0	0	0	0	0	0	0
C	Marios	22	170	2	1	3_____	4750	13	15	0	0	0	0	0	0	0	0	0
C	Marios	22	170	2	1	3_____	5250	15	1	0	0	0	0	0	0	0	0	0
C	Marios	22	170	2	1	3_____	5685	1	0	0	0	0	1	0	0	0	0	0
C	Marios	22	170	2	1	3_____	5714	1	0	0	0	0	0	0	0	0	1	0
C	Marios	22	170	2	1	3_____	5734	1	0	0	0	0	1	0	0	0	0	0
C	Marios	22	170	2	1	3_____	5747	1	0	0	0	0	0	0	0	0	1	0
C	Marios	22	170	2	1	3_____	5762	1	0	0	0	0	1	0	0	0	0	0
C	Marios	22	170	2	1	3_____	5772	1	0	0	0	0	0	0	0	0	1	0
C	Marios	22	170	2	1	3_____	8693	1	0	0	0	0	1	0	0	0	0	0
C	Marios	22	170	2	1	3_____	8701	1	0	0	0	0	0	0	0	0	1	0
C	Marios	22	170	2	1	3_____	8745	1	0	0	0	0	1	0	0	0	0	0
C	Marios	22	170	2	1	3_____	8748	1	0	0	0	0	0	0	0	0	1	0
C	Marios	22	170	2	1	3_____	8756	1	0	0	0	0	1	0	0	0	0	0
C	Marios	22	170	2	1	3_____	8822	1	0	0	0	0	0	0	0	0	1	0
C	Marios	22	170	2	1	3_____	8823	1	0	0	0	0	1	0	0	0	0	0
C	Marios	22	170	2	1	3_____	8834	1	0	0	0	0	0	0	0	0	1	0
C	Marios	22	170	2	1	3_____	10887	1	0	0	0	0	1	0	0	0	0	0
C	Marios	22	170	2	1	3_____	10908	1	0	0	0	0	0	0	0	0	1	0
C	Marios	22	170	2	1	3_____	11250	1	2	0	0	0	0	0	0	0	0	0
C	Marios	22	170	2	1	3_____	11750	2	6	0	0	0	0	0	0	0	0	0
C	Marios	22	170	2	1	3_____	11838	6	0	0	0	0	1	0	0	0	0	0
C	Marios	22	170	2	1	3_____	11902	6	0	0	0	0	0	0	0	0	1	0
C	Marios	22	170	2	1	3_____	11999	6	0	0	0	0	1	0	0	0	0	0
C	Marios	22	170	2	1	3_____	12147	6	0	0	0	0	0	0	0	0	1	0
C	Marios	22	170	2	1	3_____	12167	6	0	0	0	0	1	0	0	0	0	0
C	Marios	22	170	2	1	3_____	12250	6	11	0	0	0	0	0	0	0	0	0
C	Marios	22	170	2	1	3_____	12592	11	0	0	0	0	0	0	0	0	1	0
C	Marios	22	170	2	1	3_____	12594	11	0	0	0	0	1	0	0	0	0	0
C	Marios	22	170	2	1	3_____	12611	11	0	0	0	0	0	0	0	0	1	0
C	Marios	22	170	2	1	3_____	12615	11	0	0	0	0	1	0	0	0	0	0
C	Marios	22	170	2	1	3_____	12617	11	0	0	0	0	1	0	0	0	1	0
C	Marios	22	170	2	1	3_____	12621	11	0	0	0	0	0	0	0	0	1	0
C	Marios	22	170	2	1	3_____	12637	11	0	0	0	0	1	0	0	0	0	0
C	Marios	22	170	2	1	3_____	12639	11	0	0	0	0	0	0	0	0	1	0
C	Marios	22	170	2	1	3_____	12645	11	0	0	0	0	1	0	0	0	0	0
C	Marios	22	170	2	1	3_____	12658	11	0	0	0	0	0	0	0	0	1	0
C	Marios	22	170	2	1	3_____	12663	11	0	0	0	0	1	0	0	0	0	0
C	Marios	22	170	2	1	3_____	12669	11	0	0	0	0	1	0	0	0	1	0
C	Marios	22	170	2	1	3_____	12671	11	0	0	0	0	0	0	0	0	1	0
C	Marios	22	170	2	1	3_____	12672	11	0	0	0	0	1	0	0	0	0	0
C	Marios	22	170	2	1	3_____	12750	11	1	0	0	0	0	0	0	0	0	0
C	Marios	22	170	2	1	3_____	12853	1	0	0	0	0	0	0	0	0	1	0
C	Marios	22	170	2	1	3_____	12855	1	0	0	0	0	1	0	0	0	0	0
C	Marios	22	170	2	1	3_____	12867	1	0	0	0	0	0	0	0	0	1	0
C	Marios	22	170	2	1	3_____	12870	1	0	0	0	0	1	0	0	0	0	0
C	Marios	22	170	2	1	3_____	12874	1	0	0	0	0	0	0	0	0	1	0
C	Marios	22	170	2	1	3_____	12875	1	0	0	0	0	1	0	0	0	0	0
C	Marios	22	170	2	1	3_____	12881	1	0	0	0	0	0	0	0	0	1	0
C	Marios	22	170	2	1	3_____	12886	1	0	0	0	0	1	0	0	0	0	0
C	Marios	22	170	2	1	3_____	12907	1	0	0	0	0	0	0	0	0	1	0
C	Marios	22	170	2	1	3_____	12911	1	0	0	0	0	1	0	0	0	0	0
C	Marios	22	170	2	1	3_____	12985	1	0	0	0	0	0	0	0	0	1	0
C	Marios	22	170	2	1	3_____	12987	1	0	0	0	0	1	0	0	0	0	0
C	Marios	22	170	2	1	3_____	12990	1	0	0	0	0	0	0	0	0	1	0
C	Marios	22	170	2	1	3_____	13805	1	0	0	0	0	1	0	0	0	0	0
C	Marios	22	170	2	1	3_____	13919	1	0	0	0	0	0	0	0	0	1	0
C	Marios	22	170	2	1	3_____	14609	1	0	0	0	0	1	0	0	0	0	0
C	Marios	22	170	2	1	3_____	14639	1	0	0	0	0	0	0	0	0	1	0
C	Marios	22	170	2	1	3_____	17062	1	0	0	0	0	1	0	0	0	0	0
C	Marios	22	170	2	1	3_____	17072	1	0	0	0	0	0	0	0	0	1	0
C	Marios	22	170	2	1	3_____	17077	1	0	0	0	0	1	0	0	0	0	0
C	Marios	22	170	2	1	3_____	17128	1	0	0	0	0	0	0	0	0	1	0
C	Marios	22	170	2	1	3_____	17158	1	0	0	0	0	1	0	0	0	0	0
C	Marios	22	170	2	1	3_____	17194	1	0	0	0	0	0	0	0	0	1	0
C	Marios	22	170	2	1	3_____	17491	1	0	0	0	0	1	0	0	0	0	0
C	Marios	22	170	2	1	3_____	17537	1	0	0	0	0	0	0	0	0	1	0
C	Marios	22	170	2	1	3_____	18250	1	2	0	0	0	0	0	0	0	0	0
C	Marios	22	170	2	1	3_____	18750	2	7	0	0	0	0	0	0	0	0	0
C	Marios	22	170	2	1	3_____	18782	7	0	0	0	0	1	0	0	0	0	0
C	Marios	22	170	2	1	3_____	18804	7	0	0	0	0	0	0	0	0	1	0
C	Marios	22	170	2	1	3_____	18831	7	0	0	0	0	1	0	0	0	0	0
C	Marios	22	170	2	1	3_____	18895	7	0	0	0	0	0	0	0	0	1	0
C	Marios	22	170	2	1	3_____	18956	7	0	0	0	0	1	0	0	0	0	0
C	Marios	22	170	2	1	3_____	19014	7	0	0	0	0	0	0	0	0	1	0
C	Marios	22	170	2	1	3_____	19074	7	0	0	0	0	1	0	0	0	0	0
C	Marios	22	170	2	1	3_____	19167	7	0	0	0	0	0	0	0	0	1	0
C	Marios	22	170	2	1	3_____	19250	7	10	0	0	0	0	0	0	0	0	0
C	Marios	22	170	2	1	3_____	19267	10	0	0	0	0	1	0	0	0	0	0
C	Marios	22	170	2	1	3_____	19408	10	0	0	0	0	0	0	0	0	1	0
C	Marios	22	170	2	1	3_____	19749	10	0	0	0	0	1	0	0	0	0	0
C	Marios	22	170	2	1	3_____	19750	10	1	0	0	0	0	0	0	0	0	0
C	Marios	22	170	2	1	3_____	19753	1	0	0	0	0	0	0	0	0	1	0
C	Marios	22	170	2	1	3_____	19770	1	0	0	0	0	1	0	0	0	0	0
C	Marios	22	170	2	1	3_____	19819	1	0	0	0	0	0	0	0	0	1	0
C	Marios	22	170	2	1	3_____	22597	1	0	0	0	0	1	0	0	0	0	0
C	Marios	22	170	2	1	3_____	22601	1	0	0	0	0	0	0	0	0	1	0
C	Marios	22	170	2	1	3_____	22681	1	0	0	0	0	1	0	0	0	0	0
C	Marios	22	170	2	1	3_____	22684	1	0	0	0	0	0	0	0	0	1	0
C	Marios	22	170	2	1	3_____	22698	1	0	0	0	0	1	0	0	0	0	0
C	Marios	22	170	2	1	3_____	22715	1	0	0	0	0	0	0	0	0	1	0
C	Marios	22	170	2	1	3_____	23231	1	0	0	0	0	1	0	0	0	0	0
C	Marios	22	170	2	1	3_____	23246	1	0	0	0	0	0	0	0	0	1	0
C	Marios	22	170	2	1	3_____	24250	1	2	0	0	0	0	0	0	0	0	0
C	Marios	22	170	2	1	3_____	24750	2	12	0	0	0	0	0	0	0	0	0
C	Marios	22	170	2	1	3_____	24867	12	0	0	0	0	1	0	0	0	0	0
C	Marios	22	170	2	1	3_____	24932	12	0	0	0	0	0	0	0	0	1	0
C	Marios	22	170	2	1	3_____	25102	12	0	0	0	0	1	0	0	0	0	0
C	Marios	22	170	2	1	3_____	25146	12	0	0	0	0	0	0	0	0	1	0
C	Marios	22	170	2	1	3_____	25219	12	0	0	0	0	1	0	0	0	0	0
C	Marios	22	170	2	1	3_____	25250	12	15	0	0	0	0	0	0	0	0	0
C	Marios	22	170	2	1	3_____	25300	15	0	0	0	0	0	0	0	0	1	0
C	Marios	22	170	2	1	3_____	25750	15	1	0	0	0	0	0	0	0	0	0
C	Marios	22	170	2	1	3_____	26669	1	0	0	0	0	1	0	0	0	0	0
C	Marios	22	170	2	1	3_____	26673	1	0	0	0	0	0	0	0	0	1	0
C	Marios	22	170	2	1	3_____	28625	1	0	0	0	0	1	0	0	0	0	0
C	Marios	22	170	2	1	3_____	28661	1	0	0	0	0	0	0	0	0	1	0
C	Marios	22	170	2	1	3_____	30250	1	2	0	0	0	0	0	0	0	0	0
C	Marios	22	170	2	1	3_____	30750	2	12	0	0	0	0	0	0	0	0	0
C	Marios	22	170	2	1	3_____	30836	12	0	0	0	0	1	0	0	0	0	0
C	Marios	22	170	2	1	3_____	30905	12	0	0	0	0	0	0	0	0	1	0
C	Marios	22	170	2	1	3_____	31250	12	15	0	0	0	0	0	0	0	0	0
C	Marios	22	170	2	1	3_____	31750	15	1	0	0	0	0	0	0	0	0	0
C	Marios	22	170	2	1	3_____	33084	1	0	0	0	0	1	0	0	0	0	0
C	Marios	22	170	2	1	3_____	33159	1	0	0	0	0	0	0	0	0	1	0
C	Marios	22	170	2	1	3_____	33346	1	0	0	0	0	1	0	0	0	0	0
C	Marios	22	170	2	1	3_____	33539	1	0	0	0	0	0	0	0	0	1	0
C	Marios	22	170	2	1	3_____	34038	1	0	0	0	0	1	0	0	0	0	0
C	Marios	22	170	2	1	3_____	34109	1	0	0	0	0	0	0	0	0	1	0
C	Marios	22	170	2	1	3_____	34174	1	0	0	0	0	1	0	0	0	0	0
C	Marios	22	170	2	1	3_____	34183	1	0	0	0	0	0	0	0	0	1	0
C	Marios	22	170	2	1	3_____	34200	1	0	0	0	0	1	0	0	0	0	0
C	Marios	22	170	2	1	3_____	34220	1	0	0	0	0	0	0	0	0	1	0
C	Marios	22	170	2	1	3_____	34223	1	0	0	0	0	1	0	0	0	0	0
C	Marios	22	170	2	1	3_____	34228	1	0	0	0	0	0	0	0	0	1	0
C	Marios	22	170	2	1	3_____	34750	1	2	0	0	0	0	0	0	0	0	0
C	Marios	22	170	2	1	3_____	34924	2	0	0	0	0	1	0	0	0	0	0
C	Marios	22	170	2	1	3_____	34929	2	0	0	0	0	0	0	0	0	1	0
C	Marios	22	170	2	1	3_____	34935	2	0	0	0	0	1	0	0	0	0	0
C	Marios	22	170	2	1	3_____	34950	2	0	0	0	0	0	0	0	0	1	0
C	Marios	22	170	2	1	3_____	34957	2	0	0	0	0	1	0	0	0	0	0
C	Marios	22	170	2	1	3_____	34963	2	0	0	0	0	0	0	0	0	1	0
C	Marios	22	170	2	1	3_____	34981	2	0	0	0	0	1	0	0	0	0	0
C	Marios	22	170	2	1	3_____	35082	2	0	0	0	0	0	0	0	0	1	0
C	Marios	22	170	2	1	3_____	35250	2	13	0	0	0	0	0	0	0	0	0
C	Marios	22	170	2	1	3_____	35599	13	0	0	0	0	1	0	0	0	0	0
C	Marios	22	170	2	1	3_____	35750	13	15	0	0	0	0	0	0	0	0	0
C	Marios	22	170	2	1	3_____	35832	15	0	0	0	0	0	0	0	0	1	0
C	Marios	22	170	2	1	3_____	35838	15	0	0	0	0	1	0	0	0	0	0
C	Marios	22	170	2	1	3_____	35882	15	0	0	0	0	0	0	0	0	1	0
C	Marios	22	170	2	1	3_____	35924	15	0	0	0	0	1	0	0	0	0	0
C	Marios	22	170	2	1	3_____	35998	15	0	0	0	0	0	0	0	0	1	0
C	Marios	22	170	2	1	3_____	36002	15	0	0	0	0	1	0	0	0	0	0
C	Marios	22	170	2	1	3_____	36239	15	0	0	0	0	0	0	0	0	1	0
C	Marios	22	170	2	1	3_____	36250	15	1	0	0	0	0	0	0	0	0	0
C	Marios	22	170	2	1	3_____	37276	1	0	0	0	0	1	0	0	0	0	0
C	Marios	22	170	2	1	3_____	37337	1	0	0	0	0	0	0	0	0	1	0
C	Marios	22	170	2	1	3_____	39980	1	0	0	0	0	1	0	0	0	0	0
C	Marios	22	170	2	1	3_____	39987	1	0	0	0	0	0	0	0	0	1	0
C	Marios	22	170	2	1	3_____	40176	1	0	0	0	0	1	0	0	0	0	0
C	Marios	22	170	2	1	3_____	40183	1	0	0	0	0	0	0	0	0	1	0
C	Marios	22	170	2	1	3_____	40244	1	0	0	0	0	1	0	0	0	0	0
C	Marios	22	170	2	1	3_____	40316	1	0	0	0	0	0	0	0	0	1	0
C	Marios	22	170	2	1	3_____	41610	1	0	0	0	0	1	0	0	0	0	0
C	Marios	22	170	2	1	3_____	41681	1	0	0	0	0	0	0	0	0	1	0
C	Marios	22	170	2	1	3_____	42080	1	0	0	0	0	1	0	0	0	0	0
C	Marios	22	170	2	1	3_____	42161	1	0	0	0	0	1	0	0	0	1	0
C	Marios	22	170	2	1	3_____	42202	1	0	0	0	0	0	0	0	0	1	0
C	Marios	22	170	2	1	3_____	43750	1	2	0	0	0	0	0	0	0	0	0
C	Marios	22	170	2	1	3_____	44250	2	6	0	0	0	0	0	0	0	0	0
C	Marios	22	170	2	1	3_____	44272	6	0	0	0	0	1	0	0	0	0	0
C	Marios	22	170	2	1	3_____	44347	6	0	0	0	0	0	0	0	0	1	0
C	Marios	22	170	2	1	3_____	44396	6	0	0	0	0	1	0	0	0	0	0
C	Marios	22	170	2	1	3_____	44560	6	0	0	0	0	0	0	0	0	1	0
C	Marios	22	170	2	1	3_____	44643	6	0	0	0	0	1	0	0	0	0	0
C	Marios	22	170	2	1	3_____	44750	6	11	0	0	0	0	0	0	0	0	0
C	Marios	22	170	2	1	3_____	44756	11	0	0	0	0	0	0	0	0	1	0
C	Marios	22	170	2	1	3_____	44763	11	0	0	0	0	1	0	0	0	0	0
C	Marios	22	170	2	1	3_____	45006	11	0	0	0	0	0	0	0	0	1	0
C	Marios	22	170	2	1	3_____	45009	11	0	0	0	0	1	0	0	0	0	0
C	Marios	22	170	2	1	3_____	45017	11	0	0	0	0	0	0	0	0	1	0
C	Marios	22	170	2	1	3_____	45153	11	0	0	0	0	1	0	0	0	0	0
C	Marios	22	170	2	1	3_____	45155	11	0	0	0	0	0	0	0	0	1	0
C	Marios	22	170	2	1	3_____	45160	11	0	0	0	0	1	0	0	0	0	0
C	Marios	22	170	2	1	3_____	45162	11	0	0	0	0	0	0	0	0	1	0
C	Marios	22	170	2	1	3_____	45165	11	0	0	0	0	1	0	0	0	0	0
C	Marios	22	170	2	1	3_____	45175	11	0	0	0	0	0	0	0	0	1	0
C	Marios	22	170	2	1	3_____	45250	11	1	0	0	0	0	0	0	0	0	0
C	Marios	22	170	2	1	3_____	45726	1	0	0	0	0	1	0	0	0	0	0
C	Marios	22	170	2	1	3_____	45782	1	0	0	0	0	0	0	0	0	1	0
C	Marios	22	170	2	1	3_____	48750	1	2	0	0	0	0	0	0	0	0	0
C	Marios	22	170	2	1	3_____	49250	2	12	0	0	0	0	0	0	0	0	0
C	Marios	22	170	2	1	3_____	49293	12	0	0	0	0	1	0	0	0	0	0
C	Marios	22	170	2	1	3_____	49338	12	0	0	0	0	0	0	0	0	1	0
C	Marios	22	170	2	1	3_____	49437	12	0	0	0	0	1	0	0	0	0	0
C	Marios	22	170	2	1	3_____	49507	12	0	0	0	0	0	0	0	0	1	0
C	Marios	22	170	2	1	3_____	49750	12	15	0	0	0	0	0	0	0	0	0
C	Marios	22	170	2	1	3_____	49768	15	0	0	0	0	1	0	0	0	0	0
C	Marios	22	170	2	1	3_____	49841	15	0	0	0	0	0	0	0	0	1	0
C	Marios	22	170	2	1	3_____	50250	15	1	0	0	0	0	0	0	0	0	0
C	Marios	22	170	2	1	3_____	50957	1	0	0	0	0	1	0	0	0	0	0
C	Marios	22	170	2	1	3_____	50990	1	0	0	0	0	0	0	0	0	1	0
C	Marios	22	170	2	1	3_____	51843	1	0	0	0	0	1	0	0	0	0	0
C	Marios	22	170	2	1	3_____	51899	1	0	0	0	0	0	0	0	0	1	0
C	Marios	22	170	2	1	3_____	52500	1	2	0	0	0	0	0	0	0	0	0
C	Marios	22	170	2	1	3_____	53000	2	7	0	0	0	0	0	0	0	0	0
C	Marios	22	170	2	1	3_____	53217	7	0	0	0	0	1	0	0	0	0	0
C	Marios	22	170	2	1	3_____	53294	7	0	0	0	0	0	0	0	0	1	0
C	Marios	22	170	2	1	3_____	53441	7	0	0	0	0	1	0	0	0	0	0
C	Marios	22	170	2	1	3_____	53500	7	10	0	0	0	0	0	0	0	0	0
C	Marios	22	170	2	1	3_____	53684	10	0	0	0	0	0	0	0	0	1	0
C	Marios	22	170	2	1	3_____	54000	10	1	0	0	0	0	0	0	0	0	0
C	Marios	22	170	2	1	3_____	54073	1	0	0	0	0	1	0	0	0	0	0
C	Marios	22	170	2	1	3_____	54134	1	0	0	0	0	0	0	0	0	1	0
C	Marios	22	170	2	1	3_____	54136	1	0	0	0	0	1	0	0	0	0	0
C	Marios	22	170	2	1	3_____	54142	1	0	0	0	0	0	0	0	0	1	0
C	Marios	22	170	2	1	3_____	54146	1	0	0	0	0	1	0	0	0	0	0
C	Marios	22	170	2	1	3_____	54148	1	0	0	0	0	0	0	0	0	1	0
C	Marios	22	170	2	1	3_____	54149	1	0	0	0	0	1	0	0	0	0	0
C	Marios	22	170	2	1	3_____	54151	1	0	0	0	0	0	0	0	0	1	0
C	Marios	22	170	2	1	3_____	54155	1	0	0	0	0	1	0	0	0	0	0
C	Marios	22	170	2	1	3_____	54175	1	0	0	0	0	0	0	0	0	1	0
C	Marios	22	170	2	1	3_____	54407	1	0	0	0	0	1	0	0	0	0	0
C	Marios	22	170	2	1	3_____	54466	1	0	0	0	0	0	0	0	0	1	0
C	Marios	22	170	2	1	3_____	55583	1	0	0	0	0	1	0	0	0	0	0
C	Marios	22	170	2	1	3_____	55602	1	0	0	0	0	0	0	0	0	1	0
C	Marios	22	170	2	1	3_____	57435	1	0	0	0	0	1	0	0	0	0	0
C	Marios	22	170	2	1	3_____	57461	1	0	0	0	0	0	0	0	0	1	0
C	Marios	22	170	2	1	3_____	57463	1	0	0	0	0	1	0	0	0	0	0
C	Marios	22	170	2	1	3_____	57467	1	0	0	0	0	0	0	0	0	1	0
C	Marios	22	170	2	1	3_____	57477	1	0	0	0	0	1	0	0	0	0	0
C	Marios	22	170	2	1	3_____	57480	1	0	0	0	0	0	0	0	0	1	0
C	Marios	22	170	2	1	3_____	57482	1	0	0	0	0	1	0	0	0	0	0
C	Marios	22	170	2	1	3_____	57487	1	0	0	0	0	0	0	0	0	1	0
C	Marios	22	170	2	1	3_____	57488	1	0	0	0	0	1	0	0	0	0	0
C	Marios	22	170	2	1	3_____	57531	1	0	0	0	0	0	0	0	0	1	0
C	Marios	22	170	2	1	3_____	58123	1	0	0	0	0	1	0	0	0	0	0
C	Marios	22	170	2	1	3_____	58277	1	0	0	0	0	0	0	0	0	1	0
C	Marios	22	170	2	1	3_____	58604	1	0	0	0	0	1	0	0	0	0	0
C	Marios	22	170	2	1	3_____	58635	1	0	0	0	0	0	0	0	0	1	0
C	Marios	22	170	2	1	3_____	60750	1	2	0	0	0	0	0	0	0	0	0
C	Marios	22	170	2	1	3_____	61250	2	13	0	0	0	0	0	0	0	0	0
C	Marios	22	170	2	1	3_____	61296	13	0	0	0	0	1	0	0	0	0	0
C	Marios	22	170	2	1	3_____	61359	13	0	0	0	0	0	0	0	0	1	0
C	Marios	22	170	2	1	3_____	61750	13	15	0	0	0	0	0	0	0	0	0
C	Marios	22	170	2	1	3_____	61886	15	0	0	0	0	1	0	0	0	0	0
C	Marios	22	170	2	1	3_____	61913	15	0	0	0	0	0	0	0	0	1	0
C	Marios	22	170	2	1	3_____	62152	15	0	0	0	0	1	0	0	0	0	0
C	Marios	22	170	2	1	3_____	62179	15	0	0	0	0	0	0	0	0	1	0
C	Marios	22	170	2	1	3_____	62181	15	0	0	0	0	1	0	0	0	0	0
C	Marios	22	170	2	1	3_____	62250	15	1	0	0	0	0	0	0	0	0	0
C	Marios	22	170	2	1	3_____	62253	1	0	0	0	0	0	0	0	0	1	0
C	Marios	22	170	2	1	3_____	62378	1	0	0	0	0	1	0	0	0	0	0
C	Marios	22	170	2	1	3_____	62524	1	0	0	0	0	0	0	0	0	1	0
C	Marios	22	170	2	1	3_____	63750	1	2	0	0	0	0	0	0	0	0	0
C	Marios	22	170	2	1	3_____	63846	2	0	0	0	0	1	0	0	0	0	0
C	Marios	22	170	2	1	3_____	64225	2	0	0	0	0	0	0	0	0	1	0
C	Marios	22	170	2	1	3_____	64250	2	12	0	0	0	0	0	0	0	0	0
C	Marios	22	170	2	1	3_____	64316	12	0	0	0	0	1	0	0	0	0	0
C	Marios	22	170	2	1	3_____	64448	12	0	0	0	0	0	0	0	0	1	0
C	Marios	22	170	2	1	3_____	64615	12	0	0	0	0	1	0	0	0	0	0
C	Marios	22	170	2	1	3_____	64750	12	15	0	0	0	0	0	0	0	0	0
C	Marios	22	170	2	1	3_____	64912	15	0	0	0	0	0	0	0	0	1	0
C	Marios	22	170	2	1	3_____	65136	15	0	0	0	0	1	0	0	0	0	0
C	Marios	22	170	2	1	3_____	65250	15	1	0	0	0	0	0	0	0	0	0
C	Marios	22	170	2	1	3_____	65362	1	0	0	0	0	0	0	0	0	1	0
C	Marios	22	170	2	1	3_____	65515	1	0	0	0	0	1	0	0	0	0	0
C	Marios	22	170	2	1	3_____	65623	1	0	0	0	0	0	0	0	0	1	0
C	Marios	22	170	2	1	3_____	65944	1	0	0	0	0	1	0	0	0	0	0
C	Marios	22	170	2	1	3_____	66536	1	0	0	0	0	0	0	0	0	1	0
C	Marios	22	170	2	1	3_____	69482	1	0	0	0	0	1	0	0	0	0	0
C	Marios	22	170	2	1	3_____	69506	1	0	0	0	0	0	0	0	0	1	0
C	Marios	22	170	2	1	3_____	69512	1	0	0	0	0	1	0	0	0	0	0
C	Marios	22	170	2	1	3_____	69514	1	0	0	0	0	0	0	0	0	1	0
C	Marios	22	170	2	1	3_____	70444	1	0	0	0	0	1	0	0	0	0	0
C	Marios	22	170	2	1	3_____	70468	1	0	0	0	0	1	0	0	0	1	0
C	Marios	22	170	2	1	3_____	70473	1	0	0	0	0	0	0	0	0	1	0
C	Marios	22	170	2	1	3_____	70477	1	0	0	0	0	1	0	0	0	0	0
C	Marios	22	170	2	1	3_____	70483	1	0	0	0	0	0	0	0	0	1	0
C	Marios	22	170	2	1	3_____	70500	1	2	0	0	0	0	0	0	0	0	0
C	Marios	22	170	2	1	3_____	71000	2	13	0	0	0	0	0	0	0	0	0
C	Marios	22	170	2	1	3_____	71065	13	0	0	0	0	1	0	0	0	0	0
C	Marios	22	170	2	1	3_____	71162	13	0	0	0	0	0	0	0	0	1	0
C	Marios	22	170	2	1	3_____	71500	13	15	0	0	0	0	0	0	0	0	0
C	Marios	22	170	2	1	3_____	71886	15	0	0	0	0	1	0	0	0	0	0
C	Marios	22	170	2	1	3_____	71899	15	0	0	0	0	0	0	0	0	1	0
C	Marios	22	170	2	1	3_____	71938	15	0	0	0	0	1	0	0	0	0	0
C	Marios	22	170	2	1	3_____	71940	15	0	0	0	0	0	0	0	0	1	0
C	Marios	22	170	2	1	3_____	71962	15	0	0	0	0	1	0	0	0	0	0
C	Marios	22	170	2	1	3_____	71990	15	0	0	0	0	0	0	0	0	1	0
C	Marios	22	170	2	1	3_____	71998	15	0	0	0	0	1	0	0	0	0	0
C	Marios	22	170	2	1	3_____	72000	15	1	0	0	0	0	0	0	0	0	0
C	Marios	22	170	2	1	3_____	72006	1	0	0	0	0	0	0	0	0	1	0
C	Marios	22	170	2	1	3_____	72007	1	0	0	0	0	1	0	0	0	0	0
C	Marios	22	170	2	1	3_____	72254	1	0	0	0	0	0	0	0	0	1	0
C	Marios	22	170	2	1	3_____	74231	1	0	0	0	0	1	0	0	0	0	0
C	Marios	22	170	2	1	3_____	74289	1	0	0	0	0	0	0	0	0	1	0
C	Marios	22	170	2	1	3_____	74461	1	0	0	0	0	1	0	0	0	0	0
C	Marios	22	170	2	1	3_____	74463	1	0	0	0	0	0	0	0	0	1	0
C	Marios	22	170	2	1	3_____	74486	1	0	0	0	0	1	0	0	0	0	0
C	Marios	22	170	2	1	3_____	74573	1	0	0	0	0	0	0	0	0	1	0
C	Marios	22	170	2	1	3_____	76500	1	2	0	0	0	0	0	0	0	0	0
C	Marios	22	170	2	1	3_____	77000	2	12	0	0	0	0	0	0	0	0	0
C	Marios	22	170	2	1	3_____	77084	12	0	0	0	0	1	0	0	0	0	0
C	Marios	22	170	2	1	3_____	77209	12	0	0	0	0	0	0	0	0	1	0
C	Marios	22	170	2	1	3_____	77285	12	0	0	0	0	1	0	0	0	0	0
C	Marios	22	170	2	1	3_____	77374	12	0	0	0	0	0	0	0	0	1	0
C	Marios	22	170	2	1	3_____	77500	12	15	0	0	0	0	0	0	0	0	0
C	Marios	22	170	2	1	3_____	77505	15	0	0	0	0	1	0	0	0	0	0
C	Marios	22	170	2	1	3_____	77736	15	0	0	0	0	0	0	0	0	1	0
C	Marios	22	170	2	1	3_____	77923	15	0	0	0	0	1	0	0	0	0	0
C	Marios	22	170	2	1	3_____	78000	15	1	0	0	0	0	0	0	0	0	0
C	Marios	22	170	2	1	3_____	78136	1	0	0	0	0	0	0	0	0	1	0
C	Marios	22	170	2	1	3_____	78361	1	0	0	0	0	1	0	0	0	0	0
C	Marios	22	170	2	1	3_____	78777	1	0	0	0	0	0	0	0	0	1	0
C	Marios	22	170	2	1	3_____	79061	1	0	0	0	0	1	0	0	0	0	0
C	Marios	22	170	2	1	3_____	79277	1	0	0	0	0	0	0	0	0	1	0
C	Marios	22	170	2	1	3_____	84000	1	2	0	0	0	0	0	0	0	0	0
C	Marios	22	170	2	1	3_____	84500	2	12	0	0	0	0	0	0	0	0	0
C	Marios	22	170	2	1	3_____	84658	12	0	0	0	0	1	0	0	0	0	0
C	Marios	22	170	2	1	3_____	84763	12	0	0	0	0	0	0	0	0	1	0
C	Marios	22	170	2	1	3_____	85000	12	15	0	0	0	0	0	0	0	0	0
C	Marios	22	170	2	1	3_____	85159	15	0	0	0	0	1	0	0	0	0	0
C	Marios	22	170	2	1	3_____	85183	15	0	0	0	0	0	0	0	0	1	0
C	Marios	22	170	2	1	3_____	85368	15	0	0	0	0	1	0	0	0	0	0
C	Marios	22	170	2	1	3_____	85397	15	0	0	0	0	0	0	0	0	1	0
C	Marios	22	170	2	1	3_____	85500	15	1	0	0	0	0	0	0	0	0	0
C	Marios	22	170	2	1	3_____	86394	1	0	0	0	0	1	0	0	0	0	0
C	Marios	22	170	2	1	3_____	86434	1	0	0	0	0	0	0	0	0	1	0
C	Marios	22	170	2	1	3_____	86710	1	0	0	0	0	1	0	0	0	0	0
C	Marios	22	170	2	1	3_____	86712	1	0	0	0	0	0	0	0	0	1	0
C	Marios	22	170	2	1	3_____	86734	1	0	0	0	0	1	0	0	0	0	0
C	Marios	22	170	2	1	3_____	86750	1	0	0	0	0	0	0	0	0	1	0
C	Marios	22	170	2	1	3_____	89290	1	0	0	0	0	1	0	0	0	0	0
C	Marios	22	170	2	1	3_____	89301	1	0	0	0	0	0	0	0	0	1	0
C	Marios	22	170	2	1	3_____	89310	1	0	0	0	0	1	0	0	0	0	0
C	Marios	22	170	2	1	3_____	89319	1	0	0	0	0	0	0	0	0	1	0
C	Marios	22	170	2	1	3_____	89326	1	0	0	0	0	1	0	0	0	0	0
C	Marios	22	170	2	1	3_____	89331	1	0	0	0	0	0	0	0	0	1	0
C	Marios	22	170	2	1	3_____	90611	1	0	0	0	0	1	0	0	0	0	0
C	Marios	22	170	2	1	3_____	90628	1	0	0	0	0	0	0	0	0	1	0
C	Marios	22	170	2	1	3_____	91671	1	0	0	0	0	1	0	0	0	0	0
C	Marios	22	170	2	1	3_____	91684	1	0	0	0	0	0	0	0	0	1	0
C	Marios	22	170	2	1	3_____	92371	1	0	0	0	0	1	0	0	0	0	0
C	Marios	22	170	2	1	3_____	92452	1	0	0	0	0	0	0	0	0	1	0
C	Marios	22	170	2	1	3_____	93000	1	2	0	0	0	0	0	0	0	0	0
C	Marios	22	170	2	1	3_____	93500	2	6	0	0	0	0	0	0	0	0	0
C	Marios	22	170	2	1	3_____	93542	6	0	0	0	0	1	0	0	0	0	0
C	Marios	22	170	2	1	3_____	93606	6	0	0	0	0	0	0	0	0	1	0
C	Marios	22	170	2	1	3_____	93644	6	0	0	0	0	1	0	0	0	0	0
C	Marios	22	170	2	1	3_____	93708	6	0	0	0	0	0	0	0	0	1	0
C	Marios	22	170	2	1	3_____	93857	6	0	0	0	0	1	0	0	0	0	0
C	Marios	22	170	2	1	3_____	93989	6	0	0	0	0	0	0	0	0	1	0
C	Marios	22	170	2	1	3_____	94000	6	11	0	0	0	0	0	0	0	0	0
C	Marios	22	170	2	1	3_____	94024	11	0	0	0	0	1	0	0	0	0	0
C	Marios	22	170	2	1	3_____	94500	11	1	0	0	0	0	0	0	0	0	0
C	Marios	22	170	2	1	3_____	94528	1	0	0	0	0	0	0	0	0	1	0
C	Marios	22	170	2	1	3_____	94714	1	0	0	0	0	1	0	0	0	0	0
C	Marios	22	170	2	1	3_____	94738	1	0	0	0	0	0	0	0	0	1	0
C	Marios	22	170	2	1	3_____	96000	1	2	0	0	0	0	0	0	0	0	0
C	Marios	22	170	2	1	3_____	96124	2	0	0	0	0	1	0	0	0	0	0
C	Marios	22	170	2	1	3_____	96134	2	0	0	0	0	0	0	0	0	1	0
C	Marios	22	170	2	1	3_____	96500	2	13	0	0	0	0	0	0	0	0	0
C	Marios	22	170	2	1	3_____	96903	13	0	0	0	0	1	0	0	0	0	0
C	Marios	22	170	2	1	3_____	96934	13	0	0	0	0	0	0	0	0	1	0
C	Marios	22	170	2	1	3_____	96990	13	0	0	0	0	1	0	0	0	0	0
C	Marios	22	170	2	1	3_____	97000	13	15	0	0	0	0	0	0	0	0	0
C	Marios	22	170	2	1	3_____	97072	15	0	0	0	0	0	0	0	0	1	0
C	Marios	22	170	2	1	3_____	97500	15	1	0	0	0	0	0	0	0	0	0
C	Marios	22	170	2	1	3_____	100500	1	2	0	0	0	0	0	0	0	0	0
C	Marios	22	170	2	1	3_____	101000	2	13	0	0	0	0	0	0	0	0	0
C	Marios	22	170	2	1	3_____	101084	13	0	0	0	0	1	0	0	0	0	0
C	Marios	22	170	2	1	3_____	101139	13	0	0	0	0	0	0	0	0	1	0
C	Marios	22	170	2	1	3_____	101500	13	15	0	0	0	0	0	0	0	0	0
C	Marios	22	170	2	1	3_____	102000	15	1	0	0	0	0	0	0	0	0	0
C	Marios	22	170	2	1	3_____	105996	1	0	0	0	0	1	0	0	0	0	0
C	Marios	22	170	2	1	3_____	106002	1	0	0	0	0	0	0	0	0	1	0
C	Marios	22	170	2	1	3_____	106022	1	0	0	0	0	1	0	0	0	0	0
C	Marios	22	170	2	1	3_____	106073	1	0	0	0	0	0	0	0	0	1	0
C	Marios	22	170	2	1	3_____	106084	1	0	0	0	0	1	0	0	0	0	0
C	Marios	22	170	2	1	3_____	106103	1	0	0	0	0	0	0	0	0	1	0
C	Marios	22	170	2	1	3_____	106106	1	0	0	0	0	1	0	0	0	0	0
C	Marios	22	170	2	1	3_____	106110	1	0	0	0	0	0	0	0	0	1	0
C	Marios	22	170	2	1	3_____	106112	1	0	0	0	0	1	0	0	0	0	0
C	Marios	22	170	2	1	3_____	106166	1	0	0	0	0	0	0	0	0	1	0
C	Marios	22	170	2	1	3_____	106168	1	0	0	0	0	1	0	0	0	0	0
C	Marios	22	170	2	1	3_____	106219	1	0	0	0	0	0	0	0	0	1	0
C	Marios	22	170	2	1	3_____	106220	1	0	0	0	0	1	0	0	0	0	0
C	Marios	22	170	2	1	3_____	106290	1	0	0	0	0	0	0	0	0	1	0
C	Marios	22	170	2	1	3_____	106292	1	0	0	0	0	1	0	0	0	0	0
C	Marios	22	170	2	1	3_____	106707	1	0	0	0	0	0	0	0	0	1	0
C	Marios	22	170	2	1	3_____	107644	1	0	0	0	0	1	0	0	0	0	0
C	Marios	22	170	2	1	3_____	107649	1	0	0	0	0	0	0	0	0	1	0
C	Marios	22	170	2	1	3_____	108039	1	0	0	0	0	1	0	0	0	0	0
C	Marios	22	170	2	1	3_____	108067	1	0	0	0	0	0	0	0	0	1	0
C	Marios	22	170	2	1	3_____	108750	1	2	0	0	0	0	0	0	0	0	0
C	Marios	22	170	2	1	3_____	109167	2	0	0	0	0	1	0	0	0	0	0
C	Marios	22	170	2	1	3_____	109250	2	7	0	0	0	0	0	0	0	0	0
C	Marios	22	170	2	1	3_____	109255	7	0	0	0	0	0	0	0	0	1	0
C	Marios	22	170	2	1	3_____	109374	7	0	0	0	0	1	0	0	0	0	0
C	Marios	22	170	2	1	3_____	109447	7	0	0	0	0	0	0	0	0	1	0
C	Marios	22	170	2	1	3_____	109500	7	0	0	0	0	1	0	0	0	0	0
C	Marios	22	170	2	1	3_____	109577	7	0	0	0	0	0	0	0	0	1	0
C	Marios	22	170	2	1	3_____	109640	7	0	0	0	0	1	0	0	0	0	0
C	Marios	22	170	2	1	3_____	109727	7	0	0	0	0	0	0	0	0	1	0
C	Marios	22	170	2	1	3_____	109750	7	10	0	0	0	0	0	0	0	0	0
C	Marios	22	170	2	1	3_____	109777	10	0	0	0	0	1	0	0	0	0	0
C	Marios	22	170	2	1	3_____	110051	10	0	0	0	0	0	0	0	0	1	0
C	Marios	22	170	2	1	3_____	110058	10	0	0	0	0	1	0	0	0	0	0
C	Marios	22	170	2	1	3_____	110065	10	0	0	0	0	0	0	0	0	1	0
C	Marios	22	170	2	1	3_____	110100	10	0	0	0	0	1	0	0	0	0	0
C	Marios	22	170	2	1	3_____	110127	10	0	0	0	0	0	0	0	0	1	0
C	Marios	22	170	2	1	3_____	110250	10	1	0	0	0	0	0	0	0	0	0
C	Marios	22	170	2	1	3_____	115500	1	2	0	0	0	0	0	0	0	0	0
C	Marios	22	170	2	1	3_____	116000	2	12	0	0	0	0	0	0	0	0	0
C	Marios	22	170	2	1	3_____	116048	12	0	0	0	0	1	0	0	0	0	0
C	Marios	22	170	2	1	3_____	116170	12	0	0	0	0	0	0	0	0	1	0
C	Marios	22	170	2	1	3_____	116415	12	0	0	0	0	1	0	0	0	0	0
C	Marios	22	170	2	1	3_____	116481	12	0	0	0	0	0	0	0	0	1	0
C	Marios	22	170	2	1	3_____	116500	12	15	0	0	0	0	0	0	0	0	0
C	Marios	22	170	2	1	3_____	117000	15	1	0	0	0	0	0	0	0	0	0
C	Marios	22	170	2	1	3_____	117143	1	0	0	0	0	1	0	0	0	0	0
C	Marios	22	170	2	1	3_____	117159	1	0	0	0	0	0	0	0	0	1	0
C	Marios	22	170	2	1	3_____	118585	1	0	0	0	0	1	0	0	0	0	0
C	Marios	22	170	2	1	3_____	118588	1	0	0	0	0	0	0	0	0	1	0
C	Marios	22	170	2	1	3_____	118656	1	0	0	0	0	1	0	0	0	0	0
C	Marios	22	170	2	1	3_____	118772	1	0	0	0	0	0	0	0	0	1	0
C	Marios	22	170	2	1	3_____	119080	1	0	0	0	0	1	0	0	0	0	0
C	Marios	22	170	2	1	3_____	119143	1	0	0	0	0	0	0	0	0	1	0
C	Marios	22	170	2	1	3_____	119250	1	2	0	0	0	0	0	0	0	0	0
C	Marios	22	170	2	1	3_____	119604	2	0	0	0	0	1	0	0	0	0	0
C	Marios	22	170	2	1	3_____	119683	2	0	0	0	0	0	0	0	0	1	0
C	Marios	22	170	2	1	3_____	119750	2	13	0	0	0	0	0	0	0	0	0
C	Marios	22	170	2	1	3_____	120065	13	0	0	0	0	1	0	0	0	0	0
C	Marios	22	170	2	1	3_____	120194	13	0	0	0	0	0	0	0	0	1	0
C	Marios	22	170	2	1	3_____	120250	13	15	0	0	0	0	0	0	0	0	0
C	Marios	22	170	2	1	3_____	120339	15	0	0	0	0	1	0	0	0	0	0
C	Marios	22	170	2	1	3_____	120422	15	0	0	0	0	0	0	0	0	1	0
C	Marios	22	170	2	1	3_____	120750	15	1	0	0	0	0	0	0	0	0	0
C	Marios	22	170	2	1	3_____	124500	1	2	0	0	0	0	0	0	0	0	0
C	Marios	22	170	2	1	3_____	124688	2	0	0	0	0	1	0	0	0	0	0
C	Marios	22	170	2	1	3_____	124851	2	0	0	0	0	0	0	0	0	1	0
C	Marios	22	170	2	1	3_____	125000	2	13	0	0	0	0	0	0	0	0	0
C	Marios	22	170	2	1	3_____	125138	13	0	0	0	0	1	0	0	0	0	0
C	Marios	22	170	2	1	3_____	125248	13	0	0	0	0	0	0	0	0	1	0
C	Marios	22	170	2	1	3_____	125331	13	0	0	0	0	1	0	0	0	0	0
C	Marios	22	170	2	1	3_____	125473	13	0	0	0	0	0	0	0	0	1	0
C	Marios	22	170	2	1	3_____	125500	13	15	0	0	0	0	0	0	0	0	0
C	Marios	22	170	2	1	3_____	125742	15	0	0	0	0	1	0	0	0	0	0
C	Marios	22	170	2	1	3_____	125900	15	0	0	0	0	0	0	0	0	1	0
C	Marios	22	170	2	1	3_____	126000	15	1	0	0	0	0	0	0	0	0	0
C	Marios	22	170	2	1	3_____	128742	1	0	0	0	0	1	0	0	0	0	0
C	Marios	22	170	2	1	3_____	129085	1	0	0	0	0	0	0	0	0	1	0
C	Marios	22	170	2	1	3_____	129308	1	0	0	0	0	1	0	0	0	0	0
C	Marios	22	170	2	1	3_____	129381	1	0	0	0	0	0	0	0	0	1	0
C	Marios	22	170	2	1	3_____	129500	1	2	0	0	0	0	0	0	0	0	0
C	Marios	22	170	2	1	3_____	129733	2	0	0	0	0	1	0	0	0	0	0
C	Marios	22	170	2	1	3_____	129785	2	0	0	0	0	0	0	0	0	1	0
C	Marios	22	170	2	1	3_____	130000	2	6	0	0	0	0	0	0	0	0	0
C	Marios	22	170	2	1	3_____	130032	6	0	0	0	0	1	0	0	0	0	0
C	Marios	22	170	2	1	3_____	130085	6	0	0	0	0	0	0	0	0	1	0
C	Marios	22	170	2	1	3_____	130125	6	0	0	0	0	1	0	0	0	0	0
C	Marios	22	170	2	1	3_____	130159	6	0	0	0	0	0	0	0	0	1	0
C	Marios	22	170	2	1	3_____	130218	6	0	0	0	0	1	0	0	0	0	0
C	Marios	22	170	2	1	3_____	130294	6	0	0	0	0	0	0	0	0	1	0
C	Marios	22	170	2	1	3_____	130461	6	0	0	0	0	1	0	0	0	0	0
C	Marios	22	170	2	1	3_____	130500	6	11	0	0	0	0	0	0	0	0	0
C	Marios	22	170	2	1	3_____	131000	11	1	0	0	0	0	0	0	0	0	0
C	Marios	22	170	2	1	3_____	131071	1	0	0	0	0	0	0	0	0	1	0
C	Marios	22	170	2	1	3_____	135500	1	2	0	0	0	0	0	0	0	0	0
C	Marios	22	170	2	1	3_____	136000	2	7	0	0	0	0	0	0	0	0	0
C	Marios	22	170	2	1	3_____	136045	7	0	0	0	0	1	0	0	0	0	0
C	Marios	22	170	2	1	3_____	136047	7	0	0	0	0	0	0	0	0	1	0
C	Marios	22	170	2	1	3_____	136080	7	0	0	0	0	1	0	0	0	0	0
C	Marios	22	170	2	1	3_____	136125	7	0	0	0	0	0	0	0	0	1	0
C	Marios	22	170	2	1	3_____	136208	7	0	0	0	0	1	0	0	0	0	0
C	Marios	22	170	2	1	3_____	136299	7	0	0	0	0	0	0	0	0	1	0
C	Marios	22	170	2	1	3_____	136418	7	0	0	0	0	1	0	0	0	0	0
C	Marios	22	170	2	1	3_____	136500	7	10	0	0	0	0	0	0	0	0	0
C	Marios	22	170	2	1	3_____	136818	10	0	0	0	0	0	0	0	0	1	0
C	Marios	22	170	2	1	3_____	136850	10	0	0	0	0	1	0	0	0	0	0
C	Marios	22	170	2	1	3_____	136854	10	0	0	0	0	0	0	0	0	1	0
C	Marios	22	170	2	1	3_____	136867	10	0	0	0	0	1	0	0	0	0	0
C	Marios	22	170	2	1	3_____	136906	10	0	0	0	0	0	0	0	0	1	0
C	Marios	22	170	2	1	3_____	137000	10	1	0	0	0	0	0	0	0	0	0
C	Marios	22	170	2	1	3_____	141175	1	0	0	0	0	1	0	0	0	0	0
C	Marios	22	170	2	1	3_____	141199	1	0	0	0	0	0	0	0	0	1	0
C	Marios	22	170	2	1	3_____	141343	1	0	0	0	0	1	0	0	0	0	0
C	Marios	22	170	2	1	3_____	141360	1	0	0	0	0	0	0	0	0	1	0
C	Marios	22	170	2	1	3_____	141362	1	0	0	0	0	1	0	0	0	0	0
C	Marios	22	170	2	1	3_____	141420	1	0	0	0	0	0	0	0	0	1	0
C	Marios	22	170	2	1	3_____	141432	1	0	0	0	0	1	0	0	0	0	0
C	Marios	22	170	2	1	3_____	141436	1	0	0	0	0	0	0	0	0	1	0
C	Marios	22	170	2	1	3_____	141469	1	0	0	0	0	1	0	0	0	0	0
C	Marios	22	170	2	1	3_____	141477	1	0	0	0	0	0	0	0	0	1	0
C	Marios	22	170	2	1	3_____	141485	1	0	0	0	0	1	0	0	0	0	0
C	Marios	22	170	2	1	3_____	141596	1	0	0	0	0	0	0	0	0	1	0
C	Marios	22	170	2	1	3_____	142500	1	2	0	0	0	0	0	0	0	0	0
C	Marios	22	170	2	1	3_____	142996	2	0	0	0	0	1	0	0	0	0	0
C	Marios	22	170	2	1	3_____	143000	2	12	0	0	0	0	0	0	0	0	0
C	Marios	22	170	2	1	3_____	143004	12	0	0	0	0	0	0	0	0	1	0
C	Marios	22	170	2	1	3_____	143028	12	0	0	0	0	1	0	0	0	0	0
C	Marios	22	170	2	1	3_____	143094	12	0	0	0	0	0	0	0	0	1	0
C	Marios	22	170	2	1	3_____	143227	12	0	0	0	0	1	0	0	0	0	0
C	Marios	22	170	2	1	3_____	143345	12	0	0	0	0	0	0	0	0	1	0
C	Marios	22	170	2	1	3_____	143430	12	0	0	0	0	1	0	0	0	0	0
C	Marios	22	170	2	1	3_____	143500	12	15	0	0	0	0	0	0	0	0	0
C	Marios	22	170	2	1	3_____	143613	15	0	0	0	0	0	0	0	0	1	0
C	Marios	22	170	2	1	3_____	144000	15	14	0	0	0	0	0	0	0	0	0
C	Marios	22	170	2	1	3_____	145400	14	0	0	0	0	1	0	0	0	0	0
C	Marios	22	170	2	1	3_____	145423	14	0	0	0	0	0	0	0	0	1	0
C	Marios	22	170	2	1	3_____	145835	14	0	0	0	0	1	0	0	0	0	0
C	Marios	22	170	2	1	3_____	145856	14	0	0	0	0	0	0	0	0	1	0
C	Marios	22	170	2	1	3_____	146057	14	0	0	0	0	1	0	0	0	0	0
C	Marios	22	170	2	1	3_____	146067	14	0	0	0	0	0	0	0	0	1	0
C	Marios	22	170	2	1	3_____	146221	14	0	0	0	0	1	0	0	0	0	0
C	Marios	22	170	2	1	3_____	146234	14	0	0	0	0	0	0	0	0	1	0
C	Marios	22	170	2	1	3_____	146655	14	0	0	0	0	1	0	0	0	0	0
C	Marios	22	170	2	1	3_____	146684	14	0	0	0	0	0	0	0	0	1	0
C	Marios	22	170	2	1	3_____	146698	14	0	0	0	0	1	0	0	0	0	0
C	Marios	22	170	2	1	3_____	146704	14	0	0	0	0	0	0	0	0	1	0
C	Marios	22	170	2	1	3_____	146707	14	0	0	0	0	1	0	0	0	0	0
C	Marios	22	170	2	1	3_____	146751	14	0	0	0	0	0	0	0	0	1	0
C	Marios	22	170	2	1	3_____	147000	14	-1	0	0	0	0	0	0	0	0	0
C	Marios	22	170	6	1	28____	0	0	1	0	0	0	0	0	0	0	0	0
C	Marios	22	170	6	1	28____	1164	1	0	0	0	0	1	0	0	0	0	0
C	Marios	22	170	6	1	28____	1183	1	0	0	0	0	0	0	0	0	1	0
C	Marios	22	170	6	1	28____	1191	1	0	0	0	0	1	0	0	0	0	0
C	Marios	22	170	6	1	28____	1244	1	0	0	0	0	0	0	0	0	1	0
C	Marios	22	170	6	1	28____	3750	1	2	0	0	0	0	0	0	0	0	0
C	Marios	22	170	6	1	28____	4250	2	13	0	0	0	0	0	0	0	0	0
C	Marios	22	170	6	1	28____	4750	13	15	0	0	0	0	0	0	0	0	0
C	Marios	22	170	6	1	28____	5250	15	1	0	0	0	0	0	0	0	0	0
C	Marios	22	170	6	1	28____	7916	1	0	0	0	0	1	0	0	0	0	0
C	Marios	22	170	6	1	28____	7968	1	0	0	0	0	0	0	0	0	1	0
C	Marios	22	170	6	1	28____	10750	1	2	0	0	0	0	0	0	0	0	0
C	Marios	22	170	6	1	28____	11250	2	12	0	0	0	0	0	0	0	0	0
C	Marios	22	170	6	1	28____	11624	12	0	0	0	0	1	0	0	0	0	0
C	Marios	22	170	6	1	28____	11644	12	0	0	0	0	0	0	0	0	1	0
C	Marios	22	170	6	1	28____	11750	12	15	0	0	0	0	0	0	0	0	0
C	Marios	22	170	6	1	28____	12154	15	0	0	0	0	1	0	0	0	0	0
C	Marios	22	170	6	1	28____	12158	15	0	0	0	0	0	0	0	0	1	0
C	Marios	22	170	6	1	28____	12250	15	1	0	0	0	0	0	0	0	0	0
C	Marios	22	170	6	1	28____	15222	1	0	0	0	0	1	0	0	0	0	0
C	Marios	22	170	6	1	28____	15231	1	0	0	0	0	0	0	0	0	1	0
C	Marios	22	170	6	1	28____	16750	1	2	0	0	0	0	0	0	0	0	0
C	Marios	22	170	6	1	28____	17250	2	12	0	0	0	0	0	0	0	0	0
C	Marios	22	170	6	1	28____	17750	12	15	0	0	0	0	0	0	0	0	0
C	Marios	22	170	6	1	28____	18250	15	1	0	0	0	0	0	0	0	0	0
C	Marios	22	170	6	1	28____	19437	1	0	0	0	0	1	0	0	0	0	0
C	Marios	22	170	6	1	28____	19474	1	0	0	0	0	0	0	0	0	1	0
C	Marios	22	170	6	1	28____	22239	1	0	0	0	0	1	0	0	0	0	0
C	Marios	22	170	6	1	28____	22242	1	0	0	0	0	0	0	0	0	1	0
C	Marios	22	170	6	1	28____	22244	1	0	0	0	0	1	0	0	0	0	0
C	Marios	22	170	6	1	28____	22261	1	0	0	0	0	0	0	0	0	1	0
C	Marios	22	170	6	1	28____	22925	1	0	0	0	0	1	0	0	0	0	0
C	Marios	22	170	6	1	28____	22943	1	0	0	0	0	0	0	0	0	1	0
C	Marios	22	170	6	1	28____	25000	1	2	0	0	0	0	0	0	0	0	0
C	Marios	22	170	6	1	28____	25500	2	6	0	0	0	0	0	0	0	0	0
C	Marios	22	170	6	1	28____	25612	6	0	0	0	0	1	0	0	0	0	0
C	Marios	22	170	6	1	28____	25656	6	0	0	0	0	0	0	0	0	1	0
C	Marios	22	170	6	1	28____	25689	6	0	0	0	0	1	0	0	0	0	0
C	Marios	22	170	6	1	28____	25737	6	0	0	0	0	0	0	0	0	1	0
C	Marios	22	170	6	1	28____	25748	6	0	0	0	0	1	0	0	0	0	0
C	Marios	22	170	6	1	28____	25867	6	0	0	0	0	0	0	0	0	1	0
C	Marios	22	170	6	1	28____	25899	6	0	0	0	0	1	0	0	0	0	0
C	Marios	22	170	6	1	28____	26000	6	11	0	0	0	0	0	0	0	0	0
C	Marios	22	170	6	1	28____	26131	11	0	0	0	0	0	0	0	0	1	0
C	Marios	22	170	6	1	28____	26171	11	0	0	0	0	1	0	0	0	0	0
C	Marios	22	170	6	1	28____	26178	11	0	0	0	0	0	0	0	0	1	0
C	Marios	22	170	6	1	28____	26185	11	0	0	0	0	1	0	0	0	0	0
C	Marios	22	170	6	1	28____	26187	11	0	0	0	0	0	0	0	0	1	0
C	Marios	22	170	6	1	28____	26197	11	0	0	0	0	1	0	0	0	0	0
C	Marios	22	170	6	1	28____	26203	11	0	0	0	0	0	0	0	0	1	0
C	Marios	22	170	6	1	28____	26205	11	0	0	0	0	1	0	0	0	0	0
C	Marios	22	170	6	1	28____	26212	11	0	0	0	0	0	0	0	0	1	0
C	Marios	22	170	6	1	28____	26500	11	1	0	0	0	0	0	0	0	0	0
C	Marios	22	170	6	1	28____	26733	1	0	0	0	0	1	0	0	0	0	0
C	Marios	22	170	6	1	28____	26741	1	0	0	0	0	0	0	0	0	1	0
C	Marios	22	170	6	1	28____	28639	1	0	0	0	0	1	0	0	0	0	0
C	Marios	22	170	6	1	28____	28646	1	0	0	0	0	0	0	0	0	1	0
C	Marios	22	170	6	1	28____	31513	1	0	0	0	0	1	0	0	0	0	0
C	Marios	22	170	6	1	28____	31521	1	0	0	0	0	0	0	0	0	1	0
C	Marios	22	170	6	1	28____	32500	1	2	0	0	0	0	0	0	0	0	0
C	Marios	22	170	6	1	28____	33000	2	13	0	0	0	0	0	0	0	0	0
C	Marios	22	170	6	1	28____	33500	13	15	0	0	0	0	0	0	0	0	0
C	Marios	22	170	6	1	28____	34000	15	1	0	0	0	0	0	0	0	0	0
C	Marios	22	170	6	1	28____	34381	1	0	0	0	0	1	0	0	0	0	0
C	Marios	22	170	6	1	28____	34415	1	0	0	0	0	0	0	0	0	1	0
C	Marios	22	170	6	1	28____	34751	1	0	0	0	0	1	0	0	0	0	0
C	Marios	22	170	6	1	28____	34754	1	0	0	0	0	0	0	0	0	1	0
C	Marios	22	170	6	1	28____	36250	1	2	0	0	0	0	0	0	0	0	0
C	Marios	22	170	6	1	28____	36750	2	7	0	0	0	0	0	0	0	0	0
C	Marios	22	170	6	1	28____	36835	7	0	0	0	0	1	0	0	0	0	0
C	Marios	22	170	6	1	28____	36846	7	0	0	0	0	0	0	0	0	1	0
C	Marios	22	170	6	1	28____	36862	7	0	0	0	0	1	0	0	0	0	0
C	Marios	22	170	6	1	28____	36864	7	0	0	0	0	0	0	0	0	1	0
C	Marios	22	170	6	1	28____	36873	7	0	0	0	0	1	0	0	0	0	0
C	Marios	22	170	6	1	28____	36875	7	0	0	0	0	0	0	0	0	1	0
C	Marios	22	170	6	1	28____	36896	7	0	0	0	0	1	0	0	0	0	0
C	Marios	22	170	6	1	28____	36925	7	0	0	0	0	0	0	0	0	1	0
C	Marios	22	170	6	1	28____	36939	7	0	0	0	0	1	0	0	0	0	0
C	Marios	22	170	6	1	28____	37006	7	0	0	0	0	0	0	0	0	1	0
C	Marios	22	170	6	1	28____	37041	7	0	0	0	0	1	0	0	0	0	0
C	Marios	22	170	6	1	28____	37135	7	0	0	0	0	0	0	0	0	1	0
C	Marios	22	170	6	1	28____	37166	7	0	0	0	0	1	0	0	0	0	0
C	Marios	22	170	6	1	28____	37175	7	0	0	0	0	0	0	0	0	1	0
C	Marios	22	170	6	1	28____	37191	7	0	0	0	0	1	0	0	0	0	0
C	Marios	22	170	6	1	28____	37250	7	10	0	0	0	0	0	0	0	0	0
C	Marios	22	170	6	1	28____	37537	10	0	0	0	0	0	0	0	0	1	0
C	Marios	22	170	6	1	28____	37540	10	0	0	0	0	1	0	0	0	0	0
C	Marios	22	170	6	1	28____	37657	10	0	0	0	0	0	0	0	0	1	0
C	Marios	22	170	6	1	28____	37750	10	1	0	0	0	0	0	0	0	0	0
C	Marios	22	170	6	1	28____	40750	1	2	0	0	0	0	0	0	0	0	0
C	Marios	22	170	6	1	28____	41250	2	13	0	0	0	0	0	0	0	0	0
C	Marios	22	170	6	1	28____	41750	13	15	0	0	0	0	0	0	0	0	0
C	Marios	22	170	6	1	28____	42250	15	1	0	0	0	0	0	0	0	0	0
C	Marios	22	170	6	1	28____	43610	1	0	0	0	0	1	0	0	0	0	0
C	Marios	22	170	6	1	28____	43629	1	0	0	0	0	0	0	0	0	1	0
C	Marios	22	170	6	1	28____	44280	1	0	0	0	0	1	0	0	0	0	0
C	Marios	22	170	6	1	28____	44291	1	0	0	0	0	0	0	0	0	1	0
C	Marios	22	170	6	1	28____	45750	1	2	0	0	0	0	0	0	0	0	0
C	Marios	22	170	6	1	28____	46250	2	12	0	0	0	0	0	0	0	0	0
C	Marios	22	170	6	1	28____	46750	12	15	0	0	0	0	0	0	0	0	0
C	Marios	22	170	6	1	28____	47250	15	1	0	0	0	0	0	0	0	0	0
C	Marios	22	170	6	1	28____	52325	1	0	0	0	0	1	0	0	0	0	0
C	Marios	22	170	6	1	28____	52330	1	0	0	0	0	0	0	0	0	1	0
C	Marios	22	170	6	1	28____	52344	1	0	0	0	0	1	0	0	0	0	0
C	Marios	22	170	6	1	28____	52351	1	0	0	0	0	0	0	0	0	1	0
C	Marios	22	170	6	1	28____	52361	1	0	0	0	0	1	0	0	0	0	0
C	Marios	22	170	6	1	28____	52406	1	0	0	0	0	0	0	0	0	1	0
C	Marios	22	170	6	1	28____	52500	1	2	0	0	0	0	0	0	0	0	0
C	Marios	22	170	6	1	28____	53000	2	6	0	0	0	0	0	0	0	0	0
C	Marios	22	170	6	1	28____	53274	6	0	0	0	0	1	0	0	0	0	0
C	Marios	22	170	6	1	28____	53321	6	0	0	0	0	0	0	0	0	1	0
C	Marios	22	170	6	1	28____	53500	6	11	0	0	0	0	0	0	0	0	0
C	Marios	22	170	6	1	28____	53510	11	0	0	0	0	1	0	0	0	0	0
C	Marios	22	170	6	1	28____	53677	11	0	0	0	0	0	0	0	0	1	0
C	Marios	22	170	6	1	28____	54000	11	1	0	0	0	0	0	0	0	0	0
C	Marios	22	170	6	1	28____	56772	1	0	0	0	0	1	0	0	0	0	0
C	Marios	22	170	6	1	28____	56834	1	0	0	0	0	0	0	0	0	1	0
C	Marios	22	170	6	1	28____	57179	1	0	0	0	0	1	0	0	0	0	0
C	Marios	22	170	6	1	28____	57180	1	0	0	0	0	0	0	0	0	1	0
C	Marios	22	170	6	1	28____	58269	1	0	0	0	0	1	0	0	0	0	0
C	Marios	22	170	6	1	28____	58271	1	0	0	0	0	0	0	0	0	1	0
C	Marios	22	170	6	1	28____	58294	1	0	0	0	0	1	0	0	0	0	0
C	Marios	22	170	6	1	28____	58428	1	0	0	0	0	0	0	0	0	1	0
C	Marios	22	170	6	1	28____	58500	1	2	0	0	0	0	0	0	0	0	0
C	Marios	22	170	6	1	28____	58544	2	0	0	0	0	1	0	0	0	0	0
C	Marios	22	170	6	1	28____	58546	2	0	0	0	0	0	0	0	0	1	0
C	Marios	22	170	6	1	28____	59000	2	13	0	0	0	0	0	0	0	0	0
C	Marios	22	170	6	1	28____	59500	13	15	0	0	0	0	0	0	0	0	0
C	Marios	22	170	6	1	28____	60000	15	1	0	0	0	0	0	0	0	0	0
C	Marios	22	170	6	1	28____	62336	1	0	0	0	0	1	0	0	0	0	0
C	Marios	22	170	6	1	28____	62413	1	0	0	0	0	1	0	0	0	1	0
C	Marios	22	170	6	1	28____	62438	1	0	0	0	0	0	0	0	0	1	0
C	Marios	22	170	6	1	28____	62440	1	0	0	0	0	1	0	0	0	0	0
C	Marios	22	170	6	1	28____	62463	1	0	0	0	0	0	0	0	0	1	0
C	Marios	22	170	6	1	28____	62466	1	0	0	0	0	1	0	0	0	0	0
C	Marios	22	170	6	1	28____	62484	1	0	0	0	0	0	0	0	0	1	0
C	Marios	22	170	6	1	28____	62485	1	0	0	0	0	1	0	0	0	0	0
C	Marios	22	170	6	1	28____	62501	1	0	0	0	0	0	0	0	0	1	0
C	Marios	22	170	6	1	28____	62504	1	0	0	0	0	1	0	0	0	0	0
C	Marios	22	170	6	1	28____	62534	1	0	0	0	0	0	0	0	0	1	0
C	Marios	22	170	6	1	28____	62535	1	0	0	0	0	1	0	0	0	0	0
C	Marios	22	170	6	1	28____	62637	1	0	0	0	0	0	0	0	0	1	0
C	Marios	22	170	6	1	28____	66771	1	0	0	0	0	1	0	0	0	0	0
C	Marios	22	170	6	1	28____	66800	1	0	0	0	0	0	0	0	0	1	0
C	Marios	22	170	6	1	28____	66808	1	0	0	0	0	1	0	0	0	0	0
C	Marios	22	170	6	1	28____	66822	1	0	0	0	0	0	0	0	0	1	0
C	Marios	22	170	6	1	28____	67500	1	2	0	0	0	0	0	0	0	0	0
C	Marios	22	170	6	1	28____	68000	2	12	0	0	0	0	0	0	0	0	0
C	Marios	22	170	6	1	28____	68368	12	0	0	0	0	1	0	0	0	0	0
C	Marios	22	170	6	1	28____	68418	12	0	0	0	0	0	0	0	0	1	0
C	Marios	22	170	6	1	28____	68500	12	15	0	0	0	0	0	0	0	0	0
C	Marios	22	170	6	1	28____	68533	15	0	0	0	0	1	0	0	0	0	0
C	Marios	22	170	6	1	28____	68646	15	0	0	0	0	0	0	0	0	1	0
C	Marios	22	170	6	1	28____	69000	15	1	0	0	0	0	0	0	0	0	0
C	Marios	22	170	6	1	28____	70500	1	2	0	0	0	0	0	0	0	0	0
C	Marios	22	170	6	1	28____	71000	2	7	0	0	0	0	0	0	0	0	0
C	Marios	22	170	6	1	28____	71062	7	0	0	0	0	1	0	0	0	0	0
C	Marios	22	170	6	1	28____	71064	7	0	0	0	0	0	0	0	0	1	0
C	Marios	22	170	6	1	28____	71108	7	0	0	0	0	1	0	0	0	0	0
C	Marios	22	170	6	1	28____	71422	7	0	0	0	0	0	0	0	0	1	0
C	Marios	22	170	6	1	28____	71425	7	0	0	0	0	1	0	0	0	0	0
C	Marios	22	170	6	1	28____	71500	7	10	0	0	0	0	0	0	0	0	0
C	Marios	22	170	6	1	28____	71887	10	0	0	0	0	0	0	0	0	1	0
C	Marios	22	170	6	1	28____	72000	10	1	0	0	0	0	0	0	0	0	0
C	Marios	22	170	6	1	28____	77250	1	2	0	0	0	0	0	0	0	0	0
C	Marios	22	170	6	1	28____	77750	2	7	0	0	0	0	0	0	0	0	0
C	Marios	22	170	6	1	28____	78005	7	0	0	0	0	1	0	0	0	0	0
C	Marios	22	170	6	1	28____	78037	7	0	0	0	0	0	0	0	0	1	0
C	Marios	22	170	6	1	28____	78136	7	0	0	0	0	1	0	0	0	0	0
C	Marios	22	170	6	1	28____	78163	7	0	0	0	0	0	0	0	0	1	0
C	Marios	22	170	6	1	28____	78209	7	0	0	0	0	1	0	0	0	0	0
C	Marios	22	170	6	1	28____	78250	7	10	0	0	0	0	0	0	0	0	0
C	Marios	22	170	6	1	28____	78479	10	0	0	0	0	0	0	0	0	1	0
C	Marios	22	170	6	1	28____	78750	10	1	0	0	0	0	0	0	0	0	0
C	Marios	22	170	6	1	28____	83624	1	0	0	0	0	1	0	0	0	0	0
C	Marios	22	170	6	1	28____	83628	1	0	0	0	0	0	0	0	0	1	0
C	Marios	22	170	6	1	28____	83629	1	0	0	0	0	1	0	0	0	0	0
C	Marios	22	170	6	1	28____	83631	1	0	0	0	0	0	0	0	0	1	0
C	Marios	22	170	6	1	28____	85500	1	2	0	0	0	0	0	0	0	0	0
C	Marios	22	170	6	1	28____	86000	2	13	0	0	0	0	0	0	0	0	0
C	Marios	22	170	6	1	28____	86500	13	15	0	0	0	0	0	0	0	0	0
C	Marios	22	170	6	1	28____	87000	15	1	0	0	0	0	0	0	0	0	0
C	Marios	22	170	6	1	28____	89250	1	2	0	0	0	0	0	0	0	0	0
C	Marios	22	170	6	1	28____	89606	2	0	0	0	0	1	0	0	0	0	0
C	Marios	22	170	6	1	28____	89635	2	0	0	0	0	0	0	0	0	1	0
C	Marios	22	170	6	1	28____	89750	2	6	0	0	0	0	0	0	0	0	0
C	Marios	22	170	6	1	28____	89800	6	0	0	0	0	1	0	0	0	0	0
C	Marios	22	170	6	1	28____	89880	6	0	0	0	0	0	0	0	0	1	0
C	Marios	22	170	6	1	28____	89888	6	0	0	0	0	1	0	0	0	0	0
C	Marios	22	170	6	1	28____	90067	6	0	0	0	0	0	0	0	0	1	0
C	Marios	22	170	6	1	28____	90096	6	0	0	0	0	1	0	0	0	0	0
C	Marios	22	170	6	1	28____	90191	6	0	0	0	0	0	0	0	0	1	0
C	Marios	22	170	6	1	28____	90250	6	11	0	0	0	0	0	0	0	0	0
C	Marios	22	170	6	1	28____	90260	11	0	0	0	0	1	0	0	0	0	0
C	Marios	22	170	6	1	28____	90651	11	0	0	0	0	0	0	0	0	1	0
C	Marios	22	170	6	1	28____	90750	11	1	0	0	0	0	0	0	0	0	0
C	Marios	22	170	6	1	28____	90794	1	0	0	0	0	1	0	0	0	0	0
C	Marios	22	170	6	1	28____	90815	1	0	0	0	0	0	0	0	0	1	0
C	Marios	22	170	6	1	28____	91005	1	0	0	0	0	1	0	0	0	0	0
C	Marios	22	170	6	1	28____	91045	1	0	0	0	0	0	0	0	0	1	0
C	Marios	22	170	6	1	28____	91570	1	0	0	0	0	1	0	0	0	0	0
C	Marios	22	170	6	1	28____	91691	1	0	0	0	0	0	0	0	0	1	0
C	Marios	22	170	6	1	28____	93642	1	0	0	0	0	1	0	0	0	0	0
C	Marios	22	170	6	1	28____	93644	1	0	0	0	0	0	0	0	0	1	0
C	Marios	22	170	6	1	28____	94500	1	2	0	0	0	0	0	0	0	0	0
C	Marios	22	170	6	1	28____	95000	2	13	0	0	0	0	0	0	0	0	0
C	Marios	22	170	6	1	28____	95128	13	0	0	0	0	1	0	0	0	0	0
C	Marios	22	170	6	1	28____	95129	13	0	0	0	0	0	0	0	0	1	0
C	Marios	22	170	6	1	28____	95500	13	15	0	0	0	0	0	0	0	0	0
C	Marios	22	170	6	1	28____	96000	15	1	0	0	0	0	0	0	0	0	0
C	Marios	22	170	6	1	28____	97500	1	2	0	0	0	0	0	0	0	0	0
C	Marios	22	170	6	1	28____	98000	2	12	0	0	0	0	0	0	0	0	0
C	Marios	22	170	6	1	28____	98500	12	15	0	0	0	0	0	0	0	0	0
C	Marios	22	170	6	1	28____	98621	15	0	0	0	0	1	0	0	0	0	0
C	Marios	22	170	6	1	28____	98625	15	0	0	0	0	0	0	0	0	1	0
C	Marios	22	170	6	1	28____	98733	15	0	0	0	0	1	0	0	0	0	0
C	Marios	22	170	6	1	28____	98738	15	0	0	0	0	0	0	0	0	1	0
C	Marios	22	170	6	1	28____	98741	15	0	0	0	0	1	0	0	0	0	0
C	Marios	22	170	6	1	28____	98796	15	0	0	0	0	0	0	0	0	1	0
C	Marios	22	170	6	1	28____	99000	15	1	0	0	0	0	0	0	0	0	0
C	Marios	22	170	6	1	28____	104500	1	2	0	0	0	0	0	0	0	0	0
C	Marios	22	170	6	1	28____	105000	2	12	0	0	0	0	0	0	0	0	0
C	Marios	22	170	6	1	28____	105500	12	15	0	0	0	0	0	0	0	0	0
C	Marios	22	170	6	1	28____	105534	15	0	0	0	0	1	0	0	0	0	0
C	Marios	22	170	6	1	28____	105587	15	0	0	0	0	0	0	0	0	1	0
C	Marios	22	170	6	1	28____	105619	15	0	0	0	0	1	0	0	0	0	0
C	Marios	22	170	6	1	28____	105636	15	0	0	0	0	0	0	0	0	1	0
C	Marios	22	170	6	1	28____	105791	15	0	0	0	0	1	0	0	0	0	0
C	Marios	22	170	6	1	28____	105803	15	0	0	0	0	0	0	0	0	1	0
C	Marios	22	170	6	1	28____	105808	15	0	0	0	0	1	0	0	0	0	0
C	Marios	22	170	6	1	28____	105819	15	0	0	0	0	1	0	0	0	1	0
C	Marios	22	170	6	1	28____	105951	15	0	0	0	0	0	0	0	0	1	0
C	Marios	22	170	6	1	28____	105963	15	0	0	0	0	1	0	0	0	0	0
C	Marios	22	170	6	1	28____	105991	15	0	0	0	0	0	0	0	0	1	0
C	Marios	22	170	6	1	28____	106000	15	1	0	0	0	0	0	0	0	0	0
C	Marios	22	170	6	1	28____	107541	1	0	0	0	0	1	0	0	0	0	0
C	Marios	22	170	6	1	28____	107544	1	0	0	0	0	0	0	0	0	1	0
C	Marios	22	170	6	1	28____	107717	1	0	0	0	0	1	0	0	0	0	0
C	Marios	22	170	6	1	28____	107790	1	0	0	0	0	0	0	0	0	1	0
C	Marios	22	170	6	1	28____	107847	1	0	0	0	0	1	0	0	0	0	0
C	Marios	22	170	6	1	28____	108019	1	0	0	0	0	0	0	0	0	1	0
C	Marios	22	170	6	1	28____	108073	1	0	0	0	0	1	0	0	0	0	0
C	Marios	22	170	6	1	28____	108192	1	0	0	0	0	0	0	0	0	1	0
C	Marios	22	170	6	1	28____	108265	1	0	0	0	0	1	0	0	0	0	0
C	Marios	22	170	6	1	28____	108270	1	0	0	0	0	0	0	0	0	1	0
C	Marios	22	170	6	1	28____	108425	1	0	0	0	0	1	0	0	0	0	0
C	Marios	22	170	6	1	28____	108699	1	0	0	0	0	0	0	0	0	1	0
C	Marios	22	170	6	1	28____	108780	1	0	0	0	0	1	0	0	0	0	0
C	Marios	22	170	6	1	28____	108800	1	0	0	0	0	0	0	0	0	1	0
C	Marios	22	170	6	1	28____	110359	1	0	0	0	0	1	0	0	0	0	0
C	Marios	22	170	6	1	28____	110382	1	0	0	0	0	0	0	0	0	1	0
C	Marios	22	170	6	1	28____	112000	1	2	0	0	0	0	0	0	0	0	0
C	Marios	22	170	6	1	28____	112500	2	12	0	0	0	0	0	0	0	0	0
C	Marios	22	170	6	1	28____	113000	12	15	0	0	0	0	0	0	0	0	0
C	Marios	22	170	6	1	28____	113500	15	1	0	0	0	0	0	0	0	0	0
C	Marios	22	170	6	1	28____	114285	1	0	0	0	0	1	0	0	0	0	0
C	Marios	22	170	6	1	28____	114341	1	0	0	0	0	0	0	0	0	1	0
C	Marios	22	170	6	1	28____	118000	1	2	0	0	0	0	0	0	0	0	0
C	Marios	22	170	6	1	28____	118500	2	7	0	0	0	0	0	0	0	0	0
C	Marios	22	170	6	1	28____	118660	7	0	0	0	0	1	0	0	0	0	0
C	Marios	22	170	6	1	28____	118681	7	0	0	0	0	0	0	0	0	1	0
C	Marios	22	170	6	1	28____	118700	7	0	0	0	0	1	0	0	0	0	0
C	Marios	22	170	6	1	28____	118741	7	0	0	0	0	0	0	0	0	1	0
C	Marios	22	170	6	1	28____	118771	7	0	0	0	0	1	0	0	0	0	0
C	Marios	22	170	6	1	28____	118912	7	0	0	0	0	0	0	0	0	1	0
C	Marios	22	170	6	1	28____	118928	7	0	0	0	0	1	0	0	0	0	0
C	Marios	22	170	6	1	28____	118997	7	0	0	0	0	0	0	0	0	1	0
C	Marios	22	170	6	1	28____	119000	7	10	0	0	0	0	0	0	0	0	0
C	Marios	22	170	6	1	28____	119013	10	0	0	0	0	1	0	0	0	0	0
C	Marios	22	170	6	1	28____	119287	10	0	0	0	0	1	0	0	0	1	0
C	Marios	22	170	6	1	28____	119309	10	0	0	0	0	0	0	0	0	1	0
C	Marios	22	170	6	1	28____	119328	10	0	0	0	0	1	0	0	0	0	0
C	Marios	22	170	6	1	28____	119330	10	0	0	0	0	0	0	0	0	1	0
C	Marios	22	170	6	1	28____	119500	10	1	0	0	0	0	0	0	0	0	0
C	Marios	22	170	6	1	28____	124000	1	2	0	0	0	0	0	0	0	0	0
C	Marios	22	170	6	1	28____	124500	2	12	0	0	0	0	0	0	0	0	0
C	Marios	22	170	6	1	28____	124651	12	0	0	0	0	1	0	0	0	0	0
C	Marios	22	170	6	1	28____	124710	12	0	0	0	0	0	0	0	0	1	0
C	Marios	22	170	6	1	28____	124805	12	0	0	0	0	1	0	0	0	0	0
C	Marios	22	170	6	1	28____	124841	12	0	0	0	0	0	0	0	0	1	0
C	Marios	22	170	6	1	28____	125000	12	15	0	0	0	0	0	0	0	0	0
C	Marios	22	170	6	1	28____	125117	15	0	0	0	0	1	0	0	0	0	0
C	Marios	22	170	6	1	28____	125155	15	0	0	0	0	1	0	0	0	1	0
C	Marios	22	170	6	1	28____	125283	15	0	0	0	0	0	0	0	0	1	0
C	Marios	22	170	6	1	28____	125500	15	1	0	0	0	0	0	0	0	0	0
C	Marios	22	170	6	1	28____	125857	1	0	0	0	0	1	0	0	0	0	0
C	Marios	22	170	6	1	28____	125879	1	0	0	0	0	0	0	0	0	1	0
C	Marios	22	170	6	1	28____	126044	1	0	0	0	0	1	0	0	0	0	0
C	Marios	22	170	6	1	28____	126114	1	0	0	0	0	0	0	0	0	1	0
C	Marios	22	170	6	1	28____	126206	1	0	0	0	0	1	0	0	0	0	0
C	Marios	22	170	6	1	28____	126212	1	0	0	0	0	0	0	0	0	1	0
C	Marios	22	170	6	1	28____	126213	1	0	0	0	0	1	0	0	0	0	0
C	Marios	22	170	6	1	28____	126227	1	0	0	0	0	0	0	0	0	1	0
C	Marios	22	170	6	1	28____	127255	1	0	0	0	0	1	0	0	0	0	0
C	Marios	22	170	6	1	28____	127291	1	0	0	0	0	0	0	0	0	1	0
C	Marios	22	170	6	1	28____	128220	1	0	0	0	0	1	0	0	0	0	0
C	Marios	22	170	6	1	28____	128223	1	0	0	0	0	0	0	0	0	1	0
C	Marios	22	170	6	1	28____	129000	1	2	0	0	0	0	0	0	0	0	0
C	Marios	22	170	6	1	28____	129500	2	6	0	0	0	0	0	0	0	0	0
C	Marios	22	170	6	1	28____	129575	6	0	0	0	0	1	0	0	0	0	0
C	Marios	22	170	6	1	28____	129621	6	0	0	0	0	0	0	0	0	1	0
C	Marios	22	170	6	1	28____	129684	6	0	0	0	0	1	0	0	0	0	0
C	Marios	22	170	6	1	28____	129771	6	0	0	0	0	0	0	0	0	1	0
C	Marios	22	170	6	1	28____	129783	6	0	0	0	0	1	0	0	0	0	0
C	Marios	22	170	6	1	28____	129932	6	0	0	0	0	0	0	0	0	1	0
C	Marios	22	170	6	1	28____	129945	6	0	0	0	0	1	0	0	0	0	0
C	Marios	22	170	6	1	28____	130000	6	11	0	0	0	0	0	0	0	0	0
C	Marios	22	170	6	1	28____	130416	11	0	0	0	0	0	0	0	0	1	0
C	Marios	22	170	6	1	28____	130432	11	0	0	0	0	1	0	0	0	0	0
C	Marios	22	170	6	1	28____	130448	11	0	0	0	0	0	0	0	0	1	0
C	Marios	22	170	6	1	28____	130449	11	0	0	0	0	1	0	0	0	0	0
C	Marios	22	170	6	1	28____	130454	11	0	0	0	0	0	0	0	0	1	0
C	Marios	22	170	6	1	28____	130457	11	0	0	0	0	1	0	0	0	0	0
C	Marios	22	170	6	1	28____	130460	11	0	0	0	0	0	0	0	0	1	0
C	Marios	22	170	6	1	28____	130462	11	0	0	0	0	1	0	0	0	0	0
C	Marios	22	170	6	1	28____	130470	11	0	0	0	0	0	0	0	0	1	0
C	Marios	22	170	6	1	28____	130472	11	0	0	0	0	1	0	0	0	0	0
C	Marios	22	170	6	1	28____	130477	11	0	0	0	0	0	0	0	0	1	0
C	Marios	22	170	6	1	28____	130479	11	0	0	0	0	1	0	0	0	0	0
C	Marios	22	170	6	1	28____	130491	11	0	0	0	0	0	0	0	0	1	0
C	Marios	22	170	6	1	28____	130500	11	1	0	0	0	0	0	0	0	0	0
C	Marios	22	170	6	1	28____	131116	1	0	0	0	0	1	0	0	0	0	0
C	Marios	22	170	6	1	28____	131121	1	0	0	0	0	0	0	0	0	1	0
C	Marios	22	170	6	1	28____	131163	1	0	0	0	0	1	0	0	0	0	0
C	Marios	22	170	6	1	28____	131165	1	0	0	0	0	0	0	0	0	1	0
C	Marios	22	170	6	1	28____	133146	1	0	0	0	0	1	0	0	0	0	0
C	Marios	22	170	6	1	28____	133149	1	0	0	0	0	0	0	0	0	1	0
C	Marios	22	170	6	1	28____	133336	1	0	0	0	0	1	0	0	0	0	0
C	Marios	22	170	6	1	28____	133343	1	0	0	0	0	1	0	0	0	1	0
C	Marios	22	170	6	1	28____	133360	1	0	0	0	0	0	0	0	0	1	0
C	Marios	22	170	6	1	28____	133370	1	0	0	0	0	1	0	0	0	0	0
C	Marios	22	170	6	1	28____	133376	1	0	0	0	0	0	0	0	0	1	0
C	Marios	22	170	6	1	28____	133387	1	0	0	0	0	1	0	0	0	0	0
C	Marios	22	170	6	1	28____	133393	1	0	0	0	0	0	0	0	0	1	0
C	Marios	22	170	6	1	28____	133416	1	0	0	0	0	1	0	0	0	0	0
C	Marios	22	170	6	1	28____	133449	1	0	0	0	0	0	0	0	0	1	0
C	Marios	22	170	6	1	28____	133470	1	0	0	0	0	1	0	0	0	0	0
C	Marios	22	170	6	1	28____	133471	1	0	0	0	0	0	0	0	0	1	0
C	Marios	22	170	6	1	28____	133512	1	0	0	0	0	1	0	0	0	0	0
C	Marios	22	170	6	1	28____	133514	1	0	0	0	0	0	0	0	0	1	0
C	Marios	22	170	6	1	28____	133516	1	0	0	0	0	1	0	0	0	0	0
C	Marios	22	170	6	1	28____	133535	1	0	0	0	0	0	0	0	0	1	0
C	Marios	22	170	6	1	28____	133545	1	0	0	0	0	1	0	0	0	0	0
C	Marios	22	170	6	1	28____	133552	1	0	0	0	0	0	0	0	0	1	0
C	Marios	22	170	6	1	28____	133559	1	0	0	0	0	1	0	0	0	0	0
C	Marios	22	170	6	1	28____	133578	1	0	0	0	0	0	0	0	0	1	0
C	Marios	22	170	6	1	28____	133581	1	0	0	0	0	1	0	0	0	0	0
C	Marios	22	170	6	1	28____	133588	1	0	0	0	0	0	0	0	0	1	0
C	Marios	22	170	6	1	28____	133606	1	0	0	0	0	1	0	0	0	0	0
C	Marios	22	170	6	1	28____	133655	1	0	0	0	0	0	0	0	0	1	0
C	Marios	22	170	6	1	28____	133666	1	0	0	0	0	1	0	0	0	0	0
C	Marios	22	170	6	1	28____	133762	1	0	0	0	0	0	0	0	0	1	0
C	Marios	22	170	6	1	28____	133782	1	0	0	0	0	1	0	0	0	0	0
C	Marios	22	170	6	1	28____	133798	1	0	0	0	0	0	0	0	0	1	0
C	Marios	22	170	6	1	28____	133816	1	0	0	0	0	1	0	0	0	0	0
C	Marios	22	170	6	1	28____	133851	1	0	0	0	0	0	0	0	0	1	0
C	Marios	22	170	6	1	28____	133854	1	0	0	0	0	1	0	0	0	0	0
C	Marios	22	170	6	1	28____	133857	1	0	0	0	0	0	0	0	0	1	0
C	Marios	22	170	6	1	28____	133871	1	0	0	0	0	1	0	0	0	0	0
C	Marios	22	170	6	1	28____	133905	1	0	0	0	0	0	0	0	0	1	0
C	Marios	22	170	6	1	28____	133920	1	0	0	0	0	1	0	0	0	0	0
C	Marios	22	170	6	1	28____	133956	1	0	0	0	0	0	0	0	0	1	0
C	Marios	22	170	6	1	28____	133975	1	0	0	0	0	1	0	0	0	0	0
C	Marios	22	170	6	1	28____	134004	1	0	0	0	0	0	0	0	0	1	0
C	Marios	22	170	6	1	28____	134005	1	0	0	0	0	1	0	0	0	0	0
C	Marios	22	170	6	1	28____	134029	1	0	0	0	0	0	0	0	0	1	0
C	Marios	22	170	6	1	28____	134038	1	0	0	0	0	1	0	0	0	0	0
C	Marios	22	170	6	1	28____	134040	1	0	0	0	0	0	0	0	0	1	0
C	Marios	22	170	6	1	28____	134041	1	0	0	0	0	1	0	0	0	0	0
C	Marios	22	170	6	1	28____	134329	1	0	0	0	0	0	0	0	0	1	0
C	Marios	22	170	6	1	28____	135283	1	0	0	0	0	1	0	0	0	0	0
C	Marios	22	170	6	1	28____	135359	1	0	0	0	0	0	0	0	0	1	0
C	Marios	22	170	6	1	28____	135490	1	0	0	0	0	1	0	0	0	0	0
C	Marios	22	170	6	1	28____	135673	1	0	0	0	0	0	0	0	0	1	0
C	Marios	22	170	6	1	28____	135765	1	0	0	0	0	1	0	0	0	0	0
C	Marios	22	170	6	1	28____	135868	1	0	0	0	0	0	0	0	0	1	0
C	Marios	22	170	6	1	28____	135904	1	0	0	0	0	1	0	0	0	0	0
C	Marios	22	170	6	1	28____	135906	1	0	0	0	0	0	0	0	0	1	0
C	Marios	22	170	6	1	28____	136542	1	0	0	0	0	1	0	0	0	0	0
C	Marios	22	170	6	1	28____	136590	1	0	0	0	0	0	0	0	0	1	0
C	Marios	22	170	6	1	28____	136729	1	0	0	0	0	1	0	0	0	0	0
C	Marios	22	170	6	1	28____	136734	1	0	0	0	0	0	0	0	0	1	0
C	Marios	22	170	6	1	28____	136745	1	0	0	0	0	1	0	0	0	0	0
C	Marios	22	170	6	1	28____	136749	1	0	0	0	0	0	0	0	0	1	0
C	Marios	22	170	6	1	28____	136760	1	0	0	0	0	1	0	0	0	0	0
C	Marios	22	170	6	1	28____	136762	1	0	0	0	0	0	0	0	0	1	0
C	Marios	22	170	6	1	28____	136793	1	0	0	0	0	1	0	0	0	0	0
C	Marios	22	170	6	1	28____	136843	1	0	0	0	0	0	0	0	0	1	0
C	Marios	22	170	6	1	28____	136852	1	0	0	0	0	1	0	0	0	0	0
C	Marios	22	170	6	1	28____	136914	1	0	0	0	0	0	0	0	0	1	0
C	Marios	22	170	6	1	28____	137286	1	0	0	0	0	1	0	0	0	0	0
C	Marios	22	170	6	1	28____	137290	1	0	0	0	0	0	0	0	0	1	0
C	Marios	22	170	6	1	28____	138000	1	2	0	0	0	0	0	0	0	0	0
C	Marios	22	170	6	1	28____	138500	2	13	0	0	0	0	0	0	0	0	0
C	Marios	22	170	6	1	28____	138636	13	0	0	0	0	1	0	0	0	0	0
C	Marios	22	170	6	1	28____	138652	13	0	0	0	0	0	0	0	0	1	0
C	Marios	22	170	6	1	28____	138773	13	0	0	0	0	1	0	0	0	0	0
C	Marios	22	170	6	1	28____	138820	13	0	0	0	0	0	0	0	0	1	0
C	Marios	22	170	6	1	28____	138903	13	0	0	0	0	1	0	0	0	0	0
C	Marios	22	170	6	1	28____	138999	13	0	0	0	0	0	0	0	0	1	0
C	Marios	22	170	6	1	28____	139000	13	15	0	0	0	0	0	0	0	0	0
C	Marios	22	170	6	1	28____	139006	15	0	0	0	0	1	0	0	0	0	0
C	Marios	22	170	6	1	28____	139109	15	0	0	0	0	0	0	0	0	1	0
C	Marios	22	170	6	1	28____	139500	15	1	0	0	0	0	0	0	0	0	0
C	Marios	22	170	6	1	28____	142500	1	2	0	0	0	0	0	0	0	0	0
C	Marios	22	170	6	1	28____	143000	2	13	0	0	0	0	0	0	0	0	0
C	Marios	22	170	6	1	28____	143500	13	15	0	0	0	0	0	0	0	0	0
C	Marios	22	170	6	1	28____	143734	15	0	0	0	0	1	0	0	0	0	0
C	Marios	22	170	6	1	28____	143736	15	0	0	0	0	0	0	0	0	1	0
C	Marios	22	170	6	1	28____	143810	15	0	0	0	0	1	0	0	0	0	0
C	Marios	22	170	6	1	28____	143873	15	0	0	0	0	0	0	0	0	1	0
C	Marios	22	170	6	1	28____	143885	15	0	0	0	0	1	0	0	0	0	0
C	Marios	22	170	6	1	28____	144000	15	14	0	0	0	0	0	0	0	0	0
C	Marios	22	170	6	1	28____	144125	14	0	0	0	0	0	0	0	0	1	0
C	Marios	22	170	6	1	28____	144132	14	0	0	0	0	1	0	0	0	0	0
C	Marios	22	170	6	1	28____	144250	14	0	0	0	0	0	0	0	0	1	0
C	Marios	22	170	6	1	28____	144253	14	0	0	0	0	1	0	0	0	0	0
C	Marios	22	170	6	1	28____	144256	14	0	0	0	0	0	0	0	0	1	0
C	Marios	22	170	6	1	28____	144258	14	0	0	0	0	1	0	0	0	0	0
C	Marios	22	170	6	1	28____	144357	14	0	0	0	0	0	0	0	0	1	0
C	Marios	22	170	6	1	28____	144427	14	0	0	0	0	1	0	0	0	0	0
C	Marios	22	170	6	1	28____	144892	14	0	0	0	0	0	0	0	0	1	0
C	Marios	22	170	6	1	28____	147000	14	-1	0	0	0	0	0	0	0	0	0
