Project	UserID	Protocol	Session	Station	Run	Subject	Time	Current State	Transition State	Transition Event	A1 - LLR	A2 - RLR	A3 - MAG	A4 - 	A[1] LLR_OFF	A[2] RLR_OFF	A[3] MAG_OFF	A[4] 
C	Marios	25	171	9	1	8_____	0	0	1	0	0	0	0	0	0	0	0	0
C	Marios	25	171	9	1	8_____	1418	1	0	0	0	0	1	0	0	0	0	0
C	Marios	25	171	9	1	8_____	1420	1	0	0	0	0	0	0	0	0	1	0
C	Marios	25	171	9	1	8_____	1431	1	0	0	0	0	1	0	0	0	0	0
C	Marios	25	171	9	1	8_____	1511	1	0	0	0	0	0	0	0	0	1	0
C	Marios	25	171	9	1	8_____	1552	1	0	0	0	0	1	0	0	0	0	0
C	Marios	25	171	9	1	8_____	1583	1	0	0	0	0	0	0	0	0	1	0
C	Marios	25	171	9	1	8_____	3034	1	0	0	0	0	1	0	0	0	0	0
C	Marios	25	171	9	1	8_____	3061	1	0	0	0	0	0	0	0	0	1	0
C	Marios	25	171	9	1	8_____	4500	1	2	0	0	0	0	0	0	0	0	0
C	Marios	25	171	9	1	8_____	5000	2	16	0	0	0	0	0	0	0	0	0
C	Marios	25	171	9	1	8_____	5500	16	15	0	0	0	0	0	0	0	0	0
C	Marios	25	171	9	1	8_____	6000	15	1	0	0	0	0	0	0	0	0	0
C	Marios	25	171	9	1	8_____	6057	1	0	0	0	0	1	0	0	0	0	0
C	Marios	25	171	9	1	8_____	6118	1	0	0	0	0	0	0	0	0	1	0
C	Marios	25	171	9	1	8_____	6161	1	0	0	0	0	1	0	0	0	0	0
C	Marios	25	171	9	1	8_____	6200	1	0	0	0	0	0	0	0	0	1	0
C	Marios	25	171	9	1	8_____	6981	1	0	0	0	0	1	0	0	0	0	0
C	Marios	25	171	9	1	8_____	6992	1	0	0	0	0	0	0	0	0	1	0
C	Marios	25	171	9	1	8_____	7273	1	0	0	0	0	1	0	0	0	0	0
C	Marios	25	171	9	1	8_____	7279	1	0	0	0	0	0	0	0	0	1	0
C	Marios	25	171	9	1	8_____	7295	1	0	0	0	0	1	0	0	0	0	0
C	Marios	25	171	9	1	8_____	7314	1	0	0	0	0	0	0	0	0	1	0
C	Marios	25	171	9	1	8_____	7344	1	0	0	0	0	1	0	0	0	0	0
C	Marios	25	171	9	1	8_____	7352	1	0	0	0	0	0	0	0	0	1	0
C	Marios	25	171	9	1	8_____	7354	1	0	0	0	0	1	0	0	0	0	0
C	Marios	25	171	9	1	8_____	7407	1	0	0	0	0	0	0	0	0	1	0
C	Marios	25	171	9	1	8_____	7737	1	0	0	0	0	1	0	0	0	0	0
C	Marios	25	171	9	1	8_____	7782	1	0	0	0	0	0	0	0	0	1	0
C	Marios	25	171	9	1	8_____	8697	1	0	0	0	0	1	0	0	0	0	0
C	Marios	25	171	9	1	8_____	8699	1	0	0	0	0	0	0	0	0	1	0
C	Marios	25	171	9	1	8_____	8726	1	0	0	0	0	1	0	0	0	0	0
C	Marios	25	171	9	1	8_____	8731	1	0	0	0	0	0	0	0	0	1	0
C	Marios	25	171	9	1	8_____	8738	1	0	0	0	0	1	0	0	0	0	0
C	Marios	25	171	9	1	8_____	8807	1	0	0	0	0	0	0	0	0	1	0
C	Marios	25	171	9	1	8_____	9813	1	0	0	0	0	1	0	0	0	0	0
C	Marios	25	171	9	1	8_____	9861	1	0	0	0	0	0	0	0	0	1	0
C	Marios	25	171	9	1	8_____	9878	1	0	0	0	0	1	0	0	0	0	0
C	Marios	25	171	9	1	8_____	9886	1	0	0	0	0	0	0	0	0	1	0
C	Marios	25	171	9	1	8_____	9890	1	0	0	0	0	1	0	0	0	0	0
C	Marios	25	171	9	1	8_____	9927	1	0	0	0	0	0	0	0	0	1	0
C	Marios	25	171	9	1	8_____	10293	1	0	0	0	0	1	0	0	0	0	0
C	Marios	25	171	9	1	8_____	10312	1	0	0	0	0	0	0	0	0	1	0
C	Marios	25	171	9	1	8_____	10325	1	0	0	0	0	1	0	0	0	0	0
C	Marios	25	171	9	1	8_____	10351	1	0	0	0	0	0	0	0	0	1	0
C	Marios	25	171	9	1	8_____	10408	1	0	0	0	0	1	0	0	0	0	0
C	Marios	25	171	9	1	8_____	10573	1	0	0	0	0	0	0	0	0	1	0
C	Marios	25	171	9	1	8_____	11355	1	0	0	0	0	1	0	0	0	0	0
C	Marios	25	171	9	1	8_____	11389	1	0	0	0	0	0	0	0	0	1	0
C	Marios	25	171	9	1	8_____	11422	1	0	0	0	0	1	0	0	0	0	0
C	Marios	25	171	9	1	8_____	11461	1	0	0	0	0	0	0	0	0	1	0
C	Marios	25	171	9	1	8_____	11500	1	2	0	0	0	0	0	0	0	0	0
C	Marios	25	171	9	1	8_____	12000	2	7	0	0	0	0	0	0	0	0	0
C	Marios	25	171	9	1	8_____	12145	7	0	0	0	0	1	0	0	0	0	0
C	Marios	25	171	9	1	8_____	12186	7	0	0	0	0	0	0	0	0	1	0
C	Marios	25	171	9	1	8_____	12215	7	0	0	0	0	1	0	0	0	0	0
C	Marios	25	171	9	1	8_____	12292	7	0	0	0	0	0	0	0	0	1	0
C	Marios	25	171	9	1	8_____	12324	7	0	0	0	0	1	0	0	0	0	0
C	Marios	25	171	9	1	8_____	12368	7	0	0	0	0	0	0	0	0	1	0
C	Marios	25	171	9	1	8_____	12399	7	0	0	0	0	1	0	0	0	0	0
C	Marios	25	171	9	1	8_____	12409	7	0	0	0	0	0	0	0	0	1	0
C	Marios	25	171	9	1	8_____	12430	7	0	0	0	0	1	0	0	0	0	0
C	Marios	25	171	9	1	8_____	12466	7	0	0	0	0	0	0	0	0	1	0
C	Marios	25	171	9	1	8_____	12500	7	10	0	0	0	0	0	0	0	0	0
C	Marios	25	171	9	1	8_____	12528	10	0	0	0	0	1	0	0	0	0	0
C	Marios	25	171	9	1	8_____	12662	10	0	0	0	0	0	0	0	0	1	0
C	Marios	25	171	9	1	8_____	13000	10	1	0	0	0	0	0	0	0	0	0
C	Marios	25	171	9	1	8_____	14093	1	0	0	0	0	1	0	0	0	0	0
C	Marios	25	171	9	1	8_____	14095	1	0	0	0	0	0	0	0	0	1	0
C	Marios	25	171	9	1	8_____	14100	1	0	0	0	0	1	0	0	0	0	0
C	Marios	25	171	9	1	8_____	14121	1	0	0	0	0	0	0	0	0	1	0
C	Marios	25	171	9	1	8_____	14153	1	0	0	0	0	1	0	0	0	0	0
C	Marios	25	171	9	1	8_____	14238	1	0	0	0	0	0	0	0	0	1	0
C	Marios	25	171	9	1	8_____	15414	1	0	0	0	0	1	0	0	0	0	0
C	Marios	25	171	9	1	8_____	15425	1	0	0	0	0	0	0	0	0	1	0
C	Marios	25	171	9	1	8_____	15428	1	0	0	0	0	1	0	0	0	0	0
C	Marios	25	171	9	1	8_____	15430	1	0	0	0	0	0	0	0	0	1	0
C	Marios	25	171	9	1	8_____	15445	1	0	0	0	0	1	0	0	0	0	0
C	Marios	25	171	9	1	8_____	15481	1	0	0	0	0	0	0	0	0	1	0
C	Marios	25	171	9	1	8_____	16011	1	0	0	0	0	1	0	0	0	0	0
C	Marios	25	171	9	1	8_____	16016	1	0	0	0	0	0	0	0	0	1	0
C	Marios	25	171	9	1	8_____	16019	1	0	0	0	0	1	0	0	0	0	0
C	Marios	25	171	9	1	8_____	16162	1	0	0	0	0	0	0	0	0	1	0
C	Marios	25	171	9	1	8_____	16750	1	2	0	0	0	0	0	0	0	0	0
C	Marios	25	171	9	1	8_____	17250	2	6	0	0	0	0	0	0	0	0	0
C	Marios	25	171	9	1	8_____	17291	6	0	0	0	0	1	0	0	0	0	0
C	Marios	25	171	9	1	8_____	17305	6	0	0	0	0	0	0	0	0	1	0
C	Marios	25	171	9	1	8_____	17360	6	0	0	0	0	1	0	0	0	0	0
C	Marios	25	171	9	1	8_____	17412	6	0	0	0	0	0	0	0	0	1	0
C	Marios	25	171	9	1	8_____	17413	6	0	0	0	0	1	0	0	0	0	0
C	Marios	25	171	9	1	8_____	17447	6	0	0	0	0	0	0	0	0	1	0
C	Marios	25	171	9	1	8_____	17464	6	0	0	0	0	1	0	0	0	0	0
C	Marios	25	171	9	1	8_____	17496	6	0	0	0	0	0	0	0	0	1	0
C	Marios	25	171	9	1	8_____	17514	6	0	0	0	0	1	0	0	0	0	0
C	Marios	25	171	9	1	8_____	17526	6	0	0	0	0	0	0	0	0	1	0
C	Marios	25	171	9	1	8_____	17632	6	0	0	0	0	1	0	0	0	0	0
C	Marios	25	171	9	1	8_____	17634	6	0	0	0	0	0	0	0	0	1	0
C	Marios	25	171	9	1	8_____	17649	6	0	0	0	0	1	0	0	0	0	0
C	Marios	25	171	9	1	8_____	17652	6	0	0	0	0	0	0	0	0	1	0
C	Marios	25	171	9	1	8_____	17653	6	0	0	0	0	1	0	0	0	0	0
C	Marios	25	171	9	1	8_____	17672	6	0	0	0	0	0	0	0	0	1	0
C	Marios	25	171	9	1	8_____	17680	6	0	0	0	0	1	0	0	0	0	0
C	Marios	25	171	9	1	8_____	17693	6	0	0	0	0	0	0	0	0	1	0
C	Marios	25	171	9	1	8_____	17700	6	0	0	0	0	1	0	0	0	0	0
C	Marios	25	171	9	1	8_____	17714	6	0	0	0	0	0	0	0	0	1	0
C	Marios	25	171	9	1	8_____	17750	6	11	0	0	0	0	0	0	0	0	0
C	Marios	25	171	9	1	8_____	17752	11	0	0	0	0	1	0	0	0	0	0
C	Marios	25	171	9	1	8_____	18032	11	0	0	0	0	0	0	0	0	1	0
C	Marios	25	171	9	1	8_____	18110	11	0	0	0	0	1	0	0	0	0	0
C	Marios	25	171	9	1	8_____	18141	11	0	0	0	0	0	0	0	0	1	0
C	Marios	25	171	9	1	8_____	18250	11	1	0	0	0	0	0	0	0	0	0
C	Marios	25	171	9	1	8_____	18276	1	0	0	0	0	1	0	0	0	0	0
C	Marios	25	171	9	1	8_____	18277	1	0	0	0	0	0	0	0	0	1	0
C	Marios	25	171	9	1	8_____	18280	1	0	0	0	0	1	0	0	0	0	0
C	Marios	25	171	9	1	8_____	18346	1	0	0	0	0	0	0	0	0	1	0
C	Marios	25	171	9	1	8_____	20787	1	0	0	0	0	1	0	0	0	0	0
C	Marios	25	171	9	1	8_____	20829	1	0	0	0	0	0	0	0	0	1	0
C	Marios	25	171	9	1	8_____	20858	1	0	0	0	0	1	0	0	0	0	0
C	Marios	25	171	9	1	8_____	20877	1	0	0	0	0	0	0	0	0	1	0
C	Marios	25	171	9	1	8_____	21401	1	0	0	0	0	1	0	0	0	0	0
C	Marios	25	171	9	1	8_____	21441	1	0	0	0	0	0	0	0	0	1	0
C	Marios	25	171	9	1	8_____	21485	1	0	0	0	0	1	0	0	0	0	0
C	Marios	25	171	9	1	8_____	21489	1	0	0	0	0	0	0	0	0	1	0
C	Marios	25	171	9	1	8_____	21682	1	0	0	0	0	1	0	0	0	0	0
C	Marios	25	171	9	1	8_____	21704	1	0	0	0	0	0	0	0	0	1	0
C	Marios	25	171	9	1	8_____	22473	1	0	0	0	0	1	0	0	0	0	0
C	Marios	25	171	9	1	8_____	22557	1	0	0	0	0	0	0	0	0	1	0
C	Marios	25	171	9	1	8_____	22639	1	0	0	0	0	1	0	0	0	0	0
C	Marios	25	171	9	1	8_____	22697	1	0	0	0	0	0	0	0	0	1	0
C	Marios	25	171	9	1	8_____	22702	1	0	0	0	0	1	0	0	0	0	0
C	Marios	25	171	9	1	8_____	22711	1	0	0	0	0	0	0	0	0	1	0
C	Marios	25	171	9	1	8_____	22805	1	0	0	0	0	1	0	0	0	0	0
C	Marios	25	171	9	1	8_____	22899	1	0	0	0	0	0	0	0	0	1	0
C	Marios	25	171	9	1	8_____	23038	1	0	0	0	0	1	0	0	0	0	0
C	Marios	25	171	9	1	8_____	23044	1	0	0	0	0	0	0	0	0	1	0
C	Marios	25	171	9	1	8_____	23046	1	0	0	0	0	1	0	0	0	0	0
C	Marios	25	171	9	1	8_____	23076	1	0	0	0	0	0	0	0	0	1	0
C	Marios	25	171	9	1	8_____	23500	1	2	0	0	0	0	0	0	0	0	0
C	Marios	25	171	9	1	8_____	24000	2	17	0	0	0	0	0	0	0	0	0
C	Marios	25	171	9	1	8_____	24500	17	15	0	0	0	0	0	0	0	0	0
C	Marios	25	171	9	1	8_____	25000	15	1	0	0	0	0	0	0	0	0	0
C	Marios	25	171	9	1	8_____	25420	1	0	0	0	0	1	0	0	0	0	0
C	Marios	25	171	9	1	8_____	25437	1	0	0	0	0	0	0	0	0	1	0
C	Marios	25	171	9	1	8_____	26035	1	0	0	0	0	1	0	0	0	0	0
C	Marios	25	171	9	1	8_____	26117	1	0	0	0	0	0	0	0	0	1	0
C	Marios	25	171	9	1	8_____	26500	1	2	0	0	0	0	0	0	0	0	0
C	Marios	25	171	9	1	8_____	26767	2	0	0	0	0	1	0	0	0	0	0
C	Marios	25	171	9	1	8_____	26792	2	0	0	0	0	0	0	0	0	1	0
C	Marios	25	171	9	1	8_____	26796	2	0	0	0	0	1	0	0	0	0	0
C	Marios	25	171	9	1	8_____	26801	2	0	0	0	0	0	0	0	0	1	0
C	Marios	25	171	9	1	8_____	26822	2	0	0	0	0	1	0	0	0	0	0
C	Marios	25	171	9	1	8_____	26824	2	0	0	0	0	0	0	0	0	1	0
C	Marios	25	171	9	1	8_____	26825	2	0	0	0	0	1	0	0	0	0	0
C	Marios	25	171	9	1	8_____	26849	2	0	0	0	0	0	0	0	0	1	0
C	Marios	25	171	9	1	8_____	26863	2	0	0	0	0	1	0	0	0	0	0
C	Marios	25	171	9	1	8_____	26885	2	0	0	0	0	0	0	0	0	1	0
C	Marios	25	171	9	1	8_____	26890	2	0	0	0	0	1	0	0	0	0	0
C	Marios	25	171	9	1	8_____	26938	2	0	0	0	0	0	0	0	0	1	0
C	Marios	25	171	9	1	8_____	26969	2	0	0	0	0	1	0	0	0	0	0
C	Marios	25	171	9	1	8_____	27000	2	16	0	0	0	0	0	0	0	0	0
C	Marios	25	171	9	1	8_____	27008	16	0	0	0	0	0	0	0	0	1	0
C	Marios	25	171	9	1	8_____	27500	16	15	0	0	0	0	0	0	0	0	0
C	Marios	25	171	9	1	8_____	27793	15	0	0	0	0	1	0	0	0	0	0
C	Marios	25	171	9	1	8_____	27802	15	0	0	0	0	0	0	0	0	1	0
C	Marios	25	171	9	1	8_____	28000	15	1	0	0	0	0	0	0	0	0	0
C	Marios	25	171	9	1	8_____	28164	1	0	0	0	0	1	0	0	0	0	0
C	Marios	25	171	9	1	8_____	28194	1	0	0	0	0	0	0	0	0	1	0
C	Marios	25	171	9	1	8_____	28540	1	0	0	0	0	1	0	0	0	0	0
C	Marios	25	171	9	1	8_____	28564	1	0	0	0	0	0	0	0	0	1	0
C	Marios	25	171	9	1	8_____	28573	1	0	0	0	0	1	0	0	0	0	0
C	Marios	25	171	9	1	8_____	28577	1	0	0	0	0	0	0	0	0	1	0
C	Marios	25	171	9	1	8_____	28578	1	0	0	0	0	1	0	0	0	0	0
C	Marios	25	171	9	1	8_____	28612	1	0	0	0	0	0	0	0	0	1	0
C	Marios	25	171	9	1	8_____	28990	1	0	0	0	0	1	0	0	0	0	0
C	Marios	25	171	9	1	8_____	28997	1	0	0	0	0	0	0	0	0	1	0
C	Marios	25	171	9	1	8_____	29574	1	0	0	0	0	1	0	0	0	0	0
C	Marios	25	171	9	1	8_____	29618	1	0	0	0	0	0	0	0	0	1	0
C	Marios	25	171	9	1	8_____	29647	1	0	0	0	0	1	0	0	0	0	0
C	Marios	25	171	9	1	8_____	29693	1	0	0	0	0	0	0	0	0	1	0
C	Marios	25	171	9	1	8_____	29751	1	0	0	0	0	1	0	0	0	0	0
C	Marios	25	171	9	1	8_____	29848	1	0	0	0	0	0	0	0	0	1	0
C	Marios	25	171	9	1	8_____	29948	1	0	0	0	0	1	0	0	0	0	0
C	Marios	25	171	9	1	8_____	29950	1	0	0	0	0	0	0	0	0	1	0
C	Marios	25	171	9	1	8_____	29987	1	0	0	0	0	1	0	0	0	0	0
C	Marios	25	171	9	1	8_____	29993	1	0	0	0	0	0	0	0	0	1	0
C	Marios	25	171	9	1	8_____	30929	1	0	0	0	0	1	0	0	0	0	0
C	Marios	25	171	9	1	8_____	30970	1	0	0	0	0	0	0	0	0	1	0
C	Marios	25	171	9	1	8_____	30972	1	0	0	0	0	1	0	0	0	0	0
C	Marios	25	171	9	1	8_____	31072	1	0	0	0	0	0	0	0	0	1	0
C	Marios	25	171	9	1	8_____	31717	1	0	0	0	0	1	0	0	0	0	0
C	Marios	25	171	9	1	8_____	31741	1	0	0	0	0	0	0	0	0	1	0
C	Marios	25	171	9	1	8_____	31761	1	0	0	0	0	1	0	0	0	0	0
C	Marios	25	171	9	1	8_____	31774	1	0	0	0	0	0	0	0	0	1	0
C	Marios	25	171	9	1	8_____	32135	1	0	0	0	0	1	0	0	0	0	0
C	Marios	25	171	9	1	8_____	32159	1	0	0	0	0	0	0	0	0	1	0
C	Marios	25	171	9	1	8_____	32714	1	0	0	0	0	1	0	0	0	0	0
C	Marios	25	171	9	1	8_____	32826	1	0	0	0	0	0	0	0	0	1	0
C	Marios	25	171	9	1	8_____	33603	1	0	0	0	0	1	0	0	0	0	0
C	Marios	25	171	9	1	8_____	33810	1	0	0	0	0	0	0	0	0	1	0
C	Marios	25	171	9	1	8_____	33834	1	0	0	0	0	1	0	0	0	0	0
C	Marios	25	171	9	1	8_____	33876	1	0	0	0	0	0	0	0	0	1	0
C	Marios	25	171	9	1	8_____	33928	1	0	0	0	0	1	0	0	0	0	0
C	Marios	25	171	9	1	8_____	33931	1	0	0	0	0	0	0	0	0	1	0
C	Marios	25	171	9	1	8_____	33932	1	0	0	0	0	1	0	0	0	0	0
C	Marios	25	171	9	1	8_____	33969	1	0	0	0	0	0	0	0	0	1	0
C	Marios	25	171	9	1	8_____	33976	1	0	0	0	0	1	0	0	0	0	0
C	Marios	25	171	9	1	8_____	34019	1	0	0	0	0	0	0	0	0	1	0
C	Marios	25	171	9	1	8_____	34254	1	0	0	0	0	1	0	0	0	0	0
C	Marios	25	171	9	1	8_____	34292	1	0	0	0	0	0	0	0	0	1	0
C	Marios	25	171	9	1	8_____	34390	1	0	0	0	0	1	0	0	0	0	0
C	Marios	25	171	9	1	8_____	34461	1	0	0	0	0	0	0	0	0	1	0
C	Marios	25	171	9	1	8_____	34538	1	0	0	0	0	1	0	0	0	0	0
C	Marios	25	171	9	1	8_____	34565	1	0	0	0	0	0	0	0	0	1	0
C	Marios	25	171	9	1	8_____	34681	1	0	0	0	0	1	0	0	0	0	0
C	Marios	25	171	9	1	8_____	35037	1	0	0	0	0	0	0	0	0	1	0
C	Marios	25	171	9	1	8_____	35157	1	0	0	0	0	1	0	0	0	0	0
C	Marios	25	171	9	1	8_____	35182	1	0	0	0	0	0	0	0	0	1	0
C	Marios	25	171	9	1	8_____	35500	1	2	0	0	0	0	0	0	0	0	0
C	Marios	25	171	9	1	8_____	35523	2	0	0	0	0	1	0	0	0	0	0
C	Marios	25	171	9	1	8_____	35559	2	0	0	0	0	0	0	0	0	1	0
C	Marios	25	171	9	1	8_____	36000	2	17	0	0	0	0	0	0	0	0	0
C	Marios	25	171	9	1	8_____	36500	17	15	0	0	0	0	0	0	0	0	0
C	Marios	25	171	9	1	8_____	36811	15	0	0	0	0	1	0	0	0	0	0
C	Marios	25	171	9	1	8_____	36846	15	0	0	0	0	0	0	0	0	1	0
C	Marios	25	171	9	1	8_____	37000	15	1	0	0	0	0	0	0	0	0	0
C	Marios	25	171	9	1	8_____	37855	1	0	0	0	0	1	0	0	0	0	0
C	Marios	25	171	9	1	8_____	37905	1	0	0	0	0	0	0	0	0	1	0
C	Marios	25	171	9	1	8_____	38623	1	0	0	0	0	1	0	0	0	0	0
C	Marios	25	171	9	1	8_____	38675	1	0	0	0	0	0	0	0	0	1	0
C	Marios	25	171	9	1	8_____	38759	1	0	0	0	0	1	0	0	0	0	0
C	Marios	25	171	9	1	8_____	38761	1	0	0	0	0	0	0	0	0	1	0
C	Marios	25	171	9	1	8_____	39466	1	0	0	0	0	1	0	0	0	0	0
C	Marios	25	171	9	1	8_____	39481	1	0	0	0	0	0	0	0	0	1	0
C	Marios	25	171	9	1	8_____	39485	1	0	0	0	0	1	0	0	0	0	0
C	Marios	25	171	9	1	8_____	39545	1	0	0	0	0	0	0	0	0	1	0
C	Marios	25	171	9	1	8_____	39547	1	0	0	0	0	1	0	0	0	0	0
C	Marios	25	171	9	1	8_____	39550	1	0	0	0	0	0	0	0	0	1	0
C	Marios	25	171	9	1	8_____	39627	1	0	0	0	0	1	0	0	0	0	0
C	Marios	25	171	9	1	8_____	39639	1	0	0	0	0	0	0	0	0	1	0
C	Marios	25	171	9	1	8_____	40476	1	0	0	0	0	1	0	0	0	0	0
C	Marios	25	171	9	1	8_____	40615	1	0	0	0	0	0	0	0	0	1	0
C	Marios	25	171	9	1	8_____	40647	1	0	0	0	0	1	0	0	0	0	0
C	Marios	25	171	9	1	8_____	40653	1	0	0	0	0	0	0	0	0	1	0
C	Marios	25	171	9	1	8_____	40697	1	0	0	0	0	1	0	0	0	0	0
C	Marios	25	171	9	1	8_____	40698	1	0	0	0	0	0	0	0	0	1	0
C	Marios	25	171	9	1	8_____	40785	1	0	0	0	0	1	0	0	0	0	0
C	Marios	25	171	9	1	8_____	40788	1	0	0	0	0	0	0	0	0	1	0
C	Marios	25	171	9	1	8_____	40820	1	0	0	0	0	1	0	0	0	0	0
C	Marios	25	171	9	1	8_____	40823	1	0	0	0	0	0	0	0	0	1	0
C	Marios	25	171	9	1	8_____	41081	1	0	0	0	0	1	0	0	0	0	0
C	Marios	25	171	9	1	8_____	41295	1	0	0	0	0	0	0	0	0	1	0
C	Marios	25	171	9	1	8_____	42665	1	0	0	0	0	1	0	0	0	0	0
C	Marios	25	171	9	1	8_____	42668	1	0	0	0	0	0	0	0	0	1	0
C	Marios	25	171	9	1	8_____	42672	1	0	0	0	0	1	0	0	0	0	0
C	Marios	25	171	9	1	8_____	42696	1	0	0	0	0	0	0	0	0	1	0
C	Marios	25	171	9	1	8_____	42882	1	0	0	0	0	1	0	0	0	0	0
C	Marios	25	171	9	1	8_____	42920	1	0	0	0	0	0	0	0	0	1	0
C	Marios	25	171	9	1	8_____	43000	1	2	0	0	0	0	0	0	0	0	0
C	Marios	25	171	9	1	8_____	43151	2	0	0	0	0	1	0	0	0	0	0
C	Marios	25	171	9	1	8_____	43178	2	0	0	0	0	0	0	0	0	1	0
C	Marios	25	171	9	1	8_____	43500	2	16	0	0	0	0	0	0	0	0	0
C	Marios	25	171	9	1	8_____	44000	16	15	0	0	0	0	0	0	0	0	0
C	Marios	25	171	9	1	8_____	44181	15	0	0	0	0	1	0	0	0	0	0
C	Marios	25	171	9	1	8_____	44199	15	0	0	0	0	0	0	0	0	1	0
C	Marios	25	171	9	1	8_____	44500	15	1	0	0	0	0	0	0	0	0	0
C	Marios	25	171	9	1	8_____	45142	1	0	0	0	0	1	0	0	0	0	0
C	Marios	25	171	9	1	8_____	45226	1	0	0	0	0	0	0	0	0	1	0
C	Marios	25	171	9	1	8_____	45243	1	0	0	0	0	1	0	0	0	0	0
C	Marios	25	171	9	1	8_____	45294	1	0	0	0	0	0	0	0	0	1	0
C	Marios	25	171	9	1	8_____	46750	1	2	0	0	0	0	0	0	0	0	0
C	Marios	25	171	9	1	8_____	47250	2	17	0	0	0	0	0	0	0	0	0
C	Marios	25	171	9	1	8_____	47750	17	15	0	0	0	0	0	0	0	0	0
C	Marios	25	171	9	1	8_____	48250	15	1	0	0	0	0	0	0	0	0	0
C	Marios	25	171	9	1	8_____	48439	1	0	0	0	0	1	0	0	0	0	0
C	Marios	25	171	9	1	8_____	48441	1	0	0	0	0	0	0	0	0	1	0
C	Marios	25	171	9	1	8_____	48453	1	0	0	0	0	1	0	0	0	0	0
C	Marios	25	171	9	1	8_____	48522	1	0	0	0	0	0	0	0	0	1	0
C	Marios	25	171	9	1	8_____	48543	1	0	0	0	0	1	0	0	0	0	0
C	Marios	25	171	9	1	8_____	48546	1	0	0	0	0	0	0	0	0	1	0
C	Marios	25	171	9	1	8_____	48558	1	0	0	0	0	1	0	0	0	0	0
C	Marios	25	171	9	1	8_____	48564	1	0	0	0	0	0	0	0	0	1	0
C	Marios	25	171	9	1	8_____	48582	1	0	0	0	0	1	0	0	0	0	0
C	Marios	25	171	9	1	8_____	48942	1	0	0	0	0	0	0	0	0	1	0
C	Marios	25	171	9	1	8_____	49018	1	0	0	0	0	1	0	0	0	0	0
C	Marios	25	171	9	1	8_____	49066	1	0	0	0	0	0	0	0	0	1	0
C	Marios	25	171	9	1	8_____	49076	1	0	0	0	0	1	0	0	0	0	0
C	Marios	25	171	9	1	8_____	49079	1	0	0	0	0	0	0	0	0	1	0
C	Marios	25	171	9	1	8_____	49806	1	0	0	0	0	1	0	0	0	0	0
C	Marios	25	171	9	1	8_____	49873	1	0	0	0	0	0	0	0	0	1	0
C	Marios	25	171	9	1	8_____	52354	1	0	0	0	0	1	0	0	0	0	0
C	Marios	25	171	9	1	8_____	52363	1	0	0	0	0	0	0	0	0	1	0
C	Marios	25	171	9	1	8_____	52373	1	0	0	0	0	1	0	0	0	0	0
C	Marios	25	171	9	1	8_____	52441	1	0	0	0	0	0	0	0	0	1	0
C	Marios	25	171	9	1	8_____	52750	1	2	0	0	0	0	0	0	0	0	0
C	Marios	25	171	9	1	8_____	53250	2	7	0	0	0	0	0	0	0	0	0
C	Marios	25	171	9	1	8_____	53421	7	0	0	0	0	1	0	0	0	0	0
C	Marios	25	171	9	1	8_____	53441	7	0	0	0	0	0	0	0	0	1	0
C	Marios	25	171	9	1	8_____	53455	7	0	0	0	0	1	0	0	0	0	0
C	Marios	25	171	9	1	8_____	53516	7	0	0	0	0	0	0	0	0	1	0
C	Marios	25	171	9	1	8_____	53517	7	0	0	0	0	1	0	0	0	0	0
C	Marios	25	171	9	1	8_____	53548	7	0	0	0	0	0	0	0	0	1	0
C	Marios	25	171	9	1	8_____	53609	7	0	0	0	0	1	0	0	0	0	0
C	Marios	25	171	9	1	8_____	53693	7	0	0	0	0	0	0	0	0	1	0
C	Marios	25	171	9	1	8_____	53750	7	10	0	0	0	0	0	0	0	0	0
C	Marios	25	171	9	1	8_____	53797	10	0	0	0	0	1	0	0	0	0	0
C	Marios	25	171	9	1	8_____	53799	10	0	0	0	0	0	0	0	0	1	0
C	Marios	25	171	9	1	8_____	53801	10	0	0	0	0	1	0	0	0	0	0
C	Marios	25	171	9	1	8_____	53970	10	0	0	0	0	0	0	0	0	1	0
C	Marios	25	171	9	1	8_____	53983	10	0	0	0	0	1	0	0	0	0	0
C	Marios	25	171	9	1	8_____	53994	10	0	0	0	0	0	0	0	0	1	0
C	Marios	25	171	9	1	8_____	53995	10	0	0	0	0	1	0	0	0	0	0
C	Marios	25	171	9	1	8_____	53999	10	0	0	0	0	0	0	0	0	1	0
C	Marios	25	171	9	1	8_____	54024	10	0	0	0	0	1	0	0	0	0	0
C	Marios	25	171	9	1	8_____	54039	10	0	0	0	0	0	0	0	0	1	0
C	Marios	25	171	9	1	8_____	54090	10	0	0	0	0	1	0	0	0	0	0
C	Marios	25	171	9	1	8_____	54096	10	0	0	0	0	0	0	0	0	1	0
C	Marios	25	171	9	1	8_____	54207	10	0	0	0	0	1	0	0	0	0	0
C	Marios	25	171	9	1	8_____	54221	10	0	0	0	0	0	0	0	0	1	0
C	Marios	25	171	9	1	8_____	54228	10	0	0	0	0	1	0	0	0	0	0
C	Marios	25	171	9	1	8_____	54234	10	0	0	0	0	0	0	0	0	1	0
C	Marios	25	171	9	1	8_____	54244	10	0	0	0	0	1	0	0	0	0	0
C	Marios	25	171	9	1	8_____	54250	10	1	0	0	0	0	0	0	0	0	0
C	Marios	25	171	9	1	8_____	54281	1	0	0	0	0	0	0	0	0	1	0
C	Marios	25	171	9	1	8_____	54298	1	0	0	0	0	1	0	0	0	0	0
C	Marios	25	171	9	1	8_____	54302	1	0	0	0	0	0	0	0	0	1	0
C	Marios	25	171	9	1	8_____	54308	1	0	0	0	0	1	0	0	0	0	0
C	Marios	25	171	9	1	8_____	54328	1	0	0	0	0	0	0	0	0	1	0
C	Marios	25	171	9	1	8_____	54329	1	0	0	0	0	1	0	0	0	0	0
C	Marios	25	171	9	1	8_____	54331	1	0	0	0	0	0	0	0	0	1	0
C	Marios	25	171	9	1	8_____	54332	1	0	0	0	0	1	0	0	0	0	0
C	Marios	25	171	9	1	8_____	54334	1	0	0	0	0	0	0	0	0	1	0
C	Marios	25	171	9	1	8_____	54336	1	0	0	0	0	1	0	0	0	0	0
C	Marios	25	171	9	1	8_____	54443	1	0	0	0	0	0	0	0	0	1	0
C	Marios	25	171	9	1	8_____	54447	1	0	0	0	0	1	0	0	0	0	0
C	Marios	25	171	9	1	8_____	54793	1	0	0	0	0	0	0	0	0	1	0
C	Marios	25	171	9	1	8_____	54976	1	0	0	0	0	1	0	0	0	0	0
C	Marios	25	171	9	1	8_____	55002	1	0	0	0	0	0	0	0	0	1	0
C	Marios	25	171	9	1	8_____	55044	1	0	0	0	0	1	0	0	0	0	0
C	Marios	25	171	9	1	8_____	55127	1	0	0	0	0	0	0	0	0	1	0
C	Marios	25	171	9	1	8_____	55136	1	0	0	0	0	1	0	0	0	0	0
C	Marios	25	171	9	1	8_____	55148	1	0	0	0	0	0	0	0	0	1	0
C	Marios	25	171	9	1	8_____	55176	1	0	0	0	0	1	0	0	0	0	0
C	Marios	25	171	9	1	8_____	55177	1	0	0	0	0	0	0	0	0	1	0
C	Marios	25	171	9	1	8_____	55184	1	0	0	0	0	1	0	0	0	0	0
C	Marios	25	171	9	1	8_____	55233	1	0	0	0	0	0	0	0	0	1	0
C	Marios	25	171	9	1	8_____	55239	1	0	0	0	0	1	0	0	0	0	0
C	Marios	25	171	9	1	8_____	55297	1	0	0	0	0	0	0	0	0	1	0
C	Marios	25	171	9	1	8_____	55655	1	0	0	0	0	1	0	0	0	0	0
C	Marios	25	171	9	1	8_____	55657	1	0	0	0	0	0	0	0	0	1	0
C	Marios	25	171	9	1	8_____	56670	1	0	0	0	0	1	0	0	0	0	0
C	Marios	25	171	9	1	8_____	56675	1	0	0	0	0	0	0	0	0	1	0
C	Marios	25	171	9	1	8_____	56969	1	0	0	0	0	1	0	0	0	0	0
C	Marios	25	171	9	1	8_____	57008	1	0	0	0	0	0	0	0	0	1	0
C	Marios	25	171	9	1	8_____	57053	1	0	0	0	0	1	0	0	0	0	0
C	Marios	25	171	9	1	8_____	57089	1	0	0	0	0	0	0	0	0	1	0
C	Marios	25	171	9	1	8_____	57250	1	2	0	0	0	0	0	0	0	0	0
C	Marios	25	171	9	1	8_____	57750	2	6	0	0	0	0	0	0	0	0	0
C	Marios	25	171	9	1	8_____	57776	6	0	0	0	0	1	0	0	0	0	0
C	Marios	25	171	9	1	8_____	57807	6	0	0	0	0	0	0	0	0	1	0
C	Marios	25	171	9	1	8_____	57824	6	0	0	0	0	1	0	0	0	0	0
C	Marios	25	171	9	1	8_____	57849	6	0	0	0	0	0	0	0	0	1	0
C	Marios	25	171	9	1	8_____	57878	6	0	0	0	0	1	0	0	0	0	0
C	Marios	25	171	9	1	8_____	57926	6	0	0	0	0	0	0	0	0	1	0
C	Marios	25	171	9	1	8_____	57937	6	0	0	0	0	1	0	0	0	0	0
C	Marios	25	171	9	1	8_____	57951	6	0	0	0	0	0	0	0	0	1	0
C	Marios	25	171	9	1	8_____	57963	6	0	0	0	0	1	0	0	0	0	0
C	Marios	25	171	9	1	8_____	57983	6	0	0	0	0	1	0	0	0	1	0
C	Marios	25	171	9	1	8_____	58022	6	0	0	0	0	0	0	0	0	1	0
C	Marios	25	171	9	1	8_____	58064	6	0	0	0	0	1	0	0	0	0	0
C	Marios	25	171	9	1	8_____	58092	6	0	0	0	0	0	0	0	0	1	0
C	Marios	25	171	9	1	8_____	58120	6	0	0	0	0	1	0	0	0	0	0
C	Marios	25	171	9	1	8_____	58159	6	0	0	0	0	0	0	0	0	1	0
C	Marios	25	171	9	1	8_____	58165	6	0	0	0	0	1	0	0	0	0	0
C	Marios	25	171	9	1	8_____	58167	6	0	0	0	0	0	0	0	0	1	0
C	Marios	25	171	9	1	8_____	58177	6	0	0	0	0	1	0	0	0	0	0
C	Marios	25	171	9	1	8_____	58191	6	0	0	0	0	0	0	0	0	1	0
C	Marios	25	171	9	1	8_____	58215	6	0	0	0	0	1	0	0	0	0	0
C	Marios	25	171	9	1	8_____	58248	6	0	0	0	0	0	0	0	0	1	0
C	Marios	25	171	9	1	8_____	58250	6	11	0	0	0	0	0	0	0	0	0
C	Marios	25	171	9	1	8_____	58277	11	0	0	0	0	1	0	0	0	0	0
C	Marios	25	171	9	1	8_____	58589	11	0	0	0	0	0	0	0	0	1	0
C	Marios	25	171	9	1	8_____	58593	11	0	0	0	0	1	0	0	0	0	0
C	Marios	25	171	9	1	8_____	58638	11	0	0	0	0	0	0	0	0	1	0
C	Marios	25	171	9	1	8_____	58669	11	0	0	0	0	1	0	0	0	0	0
C	Marios	25	171	9	1	8_____	58672	11	0	0	0	0	0	0	0	0	1	0
C	Marios	25	171	9	1	8_____	58713	11	0	0	0	0	1	0	0	0	0	0
C	Marios	25	171	9	1	8_____	58721	11	0	0	0	0	0	0	0	0	1	0
C	Marios	25	171	9	1	8_____	58750	11	1	0	0	0	0	0	0	0	0	0
C	Marios	25	171	9	1	8_____	58919	1	0	0	0	0	1	0	0	0	0	0
C	Marios	25	171	9	1	8_____	58932	1	0	0	0	0	0	0	0	0	1	0
C	Marios	25	171	9	1	8_____	61694	1	0	0	0	0	1	0	0	0	0	0
C	Marios	25	171	9	1	8_____	61723	1	0	0	0	0	0	0	0	0	1	0
C	Marios	25	171	9	1	8_____	62081	1	0	0	0	0	1	0	0	0	0	0
C	Marios	25	171	9	1	8_____	62127	1	0	0	0	0	0	0	0	0	1	0
C	Marios	25	171	9	1	8_____	62389	1	0	0	0	0	1	0	0	0	0	0
C	Marios	25	171	9	1	8_____	62396	1	0	0	0	0	0	0	0	0	1	0
C	Marios	25	171	9	1	8_____	62411	1	0	0	0	0	1	0	0	0	0	0
C	Marios	25	171	9	1	8_____	62563	1	0	0	0	0	0	0	0	0	1	0
C	Marios	25	171	9	1	8_____	64357	1	0	0	0	0	1	0	0	0	0	0
C	Marios	25	171	9	1	8_____	64388	1	0	0	0	0	0	0	0	0	1	0
C	Marios	25	171	9	1	8_____	64429	1	0	0	0	0	1	0	0	0	0	0
C	Marios	25	171	9	1	8_____	64451	1	0	0	0	0	0	0	0	0	1	0
C	Marios	25	171	9	1	8_____	64617	1	0	0	0	0	1	0	0	0	0	0
C	Marios	25	171	9	1	8_____	64747	1	0	0	0	0	0	0	0	0	1	0
C	Marios	25	171	9	1	8_____	65311	1	0	0	0	0	1	0	0	0	0	0
C	Marios	25	171	9	1	8_____	65319	1	0	0	0	0	0	0	0	0	1	0
C	Marios	25	171	9	1	8_____	65500	1	2	0	0	0	0	0	0	0	0	0
C	Marios	25	171	9	1	8_____	66000	2	17	0	0	0	0	0	0	0	0	0
C	Marios	25	171	9	1	8_____	66500	17	15	0	0	0	0	0	0	0	0	0
C	Marios	25	171	9	1	8_____	66748	15	0	0	0	0	1	0	0	0	0	0
C	Marios	25	171	9	1	8_____	66809	15	0	0	0	0	0	0	0	0	1	0
C	Marios	25	171	9	1	8_____	67000	15	1	0	0	0	0	0	0	0	0	0
C	Marios	25	171	9	1	8_____	67666	1	0	0	0	0	1	0	0	0	0	0
C	Marios	25	171	9	1	8_____	67671	1	0	0	0	0	0	0	0	0	1	0
C	Marios	25	171	9	1	8_____	67695	1	0	0	0	0	1	0	0	0	0	0
C	Marios	25	171	9	1	8_____	67735	1	0	0	0	0	0	0	0	0	1	0
C	Marios	25	171	9	1	8_____	67747	1	0	0	0	0	1	0	0	0	0	0
C	Marios	25	171	9	1	8_____	67750	1	0	0	0	0	0	0	0	0	1	0
C	Marios	25	171	9	1	8_____	67768	1	0	0	0	0	1	0	0	0	0	0
C	Marios	25	171	9	1	8_____	67780	1	0	0	0	0	0	0	0	0	1	0
C	Marios	25	171	9	1	8_____	67801	1	0	0	0	0	1	0	0	0	0	0
C	Marios	25	171	9	1	8_____	67871	1	0	0	0	0	0	0	0	0	1	0
C	Marios	25	171	9	1	8_____	68755	1	0	0	0	0	1	0	0	0	0	0
C	Marios	25	171	9	1	8_____	68823	1	0	0	0	0	0	0	0	0	1	0
C	Marios	25	171	9	1	8_____	68909	1	0	0	0	0	1	0	0	0	0	0
C	Marios	25	171	9	1	8_____	68922	1	0	0	0	0	0	0	0	0	1	0
C	Marios	25	171	9	1	8_____	69320	1	0	0	0	0	1	0	0	0	0	0
C	Marios	25	171	9	1	8_____	69342	1	0	0	0	0	0	0	0	0	1	0
C	Marios	25	171	9	1	8_____	69362	1	0	0	0	0	1	0	0	0	0	0
C	Marios	25	171	9	1	8_____	69379	1	0	0	0	0	0	0	0	0	1	0
C	Marios	25	171	9	1	8_____	69386	1	0	0	0	0	1	0	0	0	0	0
C	Marios	25	171	9	1	8_____	69441	1	0	0	0	0	0	0	0	0	1	0
C	Marios	25	171	9	1	8_____	70500	1	2	0	0	0	0	0	0	0	0	0
C	Marios	25	171	9	1	8_____	70930	2	0	0	0	0	1	0	0	0	0	0
C	Marios	25	171	9	1	8_____	70948	2	0	0	0	0	0	0	0	0	1	0
C	Marios	25	171	9	1	8_____	71000	2	16	0	0	0	0	0	0	0	0	0
C	Marios	25	171	9	1	8_____	71500	16	15	0	0	0	0	0	0	0	0	0
C	Marios	25	171	9	1	8_____	71781	15	0	0	0	0	1	0	0	0	0	0
C	Marios	25	171	9	1	8_____	71803	15	0	0	0	0	0	0	0	0	1	0
C	Marios	25	171	9	1	8_____	71807	15	0	0	0	0	1	0	0	0	0	0
C	Marios	25	171	9	1	8_____	71854	15	0	0	0	0	0	0	0	0	1	0
C	Marios	25	171	9	1	8_____	71876	15	0	0	0	0	1	0	0	0	0	0
C	Marios	25	171	9	1	8_____	71895	15	0	0	0	0	0	0	0	0	1	0
C	Marios	25	171	9	1	8_____	72000	15	1	0	0	0	0	0	0	0	0	0
C	Marios	25	171	9	1	8_____	72364	1	0	0	0	0	1	0	0	0	0	0
C	Marios	25	171	9	1	8_____	72385	1	0	0	0	0	0	0	0	0	1	0
C	Marios	25	171	9	1	8_____	72387	1	0	0	0	0	1	0	0	0	0	0
C	Marios	25	171	9	1	8_____	72473	1	0	0	0	0	0	0	0	0	1	0
C	Marios	25	171	9	1	8_____	72503	1	0	0	0	0	1	0	0	0	0	0
C	Marios	25	171	9	1	8_____	72589	1	0	0	0	0	0	0	0	0	1	0
C	Marios	25	171	9	1	8_____	72621	1	0	0	0	0	1	0	0	0	0	0
C	Marios	25	171	9	1	8_____	72627	1	0	0	0	0	0	0	0	0	1	0
C	Marios	25	171	9	1	8_____	72654	1	0	0	0	0	1	0	0	0	0	0
C	Marios	25	171	9	1	8_____	72734	1	0	0	0	0	0	0	0	0	1	0
C	Marios	25	171	9	1	8_____	74155	1	0	0	0	0	1	0	0	0	0	0
C	Marios	25	171	9	1	8_____	74179	1	0	0	0	0	0	0	0	0	1	0
C	Marios	25	171	9	1	8_____	74250	1	2	0	0	0	0	0	0	0	0	0
C	Marios	25	171	9	1	8_____	74685	2	0	0	0	0	1	0	0	0	0	0
C	Marios	25	171	9	1	8_____	74728	2	0	0	0	0	0	0	0	0	1	0
C	Marios	25	171	9	1	8_____	74750	2	17	0	0	0	0	0	0	0	0	0
C	Marios	25	171	9	1	8_____	75009	17	0	0	0	0	1	0	0	0	0	0
C	Marios	25	171	9	1	8_____	75014	17	0	0	0	0	0	0	0	0	1	0
C	Marios	25	171	9	1	8_____	75027	17	0	0	0	0	1	0	0	0	0	0
C	Marios	25	171	9	1	8_____	75043	17	0	0	0	0	0	0	0	0	1	0
C	Marios	25	171	9	1	8_____	75250	17	15	0	0	0	0	0	0	0	0	0
C	Marios	25	171	9	1	8_____	75688	15	0	0	0	0	1	0	0	0	0	0
C	Marios	25	171	9	1	8_____	75750	15	1	0	0	0	0	0	0	0	0	0
C	Marios	25	171	9	1	8_____	75755	1	0	0	0	0	0	0	0	0	1	0
C	Marios	25	171	9	1	8_____	76383	1	0	0	0	0	1	0	0	0	0	0
C	Marios	25	171	9	1	8_____	76471	1	0	0	0	0	0	0	0	0	1	0
C	Marios	25	171	9	1	8_____	79629	1	0	0	0	0	1	0	0	0	0	0
C	Marios	25	171	9	1	8_____	79669	1	0	0	0	0	0	0	0	0	1	0
C	Marios	25	171	9	1	8_____	79671	1	0	0	0	0	1	0	0	0	0	0
C	Marios	25	171	9	1	8_____	79827	1	0	0	0	0	0	0	0	0	1	0
C	Marios	25	171	9	1	8_____	80236	1	0	0	0	0	1	0	0	0	0	0
C	Marios	25	171	9	1	8_____	80240	1	0	0	0	0	0	0	0	0	1	0
C	Marios	25	171	9	1	8_____	80242	1	0	0	0	0	1	0	0	0	0	0
C	Marios	25	171	9	1	8_____	80334	1	0	0	0	0	0	0	0	0	1	0
C	Marios	25	171	9	1	8_____	80343	1	0	0	0	0	1	0	0	0	0	0
C	Marios	25	171	9	1	8_____	80402	1	0	0	0	0	0	0	0	0	1	0
C	Marios	25	171	9	1	8_____	81395	1	0	0	0	0	1	0	0	0	0	0
C	Marios	25	171	9	1	8_____	81615	1	0	0	0	0	0	0	0	0	1	0
C	Marios	25	171	9	1	8_____	82500	1	2	0	0	0	0	0	0	0	0	0
C	Marios	25	171	9	1	8_____	83000	2	17	0	0	0	0	0	0	0	0	0
C	Marios	25	171	9	1	8_____	83028	17	0	0	0	0	1	0	0	0	0	0
C	Marios	25	171	9	1	8_____	83094	17	0	0	0	0	0	0	0	0	1	0
C	Marios	25	171	9	1	8_____	83500	17	15	0	0	0	0	0	0	0	0	0
C	Marios	25	171	9	1	8_____	84000	15	1	0	0	0	0	0	0	0	0	0
C	Marios	25	171	9	1	8_____	86560	1	0	0	0	0	1	0	0	0	0	0
C	Marios	25	171	9	1	8_____	86562	1	0	0	0	0	0	0	0	0	1	0
C	Marios	25	171	9	1	8_____	86890	1	0	0	0	0	1	0	0	0	0	0
C	Marios	25	171	9	1	8_____	86960	1	0	0	0	0	0	0	0	0	1	0
C	Marios	25	171	9	1	8_____	87000	1	2	0	0	0	0	0	0	0	0	0
C	Marios	25	171	9	1	8_____	87500	2	16	0	0	0	0	0	0	0	0	0
C	Marios	25	171	9	1	8_____	87516	16	0	0	0	0	1	0	0	0	0	0
C	Marios	25	171	9	1	8_____	87525	16	0	0	0	0	0	0	0	0	1	0
C	Marios	25	171	9	1	8_____	87530	16	0	0	0	0	1	0	0	0	0	0
C	Marios	25	171	9	1	8_____	87532	16	0	0	0	0	0	0	0	0	1	0
C	Marios	25	171	9	1	8_____	87589	16	0	0	0	0	1	0	0	0	0	0
C	Marios	25	171	9	1	8_____	87635	16	0	0	0	0	0	0	0	0	1	0
C	Marios	25	171	9	1	8_____	87640	16	0	0	0	0	1	0	0	0	0	0
C	Marios	25	171	9	1	8_____	87650	16	0	0	0	0	0	0	0	0	1	0
C	Marios	25	171	9	1	8_____	87655	16	0	0	0	0	1	0	0	0	0	0
C	Marios	25	171	9	1	8_____	87696	16	0	0	0	0	0	0	0	0	1	0
C	Marios	25	171	9	1	8_____	87814	16	0	0	0	0	1	0	0	0	0	0
C	Marios	25	171	9	1	8_____	87918	16	0	0	0	0	0	0	0	0	1	0
C	Marios	25	171	9	1	8_____	87976	16	0	0	0	0	1	0	0	0	0	0
C	Marios	25	171	9	1	8_____	88000	16	15	0	0	0	0	0	0	0	1	0
C	Marios	25	171	9	1	8_____	88115	15	0	0	0	0	1	0	0	0	0	0
C	Marios	25	171	9	1	8_____	88123	15	0	0	0	0	0	0	0	0	1	0
C	Marios	25	171	9	1	8_____	88278	15	0	0	0	0	1	0	0	0	0	0
C	Marios	25	171	9	1	8_____	88305	15	0	0	0	0	0	0	0	0	1	0
C	Marios	25	171	9	1	8_____	88500	15	1	0	0	0	0	0	0	0	0	0
C	Marios	25	171	9	1	8_____	90433	1	0	0	0	0	1	0	0	0	0	0
C	Marios	25	171	9	1	8_____	90482	1	0	0	0	0	0	0	0	0	1	0
C	Marios	25	171	9	1	8_____	90790	1	0	0	0	0	1	0	0	0	0	0
C	Marios	25	171	9	1	8_____	90932	1	0	0	0	0	0	0	0	0	1	0
C	Marios	25	171	9	1	8_____	92384	1	0	0	0	0	1	0	0	0	0	0
C	Marios	25	171	9	1	8_____	92389	1	0	0	0	0	0	0	0	0	1	0
C	Marios	25	171	9	1	8_____	92433	1	0	0	0	0	1	0	0	0	0	0
C	Marios	25	171	9	1	8_____	92517	1	0	0	0	0	0	0	0	0	1	0
C	Marios	25	171	9	1	8_____	93000	1	2	0	0	0	0	0	0	0	0	0
C	Marios	25	171	9	1	8_____	93500	2	7	0	0	0	0	0	0	0	0	0
C	Marios	25	171	9	1	8_____	93535	7	0	0	0	0	1	0	0	0	0	0
C	Marios	25	171	9	1	8_____	93554	7	0	0	0	0	0	0	0	0	1	0
C	Marios	25	171	9	1	8_____	93575	7	0	0	0	0	1	0	0	0	0	0
C	Marios	25	171	9	1	8_____	93585	7	0	0	0	0	0	0	0	0	1	0
C	Marios	25	171	9	1	8_____	93595	7	0	0	0	0	1	0	0	0	0	0
C	Marios	25	171	9	1	8_____	93614	7	0	0	0	0	0	0	0	0	1	0
C	Marios	25	171	9	1	8_____	93638	7	0	0	0	0	1	0	0	0	0	0
C	Marios	25	171	9	1	8_____	93658	7	0	0	0	0	0	0	0	0	1	0
C	Marios	25	171	9	1	8_____	93720	7	0	0	0	0	1	0	0	0	0	0
C	Marios	25	171	9	1	8_____	93723	7	0	0	0	0	0	0	0	0	1	0
C	Marios	25	171	9	1	8_____	93739	7	0	0	0	0	1	0	0	0	0	0
C	Marios	25	171	9	1	8_____	93746	7	0	0	0	0	0	0	0	0	1	0
C	Marios	25	171	9	1	8_____	93769	7	0	0	0	0	1	0	0	0	0	0
C	Marios	25	171	9	1	8_____	93797	7	0	0	0	0	0	0	0	0	1	0
C	Marios	25	171	9	1	8_____	93798	7	0	0	0	0	1	0	0	0	0	0
C	Marios	25	171	9	1	8_____	93823	7	0	0	0	0	0	0	0	0	1	0
C	Marios	25	171	9	1	8_____	93913	7	0	0	0	0	1	0	0	0	0	0
C	Marios	25	171	9	1	8_____	93921	7	0	0	0	0	0	0	0	0	1	0
C	Marios	25	171	9	1	8_____	93936	7	0	0	0	0	1	0	0	0	0	0
C	Marios	25	171	9	1	8_____	93979	7	0	0	0	0	0	0	0	0	1	0
C	Marios	25	171	9	1	8_____	94000	7	10	0	0	0	0	0	0	0	0	0
C	Marios	25	171	9	1	8_____	94025	10	0	0	0	0	1	0	0	0	0	0
C	Marios	25	171	9	1	8_____	94319	10	0	0	0	0	0	0	0	0	1	0
C	Marios	25	171	9	1	8_____	94320	10	0	0	0	0	1	0	0	0	0	0
C	Marios	25	171	9	1	8_____	94379	10	0	0	0	0	0	0	0	0	1	0
C	Marios	25	171	9	1	8_____	94500	10	1	0	0	0	0	0	0	0	0	0
C	Marios	25	171	9	1	8_____	94631	1	0	0	0	0	1	0	0	0	0	0
C	Marios	25	171	9	1	8_____	94647	1	0	0	0	0	0	0	0	0	1	0
C	Marios	25	171	9	1	8_____	94691	1	0	0	0	0	1	0	0	0	0	0
C	Marios	25	171	9	1	8_____	94699	1	0	0	0	0	0	0	0	0	1	0
C	Marios	25	171	9	1	8_____	94710	1	0	0	0	0	1	0	0	0	0	0
C	Marios	25	171	9	1	8_____	94728	1	0	0	0	0	0	0	0	0	1	0
C	Marios	25	171	9	1	8_____	94745	1	0	0	0	0	1	0	0	0	0	0
C	Marios	25	171	9	1	8_____	94797	1	0	0	0	0	0	0	0	0	1	0
C	Marios	25	171	9	1	8_____	95862	1	0	0	0	0	1	0	0	0	0	0
C	Marios	25	171	9	1	8_____	95907	1	0	0	0	0	0	0	0	0	1	0
C	Marios	25	171	9	1	8_____	97991	1	0	0	0	0	1	0	0	0	0	0
C	Marios	25	171	9	1	8_____	98088	1	0	0	0	0	0	0	0	0	1	0
C	Marios	25	171	9	1	8_____	98133	1	0	0	0	0	1	0	0	0	0	0
C	Marios	25	171	9	1	8_____	98224	1	0	0	0	0	0	0	0	0	1	0
C	Marios	25	171	9	1	8_____	98350	1	0	0	0	0	1	0	0	0	0	0
C	Marios	25	171	9	1	8_____	98373	1	0	0	0	0	0	0	0	0	1	0
C	Marios	25	171	9	1	8_____	98382	1	0	0	0	0	1	0	0	0	0	0
C	Marios	25	171	9	1	8_____	98417	1	0	0	0	0	0	0	0	0	1	0
C	Marios	25	171	9	1	8_____	98462	1	0	0	0	0	1	0	0	0	0	0
C	Marios	25	171	9	1	8_____	98519	1	0	0	0	0	0	0	0	0	1	0
C	Marios	25	171	9	1	8_____	98521	1	0	0	0	0	1	0	0	0	0	0
C	Marios	25	171	9	1	8_____	98536	1	0	0	0	0	0	0	0	0	1	0
C	Marios	25	171	9	1	8_____	98600	1	0	0	0	0	1	0	0	0	0	0
C	Marios	25	171	9	1	8_____	98605	1	0	0	0	0	0	0	0	0	1	0
C	Marios	25	171	9	1	8_____	98655	1	0	0	0	0	1	0	0	0	0	0
C	Marios	25	171	9	1	8_____	98822	1	0	0	0	0	0	0	0	0	1	0
C	Marios	25	171	9	1	8_____	99000	1	2	0	0	0	0	0	0	0	0	0
C	Marios	25	171	9	1	8_____	99500	2	16	0	0	0	0	0	0	0	0	0
C	Marios	25	171	9	1	8_____	99765	16	0	0	0	0	1	0	0	0	0	0
C	Marios	25	171	9	1	8_____	99818	16	0	0	0	0	0	0	0	0	1	0
C	Marios	25	171	9	1	8_____	100000	16	15	0	0	0	0	0	0	0	0	0
C	Marios	25	171	9	1	8_____	100500	15	1	0	0	0	0	0	0	0	0	0
C	Marios	25	171	9	1	8_____	100576	1	0	0	0	0	1	0	0	0	0	0
C	Marios	25	171	9	1	8_____	100595	1	0	0	0	0	0	0	0	0	1	0
C	Marios	25	171	9	1	8_____	100596	1	0	0	0	0	1	0	0	0	0	0
C	Marios	25	171	9	1	8_____	100624	1	0	0	0	0	0	0	0	0	1	0
C	Marios	25	171	9	1	8_____	100652	1	0	0	0	0	1	0	0	0	0	0
C	Marios	25	171	9	1	8_____	100659	1	0	0	0	0	0	0	0	0	1	0
C	Marios	25	171	9	1	8_____	100661	1	0	0	0	0	1	0	0	0	0	0
C	Marios	25	171	9	1	8_____	100673	1	0	0	0	0	0	0	0	0	1	0
C	Marios	25	171	9	1	8_____	102000	1	2	0	0	0	0	0	0	0	0	0
C	Marios	25	171	9	1	8_____	102060	2	0	0	0	0	1	0	0	0	0	0
C	Marios	25	171	9	1	8_____	102075	2	0	0	0	0	0	0	0	0	1	0
C	Marios	25	171	9	1	8_____	102500	2	6	0	0	0	0	0	0	0	0	0
C	Marios	25	171	9	1	8_____	102519	6	0	0	0	0	1	0	0	0	0	0
C	Marios	25	171	9	1	8_____	102549	6	0	0	0	0	0	0	0	0	1	0
C	Marios	25	171	9	1	8_____	102617	6	0	0	0	0	1	0	0	0	0	0
C	Marios	25	171	9	1	8_____	102663	6	0	0	0	0	0	0	0	0	1	0
C	Marios	25	171	9	1	8_____	102683	6	0	0	0	0	1	0	0	0	0	0
C	Marios	25	171	9	1	8_____	102698	6	0	0	0	0	0	0	0	0	1	0
C	Marios	25	171	9	1	8_____	102759	6	0	0	0	0	1	0	0	0	0	0
C	Marios	25	171	9	1	8_____	102783	6	0	0	0	0	0	0	0	0	1	0
C	Marios	25	171	9	1	8_____	102856	6	0	0	0	0	1	0	0	0	0	0
C	Marios	25	171	9	1	8_____	102920	6	0	0	0	0	0	0	0	0	1	0
C	Marios	25	171	9	1	8_____	102941	6	0	0	0	0	1	0	0	0	0	0
C	Marios	25	171	9	1	8_____	102944	6	0	0	0	0	0	0	0	0	1	0
C	Marios	25	171	9	1	8_____	102946	6	0	0	0	0	1	0	0	0	0	0
C	Marios	25	171	9	1	8_____	102952	6	0	0	0	0	0	0	0	0	1	0
C	Marios	25	171	9	1	8_____	102954	6	0	0	0	0	1	0	0	0	0	0
C	Marios	25	171	9	1	8_____	103000	6	11	0	0	0	0	0	0	0	0	0
C	Marios	25	171	9	1	8_____	103006	11	0	0	0	0	0	0	0	0	1	0
C	Marios	25	171	9	1	8_____	103007	11	0	0	0	0	1	0	0	0	0	0
C	Marios	25	171	9	1	8_____	103009	11	0	0	0	0	0	0	0	0	1	0
C	Marios	25	171	9	1	8_____	103036	11	0	0	0	0	1	0	0	0	0	0
C	Marios	25	171	9	1	8_____	103047	11	0	0	0	0	0	0	0	0	1	0
C	Marios	25	171	9	1	8_____	103058	11	0	0	0	0	1	0	0	0	0	0
C	Marios	25	171	9	1	8_____	103324	11	0	0	0	0	0	0	0	0	1	0
C	Marios	25	171	9	1	8_____	103500	11	1	0	0	0	0	0	0	0	0	0
C	Marios	25	171	9	1	8_____	104176	1	0	0	0	0	1	0	0	0	0	0
C	Marios	25	171	9	1	8_____	104252	1	0	0	0	0	0	0	0	0	1	0
C	Marios	25	171	9	1	8_____	104277	1	0	0	0	0	1	0	0	0	0	0
C	Marios	25	171	9	1	8_____	104299	1	0	0	0	0	0	0	0	0	1	0
C	Marios	25	171	9	1	8_____	104321	1	0	0	0	0	1	0	0	0	0	0
C	Marios	25	171	9	1	8_____	104329	1	0	0	0	0	0	0	0	0	1	0
C	Marios	25	171	9	1	8_____	104347	1	0	0	0	0	1	0	0	0	0	0
C	Marios	25	171	9	1	8_____	104350	1	0	0	0	0	0	0	0	0	1	0
C	Marios	25	171	9	1	8_____	104352	1	0	0	0	0	1	0	0	0	0	0
C	Marios	25	171	9	1	8_____	104356	1	0	0	0	0	0	0	0	0	1	0
C	Marios	25	171	9	1	8_____	104364	1	0	0	0	0	1	0	0	0	0	0
C	Marios	25	171	9	1	8_____	104378	1	0	0	0	0	0	0	0	0	1	0
C	Marios	25	171	9	1	8_____	104381	1	0	0	0	0	1	0	0	0	0	0
C	Marios	25	171	9	1	8_____	104704	1	0	0	0	0	0	0	0	0	1	0
C	Marios	25	171	9	1	8_____	104735	1	0	0	0	0	1	0	0	0	0	0
C	Marios	25	171	9	1	8_____	104737	1	0	0	0	0	0	0	0	0	1	0
C	Marios	25	171	9	1	8_____	104752	1	0	0	0	0	1	0	0	0	0	0
C	Marios	25	171	9	1	8_____	104758	1	0	0	0	0	0	0	0	0	1	0
C	Marios	25	171	9	1	8_____	106894	1	0	0	0	0	1	0	0	0	0	0
C	Marios	25	171	9	1	8_____	107000	1	2	0	0	0	0	0	0	0	0	0
C	Marios	25	171	9	1	8_____	107008	2	0	0	0	0	0	0	0	0	1	0
C	Marios	25	171	9	1	8_____	107397	2	0	0	0	0	1	0	0	0	0	0
C	Marios	25	171	9	1	8_____	107402	2	0	0	0	0	0	0	0	0	1	0
C	Marios	25	171	9	1	8_____	107415	2	0	0	0	0	1	0	0	0	0	0
C	Marios	25	171	9	1	8_____	107500	2	6	0	0	0	0	0	0	0	0	0
C	Marios	25	171	9	1	8_____	107512	6	0	0	0	0	0	0	0	0	1	0
C	Marios	25	171	9	1	8_____	107552	6	0	0	0	0	1	0	0	0	0	0
C	Marios	25	171	9	1	8_____	107566	6	0	0	0	0	0	0	0	0	1	0
C	Marios	25	171	9	1	8_____	107595	6	0	0	0	0	1	0	0	0	0	0
C	Marios	25	171	9	1	8_____	107618	6	0	0	0	0	0	0	0	0	1	0
C	Marios	25	171	9	1	8_____	107635	6	0	0	0	0	1	0	0	0	0	0
C	Marios	25	171	9	1	8_____	107657	6	0	0	0	0	0	0	0	0	1	0
C	Marios	25	171	9	1	8_____	107705	6	0	0	0	0	1	0	0	0	0	0
C	Marios	25	171	9	1	8_____	107748	6	0	0	0	0	0	0	0	0	1	0
C	Marios	25	171	9	1	8_____	107765	6	0	0	0	0	1	0	0	0	0	0
C	Marios	25	171	9	1	8_____	107767	6	0	0	0	0	0	0	0	0	1	0
C	Marios	25	171	9	1	8_____	107774	6	0	0	0	0	1	0	0	0	0	0
C	Marios	25	171	9	1	8_____	107800	6	0	0	0	0	0	0	0	0	1	0
C	Marios	25	171	9	1	8_____	107834	6	0	0	0	0	1	0	0	0	0	0
C	Marios	25	171	9	1	8_____	107858	6	0	0	0	0	0	0	0	0	1	0
C	Marios	25	171	9	1	8_____	107864	6	0	0	0	0	1	0	0	0	0	0
C	Marios	25	171	9	1	8_____	107869	6	0	0	0	0	0	0	0	0	1	0
C	Marios	25	171	9	1	8_____	107870	6	0	0	0	0	1	0	0	0	0	0
C	Marios	25	171	9	1	8_____	107896	6	0	0	0	0	0	0	0	0	1	0
C	Marios	25	171	9	1	8_____	107977	6	0	0	0	0	1	0	0	0	0	0
C	Marios	25	171	9	1	8_____	108000	6	11	0	0	0	0	0	0	0	0	0
C	Marios	25	171	9	1	8_____	108460	11	0	0	0	0	1	0	0	0	1	0
C	Marios	25	171	9	1	8_____	108490	11	0	0	0	0	0	0	0	0	1	0
C	Marios	25	171	9	1	8_____	108493	11	0	0	0	0	1	0	0	0	0	0
C	Marios	25	171	9	1	8_____	108500	11	1	0	0	0	0	0	0	0	0	0
C	Marios	25	171	9	1	8_____	108507	1	0	0	0	0	0	0	0	0	1	0
C	Marios	25	171	9	1	8_____	108520	1	0	0	0	0	1	0	0	0	0	0
C	Marios	25	171	9	1	8_____	108529	1	0	0	0	0	0	0	0	0	1	0
C	Marios	25	171	9	1	8_____	108530	1	0	0	0	0	1	0	0	0	0	0
C	Marios	25	171	9	1	8_____	108583	1	0	0	0	0	0	0	0	0	1	0
C	Marios	25	171	9	1	8_____	108591	1	0	0	0	0	1	0	0	0	0	0
C	Marios	25	171	9	1	8_____	108609	1	0	0	0	0	0	0	0	0	1	0
C	Marios	25	171	9	1	8_____	108611	1	0	0	0	0	1	0	0	0	0	0
C	Marios	25	171	9	1	8_____	108639	1	0	0	0	0	0	0	0	0	1	0
C	Marios	25	171	9	1	8_____	108678	1	0	0	0	0	1	0	0	0	0	0
C	Marios	25	171	9	1	8_____	108684	1	0	0	0	0	0	0	0	0	1	0
C	Marios	25	171	9	1	8_____	109047	1	0	0	0	0	1	0	0	0	0	0
C	Marios	25	171	9	1	8_____	109300	1	0	0	0	0	1	0	0	0	1	0
C	Marios	25	171	9	1	8_____	109332	1	0	0	0	0	0	0	0	0	1	0
C	Marios	25	171	9	1	8_____	109437	1	0	0	0	0	1	0	0	0	0	0
C	Marios	25	171	9	1	8_____	109736	1	0	0	0	0	0	0	0	0	1	0
C	Marios	25	171	9	1	8_____	111489	1	0	0	0	0	1	0	0	0	0	0
C	Marios	25	171	9	1	8_____	111588	1	0	0	0	0	0	0	0	0	1	0
C	Marios	25	171	9	1	8_____	111722	1	0	0	0	0	1	0	0	0	0	0
C	Marios	25	171	9	1	8_____	111760	1	0	0	0	0	0	0	0	0	1	0
C	Marios	25	171	9	1	8_____	111761	1	0	0	0	0	1	0	0	0	0	0
C	Marios	25	171	9	1	8_____	111764	1	0	0	0	0	0	0	0	0	1	0
C	Marios	25	171	9	1	8_____	111835	1	0	0	0	0	1	0	0	0	0	0
C	Marios	25	171	9	1	8_____	111841	1	0	0	0	0	0	0	0	0	1	0
C	Marios	25	171	9	1	8_____	112015	1	0	0	0	0	1	0	0	0	0	0
C	Marios	25	171	9	1	8_____	112099	1	0	0	0	0	0	0	0	0	1	0
C	Marios	25	171	9	1	8_____	112134	1	0	0	0	0	1	0	0	0	0	0
C	Marios	25	171	9	1	8_____	112146	1	0	0	0	0	0	0	0	0	1	0
C	Marios	25	171	9	1	8_____	112202	1	0	0	0	0	1	0	0	0	0	0
C	Marios	25	171	9	1	8_____	112368	1	0	0	0	0	0	0	0	0	1	0
C	Marios	25	171	9	1	8_____	113750	1	2	0	0	0	0	0	0	0	0	0
C	Marios	25	171	9	1	8_____	114250	2	17	0	0	0	0	0	0	0	0	0
C	Marios	25	171	9	1	8_____	114548	17	0	0	0	0	1	0	0	0	0	0
C	Marios	25	171	9	1	8_____	114561	17	0	0	0	0	0	0	0	0	1	0
C	Marios	25	171	9	1	8_____	114610	17	0	0	0	0	1	0	0	0	0	0
C	Marios	25	171	9	1	8_____	114637	17	0	0	0	0	0	0	0	0	1	0
C	Marios	25	171	9	1	8_____	114658	17	0	0	0	0	1	0	0	0	0	0
C	Marios	25	171	9	1	8_____	114738	17	0	0	0	0	0	0	0	0	1	0
C	Marios	25	171	9	1	8_____	114750	17	15	0	0	0	0	0	0	0	0	0
C	Marios	25	171	9	1	8_____	115250	15	1	0	0	0	0	0	0	0	0	0
C	Marios	25	171	9	1	8_____	116186	1	0	0	0	0	1	0	0	0	0	0
C	Marios	25	171	9	1	8_____	116289	1	0	0	0	0	0	0	0	0	1	0
C	Marios	25	171	9	1	8_____	117842	1	0	0	0	0	1	0	0	0	0	0
C	Marios	25	171	9	1	8_____	117867	1	0	0	0	0	0	0	0	0	1	0
C	Marios	25	171	9	1	8_____	117869	1	0	0	0	0	1	0	0	0	0	0
C	Marios	25	171	9	1	8_____	117911	1	0	0	0	0	0	0	0	0	1	0
C	Marios	25	171	9	1	8_____	118240	1	0	0	0	0	1	0	0	0	0	0
C	Marios	25	171	9	1	8_____	118342	1	0	0	0	0	0	0	0	0	1	0
C	Marios	25	171	9	1	8_____	119399	1	0	0	0	0	1	0	0	0	0	0
C	Marios	25	171	9	1	8_____	119500	1	0	0	0	0	0	0	0	0	1	0
C	Marios	25	171	9	1	8_____	121186	1	0	0	0	0	1	0	0	0	0	0
C	Marios	25	171	9	1	8_____	121250	1	2	0	0	0	0	0	0	0	0	0
C	Marios	25	171	9	1	8_____	121417	2	0	0	0	0	0	0	0	0	1	0
C	Marios	25	171	9	1	8_____	121750	2	16	0	0	0	0	0	0	0	0	0
C	Marios	25	171	9	1	8_____	121826	16	0	0	0	0	1	0	0	0	0	0
C	Marios	25	171	9	1	8_____	121897	16	0	0	0	0	0	0	0	0	1	0
C	Marios	25	171	9	1	8_____	121981	16	0	0	0	0	1	0	0	0	0	0
C	Marios	25	171	9	1	8_____	121984	16	0	0	0	0	0	0	0	0	1	0
C	Marios	25	171	9	1	8_____	121985	16	0	0	0	0	1	0	0	0	0	0
C	Marios	25	171	9	1	8_____	121997	16	0	0	0	0	0	0	0	0	1	0
C	Marios	25	171	9	1	8_____	122001	16	0	0	0	0	1	0	0	0	0	0
C	Marios	25	171	9	1	8_____	122007	16	0	0	0	0	0	0	0	0	1	0
C	Marios	25	171	9	1	8_____	122040	16	0	0	0	0	1	0	0	0	0	0
C	Marios	25	171	9	1	8_____	122047	16	0	0	0	0	0	0	0	0	1	0
C	Marios	25	171	9	1	8_____	122050	16	0	0	0	0	1	0	0	0	0	0
C	Marios	25	171	9	1	8_____	122059	16	0	0	0	0	0	0	0	0	1	0
C	Marios	25	171	9	1	8_____	122066	16	0	0	0	0	1	0	0	0	0	0
C	Marios	25	171	9	1	8_____	122072	16	0	0	0	0	0	0	0	0	1	0
C	Marios	25	171	9	1	8_____	122079	16	0	0	0	0	1	0	0	0	0	0
C	Marios	25	171	9	1	8_____	122188	16	0	0	0	0	0	0	0	0	1	0
C	Marios	25	171	9	1	8_____	122193	16	0	0	0	0	1	0	0	0	0	0
C	Marios	25	171	9	1	8_____	122197	16	0	0	0	0	0	0	0	0	1	0
C	Marios	25	171	9	1	8_____	122209	16	0	0	0	0	1	0	0	0	0	0
C	Marios	25	171	9	1	8_____	122217	16	0	0	0	0	0	0	0	0	1	0
C	Marios	25	171	9	1	8_____	122223	16	0	0	0	0	1	0	0	0	0	0
C	Marios	25	171	9	1	8_____	122250	16	15	0	0	0	0	0	0	0	0	0
C	Marios	25	171	9	1	8_____	122251	15	0	0	0	0	0	0	0	0	1	0
C	Marios	25	171	9	1	8_____	122263	15	0	0	0	0	1	0	0	0	0	0
C	Marios	25	171	9	1	8_____	122300	15	0	0	0	0	0	0	0	0	1	0
C	Marios	25	171	9	1	8_____	122363	15	0	0	0	0	1	0	0	0	0	0
C	Marios	25	171	9	1	8_____	122422	15	0	0	0	0	0	0	0	0	1	0
C	Marios	25	171	9	1	8_____	122750	15	1	0	0	0	0	0	0	0	0	0
C	Marios	25	171	9	1	8_____	124817	1	0	0	0	0	1	0	0	0	0	0
C	Marios	25	171	9	1	8_____	124921	1	0	0	0	0	0	0	0	0	1	0
C	Marios	25	171	9	1	8_____	128043	1	0	0	0	0	1	0	0	0	0	0
C	Marios	25	171	9	1	8_____	128098	1	0	0	0	0	0	0	0	0	1	0
C	Marios	25	171	9	1	8_____	128101	1	0	0	0	0	1	0	0	0	0	0
C	Marios	25	171	9	1	8_____	128112	1	0	0	0	0	0	0	0	0	1	0
C	Marios	25	171	9	1	8_____	128250	1	2	0	0	0	0	0	0	0	0	0
C	Marios	25	171	9	1	8_____	128750	2	7	0	0	0	0	0	0	0	0	0
C	Marios	25	171	9	1	8_____	128790	7	0	0	0	0	1	0	0	0	0	0
C	Marios	25	171	9	1	8_____	128818	7	0	0	0	0	0	0	0	0	1	0
C	Marios	25	171	9	1	8_____	128889	7	0	0	0	0	1	0	0	0	0	0
C	Marios	25	171	9	1	8_____	128952	7	0	0	0	0	0	0	0	0	1	0
C	Marios	25	171	9	1	8_____	128971	7	0	0	0	0	1	0	0	0	0	0
C	Marios	25	171	9	1	8_____	128993	7	0	0	0	0	0	0	0	0	1	0
C	Marios	25	171	9	1	8_____	129021	7	0	0	0	0	1	0	0	0	0	0
C	Marios	25	171	9	1	8_____	129042	7	0	0	0	0	0	0	0	0	1	0
C	Marios	25	171	9	1	8_____	129091	7	0	0	0	0	1	0	0	0	0	0
C	Marios	25	171	9	1	8_____	129114	7	0	0	0	0	0	0	0	0	1	0
C	Marios	25	171	9	1	8_____	129206	7	0	0	0	0	1	0	0	0	0	0
C	Marios	25	171	9	1	8_____	129213	7	0	0	0	0	1	0	0	0	1	0
C	Marios	25	171	9	1	8_____	129248	7	0	0	0	0	0	0	0	0	1	0
C	Marios	25	171	9	1	8_____	129250	7	10	0	0	0	0	0	0	0	0	0
C	Marios	25	171	9	1	8_____	129276	10	0	0	0	0	1	0	0	0	0	0
C	Marios	25	171	9	1	8_____	129559	10	0	0	0	0	0	0	0	0	1	0
C	Marios	25	171	9	1	8_____	129578	10	0	0	0	0	1	0	0	0	0	0
C	Marios	25	171	9	1	8_____	129582	10	0	0	0	0	1	0	0	0	1	0
C	Marios	25	171	9	1	8_____	129750	10	1	0	0	0	0	0	0	0	0	0
C	Marios	25	171	9	1	8_____	129774	1	0	0	0	0	0	0	0	0	1	0
C	Marios	25	171	9	1	8_____	130600	1	0	0	0	0	1	0	0	0	0	0
C	Marios	25	171	9	1	8_____	130609	1	0	0	0	0	0	0	0	0	1	0
C	Marios	25	171	9	1	8_____	130629	1	0	0	0	0	1	0	0	0	0	0
C	Marios	25	171	9	1	8_____	130648	1	0	0	0	0	0	0	0	0	1	0
C	Marios	25	171	9	1	8_____	130655	1	0	0	0	0	1	0	0	0	0	0
C	Marios	25	171	9	1	8_____	130657	1	0	0	0	0	0	0	0	0	1	0
C	Marios	25	171	9	1	8_____	130704	1	0	0	0	0	1	0	0	0	0	0
C	Marios	25	171	9	1	8_____	130706	1	0	0	0	0	0	0	0	0	1	0
C	Marios	25	171	9	1	8_____	130708	1	0	0	0	0	1	0	0	0	0	0
C	Marios	25	171	9	1	8_____	130728	1	0	0	0	0	0	0	0	0	1	0
C	Marios	25	171	9	1	8_____	131632	1	0	0	0	0	1	0	0	0	0	0
C	Marios	25	171	9	1	8_____	131635	1	0	0	0	0	0	0	0	0	1	0
C	Marios	25	171	9	1	8_____	131646	1	0	0	0	0	1	0	0	0	0	0
C	Marios	25	171	9	1	8_____	131689	1	0	0	0	0	0	0	0	0	1	0
C	Marios	25	171	9	1	8_____	131698	1	0	0	0	0	1	0	0	0	0	0
C	Marios	25	171	9	1	8_____	131767	1	0	0	0	0	0	0	0	0	1	0
C	Marios	25	171	9	1	8_____	131791	1	0	0	0	0	1	0	0	0	0	0
C	Marios	25	171	9	1	8_____	131799	1	0	0	0	0	0	0	0	0	1	0
C	Marios	25	171	9	1	8_____	131890	1	0	0	0	0	1	0	0	0	0	0
C	Marios	25	171	9	1	8_____	132610	1	0	0	0	0	0	0	0	0	1	0
C	Marios	25	171	9	1	8_____	132708	1	0	0	0	0	1	0	0	0	0	0
C	Marios	25	171	9	1	8_____	132835	1	0	0	0	0	0	0	0	0	1	0
C	Marios	25	171	9	1	8_____	133156	1	0	0	0	0	1	0	0	0	0	0
C	Marios	25	171	9	1	8_____	133202	1	0	0	0	0	0	0	0	0	1	0
C	Marios	25	171	9	1	8_____	133500	1	2	0	0	0	0	0	0	0	0	0
C	Marios	25	171	9	1	8_____	134000	2	16	0	0	0	0	0	0	0	0	0
C	Marios	25	171	9	1	8_____	134119	16	0	0	0	0	1	0	0	0	0	0
C	Marios	25	171	9	1	8_____	134155	16	0	0	0	0	0	0	0	0	1	0
C	Marios	25	171	9	1	8_____	134500	16	15	0	0	0	0	0	0	0	0	0
C	Marios	25	171	9	1	8_____	135000	15	1	0	0	0	0	0	0	0	0	0
C	Marios	25	171	9	1	8_____	135326	1	0	0	0	0	1	0	0	0	0	0
C	Marios	25	171	9	1	8_____	135347	1	0	0	0	0	0	0	0	0	1	0
C	Marios	25	171	9	1	8_____	136929	1	0	0	0	0	1	0	0	0	0	0
C	Marios	25	171	9	1	8_____	137016	1	0	0	0	0	0	0	0	0	1	0
C	Marios	25	171	9	1	8_____	137670	1	0	0	0	0	1	0	0	0	0	0
C	Marios	25	171	9	1	8_____	137677	1	0	0	0	0	0	0	0	0	1	0
C	Marios	25	171	9	1	8_____	137684	1	0	0	0	0	1	0	0	0	0	0
C	Marios	25	171	9	1	8_____	137690	1	0	0	0	0	0	0	0	0	1	0
C	Marios	25	171	9	1	8_____	137700	1	0	0	0	0	1	0	0	0	0	0
C	Marios	25	171	9	1	8_____	137778	1	0	0	0	0	0	0	0	0	1	0
C	Marios	25	171	9	1	8_____	138097	1	0	0	0	0	1	0	0	0	0	0
C	Marios	25	171	9	1	8_____	138202	1	0	0	0	0	0	0	0	0	1	0
C	Marios	25	171	9	1	8_____	138921	1	0	0	0	0	1	0	0	0	0	0
C	Marios	25	171	9	1	8_____	138926	1	0	0	0	0	0	0	0	0	1	0
C	Marios	25	171	9	1	8_____	138940	1	0	0	0	0	1	0	0	0	0	0
C	Marios	25	171	9	1	8_____	138991	1	0	0	0	0	0	0	0	0	1	0
C	Marios	25	171	9	1	8_____	140508	1	0	0	0	0	1	0	0	0	0	0
C	Marios	25	171	9	1	8_____	140575	1	0	0	0	0	1	0	0	0	1	0
C	Marios	25	171	9	1	8_____	140586	1	0	0	0	0	0	0	0	0	1	0
C	Marios	25	171	9	1	8_____	140590	1	0	0	0	0	1	0	0	0	0	0
C	Marios	25	171	9	1	8_____	140635	1	0	0	0	0	0	0	0	0	1	0
C	Marios	25	171	9	1	8_____	142287	1	0	0	0	0	1	0	0	0	0	0
C	Marios	25	171	9	1	8_____	142366	1	0	0	0	0	0	0	0	0	1	0
C	Marios	25	171	9	1	8_____	142419	1	0	0	0	0	1	0	0	0	0	0
C	Marios	25	171	9	1	8_____	142496	1	0	0	0	0	0	0	0	0	1	0
C	Marios	25	171	9	1	8_____	142500	1	2	0	0	0	0	0	0	0	0	0
C	Marios	25	171	9	1	8_____	143000	2	17	0	0	0	0	0	0	0	0	0
C	Marios	25	171	9	1	8_____	143477	17	0	0	0	0	1	0	0	0	0	0
C	Marios	25	171	9	1	8_____	143500	17	15	0	0	0	0	0	0	0	0	0
C	Marios	25	171	9	1	8_____	143556	15	0	0	0	0	0	0	0	0	1	0
C	Marios	25	171	9	1	8_____	143815	15	0	0	0	0	1	0	0	0	0	0
C	Marios	25	171	9	1	8_____	143820	15	0	0	0	0	0	0	0	0	1	0
C	Marios	25	171	9	1	8_____	143824	15	0	0	0	0	1	0	0	0	0	0
C	Marios	25	171	9	1	8_____	143833	15	0	0	0	0	0	0	0	0	1	0
C	Marios	25	171	9	1	8_____	143836	15	0	0	0	0	1	0	0	0	0	0
C	Marios	25	171	9	1	8_____	143924	15	0	0	0	0	0	0	0	0	1	0
C	Marios	25	171	9	1	8_____	144000	15	14	0	0	0	0	0	0	0	0	0
C	Marios	25	171	9	1	8_____	144035	14	0	0	0	0	1	0	0	0	0	0
C	Marios	25	171	9	1	8_____	144050	14	0	0	0	0	0	0	0	0	1	0
C	Marios	25	171	9	1	8_____	144052	14	0	0	0	0	1	0	0	0	0	0
C	Marios	25	171	9	1	8_____	144057	14	0	0	0	0	0	0	0	0	1	0
C	Marios	25	171	9	1	8_____	144064	14	0	0	0	0	1	0	0	0	0	0
C	Marios	25	171	9	1	8_____	144066	14	0	0	0	0	0	0	0	0	1	0
C	Marios	25	171	9	1	8_____	144068	14	0	0	0	0	1	0	0	0	0	0
C	Marios	25	171	9	1	8_____	144084	14	0	0	0	0	0	0	0	0	1	0
C	Marios	25	171	9	1	8_____	144085	14	0	0	0	0	1	0	0	0	0	0
C	Marios	25	171	9	1	8_____	144210	14	0	0	0	0	0	0	0	0	1	0
C	Marios	25	171	9	1	8_____	144232	14	0	0	0	0	1	0	0	0	0	0
C	Marios	25	171	9	1	8_____	144254	14	0	0	0	0	0	0	0	0	1	0
C	Marios	25	171	9	1	8_____	144271	14	0	0	0	0	1	0	0	0	0	0
C	Marios	25	171	9	1	8_____	144302	14	0	0	0	0	0	0	0	0	1	0
C	Marios	25	171	9	1	8_____	144304	14	0	0	0	0	1	0	0	0	0	0
C	Marios	25	171	9	1	8_____	144332	14	0	0	0	0	0	0	0	0	1	0
C	Marios	25	171	9	1	8_____	146093	14	0	0	0	0	1	0	0	0	0	0
C	Marios	25	171	9	1	8_____	146120	14	0	0	0	0	0	0	0	0	1	0
C	Marios	25	171	9	1	8_____	146121	14	0	0	0	0	1	0	0	0	0	0
C	Marios	25	171	9	1	8_____	146217	14	0	0	0	0	0	0	0	0	1	0
C	Marios	25	171	9	1	8_____	146898	14	0	0	0	0	1	0	0	0	0	0
C	Marios	25	171	9	1	8_____	146962	14	0	0	0	0	0	0	0	0	1	0
C	Marios	25	171	9	1	8_____	147000	14	-1	0	0	0	0	0	0	0	0	0
C	Marios	25	171	13	1	33____	0	0	1	0	0	0	0	0	0	0	0	0
C	Marios	25	171	13	1	33____	921	1	0	0	0	0	1	0	0	0	0	0
C	Marios	25	171	13	1	33____	927	1	0	0	0	0	0	0	0	0	1	0
C	Marios	25	171	13	1	33____	2002	1	0	0	0	0	1	0	0	0	0	0
C	Marios	25	171	13	1	33____	2033	1	0	0	0	0	0	0	0	0	1	0
C	Marios	25	171	13	1	33____	2762	1	0	0	0	0	1	0	0	0	0	0
C	Marios	25	171	13	1	33____	2860	1	0	0	0	0	0	0	0	0	1	0
C	Marios	25	171	13	1	33____	2869	1	0	0	0	0	1	0	0	0	0	0
C	Marios	25	171	13	1	33____	2871	1	0	0	0	0	0	0	0	0	1	0
C	Marios	25	171	13	1	33____	3233	1	0	0	0	0	1	0	0	0	0	0
C	Marios	25	171	13	1	33____	3243	1	0	0	0	0	0	0	0	0	1	0
C	Marios	25	171	13	1	33____	4500	1	2	0	0	0	0	0	0	0	0	0
C	Marios	25	171	13	1	33____	5000	2	16	0	0	0	0	0	0	0	0	0
C	Marios	25	171	13	1	33____	5065	16	0	0	0	0	1	0	0	0	0	0
C	Marios	25	171	13	1	33____	5091	16	0	0	0	0	0	0	0	0	1	0
C	Marios	25	171	13	1	33____	5500	16	15	0	0	0	0	0	0	0	0	0
C	Marios	25	171	13	1	33____	5831	15	0	0	0	0	1	0	0	0	0	0
C	Marios	25	171	13	1	33____	5835	15	0	0	0	0	0	0	0	0	1	0
C	Marios	25	171	13	1	33____	5838	15	0	0	0	0	1	0	0	0	0	0
C	Marios	25	171	13	1	33____	5849	15	0	0	0	0	0	0	0	0	1	0
C	Marios	25	171	13	1	33____	5931	15	0	0	0	0	1	0	0	0	0	0
C	Marios	25	171	13	1	33____	5953	15	0	0	0	0	0	0	0	0	1	0
C	Marios	25	171	13	1	33____	5998	15	0	0	0	0	1	0	0	0	0	0
C	Marios	25	171	13	1	33____	6000	15	1	0	0	0	0	0	0	0	0	0
C	Marios	25	171	13	1	33____	6030	1	0	0	0	0	0	0	0	0	1	0
C	Marios	25	171	13	1	33____	7843	1	0	0	0	0	1	0	0	0	0	0
C	Marios	25	171	13	1	33____	7856	1	0	0	0	0	0	0	0	0	1	0
C	Marios	25	171	13	1	33____	9113	1	0	0	0	0	1	0	0	0	0	0
C	Marios	25	171	13	1	33____	9119	1	0	0	0	0	0	0	0	0	1	0
C	Marios	25	171	13	1	33____	9186	1	0	0	0	0	1	0	0	0	0	0
C	Marios	25	171	13	1	33____	9221	1	0	0	0	0	0	0	0	0	1	0
C	Marios	25	171	13	1	33____	9310	1	0	0	0	0	1	0	0	0	0	0
C	Marios	25	171	13	1	33____	9464	1	0	0	0	0	0	0	0	0	1	0
C	Marios	25	171	13	1	33____	9750	1	2	0	0	0	0	0	0	0	0	0
C	Marios	25	171	13	1	33____	10076	2	0	0	0	0	1	0	0	0	0	0
C	Marios	25	171	13	1	33____	10080	2	0	0	0	0	0	0	0	0	1	0
C	Marios	25	171	13	1	33____	10250	2	17	0	0	0	0	0	0	0	0	0
C	Marios	25	171	13	1	33____	10750	17	15	0	0	0	0	0	0	0	0	0
C	Marios	25	171	13	1	33____	11250	15	1	0	0	0	0	0	0	0	0	0
C	Marios	25	171	13	1	33____	14250	1	2	0	0	0	0	0	0	0	0	0
C	Marios	25	171	13	1	33____	14750	2	7	0	0	0	0	0	0	0	0	0
C	Marios	25	171	13	1	33____	14773	7	0	0	0	0	1	0	0	0	0	0
C	Marios	25	171	13	1	33____	14776	7	0	0	0	0	0	0	0	0	1	0
C	Marios	25	171	13	1	33____	14857	7	0	0	0	0	1	0	0	0	0	0
C	Marios	25	171	13	1	33____	14891	7	0	0	0	0	0	0	0	0	1	0
C	Marios	25	171	13	1	33____	14918	7	0	0	0	0	1	0	0	0	0	0
C	Marios	25	171	13	1	33____	14988	7	0	0	0	0	0	0	0	0	1	0
C	Marios	25	171	13	1	33____	15076	7	0	0	0	0	1	0	0	0	0	0
C	Marios	25	171	13	1	33____	15173	7	0	0	0	0	0	0	0	0	1	0
C	Marios	25	171	13	1	33____	15223	7	0	0	0	0	1	0	0	0	0	0
C	Marios	25	171	13	1	33____	15236	7	0	0	0	0	0	0	0	0	1	0
C	Marios	25	171	13	1	33____	15250	7	10	0	0	0	0	0	0	0	0	0
C	Marios	25	171	13	1	33____	15372	10	0	0	0	0	1	0	0	0	0	0
C	Marios	25	171	13	1	33____	15454	10	0	0	0	0	0	0	0	0	1	0
C	Marios	25	171	13	1	33____	15477	10	0	0	0	0	1	0	0	0	0	0
C	Marios	25	171	13	1	33____	15497	10	0	0	0	0	0	0	0	0	1	0
C	Marios	25	171	13	1	33____	15501	10	0	0	0	0	1	0	0	0	0	0
C	Marios	25	171	13	1	33____	15569	10	0	0	0	0	0	0	0	0	1	0
C	Marios	25	171	13	1	33____	15584	10	0	0	0	0	1	0	0	0	0	0
C	Marios	25	171	13	1	33____	15596	10	0	0	0	0	0	0	0	0	1	0
C	Marios	25	171	13	1	33____	15750	10	1	0	0	0	0	0	0	0	0	0
C	Marios	25	171	13	1	33____	16206	1	0	0	0	0	1	0	0	0	0	0
C	Marios	25	171	13	1	33____	16237	1	0	0	0	0	0	0	0	0	1	0
C	Marios	25	171	13	1	33____	19250	1	2	0	0	0	0	0	0	0	0	0
C	Marios	25	171	13	1	33____	19683	2	0	0	0	0	1	0	0	0	0	0
C	Marios	25	171	13	1	33____	19727	2	0	0	0	0	0	0	0	0	1	0
C	Marios	25	171	13	1	33____	19750	2	17	0	0	0	0	0	0	0	0	0
C	Marios	25	171	13	1	33____	20250	17	15	0	0	0	0	0	0	0	0	0
C	Marios	25	171	13	1	33____	20750	15	1	0	0	0	0	0	0	0	0	0
C	Marios	25	171	13	1	33____	21349	1	0	0	0	0	1	0	0	0	0	0
C	Marios	25	171	13	1	33____	21410	1	0	0	0	0	0	0	0	0	1	0
C	Marios	25	171	13	1	33____	22259	1	0	0	0	0	1	0	0	0	0	0
C	Marios	25	171	13	1	33____	22274	1	0	0	0	0	0	0	0	0	1	0
C	Marios	25	171	13	1	33____	24055	1	0	0	0	0	1	0	0	0	0	0
C	Marios	25	171	13	1	33____	24091	1	0	0	0	0	0	0	0	0	1	0
C	Marios	25	171	13	1	33____	24626	1	0	0	0	0	1	0	0	0	0	0
C	Marios	25	171	13	1	33____	24720	1	0	0	0	0	0	0	0	0	1	0
C	Marios	25	171	13	1	33____	25014	1	0	0	0	0	1	0	0	0	0	0
C	Marios	25	171	13	1	33____	25057	1	0	0	0	0	0	0	0	0	1	0
C	Marios	25	171	13	1	33____	25080	1	0	0	0	0	1	0	0	0	0	0
C	Marios	25	171	13	1	33____	25289	1	0	0	0	0	0	0	0	0	1	0
C	Marios	25	171	13	1	33____	26000	1	2	0	0	0	0	0	0	0	0	0
C	Marios	25	171	13	1	33____	26500	2	6	0	0	0	0	0	0	0	0	0
C	Marios	25	171	13	1	33____	26592	6	0	0	0	0	1	0	0	0	0	0
C	Marios	25	171	13	1	33____	26755	6	0	0	0	0	0	0	0	0	1	0
C	Marios	25	171	13	1	33____	26806	6	0	0	0	0	1	0	0	0	0	0
C	Marios	25	171	13	1	33____	26853	6	0	0	0	0	0	0	0	0	1	0
C	Marios	25	171	13	1	33____	26892	6	0	0	0	0	1	0	0	0	0	0
C	Marios	25	171	13	1	33____	27000	6	11	0	0	0	0	0	0	0	0	0
C	Marios	25	171	13	1	33____	27130	11	0	0	0	0	0	0	0	0	1	0
C	Marios	25	171	13	1	33____	27131	11	0	0	0	0	1	0	0	0	0	0
C	Marios	25	171	13	1	33____	27252	11	0	0	0	0	0	0	0	0	1	0
C	Marios	25	171	13	1	33____	27270	11	0	0	0	0	1	0	0	0	0	0
C	Marios	25	171	13	1	33____	27274	11	0	0	0	0	0	0	0	0	1	0
C	Marios	25	171	13	1	33____	27301	11	0	0	0	0	1	0	0	0	0	0
C	Marios	25	171	13	1	33____	27328	11	0	0	0	0	0	0	0	0	1	0
C	Marios	25	171	13	1	33____	27331	11	0	0	0	0	1	0	0	0	0	0
C	Marios	25	171	13	1	33____	27336	11	0	0	0	0	0	0	0	0	1	0
C	Marios	25	171	13	1	33____	27338	11	0	0	0	0	1	0	0	0	0	0
C	Marios	25	171	13	1	33____	27350	11	0	0	0	0	0	0	0	0	1	0
C	Marios	25	171	13	1	33____	27396	11	0	0	0	0	1	0	0	0	0	0
C	Marios	25	171	13	1	33____	27410	11	0	0	0	0	0	0	0	0	1	0
C	Marios	25	171	13	1	33____	27425	11	0	0	0	0	1	0	0	0	0	0
C	Marios	25	171	13	1	33____	27444	11	0	0	0	0	0	0	0	0	1	0
C	Marios	25	171	13	1	33____	27500	11	1	0	0	0	0	0	0	0	0	0
C	Marios	25	171	13	1	33____	27512	1	0	0	0	0	1	0	0	0	0	0
C	Marios	25	171	13	1	33____	27517	1	0	0	0	0	0	0	0	0	1	0
C	Marios	25	171	13	1	33____	27769	1	0	0	0	0	1	0	0	0	0	0
C	Marios	25	171	13	1	33____	27804	1	0	0	0	0	0	0	0	0	1	0
C	Marios	25	171	13	1	33____	31468	1	0	0	0	0	1	0	0	0	0	0
C	Marios	25	171	13	1	33____	31470	1	0	0	0	0	0	0	0	0	1	0
C	Marios	25	171	13	1	33____	32000	1	2	0	0	0	0	0	0	0	0	0
C	Marios	25	171	13	1	33____	32500	2	16	0	0	0	0	0	0	0	0	0
C	Marios	25	171	13	1	33____	33000	16	15	0	0	0	0	0	0	0	0	0
C	Marios	25	171	13	1	33____	33500	15	1	0	0	0	0	0	0	0	0	0
C	Marios	25	171	13	1	33____	35000	1	2	0	0	0	0	0	0	0	0	0
C	Marios	25	171	13	1	33____	35500	2	16	0	0	0	0	0	0	0	0	0
C	Marios	25	171	13	1	33____	36000	16	15	0	0	0	0	0	0	0	0	0
C	Marios	25	171	13	1	33____	36500	15	1	0	0	0	0	0	0	0	0	0
C	Marios	25	171	13	1	33____	38750	1	2	0	0	0	0	0	0	0	0	0
C	Marios	25	171	13	1	33____	39250	2	17	0	0	0	0	0	0	0	0	0
C	Marios	25	171	13	1	33____	39750	17	15	0	0	0	0	0	0	0	0	0
C	Marios	25	171	13	1	33____	40250	15	1	0	0	0	0	0	0	0	0	0
C	Marios	25	171	13	1	33____	43628	1	0	0	0	0	1	0	0	0	0	0
C	Marios	25	171	13	1	33____	43876	1	0	0	0	0	0	0	0	0	1	0
C	Marios	25	171	13	1	33____	44050	1	0	0	0	0	1	0	0	0	0	0
C	Marios	25	171	13	1	33____	44052	1	0	0	0	0	0	0	0	0	1	0
C	Marios	25	171	13	1	33____	44069	1	0	0	0	0	1	0	0	0	0	0
C	Marios	25	171	13	1	33____	44320	1	0	0	0	0	0	0	0	0	1	0
C	Marios	25	171	13	1	33____	44446	1	0	0	0	0	1	0	0	0	0	0
C	Marios	25	171	13	1	33____	44481	1	0	0	0	0	0	0	0	0	1	0
C	Marios	25	171	13	1	33____	45750	1	2	0	0	0	0	0	0	0	0	0
C	Marios	25	171	13	1	33____	46250	2	6	0	0	0	0	0	0	0	0	0
C	Marios	25	171	13	1	33____	46377	6	0	0	0	0	1	0	0	0	0	0
C	Marios	25	171	13	1	33____	46518	6	0	0	0	0	0	0	0	0	1	0
C	Marios	25	171	13	1	33____	46598	6	0	0	0	0	1	0	0	0	0	0
C	Marios	25	171	13	1	33____	46691	6	0	0	0	0	0	0	0	0	1	0
C	Marios	25	171	13	1	33____	46732	6	0	0	0	0	1	0	0	0	0	0
C	Marios	25	171	13	1	33____	46750	6	11	0	0	0	0	0	0	0	0	0
C	Marios	25	171	13	1	33____	47002	11	0	0	0	0	0	0	0	0	1	0
C	Marios	25	171	13	1	33____	47003	11	0	0	0	0	1	0	0	0	0	0
C	Marios	25	171	13	1	33____	47084	11	0	0	0	0	0	0	0	0	1	0
C	Marios	25	171	13	1	33____	47089	11	0	0	0	0	1	0	0	0	0	0
C	Marios	25	171	13	1	33____	47103	11	0	0	0	0	0	0	0	0	1	0
C	Marios	25	171	13	1	33____	47205	11	0	0	0	0	1	0	0	0	0	0
C	Marios	25	171	13	1	33____	47250	11	1	0	0	0	0	0	0	0	0	0
C	Marios	25	171	13	1	33____	47279	1	0	0	0	0	0	0	0	0	1	0
C	Marios	25	171	13	1	33____	47281	1	0	0	0	0	1	0	0	0	0	0
C	Marios	25	171	13	1	33____	47352	1	0	0	0	0	0	0	0	0	1	0
C	Marios	25	171	13	1	33____	47472	1	0	0	0	0	1	0	0	0	0	0
C	Marios	25	171	13	1	33____	47485	1	0	0	0	0	0	0	0	0	1	0
C	Marios	25	171	13	1	33____	48201	1	0	0	0	0	1	0	0	0	0	0
C	Marios	25	171	13	1	33____	48204	1	0	0	0	0	0	0	0	0	1	0
C	Marios	25	171	13	1	33____	48216	1	0	0	0	0	1	0	0	0	0	0
C	Marios	25	171	13	1	33____	48226	1	0	0	0	0	0	0	0	0	1	0
C	Marios	25	171	13	1	33____	49384	1	0	0	0	0	1	0	0	0	0	0
C	Marios	25	171	13	1	33____	49390	1	0	0	0	0	0	0	0	0	1	0
C	Marios	25	171	13	1	33____	49439	1	0	0	0	0	1	0	0	0	0	0
C	Marios	25	171	13	1	33____	49459	1	0	0	0	0	0	0	0	0	1	0
C	Marios	25	171	13	1	33____	52006	1	0	0	0	0	1	0	0	0	0	0
C	Marios	25	171	13	1	33____	52254	1	0	0	0	0	0	0	0	0	1	0
C	Marios	25	171	13	1	33____	52411	1	0	0	0	0	1	0	0	0	0	0
C	Marios	25	171	13	1	33____	52422	1	0	0	0	0	0	0	0	0	1	0
C	Marios	25	171	13	1	33____	54000	1	2	0	0	0	0	0	0	0	0	0
C	Marios	25	171	13	1	33____	54500	2	16	0	0	0	0	0	0	0	0	0
C	Marios	25	171	13	1	33____	55000	16	15	0	0	0	0	0	0	0	0	0
C	Marios	25	171	13	1	33____	55500	15	1	0	0	0	0	0	0	0	0	0
C	Marios	25	171	13	1	33____	59401	1	0	0	0	0	1	0	0	0	0	0
C	Marios	25	171	13	1	33____	59485	1	0	0	0	0	0	0	0	0	1	0
C	Marios	25	171	13	1	33____	59661	1	0	0	0	0	1	0	0	0	0	0
C	Marios	25	171	13	1	33____	59924	1	0	0	0	0	0	0	0	0	1	0
C	Marios	25	171	13	1	33____	60027	1	0	0	0	0	1	0	0	0	0	0
C	Marios	25	171	13	1	33____	60037	1	0	0	0	0	0	0	0	0	1	0
C	Marios	25	171	13	1	33____	61669	1	0	0	0	0	1	0	0	0	0	0
C	Marios	25	171	13	1	33____	61754	1	0	0	0	0	0	0	0	0	1	0
C	Marios	25	171	13	1	33____	62371	1	0	0	0	0	1	0	0	0	0	0
C	Marios	25	171	13	1	33____	62399	1	0	0	0	0	0	0	0	0	1	0
C	Marios	25	171	13	1	33____	62403	1	0	0	0	0	1	0	0	0	0	0
C	Marios	25	171	13	1	33____	62409	1	0	0	0	0	1	0	0	0	1	0
C	Marios	25	171	13	1	33____	62419	1	0	0	0	0	0	0	0	0	1	0
C	Marios	25	171	13	1	33____	63000	1	2	0	0	0	0	0	0	0	0	0
C	Marios	25	171	13	1	33____	63500	2	17	0	0	0	0	0	0	0	0	0
C	Marios	25	171	13	1	33____	63906	17	0	0	0	0	1	0	0	0	0	0
C	Marios	25	171	13	1	33____	63950	17	0	0	0	0	0	0	0	0	1	0
C	Marios	25	171	13	1	33____	64000	17	15	0	0	0	0	0	0	0	0	0
C	Marios	25	171	13	1	33____	64127	15	0	0	0	0	1	0	0	0	0	0
C	Marios	25	171	13	1	33____	64429	15	0	0	0	0	0	0	0	0	1	0
C	Marios	25	171	13	1	33____	64494	15	0	0	0	0	1	0	0	0	0	0
C	Marios	25	171	13	1	33____	64500	15	1	0	0	0	0	0	0	0	0	0
C	Marios	25	171	13	1	33____	64547	1	0	0	0	0	0	0	0	0	1	0
C	Marios	25	171	13	1	33____	64679	1	0	0	0	0	1	0	0	0	0	0
C	Marios	25	171	13	1	33____	64712	1	0	0	0	0	0	0	0	0	1	0
C	Marios	25	171	13	1	33____	64761	1	0	0	0	0	1	0	0	0	0	0
C	Marios	25	171	13	1	33____	64902	1	0	0	0	0	0	0	0	0	1	0
C	Marios	25	171	13	1	33____	64947	1	0	0	0	0	1	0	0	0	0	0
C	Marios	25	171	13	1	33____	65097	1	0	0	0	0	0	0	0	0	1	0
C	Marios	25	171	13	1	33____	65199	1	0	0	0	0	1	0	0	0	0	0
C	Marios	25	171	13	1	33____	65283	1	0	0	0	0	0	0	0	0	1	0
C	Marios	25	171	13	1	33____	65341	1	0	0	0	0	1	0	0	0	0	0
C	Marios	25	171	13	1	33____	65391	1	0	0	0	0	0	0	0	0	1	0
C	Marios	25	171	13	1	33____	65406	1	0	0	0	0	1	0	0	0	0	0
C	Marios	25	171	13	1	33____	65492	1	0	0	0	0	0	0	0	0	1	0
C	Marios	25	171	13	1	33____	65600	1	0	0	0	0	1	0	0	0	0	0
C	Marios	25	171	13	1	33____	65613	1	0	0	0	0	0	0	0	0	1	0
C	Marios	25	171	13	1	33____	67079	1	0	0	0	0	1	0	0	0	0	0
C	Marios	25	171	13	1	33____	67083	1	0	0	0	0	0	0	0	0	1	0
C	Marios	25	171	13	1	33____	67864	1	0	0	0	0	1	0	0	0	0	0
C	Marios	25	171	13	1	33____	67866	1	0	0	0	0	0	0	0	0	1	0
C	Marios	25	171	13	1	33____	70500	1	2	0	0	0	0	0	0	0	0	0
C	Marios	25	171	13	1	33____	71000	2	7	0	0	0	0	0	0	0	0	0
C	Marios	25	171	13	1	33____	71500	7	10	0	0	0	0	0	0	0	0	0
C	Marios	25	171	13	1	33____	71638	10	0	0	0	0	1	0	0	0	0	0
C	Marios	25	171	13	1	33____	71640	10	0	0	0	0	0	0	0	0	1	0
C	Marios	25	171	13	1	33____	71646	10	0	0	0	0	1	0	0	0	0	0
C	Marios	25	171	13	1	33____	71754	10	0	0	0	0	0	0	0	0	1	0
C	Marios	25	171	13	1	33____	71755	10	0	0	0	0	1	0	0	0	0	0
C	Marios	25	171	13	1	33____	71803	10	0	0	0	0	0	0	0	0	1	0
C	Marios	25	171	13	1	33____	71806	10	0	0	0	0	1	0	0	0	0	0
C	Marios	25	171	13	1	33____	71807	10	0	0	0	0	0	0	0	0	1	0
C	Marios	25	171	13	1	33____	72000	10	1	0	0	0	0	0	0	0	0	0
C	Marios	25	171	13	1	33____	72291	1	0	0	0	0	1	0	0	0	0	0
C	Marios	25	171	13	1	33____	72349	1	0	0	0	0	0	0	0	0	1	0
C	Marios	25	171	13	1	33____	76500	1	2	0	0	0	0	0	0	0	0	0
C	Marios	25	171	13	1	33____	77000	2	7	0	0	0	0	0	0	0	0	0
C	Marios	25	171	13	1	33____	77038	7	0	0	0	0	1	0	0	0	0	0
C	Marios	25	171	13	1	33____	77046	7	0	0	0	0	0	0	0	0	1	0
C	Marios	25	171	13	1	33____	77048	7	0	0	0	0	1	0	0	0	0	0
C	Marios	25	171	13	1	33____	77085	7	0	0	0	0	0	0	0	0	1	0
C	Marios	25	171	13	1	33____	77132	7	0	0	0	0	1	0	0	0	0	0
C	Marios	25	171	13	1	33____	77189	7	0	0	0	0	0	0	0	0	1	0
C	Marios	25	171	13	1	33____	77211	7	0	0	0	0	1	0	0	0	0	0
C	Marios	25	171	13	1	33____	77350	7	0	0	0	0	0	0	0	0	1	0
C	Marios	25	171	13	1	33____	77428	7	0	0	0	0	1	0	0	0	0	0
C	Marios	25	171	13	1	33____	77491	7	0	0	0	0	0	0	0	0	1	0
C	Marios	25	171	13	1	33____	77500	7	10	0	0	0	0	0	0	0	0	0
C	Marios	25	171	13	1	33____	77519	10	0	0	0	0	1	0	0	0	0	0
C	Marios	25	171	13	1	33____	77725	10	0	0	0	0	0	0	0	0	1	0
C	Marios	25	171	13	1	33____	77728	10	0	0	0	0	1	0	0	0	0	0
C	Marios	25	171	13	1	33____	77730	10	0	0	0	0	0	0	0	0	1	0
C	Marios	25	171	13	1	33____	77735	10	0	0	0	0	1	0	0	0	0	0
C	Marios	25	171	13	1	33____	77737	10	0	0	0	0	0	0	0	0	1	0
C	Marios	25	171	13	1	33____	77741	10	0	0	0	0	1	0	0	0	0	0
C	Marios	25	171	13	1	33____	77844	10	0	0	0	0	0	0	0	0	1	0
C	Marios	25	171	13	1	33____	77846	10	0	0	0	0	1	0	0	0	0	0
C	Marios	25	171	13	1	33____	77855	10	0	0	0	0	0	0	0	0	1	0
C	Marios	25	171	13	1	33____	77869	10	0	0	0	0	1	0	0	0	0	0
C	Marios	25	171	13	1	33____	77896	10	0	0	0	0	0	0	0	0	1	0
C	Marios	25	171	13	1	33____	78000	10	1	0	0	0	0	0	0	0	0	0
C	Marios	25	171	13	1	33____	81500	1	2	0	0	0	0	0	0	0	0	0
C	Marios	25	171	13	1	33____	81683	2	0	0	0	0	1	0	0	0	0	0
C	Marios	25	171	13	1	33____	81709	2	0	0	0	0	0	0	0	0	1	0
C	Marios	25	171	13	1	33____	82000	2	17	0	0	0	0	0	0	0	0	0
C	Marios	25	171	13	1	33____	82020	17	0	0	0	0	1	0	0	0	0	0
C	Marios	25	171	13	1	33____	82054	17	0	0	0	0	0	0	0	0	1	0
C	Marios	25	171	13	1	33____	82132	17	0	0	0	0	1	0	0	0	0	0
C	Marios	25	171	13	1	33____	82167	17	0	0	0	0	0	0	0	0	1	0
C	Marios	25	171	13	1	33____	82232	17	0	0	0	0	1	0	0	0	0	0
C	Marios	25	171	13	1	33____	82338	17	0	0	0	0	0	0	0	0	1	0
C	Marios	25	171	13	1	33____	82382	17	0	0	0	0	1	0	0	0	0	0
C	Marios	25	171	13	1	33____	82484	17	0	0	0	0	0	0	0	0	1	0
C	Marios	25	171	13	1	33____	82500	17	15	0	0	0	0	0	0	0	0	0
C	Marios	25	171	13	1	33____	82606	15	0	0	0	0	1	0	0	0	0	0
C	Marios	25	171	13	1	33____	82676	15	0	0	0	0	0	0	0	0	1	0
C	Marios	25	171	13	1	33____	83000	15	1	0	0	0	0	0	0	0	0	0
C	Marios	25	171	13	1	33____	84051	1	0	0	0	0	1	0	0	0	0	0
C	Marios	25	171	13	1	33____	84074	1	0	0	0	0	0	0	0	0	1	0
C	Marios	25	171	13	1	33____	87938	1	0	0	0	0	1	0	0	0	0	0
C	Marios	25	171	13	1	33____	87961	1	0	0	0	0	0	0	0	0	1	0
C	Marios	25	171	13	1	33____	89000	1	2	0	0	0	0	0	0	0	0	0
C	Marios	25	171	13	1	33____	89500	2	17	0	0	0	0	0	0	0	0	0
C	Marios	25	171	13	1	33____	89857	17	0	0	0	0	1	0	0	0	0	0
C	Marios	25	171	13	1	33____	89920	17	0	0	0	0	0	0	0	0	1	0
C	Marios	25	171	13	1	33____	89983	17	0	0	0	0	1	0	0	0	0	0
C	Marios	25	171	13	1	33____	90000	17	15	0	0	0	0	0	0	0	0	0
C	Marios	25	171	13	1	33____	90116	15	0	0	0	0	0	0	0	0	1	0
C	Marios	25	171	13	1	33____	90500	15	1	0	0	0	0	0	0	0	0	0
C	Marios	25	171	13	1	33____	91179	1	0	0	0	0	1	0	0	0	0	0
C	Marios	25	171	13	1	33____	91238	1	0	0	0	0	0	0	0	0	1	0
C	Marios	25	171	13	1	33____	91815	1	0	0	0	0	1	0	0	0	0	0
C	Marios	25	171	13	1	33____	91837	1	0	0	0	0	0	0	0	0	1	0
C	Marios	25	171	13	1	33____	92837	1	0	0	0	0	1	0	0	0	0	0
C	Marios	25	171	13	1	33____	92902	1	0	0	0	0	0	0	0	0	1	0
C	Marios	25	171	13	1	33____	96904	1	0	0	0	0	1	0	0	0	0	0
C	Marios	25	171	13	1	33____	96941	1	0	0	0	0	0	0	0	0	1	0
C	Marios	25	171	13	1	33____	97899	1	0	0	0	0	1	0	0	0	0	0
C	Marios	25	171	13	1	33____	97977	1	0	0	0	0	0	0	0	0	1	0
C	Marios	25	171	13	1	33____	98000	1	2	0	0	0	0	0	0	0	0	0
C	Marios	25	171	13	1	33____	98500	2	16	0	0	0	0	0	0	0	0	0
C	Marios	25	171	13	1	33____	98761	16	0	0	0	0	1	0	0	0	0	0
C	Marios	25	171	13	1	33____	99000	16	15	0	0	0	0	0	0	0	0	0
C	Marios	25	171	13	1	33____	99047	15	0	0	0	0	0	0	0	0	1	0
C	Marios	25	171	13	1	33____	99153	15	0	0	0	0	1	0	0	0	0	0
C	Marios	25	171	13	1	33____	99186	15	0	0	0	0	0	0	0	0	1	0
C	Marios	25	171	13	1	33____	99369	15	0	0	0	0	1	0	0	0	0	0
C	Marios	25	171	13	1	33____	99438	15	0	0	0	0	0	0	0	0	1	0
C	Marios	25	171	13	1	33____	99500	15	1	0	0	0	0	0	0	0	0	0
C	Marios	25	171	13	1	33____	100231	1	0	0	0	0	1	0	0	0	0	0
C	Marios	25	171	13	1	33____	100284	1	0	0	0	0	0	0	0	0	1	0
C	Marios	25	171	13	1	33____	101750	1	2	0	0	0	0	0	0	0	0	0
C	Marios	25	171	13	1	33____	102250	2	6	0	0	0	0	0	0	0	0	0
C	Marios	25	171	13	1	33____	102281	6	0	0	0	0	1	0	0	0	0	0
C	Marios	25	171	13	1	33____	102470	6	0	0	0	0	0	0	0	0	1	0
C	Marios	25	171	13	1	33____	102525	6	0	0	0	0	1	0	0	0	0	0
C	Marios	25	171	13	1	33____	102596	6	0	0	0	0	0	0	0	0	1	0
C	Marios	25	171	13	1	33____	102666	6	0	0	0	0	1	0	0	0	0	0
C	Marios	25	171	13	1	33____	102750	6	11	0	0	0	0	0	0	0	0	0
C	Marios	25	171	13	1	33____	102755	11	0	0	0	0	0	0	0	0	1	0
C	Marios	25	171	13	1	33____	102758	11	0	0	0	0	1	0	0	0	0	0
C	Marios	25	171	13	1	33____	103019	11	0	0	0	0	1	0	0	0	1	0
C	Marios	25	171	13	1	33____	103062	11	0	0	0	0	0	0	0	0	1	0
C	Marios	25	171	13	1	33____	103065	11	0	0	0	0	1	0	0	0	0	0
C	Marios	25	171	13	1	33____	103070	11	0	0	0	0	0	0	0	0	1	0
C	Marios	25	171	13	1	33____	103073	11	0	0	0	0	1	0	0	0	0	0
C	Marios	25	171	13	1	33____	103097	11	0	0	0	0	0	0	0	0	1	0
C	Marios	25	171	13	1	33____	103100	11	0	0	0	0	1	0	0	0	0	0
C	Marios	25	171	13	1	33____	103104	11	0	0	0	0	0	0	0	0	1	0
C	Marios	25	171	13	1	33____	103110	11	0	0	0	0	1	0	0	0	0	0
C	Marios	25	171	13	1	33____	103113	11	0	0	0	0	0	0	0	0	1	0
C	Marios	25	171	13	1	33____	103121	11	0	0	0	0	1	0	0	0	0	0
C	Marios	25	171	13	1	33____	103123	11	0	0	0	0	0	0	0	0	1	0
C	Marios	25	171	13	1	33____	103130	11	0	0	0	0	1	0	0	0	0	0
C	Marios	25	171	13	1	33____	103133	11	0	0	0	0	0	0	0	0	1	0
C	Marios	25	171	13	1	33____	103136	11	0	0	0	0	1	0	0	0	0	0
C	Marios	25	171	13	1	33____	103143	11	0	0	0	0	0	0	0	0	1	0
C	Marios	25	171	13	1	33____	103145	11	0	0	0	0	1	0	0	0	0	0
C	Marios	25	171	13	1	33____	103150	11	0	0	0	0	0	0	0	0	1	0
C	Marios	25	171	13	1	33____	103154	11	0	0	0	0	1	0	0	0	0	0
C	Marios	25	171	13	1	33____	103156	11	0	0	0	0	0	0	0	0	1	0
C	Marios	25	171	13	1	33____	103250	11	1	0	0	0	0	0	0	0	0	0
C	Marios	25	171	13	1	33____	103655	1	0	0	0	0	1	0	0	0	0	0
C	Marios	25	171	13	1	33____	103663	1	0	0	0	0	0	0	0	0	1	0
C	Marios	25	171	13	1	33____	103672	1	0	0	0	0	1	0	0	0	0	0
C	Marios	25	171	13	1	33____	103735	1	0	0	0	0	1	0	0	0	1	0
C	Marios	25	171	13	1	33____	103737	1	0	0	0	0	0	0	0	0	1	0
C	Marios	25	171	13	1	33____	103765	1	0	0	0	0	1	0	0	0	0	0
C	Marios	25	171	13	1	33____	103804	1	0	0	0	0	0	0	0	0	1	0
C	Marios	25	171	13	1	33____	106883	1	0	0	0	0	1	0	0	0	0	0
C	Marios	25	171	13	1	33____	107060	1	0	0	0	0	0	0	0	0	1	0
C	Marios	25	171	13	1	33____	107853	1	0	0	0	0	1	0	0	0	0	0
C	Marios	25	171	13	1	33____	107904	1	0	0	0	0	0	0	0	0	1	0
C	Marios	25	171	13	1	33____	108750	1	2	0	0	0	0	0	0	0	0	0
C	Marios	25	171	13	1	33____	109250	2	16	0	0	0	0	0	0	0	0	0
C	Marios	25	171	13	1	33____	109461	16	0	0	0	0	1	0	0	0	0	0
C	Marios	25	171	13	1	33____	109557	16	0	0	0	0	0	0	0	0	1	0
C	Marios	25	171	13	1	33____	109653	16	0	0	0	0	1	0	0	0	0	0
C	Marios	25	171	13	1	33____	109750	16	15	0	0	0	0	0	0	0	0	0
C	Marios	25	171	13	1	33____	109865	15	0	0	0	0	0	0	0	0	1	0
C	Marios	25	171	13	1	33____	109979	15	0	0	0	0	1	0	0	0	0	0
C	Marios	25	171	13	1	33____	110056	15	0	0	0	0	0	0	0	0	1	0
C	Marios	25	171	13	1	33____	110250	15	1	0	0	0	0	0	0	0	0	0
C	Marios	25	171	13	1	33____	110427	1	0	0	0	0	1	0	0	0	0	0
C	Marios	25	171	13	1	33____	110645	1	0	0	0	0	0	0	0	0	1	0
C	Marios	25	171	13	1	33____	110705	1	0	0	0	0	1	0	0	0	0	0
C	Marios	25	171	13	1	33____	110834	1	0	0	0	0	0	0	0	0	1	0
C	Marios	25	171	13	1	33____	110903	1	0	0	0	0	1	0	0	0	0	0
C	Marios	25	171	13	1	33____	110919	1	0	0	0	0	0	0	0	0	1	0
C	Marios	25	171	13	1	33____	111079	1	0	0	0	0	1	0	0	0	0	0
C	Marios	25	171	13	1	33____	111248	1	0	0	0	0	0	0	0	0	1	0
C	Marios	25	171	13	1	33____	111750	1	2	0	0	0	0	0	0	0	0	0
C	Marios	25	171	13	1	33____	112250	2	17	0	0	0	0	0	0	0	0	0
C	Marios	25	171	13	1	33____	112448	17	0	0	0	0	1	0	0	0	0	0
C	Marios	25	171	13	1	33____	112508	17	0	0	0	0	0	0	0	0	1	0
C	Marios	25	171	13	1	33____	112589	17	0	0	0	0	1	0	0	0	0	0
C	Marios	25	171	13	1	33____	112713	17	0	0	0	0	0	0	0	0	1	0
C	Marios	25	171	13	1	33____	112750	17	15	0	0	0	0	0	0	0	0	0
C	Marios	25	171	13	1	33____	112776	15	0	0	0	0	1	0	0	0	0	0
C	Marios	25	171	13	1	33____	112884	15	0	0	0	0	0	0	0	0	1	0
C	Marios	25	171	13	1	33____	113054	15	0	0	0	0	1	0	0	0	0	0
C	Marios	25	171	13	1	33____	113058	15	0	0	0	0	0	0	0	0	1	0
C	Marios	25	171	13	1	33____	113063	15	0	0	0	0	1	0	0	0	0	0
C	Marios	25	171	13	1	33____	113068	15	0	0	0	0	0	0	0	0	1	0
C	Marios	25	171	13	1	33____	113118	15	0	0	0	0	1	0	0	0	0	0
C	Marios	25	171	13	1	33____	113167	15	0	0	0	0	0	0	0	0	1	0
C	Marios	25	171	13	1	33____	113176	15	0	0	0	0	1	0	0	0	0	0
C	Marios	25	171	13	1	33____	113215	15	0	0	0	0	0	0	0	0	1	0
C	Marios	25	171	13	1	33____	113219	15	0	0	0	0	1	0	0	0	0	0
C	Marios	25	171	13	1	33____	113250	15	1	0	0	0	0	0	0	0	0	0
C	Marios	25	171	13	1	33____	113275	1	0	0	0	0	0	0	0	0	1	0
C	Marios	25	171	13	1	33____	116250	1	2	0	0	0	0	0	0	0	0	0
C	Marios	25	171	13	1	33____	116690	2	0	0	0	0	1	0	0	0	0	0
C	Marios	25	171	13	1	33____	116711	2	0	0	0	0	0	0	0	0	1	0
C	Marios	25	171	13	1	33____	116750	2	16	0	0	0	0	0	0	0	0	0
C	Marios	25	171	13	1	33____	117250	16	15	0	0	0	0	0	0	0	0	0
C	Marios	25	171	13	1	33____	117519	15	0	0	0	0	1	0	0	0	0	0
C	Marios	25	171	13	1	33____	117577	15	0	0	0	0	0	0	0	0	1	0
C	Marios	25	171	13	1	33____	117750	15	1	0	0	0	0	0	0	0	0	0
C	Marios	25	171	13	1	33____	117888	1	0	0	0	0	1	0	0	0	0	0
C	Marios	25	171	13	1	33____	117896	1	0	0	0	0	0	0	0	0	1	0
C	Marios	25	171	13	1	33____	119841	1	0	0	0	0	1	0	0	0	0	0
C	Marios	25	171	13	1	33____	119883	1	0	0	0	0	0	0	0	0	1	0
C	Marios	25	171	13	1	33____	123000	1	2	0	0	0	0	0	0	0	0	0
C	Marios	25	171	13	1	33____	123500	2	16	0	0	0	0	0	0	0	0	0
C	Marios	25	171	13	1	33____	123669	16	0	0	0	0	1	0	0	0	0	0
C	Marios	25	171	13	1	33____	123882	16	0	0	0	0	0	0	0	0	1	0
C	Marios	25	171	13	1	33____	124000	16	15	0	0	0	0	0	0	0	0	0
C	Marios	25	171	13	1	33____	124500	15	1	0	0	0	0	0	0	0	0	0
C	Marios	25	171	13	1	33____	126106	1	0	0	0	0	1	0	0	0	0	0
C	Marios	25	171	13	1	33____	126136	1	0	0	0	0	0	0	0	0	1	0
C	Marios	25	171	13	1	33____	129000	1	2	0	0	0	0	0	0	0	0	0
C	Marios	25	171	13	1	33____	129407	2	0	0	0	0	1	0	0	0	0	0
C	Marios	25	171	13	1	33____	129475	2	0	0	0	0	0	0	0	0	1	0
C	Marios	25	171	13	1	33____	129500	2	6	0	0	0	0	0	0	0	0	0
C	Marios	25	171	13	1	33____	129518	6	0	0	0	0	1	0	0	0	0	0
C	Marios	25	171	13	1	33____	129632	6	0	0	0	0	0	0	0	0	1	0
C	Marios	25	171	13	1	33____	129678	6	0	0	0	0	1	0	0	0	0	0
C	Marios	25	171	13	1	33____	129750	6	0	0	0	0	0	0	0	0	1	0
C	Marios	25	171	13	1	33____	129783	6	0	0	0	0	1	0	0	0	0	0
C	Marios	25	171	13	1	33____	129825	6	0	0	0	0	0	0	0	0	1	0
C	Marios	25	171	13	1	33____	129854	6	0	0	0	0	1	0	0	0	0	0
C	Marios	25	171	13	1	33____	129969	6	0	0	0	0	0	0	0	0	1	0
C	Marios	25	171	13	1	33____	130000	6	11	0	0	0	0	0	0	0	0	0
C	Marios	25	171	13	1	33____	130016	11	0	0	0	0	1	0	0	0	0	0
C	Marios	25	171	13	1	33____	130212	11	0	0	0	0	0	0	0	0	1	0
C	Marios	25	171	13	1	33____	130214	11	0	0	0	0	1	0	0	0	0	0
C	Marios	25	171	13	1	33____	130228	11	0	0	0	0	0	0	0	0	1	0
C	Marios	25	171	13	1	33____	130231	11	0	0	0	0	1	0	0	0	0	0
C	Marios	25	171	13	1	33____	130235	11	0	0	0	0	0	0	0	0	1	0
C	Marios	25	171	13	1	33____	130240	11	0	0	0	0	1	0	0	0	0	0
C	Marios	25	171	13	1	33____	130243	11	0	0	0	0	0	0	0	0	1	0
C	Marios	25	171	13	1	33____	130245	11	0	0	0	0	1	0	0	0	0	0
C	Marios	25	171	13	1	33____	130274	11	0	0	0	0	0	0	0	0	1	0
C	Marios	25	171	13	1	33____	130275	11	0	0	0	0	1	0	0	0	0	0
C	Marios	25	171	13	1	33____	130343	11	0	0	0	0	0	0	0	0	1	0
C	Marios	25	171	13	1	33____	130354	11	0	0	0	0	1	0	0	0	0	0
C	Marios	25	171	13	1	33____	130467	11	0	0	0	0	1	0	0	0	1	0
C	Marios	25	171	13	1	33____	130490	11	0	0	0	0	0	0	0	0	1	0
C	Marios	25	171	13	1	33____	130499	11	0	0	0	0	1	0	0	0	0	0
C	Marios	25	171	13	1	33____	130500	11	1	0	0	0	0	0	0	0	0	0
C	Marios	25	171	13	1	33____	130505	1	0	0	0	0	0	0	0	0	1	0
C	Marios	25	171	13	1	33____	130508	1	0	0	0	0	1	0	0	0	0	0
C	Marios	25	171	13	1	33____	130512	1	0	0	0	0	1	0	0	0	1	0
C	Marios	25	171	13	1	33____	130514	1	0	0	0	0	0	0	0	0	1	0
C	Marios	25	171	13	1	33____	130527	1	0	0	0	0	1	0	0	0	0	0
C	Marios	25	171	13	1	33____	130536	1	0	0	0	0	0	0	0	0	1	0
C	Marios	25	171	13	1	33____	130555	1	0	0	0	0	1	0	0	0	0	0
C	Marios	25	171	13	1	33____	130562	1	0	0	0	0	0	0	0	0	1	0
C	Marios	25	171	13	1	33____	130696	1	0	0	0	0	1	0	0	0	0	0
C	Marios	25	171	13	1	33____	130713	1	0	0	0	0	0	0	0	0	1	0
C	Marios	25	171	13	1	33____	130716	1	0	0	0	0	1	0	0	0	0	0
C	Marios	25	171	13	1	33____	130718	1	0	0	0	0	0	0	0	0	1	0
C	Marios	25	171	13	1	33____	130719	1	0	0	0	0	1	0	0	0	0	0
C	Marios	25	171	13	1	33____	130721	1	0	0	0	0	0	0	0	0	1	0
C	Marios	25	171	13	1	33____	130739	1	0	0	0	0	1	0	0	0	0	0
C	Marios	25	171	13	1	33____	130743	1	0	0	0	0	0	0	0	0	1	0
C	Marios	25	171	13	1	33____	131190	1	0	0	0	0	1	0	0	0	0	0
C	Marios	25	171	13	1	33____	131232	1	0	0	0	0	0	0	0	0	1	0
C	Marios	25	171	13	1	33____	135334	1	0	0	0	0	1	0	0	0	0	0
C	Marios	25	171	13	1	33____	135394	1	0	0	0	0	0	0	0	0	1	0
C	Marios	25	171	13	1	33____	135707	1	0	0	0	0	1	0	0	0	0	0
C	Marios	25	171	13	1	33____	135743	1	0	0	0	0	0	0	0	0	1	0
C	Marios	25	171	13	1	33____	137065	1	0	0	0	0	1	0	0	0	0	0
C	Marios	25	171	13	1	33____	137158	1	0	0	0	0	0	0	0	0	1	0
C	Marios	25	171	13	1	33____	137250	1	2	0	0	0	0	0	0	0	0	0
C	Marios	25	171	13	1	33____	137750	2	17	0	0	0	0	0	0	0	0	0
C	Marios	25	171	13	1	33____	138139	17	0	0	0	0	1	0	0	0	0	0
C	Marios	25	171	13	1	33____	138204	17	0	0	0	0	0	0	0	0	1	0
C	Marios	25	171	13	1	33____	138250	17	15	0	0	0	0	0	0	0	0	0
C	Marios	25	171	13	1	33____	138432	15	0	0	0	0	1	0	0	0	0	0
C	Marios	25	171	13	1	33____	138436	15	0	0	0	0	0	0	0	0	1	0
C	Marios	25	171	13	1	33____	138750	15	1	0	0	0	0	0	0	0	0	0
C	Marios	25	171	13	1	33____	139051	1	0	0	0	0	1	0	0	0	0	0
C	Marios	25	171	13	1	33____	139095	1	0	0	0	0	0	0	0	0	1	0
C	Marios	25	171	13	1	33____	140858	1	0	0	0	0	1	0	0	0	0	0
C	Marios	25	171	13	1	33____	141018	1	0	0	0	0	0	0	0	0	1	0
C	Marios	25	171	13	1	33____	141572	1	0	0	0	0	1	0	0	0	0	0
C	Marios	25	171	13	1	33____	141619	1	0	0	0	0	0	0	0	0	1	0
C	Marios	25	171	13	1	33____	142500	1	2	0	0	0	0	0	0	0	0	0
C	Marios	25	171	13	1	33____	143000	2	7	0	0	0	0	0	0	0	0	0
C	Marios	25	171	13	1	33____	143144	7	0	0	0	0	1	0	0	0	0	0
C	Marios	25	171	13	1	33____	143234	7	0	0	0	0	0	0	0	0	1	0
C	Marios	25	171	13	1	33____	143258	7	0	0	0	0	1	0	0	0	0	0
C	Marios	25	171	13	1	33____	143298	7	0	0	0	0	0	0	0	0	1	0
C	Marios	25	171	13	1	33____	143351	7	0	0	0	0	1	0	0	0	0	0
C	Marios	25	171	13	1	33____	143500	7	10	0	0	0	0	0	0	0	0	0
C	Marios	25	171	13	1	33____	143832	10	0	0	0	0	0	0	0	0	1	0
C	Marios	25	171	13	1	33____	143851	10	0	0	0	0	1	0	0	0	0	0
C	Marios	25	171	13	1	33____	143856	10	0	0	0	0	0	0	0	0	1	0
C	Marios	25	171	13	1	33____	144000	10	14	0	0	0	0	0	0	0	0	0
C	Marios	25	171	13	1	33____	144443	14	0	0	0	0	1	0	0	0	0	0
C	Marios	25	171	13	1	33____	144454	14	0	0	0	0	0	0	0	0	1	0
C	Marios	25	171	13	1	33____	147000	14	-1	0	0	0	0	0	0	0	0	0
