Project	UserID	Protocol	Session	Station	Run	Subject	Time	Current State	Transition State	Transition Event	A1 - LLR	A2 - RLR	A3 - MAG	A4 - 	A[1] LLR_OFF	A[2] RLR_OFF	A[3] MAG_OFF	A[4] 
C	Marios	23	162	1	1	7_____	0	0	1	0	0	0	0	0	0	0	0	0
C	Marios	23	162	1	1	7_____	621	1	0	0	0	0	1	0	0	0	0	0
C	Marios	23	162	1	1	7_____	654	1	0	0	0	0	0	0	0	0	1	0
C	Marios	23	162	1	1	7_____	4031	1	0	0	0	0	1	0	0	0	0	0
C	Marios	23	162	1	1	7_____	4033	1	0	0	0	0	0	0	0	0	1	0
C	Marios	23	162	1	1	7_____	4049	1	0	0	0	0	1	0	0	0	0	0
C	Marios	23	162	1	1	7_____	4076	1	0	0	0	0	0	0	0	0	1	0
C	Marios	23	162	1	1	7_____	4101	1	0	0	0	0	1	0	0	0	0	0
C	Marios	23	162	1	1	7_____	4160	1	0	0	0	0	0	0	0	0	1	0
C	Marios	23	162	1	1	7_____	4500	1	2	0	0	0	0	0	0	0	0	0
C	Marios	23	162	1	1	7_____	5000	2	6	0	0	0	0	0	0	0	0	0
C	Marios	23	162	1	1	7_____	5181	6	0	0	0	0	1	0	0	0	0	0
C	Marios	23	162	1	1	7_____	5196	6	0	0	0	0	0	0	0	0	1	0
C	Marios	23	162	1	1	7_____	5232	6	0	0	0	0	1	0	0	0	0	0
C	Marios	23	162	1	1	7_____	5239	6	0	0	0	0	0	0	0	0	1	0
C	Marios	23	162	1	1	7_____	5331	6	0	0	0	0	1	0	0	0	0	0
C	Marios	23	162	1	1	7_____	5352	6	0	0	0	0	0	0	0	0	1	0
C	Marios	23	162	1	1	7_____	5408	6	0	0	0	0	1	0	0	0	0	0
C	Marios	23	162	1	1	7_____	5421	6	0	0	0	0	0	0	0	0	1	0
C	Marios	23	162	1	1	7_____	5491	6	0	0	0	0	1	0	0	0	0	0
C	Marios	23	162	1	1	7_____	5500	6	11	0	0	0	0	0	0	0	0	0
C	Marios	23	162	1	1	7_____	5591	11	0	0	0	0	0	0	0	0	1	0
C	Marios	23	162	1	1	7_____	6000	11	1	0	0	0	0	0	0	0	0	0
C	Marios	23	162	1	1	7_____	7923	1	0	0	0	0	1	0	0	0	0	0
C	Marios	23	162	1	1	7_____	7986	1	0	0	0	0	0	0	0	0	1	0
C	Marios	23	162	1	1	7_____	10444	1	0	0	0	0	1	0	0	0	0	0
C	Marios	23	162	1	1	7_____	10489	1	0	0	0	0	0	0	0	0	1	0
C	Marios	23	162	1	1	7_____	10509	1	0	0	0	0	1	0	0	0	0	0
C	Marios	23	162	1	1	7_____	10594	1	0	0	0	0	0	0	0	0	1	0
C	Marios	23	162	1	1	7_____	12505	1	0	0	0	0	1	0	0	0	0	0
C	Marios	23	162	1	1	7_____	12535	1	0	0	0	0	0	0	0	0	1	0
C	Marios	23	162	1	1	7_____	13042	1	0	0	0	0	1	0	0	0	0	0
C	Marios	23	162	1	1	7_____	13045	1	0	0	0	0	0	0	0	0	1	0
C	Marios	23	162	1	1	7_____	13100	1	0	0	0	0	1	0	0	0	0	0
C	Marios	23	162	1	1	7_____	13124	1	0	0	0	0	0	0	0	0	1	0
C	Marios	23	162	1	1	7_____	13285	1	0	0	0	0	1	0	0	0	0	0
C	Marios	23	162	1	1	7_____	13296	1	0	0	0	0	0	0	0	0	1	0
C	Marios	23	162	1	1	7_____	13467	1	0	0	0	0	1	0	0	0	0	0
C	Marios	23	162	1	1	7_____	13480	1	0	0	0	0	0	0	0	0	1	0
C	Marios	23	162	1	1	7_____	13500	1	2	0	0	0	0	0	0	0	0	0
C	Marios	23	162	1	1	7_____	13967	2	0	0	0	0	1	0	0	0	0	0
C	Marios	23	162	1	1	7_____	14000	2	16	0	0	0	0	0	0	0	0	0
C	Marios	23	162	1	1	7_____	14012	16	0	0	0	0	0	0	0	0	1	0
C	Marios	23	162	1	1	7_____	14500	16	15	0	0	0	0	0	0	0	0	0
C	Marios	23	162	1	1	7_____	15000	15	1	0	0	0	0	0	0	0	0	0
C	Marios	23	162	1	1	7_____	15863	1	0	0	0	0	1	0	0	0	0	0
C	Marios	23	162	1	1	7_____	15962	1	0	0	0	0	0	0	0	0	1	0
C	Marios	23	162	1	1	7_____	17300	1	0	0	0	0	1	0	0	0	0	0
C	Marios	23	162	1	1	7_____	17315	1	0	0	0	0	0	0	0	0	1	0
C	Marios	23	162	1	1	7_____	18500	1	2	0	0	0	0	0	0	0	0	0
C	Marios	23	162	1	1	7_____	19000	2	7	0	0	0	0	0	0	0	0	0
C	Marios	23	162	1	1	7_____	19114	7	0	0	0	0	1	0	0	0	0	0
C	Marios	23	162	1	1	7_____	19143	7	0	0	0	0	0	0	0	0	1	0
C	Marios	23	162	1	1	7_____	19185	7	0	0	0	0	1	0	0	0	0	0
C	Marios	23	162	1	1	7_____	19207	7	0	0	0	0	0	0	0	0	1	0
C	Marios	23	162	1	1	7_____	19229	7	0	0	0	0	1	0	0	0	0	0
C	Marios	23	162	1	1	7_____	19253	7	0	0	0	0	0	0	0	0	1	0
C	Marios	23	162	1	1	7_____	19256	7	0	0	0	0	1	0	0	0	0	0
C	Marios	23	162	1	1	7_____	19287	7	0	0	0	0	0	0	0	0	1	0
C	Marios	23	162	1	1	7_____	19318	7	0	0	0	0	1	0	0	0	0	0
C	Marios	23	162	1	1	7_____	19496	7	0	0	0	0	0	0	0	0	1	0
C	Marios	23	162	1	1	7_____	19500	7	10	0	0	0	0	0	0	0	0	0
C	Marios	23	162	1	1	7_____	19523	10	0	0	0	0	1	0	0	0	0	0
C	Marios	23	162	1	1	7_____	19750	10	0	0	0	0	0	0	0	0	1	0
C	Marios	23	162	1	1	7_____	20000	10	1	0	0	0	0	0	0	0	0	0
C	Marios	23	162	1	1	7_____	20155	1	0	0	0	0	1	0	0	0	0	0
C	Marios	23	162	1	1	7_____	20160	1	0	0	0	0	1	0	0	0	1	0
C	Marios	23	162	1	1	7_____	20170	1	0	0	0	0	0	0	0	0	1	0
C	Marios	23	162	1	1	7_____	20176	1	0	0	0	0	1	0	0	0	0	0
C	Marios	23	162	1	1	7_____	20178	1	0	0	0	0	0	0	0	0	1	0
C	Marios	23	162	1	1	7_____	20182	1	0	0	0	0	1	0	0	0	0	0
C	Marios	23	162	1	1	7_____	20197	1	0	0	0	0	0	0	0	0	1	0
C	Marios	23	162	1	1	7_____	20212	1	0	0	0	0	1	0	0	0	0	0
C	Marios	23	162	1	1	7_____	20222	1	0	0	0	0	0	0	0	0	1	0
C	Marios	23	162	1	1	7_____	20233	1	0	0	0	0	1	0	0	0	0	0
C	Marios	23	162	1	1	7_____	20248	1	0	0	0	0	0	0	0	0	1	0
C	Marios	23	162	1	1	7_____	20345	1	0	0	0	0	1	0	0	0	0	0
C	Marios	23	162	1	1	7_____	20366	1	0	0	0	0	0	0	0	0	1	0
C	Marios	23	162	1	1	7_____	22105	1	0	0	0	0	1	0	0	0	0	0
C	Marios	23	162	1	1	7_____	22117	1	0	0	0	0	0	0	0	0	1	0
C	Marios	23	162	1	1	7_____	23650	1	0	0	0	0	1	0	0	0	0	0
C	Marios	23	162	1	1	7_____	23711	1	0	0	0	0	0	0	0	0	1	0
C	Marios	23	162	1	1	7_____	23762	1	0	0	0	0	1	0	0	0	0	0
C	Marios	23	162	1	1	7_____	23766	1	0	0	0	0	0	0	0	0	1	0
C	Marios	23	162	1	1	7_____	23776	1	0	0	0	0	1	0	0	0	0	0
C	Marios	23	162	1	1	7_____	23778	1	0	0	0	0	0	0	0	0	1	0
C	Marios	23	162	1	1	7_____	24317	1	0	0	0	0	1	0	0	0	0	0
C	Marios	23	162	1	1	7_____	24330	1	0	0	0	0	0	0	0	0	1	0
C	Marios	23	162	1	1	7_____	24500	1	2	0	0	0	0	0	0	0	0	0
C	Marios	23	162	1	1	7_____	25000	2	16	0	0	0	0	0	0	0	0	0
C	Marios	23	162	1	1	7_____	25500	16	15	0	0	0	0	0	0	0	0	0
C	Marios	23	162	1	1	7_____	26000	15	1	0	0	0	0	0	0	0	0	0
C	Marios	23	162	1	1	7_____	26991	1	0	0	0	0	1	0	0	0	0	0
C	Marios	23	162	1	1	7_____	26993	1	0	0	0	0	0	0	0	0	1	0
C	Marios	23	162	1	1	7_____	27500	1	2	0	0	0	0	0	0	0	0	0
C	Marios	23	162	1	1	7_____	28000	2	17	0	0	0	0	0	0	0	0	0
C	Marios	23	162	1	1	7_____	28500	17	15	0	0	0	0	0	0	0	0	0
C	Marios	23	162	1	1	7_____	29000	15	1	0	0	0	0	0	0	0	0	0
C	Marios	23	162	1	1	7_____	29534	1	0	0	0	0	1	0	0	0	0	0
C	Marios	23	162	1	1	7_____	29555	1	0	0	0	0	0	0	0	0	1	0
C	Marios	23	162	1	1	7_____	30477	1	0	0	0	0	1	0	0	0	0	0
C	Marios	23	162	1	1	7_____	30507	1	0	0	0	0	0	0	0	0	1	0
C	Marios	23	162	1	1	7_____	30525	1	0	0	0	0	1	0	0	0	0	0
C	Marios	23	162	1	1	7_____	30577	1	0	0	0	0	0	0	0	0	1	0
C	Marios	23	162	1	1	7_____	30628	1	0	0	0	0	1	0	0	0	0	0
C	Marios	23	162	1	1	7_____	30629	1	0	0	0	0	0	0	0	0	1	0
C	Marios	23	162	1	1	7_____	30630	1	0	0	0	0	1	0	0	0	0	0
C	Marios	23	162	1	1	7_____	30635	1	0	0	0	0	0	0	0	0	1	0
C	Marios	23	162	1	1	7_____	30642	1	0	0	0	0	1	0	0	0	0	0
C	Marios	23	162	1	1	7_____	30649	1	0	0	0	0	0	0	0	0	1	0
C	Marios	23	162	1	1	7_____	33419	1	0	0	0	0	1	0	0	0	0	0
C	Marios	23	162	1	1	7_____	33443	1	0	0	0	0	0	0	0	0	1	0
C	Marios	23	162	1	1	7_____	34250	1	2	0	0	0	0	0	0	0	0	0
C	Marios	23	162	1	1	7_____	34750	2	17	0	0	0	0	0	0	0	0	0
C	Marios	23	162	1	1	7_____	35250	17	15	0	0	0	0	0	0	0	0	0
C	Marios	23	162	1	1	7_____	35750	15	1	0	0	0	0	0	0	0	0	0
C	Marios	23	162	1	1	7_____	35909	1	0	0	0	0	1	0	0	0	0	0
C	Marios	23	162	1	1	7_____	35943	1	0	0	0	0	0	0	0	0	1	0
C	Marios	23	162	1	1	7_____	37646	1	0	0	0	0	1	0	0	0	0	0
C	Marios	23	162	1	1	7_____	37668	1	0	0	0	0	0	0	0	0	1	0
C	Marios	23	162	1	1	7_____	39236	1	0	0	0	0	1	0	0	0	0	0
C	Marios	23	162	1	1	7_____	39364	1	0	0	0	0	0	0	0	0	1	0
C	Marios	23	162	1	1	7_____	39525	1	0	0	0	0	1	0	0	0	0	0
C	Marios	23	162	1	1	7_____	39822	1	0	0	0	0	0	0	0	0	1	0
C	Marios	23	162	1	1	7_____	39829	1	0	0	0	0	1	0	0	0	0	0
C	Marios	23	162	1	1	7_____	39833	1	0	0	0	0	0	0	0	0	1	0
C	Marios	23	162	1	1	7_____	39880	1	0	0	0	0	1	0	0	0	0	0
C	Marios	23	162	1	1	7_____	39987	1	0	0	0	0	0	0	0	0	1	0
C	Marios	23	162	1	1	7_____	41162	1	0	0	0	0	1	0	0	0	0	0
C	Marios	23	162	1	1	7_____	41165	1	0	0	0	0	0	0	0	0	1	0
C	Marios	23	162	1	1	7_____	41250	1	2	0	0	0	0	0	0	0	0	0
C	Marios	23	162	1	1	7_____	41750	2	6	0	0	0	0	0	0	0	0	0
C	Marios	23	162	1	1	7_____	41784	6	0	0	0	0	1	0	0	0	0	0
C	Marios	23	162	1	1	7_____	41787	6	0	0	0	0	0	0	0	0	1	0
C	Marios	23	162	1	1	7_____	41807	6	0	0	0	0	1	0	0	0	0	0
C	Marios	23	162	1	1	7_____	41833	6	0	0	0	0	0	0	0	0	1	0
C	Marios	23	162	1	1	7_____	41836	6	0	0	0	0	1	0	0	0	0	0
C	Marios	23	162	1	1	7_____	41838	6	0	0	0	0	0	0	0	0	1	0
C	Marios	23	162	1	1	7_____	41919	6	0	0	0	0	1	0	0	0	0	0
C	Marios	23	162	1	1	7_____	41950	6	0	0	0	0	0	0	0	0	1	0
C	Marios	23	162	1	1	7_____	41982	6	0	0	0	0	1	0	0	0	0	0
C	Marios	23	162	1	1	7_____	42013	6	0	0	0	0	0	0	0	0	1	0
C	Marios	23	162	1	1	7_____	42086	6	0	0	0	0	1	0	0	0	0	0
C	Marios	23	162	1	1	7_____	42122	6	0	0	0	0	0	0	0	0	1	0
C	Marios	23	162	1	1	7_____	42201	6	0	0	0	0	1	0	0	0	0	0
C	Marios	23	162	1	1	7_____	42250	6	11	0	0	0	0	0	0	0	0	0
C	Marios	23	162	1	1	7_____	42493	11	0	0	0	0	0	0	0	0	1	0
C	Marios	23	162	1	1	7_____	42494	11	0	0	0	0	1	0	0	0	0	0
C	Marios	23	162	1	1	7_____	42503	11	0	0	0	0	0	0	0	0	1	0
C	Marios	23	162	1	1	7_____	42518	11	0	0	0	0	1	0	0	0	0	0
C	Marios	23	162	1	1	7_____	42564	11	0	0	0	0	0	0	0	0	1	0
C	Marios	23	162	1	1	7_____	42566	11	0	0	0	0	1	0	0	0	0	0
C	Marios	23	162	1	1	7_____	42585	11	0	0	0	0	0	0	0	0	1	0
C	Marios	23	162	1	1	7_____	42608	11	0	0	0	0	1	0	0	0	0	0
C	Marios	23	162	1	1	7_____	42613	11	0	0	0	0	0	0	0	0	1	0
C	Marios	23	162	1	1	7_____	42615	11	0	0	0	0	1	0	0	0	0	0
C	Marios	23	162	1	1	7_____	42618	11	0	0	0	0	0	0	0	0	1	0
C	Marios	23	162	1	1	7_____	42623	11	0	0	0	0	1	0	0	0	0	0
C	Marios	23	162	1	1	7_____	42630	11	0	0	0	0	1	0	0	0	1	0
C	Marios	23	162	1	1	7_____	42637	11	0	0	0	0	0	0	0	0	1	0
C	Marios	23	162	1	1	7_____	42638	11	0	0	0	0	1	0	0	0	0	0
C	Marios	23	162	1	1	7_____	42661	11	0	0	0	0	0	0	0	0	1	0
C	Marios	23	162	1	1	7_____	42663	11	0	0	0	0	1	0	0	0	0	0
C	Marios	23	162	1	1	7_____	42679	11	0	0	0	0	0	0	0	0	1	0
C	Marios	23	162	1	1	7_____	42682	11	0	0	0	0	1	0	0	0	0	0
C	Marios	23	162	1	1	7_____	42694	11	0	0	0	0	0	0	0	0	1	0
C	Marios	23	162	1	1	7_____	42699	11	0	0	0	0	1	0	0	0	0	0
C	Marios	23	162	1	1	7_____	42704	11	0	0	0	0	0	0	0	0	1	0
C	Marios	23	162	1	1	7_____	42705	11	0	0	0	0	1	0	0	0	0	0
C	Marios	23	162	1	1	7_____	42722	11	0	0	0	0	0	0	0	0	1	0
C	Marios	23	162	1	1	7_____	42723	11	0	0	0	0	1	0	0	0	0	0
C	Marios	23	162	1	1	7_____	42733	11	0	0	0	0	0	0	0	0	1	0
C	Marios	23	162	1	1	7_____	42750	11	1	0	0	0	0	0	0	0	0	0
C	Marios	23	162	1	1	7_____	42768	1	0	0	0	0	1	0	0	0	0	0
C	Marios	23	162	1	1	7_____	42771	1	0	0	0	0	0	0	0	0	1	0
C	Marios	23	162	1	1	7_____	42773	1	0	0	0	0	1	0	0	0	0	0
C	Marios	23	162	1	1	7_____	42835	1	0	0	0	0	0	0	0	0	1	0
C	Marios	23	162	1	1	7_____	42836	1	0	0	0	0	1	0	0	0	0	0
C	Marios	23	162	1	1	7_____	42863	1	0	0	0	0	0	0	0	0	1	0
C	Marios	23	162	1	1	7_____	42867	1	0	0	0	0	1	0	0	0	0	0
C	Marios	23	162	1	1	7_____	42874	1	0	0	0	0	0	0	0	0	1	0
C	Marios	23	162	1	1	7_____	43022	1	0	0	0	0	1	0	0	0	0	0
C	Marios	23	162	1	1	7_____	43053	1	0	0	0	0	0	0	0	0	1	0
C	Marios	23	162	1	1	7_____	43058	1	0	0	0	0	1	0	0	0	0	0
C	Marios	23	162	1	1	7_____	43060	1	0	0	0	0	0	0	0	0	1	0
C	Marios	23	162	1	1	7_____	43065	1	0	0	0	0	1	0	0	0	0	0
C	Marios	23	162	1	1	7_____	43069	1	0	0	0	0	0	0	0	0	1	0
C	Marios	23	162	1	1	7_____	43072	1	0	0	0	0	1	0	0	0	0	0
C	Marios	23	162	1	1	7_____	43074	1	0	0	0	0	0	0	0	0	1	0
C	Marios	23	162	1	1	7_____	45850	1	0	0	0	0	1	0	0	0	0	0
C	Marios	23	162	1	1	7_____	45986	1	0	0	0	0	0	0	0	0	1	0
C	Marios	23	162	1	1	7_____	46500	1	2	0	0	0	0	0	0	0	0	0
C	Marios	23	162	1	1	7_____	47000	2	17	0	0	0	0	0	0	0	0	0
C	Marios	23	162	1	1	7_____	47500	17	15	0	0	0	0	0	0	0	0	0
C	Marios	23	162	1	1	7_____	48000	15	1	0	0	0	0	0	0	0	0	0
C	Marios	23	162	1	1	7_____	50185	1	0	0	0	0	1	0	0	0	0	0
C	Marios	23	162	1	1	7_____	50190	1	0	0	0	0	0	0	0	0	1	0
C	Marios	23	162	1	1	7_____	50197	1	0	0	0	0	1	0	0	0	0	0
C	Marios	23	162	1	1	7_____	50232	1	0	0	0	0	0	0	0	0	1	0
C	Marios	23	162	1	1	7_____	51270	1	0	0	0	0	1	0	0	0	0	0
C	Marios	23	162	1	1	7_____	51311	1	0	0	0	0	0	0	0	0	1	0
C	Marios	23	162	1	1	7_____	52963	1	0	0	0	0	1	0	0	0	0	0
C	Marios	23	162	1	1	7_____	52972	1	0	0	0	0	0	0	0	0	1	0
C	Marios	23	162	1	1	7_____	53036	1	0	0	0	0	1	0	0	0	0	0
C	Marios	23	162	1	1	7_____	53281	1	0	0	0	0	0	0	0	0	1	0
C	Marios	23	162	1	1	7_____	54750	1	2	0	0	0	0	0	0	0	0	0
C	Marios	23	162	1	1	7_____	54838	2	0	0	0	0	1	0	0	0	0	0
C	Marios	23	162	1	1	7_____	54857	2	0	0	0	0	0	0	0	0	1	0
C	Marios	23	162	1	1	7_____	55250	2	17	0	0	0	0	0	0	0	0	0
C	Marios	23	162	1	1	7_____	55750	17	15	0	0	0	0	0	0	0	0	0
C	Marios	23	162	1	1	7_____	56250	15	1	0	0	0	0	0	0	0	0	0
C	Marios	23	162	1	1	7_____	56711	1	0	0	0	0	1	0	0	0	0	0
C	Marios	23	162	1	1	7_____	56716	1	0	0	0	0	0	0	0	0	1	0
C	Marios	23	162	1	1	7_____	58397	1	0	0	0	0	1	0	0	0	0	0
C	Marios	23	162	1	1	7_____	58436	1	0	0	0	0	0	0	0	0	1	0
C	Marios	23	162	1	1	7_____	58440	1	0	0	0	0	1	0	0	0	0	0
C	Marios	23	162	1	1	7_____	58500	1	2	0	0	0	0	0	0	0	0	0
C	Marios	23	162	1	1	7_____	58514	2	0	0	0	0	0	0	0	0	1	0
C	Marios	23	162	1	1	7_____	59000	2	16	0	0	0	0	0	0	0	0	0
C	Marios	23	162	1	1	7_____	59376	16	0	0	0	0	1	0	0	0	0	0
C	Marios	23	162	1	1	7_____	59393	16	0	0	0	0	0	0	0	0	1	0
C	Marios	23	162	1	1	7_____	59500	16	15	0	0	0	0	0	0	0	0	0
C	Marios	23	162	1	1	7_____	60000	15	1	0	0	0	0	0	0	0	0	0
C	Marios	23	162	1	1	7_____	60827	1	0	0	0	0	1	0	0	0	0	0
C	Marios	23	162	1	1	7_____	60835	1	0	0	0	0	0	0	0	0	1	0
C	Marios	23	162	1	1	7_____	60859	1	0	0	0	0	1	0	0	0	0	0
C	Marios	23	162	1	1	7_____	60861	1	0	0	0	0	0	0	0	0	1	0
C	Marios	23	162	1	1	7_____	60888	1	0	0	0	0	1	0	0	0	0	0
C	Marios	23	162	1	1	7_____	60890	1	0	0	0	0	0	0	0	0	1	0
C	Marios	23	162	1	1	7_____	60904	1	0	0	0	0	1	0	0	0	0	0
C	Marios	23	162	1	1	7_____	60925	1	0	0	0	0	0	0	0	0	1	0
C	Marios	23	162	1	1	7_____	60926	1	0	0	0	0	1	0	0	0	0	0
C	Marios	23	162	1	1	7_____	60928	1	0	0	0	0	0	0	0	0	1	0
C	Marios	23	162	1	1	7_____	62209	1	0	0	0	0	1	0	0	0	0	0
C	Marios	23	162	1	1	7_____	62211	1	0	0	0	0	0	0	0	0	1	0
C	Marios	23	162	1	1	7_____	62216	1	0	0	0	0	1	0	0	0	0	0
C	Marios	23	162	1	1	7_____	62224	1	0	0	0	0	0	0	0	0	1	0
C	Marios	23	162	1	1	7_____	62236	1	0	0	0	0	1	0	0	0	0	0
C	Marios	23	162	1	1	7_____	62248	1	0	0	0	0	0	0	0	0	1	0
C	Marios	23	162	1	1	7_____	62251	1	0	0	0	0	1	0	0	0	0	0
C	Marios	23	162	1	1	7_____	62485	1	0	0	0	0	0	0	0	0	1	0
C	Marios	23	162	1	1	7_____	62493	1	0	0	0	0	1	0	0	0	0	0
C	Marios	23	162	1	1	7_____	62512	1	0	0	0	0	0	0	0	0	1	0
C	Marios	23	162	1	1	7_____	62536	1	0	0	0	0	1	0	0	0	0	0
C	Marios	23	162	1	1	7_____	62541	1	0	0	0	0	0	0	0	0	1	0
C	Marios	23	162	1	1	7_____	62547	1	0	0	0	0	1	0	0	0	0	0
C	Marios	23	162	1	1	7_____	62552	1	0	0	0	0	0	0	0	0	1	0
C	Marios	23	162	1	1	7_____	62581	1	0	0	0	0	1	0	0	0	0	0
C	Marios	23	162	1	1	7_____	62583	1	0	0	0	0	0	0	0	0	1	0
C	Marios	23	162	1	1	7_____	62585	1	0	0	0	0	1	0	0	0	0	0
C	Marios	23	162	1	1	7_____	62587	1	0	0	0	0	0	0	0	0	1	0
C	Marios	23	162	1	1	7_____	62589	1	0	0	0	0	1	0	0	0	0	0
C	Marios	23	162	1	1	7_____	62623	1	0	0	0	0	0	0	0	0	1	0
C	Marios	23	162	1	1	7_____	63961	1	0	0	0	0	1	0	0	0	0	0
C	Marios	23	162	1	1	7_____	64085	1	0	0	0	0	0	0	0	0	1	0
C	Marios	23	162	1	1	7_____	64497	1	0	0	0	0	1	0	0	0	0	0
C	Marios	23	162	1	1	7_____	64554	1	0	0	0	0	0	0	0	0	1	0
C	Marios	23	162	1	1	7_____	64582	1	0	0	0	0	1	0	0	0	0	0
C	Marios	23	162	1	1	7_____	64584	1	0	0	0	0	0	0	0	0	1	0
C	Marios	23	162	1	1	7_____	64593	1	0	0	0	0	1	0	0	0	0	0
C	Marios	23	162	1	1	7_____	64608	1	0	0	0	0	0	0	0	0	1	0
C	Marios	23	162	1	1	7_____	64612	1	0	0	0	0	1	0	0	0	0	0
C	Marios	23	162	1	1	7_____	64639	1	0	0	0	0	0	0	0	0	1	0
C	Marios	23	162	1	1	7_____	64642	1	0	0	0	0	1	0	0	0	0	0
C	Marios	23	162	1	1	7_____	64664	1	0	0	0	0	0	0	0	0	1	0
C	Marios	23	162	1	1	7_____	64675	1	0	0	0	0	1	0	0	0	0	0
C	Marios	23	162	1	1	7_____	64695	1	0	0	0	0	0	0	0	0	1	0
C	Marios	23	162	1	1	7_____	65729	1	0	0	0	0	1	0	0	0	0	0
C	Marios	23	162	1	1	7_____	65927	1	0	0	0	0	0	0	0	0	1	0
C	Marios	23	162	1	1	7_____	65929	1	0	0	0	0	1	0	0	0	0	0
C	Marios	23	162	1	1	7_____	65932	1	0	0	0	0	0	0	0	0	1	0
C	Marios	23	162	1	1	7_____	65943	1	0	0	0	0	1	0	0	0	0	0
C	Marios	23	162	1	1	7_____	65985	1	0	0	0	0	0	0	0	0	1	0
C	Marios	23	162	1	1	7_____	65986	1	0	0	0	0	1	0	0	0	0	0
C	Marios	23	162	1	1	7_____	66000	1	2	0	0	0	0	0	0	0	0	0
C	Marios	23	162	1	1	7_____	66070	2	0	0	0	0	0	0	0	0	1	0
C	Marios	23	162	1	1	7_____	66074	2	0	0	0	0	1	0	0	0	0	0
C	Marios	23	162	1	1	7_____	66117	2	0	0	0	0	0	0	0	0	1	0
C	Marios	23	162	1	1	7_____	66121	2	0	0	0	0	1	0	0	0	0	0
C	Marios	23	162	1	1	7_____	66195	2	0	0	0	0	0	0	0	0	1	0
C	Marios	23	162	1	1	7_____	66500	2	16	0	0	0	0	0	0	0	0	0
C	Marios	23	162	1	1	7_____	67000	16	15	0	0	0	0	0	0	0	0	0
C	Marios	23	162	1	1	7_____	67500	15	1	0	0	0	0	0	0	0	0	0
C	Marios	23	162	1	1	7_____	67569	1	0	0	0	0	1	0	0	0	0	0
C	Marios	23	162	1	1	7_____	67634	1	0	0	0	0	0	0	0	0	1	0
C	Marios	23	162	1	1	7_____	68414	1	0	0	0	0	1	0	0	0	0	0
C	Marios	23	162	1	1	7_____	68521	1	0	0	0	0	0	0	0	0	1	0
C	Marios	23	162	1	1	7_____	69406	1	0	0	0	0	1	0	0	0	0	0
C	Marios	23	162	1	1	7_____	69418	1	0	0	0	0	0	0	0	0	1	0
C	Marios	23	162	1	1	7_____	70500	1	2	0	0	0	0	0	0	0	0	0
C	Marios	23	162	1	1	7_____	71000	2	7	0	0	0	0	0	0	0	0	0
C	Marios	23	162	1	1	7_____	71018	7	0	0	0	0	1	0	0	0	0	0
C	Marios	23	162	1	1	7_____	71028	7	0	0	0	0	0	0	0	0	1	0
C	Marios	23	162	1	1	7_____	71076	7	0	0	0	0	1	0	0	0	0	0
C	Marios	23	162	1	1	7_____	71144	7	0	0	0	0	0	0	0	0	1	0
C	Marios	23	162	1	1	7_____	71183	7	0	0	0	0	1	0	0	0	0	0
C	Marios	23	162	1	1	7_____	71206	7	0	0	0	0	0	0	0	0	1	0
C	Marios	23	162	1	1	7_____	71218	7	0	0	0	0	1	0	0	0	0	0
C	Marios	23	162	1	1	7_____	71250	7	0	0	0	0	0	0	0	0	1	0
C	Marios	23	162	1	1	7_____	71251	7	0	0	0	0	1	0	0	0	0	0
C	Marios	23	162	1	1	7_____	71253	7	0	0	0	0	0	0	0	0	1	0
C	Marios	23	162	1	1	7_____	71299	7	0	0	0	0	1	0	0	0	0	0
C	Marios	23	162	1	1	7_____	71357	7	0	0	0	0	0	0	0	0	1	0
C	Marios	23	162	1	1	7_____	71376	7	0	0	0	0	1	0	0	0	0	0
C	Marios	23	162	1	1	7_____	71406	7	0	0	0	0	0	0	0	0	1	0
C	Marios	23	162	1	1	7_____	71459	7	0	0	0	0	1	0	0	0	0	0
C	Marios	23	162	1	1	7_____	71500	7	10	0	0	0	0	0	0	0	0	0
C	Marios	23	162	1	1	7_____	72000	10	1	0	0	0	0	0	0	0	0	0
C	Marios	23	162	1	1	7_____	72048	1	0	0	0	0	0	0	0	0	1	0
C	Marios	23	162	1	1	7_____	73025	1	0	0	0	0	1	0	0	0	0	0
C	Marios	23	162	1	1	7_____	73162	1	0	0	0	0	0	0	0	0	1	0
C	Marios	23	162	1	1	7_____	73199	1	0	0	0	0	1	0	0	0	0	0
C	Marios	23	162	1	1	7_____	73204	1	0	0	0	0	0	0	0	0	1	0
C	Marios	23	162	1	1	7_____	73205	1	0	0	0	0	1	0	0	0	0	0
C	Marios	23	162	1	1	7_____	73237	1	0	0	0	0	0	0	0	0	1	0
C	Marios	23	162	1	1	7_____	76094	1	0	0	0	0	1	0	0	0	0	0
C	Marios	23	162	1	1	7_____	76826	1	0	0	0	0	0	0	0	0	1	0
C	Marios	23	162	1	1	7_____	77627	1	0	0	0	0	1	0	0	0	0	0
C	Marios	23	162	1	1	7_____	77887	1	0	0	0	0	0	0	0	0	1	0
C	Marios	23	162	1	1	7_____	79141	1	0	0	0	0	1	0	0	0	0	0
C	Marios	23	162	1	1	7_____	79146	1	0	0	0	0	0	0	0	0	1	0
C	Marios	23	162	1	1	7_____	79500	1	2	0	0	0	0	0	0	0	0	0
C	Marios	23	162	1	1	7_____	80000	2	16	0	0	0	0	0	0	0	0	0
C	Marios	23	162	1	1	7_____	80256	16	0	0	0	0	1	0	0	0	0	0
C	Marios	23	162	1	1	7_____	80454	16	0	0	0	0	0	0	0	0	1	0
C	Marios	23	162	1	1	7_____	80500	16	15	0	0	0	0	0	0	0	0	0
C	Marios	23	162	1	1	7_____	80580	15	0	0	0	0	1	0	0	0	0	0
C	Marios	23	162	1	1	7_____	80760	15	0	0	0	0	0	0	0	0	1	0
C	Marios	23	162	1	1	7_____	81000	15	1	0	0	0	0	0	0	0	0	0
C	Marios	23	162	1	1	7_____	83772	1	0	0	0	0	1	0	0	0	0	0
C	Marios	23	162	1	1	7_____	83774	1	0	0	0	0	0	0	0	0	1	0
C	Marios	23	162	1	1	7_____	83778	1	0	0	0	0	1	0	0	0	0	0
C	Marios	23	162	1	1	7_____	83884	1	0	0	0	0	0	0	0	0	1	0
C	Marios	23	162	1	1	7_____	84099	1	0	0	0	0	1	0	0	0	0	0
C	Marios	23	162	1	1	7_____	84321	1	0	0	0	0	0	0	0	0	1	0
C	Marios	23	162	1	1	7_____	84849	1	0	0	0	0	1	0	0	0	0	0
C	Marios	23	162	1	1	7_____	84956	1	0	0	0	0	0	0	0	0	1	0
C	Marios	23	162	1	1	7_____	86699	1	0	0	0	0	1	0	0	0	0	0
C	Marios	23	162	1	1	7_____	86978	1	0	0	0	0	0	0	0	0	1	0
C	Marios	23	162	1	1	7_____	87000	1	2	0	0	0	0	0	0	0	0	0
C	Marios	23	162	1	1	7_____	87500	2	17	0	0	0	0	0	0	0	0	0
C	Marios	23	162	1	1	7_____	87932	17	0	0	0	0	1	0	0	0	0	0
C	Marios	23	162	1	1	7_____	87955	17	0	0	0	0	0	0	0	0	1	0
C	Marios	23	162	1	1	7_____	88000	17	15	0	0	0	0	0	0	0	0	0
C	Marios	23	162	1	1	7_____	88037	15	0	0	0	0	1	0	0	0	0	0
C	Marios	23	162	1	1	7_____	88179	15	0	0	0	0	0	0	0	0	1	0
C	Marios	23	162	1	1	7_____	88500	15	1	0	0	0	0	0	0	0	0	0
C	Marios	23	162	1	1	7_____	88608	1	0	0	0	0	1	0	0	0	0	0
C	Marios	23	162	1	1	7_____	88651	1	0	0	0	0	0	0	0	0	1	0
C	Marios	23	162	1	1	7_____	88655	1	0	0	0	0	1	0	0	0	0	0
C	Marios	23	162	1	1	7_____	88668	1	0	0	0	0	0	0	0	0	1	0
C	Marios	23	162	1	1	7_____	88670	1	0	0	0	0	1	0	0	0	0	0
C	Marios	23	162	1	1	7_____	88680	1	0	0	0	0	0	0	0	0	1	0
C	Marios	23	162	1	1	7_____	89846	1	0	0	0	0	1	0	0	0	0	0
C	Marios	23	162	1	1	7_____	89958	1	0	0	0	0	0	0	0	0	1	0
C	Marios	23	162	1	1	7_____	90992	1	0	0	0	0	1	0	0	0	0	0
C	Marios	23	162	1	1	7_____	91100	1	0	0	0	0	0	0	0	0	1	0
C	Marios	23	162	1	1	7_____	92250	1	2	0	0	0	0	0	0	0	0	0
C	Marios	23	162	1	1	7_____	92283	2	0	0	0	0	1	0	0	0	0	0
C	Marios	23	162	1	1	7_____	92295	2	0	0	0	0	0	0	0	0	1	0
C	Marios	23	162	1	1	7_____	92297	2	0	0	0	0	1	0	0	0	0	0
C	Marios	23	162	1	1	7_____	92396	2	0	0	0	0	0	0	0	0	1	0
C	Marios	23	162	1	1	7_____	92750	2	17	0	0	0	0	0	0	0	0	0
C	Marios	23	162	1	1	7_____	93250	17	15	0	0	0	0	0	0	0	0	0
C	Marios	23	162	1	1	7_____	93750	15	1	0	0	0	0	0	0	0	0	0
C	Marios	23	162	1	1	7_____	95092	1	0	0	0	0	1	0	0	0	0	0
C	Marios	23	162	1	1	7_____	95170	1	0	0	0	0	0	0	0	0	1	0
C	Marios	23	162	1	1	7_____	95201	1	0	0	0	0	1	0	0	0	0	0
C	Marios	23	162	1	1	7_____	95222	1	0	0	0	0	0	0	0	0	1	0
C	Marios	23	162	1	1	7_____	95229	1	0	0	0	0	1	0	0	0	0	0
C	Marios	23	162	1	1	7_____	95238	1	0	0	0	0	0	0	0	0	1	0
C	Marios	23	162	1	1	7_____	95250	1	2	0	0	0	0	0	0	0	0	0
C	Marios	23	162	1	1	7_____	95750	2	16	0	0	0	0	0	0	0	0	0
C	Marios	23	162	1	1	7_____	96250	16	15	0	0	0	0	0	0	0	0	0
C	Marios	23	162	1	1	7_____	96750	15	1	0	0	0	0	0	0	0	0	0
C	Marios	23	162	1	1	7_____	96770	1	0	0	0	0	1	0	0	0	0	0
C	Marios	23	162	1	1	7_____	96785	1	0	0	0	0	0	0	0	0	1	0
C	Marios	23	162	1	1	7_____	100675	1	0	0	0	0	1	0	0	0	0	0
C	Marios	23	162	1	1	7_____	100825	1	0	0	0	0	0	0	0	0	1	0
C	Marios	23	162	1	1	7_____	101250	1	2	0	0	0	0	0	0	0	0	0
C	Marios	23	162	1	1	7_____	101344	2	0	0	0	0	1	0	0	0	0	0
C	Marios	23	162	1	1	7_____	101467	2	0	0	0	0	0	0	0	0	1	0
C	Marios	23	162	1	1	7_____	101572	2	0	0	0	0	1	0	0	0	0	0
C	Marios	23	162	1	1	7_____	101669	2	0	0	0	0	0	0	0	0	1	0
C	Marios	23	162	1	1	7_____	101750	2	7	0	0	0	0	0	0	0	0	0
C	Marios	23	162	1	1	7_____	101768	7	0	0	0	0	1	0	0	0	0	0
C	Marios	23	162	1	1	7_____	101822	7	0	0	0	0	0	0	0	0	1	0
C	Marios	23	162	1	1	7_____	101851	7	0	0	0	0	1	0	0	0	0	0
C	Marios	23	162	1	1	7_____	101861	7	0	0	0	0	0	0	0	0	1	0
C	Marios	23	162	1	1	7_____	101966	7	0	0	0	0	1	0	0	0	0	0
C	Marios	23	162	1	1	7_____	101991	7	0	0	0	0	0	0	0	0	1	0
C	Marios	23	162	1	1	7_____	102044	7	0	0	0	0	1	0	0	0	0	0
C	Marios	23	162	1	1	7_____	102090	7	0	0	0	0	0	0	0	0	1	0
C	Marios	23	162	1	1	7_____	102117	7	0	0	0	0	1	0	0	0	0	0
C	Marios	23	162	1	1	7_____	102131	7	0	0	0	0	0	0	0	0	1	0
C	Marios	23	162	1	1	7_____	102250	7	10	0	0	0	0	0	0	0	0	0
C	Marios	23	162	1	1	7_____	102269	10	0	0	0	0	1	0	0	0	0	0
C	Marios	23	162	1	1	7_____	102627	10	0	0	0	0	0	0	0	0	1	0
C	Marios	23	162	1	1	7_____	102631	10	0	0	0	0	1	0	0	0	0	0
C	Marios	23	162	1	1	7_____	102633	10	0	0	0	0	0	0	0	0	1	0
C	Marios	23	162	1	1	7_____	102750	10	1	0	0	0	0	0	0	0	0	0
C	Marios	23	162	1	1	7_____	104633	1	0	0	0	0	1	0	0	0	0	0
C	Marios	23	162	1	1	7_____	104729	1	0	0	0	0	0	0	0	0	1	0
C	Marios	23	162	1	1	7_____	106250	1	2	0	0	0	0	0	0	0	0	0
C	Marios	23	162	1	1	7_____	106750	2	6	0	0	0	0	0	0	0	0	0
C	Marios	23	162	1	1	7_____	106850	6	0	0	0	0	1	0	0	0	0	0
C	Marios	23	162	1	1	7_____	106927	6	0	0	0	0	0	0	0	0	1	0
C	Marios	23	162	1	1	7_____	106932	6	0	0	0	0	1	0	0	0	0	0
C	Marios	23	162	1	1	7_____	106974	6	0	0	0	0	0	0	0	0	1	0
C	Marios	23	162	1	1	7_____	106988	6	0	0	0	0	1	0	0	0	0	0
C	Marios	23	162	1	1	7_____	107008	6	0	0	0	0	0	0	0	0	1	0
C	Marios	23	162	1	1	7_____	107009	6	0	0	0	0	1	0	0	0	0	0
C	Marios	23	162	1	1	7_____	107063	6	0	0	0	0	0	0	0	0	1	0
C	Marios	23	162	1	1	7_____	107101	6	0	0	0	0	1	0	0	0	0	0
C	Marios	23	162	1	1	7_____	107110	6	0	0	0	0	0	0	0	0	1	0
C	Marios	23	162	1	1	7_____	107139	6	0	0	0	0	1	0	0	0	0	0
C	Marios	23	162	1	1	7_____	107156	6	0	0	0	0	0	0	0	0	1	0
C	Marios	23	162	1	1	7_____	107195	6	0	0	0	0	1	0	0	0	0	0
C	Marios	23	162	1	1	7_____	107198	6	0	0	0	0	0	0	0	0	1	0
C	Marios	23	162	1	1	7_____	107203	6	0	0	0	0	1	0	0	0	0	0
C	Marios	23	162	1	1	7_____	107250	6	11	0	0	0	0	0	0	0	0	0
C	Marios	23	162	1	1	7_____	107253	11	0	0	0	0	0	0	0	0	1	0
C	Marios	23	162	1	1	7_____	107263	11	0	0	0	0	1	0	0	0	0	0
C	Marios	23	162	1	1	7_____	107559	11	0	0	0	0	0	0	0	0	1	0
C	Marios	23	162	1	1	7_____	107563	11	0	0	0	0	1	0	0	0	0	0
C	Marios	23	162	1	1	7_____	107565	11	0	0	0	0	0	0	0	0	1	0
C	Marios	23	162	1	1	7_____	107585	11	0	0	0	0	1	0	0	0	0	0
C	Marios	23	162	1	1	7_____	107611	11	0	0	0	0	0	0	0	0	1	0
C	Marios	23	162	1	1	7_____	107658	11	0	0	0	0	1	0	0	0	0	0
C	Marios	23	162	1	1	7_____	107661	11	0	0	0	0	0	0	0	0	1	0
C	Marios	23	162	1	1	7_____	107664	11	0	0	0	0	1	0	0	0	0	0
C	Marios	23	162	1	1	7_____	107680	11	0	0	0	0	0	0	0	0	1	0
C	Marios	23	162	1	1	7_____	107750	11	1	0	0	0	0	0	0	0	0	0
C	Marios	23	162	1	1	7_____	107789	1	0	0	0	0	1	0	0	0	0	0
C	Marios	23	162	1	1	7_____	107797	1	0	0	0	0	0	0	0	0	1	0
C	Marios	23	162	1	1	7_____	107798	1	0	0	0	0	1	0	0	0	0	0
C	Marios	23	162	1	1	7_____	107821	1	0	0	0	0	0	0	0	0	1	0
C	Marios	23	162	1	1	7_____	107822	1	0	0	0	0	1	0	0	0	0	0
C	Marios	23	162	1	1	7_____	107834	1	0	0	0	0	0	0	0	0	1	0
C	Marios	23	162	1	1	7_____	109457	1	0	0	0	0	1	0	0	0	0	0
C	Marios	23	162	1	1	7_____	109766	1	0	0	0	0	0	0	0	0	1	0
C	Marios	23	162	1	1	7_____	109832	1	0	0	0	0	1	0	0	0	0	0
C	Marios	23	162	1	1	7_____	109869	1	0	0	0	0	0	0	0	0	1	0
C	Marios	23	162	1	1	7_____	111402	1	0	0	0	0	1	0	0	0	0	0
C	Marios	23	162	1	1	7_____	111670	1	0	0	0	0	0	0	0	0	1	0
C	Marios	23	162	1	1	7_____	111694	1	0	0	0	0	1	0	0	0	0	0
C	Marios	23	162	1	1	7_____	111762	1	0	0	0	0	0	0	0	0	1	0
C	Marios	23	162	1	1	7_____	112250	1	2	0	0	0	0	0	0	0	0	0
C	Marios	23	162	1	1	7_____	112750	2	6	0	0	0	0	0	0	0	0	0
C	Marios	23	162	1	1	7_____	112773	6	0	0	0	0	1	0	0	0	0	0
C	Marios	23	162	1	1	7_____	112802	6	0	0	0	0	0	0	0	0	1	0
C	Marios	23	162	1	1	7_____	112845	6	0	0	0	0	1	0	0	0	0	0
C	Marios	23	162	1	1	7_____	112890	6	0	0	0	0	0	0	0	0	1	0
C	Marios	23	162	1	1	7_____	112905	6	0	0	0	0	1	0	0	0	0	0
C	Marios	23	162	1	1	7_____	112952	6	0	0	0	0	0	0	0	0	1	0
C	Marios	23	162	1	1	7_____	112984	6	0	0	0	0	1	0	0	0	0	0
C	Marios	23	162	1	1	7_____	112991	6	0	0	0	0	0	0	0	0	1	0
C	Marios	23	162	1	1	7_____	112999	6	0	0	0	0	1	0	0	0	0	0
C	Marios	23	162	1	1	7_____	113042	6	0	0	0	0	0	0	0	0	1	0
C	Marios	23	162	1	1	7_____	113115	6	0	0	0	0	1	0	0	0	0	0
C	Marios	23	162	1	1	7_____	113170	6	0	0	0	0	0	0	0	0	1	0
C	Marios	23	162	1	1	7_____	113241	6	0	0	0	0	1	0	0	0	0	0
C	Marios	23	162	1	1	7_____	113250	6	11	0	0	0	0	0	0	0	0	0
C	Marios	23	162	1	1	7_____	113556	11	0	0	0	0	1	0	0	0	1	0
C	Marios	23	162	1	1	7_____	113576	11	0	0	0	0	0	0	0	0	1	0
C	Marios	23	162	1	1	7_____	113581	11	0	0	0	0	1	0	0	0	0	0
C	Marios	23	162	1	1	7_____	113585	11	0	0	0	0	0	0	0	0	1	0
C	Marios	23	162	1	1	7_____	113587	11	0	0	0	0	1	0	0	0	0	0
C	Marios	23	162	1	1	7_____	113607	11	0	0	0	0	0	0	0	0	1	0
C	Marios	23	162	1	1	7_____	113614	11	0	0	0	0	1	0	0	0	0	0
C	Marios	23	162	1	1	7_____	113616	11	0	0	0	0	0	0	0	0	1	0
C	Marios	23	162	1	1	7_____	113618	11	0	0	0	0	1	0	0	0	0	0
C	Marios	23	162	1	1	7_____	113632	11	0	0	0	0	0	0	0	0	1	0
C	Marios	23	162	1	1	7_____	113688	11	0	0	0	0	1	0	0	0	0	0
C	Marios	23	162	1	1	7_____	113690	11	0	0	0	0	0	0	0	0	1	0
C	Marios	23	162	1	1	7_____	113694	11	0	0	0	0	1	0	0	0	0	0
C	Marios	23	162	1	1	7_____	113702	11	0	0	0	0	0	0	0	0	1	0
C	Marios	23	162	1	1	7_____	113750	11	1	0	0	0	0	0	0	0	0	0
C	Marios	23	162	1	1	7_____	113803	1	0	0	0	0	1	0	0	0	0	0
C	Marios	23	162	1	1	7_____	113805	1	0	0	0	0	0	0	0	0	1	0
C	Marios	23	162	1	1	7_____	113807	1	0	0	0	0	1	0	0	0	0	0
C	Marios	23	162	1	1	7_____	113809	1	0	0	0	0	0	0	0	0	1	0
C	Marios	23	162	1	1	7_____	113814	1	0	0	0	0	1	0	0	0	0	0
C	Marios	23	162	1	1	7_____	113816	1	0	0	0	0	0	0	0	0	1	0
C	Marios	23	162	1	1	7_____	114304	1	0	0	0	0	1	0	0	0	0	0
C	Marios	23	162	1	1	7_____	114336	1	0	0	0	0	0	0	0	0	1	0
C	Marios	23	162	1	1	7_____	114337	1	0	0	0	0	1	0	0	0	0	0
C	Marios	23	162	1	1	7_____	114376	1	0	0	0	0	0	0	0	0	1	0
C	Marios	23	162	1	1	7_____	116051	1	0	0	0	0	1	0	0	0	0	0
C	Marios	23	162	1	1	7_____	116101	1	0	0	0	0	0	0	0	0	1	0
C	Marios	23	162	1	1	7_____	119078	1	0	0	0	0	1	0	0	0	0	0
C	Marios	23	162	1	1	7_____	119250	1	2	0	0	0	0	0	0	0	0	0
C	Marios	23	162	1	1	7_____	119252	2	0	0	0	0	0	0	0	0	1	0
C	Marios	23	162	1	1	7_____	119750	2	7	0	0	0	0	0	0	0	0	0
C	Marios	23	162	1	1	7_____	119876	7	0	0	0	0	1	0	0	0	0	0
C	Marios	23	162	1	1	7_____	119888	7	0	0	0	0	0	0	0	0	1	0
C	Marios	23	162	1	1	7_____	119936	7	0	0	0	0	1	0	0	0	0	0
C	Marios	23	162	1	1	7_____	119965	7	0	0	0	0	0	0	0	0	1	0
C	Marios	23	162	1	1	7_____	119996	7	0	0	0	0	1	0	0	0	0	0
C	Marios	23	162	1	1	7_____	120007	7	0	0	0	0	0	0	0	0	1	0
C	Marios	23	162	1	1	7_____	120016	7	0	0	0	0	1	0	0	0	0	0
C	Marios	23	162	1	1	7_____	120038	7	0	0	0	0	0	0	0	0	1	0
C	Marios	23	162	1	1	7_____	120083	7	0	0	0	0	1	0	0	0	0	0
C	Marios	23	162	1	1	7_____	120134	7	0	0	0	0	0	0	0	0	1	0
C	Marios	23	162	1	1	7_____	120140	7	0	0	0	0	1	0	0	0	0	0
C	Marios	23	162	1	1	7_____	120170	7	0	0	0	0	0	0	0	0	1	0
C	Marios	23	162	1	1	7_____	120187	7	0	0	0	0	1	0	0	0	0	0
C	Marios	23	162	1	1	7_____	120190	7	0	0	0	0	0	0	0	0	1	0
C	Marios	23	162	1	1	7_____	120247	7	0	0	0	0	1	0	0	0	0	0
C	Marios	23	162	1	1	7_____	120250	7	10	0	0	0	0	0	0	0	0	0
C	Marios	23	162	1	1	7_____	120440	10	0	0	0	0	0	0	0	0	1	0
C	Marios	23	162	1	1	7_____	120445	10	0	0	0	0	1	0	0	0	0	0
C	Marios	23	162	1	1	7_____	120485	10	0	0	0	0	0	0	0	0	1	0
C	Marios	23	162	1	1	7_____	120486	10	0	0	0	0	1	0	0	0	0	0
C	Marios	23	162	1	1	7_____	120511	10	0	0	0	0	0	0	0	0	1	0
C	Marios	23	162	1	1	7_____	120517	10	0	0	0	0	1	0	0	0	0	0
C	Marios	23	162	1	1	7_____	120526	10	0	0	0	0	0	0	0	0	1	0
C	Marios	23	162	1	1	7_____	120529	10	0	0	0	0	1	0	0	0	0	0
C	Marios	23	162	1	1	7_____	120531	10	0	0	0	0	0	0	0	0	1	0
C	Marios	23	162	1	1	7_____	120555	10	0	0	0	0	1	0	0	0	0	0
C	Marios	23	162	1	1	7_____	120562	10	0	0	0	0	0	0	0	0	1	0
C	Marios	23	162	1	1	7_____	120563	10	0	0	0	0	1	0	0	0	0	0
C	Marios	23	162	1	1	7_____	120575	10	0	0	0	0	0	0	0	0	1	0
C	Marios	23	162	1	1	7_____	120750	10	1	0	0	0	0	0	0	0	0	0
C	Marios	23	162	1	1	7_____	121462	1	0	0	0	0	1	0	0	0	0	0
C	Marios	23	162	1	1	7_____	121498	1	0	0	0	0	0	0	0	0	1	0
C	Marios	23	162	1	1	7_____	122985	1	0	0	0	0	1	0	0	0	0	0
C	Marios	23	162	1	1	7_____	123025	1	0	0	0	0	0	0	0	0	1	0
C	Marios	23	162	1	1	7_____	125326	1	0	0	0	0	1	0	0	0	0	0
C	Marios	23	162	1	1	7_____	125383	1	0	0	0	0	0	0	0	0	1	0
C	Marios	23	162	1	1	7_____	127500	1	2	0	0	0	0	0	0	0	0	0
C	Marios	23	162	1	1	7_____	127990	2	0	0	0	0	1	0	0	0	0	0
C	Marios	23	162	1	1	7_____	128000	2	17	0	0	0	0	0	0	0	0	0
C	Marios	23	162	1	1	7_____	128008	17	0	0	0	0	0	0	0	0	1	0
C	Marios	23	162	1	1	7_____	128053	17	0	0	0	0	1	0	0	0	0	0
C	Marios	23	162	1	1	7_____	128089	17	0	0	0	0	0	0	0	0	1	0
C	Marios	23	162	1	1	7_____	128500	17	15	0	0	0	0	0	0	0	0	0
C	Marios	23	162	1	1	7_____	129000	15	1	0	0	0	0	0	0	0	0	0
C	Marios	23	162	1	1	7_____	129259	1	0	0	0	0	1	0	0	0	0	0
C	Marios	23	162	1	1	7_____	129291	1	0	0	0	0	0	0	0	0	1	0
C	Marios	23	162	1	1	7_____	129492	1	0	0	0	0	1	0	0	0	0	0
C	Marios	23	162	1	1	7_____	129517	1	0	0	0	0	0	0	0	0	1	0
C	Marios	23	162	1	1	7_____	129527	1	0	0	0	0	1	0	0	0	0	0
C	Marios	23	162	1	1	7_____	129563	1	0	0	0	0	0	0	0	0	1	0
C	Marios	23	162	1	1	7_____	130159	1	0	0	0	0	1	0	0	0	0	0
C	Marios	23	162	1	1	7_____	130167	1	0	0	0	0	0	0	0	0	1	0
C	Marios	23	162	1	1	7_____	133359	1	0	0	0	0	1	0	0	0	0	0
C	Marios	23	162	1	1	7_____	133591	1	0	0	0	0	0	0	0	0	1	0
C	Marios	23	162	1	1	7_____	133664	1	0	0	0	0	1	0	0	0	0	0
C	Marios	23	162	1	1	7_____	133700	1	0	0	0	0	0	0	0	0	1	0
C	Marios	23	162	1	1	7_____	134250	1	2	0	0	0	0	0	0	0	0	0
C	Marios	23	162	1	1	7_____	134750	2	16	0	0	0	0	0	0	0	0	0
C	Marios	23	162	1	1	7_____	135250	16	15	0	0	0	0	0	0	0	0	0
C	Marios	23	162	1	1	7_____	135750	15	1	0	0	0	0	0	0	0	0	0
C	Marios	23	162	1	1	7_____	135846	1	0	0	0	0	1	0	0	0	0	0
C	Marios	23	162	1	1	7_____	135933	1	0	0	0	0	0	0	0	0	1	0
C	Marios	23	162	1	1	7_____	138000	1	2	0	0	0	0	0	0	0	0	0
C	Marios	23	162	1	1	7_____	138140	2	0	0	0	0	1	0	0	0	0	0
C	Marios	23	162	1	1	7_____	138401	2	0	0	0	0	0	0	0	0	1	0
C	Marios	23	162	1	1	7_____	138493	2	0	0	0	0	1	0	0	0	0	0
C	Marios	23	162	1	1	7_____	138500	2	16	0	0	0	0	0	0	0	0	0
C	Marios	23	162	1	1	7_____	138507	16	0	0	0	0	0	0	0	0	1	0
C	Marios	23	162	1	1	7_____	138542	16	0	0	0	0	1	0	0	0	0	0
C	Marios	23	162	1	1	7_____	138595	16	0	0	0	0	0	0	0	0	1	0
C	Marios	23	162	1	1	7_____	138655	16	0	0	0	0	1	0	0	0	0	0
C	Marios	23	162	1	1	7_____	138684	16	0	0	0	0	0	0	0	0	1	0
C	Marios	23	162	1	1	7_____	138706	16	0	0	0	0	1	0	0	0	0	0
C	Marios	23	162	1	1	7_____	138816	16	0	0	0	0	0	0	0	0	1	0
C	Marios	23	162	1	1	7_____	138904	16	0	0	0	0	1	0	0	0	0	0
C	Marios	23	162	1	1	7_____	138995	16	0	0	0	0	0	0	0	0	1	0
C	Marios	23	162	1	1	7_____	139000	16	15	0	0	0	0	0	0	0	0	0
C	Marios	23	162	1	1	7_____	139118	15	0	0	0	0	1	0	0	0	0	0
C	Marios	23	162	1	1	7_____	139183	15	0	0	0	0	0	0	0	0	1	0
C	Marios	23	162	1	1	7_____	139194	15	0	0	0	0	1	0	0	0	0	0
C	Marios	23	162	1	1	7_____	139208	15	0	0	0	0	0	0	0	0	1	0
C	Marios	23	162	1	1	7_____	139209	15	0	0	0	0	1	0	0	0	0	0
C	Marios	23	162	1	1	7_____	139218	15	0	0	0	0	0	0	0	0	1	0
C	Marios	23	162	1	1	7_____	139500	15	1	0	0	0	0	0	0	0	0	0
C	Marios	23	162	1	1	7_____	140134	1	0	0	0	0	1	0	0	0	0	0
C	Marios	23	162	1	1	7_____	140151	1	0	0	0	0	0	0	0	0	1	0
C	Marios	23	162	1	1	7_____	141785	1	0	0	0	0	1	0	0	0	0	0
C	Marios	23	162	1	1	7_____	142005	1	0	0	0	0	0	0	0	0	1	0
C	Marios	23	162	1	1	7_____	142500	1	2	0	0	0	0	0	0	0	0	0
C	Marios	23	162	1	1	7_____	143000	2	17	0	0	0	0	0	0	0	0	0
C	Marios	23	162	1	1	7_____	143071	17	0	0	0	0	1	0	0	0	0	0
C	Marios	23	162	1	1	7_____	143117	17	0	0	0	0	0	0	0	0	1	0
C	Marios	23	162	1	1	7_____	143197	17	0	0	0	0	1	0	0	0	0	0
C	Marios	23	162	1	1	7_____	143256	17	0	0	0	0	0	0	0	0	1	0
C	Marios	23	162	1	1	7_____	143369	17	0	0	0	0	1	0	0	0	0	0
C	Marios	23	162	1	1	7_____	143482	17	0	0	0	0	0	0	0	0	1	0
C	Marios	23	162	1	1	7_____	143500	17	15	0	0	0	0	0	0	0	0	0
C	Marios	23	162	1	1	7_____	143631	15	0	0	0	0	1	0	0	0	0	0
C	Marios	23	162	1	1	7_____	143767	15	0	0	0	0	0	0	0	0	1	0
C	Marios	23	162	1	1	7_____	144000	15	14	0	0	0	0	0	0	0	0	0
C	Marios	23	162	1	1	7_____	145766	14	0	0	0	0	1	0	0	0	0	0
C	Marios	23	162	1	1	7_____	145877	14	0	0	0	0	0	0	0	0	1	0
C	Marios	23	162	1	1	7_____	147000	14	-1	0	0	0	0	0	0	0	0	0
C	Marios	23	162	5	1	32____	0	0	1	0	0	0	0	0	0	0	0	0
C	Marios	23	162	5	1	32____	762	1	0	0	0	0	1	0	0	0	0	0
C	Marios	23	162	5	1	32____	765	1	0	0	0	0	0	0	0	0	1	0
C	Marios	23	162	5	1	32____	767	1	0	0	0	0	1	0	0	0	0	0
C	Marios	23	162	5	1	32____	773	1	0	0	0	0	1	0	0	0	1	0
C	Marios	23	162	5	1	32____	785	1	0	0	0	0	0	0	0	0	1	0
C	Marios	23	162	5	1	32____	1542	1	0	0	0	0	1	0	0	0	0	0
C	Marios	23	162	5	1	32____	1552	1	0	0	0	0	0	0	0	0	1	0
C	Marios	23	162	5	1	32____	1554	1	0	0	0	0	1	0	0	0	0	0
C	Marios	23	162	5	1	32____	1622	1	0	0	0	0	0	0	0	0	1	0
C	Marios	23	162	5	1	32____	3119	1	0	0	0	0	1	0	0	0	0	0
C	Marios	23	162	5	1	32____	3160	1	0	0	0	0	0	0	0	0	1	0
C	Marios	23	162	5	1	32____	3652	1	0	0	0	0	1	0	0	0	0	0
C	Marios	23	162	5	1	32____	3666	1	0	0	0	0	0	0	0	0	1	0
C	Marios	23	162	5	1	32____	5420	1	0	0	0	0	1	0	0	0	0	0
C	Marios	23	162	5	1	32____	5422	1	0	0	0	0	0	0	0	0	1	0
C	Marios	23	162	5	1	32____	5423	1	0	0	0	0	1	0	0	0	0	0
C	Marios	23	162	5	1	32____	5426	1	0	0	0	0	0	0	0	0	1	0
C	Marios	23	162	5	1	32____	6183	1	0	0	0	0	1	0	0	0	0	0
C	Marios	23	162	5	1	32____	6189	1	0	0	0	0	0	0	0	0	1	0
C	Marios	23	162	5	1	32____	6208	1	0	0	0	0	1	0	0	0	0	0
C	Marios	23	162	5	1	32____	6219	1	0	0	0	0	0	0	0	0	1	0
C	Marios	23	162	5	1	32____	6750	1	2	0	0	0	0	0	0	0	0	0
C	Marios	23	162	5	1	32____	7250	2	7	0	0	0	0	0	0	0	0	0
C	Marios	23	162	5	1	32____	7612	7	0	0	0	0	1	0	0	0	0	0
C	Marios	23	162	5	1	32____	7662	7	0	0	0	0	0	0	0	0	1	0
C	Marios	23	162	5	1	32____	7672	7	0	0	0	0	1	0	0	0	0	0
C	Marios	23	162	5	1	32____	7687	7	0	0	0	0	0	0	0	0	1	0
C	Marios	23	162	5	1	32____	7750	7	10	0	0	0	0	0	0	0	0	0
C	Marios	23	162	5	1	32____	7759	10	0	0	0	0	1	0	0	0	0	0
C	Marios	23	162	5	1	32____	7908	10	0	0	0	0	0	0	0	0	1	0
C	Marios	23	162	5	1	32____	7920	10	0	0	0	0	1	0	0	0	0	0
C	Marios	23	162	5	1	32____	8043	10	0	0	0	0	0	0	0	0	1	0
C	Marios	23	162	5	1	32____	8250	10	1	0	0	0	0	0	0	0	0	0
C	Marios	23	162	5	1	32____	9921	1	0	0	0	0	1	0	0	0	0	0
C	Marios	23	162	5	1	32____	9934	1	0	0	0	0	0	0	0	0	1	0
C	Marios	23	162	5	1	32____	9946	1	0	0	0	0	1	0	0	0	0	0
C	Marios	23	162	5	1	32____	10004	1	0	0	0	0	0	0	0	0	1	0
C	Marios	23	162	5	1	32____	10956	1	0	0	0	0	1	0	0	0	0	0
C	Marios	23	162	5	1	32____	10960	1	0	0	0	0	0	0	0	0	1	0
C	Marios	23	162	5	1	32____	11750	1	2	0	0	0	0	0	0	0	0	0
C	Marios	23	162	5	1	32____	12250	2	16	0	0	0	0	0	0	0	0	0
C	Marios	23	162	5	1	32____	12750	16	15	0	0	0	0	0	0	0	0	0
C	Marios	23	162	5	1	32____	13250	15	1	0	0	0	0	0	0	0	0	0
C	Marios	23	162	5	1	32____	13504	1	0	0	0	0	1	0	0	0	0	0
C	Marios	23	162	5	1	32____	13525	1	0	0	0	0	0	0	0	0	1	0
C	Marios	23	162	5	1	32____	13587	1	0	0	0	0	1	0	0	0	0	0
C	Marios	23	162	5	1	32____	13597	1	0	0	0	0	0	0	0	0	1	0
C	Marios	23	162	5	1	32____	14368	1	0	0	0	0	1	0	0	0	0	0
C	Marios	23	162	5	1	32____	14404	1	0	0	0	0	0	0	0	0	1	0
C	Marios	23	162	5	1	32____	14416	1	0	0	0	0	1	0	0	0	0	0
C	Marios	23	162	5	1	32____	14418	1	0	0	0	0	0	0	0	0	1	0
C	Marios	23	162	5	1	32____	16717	1	0	0	0	0	1	0	0	0	0	0
C	Marios	23	162	5	1	32____	16722	1	0	0	0	0	0	0	0	0	1	0
C	Marios	23	162	5	1	32____	16727	1	0	0	0	0	1	0	0	0	0	0
C	Marios	23	162	5	1	32____	16737	1	0	0	0	0	0	0	0	0	1	0
C	Marios	23	162	5	1	32____	17709	1	0	0	0	0	1	0	0	0	0	0
C	Marios	23	162	5	1	32____	17722	1	0	0	0	0	0	0	0	0	1	0
C	Marios	23	162	5	1	32____	17876	1	0	0	0	0	1	0	0	0	0	0
C	Marios	23	162	5	1	32____	17891	1	0	0	0	0	0	0	0	0	1	0
C	Marios	23	162	5	1	32____	17924	1	0	0	0	0	1	0	0	0	0	0
C	Marios	23	162	5	1	32____	17954	1	0	0	0	0	0	0	0	0	1	0
C	Marios	23	162	5	1	32____	18418	1	0	0	0	0	1	0	0	0	0	0
C	Marios	23	162	5	1	32____	18425	1	0	0	0	0	0	0	0	0	1	0
C	Marios	23	162	5	1	32____	19250	1	2	0	0	0	0	0	0	0	0	0
C	Marios	23	162	5	1	32____	19274	2	0	0	0	0	1	0	0	0	0	0
C	Marios	23	162	5	1	32____	19282	2	0	0	0	0	0	0	0	0	1	0
C	Marios	23	162	5	1	32____	19474	2	0	0	0	0	1	0	0	0	0	0
C	Marios	23	162	5	1	32____	19490	2	0	0	0	0	0	0	0	0	1	0
C	Marios	23	162	5	1	32____	19502	2	0	0	0	0	1	0	0	0	0	0
C	Marios	23	162	5	1	32____	19507	2	0	0	0	0	0	0	0	0	1	0
C	Marios	23	162	5	1	32____	19509	2	0	0	0	0	1	0	0	0	0	0
C	Marios	23	162	5	1	32____	19518	2	0	0	0	0	0	0	0	0	1	0
C	Marios	23	162	5	1	32____	19525	2	0	0	0	0	1	0	0	0	0	0
C	Marios	23	162	5	1	32____	19580	2	0	0	0	0	0	0	0	0	1	0
C	Marios	23	162	5	1	32____	19750	2	17	0	0	0	0	0	0	0	0	0
C	Marios	23	162	5	1	32____	20250	17	15	0	0	0	0	0	0	0	0	0
C	Marios	23	162	5	1	32____	20750	15	1	0	0	0	0	0	0	0	0	0
C	Marios	23	162	5	1	32____	21341	1	0	0	0	0	1	0	0	0	0	0
C	Marios	23	162	5	1	32____	21355	1	0	0	0	0	0	0	0	0	1	0
C	Marios	23	162	5	1	32____	21959	1	0	0	0	0	1	0	0	0	0	0
C	Marios	23	162	5	1	32____	21979	1	0	0	0	0	0	0	0	0	1	0
C	Marios	23	162	5	1	32____	23000	1	2	0	0	0	0	0	0	0	0	0
C	Marios	23	162	5	1	32____	23500	2	6	0	0	0	0	0	0	0	0	0
C	Marios	23	162	5	1	32____	23601	6	0	0	0	0	1	0	0	0	0	0
C	Marios	23	162	5	1	32____	23620	6	0	0	0	0	0	0	0	0	1	0
C	Marios	23	162	5	1	32____	23657	6	0	0	0	0	1	0	0	0	0	0
C	Marios	23	162	5	1	32____	23682	6	0	0	0	0	0	0	0	0	1	0
C	Marios	23	162	5	1	32____	23731	6	0	0	0	0	1	0	0	0	0	0
C	Marios	23	162	5	1	32____	23742	6	0	0	0	0	0	0	0	0	1	0
C	Marios	23	162	5	1	32____	23800	6	0	0	0	0	1	0	0	0	0	0
C	Marios	23	162	5	1	32____	23817	6	0	0	0	0	0	0	0	0	1	0
C	Marios	23	162	5	1	32____	23856	6	0	0	0	0	1	0	0	0	0	0
C	Marios	23	162	5	1	32____	23872	6	0	0	0	0	0	0	0	0	1	0
C	Marios	23	162	5	1	32____	23944	6	0	0	0	0	1	0	0	0	0	0
C	Marios	23	162	5	1	32____	23969	6	0	0	0	0	0	0	0	0	1	0
C	Marios	23	162	5	1	32____	23972	6	0	0	0	0	1	0	0	0	0	0
C	Marios	23	162	5	1	32____	24000	6	11	0	0	0	0	0	0	0	0	0
C	Marios	23	162	5	1	32____	24301	11	0	0	0	0	0	0	0	0	1	0
C	Marios	23	162	5	1	32____	24303	11	0	0	0	0	1	0	0	0	0	0
C	Marios	23	162	5	1	32____	24357	11	0	0	0	0	0	0	0	0	1	0
C	Marios	23	162	5	1	32____	24360	11	0	0	0	0	1	0	0	0	0	0
C	Marios	23	162	5	1	32____	24376	11	0	0	0	0	0	0	0	0	1	0
C	Marios	23	162	5	1	32____	24378	11	0	0	0	0	1	0	0	0	0	0
C	Marios	23	162	5	1	32____	24385	11	0	0	0	0	0	0	0	0	1	0
C	Marios	23	162	5	1	32____	24391	11	0	0	0	0	1	0	0	0	0	0
C	Marios	23	162	5	1	32____	24500	11	1	0	0	0	0	0	0	0	0	0
C	Marios	23	162	5	1	32____	24501	1	0	0	0	0	0	0	0	0	1	0
C	Marios	23	162	5	1	32____	24512	1	0	0	0	0	1	0	0	0	0	0
C	Marios	23	162	5	1	32____	24519	1	0	0	0	0	0	0	0	0	1	0
C	Marios	23	162	5	1	32____	24703	1	0	0	0	0	1	0	0	0	0	0
C	Marios	23	162	5	1	32____	24719	1	0	0	0	0	0	0	0	0	1	0
C	Marios	23	162	5	1	32____	25377	1	0	0	0	0	1	0	0	0	0	0
C	Marios	23	162	5	1	32____	25385	1	0	0	0	0	0	0	0	0	1	0
C	Marios	23	162	5	1	32____	26000	1	2	0	0	0	0	0	0	0	0	0
C	Marios	23	162	5	1	32____	26500	2	16	0	0	0	0	0	0	0	0	0
C	Marios	23	162	5	1	32____	27000	16	15	0	0	0	0	0	0	0	0	0
C	Marios	23	162	5	1	32____	27500	15	1	0	0	0	0	0	0	0	0	0
C	Marios	23	162	5	1	32____	28045	1	0	0	0	0	1	0	0	0	0	0
C	Marios	23	162	5	1	32____	28053	1	0	0	0	0	0	0	0	0	1	0
C	Marios	23	162	5	1	32____	28785	1	0	0	0	0	1	0	0	0	0	0
C	Marios	23	162	5	1	32____	28797	1	0	0	0	0	0	0	0	0	1	0
C	Marios	23	162	5	1	32____	28802	1	0	0	0	0	1	0	0	0	0	0
C	Marios	23	162	5	1	32____	28915	1	0	0	0	0	0	0	0	0	1	0
C	Marios	23	162	5	1	32____	29057	1	0	0	0	0	1	0	0	0	0	0
C	Marios	23	162	5	1	32____	29221	1	0	0	0	0	0	0	0	0	1	0
C	Marios	23	162	5	1	32____	29286	1	0	0	0	0	1	0	0	0	0	0
C	Marios	23	162	5	1	32____	29293	1	0	0	0	0	0	0	0	0	1	0
C	Marios	23	162	5	1	32____	32228	1	0	0	0	0	1	0	0	0	0	0
C	Marios	23	162	5	1	32____	32239	1	0	0	0	0	0	0	0	0	1	0
C	Marios	23	162	5	1	32____	32266	1	0	0	0	0	1	0	0	0	0	0
C	Marios	23	162	5	1	32____	32277	1	0	0	0	0	0	0	0	0	1	0
C	Marios	23	162	5	1	32____	32750	1	2	0	0	0	0	0	0	0	0	0
C	Marios	23	162	5	1	32____	32897	2	0	0	0	0	1	0	0	0	0	0
C	Marios	23	162	5	1	32____	33022	2	0	0	0	0	0	0	0	0	1	0
C	Marios	23	162	5	1	32____	33024	2	0	0	0	0	1	0	0	0	0	0
C	Marios	23	162	5	1	32____	33026	2	0	0	0	0	0	0	0	0	1	0
C	Marios	23	162	5	1	32____	33250	2	17	0	0	0	0	0	0	0	0	0
C	Marios	23	162	5	1	32____	33317	17	0	0	0	0	1	0	0	0	0	0
C	Marios	23	162	5	1	32____	33332	17	0	0	0	0	0	0	0	0	1	0
C	Marios	23	162	5	1	32____	33352	17	0	0	0	0	1	0	0	0	0	0
C	Marios	23	162	5	1	32____	33379	17	0	0	0	0	0	0	0	0	1	0
C	Marios	23	162	5	1	32____	33427	17	0	0	0	0	1	0	0	0	0	0
C	Marios	23	162	5	1	32____	33443	17	0	0	0	0	0	0	0	0	1	0
C	Marios	23	162	5	1	32____	33750	17	15	0	0	0	0	0	0	0	0	0
C	Marios	23	162	5	1	32____	33880	15	0	0	0	0	1	0	0	0	0	0
C	Marios	23	162	5	1	32____	33913	15	0	0	0	0	0	0	0	0	1	0
C	Marios	23	162	5	1	32____	34006	15	0	0	0	0	1	0	0	0	0	0
C	Marios	23	162	5	1	32____	34132	15	0	0	0	0	0	0	0	0	1	0
C	Marios	23	162	5	1	32____	34250	15	1	0	0	0	0	0	0	0	0	0
C	Marios	23	162	5	1	32____	35732	1	0	0	0	0	1	0	0	0	0	0
C	Marios	23	162	5	1	32____	35747	1	0	0	0	0	0	0	0	0	1	0
C	Marios	23	162	5	1	32____	38750	1	2	0	0	0	0	0	0	0	0	0
C	Marios	23	162	5	1	32____	39250	2	7	0	0	0	0	0	0	0	0	0
C	Marios	23	162	5	1	32____	39458	7	0	0	0	0	1	0	0	0	0	0
C	Marios	23	162	5	1	32____	39510	7	0	0	0	0	0	0	0	0	1	0
C	Marios	23	162	5	1	32____	39595	7	0	0	0	0	1	0	0	0	0	0
C	Marios	23	162	5	1	32____	39608	7	0	0	0	0	0	0	0	0	1	0
C	Marios	23	162	5	1	32____	39694	7	0	0	0	0	1	0	0	0	0	0
C	Marios	23	162	5	1	32____	39738	7	0	0	0	0	0	0	0	0	1	0
C	Marios	23	162	5	1	32____	39750	7	10	0	0	0	0	0	0	0	0	0
C	Marios	23	162	5	1	32____	39762	10	0	0	0	0	1	0	0	0	0	0
C	Marios	23	162	5	1	32____	40071	10	0	0	0	0	0	0	0	0	1	0
C	Marios	23	162	5	1	32____	40072	10	0	0	0	0	1	0	0	0	0	0
C	Marios	23	162	5	1	32____	40074	10	0	0	0	0	0	0	0	0	1	0
C	Marios	23	162	5	1	32____	40164	10	0	0	0	0	1	0	0	0	0	0
C	Marios	23	162	5	1	32____	40171	10	0	0	0	0	0	0	0	0	1	0
C	Marios	23	162	5	1	32____	40174	10	0	0	0	0	1	0	0	0	0	0
C	Marios	23	162	5	1	32____	40220	10	0	0	0	0	0	0	0	0	1	0
C	Marios	23	162	5	1	32____	40225	10	0	0	0	0	1	0	0	0	0	0
C	Marios	23	162	5	1	32____	40250	10	1	0	0	0	0	0	0	0	0	0
C	Marios	23	162	5	1	32____	40339	1	0	0	0	0	0	0	0	0	1	0
C	Marios	23	162	5	1	32____	41310	1	0	0	0	0	1	0	0	0	0	0
C	Marios	23	162	5	1	32____	41314	1	0	0	0	0	0	0	0	0	1	0
C	Marios	23	162	5	1	32____	41788	1	0	0	0	0	1	0	0	0	0	0
C	Marios	23	162	5	1	32____	42007	1	0	0	0	0	0	0	0	0	1	0
C	Marios	23	162	5	1	32____	42903	1	0	0	0	0	1	0	0	0	0	0
C	Marios	23	162	5	1	32____	42921	1	0	0	0	0	0	0	0	0	1	0
C	Marios	23	162	5	1	32____	43010	1	0	0	0	0	1	0	0	0	0	0
C	Marios	23	162	5	1	32____	43021	1	0	0	0	0	0	0	0	0	1	0
C	Marios	23	162	5	1	32____	43066	1	0	0	0	0	1	0	0	0	0	0
C	Marios	23	162	5	1	32____	43094	1	0	0	0	0	0	0	0	0	1	0
C	Marios	23	162	5	1	32____	43151	1	0	0	0	0	1	0	0	0	0	0
C	Marios	23	162	5	1	32____	43173	1	0	0	0	0	0	0	0	0	1	0
C	Marios	23	162	5	1	32____	43175	1	0	0	0	0	1	0	0	0	0	0
C	Marios	23	162	5	1	32____	43216	1	0	0	0	0	0	0	0	0	1	0
C	Marios	23	162	5	1	32____	43351	1	0	0	0	0	1	0	0	0	0	0
C	Marios	23	162	5	1	32____	43368	1	0	0	0	0	0	0	0	0	1	0
C	Marios	23	162	5	1	32____	43400	1	0	0	0	0	1	0	0	0	0	0
C	Marios	23	162	5	1	32____	43561	1	0	0	0	0	0	0	0	0	1	0
C	Marios	23	162	5	1	32____	43681	1	0	0	0	0	1	0	0	0	0	0
C	Marios	23	162	5	1	32____	43685	1	0	0	0	0	0	0	0	0	1	0
C	Marios	23	162	5	1	32____	44021	1	0	0	0	0	1	0	0	0	0	0
C	Marios	23	162	5	1	32____	44036	1	0	0	0	0	0	0	0	0	1	0
C	Marios	23	162	5	1	32____	44544	1	0	0	0	0	1	0	0	0	0	0
C	Marios	23	162	5	1	32____	44780	1	0	0	0	0	0	0	0	0	1	0
C	Marios	23	162	5	1	32____	44953	1	0	0	0	0	1	0	0	0	0	0
C	Marios	23	162	5	1	32____	44962	1	0	0	0	0	0	0	0	0	1	0
C	Marios	23	162	5	1	32____	45750	1	2	0	0	0	0	0	0	0	0	0
C	Marios	23	162	5	1	32____	46250	2	16	0	0	0	0	0	0	0	0	0
C	Marios	23	162	5	1	32____	46518	16	0	0	0	0	1	0	0	0	0	0
C	Marios	23	162	5	1	32____	46547	16	0	0	0	0	0	0	0	0	1	0
C	Marios	23	162	5	1	32____	46590	16	0	0	0	0	1	0	0	0	0	0
C	Marios	23	162	5	1	32____	46623	16	0	0	0	0	0	0	0	0	1	0
C	Marios	23	162	5	1	32____	46688	16	0	0	0	0	1	0	0	0	0	0
C	Marios	23	162	5	1	32____	46750	16	15	0	0	0	0	0	0	0	0	0
C	Marios	23	162	5	1	32____	46753	15	0	0	0	0	0	0	0	0	1	0
C	Marios	23	162	5	1	32____	46783	15	0	0	0	0	1	0	0	0	0	0
C	Marios	23	162	5	1	32____	46848	15	0	0	0	0	0	0	0	0	1	0
C	Marios	23	162	5	1	32____	47250	15	1	0	0	0	0	0	0	0	0	0
C	Marios	23	162	5	1	32____	48749	1	0	0	0	0	1	0	0	0	0	0
C	Marios	23	162	5	1	32____	48813	1	0	0	0	0	0	0	0	0	1	0
C	Marios	23	162	5	1	32____	48909	1	0	0	0	0	1	0	0	0	0	0
C	Marios	23	162	5	1	32____	48915	1	0	0	0	0	0	0	0	0	1	0
C	Marios	23	162	5	1	32____	48928	1	0	0	0	0	1	0	0	0	0	0
C	Marios	23	162	5	1	32____	49222	1	0	0	0	0	0	0	0	0	1	0
C	Marios	23	162	5	1	32____	49271	1	0	0	0	0	1	0	0	0	0	0
C	Marios	23	162	5	1	32____	49360	1	0	0	0	0	0	0	0	0	1	0
C	Marios	23	162	5	1	32____	49383	1	0	0	0	0	1	0	0	0	0	0
C	Marios	23	162	5	1	32____	49387	1	0	0	0	0	0	0	0	0	1	0
C	Marios	23	162	5	1	32____	50382	1	0	0	0	0	1	0	0	0	0	0
C	Marios	23	162	5	1	32____	50389	1	0	0	0	0	0	0	0	0	1	0
C	Marios	23	162	5	1	32____	50396	1	0	0	0	0	1	0	0	0	0	0
C	Marios	23	162	5	1	32____	50398	1	0	0	0	0	0	0	0	0	1	0
C	Marios	23	162	5	1	32____	50415	1	0	0	0	0	1	0	0	0	0	0
C	Marios	23	162	5	1	32____	50418	1	0	0	0	0	0	0	0	0	1	0
C	Marios	23	162	5	1	32____	51750	1	2	0	0	0	0	0	0	0	0	0
C	Marios	23	162	5	1	32____	51763	2	0	0	0	0	1	0	0	0	0	0
C	Marios	23	162	5	1	32____	51773	2	0	0	0	0	0	0	0	0	1	0
C	Marios	23	162	5	1	32____	51779	2	0	0	0	0	1	0	0	0	0	0
C	Marios	23	162	5	1	32____	51830	2	0	0	0	0	0	0	0	0	1	0
C	Marios	23	162	5	1	32____	52250	2	16	0	0	0	0	0	0	0	0	0
C	Marios	23	162	5	1	32____	52359	16	0	0	0	0	1	0	0	0	0	0
C	Marios	23	162	5	1	32____	52446	16	0	0	0	0	0	0	0	0	1	0
C	Marios	23	162	5	1	32____	52495	16	0	0	0	0	1	0	0	0	0	0
C	Marios	23	162	5	1	32____	52567	16	0	0	0	0	0	0	0	0	1	0
C	Marios	23	162	5	1	32____	52595	16	0	0	0	0	1	0	0	0	0	0
C	Marios	23	162	5	1	32____	52649	16	0	0	0	0	0	0	0	0	1	0
C	Marios	23	162	5	1	32____	52701	16	0	0	0	0	1	0	0	0	0	0
C	Marios	23	162	5	1	32____	52750	16	15	0	0	0	0	0	0	0	0	0
C	Marios	23	162	5	1	32____	52843	15	0	0	0	0	0	0	0	0	1	0
C	Marios	23	162	5	1	32____	52883	15	0	0	0	0	1	0	0	0	0	0
C	Marios	23	162	5	1	32____	53072	15	0	0	0	0	0	0	0	0	1	0
C	Marios	23	162	5	1	32____	53236	15	0	0	0	0	1	0	0	0	0	0
C	Marios	23	162	5	1	32____	53239	15	0	0	0	0	0	0	0	0	1	0
C	Marios	23	162	5	1	32____	53250	15	1	0	0	0	0	0	0	0	0	0
C	Marios	23	162	5	1	32____	53259	1	0	0	0	0	1	0	0	0	0	0
C	Marios	23	162	5	1	32____	53274	1	0	0	0	0	0	0	0	0	1	0
C	Marios	23	162	5	1	32____	53275	1	0	0	0	0	1	0	0	0	0	0
C	Marios	23	162	5	1	32____	53283	1	0	0	0	0	0	0	0	0	1	0
C	Marios	23	162	5	1	32____	54264	1	0	0	0	0	1	0	0	0	0	0
C	Marios	23	162	5	1	32____	54292	1	0	0	0	0	0	0	0	0	1	0
C	Marios	23	162	5	1	32____	54968	1	0	0	0	0	1	0	0	0	0	0
C	Marios	23	162	5	1	32____	54996	1	0	0	0	0	0	0	0	0	1	0
C	Marios	23	162	5	1	32____	56298	1	0	0	0	0	1	0	0	0	0	0
C	Marios	23	162	5	1	32____	56319	1	0	0	0	0	0	0	0	0	1	0
C	Marios	23	162	5	1	32____	56320	1	0	0	0	0	1	0	0	0	0	0
C	Marios	23	162	5	1	32____	56328	1	0	0	0	0	0	0	0	0	1	0
C	Marios	23	162	5	1	32____	56411	1	0	0	0	0	1	0	0	0	0	0
C	Marios	23	162	5	1	32____	56439	1	0	0	0	0	0	0	0	0	1	0
C	Marios	23	162	5	1	32____	56498	1	0	0	0	0	1	0	0	0	0	0
C	Marios	23	162	5	1	32____	56590	1	0	0	0	0	0	0	0	0	1	0
C	Marios	23	162	5	1	32____	56594	1	0	0	0	0	1	0	0	0	0	0
C	Marios	23	162	5	1	32____	56602	1	0	0	0	0	0	0	0	0	1	0
C	Marios	23	162	5	1	32____	57109	1	0	0	0	0	1	0	0	0	0	0
C	Marios	23	162	5	1	32____	57158	1	0	0	0	0	0	0	0	0	1	0
C	Marios	23	162	5	1	32____	58816	1	0	0	0	0	1	0	0	0	0	0
C	Marios	23	162	5	1	32____	58822	1	0	0	0	0	0	0	0	0	1	0
C	Marios	23	162	5	1	32____	58914	1	0	0	0	0	1	0	0	0	0	0
C	Marios	23	162	5	1	32____	58962	1	0	0	0	0	0	0	0	0	1	0
C	Marios	23	162	5	1	32____	59814	1	0	0	0	0	1	0	0	0	0	0
C	Marios	23	162	5	1	32____	59816	1	0	0	0	0	0	0	0	0	1	0
C	Marios	23	162	5	1	32____	59831	1	0	0	0	0	1	0	0	0	0	0
C	Marios	23	162	5	1	32____	59839	1	0	0	0	0	0	0	0	0	1	0
C	Marios	23	162	5	1	32____	59845	1	0	0	0	0	1	0	0	0	0	0
C	Marios	23	162	5	1	32____	60039	1	0	0	0	0	0	0	0	0	1	0
C	Marios	23	162	5	1	32____	60750	1	2	0	0	0	0	0	0	0	0	0
C	Marios	23	162	5	1	32____	61250	2	6	0	0	0	0	0	0	0	0	0
C	Marios	23	162	5	1	32____	61277	6	0	0	0	0	1	0	0	0	0	0
C	Marios	23	162	5	1	32____	61386	6	0	0	0	0	0	0	0	0	1	0
C	Marios	23	162	5	1	32____	61396	6	0	0	0	0	1	0	0	0	0	0
C	Marios	23	162	5	1	32____	61436	6	0	0	0	0	0	0	0	0	1	0
C	Marios	23	162	5	1	32____	61455	6	0	0	0	0	1	0	0	0	0	0
C	Marios	23	162	5	1	32____	61590	6	0	0	0	0	0	0	0	0	1	0
C	Marios	23	162	5	1	32____	61604	6	0	0	0	0	1	0	0	0	0	0
C	Marios	23	162	5	1	32____	61738	6	0	0	0	0	0	0	0	0	1	0
C	Marios	23	162	5	1	32____	61750	6	11	0	0	0	0	0	0	0	0	0
C	Marios	23	162	5	1	32____	61769	11	0	0	0	0	1	0	0	0	0	0
C	Marios	23	162	5	1	32____	62250	11	1	0	0	0	0	0	0	0	0	0
C	Marios	23	162	5	1	32____	62299	1	0	0	0	0	1	0	0	0	1	0
C	Marios	23	162	5	1	32____	62317	1	0	0	0	0	0	0	0	0	1	0
C	Marios	23	162	5	1	32____	62319	1	0	0	0	0	1	0	0	0	0	0
C	Marios	23	162	5	1	32____	62321	1	0	0	0	0	0	0	0	0	1	0
C	Marios	23	162	5	1	32____	62326	1	0	0	0	0	1	0	0	0	0	0
C	Marios	23	162	5	1	32____	62339	1	0	0	0	0	0	0	0	0	1	0
C	Marios	23	162	5	1	32____	62341	1	0	0	0	0	1	0	0	0	0	0
C	Marios	23	162	5	1	32____	62356	1	0	0	0	0	0	0	0	0	1	0
C	Marios	23	162	5	1	32____	62358	1	0	0	0	0	1	0	0	0	0	0
C	Marios	23	162	5	1	32____	62365	1	0	0	0	0	0	0	0	0	1	0
C	Marios	23	162	5	1	32____	62366	1	0	0	0	0	1	0	0	0	0	0
C	Marios	23	162	5	1	32____	62372	1	0	0	0	0	0	0	0	0	1	0
C	Marios	23	162	5	1	32____	62375	1	0	0	0	0	1	0	0	0	0	0
C	Marios	23	162	5	1	32____	62379	1	0	0	0	0	0	0	0	0	1	0
C	Marios	23	162	5	1	32____	62405	1	0	0	0	0	1	0	0	0	0	0
C	Marios	23	162	5	1	32____	62407	1	0	0	0	0	0	0	0	0	1	0
C	Marios	23	162	5	1	32____	62437	1	0	0	0	0	1	0	0	0	0	0
C	Marios	23	162	5	1	32____	62454	1	0	0	0	0	0	0	0	0	1	0
C	Marios	23	162	5	1	32____	62455	1	0	0	0	0	1	0	0	0	0	0
C	Marios	23	162	5	1	32____	62462	1	0	0	0	0	0	0	0	0	1	0
C	Marios	23	162	5	1	32____	62483	1	0	0	0	0	1	0	0	0	0	0
C	Marios	23	162	5	1	32____	62496	1	0	0	0	0	1	0	0	0	1	0
C	Marios	23	162	5	1	32____	62535	1	0	0	0	0	0	0	0	0	1	0
C	Marios	23	162	5	1	32____	62544	1	0	0	0	0	1	0	0	0	0	0
C	Marios	23	162	5	1	32____	62547	1	0	0	0	0	0	0	0	0	1	0
C	Marios	23	162	5	1	32____	62576	1	0	0	0	0	1	0	0	0	0	0
C	Marios	23	162	5	1	32____	62581	1	0	0	0	0	0	0	0	0	1	0
C	Marios	23	162	5	1	32____	62613	1	0	0	0	0	1	0	0	0	0	0
C	Marios	23	162	5	1	32____	62617	1	0	0	0	0	0	0	0	0	1	0
C	Marios	23	162	5	1	32____	62670	1	0	0	0	0	1	0	0	0	0	0
C	Marios	23	162	5	1	32____	62676	1	0	0	0	0	0	0	0	0	1	0
C	Marios	23	162	5	1	32____	62684	1	0	0	0	0	1	0	0	0	0	0
C	Marios	23	162	5	1	32____	62686	1	0	0	0	0	0	0	0	0	1	0
C	Marios	23	162	5	1	32____	62717	1	0	0	0	0	1	0	0	0	0	0
C	Marios	23	162	5	1	32____	62722	1	0	0	0	0	0	0	0	0	1	0
C	Marios	23	162	5	1	32____	62723	1	0	0	0	0	1	0	0	0	0	0
C	Marios	23	162	5	1	32____	62730	1	0	0	0	0	0	0	0	0	1	0
C	Marios	23	162	5	1	32____	62989	1	0	0	0	0	1	0	0	0	0	0
C	Marios	23	162	5	1	32____	63145	1	0	0	0	0	0	0	0	0	1	0
C	Marios	23	162	5	1	32____	64389	1	0	0	0	0	1	0	0	0	0	0
C	Marios	23	162	5	1	32____	64392	1	0	0	0	0	0	0	0	0	1	0
C	Marios	23	162	5	1	32____	64399	1	0	0	0	0	1	0	0	0	0	0
C	Marios	23	162	5	1	32____	64472	1	0	0	0	0	0	0	0	0	1	0
C	Marios	23	162	5	1	32____	65790	1	0	0	0	0	1	0	0	0	0	0
C	Marios	23	162	5	1	32____	65893	1	0	0	0	0	0	0	0	0	1	0
C	Marios	23	162	5	1	32____	66000	1	2	0	0	0	0	0	0	0	0	0
C	Marios	23	162	5	1	32____	66334	2	0	0	0	0	1	0	0	0	0	0
C	Marios	23	162	5	1	32____	66341	2	0	0	0	0	0	0	0	0	1	0
C	Marios	23	162	5	1	32____	66500	2	17	0	0	0	0	0	0	0	0	0
C	Marios	23	162	5	1	32____	67000	17	15	0	0	0	0	0	0	0	0	0
C	Marios	23	162	5	1	32____	67077	15	0	0	0	0	1	0	0	0	0	0
C	Marios	23	162	5	1	32____	67132	15	0	0	0	0	0	0	0	0	1	0
C	Marios	23	162	5	1	32____	67500	15	1	0	0	0	0	0	0	0	0	0
C	Marios	23	162	5	1	32____	69559	1	0	0	0	0	1	0	0	0	0	0
C	Marios	23	162	5	1	32____	69599	1	0	0	0	0	0	0	0	0	1	0
C	Marios	23	162	5	1	32____	69606	1	0	0	0	0	1	0	0	0	0	0
C	Marios	23	162	5	1	32____	69634	1	0	0	0	0	0	0	0	0	1	0
C	Marios	23	162	5	1	32____	69803	1	0	0	0	0	1	0	0	0	0	0
C	Marios	23	162	5	1	32____	69806	1	0	0	0	0	0	0	0	0	1	0
C	Marios	23	162	5	1	32____	69896	1	0	0	0	0	1	0	0	0	0	0
C	Marios	23	162	5	1	32____	69906	1	0	0	0	0	0	0	0	0	1	0
C	Marios	23	162	5	1	32____	70500	1	2	0	0	0	0	0	0	0	0	0
C	Marios	23	162	5	1	32____	71000	2	17	0	0	0	0	0	0	0	0	0
C	Marios	23	162	5	1	32____	71362	17	0	0	0	0	1	0	0	0	0	0
C	Marios	23	162	5	1	32____	71374	17	0	0	0	0	0	0	0	0	1	0
C	Marios	23	162	5	1	32____	71478	17	0	0	0	0	1	0	0	0	0	0
C	Marios	23	162	5	1	32____	71500	17	15	0	0	0	0	0	0	0	0	0
C	Marios	23	162	5	1	32____	71548	15	0	0	0	0	0	0	0	0	1	0
C	Marios	23	162	5	1	32____	71597	15	0	0	0	0	1	0	0	0	0	0
C	Marios	23	162	5	1	32____	71630	15	0	0	0	0	0	0	0	0	1	0
C	Marios	23	162	5	1	32____	71661	15	0	0	0	0	1	0	0	0	0	0
C	Marios	23	162	5	1	32____	71686	15	0	0	0	0	0	0	0	0	1	0
C	Marios	23	162	5	1	32____	72000	15	1	0	0	0	0	0	0	0	0	0
C	Marios	23	162	5	1	32____	73260	1	0	0	0	0	1	0	0	0	0	0
C	Marios	23	162	5	1	32____	73288	1	0	0	0	0	0	0	0	0	1	0
C	Marios	23	162	5	1	32____	73370	1	0	0	0	0	1	0	0	0	0	0
C	Marios	23	162	5	1	32____	73452	1	0	0	0	0	0	0	0	0	1	0
C	Marios	23	162	5	1	32____	74669	1	0	0	0	0	1	0	0	0	0	0
C	Marios	23	162	5	1	32____	74672	1	0	0	0	0	0	0	0	0	1	0
C	Marios	23	162	5	1	32____	75133	1	0	0	0	0	1	0	0	0	0	0
C	Marios	23	162	5	1	32____	75355	1	0	0	0	0	0	0	0	0	1	0
C	Marios	23	162	5	1	32____	75444	1	0	0	0	0	1	0	0	0	0	0
C	Marios	23	162	5	1	32____	75498	1	0	0	0	0	0	0	0	0	1	0
C	Marios	23	162	5	1	32____	75500	1	2	0	0	0	0	0	0	0	0	0
C	Marios	23	162	5	1	32____	75930	2	0	0	0	0	1	0	0	0	0	0
C	Marios	23	162	5	1	32____	75988	2	0	0	0	0	0	0	0	0	1	0
C	Marios	23	162	5	1	32____	76000	2	16	0	0	0	0	0	0	0	0	0
C	Marios	23	162	5	1	32____	76500	16	15	0	0	0	0	0	0	0	0	0
C	Marios	23	162	5	1	32____	76949	15	0	0	0	0	1	0	0	0	0	0
C	Marios	23	162	5	1	32____	76964	15	0	0	0	0	0	0	0	0	1	0
C	Marios	23	162	5	1	32____	77000	15	1	0	0	0	0	0	0	0	0	0
C	Marios	23	162	5	1	32____	77100	1	0	0	0	0	1	0	0	0	0	0
C	Marios	23	162	5	1	32____	77262	1	0	0	0	0	0	0	0	0	1	0
C	Marios	23	162	5	1	32____	77267	1	0	0	0	0	1	0	0	0	0	0
C	Marios	23	162	5	1	32____	77375	1	0	0	0	0	0	0	0	0	1	0
C	Marios	23	162	5	1	32____	78500	1	2	0	0	0	0	0	0	0	0	0
C	Marios	23	162	5	1	32____	78888	2	0	0	0	0	1	0	0	0	0	0
C	Marios	23	162	5	1	32____	78963	2	0	0	0	0	0	0	0	0	1	0
C	Marios	23	162	5	1	32____	79000	2	17	0	0	0	0	0	0	0	0	0
C	Marios	23	162	5	1	32____	79500	17	15	0	0	0	0	0	0	0	0	0
C	Marios	23	162	5	1	32____	80000	15	1	0	0	0	0	0	0	0	0	0
C	Marios	23	162	5	1	32____	80074	1	0	0	0	0	1	0	0	0	0	0
C	Marios	23	162	5	1	32____	80092	1	0	0	0	0	0	0	0	0	1	0
C	Marios	23	162	5	1	32____	80139	1	0	0	0	0	1	0	0	0	0	0
C	Marios	23	162	5	1	32____	80195	1	0	0	0	0	0	0	0	0	1	0
C	Marios	23	162	5	1	32____	80214	1	0	0	0	0	1	0	0	0	0	0
C	Marios	23	162	5	1	32____	80289	1	0	0	0	0	0	0	0	0	1	0
C	Marios	23	162	5	1	32____	80991	1	0	0	0	0	1	0	0	0	0	0
C	Marios	23	162	5	1	32____	80993	1	0	0	0	0	0	0	0	0	1	0
C	Marios	23	162	5	1	32____	81196	1	0	0	0	0	1	0	0	0	0	0
C	Marios	23	162	5	1	32____	81313	1	0	0	0	0	0	0	0	0	1	0
C	Marios	23	162	5	1	32____	81366	1	0	0	0	0	1	0	0	0	0	0
C	Marios	23	162	5	1	32____	81390	1	0	0	0	0	0	0	0	0	1	0
C	Marios	23	162	5	1	32____	81401	1	0	0	0	0	1	0	0	0	0	0
C	Marios	23	162	5	1	32____	81593	1	0	0	0	0	0	0	0	0	1	0
C	Marios	23	162	5	1	32____	81645	1	0	0	0	0	1	0	0	0	0	0
C	Marios	23	162	5	1	32____	81657	1	0	0	0	0	0	0	0	0	1	0
C	Marios	23	162	5	1	32____	81713	1	0	0	0	0	1	0	0	0	0	0
C	Marios	23	162	5	1	32____	81735	1	0	0	0	0	0	0	0	0	1	0
C	Marios	23	162	5	1	32____	81767	1	0	0	0	0	1	0	0	0	0	0
C	Marios	23	162	5	1	32____	81943	1	0	0	0	0	0	0	0	0	1	0
C	Marios	23	162	5	1	32____	83328	1	0	0	0	0	1	0	0	0	0	0
C	Marios	23	162	5	1	32____	83346	1	0	0	0	0	0	0	0	0	1	0
C	Marios	23	162	5	1	32____	84225	1	0	0	0	0	1	0	0	0	0	0
C	Marios	23	162	5	1	32____	84248	1	0	0	0	0	0	0	0	0	1	0
C	Marios	23	162	5	1	32____	84249	1	0	0	0	0	1	0	0	0	0	0
C	Marios	23	162	5	1	32____	84272	1	0	0	0	0	0	0	0	0	1	0
C	Marios	23	162	5	1	32____	84330	1	0	0	0	0	1	0	0	0	0	0
C	Marios	23	162	5	1	32____	84476	1	0	0	0	0	0	0	0	0	1	0
C	Marios	23	162	5	1	32____	84510	1	0	0	0	0	1	0	0	0	0	0
C	Marios	23	162	5	1	32____	84626	1	0	0	0	0	0	0	0	0	1	0
C	Marios	23	162	5	1	32____	85021	1	0	0	0	0	1	0	0	0	0	0
C	Marios	23	162	5	1	32____	85033	1	0	0	0	0	0	0	0	0	1	0
C	Marios	23	162	5	1	32____	87500	1	2	0	0	0	0	0	0	0	0	0
C	Marios	23	162	5	1	32____	87693	2	0	0	0	0	1	0	0	0	0	0
C	Marios	23	162	5	1	32____	87915	2	0	0	0	0	0	0	0	0	1	0
C	Marios	23	162	5	1	32____	87924	2	0	0	0	0	1	0	0	0	0	0
C	Marios	23	162	5	1	32____	88000	2	7	0	0	0	0	0	0	0	0	0
C	Marios	23	162	5	1	32____	88005	7	0	0	0	0	0	0	0	0	1	0
C	Marios	23	162	5	1	32____	88020	7	0	0	0	0	1	0	0	0	0	0
C	Marios	23	162	5	1	32____	88075	7	0	0	0	0	0	0	0	0	1	0
C	Marios	23	162	5	1	32____	88081	7	0	0	0	0	1	0	0	0	0	0
C	Marios	23	162	5	1	32____	88083	7	0	0	0	0	0	0	0	0	1	0
C	Marios	23	162	5	1	32____	88197	7	0	0	0	0	1	0	0	0	0	0
C	Marios	23	162	5	1	32____	88212	7	0	0	0	0	0	0	0	0	1	0
C	Marios	23	162	5	1	32____	88249	7	0	0	0	0	1	0	0	0	0	0
C	Marios	23	162	5	1	32____	88259	7	0	0	0	0	0	0	0	0	1	0
C	Marios	23	162	5	1	32____	88286	7	0	0	0	0	1	0	0	0	0	0
C	Marios	23	162	5	1	32____	88303	7	0	0	0	0	0	0	0	0	1	0
C	Marios	23	162	5	1	32____	88311	7	0	0	0	0	1	0	0	0	0	0
C	Marios	23	162	5	1	32____	88338	7	0	0	0	0	0	0	0	0	1	0
C	Marios	23	162	5	1	32____	88375	7	0	0	0	0	1	0	0	0	0	0
C	Marios	23	162	5	1	32____	88409	7	0	0	0	0	0	0	0	0	1	0
C	Marios	23	162	5	1	32____	88461	7	0	0	0	0	1	0	0	0	0	0
C	Marios	23	162	5	1	32____	88500	7	10	0	0	0	0	0	0	0	0	0
C	Marios	23	162	5	1	32____	88501	10	0	0	0	0	0	0	0	0	1	0
C	Marios	23	162	5	1	32____	88516	10	0	0	0	0	1	0	0	0	0	0
C	Marios	23	162	5	1	32____	88643	10	0	0	0	0	0	0	0	0	1	0
C	Marios	23	162	5	1	32____	88731	10	0	0	0	0	1	0	0	0	0	0
C	Marios	23	162	5	1	32____	88819	10	0	0	0	0	0	0	0	0	1	0
C	Marios	23	162	5	1	32____	89000	10	1	0	0	0	0	0	0	0	0	0
C	Marios	23	162	5	1	32____	89583	1	0	0	0	0	1	0	0	0	0	0
C	Marios	23	162	5	1	32____	89614	1	0	0	0	0	0	0	0	0	1	0
C	Marios	23	162	5	1	32____	89616	1	0	0	0	0	1	0	0	0	0	0
C	Marios	23	162	5	1	32____	89617	1	0	0	0	0	0	0	0	0	1	0
C	Marios	23	162	5	1	32____	89689	1	0	0	0	0	1	0	0	0	0	0
C	Marios	23	162	5	1	32____	89762	1	0	0	0	0	0	0	0	0	1	0
C	Marios	23	162	5	1	32____	90114	1	0	0	0	0	1	0	0	0	0	0
C	Marios	23	162	5	1	32____	90128	1	0	0	0	0	0	0	0	0	1	0
C	Marios	23	162	5	1	32____	91218	1	0	0	0	0	1	0	0	0	0	0
C	Marios	23	162	5	1	32____	91225	1	0	0	0	0	0	0	0	0	1	0
C	Marios	23	162	5	1	32____	92750	1	2	0	0	0	0	0	0	0	0	0
C	Marios	23	162	5	1	32____	92787	2	0	0	0	0	1	0	0	0	0	0
C	Marios	23	162	5	1	32____	92821	2	0	0	0	0	0	0	0	0	1	0
C	Marios	23	162	5	1	32____	92886	2	0	0	0	0	1	0	0	0	0	0
C	Marios	23	162	5	1	32____	92901	2	0	0	0	0	0	0	0	0	1	0
C	Marios	23	162	5	1	32____	93158	2	0	0	0	0	1	0	0	0	0	0
C	Marios	23	162	5	1	32____	93196	2	0	0	0	0	0	0	0	0	1	0
C	Marios	23	162	5	1	32____	93250	2	6	0	0	0	0	0	0	0	0	0
C	Marios	23	162	5	1	32____	93743	6	0	0	0	0	1	0	0	0	0	0
C	Marios	23	162	5	1	32____	93750	6	11	0	0	0	0	0	0	0	0	0
C	Marios	23	162	5	1	32____	94165	11	0	0	0	0	1	0	0	0	1	0
C	Marios	23	162	5	1	32____	94183	11	0	0	0	0	0	0	0	0	1	0
C	Marios	23	162	5	1	32____	94202	11	0	0	0	0	1	0	0	0	0	0
C	Marios	23	162	5	1	32____	94250	11	1	0	0	0	0	0	0	0	0	0
C	Marios	23	162	5	1	32____	94354	1	0	0	0	0	0	0	0	0	1	0
C	Marios	23	162	5	1	32____	94355	1	0	0	0	0	1	0	0	0	0	0
C	Marios	23	162	5	1	32____	94388	1	0	0	0	0	0	0	0	0	1	0
C	Marios	23	162	5	1	32____	94425	1	0	0	0	0	1	0	0	0	0	0
C	Marios	23	162	5	1	32____	94442	1	0	0	0	0	0	0	0	0	1	0
C	Marios	23	162	5	1	32____	95108	1	0	0	0	0	1	0	0	0	0	0
C	Marios	23	162	5	1	32____	95130	1	0	0	0	0	0	0	0	0	1	0
C	Marios	23	162	5	1	32____	95342	1	0	0	0	0	1	0	0	0	0	0
C	Marios	23	162	5	1	32____	95421	1	0	0	0	0	0	0	0	0	1	0
C	Marios	23	162	5	1	32____	95504	1	0	0	0	0	1	0	0	0	0	0
C	Marios	23	162	5	1	32____	95613	1	0	0	0	0	0	0	0	0	1	0
C	Marios	23	162	5	1	32____	95615	1	0	0	0	0	1	0	0	0	0	0
C	Marios	23	162	5	1	32____	95643	1	0	0	0	0	0	0	0	0	1	0
C	Marios	23	162	5	1	32____	96445	1	0	0	0	0	1	0	0	0	0	0
C	Marios	23	162	5	1	32____	96526	1	0	0	0	0	0	0	0	0	1	0
C	Marios	23	162	5	1	32____	97612	1	0	0	0	0	1	0	0	0	0	0
C	Marios	23	162	5	1	32____	97691	1	0	0	0	0	0	0	0	0	1	0
C	Marios	23	162	5	1	32____	98680	1	0	0	0	0	1	0	0	0	0	0
C	Marios	23	162	5	1	32____	98695	1	0	0	0	0	0	0	0	0	1	0
C	Marios	23	162	5	1	32____	99769	1	0	0	0	0	1	0	0	0	0	0
C	Marios	23	162	5	1	32____	99809	1	0	0	0	0	0	0	0	0	1	0
C	Marios	23	162	5	1	32____	101000	1	2	0	0	0	0	0	0	0	0	0
C	Marios	23	162	5	1	32____	101268	2	0	0	0	0	1	0	0	0	0	0
C	Marios	23	162	5	1	32____	101371	2	0	0	0	0	0	0	0	0	1	0
C	Marios	23	162	5	1	32____	101444	2	0	0	0	0	1	0	0	0	0	0
C	Marios	23	162	5	1	32____	101446	2	0	0	0	0	0	0	0	0	1	0
C	Marios	23	162	5	1	32____	101500	2	17	0	0	0	0	0	0	0	0	0
C	Marios	23	162	5	1	32____	102000	17	15	0	0	0	0	0	0	0	0	0
C	Marios	23	162	5	1	32____	102500	15	1	0	0	0	0	0	0	0	0	0
C	Marios	23	162	5	1	32____	102528	1	0	0	0	0	1	0	0	0	0	0
C	Marios	23	162	5	1	32____	102588	1	0	0	0	0	0	0	0	0	1	0
C	Marios	23	162	5	1	32____	103930	1	0	0	0	0	1	0	0	0	0	0
C	Marios	23	162	5	1	32____	104053	1	0	0	0	0	0	0	0	0	1	0
C	Marios	23	162	5	1	32____	106857	1	0	0	0	0	1	0	0	0	0	0
C	Marios	23	162	5	1	32____	106873	1	0	0	0	0	0	0	0	0	1	0
C	Marios	23	162	5	1	32____	106902	1	0	0	0	0	1	0	0	0	0	0
C	Marios	23	162	5	1	32____	107000	1	2	0	0	0	0	0	0	0	0	0
C	Marios	23	162	5	1	32____	107014	2	0	0	0	0	0	0	0	0	1	0
C	Marios	23	162	5	1	32____	107052	2	0	0	0	0	1	0	0	0	0	0
C	Marios	23	162	5	1	32____	107131	2	0	0	0	0	0	0	0	0	1	0
C	Marios	23	162	5	1	32____	107500	2	16	0	0	0	0	0	0	0	0	0
C	Marios	23	162	5	1	32____	108000	16	15	0	0	0	0	0	0	0	0	0
C	Marios	23	162	5	1	32____	108500	15	1	0	0	0	0	0	0	0	0	0
C	Marios	23	162	5	1	32____	108517	1	0	0	0	0	1	0	0	0	0	0
C	Marios	23	162	5	1	32____	108537	1	0	0	0	0	0	0	0	0	1	0
C	Marios	23	162	5	1	32____	109745	1	0	0	0	0	1	0	0	0	0	0
C	Marios	23	162	5	1	32____	109785	1	0	0	0	0	0	0	0	0	1	0
C	Marios	23	162	5	1	32____	109791	1	0	0	0	0	1	0	0	0	0	0
C	Marios	23	162	5	1	32____	109823	1	0	0	0	0	0	0	0	0	1	0
C	Marios	23	162	5	1	32____	109856	1	0	0	0	0	1	0	0	0	0	0
C	Marios	23	162	5	1	32____	109951	1	0	0	0	0	0	0	0	0	1	0
C	Marios	23	162	5	1	32____	110037	1	0	0	0	0	1	0	0	0	0	0
C	Marios	23	162	5	1	32____	110192	1	0	0	0	0	0	0	0	0	1	0
C	Marios	23	162	5	1	32____	110233	1	0	0	0	0	1	0	0	0	0	0
C	Marios	23	162	5	1	32____	110349	1	0	0	0	0	0	0	0	0	1	0
C	Marios	23	162	5	1	32____	110750	1	2	0	0	0	0	0	0	0	0	0
C	Marios	23	162	5	1	32____	111250	2	7	0	0	0	0	0	0	0	0	0
C	Marios	23	162	5	1	32____	111294	7	0	0	0	0	1	0	0	0	0	0
C	Marios	23	162	5	1	32____	111308	7	0	0	0	0	0	0	0	0	1	0
C	Marios	23	162	5	1	32____	111349	7	0	0	0	0	1	0	0	0	0	0
C	Marios	23	162	5	1	32____	111375	7	0	0	0	0	0	0	0	0	1	0
C	Marios	23	162	5	1	32____	111389	7	0	0	0	0	1	0	0	0	0	0
C	Marios	23	162	5	1	32____	111428	7	0	0	0	0	0	0	0	0	1	0
C	Marios	23	162	5	1	32____	111482	7	0	0	0	0	1	0	0	0	0	0
C	Marios	23	162	5	1	32____	111497	7	0	0	0	0	0	0	0	0	1	0
C	Marios	23	162	5	1	32____	111534	7	0	0	0	0	1	0	0	0	0	0
C	Marios	23	162	5	1	32____	111551	7	0	0	0	0	0	0	0	0	1	0
C	Marios	23	162	5	1	32____	111598	7	0	0	0	0	1	0	0	0	0	0
C	Marios	23	162	5	1	32____	111626	7	0	0	0	0	0	0	0	0	1	0
C	Marios	23	162	5	1	32____	111687	7	0	0	0	0	1	0	0	0	0	0
C	Marios	23	162	5	1	32____	111733	7	0	0	0	0	0	0	0	0	1	0
C	Marios	23	162	5	1	32____	111750	7	10	0	0	0	0	0	0	0	0	0
C	Marios	23	162	5	1	32____	111759	10	0	0	0	0	1	0	0	0	0	0
C	Marios	23	162	5	1	32____	112041	10	0	0	0	0	1	0	0	0	1	0
C	Marios	23	162	5	1	32____	112043	10	0	0	0	0	0	0	0	0	1	0
C	Marios	23	162	5	1	32____	112046	10	0	0	0	0	1	0	0	0	0	0
C	Marios	23	162	5	1	32____	112053	10	0	0	0	0	1	0	0	0	1	0
C	Marios	23	162	5	1	32____	112059	10	0	0	0	0	0	0	0	0	1	0
C	Marios	23	162	5	1	32____	112061	10	0	0	0	0	1	0	0	0	0	0
C	Marios	23	162	5	1	32____	112064	10	0	0	0	0	0	0	0	0	1	0
C	Marios	23	162	5	1	32____	112068	10	0	0	0	0	1	0	0	0	0	0
C	Marios	23	162	5	1	32____	112074	10	0	0	0	0	0	0	0	0	1	0
C	Marios	23	162	5	1	32____	112076	10	0	0	0	0	1	0	0	0	0	0
C	Marios	23	162	5	1	32____	112084	10	0	0	0	0	0	0	0	0	1	0
C	Marios	23	162	5	1	32____	112086	10	0	0	0	0	1	0	0	0	0	0
C	Marios	23	162	5	1	32____	112101	10	0	0	0	0	0	0	0	0	1	0
C	Marios	23	162	5	1	32____	112112	10	0	0	0	0	1	0	0	0	0	0
C	Marios	23	162	5	1	32____	112114	10	0	0	0	0	0	0	0	0	1	0
C	Marios	23	162	5	1	32____	112250	10	1	0	0	0	0	0	0	0	0	0
C	Marios	23	162	5	1	32____	112458	1	0	0	0	0	1	0	0	0	0	0
C	Marios	23	162	5	1	32____	112460	1	0	0	0	0	0	0	0	0	1	0
C	Marios	23	162	5	1	32____	112608	1	0	0	0	0	1	0	0	0	0	0
C	Marios	23	162	5	1	32____	112610	1	0	0	0	0	0	0	0	0	1	0
C	Marios	23	162	5	1	32____	112613	1	0	0	0	0	1	0	0	0	0	0
C	Marios	23	162	5	1	32____	112615	1	0	0	0	0	0	0	0	0	1	0
C	Marios	23	162	5	1	32____	112648	1	0	0	0	0	1	0	0	0	0	0
C	Marios	23	162	5	1	32____	112664	1	0	0	0	0	1	0	0	0	1	0
C	Marios	23	162	5	1	32____	112667	1	0	0	0	0	0	0	0	0	1	0
C	Marios	23	162	5	1	32____	112674	1	0	0	0	0	1	0	0	0	0	0
C	Marios	23	162	5	1	32____	112676	1	0	0	0	0	0	0	0	0	1	0
C	Marios	23	162	5	1	32____	112695	1	0	0	0	0	1	0	0	0	0	0
C	Marios	23	162	5	1	32____	112715	1	0	0	0	0	0	0	0	0	1	0
C	Marios	23	162	5	1	32____	112717	1	0	0	0	0	1	0	0	0	0	0
C	Marios	23	162	5	1	32____	112725	1	0	0	0	0	0	0	0	0	1	0
C	Marios	23	162	5	1	32____	112732	1	0	0	0	0	1	0	0	0	0	0
C	Marios	23	162	5	1	32____	112734	1	0	0	0	0	0	0	0	0	1	0
C	Marios	23	162	5	1	32____	112738	1	0	0	0	0	1	0	0	0	0	0
C	Marios	23	162	5	1	32____	112749	1	0	0	0	0	0	0	0	0	1	0
C	Marios	23	162	5	1	32____	112752	1	0	0	0	0	1	0	0	0	0	0
C	Marios	23	162	5	1	32____	112999	1	0	0	0	0	0	0	0	0	1	0
C	Marios	23	162	5	1	32____	113154	1	0	0	0	0	1	0	0	0	0	0
C	Marios	23	162	5	1	32____	113546	1	0	0	0	0	0	0	0	0	1	0
C	Marios	23	162	5	1	32____	113549	1	0	0	0	0	1	0	0	0	0	0
C	Marios	23	162	5	1	32____	113551	1	0	0	0	0	0	0	0	0	1	0
C	Marios	23	162	5	1	32____	113554	1	0	0	0	0	1	0	0	0	0	0
C	Marios	23	162	5	1	32____	113563	1	0	0	0	0	0	0	0	0	1	0
C	Marios	23	162	5	1	32____	114339	1	0	0	0	0	1	0	0	0	0	0
C	Marios	23	162	5	1	32____	114341	1	0	0	0	0	0	0	0	0	1	0
C	Marios	23	162	5	1	32____	115775	1	0	0	0	0	1	0	0	0	0	0
C	Marios	23	162	5	1	32____	115801	1	0	0	0	0	0	0	0	0	1	0
C	Marios	23	162	5	1	32____	116750	1	2	0	0	0	0	0	0	0	0	0
C	Marios	23	162	5	1	32____	117129	2	0	0	0	0	1	0	0	0	0	0
C	Marios	23	162	5	1	32____	117192	2	0	0	0	0	0	0	0	0	1	0
C	Marios	23	162	5	1	32____	117206	2	0	0	0	0	1	0	0	0	0	0
C	Marios	23	162	5	1	32____	117208	2	0	0	0	0	0	0	0	0	1	0
C	Marios	23	162	5	1	32____	117250	2	6	0	0	0	0	0	0	0	0	0
C	Marios	23	162	5	1	32____	117355	6	0	0	0	0	1	0	0	0	0	0
C	Marios	23	162	5	1	32____	117383	6	0	0	0	0	0	0	0	0	1	0
C	Marios	23	162	5	1	32____	117412	6	0	0	0	0	1	0	0	0	0	0
C	Marios	23	162	5	1	32____	117439	6	0	0	0	0	0	0	0	0	1	0
C	Marios	23	162	5	1	32____	117470	6	0	0	0	0	1	0	0	0	0	0
C	Marios	23	162	5	1	32____	117498	6	0	0	0	0	0	0	0	0	1	0
C	Marios	23	162	5	1	32____	117531	6	0	0	0	0	1	0	0	0	0	0
C	Marios	23	162	5	1	32____	117549	6	0	0	0	0	0	0	0	0	1	0
C	Marios	23	162	5	1	32____	117621	6	0	0	0	0	1	0	0	0	0	0
C	Marios	23	162	5	1	32____	117642	6	0	0	0	0	0	0	0	0	1	0
C	Marios	23	162	5	1	32____	117682	6	0	0	0	0	1	0	0	0	0	0
C	Marios	23	162	5	1	32____	117693	6	0	0	0	0	0	0	0	0	1	0
C	Marios	23	162	5	1	32____	117747	6	0	0	0	0	1	0	0	0	0	0
C	Marios	23	162	5	1	32____	117750	6	11	0	0	0	0	0	0	0	0	0
C	Marios	23	162	5	1	32____	118033	11	0	0	0	0	0	0	0	0	1	0
C	Marios	23	162	5	1	32____	118036	11	0	0	0	0	1	0	0	0	0	0
C	Marios	23	162	5	1	32____	118089	11	0	0	0	0	0	0	0	0	1	0
C	Marios	23	162	5	1	32____	118090	11	0	0	0	0	1	0	0	0	0	0
C	Marios	23	162	5	1	32____	118094	11	0	0	0	0	0	0	0	0	1	0
C	Marios	23	162	5	1	32____	118097	11	0	0	0	0	1	0	0	0	0	0
C	Marios	23	162	5	1	32____	118121	11	0	0	0	0	0	0	0	0	1	0
C	Marios	23	162	5	1	32____	118123	11	0	0	0	0	1	0	0	0	0	0
C	Marios	23	162	5	1	32____	118139	11	0	0	0	0	0	0	0	0	1	0
C	Marios	23	162	5	1	32____	118160	11	0	0	0	0	1	0	0	0	0	0
C	Marios	23	162	5	1	32____	118163	11	0	0	0	0	0	0	0	0	1	0
C	Marios	23	162	5	1	32____	118165	11	0	0	0	0	1	0	0	0	0	0
C	Marios	23	162	5	1	32____	118191	11	0	0	0	0	0	0	0	0	1	0
C	Marios	23	162	5	1	32____	118193	11	0	0	0	0	1	0	0	0	0	0
C	Marios	23	162	5	1	32____	118240	11	0	0	0	0	0	0	0	0	1	0
C	Marios	23	162	5	1	32____	118247	11	0	0	0	0	1	0	0	0	0	0
C	Marios	23	162	5	1	32____	118250	11	1	0	0	0	0	0	0	0	0	0
C	Marios	23	162	5	1	32____	118252	1	0	0	0	0	0	0	0	0	1	0
C	Marios	23	162	5	1	32____	118276	1	0	0	0	0	1	0	0	0	0	0
C	Marios	23	162	5	1	32____	118279	1	0	0	0	0	0	0	0	0	1	0
C	Marios	23	162	5	1	32____	118310	1	0	0	0	0	1	0	0	0	0	0
C	Marios	23	162	5	1	32____	118348	1	0	0	0	0	0	0	0	0	1	0
C	Marios	23	162	5	1	32____	118349	1	0	0	0	0	1	0	0	0	0	0
C	Marios	23	162	5	1	32____	118354	1	0	0	0	0	0	0	0	0	1	0
C	Marios	23	162	5	1	32____	118356	1	0	0	0	0	1	0	0	0	0	0
C	Marios	23	162	5	1	32____	118390	1	0	0	0	0	0	0	0	0	1	0
C	Marios	23	162	5	1	32____	118393	1	0	0	0	0	1	0	0	0	0	0
C	Marios	23	162	5	1	32____	118396	1	0	0	0	0	0	0	0	0	1	0
C	Marios	23	162	5	1	32____	118434	1	0	0	0	0	1	0	0	0	0	0
C	Marios	23	162	5	1	32____	118437	1	0	0	0	0	0	0	0	0	1	0
C	Marios	23	162	5	1	32____	118468	1	0	0	0	0	1	0	0	0	0	0
C	Marios	23	162	5	1	32____	118470	1	0	0	0	0	0	0	0	0	1	0
C	Marios	23	162	5	1	32____	118473	1	0	0	0	0	1	0	0	0	0	0
C	Marios	23	162	5	1	32____	118476	1	0	0	0	0	0	0	0	0	1	0
C	Marios	23	162	5	1	32____	118504	1	0	0	0	0	1	0	0	0	0	0
C	Marios	23	162	5	1	32____	118508	1	0	0	0	0	0	0	0	0	1	0
C	Marios	23	162	5	1	32____	118523	1	0	0	0	0	1	0	0	0	0	0
C	Marios	23	162	5	1	32____	118528	1	0	0	0	0	0	0	0	0	1	0
C	Marios	23	162	5	1	32____	118633	1	0	0	0	0	1	0	0	0	0	0
C	Marios	23	162	5	1	32____	118635	1	0	0	0	0	0	0	0	0	1	0
C	Marios	23	162	5	1	32____	118693	1	0	0	0	0	1	0	0	0	0	0
C	Marios	23	162	5	1	32____	118697	1	0	0	0	0	0	0	0	0	1	0
C	Marios	23	162	5	1	32____	118719	1	0	0	0	0	1	0	0	0	0	0
C	Marios	23	162	5	1	32____	118729	1	0	0	0	0	0	0	0	0	1	0
C	Marios	23	162	5	1	32____	118739	1	0	0	0	0	1	0	0	0	0	0
C	Marios	23	162	5	1	32____	118741	1	0	0	0	0	0	0	0	0	1	0
C	Marios	23	162	5	1	32____	118750	1	0	0	0	0	1	0	0	0	0	0
C	Marios	23	162	5	1	32____	118752	1	0	0	0	0	1	0	0	0	1	0
C	Marios	23	162	5	1	32____	118755	1	0	0	0	0	0	0	0	0	1	0
C	Marios	23	162	5	1	32____	118795	1	0	0	0	0	1	0	0	0	0	0
C	Marios	23	162	5	1	32____	118803	1	0	0	0	0	0	0	0	0	1	0
C	Marios	23	162	5	1	32____	118807	1	0	0	0	0	1	0	0	0	0	0
C	Marios	23	162	5	1	32____	118809	1	0	0	0	0	0	0	0	0	1	0
C	Marios	23	162	5	1	32____	118833	1	0	0	0	0	1	0	0	0	0	0
C	Marios	23	162	5	1	32____	118839	1	0	0	0	0	0	0	0	0	1	0
C	Marios	23	162	5	1	32____	118844	1	0	0	0	0	1	0	0	0	0	0
C	Marios	23	162	5	1	32____	118859	1	0	0	0	0	0	0	0	0	1	0
C	Marios	23	162	5	1	32____	118862	1	0	0	0	0	1	0	0	0	0	0
C	Marios	23	162	5	1	32____	118968	1	0	0	0	0	0	0	0	0	1	0
C	Marios	23	162	5	1	32____	119025	1	0	0	0	0	1	0	0	0	0	0
C	Marios	23	162	5	1	32____	119028	1	0	0	0	0	0	0	0	0	1	0
C	Marios	23	162	5	1	32____	119055	1	0	0	0	0	1	0	0	0	0	0
C	Marios	23	162	5	1	32____	119057	1	0	0	0	0	0	0	0	0	1	0
C	Marios	23	162	5	1	32____	119882	1	0	0	0	0	1	0	0	0	0	0
C	Marios	23	162	5	1	32____	119890	1	0	0	0	0	0	0	0	0	1	0
C	Marios	23	162	5	1	32____	121272	1	0	0	0	0	1	0	0	0	0	0
C	Marios	23	162	5	1	32____	121293	1	0	0	0	0	0	0	0	0	1	0
C	Marios	23	162	5	1	32____	121299	1	0	0	0	0	1	0	0	0	0	0
C	Marios	23	162	5	1	32____	121412	1	0	0	0	0	0	0	0	0	1	0
C	Marios	23	162	5	1	32____	121505	1	0	0	0	0	1	0	0	0	0	0
C	Marios	23	162	5	1	32____	121539	1	0	0	0	0	0	0	0	0	1	0
C	Marios	23	162	5	1	32____	122427	1	0	0	0	0	1	0	0	0	0	0
C	Marios	23	162	5	1	32____	122433	1	0	0	0	0	0	0	0	0	1	0
C	Marios	23	162	5	1	32____	122780	1	0	0	0	0	1	0	0	0	0	0
C	Marios	23	162	5	1	32____	122826	1	0	0	0	0	0	0	0	0	1	0
C	Marios	23	162	5	1	32____	122845	1	0	0	0	0	1	0	0	0	0	0
C	Marios	23	162	5	1	32____	122876	1	0	0	0	0	0	0	0	0	1	0
C	Marios	23	162	5	1	32____	123750	1	2	0	0	0	0	0	0	0	0	0
C	Marios	23	162	5	1	32____	124102	2	0	0	0	0	1	0	0	0	0	0
C	Marios	23	162	5	1	32____	124189	2	0	0	0	0	0	0	0	0	1	0
C	Marios	23	162	5	1	32____	124250	2	17	0	0	0	0	0	0	0	0	0
C	Marios	23	162	5	1	32____	124278	17	0	0	0	0	1	0	0	0	0	0
C	Marios	23	162	5	1	32____	124335	17	0	0	0	0	0	0	0	0	1	0
C	Marios	23	162	5	1	32____	124465	17	0	0	0	0	1	0	0	0	0	0
C	Marios	23	162	5	1	32____	124538	17	0	0	0	0	0	0	0	0	1	0
C	Marios	23	162	5	1	32____	124543	17	0	0	0	0	1	0	0	0	0	0
C	Marios	23	162	5	1	32____	124545	17	0	0	0	0	0	0	0	0	1	0
C	Marios	23	162	5	1	32____	124546	17	0	0	0	0	1	0	0	0	0	0
C	Marios	23	162	5	1	32____	124703	17	0	0	0	0	0	0	0	0	1	0
C	Marios	23	162	5	1	32____	124750	17	15	0	0	0	0	0	0	0	0	0
C	Marios	23	162	5	1	32____	124844	15	0	0	0	0	1	0	0	0	0	0
C	Marios	23	162	5	1	32____	125004	15	0	0	0	0	0	0	0	0	1	0
C	Marios	23	162	5	1	32____	125104	15	0	0	0	0	1	0	0	0	0	0
C	Marios	23	162	5	1	32____	125250	15	1	0	0	0	0	0	0	0	0	0
C	Marios	23	162	5	1	32____	125399	1	0	0	0	0	0	0	0	0	1	0
C	Marios	23	162	5	1	32____	125405	1	0	0	0	0	1	0	0	0	0	0
C	Marios	23	162	5	1	32____	125439	1	0	0	0	0	0	0	0	0	1	0
C	Marios	23	162	5	1	32____	127135	1	0	0	0	0	1	0	0	0	0	0
C	Marios	23	162	5	1	32____	127165	1	0	0	0	0	0	0	0	0	1	0
C	Marios	23	162	5	1	32____	127167	1	0	0	0	0	1	0	0	0	0	0
C	Marios	23	162	5	1	32____	127197	1	0	0	0	0	0	0	0	0	1	0
C	Marios	23	162	5	1	32____	127908	1	0	0	0	0	1	0	0	0	0	0
C	Marios	23	162	5	1	32____	128030	1	0	0	0	0	0	0	0	0	1	0
C	Marios	23	162	5	1	32____	129312	1	0	0	0	0	1	0	0	0	0	0
C	Marios	23	162	5	1	32____	129520	1	0	0	0	0	0	0	0	0	1	0
C	Marios	23	162	5	1	32____	129554	1	0	0	0	0	1	0	0	0	0	0
C	Marios	23	162	5	1	32____	130025	1	0	0	0	0	0	0	0	0	1	0
C	Marios	23	162	5	1	32____	130800	1	0	0	0	0	1	0	0	0	0	0
C	Marios	23	162	5	1	32____	131172	1	0	0	0	0	0	0	0	0	1	0
C	Marios	23	162	5	1	32____	131250	1	2	0	0	0	0	0	0	0	0	0
C	Marios	23	162	5	1	32____	131750	2	17	0	0	0	0	0	0	0	0	0
C	Marios	23	162	5	1	32____	132250	17	15	0	0	0	0	0	0	0	0	0
C	Marios	23	162	5	1	32____	132617	15	0	0	0	0	1	0	0	0	0	0
C	Marios	23	162	5	1	32____	132640	15	0	0	0	0	0	0	0	0	1	0
C	Marios	23	162	5	1	32____	132750	15	1	0	0	0	0	0	0	0	0	0
C	Marios	23	162	5	1	32____	132920	1	0	0	0	0	1	0	0	0	0	0
C	Marios	23	162	5	1	32____	132989	1	0	0	0	0	0	0	0	0	1	0
C	Marios	23	162	5	1	32____	133750	1	0	0	0	0	1	0	0	0	0	0
C	Marios	23	162	5	1	32____	133767	1	0	0	0	0	0	0	0	0	1	0
C	Marios	23	162	5	1	32____	133853	1	0	0	0	0	1	0	0	0	0	0
C	Marios	23	162	5	1	32____	133920	1	0	0	0	0	0	0	0	0	1	0
C	Marios	23	162	5	1	32____	135750	1	2	0	0	0	0	0	0	0	0	0
C	Marios	23	162	5	1	32____	136250	2	16	0	0	0	0	0	0	0	0	0
C	Marios	23	162	5	1	32____	136357	16	0	0	0	0	1	0	0	0	0	0
C	Marios	23	162	5	1	32____	136458	16	0	0	0	0	0	0	0	0	1	0
C	Marios	23	162	5	1	32____	136461	16	0	0	0	0	1	0	0	0	0	0
C	Marios	23	162	5	1	32____	136511	16	0	0	0	0	0	0	0	0	1	0
C	Marios	23	162	5	1	32____	136600	16	0	0	0	0	1	0	0	0	0	0
C	Marios	23	162	5	1	32____	136612	16	0	0	0	0	0	0	0	0	1	0
C	Marios	23	162	5	1	32____	136623	16	0	0	0	0	1	0	0	0	0	0
C	Marios	23	162	5	1	32____	136677	16	0	0	0	0	0	0	0	0	1	0
C	Marios	23	162	5	1	32____	136693	16	0	0	0	0	1	0	0	0	0	0
C	Marios	23	162	5	1	32____	136697	16	0	0	0	0	0	0	0	0	1	0
C	Marios	23	162	5	1	32____	136708	16	0	0	0	0	1	0	0	0	0	0
C	Marios	23	162	5	1	32____	136737	16	0	0	0	0	0	0	0	0	1	0
C	Marios	23	162	5	1	32____	136750	16	15	0	0	0	0	0	0	0	0	0
C	Marios	23	162	5	1	32____	136783	15	0	0	0	0	1	0	0	0	0	0
C	Marios	23	162	5	1	32____	136958	15	0	0	0	0	0	0	0	0	1	0
C	Marios	23	162	5	1	32____	137008	15	0	0	0	0	1	0	0	0	0	0
C	Marios	23	162	5	1	32____	137106	15	0	0	0	0	0	0	0	0	1	0
C	Marios	23	162	5	1	32____	137107	15	0	0	0	0	1	0	0	0	0	0
C	Marios	23	162	5	1	32____	137109	15	0	0	0	0	0	0	0	0	1	0
C	Marios	23	162	5	1	32____	137250	15	1	0	0	0	0	0	0	0	0	0
C	Marios	23	162	5	1	32____	138846	1	0	0	0	0	1	0	0	0	0	0
C	Marios	23	162	5	1	32____	138948	1	0	0	0	0	0	0	0	0	1	0
C	Marios	23	162	5	1	32____	138969	1	0	0	0	0	1	0	0	0	0	0
C	Marios	23	162	5	1	32____	138972	1	0	0	0	0	0	0	0	0	1	0
C	Marios	23	162	5	1	32____	139077	1	0	0	0	0	1	0	0	0	0	0
C	Marios	23	162	5	1	32____	139135	1	0	0	0	0	0	0	0	0	1	0
C	Marios	23	162	5	1	32____	139149	1	0	0	0	0	1	0	0	0	0	0
C	Marios	23	162	5	1	32____	139161	1	0	0	0	0	0	0	0	0	1	0
C	Marios	23	162	5	1	32____	139267	1	0	0	0	0	1	0	0	0	0	0
C	Marios	23	162	5	1	32____	139321	1	0	0	0	0	0	0	0	0	1	0
C	Marios	23	162	5	1	32____	139341	1	0	0	0	0	1	0	0	0	0	0
C	Marios	23	162	5	1	32____	139498	1	0	0	0	0	0	0	0	0	1	0
C	Marios	23	162	5	1	32____	142500	1	2	0	0	0	0	0	0	0	0	0
C	Marios	23	162	5	1	32____	142922	2	0	0	0	0	1	0	0	0	0	0
C	Marios	23	162	5	1	32____	142989	2	0	0	0	0	0	0	0	0	1	0
C	Marios	23	162	5	1	32____	143000	2	16	0	0	0	0	0	0	0	0	0
C	Marios	23	162	5	1	32____	143045	16	0	0	0	0	1	0	0	0	0	0
C	Marios	23	162	5	1	32____	143059	16	0	0	0	0	0	0	0	0	1	0
C	Marios	23	162	5	1	32____	143102	16	0	0	0	0	1	0	0	0	0	0
C	Marios	23	162	5	1	32____	143144	16	0	0	0	0	0	0	0	0	1	0
C	Marios	23	162	5	1	32____	143151	16	0	0	0	0	1	0	0	0	0	0
C	Marios	23	162	5	1	32____	143155	16	0	0	0	0	0	0	0	0	1	0
C	Marios	23	162	5	1	32____	143159	16	0	0	0	0	1	0	0	0	0	0
C	Marios	23	162	5	1	32____	143160	16	0	0	0	0	0	0	0	0	1	0
C	Marios	23	162	5	1	32____	143161	16	0	0	0	0	1	0	0	0	0	0
C	Marios	23	162	5	1	32____	143163	16	0	0	0	0	0	0	0	0	1	0
C	Marios	23	162	5	1	32____	143188	16	0	0	0	0	1	0	0	0	0	0
C	Marios	23	162	5	1	32____	143229	16	0	0	0	0	0	0	0	0	1	0
C	Marios	23	162	5	1	32____	143237	16	0	0	0	0	1	0	0	0	0	0
C	Marios	23	162	5	1	32____	143318	16	0	0	0	0	0	0	0	0	1	0
C	Marios	23	162	5	1	32____	143414	16	0	0	0	0	1	0	0	0	0	0
C	Marios	23	162	5	1	32____	143500	16	15	0	0	0	0	0	0	0	0	0
C	Marios	23	162	5	1	32____	143502	15	0	0	0	0	0	0	0	0	1	0
C	Marios	23	162	5	1	32____	143539	15	0	0	0	0	1	0	0	0	0	0
C	Marios	23	162	5	1	32____	143705	15	0	0	0	0	0	0	0	0	1	0
C	Marios	23	162	5	1	32____	144000	15	14	0	0	0	0	0	0	0	0	0
C	Marios	23	162	5	1	32____	147000	14	-1	0	0	0	0	0	0	0	0	0
