Project	UserID	Protocol	Session	Station	Run	Subject	Time	Current State	Transition State	Transition Event	A1 - LLR	A2 - RLR	A3 - MAG	A4 - 	A[1] LLR_OFF	A[2] RLR_OFF	A[3] MAG_OFF	A[4] 
C	Marios	25	162	9	1	8_____	0	0	1	0	0	0	0	0	0	0	0	0
C	Marios	25	162	9	1	8_____	694	1	0	0	0	0	1	0	0	0	0	0
C	Marios	25	162	9	1	8_____	722	1	0	0	0	0	0	0	0	0	1	0
C	Marios	25	162	9	1	8_____	1602	1	0	0	0	0	1	0	0	0	0	0
C	Marios	25	162	9	1	8_____	1657	1	0	0	0	0	0	0	0	0	1	0
C	Marios	25	162	9	1	8_____	2207	1	0	0	0	0	1	0	0	0	0	0
C	Marios	25	162	9	1	8_____	2308	1	0	0	0	0	0	0	0	0	1	0
C	Marios	25	162	9	1	8_____	2447	1	0	0	0	0	1	0	0	0	0	0
C	Marios	25	162	9	1	8_____	2449	1	0	0	0	0	0	0	0	0	1	0
C	Marios	25	162	9	1	8_____	2450	1	0	0	0	0	1	0	0	0	0	0
C	Marios	25	162	9	1	8_____	2452	1	0	0	0	0	0	0	0	0	1	0
C	Marios	25	162	9	1	8_____	3637	1	0	0	0	0	1	0	0	0	0	0
C	Marios	25	162	9	1	8_____	3643	1	0	0	0	0	0	0	0	0	1	0
C	Marios	25	162	9	1	8_____	3665	1	0	0	0	0	1	0	0	0	0	0
C	Marios	25	162	9	1	8_____	3674	1	0	0	0	0	0	0	0	0	1	0
C	Marios	25	162	9	1	8_____	3681	1	0	0	0	0	1	0	0	0	0	0
C	Marios	25	162	9	1	8_____	3686	1	0	0	0	0	0	0	0	0	1	0
C	Marios	25	162	9	1	8_____	3689	1	0	0	0	0	1	0	0	0	0	0
C	Marios	25	162	9	1	8_____	3692	1	0	0	0	0	0	0	0	0	1	0
C	Marios	25	162	9	1	8_____	3708	1	0	0	0	0	1	0	0	0	0	0
C	Marios	25	162	9	1	8_____	3713	1	0	0	0	0	0	0	0	0	1	0
C	Marios	25	162	9	1	8_____	3721	1	0	0	0	0	1	0	0	0	0	0
C	Marios	25	162	9	1	8_____	3734	1	0	0	0	0	0	0	0	0	1	0
C	Marios	25	162	9	1	8_____	4165	1	0	0	0	0	1	0	0	0	0	0
C	Marios	25	162	9	1	8_____	4223	1	0	0	0	0	0	0	0	0	1	0
C	Marios	25	162	9	1	8_____	5059	1	0	0	0	0	1	0	0	0	0	0
C	Marios	25	162	9	1	8_____	5067	1	0	0	0	0	0	0	0	0	1	0
C	Marios	25	162	9	1	8_____	6201	1	0	0	0	0	1	0	0	0	0	0
C	Marios	25	162	9	1	8_____	6203	1	0	0	0	0	0	0	0	0	1	0
C	Marios	25	162	9	1	8_____	6750	1	2	0	0	0	0	0	0	0	0	0
C	Marios	25	162	9	1	8_____	7250	2	17	0	0	0	0	0	0	0	0	0
C	Marios	25	162	9	1	8_____	7750	17	15	0	0	0	0	0	0	0	0	0
C	Marios	25	162	9	1	8_____	8250	15	1	0	0	0	0	0	0	0	0	0
C	Marios	25	162	9	1	8_____	8464	1	0	0	0	0	1	0	0	0	0	0
C	Marios	25	162	9	1	8_____	8466	1	0	0	0	0	0	0	0	0	1	0
C	Marios	25	162	9	1	8_____	8718	1	0	0	0	0	1	0	0	0	0	0
C	Marios	25	162	9	1	8_____	8779	1	0	0	0	0	0	0	0	0	1	0
C	Marios	25	162	9	1	8_____	9552	1	0	0	0	0	1	0	0	0	0	0
C	Marios	25	162	9	1	8_____	9569	1	0	0	0	0	0	0	0	0	1	0
C	Marios	25	162	9	1	8_____	9589	1	0	0	0	0	1	0	0	0	0	0
C	Marios	25	162	9	1	8_____	9591	1	0	0	0	0	0	0	0	0	1	0
C	Marios	25	162	9	1	8_____	9605	1	0	0	0	0	1	0	0	0	0	0
C	Marios	25	162	9	1	8_____	9704	1	0	0	0	0	0	0	0	0	1	0
C	Marios	25	162	9	1	8_____	10146	1	0	0	0	0	1	0	0	0	0	0
C	Marios	25	162	9	1	8_____	10156	1	0	0	0	0	0	0	0	0	1	0
C	Marios	25	162	9	1	8_____	10157	1	0	0	0	0	1	0	0	0	0	0
C	Marios	25	162	9	1	8_____	10196	1	0	0	0	0	0	0	0	0	1	0
C	Marios	25	162	9	1	8_____	10200	1	0	0	0	0	1	0	0	0	0	0
C	Marios	25	162	9	1	8_____	10248	1	0	0	0	0	0	0	0	0	1	0
C	Marios	25	162	9	1	8_____	11460	1	0	0	0	0	1	0	0	0	0	0
C	Marios	25	162	9	1	8_____	11499	1	0	0	0	0	0	0	0	0	1	0
C	Marios	25	162	9	1	8_____	11750	1	2	0	0	0	0	0	0	0	0	0
C	Marios	25	162	9	1	8_____	12148	2	0	0	0	0	1	0	0	0	0	0
C	Marios	25	162	9	1	8_____	12154	2	0	0	0	0	0	0	0	0	1	0
C	Marios	25	162	9	1	8_____	12170	2	0	0	0	0	1	0	0	0	0	0
C	Marios	25	162	9	1	8_____	12223	2	0	0	0	0	0	0	0	0	1	0
C	Marios	25	162	9	1	8_____	12250	2	16	0	0	0	0	0	0	0	0	0
C	Marios	25	162	9	1	8_____	12750	16	15	0	0	0	0	0	0	0	0	0
C	Marios	25	162	9	1	8_____	13250	15	1	0	0	0	0	0	0	0	0	0
C	Marios	25	162	9	1	8_____	13559	1	0	0	0	0	1	0	0	0	0	0
C	Marios	25	162	9	1	8_____	13560	1	0	0	0	0	0	0	0	0	1	0
C	Marios	25	162	9	1	8_____	14108	1	0	0	0	0	1	0	0	0	0	0
C	Marios	25	162	9	1	8_____	14142	1	0	0	0	0	0	0	0	0	1	0
C	Marios	25	162	9	1	8_____	14152	1	0	0	0	0	1	0	0	0	0	0
C	Marios	25	162	9	1	8_____	14156	1	0	0	0	0	0	0	0	0	1	0
C	Marios	25	162	9	1	8_____	14164	1	0	0	0	0	1	0	0	0	0	0
C	Marios	25	162	9	1	8_____	14302	1	0	0	0	0	0	0	0	0	1	0
C	Marios	25	162	9	1	8_____	14673	1	0	0	0	0	1	0	0	0	0	0
C	Marios	25	162	9	1	8_____	14682	1	0	0	0	0	0	0	0	0	1	0
C	Marios	25	162	9	1	8_____	14748	1	0	0	0	0	1	0	0	0	0	0
C	Marios	25	162	9	1	8_____	14771	1	0	0	0	0	0	0	0	0	1	0
C	Marios	25	162	9	1	8_____	14772	1	0	0	0	0	1	0	0	0	0	0
C	Marios	25	162	9	1	8_____	14835	1	0	0	0	0	0	0	0	0	1	0
C	Marios	25	162	9	1	8_____	15731	1	0	0	0	0	1	0	0	0	0	0
C	Marios	25	162	9	1	8_____	15733	1	0	0	0	0	0	0	0	0	1	0
C	Marios	25	162	9	1	8_____	15740	1	0	0	0	0	1	0	0	0	0	0
C	Marios	25	162	9	1	8_____	15771	1	0	0	0	0	0	0	0	0	1	0
C	Marios	25	162	9	1	8_____	16232	1	0	0	0	0	1	0	0	0	0	0
C	Marios	25	162	9	1	8_____	16284	1	0	0	0	0	0	0	0	0	1	0
C	Marios	25	162	9	1	8_____	17000	1	2	0	0	0	0	0	0	0	0	0
C	Marios	25	162	9	1	8_____	17500	2	6	0	0	0	0	0	0	0	0	0
C	Marios	25	162	9	1	8_____	17536	6	0	0	0	0	1	0	0	0	0	0
C	Marios	25	162	9	1	8_____	17558	6	0	0	0	0	0	0	0	0	1	0
C	Marios	25	162	9	1	8_____	17578	6	0	0	0	0	1	0	0	0	0	0
C	Marios	25	162	9	1	8_____	17601	6	0	0	0	0	0	0	0	0	1	0
C	Marios	25	162	9	1	8_____	17631	6	0	0	0	0	1	0	0	0	0	0
C	Marios	25	162	9	1	8_____	17667	6	0	0	0	0	0	0	0	0	1	0
C	Marios	25	162	9	1	8_____	17690	6	0	0	0	0	1	0	0	0	0	0
C	Marios	25	162	9	1	8_____	17720	6	0	0	0	0	0	0	0	0	1	0
C	Marios	25	162	9	1	8_____	17744	6	0	0	0	0	1	0	0	0	0	0
C	Marios	25	162	9	1	8_____	17773	6	0	0	0	0	0	0	0	0	1	0
C	Marios	25	162	9	1	8_____	17801	6	0	0	0	0	1	0	0	0	0	0
C	Marios	25	162	9	1	8_____	17898	6	0	0	0	0	0	0	0	0	1	0
C	Marios	25	162	9	1	8_____	17913	6	0	0	0	0	1	0	0	0	0	0
C	Marios	25	162	9	1	8_____	17994	6	0	0	0	0	0	0	0	0	1	0
C	Marios	25	162	9	1	8_____	18000	6	11	0	0	0	0	0	0	0	0	0
C	Marios	25	162	9	1	8_____	18031	11	0	0	0	0	1	0	0	0	0	0
C	Marios	25	162	9	1	8_____	18158	11	0	0	0	0	0	0	0	0	1	0
C	Marios	25	162	9	1	8_____	18259	11	0	0	0	0	1	0	0	0	0	0
C	Marios	25	162	9	1	8_____	18278	11	0	0	0	0	0	0	0	0	1	0
C	Marios	25	162	9	1	8_____	18289	11	0	0	0	0	1	0	0	0	0	0
C	Marios	25	162	9	1	8_____	18300	11	0	0	0	0	0	0	0	0	1	0
C	Marios	25	162	9	1	8_____	18319	11	0	0	0	0	1	0	0	0	0	0
C	Marios	25	162	9	1	8_____	18321	11	0	0	0	0	0	0	0	0	1	0
C	Marios	25	162	9	1	8_____	18362	11	0	0	0	0	1	0	0	0	0	0
C	Marios	25	162	9	1	8_____	18367	11	0	0	0	0	0	0	0	0	1	0
C	Marios	25	162	9	1	8_____	18500	11	1	0	0	0	0	0	0	0	0	0
C	Marios	25	162	9	1	8_____	18519	1	0	0	0	0	1	0	0	0	0	0
C	Marios	25	162	9	1	8_____	18563	1	0	0	0	0	0	0	0	0	1	0
C	Marios	25	162	9	1	8_____	18568	1	0	0	0	0	1	0	0	0	0	0
C	Marios	25	162	9	1	8_____	18730	1	0	0	0	0	0	0	0	0	1	0
C	Marios	25	162	9	1	8_____	18731	1	0	0	0	0	1	0	0	0	0	0
C	Marios	25	162	9	1	8_____	18733	1	0	0	0	0	0	0	0	0	1	0
C	Marios	25	162	9	1	8_____	19834	1	0	0	0	0	1	0	0	0	0	0
C	Marios	25	162	9	1	8_____	19855	1	0	0	0	0	0	0	0	0	1	0
C	Marios	25	162	9	1	8_____	19861	1	0	0	0	0	1	0	0	0	0	0
C	Marios	25	162	9	1	8_____	19881	1	0	0	0	0	0	0	0	0	1	0
C	Marios	25	162	9	1	8_____	20863	1	0	0	0	0	1	0	0	0	0	0
C	Marios	25	162	9	1	8_____	21011	1	0	0	0	0	0	0	0	0	1	0
C	Marios	25	162	9	1	8_____	23000	1	2	0	0	0	0	0	0	0	0	0
C	Marios	25	162	9	1	8_____	23008	2	0	0	0	0	1	0	0	0	0	0
C	Marios	25	162	9	1	8_____	23085	2	0	0	0	0	0	0	0	0	1	0
C	Marios	25	162	9	1	8_____	23125	2	0	0	0	0	1	0	0	0	0	0
C	Marios	25	162	9	1	8_____	23142	2	0	0	0	0	0	0	0	0	1	0
C	Marios	25	162	9	1	8_____	23144	2	0	0	0	0	1	0	0	0	0	0
C	Marios	25	162	9	1	8_____	23205	2	0	0	0	0	0	0	0	0	1	0
C	Marios	25	162	9	1	8_____	23351	2	0	0	0	0	1	0	0	0	0	0
C	Marios	25	162	9	1	8_____	23359	2	0	0	0	0	0	0	0	0	1	0
C	Marios	25	162	9	1	8_____	23406	2	0	0	0	0	1	0	0	0	0	0
C	Marios	25	162	9	1	8_____	23414	2	0	0	0	0	0	0	0	0	1	0
C	Marios	25	162	9	1	8_____	23500	2	7	0	0	0	0	0	0	0	0	0
C	Marios	25	162	9	1	8_____	23648	7	0	0	0	0	1	0	0	0	0	0
C	Marios	25	162	9	1	8_____	23692	7	0	0	0	0	0	0	0	0	1	0
C	Marios	25	162	9	1	8_____	23719	7	0	0	0	0	1	0	0	0	0	0
C	Marios	25	162	9	1	8_____	23747	7	0	0	0	0	0	0	0	0	1	0
C	Marios	25	162	9	1	8_____	23752	7	0	0	0	0	1	0	0	0	0	0
C	Marios	25	162	9	1	8_____	23800	7	0	0	0	0	0	0	0	0	1	0
C	Marios	25	162	9	1	8_____	23834	7	0	0	0	0	1	0	0	0	0	0
C	Marios	25	162	9	1	8_____	23950	7	0	0	0	0	0	0	0	0	1	0
C	Marios	25	162	9	1	8_____	23953	7	0	0	0	0	1	0	0	0	0	0
C	Marios	25	162	9	1	8_____	23958	7	0	0	0	0	0	0	0	0	1	0
C	Marios	25	162	9	1	8_____	23987	7	0	0	0	0	1	0	0	0	0	0
C	Marios	25	162	9	1	8_____	24000	7	10	0	0	0	0	0	0	0	0	0
C	Marios	25	162	9	1	8_____	24002	10	0	0	0	0	1	0	0	0	1	0
C	Marios	25	162	9	1	8_____	24007	10	0	0	0	0	0	0	0	0	1	0
C	Marios	25	162	9	1	8_____	24035	10	0	0	0	0	1	0	0	0	0	0
C	Marios	25	162	9	1	8_____	24298	10	0	0	0	0	0	0	0	0	1	0
C	Marios	25	162	9	1	8_____	24500	10	1	0	0	0	0	0	0	0	0	0
C	Marios	25	162	9	1	8_____	26254	1	0	0	0	0	1	0	0	0	0	0
C	Marios	25	162	9	1	8_____	26256	1	0	0	0	0	0	0	0	0	1	0
C	Marios	25	162	9	1	8_____	26261	1	0	0	0	0	1	0	0	0	0	0
C	Marios	25	162	9	1	8_____	26275	1	0	0	0	0	0	0	0	0	1	0
C	Marios	25	162	9	1	8_____	26284	1	0	0	0	0	1	0	0	0	0	0
C	Marios	25	162	9	1	8_____	26306	1	0	0	0	0	0	0	0	0	1	0
C	Marios	25	162	9	1	8_____	27898	1	0	0	0	0	1	0	0	0	0	0
C	Marios	25	162	9	1	8_____	27911	1	0	0	0	0	0	0	0	0	1	0
C	Marios	25	162	9	1	8_____	27921	1	0	0	0	0	1	0	0	0	0	0
C	Marios	25	162	9	1	8_____	27950	1	0	0	0	0	0	0	0	0	1	0
C	Marios	25	162	9	1	8_____	28056	1	0	0	0	0	1	0	0	0	0	0
C	Marios	25	162	9	1	8_____	28092	1	0	0	0	0	0	0	0	0	1	0
C	Marios	25	162	9	1	8_____	28125	1	0	0	0	0	1	0	0	0	0	0
C	Marios	25	162	9	1	8_____	28127	1	0	0	0	0	0	0	0	0	1	0
C	Marios	25	162	9	1	8_____	28174	1	0	0	0	0	1	0	0	0	0	0
C	Marios	25	162	9	1	8_____	28193	1	0	0	0	0	0	0	0	0	1	0
C	Marios	25	162	9	1	8_____	28232	1	0	0	0	0	1	0	0	0	0	0
C	Marios	25	162	9	1	8_____	28267	1	0	0	0	0	0	0	0	0	1	0
C	Marios	25	162	9	1	8_____	28325	1	0	0	0	0	1	0	0	0	0	0
C	Marios	25	162	9	1	8_____	28441	1	0	0	0	0	0	0	0	0	1	0
C	Marios	25	162	9	1	8_____	28652	1	0	0	0	0	1	0	0	0	0	0
C	Marios	25	162	9	1	8_____	28678	1	0	0	0	0	0	0	0	0	1	0
C	Marios	25	162	9	1	8_____	29000	1	2	0	0	0	0	0	0	0	0	0
C	Marios	25	162	9	1	8_____	29498	2	0	0	0	0	1	0	0	0	0	0
C	Marios	25	162	9	1	8_____	29500	2	17	0	0	0	0	0	0	0	0	0
C	Marios	25	162	9	1	8_____	29506	17	0	0	0	0	0	0	0	0	1	0
C	Marios	25	162	9	1	8_____	29547	17	0	0	0	0	1	0	0	0	0	0
C	Marios	25	162	9	1	8_____	29592	17	0	0	0	0	0	0	0	0	1	0
C	Marios	25	162	9	1	8_____	29676	17	0	0	0	0	1	0	0	0	0	0
C	Marios	25	162	9	1	8_____	29688	17	0	0	0	0	0	0	0	0	1	0
C	Marios	25	162	9	1	8_____	30000	17	15	0	0	0	0	0	0	0	0	0
C	Marios	25	162	9	1	8_____	30065	15	0	0	0	0	1	0	0	0	0	0
C	Marios	25	162	9	1	8_____	30091	15	0	0	0	0	0	0	0	0	1	0
C	Marios	25	162	9	1	8_____	30488	15	0	0	0	0	1	0	0	0	0	0
C	Marios	25	162	9	1	8_____	30500	15	1	0	0	0	0	0	0	0	0	0
C	Marios	25	162	9	1	8_____	30543	1	0	0	0	0	0	0	0	0	1	0
C	Marios	25	162	9	1	8_____	31612	1	0	0	0	0	1	0	0	0	0	0
C	Marios	25	162	9	1	8_____	31676	1	0	0	0	0	0	0	0	0	1	0
C	Marios	25	162	9	1	8_____	31684	1	0	0	0	0	1	0	0	0	0	0
C	Marios	25	162	9	1	8_____	31778	1	0	0	0	0	0	0	0	0	1	0
C	Marios	25	162	9	1	8_____	32749	1	0	0	0	0	1	0	0	0	0	0
C	Marios	25	162	9	1	8_____	32755	1	0	0	0	0	0	0	0	0	1	0
C	Marios	25	162	9	1	8_____	33299	1	0	0	0	0	1	0	0	0	0	0
C	Marios	25	162	9	1	8_____	33303	1	0	0	0	0	0	0	0	0	1	0
C	Marios	25	162	9	1	8_____	34269	1	0	0	0	0	1	0	0	0	0	0
C	Marios	25	162	9	1	8_____	34316	1	0	0	0	0	0	0	0	0	1	0
C	Marios	25	162	9	1	8_____	34319	1	0	0	0	0	1	0	0	0	0	0
C	Marios	25	162	9	1	8_____	34362	1	0	0	0	0	0	0	0	0	1	0
C	Marios	25	162	9	1	8_____	36046	1	0	0	0	0	1	0	0	0	0	0
C	Marios	25	162	9	1	8_____	36071	1	0	0	0	0	0	0	0	0	1	0
C	Marios	25	162	9	1	8_____	36176	1	0	0	0	0	1	0	0	0	0	0
C	Marios	25	162	9	1	8_____	36185	1	0	0	0	0	0	0	0	0	1	0
C	Marios	25	162	9	1	8_____	36191	1	0	0	0	0	1	0	0	0	0	0
C	Marios	25	162	9	1	8_____	36196	1	0	0	0	0	0	0	0	0	1	0
C	Marios	25	162	9	1	8_____	36200	1	0	0	0	0	1	0	0	0	0	0
C	Marios	25	162	9	1	8_____	36258	1	0	0	0	0	0	0	0	0	1	0
C	Marios	25	162	9	1	8_____	36318	1	0	0	0	0	1	0	0	0	0	0
C	Marios	25	162	9	1	8_____	36365	1	0	0	0	0	0	0	0	0	1	0
C	Marios	25	162	9	1	8_____	36366	1	0	0	0	0	1	0	0	0	0	0
C	Marios	25	162	9	1	8_____	36368	1	0	0	0	0	0	0	0	0	1	0
C	Marios	25	162	9	1	8_____	36381	1	0	0	0	0	1	0	0	0	0	0
C	Marios	25	162	9	1	8_____	36490	1	0	0	0	0	0	0	0	0	1	0
C	Marios	25	162	9	1	8_____	36500	1	2	0	0	0	0	0	0	0	0	0
C	Marios	25	162	9	1	8_____	36953	2	0	0	0	0	1	0	0	0	0	0
C	Marios	25	162	9	1	8_____	36981	2	0	0	0	0	0	0	0	0	1	0
C	Marios	25	162	9	1	8_____	37000	2	16	0	0	0	0	0	0	0	0	0
C	Marios	25	162	9	1	8_____	37066	16	0	0	0	0	1	0	0	0	0	0
C	Marios	25	162	9	1	8_____	37077	16	0	0	0	0	0	0	0	0	1	0
C	Marios	25	162	9	1	8_____	37500	16	15	0	0	0	0	0	0	0	0	0
C	Marios	25	162	9	1	8_____	38000	15	1	0	0	0	0	0	0	0	0	0
C	Marios	25	162	9	1	8_____	38787	1	0	0	0	0	1	0	0	0	0	0
C	Marios	25	162	9	1	8_____	38793	1	0	0	0	0	0	0	0	0	1	0
C	Marios	25	162	9	1	8_____	38812	1	0	0	0	0	1	0	0	0	0	0
C	Marios	25	162	9	1	8_____	38859	1	0	0	0	0	0	0	0	0	1	0
C	Marios	25	162	9	1	8_____	38969	1	0	0	0	0	1	0	0	0	0	0
C	Marios	25	162	9	1	8_____	39014	1	0	0	0	0	0	0	0	0	1	0
C	Marios	25	162	9	1	8_____	39025	1	0	0	0	0	1	0	0	0	0	0
C	Marios	25	162	9	1	8_____	39339	1	0	0	0	0	0	0	0	0	1	0
C	Marios	25	162	9	1	8_____	40250	1	2	0	0	0	0	0	0	0	0	0
C	Marios	25	162	9	1	8_____	40750	2	16	0	0	0	0	0	0	0	0	0
C	Marios	25	162	9	1	8_____	40830	16	0	0	0	0	1	0	0	0	0	0
C	Marios	25	162	9	1	8_____	40849	16	0	0	0	0	0	0	0	0	1	0
C	Marios	25	162	9	1	8_____	40923	16	0	0	0	0	1	0	0	0	0	0
C	Marios	25	162	9	1	8_____	40959	16	0	0	0	0	0	0	0	0	1	0
C	Marios	25	162	9	1	8_____	41048	16	0	0	0	0	1	0	0	0	0	0
C	Marios	25	162	9	1	8_____	41050	16	0	0	0	0	0	0	0	0	1	0
C	Marios	25	162	9	1	8_____	41053	16	0	0	0	0	1	0	0	0	0	0
C	Marios	25	162	9	1	8_____	41066	16	0	0	0	0	0	0	0	0	1	0
C	Marios	25	162	9	1	8_____	41250	16	15	0	0	0	0	0	0	0	0	0
C	Marios	25	162	9	1	8_____	41750	15	1	0	0	0	0	0	0	0	0	0
C	Marios	25	162	9	1	8_____	42469	1	0	0	0	0	1	0	0	0	0	0
C	Marios	25	162	9	1	8_____	42489	1	0	0	0	0	0	0	0	0	1	0
C	Marios	25	162	9	1	8_____	42646	1	0	0	0	0	1	0	0	0	0	0
C	Marios	25	162	9	1	8_____	42665	1	0	0	0	0	0	0	0	0	1	0
C	Marios	25	162	9	1	8_____	42731	1	0	0	0	0	1	0	0	0	0	0
C	Marios	25	162	9	1	8_____	42869	1	0	0	0	0	0	0	0	0	1	0
C	Marios	25	162	9	1	8_____	43452	1	0	0	0	0	1	0	0	0	0	0
C	Marios	25	162	9	1	8_____	43468	1	0	0	0	0	0	0	0	0	1	0
C	Marios	25	162	9	1	8_____	44566	1	0	0	0	0	1	0	0	0	0	0
C	Marios	25	162	9	1	8_____	44603	1	0	0	0	0	0	0	0	0	1	0
C	Marios	25	162	9	1	8_____	46242	1	0	0	0	0	1	0	0	0	0	0
C	Marios	25	162	9	1	8_____	46301	1	0	0	0	0	0	0	0	0	1	0
C	Marios	25	162	9	1	8_____	47000	1	2	0	0	0	0	0	0	0	0	0
C	Marios	25	162	9	1	8_____	47500	2	17	0	0	0	0	0	0	0	0	0
C	Marios	25	162	9	1	8_____	47629	17	0	0	0	0	1	0	0	0	0	0
C	Marios	25	162	9	1	8_____	47665	17	0	0	0	0	0	0	0	0	1	0
C	Marios	25	162	9	1	8_____	47767	17	0	0	0	0	1	0	0	0	0	0
C	Marios	25	162	9	1	8_____	47963	17	0	0	0	0	0	0	0	0	1	0
C	Marios	25	162	9	1	8_____	48000	17	15	0	0	0	0	0	0	0	0	0
C	Marios	25	162	9	1	8_____	48500	15	1	0	0	0	0	0	0	0	0	0
C	Marios	25	162	9	1	8_____	49475	1	0	0	0	0	1	0	0	0	0	0
C	Marios	25	162	9	1	8_____	49481	1	0	0	0	0	0	0	0	0	1	0
C	Marios	25	162	9	1	8_____	49504	1	0	0	0	0	1	0	0	0	0	0
C	Marios	25	162	9	1	8_____	49712	1	0	0	0	0	1	0	0	0	1	0
C	Marios	25	162	9	1	8_____	49714	1	0	0	0	0	0	0	0	0	1	0
C	Marios	25	162	9	1	8_____	49863	1	0	0	0	0	1	0	0	0	0	0
C	Marios	25	162	9	1	8_____	49877	1	0	0	0	0	0	0	0	0	1	0
C	Marios	25	162	9	1	8_____	49893	1	0	0	0	0	1	0	0	0	0	0
C	Marios	25	162	9	1	8_____	49906	1	0	0	0	0	0	0	0	0	1	0
C	Marios	25	162	9	1	8_____	51511	1	0	0	0	0	1	0	0	0	0	0
C	Marios	25	162	9	1	8_____	51630	1	0	0	0	0	0	0	0	0	1	0
C	Marios	25	162	9	1	8_____	52090	1	0	0	0	0	1	0	0	0	0	0
C	Marios	25	162	9	1	8_____	52339	1	0	0	0	0	0	0	0	0	1	0
C	Marios	25	162	9	1	8_____	52340	1	0	0	0	0	1	0	0	0	0	0
C	Marios	25	162	9	1	8_____	52600	1	0	0	0	0	0	0	0	0	1	0
C	Marios	25	162	9	1	8_____	52611	1	0	0	0	0	1	0	0	0	0	0
C	Marios	25	162	9	1	8_____	52627	1	0	0	0	0	0	0	0	0	1	0
C	Marios	25	162	9	1	8_____	52641	1	0	0	0	0	1	0	0	0	0	0
C	Marios	25	162	9	1	8_____	52703	1	0	0	0	0	0	0	0	0	1	0
C	Marios	25	162	9	1	8_____	52735	1	0	0	0	0	1	0	0	0	0	0
C	Marios	25	162	9	1	8_____	52845	1	0	0	0	0	0	0	0	0	1	0
C	Marios	25	162	9	1	8_____	52952	1	0	0	0	0	1	0	0	0	0	0
C	Marios	25	162	9	1	8_____	53063	1	0	0	0	0	0	0	0	0	1	0
C	Marios	25	162	9	1	8_____	54000	1	2	0	0	0	0	0	0	0	0	0
C	Marios	25	162	9	1	8_____	54500	2	7	0	0	0	0	0	0	0	0	0
C	Marios	25	162	9	1	8_____	54847	7	0	0	0	0	1	0	0	0	0	0
C	Marios	25	162	9	1	8_____	54902	7	0	0	0	0	0	0	0	0	1	0
C	Marios	25	162	9	1	8_____	54927	7	0	0	0	0	1	0	0	0	0	0
C	Marios	25	162	9	1	8_____	54958	7	0	0	0	0	0	0	0	0	1	0
C	Marios	25	162	9	1	8_____	54980	7	0	0	0	0	1	0	0	0	0	0
C	Marios	25	162	9	1	8_____	55000	7	10	0	0	0	0	0	0	0	0	0
C	Marios	25	162	9	1	8_____	55177	10	0	0	0	0	0	0	0	0	1	0
C	Marios	25	162	9	1	8_____	55500	10	1	0	0	0	0	0	0	0	0	0
C	Marios	25	162	9	1	8_____	55561	1	0	0	0	0	1	0	0	0	0	0
C	Marios	25	162	9	1	8_____	55584	1	0	0	0	0	0	0	0	0	1	0
C	Marios	25	162	9	1	8_____	55586	1	0	0	0	0	1	0	0	0	0	0
C	Marios	25	162	9	1	8_____	55625	1	0	0	0	0	0	0	0	0	1	0
C	Marios	25	162	9	1	8_____	56861	1	0	0	0	0	1	0	0	0	0	0
C	Marios	25	162	9	1	8_____	56871	1	0	0	0	0	0	0	0	0	1	0
C	Marios	25	162	9	1	8_____	56955	1	0	0	0	0	1	0	0	0	0	0
C	Marios	25	162	9	1	8_____	56964	1	0	0	0	0	0	0	0	0	1	0
C	Marios	25	162	9	1	8_____	57000	1	2	0	0	0	0	0	0	0	0	0
C	Marios	25	162	9	1	8_____	57113	2	0	0	0	0	1	0	0	0	0	0
C	Marios	25	162	9	1	8_____	57218	2	0	0	0	0	0	0	0	0	1	0
C	Marios	25	162	9	1	8_____	57500	2	17	0	0	0	0	0	0	0	0	0
C	Marios	25	162	9	1	8_____	57581	17	0	0	0	0	1	0	0	0	0	0
C	Marios	25	162	9	1	8_____	57582	17	0	0	0	0	0	0	0	0	1	0
C	Marios	25	162	9	1	8_____	58000	17	15	0	0	0	0	0	0	0	0	0
C	Marios	25	162	9	1	8_____	58500	15	1	0	0	0	0	0	0	0	0	0
C	Marios	25	162	9	1	8_____	58874	1	0	0	0	0	1	0	0	0	0	0
C	Marios	25	162	9	1	8_____	59120	1	0	0	0	0	0	0	0	0	1	0
C	Marios	25	162	9	1	8_____	59138	1	0	0	0	0	1	0	0	0	0	0
C	Marios	25	162	9	1	8_____	59154	1	0	0	0	0	0	0	0	0	1	0
C	Marios	25	162	9	1	8_____	59194	1	0	0	0	0	1	0	0	0	0	0
C	Marios	25	162	9	1	8_____	59222	1	0	0	0	0	0	0	0	0	1	0
C	Marios	25	162	9	1	8_____	59223	1	0	0	0	0	1	0	0	0	0	0
C	Marios	25	162	9	1	8_____	59231	1	0	0	0	0	0	0	0	0	1	0
C	Marios	25	162	9	1	8_____	59236	1	0	0	0	0	1	0	0	0	0	0
C	Marios	25	162	9	1	8_____	59241	1	0	0	0	0	0	0	0	0	1	0
C	Marios	25	162	9	1	8_____	60186	1	0	0	0	0	1	0	0	0	0	0
C	Marios	25	162	9	1	8_____	60238	1	0	0	0	0	0	0	0	0	1	0
C	Marios	25	162	9	1	8_____	61500	1	2	0	0	0	0	0	0	0	0	0
C	Marios	25	162	9	1	8_____	62000	2	16	0	0	0	0	0	0	0	0	0
C	Marios	25	162	9	1	8_____	62055	16	0	0	0	0	1	0	0	0	0	0
C	Marios	25	162	9	1	8_____	62170	16	0	0	0	0	0	0	0	0	1	0
C	Marios	25	162	9	1	8_____	62179	16	0	0	0	0	1	0	0	0	0	0
C	Marios	25	162	9	1	8_____	62182	16	0	0	0	0	0	0	0	0	1	0
C	Marios	25	162	9	1	8_____	62225	16	0	0	0	0	1	0	0	0	0	0
C	Marios	25	162	9	1	8_____	62380	16	0	0	0	0	0	0	0	0	1	0
C	Marios	25	162	9	1	8_____	62443	16	0	0	0	0	1	0	0	0	0	0
C	Marios	25	162	9	1	8_____	62472	16	0	0	0	0	0	0	0	0	1	0
C	Marios	25	162	9	1	8_____	62476	16	0	0	0	0	1	0	0	0	0	0
C	Marios	25	162	9	1	8_____	62488	16	0	0	0	0	0	0	0	0	1	0
C	Marios	25	162	9	1	8_____	62500	16	15	0	0	0	0	0	0	0	0	0
C	Marios	25	162	9	1	8_____	62567	15	0	0	0	0	1	0	0	0	0	0
C	Marios	25	162	9	1	8_____	62578	15	0	0	0	0	1	0	0	0	1	0
C	Marios	25	162	9	1	8_____	62580	15	0	0	0	0	1	0	0	0	1	0
C	Marios	25	162	9	1	8_____	62609	15	0	0	0	0	0	0	0	0	1	0
C	Marios	25	162	9	1	8_____	62616	15	0	0	0	0	1	0	0	0	0	0
C	Marios	25	162	9	1	8_____	62776	15	0	0	0	0	0	0	0	0	1	0
C	Marios	25	162	9	1	8_____	63000	15	1	0	0	0	0	0	0	0	0	0
C	Marios	25	162	9	1	8_____	67942	1	0	0	0	0	1	0	0	0	0	0
C	Marios	25	162	9	1	8_____	67944	1	0	0	0	0	0	0	0	0	1	0
C	Marios	25	162	9	1	8_____	68062	1	0	0	0	0	1	0	0	0	0	0
C	Marios	25	162	9	1	8_____	68178	1	0	0	0	0	0	0	0	0	1	0
C	Marios	25	162	9	1	8_____	68546	1	0	0	0	0	1	0	0	0	0	0
C	Marios	25	162	9	1	8_____	68558	1	0	0	0	0	0	0	0	0	1	0
C	Marios	25	162	9	1	8_____	68572	1	0	0	0	0	1	0	0	0	0	0
C	Marios	25	162	9	1	8_____	68684	1	0	0	0	0	0	0	0	0	1	0
C	Marios	25	162	9	1	8_____	68686	1	0	0	0	0	1	0	0	0	0	0
C	Marios	25	162	9	1	8_____	68707	1	0	0	0	0	0	0	0	0	1	0
C	Marios	25	162	9	1	8_____	70500	1	2	0	0	0	0	0	0	0	0	0
C	Marios	25	162	9	1	8_____	70565	2	0	0	0	0	1	0	0	0	0	0
C	Marios	25	162	9	1	8_____	71000	2	6	0	0	0	0	0	0	0	0	0
C	Marios	25	162	9	1	8_____	71005	6	0	0	0	0	0	0	0	0	1	0
C	Marios	25	162	9	1	8_____	71036	6	0	0	0	0	1	0	0	0	0	0
C	Marios	25	162	9	1	8_____	71090	6	0	0	0	0	0	0	0	0	1	0
C	Marios	25	162	9	1	8_____	71109	6	0	0	0	0	1	0	0	0	0	0
C	Marios	25	162	9	1	8_____	71180	6	0	0	0	0	0	0	0	0	1	0
C	Marios	25	162	9	1	8_____	71199	6	0	0	0	0	1	0	0	0	0	0
C	Marios	25	162	9	1	8_____	71248	6	0	0	0	0	0	0	0	0	1	0
C	Marios	25	162	9	1	8_____	71275	6	0	0	0	0	1	0	0	0	0	0
C	Marios	25	162	9	1	8_____	71312	6	0	0	0	0	0	0	0	0	1	0
C	Marios	25	162	9	1	8_____	71339	6	0	0	0	0	1	0	0	0	0	0
C	Marios	25	162	9	1	8_____	71355	6	0	0	0	0	0	0	0	0	1	0
C	Marios	25	162	9	1	8_____	71389	6	0	0	0	0	1	0	0	0	0	0
C	Marios	25	162	9	1	8_____	71410	6	0	0	0	0	0	0	0	0	1	0
C	Marios	25	162	9	1	8_____	71461	6	0	0	0	0	1	0	0	0	0	0
C	Marios	25	162	9	1	8_____	71463	6	0	0	0	0	0	0	0	0	1	0
C	Marios	25	162	9	1	8_____	71500	6	11	0	0	0	0	0	0	0	0	0
C	Marios	25	162	9	1	8_____	71541	11	0	0	0	0	1	0	0	0	0	0
C	Marios	25	162	9	1	8_____	71841	11	0	0	0	0	1	0	0	0	1	0
C	Marios	25	162	9	1	8_____	71847	11	0	0	0	0	0	0	0	0	1	0
C	Marios	25	162	9	1	8_____	71850	11	0	0	0	0	1	0	0	0	0	0
C	Marios	25	162	9	1	8_____	71854	11	0	0	0	0	0	0	0	0	1	0
C	Marios	25	162	9	1	8_____	71855	11	0	0	0	0	1	0	0	0	0	0
C	Marios	25	162	9	1	8_____	71865	11	0	0	0	0	0	0	0	0	1	0
C	Marios	25	162	9	1	8_____	71866	11	0	0	0	0	1	0	0	0	0	0
C	Marios	25	162	9	1	8_____	71873	11	0	0	0	0	0	0	0	0	1	0
C	Marios	25	162	9	1	8_____	71878	11	0	0	0	0	1	0	0	0	0	0
C	Marios	25	162	9	1	8_____	71881	11	0	0	0	0	0	0	0	0	1	0
C	Marios	25	162	9	1	8_____	71888	11	0	0	0	0	1	0	0	0	0	0
C	Marios	25	162	9	1	8_____	71890	11	0	0	0	0	0	0	0	0	1	0
C	Marios	25	162	9	1	8_____	71905	11	0	0	0	0	1	0	0	0	0	0
C	Marios	25	162	9	1	8_____	71907	11	0	0	0	0	0	0	0	0	1	0
C	Marios	25	162	9	1	8_____	71920	11	0	0	0	0	1	0	0	0	0	0
C	Marios	25	162	9	1	8_____	71925	11	0	0	0	0	0	0	0	0	1	0
C	Marios	25	162	9	1	8_____	72000	11	1	0	0	0	0	0	0	0	0	0
C	Marios	25	162	9	1	8_____	72739	1	0	0	0	0	1	0	0	0	0	0
C	Marios	25	162	9	1	8_____	72972	1	0	0	0	0	0	0	0	0	1	0
C	Marios	25	162	9	1	8_____	72982	1	0	0	0	0	1	0	0	0	0	0
C	Marios	25	162	9	1	8_____	73639	1	0	0	0	0	0	0	0	0	1	0
C	Marios	25	162	9	1	8_____	74766	1	0	0	0	0	1	0	0	0	0	0
C	Marios	25	162	9	1	8_____	74877	1	0	0	0	0	0	0	0	0	1	0
C	Marios	25	162	9	1	8_____	75750	1	2	0	0	0	0	0	0	0	0	0
C	Marios	25	162	9	1	8_____	76057	2	0	0	0	0	1	0	0	0	0	0
C	Marios	25	162	9	1	8_____	76094	2	0	0	0	0	0	0	0	0	1	0
C	Marios	25	162	9	1	8_____	76102	2	0	0	0	0	1	0	0	0	0	0
C	Marios	25	162	9	1	8_____	76203	2	0	0	0	0	0	0	0	0	1	0
C	Marios	25	162	9	1	8_____	76250	2	7	0	0	0	0	0	0	0	0	0
C	Marios	25	162	9	1	8_____	76352	7	0	0	0	0	1	0	0	0	0	0
C	Marios	25	162	9	1	8_____	76397	7	0	0	0	0	0	0	0	0	1	0
C	Marios	25	162	9	1	8_____	76429	7	0	0	0	0	1	0	0	0	0	0
C	Marios	25	162	9	1	8_____	76456	7	0	0	0	0	0	0	0	0	1	0
C	Marios	25	162	9	1	8_____	76476	7	0	0	0	0	1	0	0	0	0	0
C	Marios	25	162	9	1	8_____	76512	7	0	0	0	0	0	0	0	0	1	0
C	Marios	25	162	9	1	8_____	76549	7	0	0	0	0	1	0	0	0	0	0
C	Marios	25	162	9	1	8_____	76588	7	0	0	0	0	0	0	0	0	1	0
C	Marios	25	162	9	1	8_____	76617	7	0	0	0	0	1	0	0	0	0	0
C	Marios	25	162	9	1	8_____	76632	7	0	0	0	0	0	0	0	0	1	0
C	Marios	25	162	9	1	8_____	76634	7	0	0	0	0	1	0	0	0	0	0
C	Marios	25	162	9	1	8_____	76637	7	0	0	0	0	0	0	0	0	1	0
C	Marios	25	162	9	1	8_____	76667	7	0	0	0	0	1	0	0	0	0	0
C	Marios	25	162	9	1	8_____	76695	7	0	0	0	0	0	0	0	0	1	0
C	Marios	25	162	9	1	8_____	76714	7	0	0	0	0	1	0	0	0	0	0
C	Marios	25	162	9	1	8_____	76750	7	10	0	0	0	0	0	0	0	0	0
C	Marios	25	162	9	1	8_____	77199	10	0	0	0	0	0	0	0	0	1	0
C	Marios	25	162	9	1	8_____	77250	10	1	0	0	0	0	0	0	0	0	0
C	Marios	25	162	9	1	8_____	77693	1	0	0	0	0	1	0	0	0	0	0
C	Marios	25	162	9	1	8_____	77704	1	0	0	0	0	0	0	0	0	1	0
C	Marios	25	162	9	1	8_____	77710	1	0	0	0	0	1	0	0	0	0	0
C	Marios	25	162	9	1	8_____	77752	1	0	0	0	0	0	0	0	0	1	0
C	Marios	25	162	9	1	8_____	77944	1	0	0	0	0	1	0	0	0	0	0
C	Marios	25	162	9	1	8_____	78012	1	0	0	0	0	0	0	0	0	1	0
C	Marios	25	162	9	1	8_____	78014	1	0	0	0	0	1	0	0	0	0	0
C	Marios	25	162	9	1	8_____	78016	1	0	0	0	0	0	0	0	0	1	0
C	Marios	25	162	9	1	8_____	78031	1	0	0	0	0	1	0	0	0	0	0
C	Marios	25	162	9	1	8_____	78034	1	0	0	0	0	0	0	0	0	1	0
C	Marios	25	162	9	1	8_____	78055	1	0	0	0	0	1	0	0	0	0	0
C	Marios	25	162	9	1	8_____	78076	1	0	0	0	0	0	0	0	0	1	0
C	Marios	25	162	9	1	8_____	78079	1	0	0	0	0	1	0	0	0	0	0
C	Marios	25	162	9	1	8_____	78091	1	0	0	0	0	0	0	0	0	1	0
C	Marios	25	162	9	1	8_____	79661	1	0	0	0	0	1	0	0	0	0	0
C	Marios	25	162	9	1	8_____	79682	1	0	0	0	0	0	0	0	0	1	0
C	Marios	25	162	9	1	8_____	80570	1	0	0	0	0	1	0	0	0	0	0
C	Marios	25	162	9	1	8_____	80580	1	0	0	0	0	0	0	0	0	1	0
C	Marios	25	162	9	1	8_____	80589	1	0	0	0	0	1	0	0	0	0	0
C	Marios	25	162	9	1	8_____	80604	1	0	0	0	0	0	0	0	0	1	0
C	Marios	25	162	9	1	8_____	80605	1	0	0	0	0	1	0	0	0	0	0
C	Marios	25	162	9	1	8_____	80609	1	0	0	0	0	0	0	0	0	1	0
C	Marios	25	162	9	1	8_____	80614	1	0	0	0	0	1	0	0	0	0	0
C	Marios	25	162	9	1	8_____	80767	1	0	0	0	0	0	0	0	0	1	0
C	Marios	25	162	9	1	8_____	81223	1	0	0	0	0	1	0	0	0	0	0
C	Marios	25	162	9	1	8_____	81790	1	0	0	0	0	0	0	0	0	1	0
C	Marios	25	162	9	1	8_____	82500	1	2	0	0	0	0	0	0	0	0	0
C	Marios	25	162	9	1	8_____	83000	2	16	0	0	0	0	0	0	0	0	0
C	Marios	25	162	9	1	8_____	83016	16	0	0	0	0	1	0	0	0	0	0
C	Marios	25	162	9	1	8_____	83097	16	0	0	0	0	0	0	0	0	1	0
C	Marios	25	162	9	1	8_____	83197	16	0	0	0	0	1	0	0	0	0	0
C	Marios	25	162	9	1	8_____	83349	16	0	0	0	0	0	0	0	0	1	0
C	Marios	25	162	9	1	8_____	83500	16	15	0	0	0	0	0	0	0	0	0
C	Marios	25	162	9	1	8_____	83692	15	0	0	0	0	1	0	0	0	0	0
C	Marios	25	162	9	1	8_____	83729	15	0	0	0	0	0	0	0	0	1	0
C	Marios	25	162	9	1	8_____	84000	15	1	0	0	0	0	0	0	0	0	0
C	Marios	25	162	9	1	8_____	84834	1	0	0	0	0	1	0	0	0	0	0
C	Marios	25	162	9	1	8_____	85111	1	0	0	0	0	0	0	0	0	1	0
C	Marios	25	162	9	1	8_____	85215	1	0	0	0	0	1	0	0	0	0	0
C	Marios	25	162	9	1	8_____	85223	1	0	0	0	0	0	0	0	0	1	0
C	Marios	25	162	9	1	8_____	85314	1	0	0	0	0	1	0	0	0	0	0
C	Marios	25	162	9	1	8_____	85501	1	0	0	0	0	0	0	0	0	1	0
C	Marios	25	162	9	1	8_____	85540	1	0	0	0	0	1	0	0	0	0	0
C	Marios	25	162	9	1	8_____	85737	1	0	0	0	0	0	0	0	0	1	0
C	Marios	25	162	9	1	8_____	85739	1	0	0	0	0	1	0	0	0	0	0
C	Marios	25	162	9	1	8_____	85743	1	0	0	0	0	0	0	0	0	1	0
C	Marios	25	162	9	1	8_____	86202	1	0	0	0	0	1	0	0	0	0	0
C	Marios	25	162	9	1	8_____	86268	1	0	0	0	0	0	0	0	0	1	0
C	Marios	25	162	9	1	8_____	87174	1	0	0	0	0	1	0	0	0	0	0
C	Marios	25	162	9	1	8_____	87178	1	0	0	0	0	0	0	0	0	1	0
C	Marios	25	162	9	1	8_____	87249	1	0	0	0	0	1	0	0	0	0	0
C	Marios	25	162	9	1	8_____	87439	1	0	0	0	0	0	0	0	0	1	0
C	Marios	25	162	9	1	8_____	88500	1	2	0	0	0	0	0	0	0	0	0
C	Marios	25	162	9	1	8_____	89000	2	17	0	0	0	0	0	0	0	0	0
C	Marios	25	162	9	1	8_____	89057	17	0	0	0	0	1	0	0	0	0	0
C	Marios	25	162	9	1	8_____	89073	17	0	0	0	0	0	0	0	0	1	0
C	Marios	25	162	9	1	8_____	89500	17	15	0	0	0	0	0	0	0	0	0
C	Marios	25	162	9	1	8_____	90000	15	1	0	0	0	0	0	0	0	0	0
C	Marios	25	162	9	1	8_____	90165	1	0	0	0	0	1	0	0	0	0	0
C	Marios	25	162	9	1	8_____	90386	1	0	0	0	0	0	0	0	0	1	0
C	Marios	25	162	9	1	8_____	90467	1	0	0	0	0	1	0	0	0	0	0
C	Marios	25	162	9	1	8_____	90682	1	0	0	0	0	0	0	0	0	1	0
C	Marios	25	162	9	1	8_____	90698	1	0	0	0	0	1	0	0	0	0	0
C	Marios	25	162	9	1	8_____	90700	1	0	0	0	0	0	0	0	0	1	0
C	Marios	25	162	9	1	8_____	92016	1	0	0	0	0	1	0	0	0	0	0
C	Marios	25	162	9	1	8_____	92028	1	0	0	0	0	0	0	0	0	1	0
C	Marios	25	162	9	1	8_____	92250	1	2	0	0	0	0	0	0	0	0	0
C	Marios	25	162	9	1	8_____	92366	2	0	0	0	0	1	0	0	0	0	0
C	Marios	25	162	9	1	8_____	92373	2	0	0	0	0	0	0	0	0	1	0
C	Marios	25	162	9	1	8_____	92374	2	0	0	0	0	1	0	0	0	0	0
C	Marios	25	162	9	1	8_____	92461	2	0	0	0	0	0	0	0	0	1	0
C	Marios	25	162	9	1	8_____	92465	2	0	0	0	0	1	0	0	0	0	0
C	Marios	25	162	9	1	8_____	92561	2	0	0	0	0	0	0	0	0	1	0
C	Marios	25	162	9	1	8_____	92682	2	0	0	0	0	1	0	0	0	0	0
C	Marios	25	162	9	1	8_____	92750	2	17	0	0	0	0	0	0	0	0	0
C	Marios	25	162	9	1	8_____	92757	17	0	0	0	0	0	0	0	0	1	0
C	Marios	25	162	9	1	8_____	92764	17	0	0	0	0	1	0	0	0	0	0
C	Marios	25	162	9	1	8_____	92822	17	0	0	0	0	0	0	0	0	1	0
C	Marios	25	162	9	1	8_____	92928	17	0	0	0	0	1	0	0	0	0	0
C	Marios	25	162	9	1	8_____	93102	17	0	0	0	0	0	0	0	0	1	0
C	Marios	25	162	9	1	8_____	93125	17	0	0	0	0	1	0	0	0	0	0
C	Marios	25	162	9	1	8_____	93137	17	0	0	0	0	0	0	0	0	1	0
C	Marios	25	162	9	1	8_____	93138	17	0	0	0	0	1	0	0	0	0	0
C	Marios	25	162	9	1	8_____	93140	17	0	0	0	0	0	0	0	0	1	0
C	Marios	25	162	9	1	8_____	93146	17	0	0	0	0	1	0	0	0	0	0
C	Marios	25	162	9	1	8_____	93183	17	0	0	0	0	0	0	0	0	1	0
C	Marios	25	162	9	1	8_____	93209	17	0	0	0	0	1	0	0	0	0	0
C	Marios	25	162	9	1	8_____	93222	17	0	0	0	0	0	0	0	0	1	0
C	Marios	25	162	9	1	8_____	93224	17	0	0	0	0	1	0	0	0	0	0
C	Marios	25	162	9	1	8_____	93250	17	15	0	0	0	0	0	0	0	0	0
C	Marios	25	162	9	1	8_____	93260	15	0	0	0	0	0	0	0	0	1	0
C	Marios	25	162	9	1	8_____	93271	15	0	0	0	0	1	0	0	0	0	0
C	Marios	25	162	9	1	8_____	93288	15	0	0	0	0	1	0	0	0	1	0
C	Marios	25	162	9	1	8_____	93290	15	0	0	0	0	0	0	0	0	1	0
C	Marios	25	162	9	1	8_____	93293	15	0	0	0	0	1	0	0	0	0	0
C	Marios	25	162	9	1	8_____	93297	15	0	0	0	0	0	0	0	0	1	0
C	Marios	25	162	9	1	8_____	93304	15	0	0	0	0	1	0	0	0	0	0
C	Marios	25	162	9	1	8_____	93308	15	0	0	0	0	0	0	0	0	1	0
C	Marios	25	162	9	1	8_____	93311	15	0	0	0	0	1	0	0	0	0	0
C	Marios	25	162	9	1	8_____	93313	15	0	0	0	0	0	0	0	0	1	0
C	Marios	25	162	9	1	8_____	93314	15	0	0	0	0	1	0	0	0	0	0
C	Marios	25	162	9	1	8_____	93326	15	0	0	0	0	0	0	0	0	1	0
C	Marios	25	162	9	1	8_____	93328	15	0	0	0	0	1	0	0	0	0	0
C	Marios	25	162	9	1	8_____	93331	15	0	0	0	0	0	0	0	0	1	0
C	Marios	25	162	9	1	8_____	93333	15	0	0	0	0	1	0	0	0	0	0
C	Marios	25	162	9	1	8_____	93335	15	0	0	0	0	0	0	0	0	1	0
C	Marios	25	162	9	1	8_____	93338	15	0	0	0	0	1	0	0	0	0	0
C	Marios	25	162	9	1	8_____	93365	15	0	0	0	0	0	0	0	0	1	0
C	Marios	25	162	9	1	8_____	93366	15	0	0	0	0	1	0	0	0	0	0
C	Marios	25	162	9	1	8_____	93384	15	0	0	0	0	0	0	0	0	1	0
C	Marios	25	162	9	1	8_____	93385	15	0	0	0	0	1	0	0	0	0	0
C	Marios	25	162	9	1	8_____	93417	15	0	0	0	0	0	0	0	0	1	0
C	Marios	25	162	9	1	8_____	93433	15	0	0	0	0	1	0	0	0	0	0
C	Marios	25	162	9	1	8_____	93448	15	0	0	0	0	0	0	0	0	1	0
C	Marios	25	162	9	1	8_____	93449	15	0	0	0	0	1	0	0	0	0	0
C	Marios	25	162	9	1	8_____	93456	15	0	0	0	0	0	0	0	0	1	0
C	Marios	25	162	9	1	8_____	93483	15	0	0	0	0	1	0	0	0	0	0
C	Marios	25	162	9	1	8_____	93661	15	0	0	0	0	0	0	0	0	1	0
C	Marios	25	162	9	1	8_____	93750	15	1	0	0	0	0	0	0	0	0	0
C	Marios	25	162	9	1	8_____	94465	1	0	0	0	0	1	0	0	0	0	0
C	Marios	25	162	9	1	8_____	94502	1	0	0	0	0	0	0	0	0	1	0
C	Marios	25	162	9	1	8_____	94576	1	0	0	0	0	1	0	0	0	0	0
C	Marios	25	162	9	1	8_____	94738	1	0	0	0	0	0	0	0	0	1	0
C	Marios	25	162	9	1	8_____	96612	1	0	0	0	0	1	0	0	0	0	0
C	Marios	25	162	9	1	8_____	96631	1	0	0	0	0	0	0	0	0	1	0
C	Marios	25	162	9	1	8_____	96752	1	0	0	0	0	1	0	0	0	0	0
C	Marios	25	162	9	1	8_____	96870	1	0	0	0	0	0	0	0	0	1	0
C	Marios	25	162	9	1	8_____	99750	1	2	0	0	0	0	0	0	0	0	0
C	Marios	25	162	9	1	8_____	100250	2	6	0	0	0	0	0	0	0	0	0
C	Marios	25	162	9	1	8_____	100321	6	0	0	0	0	1	0	0	0	0	0
C	Marios	25	162	9	1	8_____	100430	6	0	0	0	0	0	0	0	0	1	0
C	Marios	25	162	9	1	8_____	100437	6	0	0	0	0	1	0	0	0	0	0
C	Marios	25	162	9	1	8_____	100500	6	0	0	0	0	0	0	0	0	1	0
C	Marios	25	162	9	1	8_____	100519	6	0	0	0	0	1	0	0	0	0	0
C	Marios	25	162	9	1	8_____	100541	6	0	0	0	0	0	0	0	0	1	0
C	Marios	25	162	9	1	8_____	100566	6	0	0	0	0	1	0	0	0	0	0
C	Marios	25	162	9	1	8_____	100601	6	0	0	0	0	0	0	0	0	1	0
C	Marios	25	162	9	1	8_____	100624	6	0	0	0	0	1	0	0	0	0	0
C	Marios	25	162	9	1	8_____	100659	6	0	0	0	0	0	0	0	0	1	0
C	Marios	25	162	9	1	8_____	100676	6	0	0	0	0	1	0	0	0	0	0
C	Marios	25	162	9	1	8_____	100712	6	0	0	0	0	0	0	0	0	1	0
C	Marios	25	162	9	1	8_____	100737	6	0	0	0	0	1	0	0	0	0	0
C	Marios	25	162	9	1	8_____	100750	6	11	0	0	0	0	0	0	0	0	0
C	Marios	25	162	9	1	8_____	101179	11	0	0	0	0	0	0	0	0	1	0
C	Marios	25	162	9	1	8_____	101180	11	0	0	0	0	1	0	0	0	0	0
C	Marios	25	162	9	1	8_____	101230	11	0	0	0	0	0	0	0	0	1	0
C	Marios	25	162	9	1	8_____	101232	11	0	0	0	0	1	0	0	0	0	0
C	Marios	25	162	9	1	8_____	101238	11	0	0	0	0	0	0	0	0	1	0
C	Marios	25	162	9	1	8_____	101239	11	0	0	0	0	1	0	0	0	0	0
C	Marios	25	162	9	1	8_____	101248	11	0	0	0	0	0	0	0	0	1	0
C	Marios	25	162	9	1	8_____	101250	11	1	0	0	0	0	0	0	0	0	0
C	Marios	25	162	9	1	8_____	101251	1	0	0	0	0	1	0	0	0	0	0
C	Marios	25	162	9	1	8_____	101256	1	0	0	0	0	0	0	0	0	1	0
C	Marios	25	162	9	1	8_____	101257	1	0	0	0	0	1	0	0	0	0	0
C	Marios	25	162	9	1	8_____	101263	1	0	0	0	0	0	0	0	0	1	0
C	Marios	25	162	9	1	8_____	101267	1	0	0	0	0	1	0	0	0	0	0
C	Marios	25	162	9	1	8_____	101270	1	0	0	0	0	0	0	0	0	1	0
C	Marios	25	162	9	1	8_____	101286	1	0	0	0	0	1	0	0	0	0	0
C	Marios	25	162	9	1	8_____	101288	1	0	0	0	0	0	0	0	0	1	0
C	Marios	25	162	9	1	8_____	101296	1	0	0	0	0	1	0	0	0	0	0
C	Marios	25	162	9	1	8_____	101299	1	0	0	0	0	0	0	0	0	1	0
C	Marios	25	162	9	1	8_____	101307	1	0	0	0	0	1	0	0	0	0	0
C	Marios	25	162	9	1	8_____	101309	1	0	0	0	0	0	0	0	0	1	0
C	Marios	25	162	9	1	8_____	101311	1	0	0	0	0	1	0	0	0	0	0
C	Marios	25	162	9	1	8_____	101317	1	0	0	0	0	0	0	0	0	1	0
C	Marios	25	162	9	1	8_____	101320	1	0	0	0	0	1	0	0	0	0	0
C	Marios	25	162	9	1	8_____	101324	1	0	0	0	0	0	0	0	0	1	0
C	Marios	25	162	9	1	8_____	101329	1	0	0	0	0	1	0	0	0	0	0
C	Marios	25	162	9	1	8_____	101332	1	0	0	0	0	0	0	0	0	1	0
C	Marios	25	162	9	1	8_____	101339	1	0	0	0	0	1	0	0	0	0	0
C	Marios	25	162	9	1	8_____	101343	1	0	0	0	0	0	0	0	0	1	0
C	Marios	25	162	9	1	8_____	101348	1	0	0	0	0	1	0	0	0	0	0
C	Marios	25	162	9	1	8_____	101352	1	0	0	0	0	0	0	0	0	1	0
C	Marios	25	162	9	1	8_____	101356	1	0	0	0	0	1	0	0	0	0	0
C	Marios	25	162	9	1	8_____	101359	1	0	0	0	0	0	0	0	0	1	0
C	Marios	25	162	9	1	8_____	101361	1	0	0	0	0	1	0	0	0	0	0
C	Marios	25	162	9	1	8_____	101367	1	0	0	0	0	0	0	0	0	1	0
C	Marios	25	162	9	1	8_____	101374	1	0	0	0	0	1	0	0	0	0	0
C	Marios	25	162	9	1	8_____	101377	1	0	0	0	0	0	0	0	0	1	0
C	Marios	25	162	9	1	8_____	101380	1	0	0	0	0	1	0	0	0	0	0
C	Marios	25	162	9	1	8_____	101384	1	0	0	0	0	0	0	0	0	1	0
C	Marios	25	162	9	1	8_____	101387	1	0	0	0	0	1	0	0	0	0	0
C	Marios	25	162	9	1	8_____	101390	1	0	0	0	0	0	0	0	0	1	0
C	Marios	25	162	9	1	8_____	101394	1	0	0	0	0	1	0	0	0	0	0
C	Marios	25	162	9	1	8_____	101412	1	0	0	0	0	0	0	0	0	1	0
C	Marios	25	162	9	1	8_____	101470	1	0	0	0	0	1	0	0	0	0	0
C	Marios	25	162	9	1	8_____	101472	1	0	0	0	0	0	0	0	0	1	0
C	Marios	25	162	9	1	8_____	101531	1	0	0	0	0	1	0	0	0	0	0
C	Marios	25	162	9	1	8_____	101533	1	0	0	0	0	0	0	0	0	1	0
C	Marios	25	162	9	1	8_____	101537	1	0	0	0	0	1	0	0	0	0	0
C	Marios	25	162	9	1	8_____	101542	1	0	0	0	0	0	0	0	0	1	0
C	Marios	25	162	9	1	8_____	101573	1	0	0	0	0	1	0	0	0	0	0
C	Marios	25	162	9	1	8_____	101576	1	0	0	0	0	0	0	0	0	1	0
C	Marios	25	162	9	1	8_____	101582	1	0	0	0	0	1	0	0	0	0	0
C	Marios	25	162	9	1	8_____	101584	1	0	0	0	0	0	0	0	0	1	0
C	Marios	25	162	9	1	8_____	101592	1	0	0	0	0	1	0	0	0	0	0
C	Marios	25	162	9	1	8_____	101594	1	0	0	0	0	0	0	0	0	1	0
C	Marios	25	162	9	1	8_____	101597	1	0	0	0	0	1	0	0	0	0	0
C	Marios	25	162	9	1	8_____	101599	1	0	0	0	0	0	0	0	0	1	0
C	Marios	25	162	9	1	8_____	102808	1	0	0	0	0	1	0	0	0	0	0
C	Marios	25	162	9	1	8_____	102814	1	0	0	0	0	0	0	0	0	1	0
C	Marios	25	162	9	1	8_____	102872	1	0	0	0	0	1	0	0	0	0	0
C	Marios	25	162	9	1	8_____	103089	1	0	0	0	0	0	0	0	0	1	0
C	Marios	25	162	9	1	8_____	108750	1	2	0	0	0	0	0	0	0	0	0
C	Marios	25	162	9	1	8_____	109250	2	16	0	0	0	0	0	0	0	0	0
C	Marios	25	162	9	1	8_____	109308	16	0	0	0	0	1	0	0	0	0	0
C	Marios	25	162	9	1	8_____	109397	16	0	0	0	0	0	0	0	0	1	0
C	Marios	25	162	9	1	8_____	109432	16	0	0	0	0	1	0	0	0	0	0
C	Marios	25	162	9	1	8_____	109466	16	0	0	0	0	0	0	0	0	1	0
C	Marios	25	162	9	1	8_____	109750	16	15	0	0	0	0	0	0	0	0	0
C	Marios	25	162	9	1	8_____	110250	15	1	0	0	0	0	0	0	0	0	0
C	Marios	25	162	9	1	8_____	110360	1	0	0	0	0	1	0	0	0	0	0
C	Marios	25	162	9	1	8_____	110442	1	0	0	0	0	0	0	0	0	1	0
C	Marios	25	162	9	1	8_____	110547	1	0	0	0	0	1	0	0	0	0	0
C	Marios	25	162	9	1	8_____	110612	1	0	0	0	0	0	0	0	0	1	0
C	Marios	25	162	9	1	8_____	110676	1	0	0	0	0	1	0	0	0	0	0
C	Marios	25	162	9	1	8_____	110711	1	0	0	0	0	0	0	0	0	1	0
C	Marios	25	162	9	1	8_____	111988	1	0	0	0	0	1	0	0	0	0	0
C	Marios	25	162	9	1	8_____	112331	1	0	0	0	0	0	0	0	0	1	0
C	Marios	25	162	9	1	8_____	112343	1	0	0	0	0	1	0	0	0	0	0
C	Marios	25	162	9	1	8_____	112664	1	0	0	0	0	0	0	0	0	1	0
C	Marios	25	162	9	1	8_____	113250	1	2	0	0	0	0	0	0	0	0	0
C	Marios	25	162	9	1	8_____	113575	2	0	0	0	0	1	0	0	0	0	0
C	Marios	25	162	9	1	8_____	113599	2	0	0	0	0	0	0	0	0	1	0
C	Marios	25	162	9	1	8_____	113750	2	17	0	0	0	0	0	0	0	0	0
C	Marios	25	162	9	1	8_____	114250	17	15	0	0	0	0	0	0	0	0	0
C	Marios	25	162	9	1	8_____	114750	15	1	0	0	0	0	0	0	0	0	0
C	Marios	25	162	9	1	8_____	114883	1	0	0	0	0	1	0	0	0	0	0
C	Marios	25	162	9	1	8_____	114898	1	0	0	0	0	0	0	0	0	1	0
C	Marios	25	162	9	1	8_____	116015	1	0	0	0	0	1	0	0	0	0	0
C	Marios	25	162	9	1	8_____	116118	1	0	0	0	0	0	0	0	0	1	0
C	Marios	25	162	9	1	8_____	116231	1	0	0	0	0	1	0	0	0	0	0
C	Marios	25	162	9	1	8_____	116438	1	0	0	0	0	0	0	0	0	1	0
C	Marios	25	162	9	1	8_____	117205	1	0	0	0	0	1	0	0	0	0	0
C	Marios	25	162	9	1	8_____	117424	1	0	0	0	0	0	0	0	0	1	0
C	Marios	25	162	9	1	8_____	117523	1	0	0	0	0	1	0	0	0	0	0
C	Marios	25	162	9	1	8_____	117681	1	0	0	0	0	0	0	0	0	1	0
C	Marios	25	162	9	1	8_____	118524	1	0	0	0	0	1	0	0	0	0	0
C	Marios	25	162	9	1	8_____	118586	1	0	0	0	0	0	0	0	0	1	0
C	Marios	25	162	9	1	8_____	119926	1	0	0	0	0	1	0	0	0	0	0
C	Marios	25	162	9	1	8_____	119953	1	0	0	0	0	0	0	0	0	1	0
C	Marios	25	162	9	1	8_____	119959	1	0	0	0	0	1	0	0	0	0	0
C	Marios	25	162	9	1	8_____	120131	1	0	0	0	0	0	0	0	0	1	0
C	Marios	25	162	9	1	8_____	120250	1	2	0	0	0	0	0	0	0	0	0
C	Marios	25	162	9	1	8_____	120581	2	0	0	0	0	1	0	0	0	0	0
C	Marios	25	162	9	1	8_____	120750	2	6	0	0	0	0	0	0	0	0	0
C	Marios	25	162	9	1	8_____	120758	6	0	0	0	0	0	0	0	0	1	0
C	Marios	25	162	9	1	8_____	120778	6	0	0	0	0	1	0	0	0	0	0
C	Marios	25	162	9	1	8_____	120815	6	0	0	0	0	0	0	0	0	1	0
C	Marios	25	162	9	1	8_____	120828	6	0	0	0	0	1	0	0	0	0	0
C	Marios	25	162	9	1	8_____	120853	6	0	0	0	0	0	0	0	0	1	0
C	Marios	25	162	9	1	8_____	120870	6	0	0	0	0	1	0	0	0	0	0
C	Marios	25	162	9	1	8_____	120892	6	0	0	0	0	0	0	0	0	1	0
C	Marios	25	162	9	1	8_____	120912	6	0	0	0	0	1	0	0	0	0	0
C	Marios	25	162	9	1	8_____	120949	6	0	0	0	0	0	0	0	0	1	0
C	Marios	25	162	9	1	8_____	120982	6	0	0	0	0	1	0	0	0	0	0
C	Marios	25	162	9	1	8_____	120984	6	0	0	0	0	0	0	0	0	1	0
C	Marios	25	162	9	1	8_____	121070	6	0	0	0	0	1	0	0	0	0	0
C	Marios	25	162	9	1	8_____	121195	6	0	0	0	0	0	0	0	0	1	0
C	Marios	25	162	9	1	8_____	121218	6	0	0	0	0	1	0	0	0	0	0
C	Marios	25	162	9	1	8_____	121244	6	0	0	0	0	0	0	0	0	1	0
C	Marios	25	162	9	1	8_____	121245	6	0	0	0	0	1	0	0	0	0	0
C	Marios	25	162	9	1	8_____	121250	6	11	0	0	0	0	0	0	0	0	0
C	Marios	25	162	9	1	8_____	121251	11	0	0	0	0	0	0	0	0	1	0
C	Marios	25	162	9	1	8_____	121272	11	0	0	0	0	1	0	0	0	0	0
C	Marios	25	162	9	1	8_____	121280	11	0	0	0	0	0	0	0	0	1	0
C	Marios	25	162	9	1	8_____	121282	11	0	0	0	0	1	0	0	0	0	0
C	Marios	25	162	9	1	8_____	121285	11	0	0	0	0	1	0	0	0	1	0
C	Marios	25	162	9	1	8_____	121592	11	0	0	0	0	0	0	0	0	1	0
C	Marios	25	162	9	1	8_____	121627	11	0	0	0	0	1	0	0	0	0	0
C	Marios	25	162	9	1	8_____	121641	11	0	0	0	0	0	0	0	0	1	0
C	Marios	25	162	9	1	8_____	121643	11	0	0	0	0	1	0	0	0	0	0
C	Marios	25	162	9	1	8_____	121678	11	0	0	0	0	0	0	0	0	1	0
C	Marios	25	162	9	1	8_____	121689	11	0	0	0	0	1	0	0	0	0	0
C	Marios	25	162	9	1	8_____	121694	11	0	0	0	0	0	0	0	0	1	0
C	Marios	25	162	9	1	8_____	121695	11	0	0	0	0	1	0	0	0	0	0
C	Marios	25	162	9	1	8_____	121709	11	0	0	0	0	0	0	0	0	1	0
C	Marios	25	162	9	1	8_____	121711	11	0	0	0	0	1	0	0	0	0	0
C	Marios	25	162	9	1	8_____	121723	11	0	0	0	0	1	0	0	0	1	0
C	Marios	25	162	9	1	8_____	121750	11	1	0	0	0	0	0	0	0	0	0
C	Marios	25	162	9	1	8_____	121789	1	0	0	0	0	0	0	0	0	1	0
C	Marios	25	162	9	1	8_____	122113	1	0	0	0	0	1	0	0	0	0	0
C	Marios	25	162	9	1	8_____	122133	1	0	0	0	0	0	0	0	0	1	0
C	Marios	25	162	9	1	8_____	122172	1	0	0	0	0	1	0	0	0	0	0
C	Marios	25	162	9	1	8_____	122176	1	0	0	0	0	0	0	0	0	1	0
C	Marios	25	162	9	1	8_____	122177	1	0	0	0	0	1	0	0	0	0	0
C	Marios	25	162	9	1	8_____	122192	1	0	0	0	0	0	0	0	0	1	0
C	Marios	25	162	9	1	8_____	122430	1	0	0	0	0	1	0	0	0	0	0
C	Marios	25	162	9	1	8_____	122491	1	0	0	0	0	0	0	0	0	1	0
C	Marios	25	162	9	1	8_____	122539	1	0	0	0	0	1	0	0	0	0	0
C	Marios	25	162	9	1	8_____	122547	1	0	0	0	0	0	0	0	0	1	0
C	Marios	25	162	9	1	8_____	122582	1	0	0	0	0	1	0	0	0	0	0
C	Marios	25	162	9	1	8_____	122602	1	0	0	0	0	0	0	0	0	1	0
C	Marios	25	162	9	1	8_____	122724	1	0	0	0	0	1	0	0	0	0	0
C	Marios	25	162	9	1	8_____	122776	1	0	0	0	0	0	0	0	0	1	0
C	Marios	25	162	9	1	8_____	122805	1	0	0	0	0	1	0	0	0	0	0
C	Marios	25	162	9	1	8_____	122807	1	0	0	0	0	1	0	0	0	1	0
C	Marios	25	162	9	1	8_____	122812	1	0	0	0	0	0	0	0	0	1	0
C	Marios	25	162	9	1	8_____	122814	1	0	0	0	0	1	0	0	0	0	0
C	Marios	25	162	9	1	8_____	122825	1	0	0	0	0	0	0	0	0	1	0
C	Marios	25	162	9	1	8_____	122828	1	0	0	0	0	1	0	0	0	0	0
C	Marios	25	162	9	1	8_____	122830	1	0	0	0	0	0	0	0	0	1	0
C	Marios	25	162	9	1	8_____	122831	1	0	0	0	0	1	0	0	0	0	0
C	Marios	25	162	9	1	8_____	122833	1	0	0	0	0	0	0	0	0	1	0
C	Marios	25	162	9	1	8_____	122845	1	0	0	0	0	1	0	0	0	0	0
C	Marios	25	162	9	1	8_____	122849	1	0	0	0	0	0	0	0	0	1	0
C	Marios	25	162	9	1	8_____	123250	1	2	0	0	0	0	0	0	0	0	0
C	Marios	25	162	9	1	8_____	123750	2	17	0	0	0	0	0	0	0	0	0
C	Marios	25	162	9	1	8_____	123829	17	0	0	0	0	1	0	0	0	0	0
C	Marios	25	162	9	1	8_____	123837	17	0	0	0	0	0	0	0	0	1	0
C	Marios	25	162	9	1	8_____	124250	17	15	0	0	0	0	0	0	0	0	0
C	Marios	25	162	9	1	8_____	124750	15	1	0	0	0	0	0	0	0	0	0
C	Marios	25	162	9	1	8_____	124751	1	0	0	0	0	1	0	0	0	0	0
C	Marios	25	162	9	1	8_____	124774	1	0	0	0	0	0	0	0	0	1	0
C	Marios	25	162	9	1	8_____	126084	1	0	0	0	0	1	0	0	0	0	0
C	Marios	25	162	9	1	8_____	126180	1	0	0	0	0	0	0	0	0	1	0
C	Marios	25	162	9	1	8_____	126185	1	0	0	0	0	1	0	0	0	0	0
C	Marios	25	162	9	1	8_____	126243	1	0	0	0	0	0	0	0	0	1	0
C	Marios	25	162	9	1	8_____	127162	1	0	0	0	0	1	0	0	0	0	0
C	Marios	25	162	9	1	8_____	127200	1	0	0	0	0	0	0	0	0	1	0
C	Marios	25	162	9	1	8_____	127255	1	0	0	0	0	1	0	0	0	0	0
C	Marios	25	162	9	1	8_____	127329	1	0	0	0	0	0	0	0	0	1	0
C	Marios	25	162	9	1	8_____	127336	1	0	0	0	0	1	0	0	0	0	0
C	Marios	25	162	9	1	8_____	127354	1	0	0	0	0	0	0	0	0	1	0
C	Marios	25	162	9	1	8_____	127525	1	0	0	0	0	1	0	0	0	0	0
C	Marios	25	162	9	1	8_____	127531	1	0	0	0	0	0	0	0	0	1	0
C	Marios	25	162	9	1	8_____	127608	1	0	0	0	0	1	0	0	0	0	0
C	Marios	25	162	9	1	8_____	127731	1	0	0	0	0	0	0	0	0	1	0
C	Marios	25	162	9	1	8_____	128959	1	0	0	0	0	1	0	0	0	0	0
C	Marios	25	162	9	1	8_____	129042	1	0	0	0	0	0	0	0	0	1	0
C	Marios	25	162	9	1	8_____	129050	1	0	0	0	0	1	0	0	0	0	0
C	Marios	25	162	9	1	8_____	129169	1	0	0	0	0	0	0	0	0	1	0
C	Marios	25	162	9	1	8_____	129366	1	0	0	0	0	1	0	0	0	0	0
C	Marios	25	162	9	1	8_____	129539	1	0	0	0	0	0	0	0	0	1	0
C	Marios	25	162	9	1	8_____	131500	1	2	0	0	0	0	0	0	0	0	0
C	Marios	25	162	9	1	8_____	131672	2	0	0	0	0	1	0	0	0	0	0
C	Marios	25	162	9	1	8_____	131675	2	0	0	0	0	0	0	0	0	1	0
C	Marios	25	162	9	1	8_____	131760	2	0	0	0	0	1	0	0	0	0	0
C	Marios	25	162	9	1	8_____	131768	2	0	0	0	0	0	0	0	0	1	0
C	Marios	25	162	9	1	8_____	131868	2	0	0	0	0	1	0	0	0	0	0
C	Marios	25	162	9	1	8_____	131871	2	0	0	0	0	0	0	0	0	1	0
C	Marios	25	162	9	1	8_____	132000	2	16	0	0	0	0	0	0	0	0	0
C	Marios	25	162	9	1	8_____	132500	16	15	0	0	0	0	0	0	0	0	0
C	Marios	25	162	9	1	8_____	133000	15	1	0	0	0	0	0	0	0	0	0
C	Marios	25	162	9	1	8_____	134110	1	0	0	0	0	1	0	0	0	0	0
C	Marios	25	162	9	1	8_____	134195	1	0	0	0	0	0	0	0	0	1	0
C	Marios	25	162	9	1	8_____	134328	1	0	0	0	0	1	0	0	0	0	0
C	Marios	25	162	9	1	8_____	134397	1	0	0	0	0	0	0	0	0	1	0
C	Marios	25	162	9	1	8_____	134540	1	0	0	0	0	1	0	0	0	0	0
C	Marios	25	162	9	1	8_____	134632	1	0	0	0	0	0	0	0	0	1	0
C	Marios	25	162	9	1	8_____	134636	1	0	0	0	0	1	0	0	0	0	0
C	Marios	25	162	9	1	8_____	134765	1	0	0	0	0	0	0	0	0	1	0
C	Marios	25	162	9	1	8_____	134814	1	0	0	0	0	1	0	0	0	0	0
C	Marios	25	162	9	1	8_____	134821	1	0	0	0	0	0	0	0	0	1	0
C	Marios	25	162	9	1	8_____	134826	1	0	0	0	0	1	0	0	0	0	0
C	Marios	25	162	9	1	8_____	134828	1	0	0	0	0	0	0	0	0	1	0
C	Marios	25	162	9	1	8_____	134845	1	0	0	0	0	1	0	0	0	0	0
C	Marios	25	162	9	1	8_____	135049	1	0	0	0	0	0	0	0	0	1	0
C	Marios	25	162	9	1	8_____	135117	1	0	0	0	0	1	0	0	0	0	0
C	Marios	25	162	9	1	8_____	135119	1	0	0	0	0	0	0	0	0	1	0
C	Marios	25	162	9	1	8_____	135123	1	0	0	0	0	1	0	0	0	0	0
C	Marios	25	162	9	1	8_____	135126	1	0	0	0	0	0	0	0	0	1	0
C	Marios	25	162	9	1	8_____	135136	1	0	0	0	0	1	0	0	0	0	0
C	Marios	25	162	9	1	8_____	135185	1	0	0	0	0	0	0	0	0	1	0
C	Marios	25	162	9	1	8_____	135190	1	0	0	0	0	1	0	0	0	0	0
C	Marios	25	162	9	1	8_____	135213	1	0	0	0	0	0	0	0	0	1	0
C	Marios	25	162	9	1	8_____	136500	1	2	0	0	0	0	0	0	0	0	0
C	Marios	25	162	9	1	8_____	137000	2	7	0	0	0	0	0	0	0	0	0
C	Marios	25	162	9	1	8_____	137023	7	0	0	0	0	1	0	0	0	0	0
C	Marios	25	162	9	1	8_____	137045	7	0	0	0	0	0	0	0	0	1	0
C	Marios	25	162	9	1	8_____	137078	7	0	0	0	0	1	0	0	0	0	0
C	Marios	25	162	9	1	8_____	137106	7	0	0	0	0	0	0	0	0	1	0
C	Marios	25	162	9	1	8_____	137127	7	0	0	0	0	1	0	0	0	0	0
C	Marios	25	162	9	1	8_____	137155	7	0	0	0	0	0	0	0	0	1	0
C	Marios	25	162	9	1	8_____	137239	7	0	0	0	0	1	0	0	0	0	0
C	Marios	25	162	9	1	8_____	137258	7	0	0	0	0	0	0	0	0	1	0
C	Marios	25	162	9	1	8_____	137260	7	0	0	0	0	1	0	0	0	0	0
C	Marios	25	162	9	1	8_____	137273	7	0	0	0	0	0	0	0	0	1	0
C	Marios	25	162	9	1	8_____	137280	7	0	0	0	0	1	0	0	0	0	0
C	Marios	25	162	9	1	8_____	137364	7	0	0	0	0	0	0	0	0	1	0
C	Marios	25	162	9	1	8_____	137365	7	0	0	0	0	1	0	0	0	0	0
C	Marios	25	162	9	1	8_____	137370	7	0	0	0	0	1	0	0	0	1	0
C	Marios	25	162	9	1	8_____	137373	7	0	0	0	0	0	0	0	0	1	0
C	Marios	25	162	9	1	8_____	137375	7	0	0	0	0	1	0	0	0	0	0
C	Marios	25	162	9	1	8_____	137397	7	0	0	0	0	0	0	0	0	1	0
C	Marios	25	162	9	1	8_____	137411	7	0	0	0	0	1	0	0	0	0	0
C	Marios	25	162	9	1	8_____	137431	7	0	0	0	0	0	0	0	0	1	0
C	Marios	25	162	9	1	8_____	137435	7	0	0	0	0	1	0	0	0	0	0
C	Marios	25	162	9	1	8_____	137462	7	0	0	0	0	0	0	0	0	1	0
C	Marios	25	162	9	1	8_____	137464	7	0	0	0	0	1	0	0	0	0	0
C	Marios	25	162	9	1	8_____	137500	7	10	0	0	0	0	0	0	0	0	0
C	Marios	25	162	9	1	8_____	137503	10	0	0	0	0	0	0	0	0	1	0
C	Marios	25	162	9	1	8_____	137527	10	0	0	0	0	1	0	0	0	0	0
C	Marios	25	162	9	1	8_____	137742	10	0	0	0	0	0	0	0	0	1	0
C	Marios	25	162	9	1	8_____	137743	10	0	0	0	0	1	0	0	0	0	0
C	Marios	25	162	9	1	8_____	137781	10	0	0	0	0	0	0	0	0	1	0
C	Marios	25	162	9	1	8_____	137786	10	0	0	0	0	1	0	0	0	0	0
C	Marios	25	162	9	1	8_____	137788	10	0	0	0	0	0	0	0	0	1	0
C	Marios	25	162	9	1	8_____	137790	10	0	0	0	0	1	0	0	0	0	0
C	Marios	25	162	9	1	8_____	137792	10	0	0	0	0	0	0	0	0	1	0
C	Marios	25	162	9	1	8_____	137798	10	0	0	0	0	1	0	0	0	0	0
C	Marios	25	162	9	1	8_____	137800	10	0	0	0	0	0	0	0	0	1	0
C	Marios	25	162	9	1	8_____	137816	10	0	0	0	0	1	0	0	0	0	0
C	Marios	25	162	9	1	8_____	137818	10	0	0	0	0	0	0	0	0	1	0
C	Marios	25	162	9	1	8_____	137821	10	0	0	0	0	1	0	0	0	0	0
C	Marios	25	162	9	1	8_____	137834	10	0	0	0	0	1	0	0	0	1	0
C	Marios	25	162	9	1	8_____	137865	10	0	0	0	0	0	0	0	0	1	0
C	Marios	25	162	9	1	8_____	137878	10	0	0	0	0	1	0	0	0	0	0
C	Marios	25	162	9	1	8_____	137897	10	0	0	0	0	0	0	0	0	1	0
C	Marios	25	162	9	1	8_____	137899	10	0	0	0	0	1	0	0	0	0	0
C	Marios	25	162	9	1	8_____	137937	10	0	0	0	0	1	0	0	0	1	0
C	Marios	25	162	9	1	8_____	137964	10	0	0	0	0	0	0	0	0	1	0
C	Marios	25	162	9	1	8_____	137974	10	0	0	0	0	1	0	0	0	0	0
C	Marios	25	162	9	1	8_____	137976	10	0	0	0	0	0	0	0	0	1	0
C	Marios	25	162	9	1	8_____	137977	10	0	0	0	0	1	0	0	0	0	0
C	Marios	25	162	9	1	8_____	137979	10	0	0	0	0	0	0	0	0	1	0
C	Marios	25	162	9	1	8_____	137986	10	0	0	0	0	1	0	0	0	0	0
C	Marios	25	162	9	1	8_____	137988	10	0	0	0	0	0	0	0	0	1	0
C	Marios	25	162	9	1	8_____	137993	10	0	0	0	0	1	0	0	0	0	0
C	Marios	25	162	9	1	8_____	138000	10	1	0	0	0	0	0	0	0	0	0
C	Marios	25	162	9	1	8_____	138018	1	0	0	0	0	0	0	0	0	1	0
C	Marios	25	162	9	1	8_____	138131	1	0	0	0	0	1	0	0	0	0	0
C	Marios	25	162	9	1	8_____	138133	1	0	0	0	0	1	0	0	0	1	0
C	Marios	25	162	9	1	8_____	138137	1	0	0	0	0	0	0	0	0	1	0
C	Marios	25	162	9	1	8_____	139671	1	0	0	0	0	1	0	0	0	0	0
C	Marios	25	162	9	1	8_____	139738	1	0	0	0	0	0	0	0	0	1	0
C	Marios	25	162	9	1	8_____	140021	1	0	0	0	0	1	0	0	0	0	0
C	Marios	25	162	9	1	8_____	140039	1	0	0	0	0	0	0	0	0	1	0
C	Marios	25	162	9	1	8_____	142044	1	0	0	0	0	1	0	0	0	0	0
C	Marios	25	162	9	1	8_____	142132	1	0	0	0	0	0	0	0	0	1	0
C	Marios	25	162	9	1	8_____	142146	1	0	0	0	0	1	0	0	0	0	0
C	Marios	25	162	9	1	8_____	142152	1	0	0	0	0	0	0	0	0	1	0
C	Marios	25	162	9	1	8_____	142170	1	0	0	0	0	1	0	0	0	0	0
C	Marios	25	162	9	1	8_____	142263	1	0	0	0	0	0	0	0	0	1	0
C	Marios	25	162	9	1	8_____	142403	1	0	0	0	0	1	0	0	0	0	0
C	Marios	25	162	9	1	8_____	142489	1	0	0	0	0	0	0	0	0	1	0
C	Marios	25	162	9	1	8_____	142500	1	2	0	0	0	0	0	0	0	0	0
C	Marios	25	162	9	1	8_____	142575	2	0	0	0	0	1	0	0	0	0	0
C	Marios	25	162	9	1	8_____	142592	2	0	0	0	0	0	0	0	0	1	0
C	Marios	25	162	9	1	8_____	142628	2	0	0	0	0	1	0	0	0	0	0
C	Marios	25	162	9	1	8_____	142704	2	0	0	0	0	0	0	0	0	1	0
C	Marios	25	162	9	1	8_____	142926	2	0	0	0	0	1	0	0	0	0	0
C	Marios	25	162	9	1	8_____	142998	2	0	0	0	0	0	0	0	0	1	0
C	Marios	25	162	9	1	8_____	143000	2	16	0	0	0	0	0	0	0	0	0
C	Marios	25	162	9	1	8_____	143001	16	0	0	0	0	1	0	0	0	0	0
C	Marios	25	162	9	1	8_____	143003	16	0	0	0	0	0	0	0	0	1	0
C	Marios	25	162	9	1	8_____	143029	16	0	0	0	0	1	0	0	0	0	0
C	Marios	25	162	9	1	8_____	143102	16	0	0	0	0	0	0	0	0	1	0
C	Marios	25	162	9	1	8_____	143500	16	15	0	0	0	0	0	0	0	0	0
C	Marios	25	162	9	1	8_____	144000	15	14	0	0	0	0	0	0	0	0	0
C	Marios	25	162	9	1	8_____	144154	14	0	0	0	0	1	0	0	0	0	0
C	Marios	25	162	9	1	8_____	144162	14	0	0	0	0	0	0	0	0	1	0
C	Marios	25	162	9	1	8_____	144196	14	0	0	0	0	1	0	0	0	0	0
C	Marios	25	162	9	1	8_____	144270	14	0	0	0	0	0	0	0	0	1	0
C	Marios	25	162	9	1	8_____	144325	14	0	0	0	0	1	0	0	0	0	0
C	Marios	25	162	9	1	8_____	144469	14	0	0	0	0	0	0	0	0	1	0
C	Marios	25	162	9	1	8_____	145641	14	0	0	0	0	1	0	0	0	0	0
C	Marios	25	162	9	1	8_____	145796	14	0	0	0	0	0	0	0	0	1	0
C	Marios	25	162	9	1	8_____	146188	14	0	0	0	0	1	0	0	0	0	0
C	Marios	25	162	9	1	8_____	147000	14	-1	0	0	0	0	0	0	0	0	0
C	Marios	25	162	13	1	33____	0	0	1	0	0	0	0	0	0	0	0	0
C	Marios	25	162	13	1	33____	146	1	0	0	0	0	1	0	0	0	0	0
C	Marios	25	162	13	1	33____	154	1	0	0	0	0	0	0	0	0	1	0
C	Marios	25	162	13	1	33____	156	1	0	0	0	0	1	0	0	0	0	0
C	Marios	25	162	13	1	33____	170	1	0	0	0	0	0	0	0	0	1	0
C	Marios	25	162	13	1	33____	1421	1	0	0	0	0	1	0	0	0	0	0
C	Marios	25	162	13	1	33____	1444	1	0	0	0	0	0	0	0	0	1	0
C	Marios	25	162	13	1	33____	3309	1	0	0	0	0	1	0	0	0	0	0
C	Marios	25	162	13	1	33____	3321	1	0	0	0	0	0	0	0	0	1	0
C	Marios	25	162	13	1	33____	3322	1	0	0	0	0	1	0	0	0	0	0
C	Marios	25	162	13	1	33____	3328	1	0	0	0	0	0	0	0	0	1	0
C	Marios	25	162	13	1	33____	6750	1	2	0	0	0	0	0	0	0	0	0
C	Marios	25	162	13	1	33____	7250	2	6	0	0	0	0	0	0	0	0	0
C	Marios	25	162	13	1	33____	7301	6	0	0	0	0	1	0	0	0	0	0
C	Marios	25	162	13	1	33____	7327	6	0	0	0	0	0	0	0	0	1	0
C	Marios	25	162	13	1	33____	7360	6	0	0	0	0	1	0	0	0	0	0
C	Marios	25	162	13	1	33____	7390	6	0	0	0	0	0	0	0	0	1	0
C	Marios	25	162	13	1	33____	7472	6	0	0	0	0	1	0	0	0	0	0
C	Marios	25	162	13	1	33____	7605	6	0	0	0	0	0	0	0	0	1	0
C	Marios	25	162	13	1	33____	7676	6	0	0	0	0	1	0	0	0	0	0
C	Marios	25	162	13	1	33____	7750	6	11	0	0	0	0	0	0	0	0	0
C	Marios	25	162	13	1	33____	7894	11	0	0	0	0	0	0	0	0	1	0
C	Marios	25	162	13	1	33____	7902	11	0	0	0	0	1	0	0	0	0	0
C	Marios	25	162	13	1	33____	7909	11	0	0	0	0	0	0	0	0	1	0
C	Marios	25	162	13	1	33____	7911	11	0	0	0	0	1	0	0	0	0	0
C	Marios	25	162	13	1	33____	7937	11	0	0	0	0	0	0	0	0	1	0
C	Marios	25	162	13	1	33____	8250	11	1	0	0	0	0	0	0	0	0	0
C	Marios	25	162	13	1	33____	11048	1	0	0	0	0	1	0	0	0	0	0
C	Marios	25	162	13	1	33____	11050	1	0	0	0	0	0	0	0	0	1	0
C	Marios	25	162	13	1	33____	11054	1	0	0	0	0	1	0	0	0	0	0
C	Marios	25	162	13	1	33____	11078	1	0	0	0	0	0	0	0	0	1	0
C	Marios	25	162	13	1	33____	11750	1	2	0	0	0	0	0	0	0	0	0
C	Marios	25	162	13	1	33____	12250	2	17	0	0	0	0	0	0	0	0	0
C	Marios	25	162	13	1	33____	12750	17	15	0	0	0	0	0	0	0	0	0
C	Marios	25	162	13	1	33____	13250	15	1	0	0	0	0	0	0	0	0	0
C	Marios	25	162	13	1	33____	13578	1	0	0	0	0	1	0	0	0	0	0
C	Marios	25	162	13	1	33____	13584	1	0	0	0	0	0	0	0	0	1	0
C	Marios	25	162	13	1	33____	13660	1	0	0	0	0	1	0	0	0	0	0
C	Marios	25	162	13	1	33____	13723	1	0	0	0	0	0	0	0	0	1	0
C	Marios	25	162	13	1	33____	13889	1	0	0	0	0	1	0	0	0	0	0
C	Marios	25	162	13	1	33____	13925	1	0	0	0	0	0	0	0	0	1	0
C	Marios	25	162	13	1	33____	15500	1	2	0	0	0	0	0	0	0	0	0
C	Marios	25	162	13	1	33____	16000	2	16	0	0	0	0	0	0	0	0	0
C	Marios	25	162	13	1	33____	16500	16	15	0	0	0	0	0	0	0	0	0
C	Marios	25	162	13	1	33____	16545	15	0	0	0	0	1	0	0	0	0	0
C	Marios	25	162	13	1	33____	16547	15	0	0	0	0	0	0	0	0	1	0
C	Marios	25	162	13	1	33____	16567	15	0	0	0	0	1	0	0	0	0	0
C	Marios	25	162	13	1	33____	16569	15	0	0	0	0	0	0	0	0	1	0
C	Marios	25	162	13	1	33____	17000	15	1	0	0	0	0	0	0	0	0	0
C	Marios	25	162	13	1	33____	19357	1	0	0	0	0	1	0	0	0	0	0
C	Marios	25	162	13	1	33____	19451	1	0	0	0	0	0	0	0	0	1	0
C	Marios	25	162	13	1	33____	19504	1	0	0	0	0	1	0	0	0	0	0
C	Marios	25	162	13	1	33____	19640	1	0	0	0	0	0	0	0	0	1	0
C	Marios	25	162	13	1	33____	19678	1	0	0	0	0	1	0	0	0	0	0
C	Marios	25	162	13	1	33____	19693	1	0	0	0	0	0	0	0	0	1	0
C	Marios	25	162	13	1	33____	19694	1	0	0	0	0	1	0	0	0	0	0
C	Marios	25	162	13	1	33____	19699	1	0	0	0	0	1	0	0	0	1	0
C	Marios	25	162	13	1	33____	19703	1	0	0	0	0	0	0	0	0	1	0
C	Marios	25	162	13	1	33____	19710	1	0	0	0	0	1	0	0	0	0	0
C	Marios	25	162	13	1	33____	19874	1	0	0	0	0	0	0	0	0	1	0
C	Marios	25	162	13	1	33____	20542	1	0	0	0	0	1	0	0	0	0	0
C	Marios	25	162	13	1	33____	20545	1	0	0	0	0	0	0	0	0	1	0
C	Marios	25	162	13	1	33____	21942	1	0	0	0	0	1	0	0	0	0	0
C	Marios	25	162	13	1	33____	22048	1	0	0	0	0	0	0	0	0	1	0
C	Marios	25	162	13	1	33____	22500	1	2	0	0	0	0	0	0	0	0	0
C	Marios	25	162	13	1	33____	23000	2	7	0	0	0	0	0	0	0	0	0
C	Marios	25	162	13	1	33____	23177	7	0	0	0	0	1	0	0	0	0	0
C	Marios	25	162	13	1	33____	23269	7	0	0	0	0	0	0	0	0	1	0
C	Marios	25	162	13	1	33____	23355	7	0	0	0	0	1	0	0	0	0	0
C	Marios	25	162	13	1	33____	23500	7	10	0	0	0	0	0	0	0	0	0
C	Marios	25	162	13	1	33____	23781	10	0	0	0	0	0	0	0	0	1	0
C	Marios	25	162	13	1	33____	23783	10	0	0	0	0	1	0	0	0	0	0
C	Marios	25	162	13	1	33____	23804	10	0	0	0	0	0	0	0	0	1	0
C	Marios	25	162	13	1	33____	23832	10	0	0	0	0	1	0	0	0	0	0
C	Marios	25	162	13	1	33____	23864	10	0	0	0	0	0	0	0	0	1	0
C	Marios	25	162	13	1	33____	23874	10	0	0	0	0	1	0	0	0	0	0
C	Marios	25	162	13	1	33____	23923	10	0	0	0	0	0	0	0	0	1	0
C	Marios	25	162	13	1	33____	24000	10	1	0	0	0	0	0	0	0	0	0
C	Marios	25	162	13	1	33____	24041	1	0	0	0	0	1	0	0	0	0	0
C	Marios	25	162	13	1	33____	24089	1	0	0	0	0	0	0	0	0	1	0
C	Marios	25	162	13	1	33____	28450	1	0	0	0	0	1	0	0	0	0	0
C	Marios	25	162	13	1	33____	28500	1	2	0	0	0	0	0	0	0	0	0
C	Marios	25	162	13	1	33____	28602	2	0	0	0	0	0	0	0	0	1	0
C	Marios	25	162	13	1	33____	29000	2	17	0	0	0	0	0	0	0	0	0
C	Marios	25	162	13	1	33____	29500	17	15	0	0	0	0	0	0	0	0	0
C	Marios	25	162	13	1	33____	30000	15	1	0	0	0	0	0	0	0	0	0
C	Marios	25	162	13	1	33____	37500	1	2	0	0	0	0	0	0	0	0	0
C	Marios	25	162	13	1	33____	38000	2	16	0	0	0	0	0	0	0	0	0
C	Marios	25	162	13	1	33____	38500	16	15	0	0	0	0	0	0	0	0	0
C	Marios	25	162	13	1	33____	38770	15	0	0	0	0	1	0	0	0	0	0
C	Marios	25	162	13	1	33____	38781	15	0	0	0	0	0	0	0	0	1	0
C	Marios	25	162	13	1	33____	38787	15	0	0	0	0	1	0	0	0	0	0
C	Marios	25	162	13	1	33____	38789	15	0	0	0	0	0	0	0	0	1	0
C	Marios	25	162	13	1	33____	39000	15	1	0	0	0	0	0	0	0	0	0
C	Marios	25	162	13	1	33____	40167	1	0	0	0	0	1	0	0	0	0	0
C	Marios	25	162	13	1	33____	40171	1	0	0	0	0	0	0	0	0	1	0
C	Marios	25	162	13	1	33____	41094	1	0	0	0	0	1	0	0	0	0	0
C	Marios	25	162	13	1	33____	41102	1	0	0	0	0	0	0	0	0	1	0
C	Marios	25	162	13	1	33____	41360	1	0	0	0	0	1	0	0	0	0	0
C	Marios	25	162	13	1	33____	41389	1	0	0	0	0	0	0	0	0	1	0
C	Marios	25	162	13	1	33____	42750	1	2	0	0	0	0	0	0	0	0	0
C	Marios	25	162	13	1	33____	43250	2	6	0	0	0	0	0	0	0	0	0
C	Marios	25	162	13	1	33____	43625	6	0	0	0	0	1	0	0	0	0	0
C	Marios	25	162	13	1	33____	43664	6	0	0	0	0	0	0	0	0	1	0
C	Marios	25	162	13	1	33____	43750	6	11	0	0	0	0	0	0	0	0	0
C	Marios	25	162	13	1	33____	43757	11	0	0	0	0	1	0	0	0	0	0
C	Marios	25	162	13	1	33____	43939	11	0	0	0	0	0	0	0	0	1	0
C	Marios	25	162	13	1	33____	43945	11	0	0	0	0	1	0	0	0	0	0
C	Marios	25	162	13	1	33____	43951	11	0	0	0	0	1	0	0	0	1	0
C	Marios	25	162	13	1	33____	43960	11	0	0	0	0	0	0	0	0	1	0
C	Marios	25	162	13	1	33____	43961	11	0	0	0	0	1	0	0	0	0	0
C	Marios	25	162	13	1	33____	43993	11	0	0	0	0	0	0	0	0	1	0
C	Marios	25	162	13	1	33____	43995	11	0	0	0	0	1	0	0	0	0	0
C	Marios	25	162	13	1	33____	44034	11	0	0	0	0	0	0	0	0	1	0
C	Marios	25	162	13	1	33____	44036	11	0	0	0	0	1	0	0	0	0	0
C	Marios	25	162	13	1	33____	44104	11	0	0	0	0	0	0	0	0	1	0
C	Marios	25	162	13	1	33____	44112	11	0	0	0	0	1	0	0	0	0	0
C	Marios	25	162	13	1	33____	44114	11	0	0	0	0	0	0	0	0	1	0
C	Marios	25	162	13	1	33____	44118	11	0	0	0	0	1	0	0	0	0	0
C	Marios	25	162	13	1	33____	44121	11	0	0	0	0	0	0	0	0	1	0
C	Marios	25	162	13	1	33____	44123	11	0	0	0	0	1	0	0	0	0	0
C	Marios	25	162	13	1	33____	44159	11	0	0	0	0	0	0	0	0	1	0
C	Marios	25	162	13	1	33____	44160	11	0	0	0	0	1	0	0	0	0	0
C	Marios	25	162	13	1	33____	44175	11	0	0	0	0	0	0	0	0	1	0
C	Marios	25	162	13	1	33____	44250	11	1	0	0	0	0	0	0	0	0	0
C	Marios	25	162	13	1	33____	44353	1	0	0	0	0	1	0	0	0	0	0
C	Marios	25	162	13	1	33____	44382	1	0	0	0	0	0	0	0	0	1	0
C	Marios	25	162	13	1	33____	44580	1	0	0	0	0	1	0	0	0	0	0
C	Marios	25	162	13	1	33____	44611	1	0	0	0	0	0	0	0	0	1	0
C	Marios	25	162	13	1	33____	44658	1	0	0	0	0	1	0	0	0	0	0
C	Marios	25	162	13	1	33____	44688	1	0	0	0	0	0	0	0	0	1	0
C	Marios	25	162	13	1	33____	46570	1	0	0	0	0	1	0	0	0	0	0
C	Marios	25	162	13	1	33____	46908	1	0	0	0	0	0	0	0	0	1	0
C	Marios	25	162	13	1	33____	47250	1	2	0	0	0	0	0	0	0	0	0
C	Marios	25	162	13	1	33____	47293	2	0	0	0	0	1	0	0	0	0	0
C	Marios	25	162	13	1	33____	47295	2	0	0	0	0	0	0	0	0	1	0
C	Marios	25	162	13	1	33____	47297	2	0	0	0	0	1	0	0	0	0	0
C	Marios	25	162	13	1	33____	47400	2	0	0	0	0	0	0	0	0	1	0
C	Marios	25	162	13	1	33____	47750	2	7	0	0	0	0	0	0	0	0	0
C	Marios	25	162	13	1	33____	47761	7	0	0	0	0	1	0	0	0	0	0
C	Marios	25	162	13	1	33____	47817	7	0	0	0	0	0	0	0	0	1	0
C	Marios	25	162	13	1	33____	47843	7	0	0	0	0	1	0	0	0	0	0
C	Marios	25	162	13	1	33____	47858	7	0	0	0	0	0	0	0	0	1	0
C	Marios	25	162	13	1	33____	47884	7	0	0	0	0	1	0	0	0	0	0
C	Marios	25	162	13	1	33____	48061	7	0	0	0	0	0	0	0	0	1	0
C	Marios	25	162	13	1	33____	48119	7	0	0	0	0	1	0	0	0	0	0
C	Marios	25	162	13	1	33____	48133	7	0	0	0	0	0	0	0	0	1	0
C	Marios	25	162	13	1	33____	48184	7	0	0	0	0	1	0	0	0	0	0
C	Marios	25	162	13	1	33____	48250	7	10	0	0	0	0	0	0	0	0	0
C	Marios	25	162	13	1	33____	48504	10	0	0	0	0	0	0	0	0	1	0
C	Marios	25	162	13	1	33____	48510	10	0	0	0	0	1	0	0	0	0	0
C	Marios	25	162	13	1	33____	48513	10	0	0	0	0	0	0	0	0	1	0
C	Marios	25	162	13	1	33____	48515	10	0	0	0	0	1	0	0	0	0	0
C	Marios	25	162	13	1	33____	48574	10	0	0	0	0	0	0	0	0	1	0
C	Marios	25	162	13	1	33____	48576	10	0	0	0	0	1	0	0	0	0	0
C	Marios	25	162	13	1	33____	48641	10	0	0	0	0	0	0	0	0	1	0
C	Marios	25	162	13	1	33____	48643	10	0	0	0	0	1	0	0	0	0	0
C	Marios	25	162	13	1	33____	48647	10	0	0	0	0	0	0	0	0	1	0
C	Marios	25	162	13	1	33____	48750	10	1	0	0	0	0	0	0	0	0	0
C	Marios	25	162	13	1	33____	52303	1	0	0	0	0	1	0	0	0	0	0
C	Marios	25	162	13	1	33____	52344	1	0	0	0	0	0	0	0	0	1	0
C	Marios	25	162	13	1	33____	53250	1	2	0	0	0	0	0	0	0	0	0
C	Marios	25	162	13	1	33____	53650	2	0	0	0	0	1	0	0	0	0	0
C	Marios	25	162	13	1	33____	53714	2	0	0	0	0	0	0	0	0	1	0
C	Marios	25	162	13	1	33____	53750	2	17	0	0	0	0	0	0	0	0	0
C	Marios	25	162	13	1	33____	53793	17	0	0	0	0	1	0	0	0	0	0
C	Marios	25	162	13	1	33____	53821	17	0	0	0	0	0	0	0	0	1	0
C	Marios	25	162	13	1	33____	54250	17	15	0	0	0	0	0	0	0	0	0
C	Marios	25	162	13	1	33____	54388	15	0	0	0	0	1	0	0	0	0	0
C	Marios	25	162	13	1	33____	54641	15	0	0	0	0	0	0	0	0	1	0
C	Marios	25	162	13	1	33____	54706	15	0	0	0	0	1	0	0	0	0	0
C	Marios	25	162	13	1	33____	54750	15	1	0	0	0	0	0	0	0	0	0
C	Marios	25	162	13	1	33____	54768	1	0	0	0	0	0	0	0	0	1	0
C	Marios	25	162	13	1	33____	54789	1	0	0	0	0	1	0	0	0	0	0
C	Marios	25	162	13	1	33____	54793	1	0	0	0	0	0	0	0	0	1	0
C	Marios	25	162	13	1	33____	54877	1	0	0	0	0	1	0	0	0	0	0
C	Marios	25	162	13	1	33____	54969	1	0	0	0	0	0	0	0	0	1	0
C	Marios	25	162	13	1	33____	55016	1	0	0	0	0	1	0	0	0	0	0
C	Marios	25	162	13	1	33____	55153	1	0	0	0	0	0	0	0	0	1	0
C	Marios	25	162	13	1	33____	55430	1	0	0	0	0	1	0	0	0	0	0
C	Marios	25	162	13	1	33____	55519	1	0	0	0	0	0	0	0	0	1	0
C	Marios	25	162	13	1	33____	55584	1	0	0	0	0	1	0	0	0	0	0
C	Marios	25	162	13	1	33____	55598	1	0	0	0	0	0	0	0	0	1	0
C	Marios	25	162	13	1	33____	60750	1	2	0	0	0	0	0	0	0	0	0
C	Marios	25	162	13	1	33____	60996	2	0	0	0	0	1	0	0	0	0	0
C	Marios	25	162	13	1	33____	60998	2	0	0	0	0	0	0	0	0	1	0
C	Marios	25	162	13	1	33____	61250	2	16	0	0	0	0	0	0	0	0	0
C	Marios	25	162	13	1	33____	61750	16	15	0	0	0	0	0	0	0	0	0
C	Marios	25	162	13	1	33____	62110	15	0	0	0	0	1	0	0	0	0	0
C	Marios	25	162	13	1	33____	62151	15	0	0	0	0	0	0	0	0	1	0
C	Marios	25	162	13	1	33____	62250	15	1	0	0	0	0	0	0	0	0	0
C	Marios	25	162	13	1	33____	62615	1	0	0	0	0	1	0	0	0	0	0
C	Marios	25	162	13	1	33____	62742	1	0	0	0	0	0	0	0	0	1	0
C	Marios	25	162	13	1	33____	63006	1	0	0	0	0	1	0	0	0	0	0
C	Marios	25	162	13	1	33____	63007	1	0	0	0	0	0	0	0	0	1	0
C	Marios	25	162	13	1	33____	63008	1	0	0	0	0	1	0	0	0	0	0
C	Marios	25	162	13	1	33____	63010	1	0	0	0	0	0	0	0	0	1	0
C	Marios	25	162	13	1	33____	63012	1	0	0	0	0	1	0	0	0	0	0
C	Marios	25	162	13	1	33____	63015	1	0	0	0	0	0	0	0	0	1	0
C	Marios	25	162	13	1	33____	63019	1	0	0	0	0	1	0	0	0	0	0
C	Marios	25	162	13	1	33____	63021	1	0	0	0	0	1	0	0	0	1	0
C	Marios	25	162	13	1	33____	63023	1	0	0	0	0	0	0	0	0	1	0
C	Marios	25	162	13	1	33____	63024	1	0	0	0	0	1	0	0	0	0	0
C	Marios	25	162	13	1	33____	63025	1	0	0	0	0	0	0	0	0	1	0
C	Marios	25	162	13	1	33____	64713	1	0	0	0	0	1	0	0	0	0	0
C	Marios	25	162	13	1	33____	64716	1	0	0	0	0	0	0	0	0	1	0
C	Marios	25	162	13	1	33____	64727	1	0	0	0	0	1	0	0	0	0	0
C	Marios	25	162	13	1	33____	64729	1	0	0	0	0	0	0	0	0	1	0
C	Marios	25	162	13	1	33____	66362	1	0	0	0	0	1	0	0	0	0	0
C	Marios	25	162	13	1	33____	66422	1	0	0	0	0	0	0	0	0	1	0
C	Marios	25	162	13	1	33____	66878	1	0	0	0	0	1	0	0	0	0	0
C	Marios	25	162	13	1	33____	66885	1	0	0	0	0	0	0	0	0	1	0
C	Marios	25	162	13	1	33____	66886	1	0	0	0	0	1	0	0	0	0	0
C	Marios	25	162	13	1	33____	66916	1	0	0	0	0	0	0	0	0	1	0
C	Marios	25	162	13	1	33____	66937	1	0	0	0	0	1	0	0	0	0	0
C	Marios	25	162	13	1	33____	66996	1	0	0	0	0	0	0	0	0	1	0
C	Marios	25	162	13	1	33____	67500	1	2	0	0	0	0	0	0	0	0	0
C	Marios	25	162	13	1	33____	67876	2	0	0	0	0	1	0	0	0	0	0
C	Marios	25	162	13	1	33____	67902	2	0	0	0	0	0	0	0	0	1	0
C	Marios	25	162	13	1	33____	68000	2	16	0	0	0	0	0	0	0	0	0
C	Marios	25	162	13	1	33____	68500	16	15	0	0	0	0	0	0	0	0	0
C	Marios	25	162	13	1	33____	69000	15	1	0	0	0	0	0	0	0	0	0
C	Marios	25	162	13	1	33____	69298	1	0	0	0	0	1	0	0	0	0	0
C	Marios	25	162	13	1	33____	69322	1	0	0	0	0	0	0	0	0	1	0
C	Marios	25	162	13	1	33____	69340	1	0	0	0	0	1	0	0	0	0	0
C	Marios	25	162	13	1	33____	69708	1	0	0	0	0	0	0	0	0	1	0
C	Marios	25	162	13	1	33____	69722	1	0	0	0	0	1	0	0	0	0	0
C	Marios	25	162	13	1	33____	69738	1	0	0	0	0	0	0	0	0	1	0
C	Marios	25	162	13	1	33____	69946	1	0	0	0	0	1	0	0	0	0	0
C	Marios	25	162	13	1	33____	70054	1	0	0	0	0	0	0	0	0	1	0
C	Marios	25	162	13	1	33____	70217	1	0	0	0	0	1	0	0	0	0	0
C	Marios	25	162	13	1	33____	70219	1	0	0	0	0	0	0	0	0	1	0
C	Marios	25	162	13	1	33____	70389	1	0	0	0	0	1	0	0	0	0	0
C	Marios	25	162	13	1	33____	70391	1	0	0	0	0	0	0	0	0	1	0
C	Marios	25	162	13	1	33____	70500	1	2	0	0	0	0	0	0	0	0	0
C	Marios	25	162	13	1	33____	71000	2	17	0	0	0	0	0	0	0	0	0
C	Marios	25	162	13	1	33____	71308	17	0	0	0	0	1	0	0	0	0	0
C	Marios	25	162	13	1	33____	71310	17	0	0	0	0	0	0	0	0	1	0
C	Marios	25	162	13	1	33____	71313	17	0	0	0	0	1	0	0	0	0	0
C	Marios	25	162	13	1	33____	71383	17	0	0	0	0	0	0	0	0	1	0
C	Marios	25	162	13	1	33____	71423	17	0	0	0	0	1	0	0	0	0	0
C	Marios	25	162	13	1	33____	71500	17	15	0	0	0	0	0	0	0	0	0
C	Marios	25	162	13	1	33____	71663	15	0	0	0	0	0	0	0	0	1	0
C	Marios	25	162	13	1	33____	71760	15	0	0	0	0	1	0	0	0	0	0
C	Marios	25	162	13	1	33____	71956	15	0	0	0	0	0	0	0	0	1	0
C	Marios	25	162	13	1	33____	72000	15	1	0	0	0	0	0	0	0	0	0
C	Marios	25	162	13	1	33____	72035	1	0	0	0	0	1	0	0	0	0	0
C	Marios	25	162	13	1	33____	72142	1	0	0	0	0	0	0	0	0	1	0
C	Marios	25	162	13	1	33____	75161	1	0	0	0	0	1	0	0	0	0	0
C	Marios	25	162	13	1	33____	75232	1	0	0	0	0	0	0	0	0	1	0
C	Marios	25	162	13	1	33____	75620	1	0	0	0	0	1	0	0	0	0	0
C	Marios	25	162	13	1	33____	75623	1	0	0	0	0	0	0	0	0	1	0
C	Marios	25	162	13	1	33____	75634	1	0	0	0	0	1	0	0	0	0	0
C	Marios	25	162	13	1	33____	75649	1	0	0	0	0	0	0	0	0	1	0
C	Marios	25	162	13	1	33____	76500	1	2	0	0	0	0	0	0	0	0	0
C	Marios	25	162	13	1	33____	77000	2	16	0	0	0	0	0	0	0	0	0
C	Marios	25	162	13	1	33____	77500	16	15	0	0	0	0	0	0	0	0	0
C	Marios	25	162	13	1	33____	77831	15	0	0	0	0	1	0	0	0	0	0
C	Marios	25	162	13	1	33____	77875	15	0	0	0	0	0	0	0	0	1	0
C	Marios	25	162	13	1	33____	78000	15	1	0	0	0	0	0	0	0	0	0
C	Marios	25	162	13	1	33____	80250	1	2	0	0	0	0	0	0	0	0	0
C	Marios	25	162	13	1	33____	80750	2	16	0	0	0	0	0	0	0	0	0
C	Marios	25	162	13	1	33____	80842	16	0	0	0	0	1	0	0	0	0	0
C	Marios	25	162	13	1	33____	80894	16	0	0	0	0	0	0	0	0	1	0
C	Marios	25	162	13	1	33____	80969	16	0	0	0	0	1	0	0	0	0	0
C	Marios	25	162	13	1	33____	81072	16	0	0	0	0	0	0	0	0	1	0
C	Marios	25	162	13	1	33____	81107	16	0	0	0	0	1	0	0	0	0	0
C	Marios	25	162	13	1	33____	81250	16	15	0	0	0	0	0	0	0	0	0
C	Marios	25	162	13	1	33____	81256	15	0	0	0	0	0	0	0	0	1	0
C	Marios	25	162	13	1	33____	81344	15	0	0	0	0	1	0	0	0	0	0
C	Marios	25	162	13	1	33____	81397	15	0	0	0	0	0	0	0	0	1	0
C	Marios	25	162	13	1	33____	81409	15	0	0	0	0	1	0	0	0	0	0
C	Marios	25	162	13	1	33____	81466	15	0	0	0	0	0	0	0	0	1	0
C	Marios	25	162	13	1	33____	81618	15	0	0	0	0	1	0	0	0	0	0
C	Marios	25	162	13	1	33____	81624	15	0	0	0	0	0	0	0	0	1	0
C	Marios	25	162	13	1	33____	81750	15	1	0	0	0	0	0	0	0	0	0
C	Marios	25	162	13	1	33____	84126	1	0	0	0	0	1	0	0	0	0	0
C	Marios	25	162	13	1	33____	84248	1	0	0	0	0	0	0	0	0	1	0
C	Marios	25	162	13	1	33____	86084	1	0	0	0	0	1	0	0	0	0	0
C	Marios	25	162	13	1	33____	86093	1	0	0	0	0	0	0	0	0	1	0
C	Marios	25	162	13	1	33____	87250	1	2	0	0	0	0	0	0	0	0	0
C	Marios	25	162	13	1	33____	87750	2	6	0	0	0	0	0	0	0	0	0
C	Marios	25	162	13	1	33____	87888	6	0	0	0	0	1	0	0	0	0	0
C	Marios	25	162	13	1	33____	87893	6	0	0	0	0	0	0	0	0	1	0
C	Marios	25	162	13	1	33____	87894	6	0	0	0	0	1	0	0	0	0	0
C	Marios	25	162	13	1	33____	87896	6	0	0	0	0	0	0	0	0	1	0
C	Marios	25	162	13	1	33____	87899	6	0	0	0	0	1	0	0	0	0	0
C	Marios	25	162	13	1	33____	87903	6	0	0	0	0	0	0	0	0	1	0
C	Marios	25	162	13	1	33____	87907	6	0	0	0	0	1	0	0	0	0	0
C	Marios	25	162	13	1	33____	88143	6	0	0	0	0	0	0	0	0	1	0
C	Marios	25	162	13	1	33____	88184	6	0	0	0	0	1	0	0	0	0	0
C	Marios	25	162	13	1	33____	88224	6	0	0	0	0	0	0	0	0	1	0
C	Marios	25	162	13	1	33____	88250	6	11	0	0	0	0	0	0	0	0	0
C	Marios	25	162	13	1	33____	88296	11	0	0	0	0	1	0	0	0	0	0
C	Marios	25	162	13	1	33____	88312	11	0	0	0	0	0	0	0	0	1	0
C	Marios	25	162	13	1	33____	88399	11	0	0	0	0	1	0	0	0	0	0
C	Marios	25	162	13	1	33____	88673	11	0	0	0	0	0	0	0	0	1	0
C	Marios	25	162	13	1	33____	88674	11	0	0	0	0	1	0	0	0	0	0
C	Marios	25	162	13	1	33____	88696	11	0	0	0	0	0	0	0	0	1	0
C	Marios	25	162	13	1	33____	88703	11	0	0	0	0	1	0	0	0	0	0
C	Marios	25	162	13	1	33____	88706	11	0	0	0	0	0	0	0	0	1	0
C	Marios	25	162	13	1	33____	88708	11	0	0	0	0	1	0	0	0	0	0
C	Marios	25	162	13	1	33____	88729	11	0	0	0	0	0	0	0	0	1	0
C	Marios	25	162	13	1	33____	88730	11	0	0	0	0	1	0	0	0	0	0
C	Marios	25	162	13	1	33____	88737	11	0	0	0	0	0	0	0	0	1	0
C	Marios	25	162	13	1	33____	88738	11	0	0	0	0	1	0	0	0	0	0
C	Marios	25	162	13	1	33____	88747	11	0	0	0	0	0	0	0	0	1	0
C	Marios	25	162	13	1	33____	88750	11	1	0	0	0	0	0	0	0	0	0
C	Marios	25	162	13	1	33____	89360	1	0	0	0	0	1	0	0	0	0	0
C	Marios	25	162	13	1	33____	89406	1	0	0	0	0	0	0	0	0	1	0
C	Marios	25	162	13	1	33____	89758	1	0	0	0	0	1	0	0	0	0	0
C	Marios	25	162	13	1	33____	89776	1	0	0	0	0	0	0	0	0	1	0
C	Marios	25	162	13	1	33____	92773	1	0	0	0	0	1	0	0	0	0	0
C	Marios	25	162	13	1	33____	92833	1	0	0	0	0	0	0	0	0	1	0
C	Marios	25	162	13	1	33____	93570	1	0	0	0	0	1	0	0	0	0	0
C	Marios	25	162	13	1	33____	93736	1	0	0	0	0	0	0	0	0	1	0
C	Marios	25	162	13	1	33____	95215	1	0	0	0	0	1	0	0	0	0	0
C	Marios	25	162	13	1	33____	95219	1	0	0	0	0	0	0	0	0	1	0
C	Marios	25	162	13	1	33____	95223	1	0	0	0	0	1	0	0	0	0	0
C	Marios	25	162	13	1	33____	95231	1	0	0	0	0	0	0	0	0	1	0
C	Marios	25	162	13	1	33____	96250	1	2	0	0	0	0	0	0	0	0	0
C	Marios	25	162	13	1	33____	96750	2	17	0	0	0	0	0	0	0	0	0
C	Marios	25	162	13	1	33____	97250	17	15	0	0	0	0	0	0	0	0	0
C	Marios	25	162	13	1	33____	97706	15	0	0	0	0	1	0	0	0	0	0
C	Marios	25	162	13	1	33____	97721	15	0	0	0	0	0	0	0	0	1	0
C	Marios	25	162	13	1	33____	97750	15	1	0	0	0	0	0	0	0	0	0
C	Marios	25	162	13	1	33____	97793	1	0	0	0	0	1	0	0	0	0	0
C	Marios	25	162	13	1	33____	97796	1	0	0	0	0	0	0	0	0	1	0
C	Marios	25	162	13	1	33____	97807	1	0	0	0	0	1	0	0	0	0	0
C	Marios	25	162	13	1	33____	97839	1	0	0	0	0	0	0	0	0	1	0
C	Marios	25	162	13	1	33____	100673	1	0	0	0	0	1	0	0	0	0	0
C	Marios	25	162	13	1	33____	100720	1	0	0	0	0	0	0	0	0	1	0
C	Marios	25	162	13	1	33____	100900	1	0	0	0	0	1	0	0	0	0	0
C	Marios	25	162	13	1	33____	100904	1	0	0	0	0	0	0	0	0	1	0
C	Marios	25	162	13	1	33____	100911	1	0	0	0	0	1	0	0	0	0	0
C	Marios	25	162	13	1	33____	100913	1	0	0	0	0	0	0	0	0	1	0
C	Marios	25	162	13	1	33____	104500	1	2	0	0	0	0	0	0	0	0	0
C	Marios	25	162	13	1	33____	104544	2	0	0	0	0	1	0	0	0	0	0
C	Marios	25	162	13	1	33____	104602	2	0	0	0	0	0	0	0	0	1	0
C	Marios	25	162	13	1	33____	105000	2	17	0	0	0	0	0	0	0	0	0
C	Marios	25	162	13	1	33____	105426	17	0	0	0	0	1	0	0	0	0	0
C	Marios	25	162	13	1	33____	105500	17	15	0	0	0	0	0	0	0	0	0
C	Marios	25	162	13	1	33____	105583	15	0	0	0	0	0	0	0	0	1	0
C	Marios	25	162	13	1	33____	105691	15	0	0	0	0	1	0	0	0	0	0
C	Marios	25	162	13	1	33____	105696	15	0	0	0	0	0	0	0	0	1	0
C	Marios	25	162	13	1	33____	105719	15	0	0	0	0	1	0	0	0	0	0
C	Marios	25	162	13	1	33____	105869	15	0	0	0	0	0	0	0	0	1	0
C	Marios	25	162	13	1	33____	106000	15	1	0	0	0	0	0	0	0	0	0
C	Marios	25	162	13	1	33____	106940	1	0	0	0	0	1	0	0	0	0	0
C	Marios	25	162	13	1	33____	106972	1	0	0	0	0	0	0	0	0	1	0
C	Marios	25	162	13	1	33____	109206	1	0	0	0	0	1	0	0	0	0	0
C	Marios	25	162	13	1	33____	109211	1	0	0	0	0	0	0	0	0	1	0
C	Marios	25	162	13	1	33____	109212	1	0	0	0	0	1	0	0	0	0	0
C	Marios	25	162	13	1	33____	109238	1	0	0	0	0	0	0	0	0	1	0
C	Marios	25	162	13	1	33____	109292	1	0	0	0	0	1	0	0	0	0	0
C	Marios	25	162	13	1	33____	109323	1	0	0	0	0	0	0	0	0	1	0
C	Marios	25	162	13	1	33____	111250	1	2	0	0	0	0	0	0	0	0	0
C	Marios	25	162	13	1	33____	111613	2	0	0	0	0	1	0	0	0	0	0
C	Marios	25	162	13	1	33____	111750	2	7	0	0	0	0	0	0	0	0	0
C	Marios	25	162	13	1	33____	111825	7	0	0	0	0	0	0	0	0	1	0
C	Marios	25	162	13	1	33____	111865	7	0	0	0	0	1	0	0	0	0	0
C	Marios	25	162	13	1	33____	111879	7	0	0	0	0	0	0	0	0	1	0
C	Marios	25	162	13	1	33____	111899	7	0	0	0	0	1	0	0	0	0	0
C	Marios	25	162	13	1	33____	112002	7	0	0	0	0	0	0	0	0	1	0
C	Marios	25	162	13	1	33____	112027	7	0	0	0	0	1	0	0	0	0	0
C	Marios	25	162	13	1	33____	112137	7	0	0	0	0	0	0	0	0	1	0
C	Marios	25	162	13	1	33____	112181	7	0	0	0	0	1	0	0	0	0	0
C	Marios	25	162	13	1	33____	112230	7	0	0	0	0	0	0	0	0	1	0
C	Marios	25	162	13	1	33____	112248	7	0	0	0	0	1	0	0	0	0	0
C	Marios	25	162	13	1	33____	112250	7	10	0	0	0	0	0	0	0	0	0
C	Marios	25	162	13	1	33____	112551	10	0	0	0	0	0	0	0	0	1	0
C	Marios	25	162	13	1	33____	112566	10	0	0	0	0	1	0	0	0	0	0
C	Marios	25	162	13	1	33____	112573	10	0	0	0	0	0	0	0	0	1	0
C	Marios	25	162	13	1	33____	112574	10	0	0	0	0	1	0	0	0	0	0
C	Marios	25	162	13	1	33____	112647	10	0	0	0	0	0	0	0	0	1	0
C	Marios	25	162	13	1	33____	112649	10	0	0	0	0	1	0	0	0	0	0
C	Marios	25	162	13	1	33____	112655	10	0	0	0	0	0	0	0	0	1	0
C	Marios	25	162	13	1	33____	112669	10	0	0	0	0	1	0	0	0	0	0
C	Marios	25	162	13	1	33____	112703	10	0	0	0	0	0	0	0	0	1	0
C	Marios	25	162	13	1	33____	112742	10	0	0	0	0	1	0	0	0	0	0
C	Marios	25	162	13	1	33____	112750	10	1	0	0	0	0	0	0	0	0	0
C	Marios	25	162	13	1	33____	112807	1	0	0	0	0	0	0	0	0	1	0
C	Marios	25	162	13	1	33____	113588	1	0	0	0	0	1	0	0	0	0	0
C	Marios	25	162	13	1	33____	113591	1	0	0	0	0	0	0	0	0	1	0
C	Marios	25	162	13	1	33____	113596	1	0	0	0	0	1	0	0	0	0	0
C	Marios	25	162	13	1	33____	113616	1	0	0	0	0	0	0	0	0	1	0
C	Marios	25	162	13	1	33____	115619	1	0	0	0	0	1	0	0	0	0	0
C	Marios	25	162	13	1	33____	115634	1	0	0	0	0	0	0	0	0	1	0
C	Marios	25	162	13	1	33____	115759	1	0	0	0	0	1	0	0	0	0	0
C	Marios	25	162	13	1	33____	115835	1	0	0	0	0	0	0	0	0	1	0
C	Marios	25	162	13	1	33____	116250	1	2	0	0	0	0	0	0	0	0	0
C	Marios	25	162	13	1	33____	116612	2	0	0	0	0	1	0	0	0	0	0
C	Marios	25	162	13	1	33____	116614	2	0	0	0	0	0	0	0	0	1	0
C	Marios	25	162	13	1	33____	116750	2	17	0	0	0	0	0	0	0	0	0
C	Marios	25	162	13	1	33____	116812	17	0	0	0	0	1	0	0	0	0	0
C	Marios	25	162	13	1	33____	116914	17	0	0	0	0	0	0	0	0	1	0
C	Marios	25	162	13	1	33____	116966	17	0	0	0	0	1	0	0	0	0	0
C	Marios	25	162	13	1	33____	116975	17	0	0	0	0	0	0	0	0	1	0
C	Marios	25	162	13	1	33____	117250	17	15	0	0	0	0	0	0	0	0	0
C	Marios	25	162	13	1	33____	117750	15	1	0	0	0	0	0	0	0	0	0
C	Marios	25	162	13	1	33____	118534	1	0	0	0	0	1	0	0	0	0	0
C	Marios	25	162	13	1	33____	118640	1	0	0	0	0	0	0	0	0	1	0
C	Marios	25	162	13	1	33____	120556	1	0	0	0	0	1	0	0	0	0	0
C	Marios	25	162	13	1	33____	120879	1	0	0	0	0	0	0	0	0	1	0
C	Marios	25	162	13	1	33____	121439	1	0	0	0	0	1	0	0	0	0	0
C	Marios	25	162	13	1	33____	121557	1	0	0	0	0	0	0	0	0	1	0
C	Marios	25	162	13	1	33____	122122	1	0	0	0	0	1	0	0	0	0	0
C	Marios	25	162	13	1	33____	122177	1	0	0	0	0	0	0	0	0	1	0
C	Marios	25	162	13	1	33____	122250	1	2	0	0	0	0	0	0	0	0	0
C	Marios	25	162	13	1	33____	122750	2	7	0	0	0	0	0	0	0	0	0
C	Marios	25	162	13	1	33____	122778	7	0	0	0	0	1	0	0	0	0	0
C	Marios	25	162	13	1	33____	122915	7	0	0	0	0	0	0	0	0	1	0
C	Marios	25	162	13	1	33____	122979	7	0	0	0	0	1	0	0	0	0	0
C	Marios	25	162	13	1	33____	123003	7	0	0	0	0	0	0	0	0	1	0
C	Marios	25	162	13	1	33____	123008	7	0	0	0	0	1	0	0	0	0	0
C	Marios	25	162	13	1	33____	123067	7	0	0	0	0	0	0	0	0	1	0
C	Marios	25	162	13	1	33____	123103	7	0	0	0	0	1	0	0	0	0	0
C	Marios	25	162	13	1	33____	123131	7	0	0	0	0	1	0	0	0	1	0
C	Marios	25	162	13	1	33____	123136	7	0	0	0	0	0	0	0	0	1	0
C	Marios	25	162	13	1	33____	123142	7	0	0	0	0	1	0	0	0	0	0
C	Marios	25	162	13	1	33____	123206	7	0	0	0	0	0	0	0	0	1	0
C	Marios	25	162	13	1	33____	123250	7	10	0	0	0	0	0	0	0	0	0
C	Marios	25	162	13	1	33____	123273	10	0	0	0	0	1	0	0	0	0	0
C	Marios	25	162	13	1	33____	123532	10	0	0	0	0	0	0	0	0	1	0
C	Marios	25	162	13	1	33____	123533	10	0	0	0	0	1	0	0	0	0	0
C	Marios	25	162	13	1	33____	123579	10	0	0	0	0	0	0	0	0	1	0
C	Marios	25	162	13	1	33____	123585	10	0	0	0	0	1	0	0	0	0	0
C	Marios	25	162	13	1	33____	123609	10	0	0	0	0	0	0	0	0	1	0
C	Marios	25	162	13	1	33____	123615	10	0	0	0	0	1	0	0	0	0	0
C	Marios	25	162	13	1	33____	123618	10	0	0	0	0	0	0	0	0	1	0
C	Marios	25	162	13	1	33____	123619	10	0	0	0	0	1	0	0	0	0	0
C	Marios	25	162	13	1	33____	123661	10	0	0	0	0	0	0	0	0	1	0
C	Marios	25	162	13	1	33____	123750	10	1	0	0	0	0	0	0	0	0	0
C	Marios	25	162	13	1	33____	123904	1	0	0	0	0	1	0	0	0	0	0
C	Marios	25	162	13	1	33____	123907	1	0	0	0	0	0	0	0	0	1	0
C	Marios	25	162	13	1	33____	127323	1	0	0	0	0	1	0	0	0	0	0
C	Marios	25	162	13	1	33____	127337	1	0	0	0	0	0	0	0	0	1	0
C	Marios	25	162	13	1	33____	129750	1	2	0	0	0	0	0	0	0	0	0
C	Marios	25	162	13	1	33____	130250	2	16	0	0	0	0	0	0	0	0	0
C	Marios	25	162	13	1	33____	130304	16	0	0	0	0	1	0	0	0	0	0
C	Marios	25	162	13	1	33____	130349	16	0	0	0	0	0	0	0	0	1	0
C	Marios	25	162	13	1	33____	130378	16	0	0	0	0	1	0	0	0	0	0
C	Marios	25	162	13	1	33____	130446	16	0	0	0	0	0	0	0	0	1	0
C	Marios	25	162	13	1	33____	130750	16	15	0	0	0	0	0	0	0	0	0
C	Marios	25	162	13	1	33____	131250	15	1	0	0	0	0	0	0	0	0	0
C	Marios	25	162	13	1	33____	134250	1	2	0	0	0	0	0	0	0	0	0
C	Marios	25	162	13	1	33____	134750	2	16	0	0	0	0	0	0	0	0	0
C	Marios	25	162	13	1	33____	135250	16	15	0	0	0	0	0	0	0	0	0
C	Marios	25	162	13	1	33____	135637	15	0	0	0	0	1	0	0	0	0	0
C	Marios	25	162	13	1	33____	135639	15	0	0	0	0	1	0	0	0	1	0
C	Marios	25	162	13	1	33____	135653	15	0	0	0	0	0	0	0	0	1	0
C	Marios	25	162	13	1	33____	135750	15	1	0	0	0	0	0	0	0	0	0
C	Marios	25	162	13	1	33____	136712	1	0	0	0	0	1	0	0	0	0	0
C	Marios	25	162	13	1	33____	136888	1	0	0	0	0	0	0	0	0	1	0
C	Marios	25	162	13	1	33____	137088	1	0	0	0	0	1	0	0	0	0	0
C	Marios	25	162	13	1	33____	137090	1	0	0	0	0	0	0	0	0	1	0
C	Marios	25	162	13	1	33____	137121	1	0	0	0	0	1	0	0	0	0	0
C	Marios	25	162	13	1	33____	137175	1	0	0	0	0	0	0	0	0	1	0
C	Marios	25	162	13	1	33____	138485	1	0	0	0	0	1	0	0	0	0	0
C	Marios	25	162	13	1	33____	138528	1	0	0	0	0	0	0	0	0	1	0
C	Marios	25	162	13	1	33____	139046	1	0	0	0	0	1	0	0	0	0	0
C	Marios	25	162	13	1	33____	139297	1	0	0	0	0	0	0	0	0	1	0
C	Marios	25	162	13	1	33____	139500	1	2	0	0	0	0	0	0	0	0	0
C	Marios	25	162	13	1	33____	140000	2	6	0	0	0	0	0	0	0	0	0
C	Marios	25	162	13	1	33____	140035	6	0	0	0	0	1	0	0	0	0	0
C	Marios	25	162	13	1	33____	140228	6	0	0	0	0	0	0	0	0	1	0
C	Marios	25	162	13	1	33____	140267	6	0	0	0	0	1	0	0	0	0	0
C	Marios	25	162	13	1	33____	140492	6	0	0	0	0	0	0	0	0	1	0
C	Marios	25	162	13	1	33____	140500	6	11	0	0	0	0	0	0	0	0	0
C	Marios	25	162	13	1	33____	140521	11	0	0	0	0	1	0	0	0	0	0
C	Marios	25	162	13	1	33____	140750	11	0	0	0	0	1	0	0	0	1	0
C	Marios	25	162	13	1	33____	140756	11	0	0	0	0	0	0	0	0	1	0
C	Marios	25	162	13	1	33____	140758	11	0	0	0	0	1	0	0	0	0	0
C	Marios	25	162	13	1	33____	140782	11	0	0	0	0	0	0	0	0	1	0
C	Marios	25	162	13	1	33____	140784	11	0	0	0	0	1	0	0	0	0	0
C	Marios	25	162	13	1	33____	140790	11	0	0	0	0	0	0	0	0	1	0
C	Marios	25	162	13	1	33____	140814	11	0	0	0	0	1	0	0	0	0	0
C	Marios	25	162	13	1	33____	140816	11	0	0	0	0	0	0	0	0	1	0
C	Marios	25	162	13	1	33____	140818	11	0	0	0	0	1	0	0	0	0	0
C	Marios	25	162	13	1	33____	140834	11	0	0	0	0	0	0	0	0	1	0
C	Marios	25	162	13	1	33____	140838	11	0	0	0	0	1	0	0	0	0	0
C	Marios	25	162	13	1	33____	140840	11	0	0	0	0	1	0	0	0	1	0
C	Marios	25	162	13	1	33____	140842	11	0	0	0	0	0	0	0	0	1	0
C	Marios	25	162	13	1	33____	140845	11	0	0	0	0	1	0	0	0	0	0
C	Marios	25	162	13	1	33____	140872	11	0	0	0	0	0	0	0	0	1	0
C	Marios	25	162	13	1	33____	140927	11	0	0	0	0	1	0	0	0	0	0
C	Marios	25	162	13	1	33____	140929	11	0	0	0	0	0	0	0	0	1	0
C	Marios	25	162	13	1	33____	140932	11	0	0	0	0	1	0	0	0	0	0
C	Marios	25	162	13	1	33____	140940	11	0	0	0	0	0	0	0	0	1	0
C	Marios	25	162	13	1	33____	140943	11	0	0	0	0	1	0	0	0	0	0
C	Marios	25	162	13	1	33____	140980	11	0	0	0	0	0	0	0	0	1	0
C	Marios	25	162	13	1	33____	140982	11	0	0	0	0	1	0	0	0	0	0
C	Marios	25	162	13	1	33____	140986	11	0	0	0	0	0	0	0	0	1	0
C	Marios	25	162	13	1	33____	140988	11	0	0	0	0	1	0	0	0	0	0
C	Marios	25	162	13	1	33____	141000	11	1	0	0	0	0	0	0	0	0	0
C	Marios	25	162	13	1	33____	141005	1	0	0	0	0	0	0	0	0	1	0
C	Marios	25	162	13	1	33____	142108	1	0	0	0	0	1	0	0	0	0	0
C	Marios	25	162	13	1	33____	142114	1	0	0	0	0	0	0	0	0	1	0
C	Marios	25	162	13	1	33____	142500	1	2	0	0	0	0	0	0	0	0	0
C	Marios	25	162	13	1	33____	143000	2	17	0	0	0	0	0	0	0	0	0
C	Marios	25	162	13	1	33____	143108	17	0	0	0	0	1	0	0	0	0	0
C	Marios	25	162	13	1	33____	143184	17	0	0	0	0	0	0	0	0	1	0
C	Marios	25	162	13	1	33____	143355	17	0	0	0	0	1	0	0	0	0	0
C	Marios	25	162	13	1	33____	143458	17	0	0	0	0	0	0	0	0	1	0
C	Marios	25	162	13	1	33____	143500	17	15	0	0	0	0	0	0	0	0	0
C	Marios	25	162	13	1	33____	143520	15	0	0	0	0	1	0	0	0	0	0
C	Marios	25	162	13	1	33____	143622	15	0	0	0	0	0	0	0	0	1	0
C	Marios	25	162	13	1	33____	143726	15	0	0	0	0	1	0	0	0	0	0
C	Marios	25	162	13	1	33____	143734	15	0	0	0	0	0	0	0	0	1	0
C	Marios	25	162	13	1	33____	143846	15	0	0	0	0	1	0	0	0	0	0
C	Marios	25	162	13	1	33____	143870	15	0	0	0	0	0	0	0	0	1	0
C	Marios	25	162	13	1	33____	143878	15	0	0	0	0	1	0	0	0	0	0
C	Marios	25	162	13	1	33____	143931	15	0	0	0	0	0	0	0	0	1	0
C	Marios	25	162	13	1	33____	144000	15	14	0	0	0	0	0	0	0	0	0
C	Marios	25	162	13	1	33____	147000	14	-1	0	0	0	0	0	0	0	0	0
