Project	UserID	Protocol	Session	Station	Run	Subject	Time	Current State	Transition State	Transition Event	A1 - LLR	A2 - RLR	A3 - MAG	A4 - 	A[1] LLR_OFF	A[2] RLR_OFF	A[3] MAG_OFF	A[4] 
C	Marios	22	161	2	1	3_____	0	0	1	0	0	0	0	0	0	0	0	0
C	Marios	22	161	2	1	3_____	359	1	0	0	0	0	1	0	0	0	0	0
C	Marios	22	161	2	1	3_____	363	1	0	0	0	0	0	0	0	0	1	0
C	Marios	22	161	2	1	3_____	2773	1	0	0	0	0	1	0	0	0	0	0
C	Marios	22	161	2	1	3_____	2793	1	0	0	0	0	0	0	0	0	1	0
C	Marios	22	161	2	1	3_____	3000	1	2	0	0	0	0	0	0	0	0	0
C	Marios	22	161	2	1	3_____	3500	2	7	0	0	0	0	0	0	0	0	0
C	Marios	22	161	2	1	3_____	3566	7	0	0	0	0	1	0	0	0	0	0
C	Marios	22	161	2	1	3_____	3582	7	0	0	0	0	0	0	0	0	1	0
C	Marios	22	161	2	1	3_____	3779	7	0	0	0	0	1	0	0	0	0	0
C	Marios	22	161	2	1	3_____	3846	7	0	0	0	0	0	0	0	0	1	0
C	Marios	22	161	2	1	3_____	3888	7	0	0	0	0	1	0	0	0	0	0
C	Marios	22	161	2	1	3_____	3953	7	0	0	0	0	0	0	0	0	1	0
C	Marios	22	161	2	1	3_____	4000	7	10	0	0	0	0	0	0	0	0	0
C	Marios	22	161	2	1	3_____	4070	10	0	0	0	0	1	0	0	0	0	0
C	Marios	22	161	2	1	3_____	4187	10	0	0	0	0	0	0	0	0	1	0
C	Marios	22	161	2	1	3_____	4498	10	0	0	0	0	1	0	0	0	0	0
C	Marios	22	161	2	1	3_____	4500	10	1	0	0	0	0	0	0	0	0	0
C	Marios	22	161	2	1	3_____	4508	1	0	0	0	0	0	0	0	0	1	0
C	Marios	22	161	2	1	3_____	6784	1	0	0	0	0	1	0	0	0	0	0
C	Marios	22	161	2	1	3_____	6789	1	0	0	0	0	0	0	0	0	1	0
C	Marios	22	161	2	1	3_____	7039	1	0	0	0	0	1	0	0	0	0	0
C	Marios	22	161	2	1	3_____	7064	1	0	0	0	0	0	0	0	0	1	0
C	Marios	22	161	2	1	3_____	7068	1	0	0	0	0	1	0	0	0	0	0
C	Marios	22	161	2	1	3_____	7112	1	0	0	0	0	0	0	0	0	1	0
C	Marios	22	161	2	1	3_____	7114	1	0	0	0	0	1	0	0	0	0	0
C	Marios	22	161	2	1	3_____	7117	1	0	0	0	0	0	0	0	0	1	0
C	Marios	22	161	2	1	3_____	8031	1	0	0	0	0	1	0	0	0	0	0
C	Marios	22	161	2	1	3_____	8055	1	0	0	0	0	0	0	0	0	1	0
C	Marios	22	161	2	1	3_____	10237	1	0	0	0	0	1	0	0	0	0	0
C	Marios	22	161	2	1	3_____	10240	1	0	0	0	0	0	0	0	0	1	0
C	Marios	22	161	2	1	3_____	10251	1	0	0	0	0	1	0	0	0	0	0
C	Marios	22	161	2	1	3_____	10255	1	0	0	0	0	0	0	0	0	1	0
C	Marios	22	161	2	1	3_____	10785	1	0	0	0	0	1	0	0	0	0	0
C	Marios	22	161	2	1	3_____	10798	1	0	0	0	0	0	0	0	0	1	0
C	Marios	22	161	2	1	3_____	11250	1	2	0	0	0	0	0	0	0	0	0
C	Marios	22	161	2	1	3_____	11750	2	12	0	0	0	0	0	0	0	0	0
C	Marios	22	161	2	1	3_____	11851	12	0	0	0	0	1	0	0	0	0	0
C	Marios	22	161	2	1	3_____	11889	12	0	0	0	0	0	0	0	0	1	0
C	Marios	22	161	2	1	3_____	11961	12	0	0	0	0	1	0	0	0	0	0
C	Marios	22	161	2	1	3_____	12025	12	0	0	0	0	0	0	0	0	1	0
C	Marios	22	161	2	1	3_____	12250	12	15	0	0	0	0	0	0	0	0	0
C	Marios	22	161	2	1	3_____	12750	15	1	0	0	0	0	0	0	0	0	0
C	Marios	22	161	2	1	3_____	14250	1	2	0	0	0	0	0	0	0	0	0
C	Marios	22	161	2	1	3_____	14750	2	13	0	0	0	0	0	0	0	0	0
C	Marios	22	161	2	1	3_____	15250	13	15	0	0	0	0	0	0	0	0	0
C	Marios	22	161	2	1	3_____	15750	15	1	0	0	0	0	0	0	0	0	0
C	Marios	22	161	2	1	3_____	15859	1	0	0	0	0	1	0	0	0	0	0
C	Marios	22	161	2	1	3_____	15881	1	0	0	0	0	0	0	0	0	1	0
C	Marios	22	161	2	1	3_____	19333	1	0	0	0	0	1	0	0	0	0	0
C	Marios	22	161	2	1	3_____	19362	1	0	0	0	0	0	0	0	0	1	0
C	Marios	22	161	2	1	3_____	19422	1	0	0	0	0	1	0	0	0	0	0
C	Marios	22	161	2	1	3_____	19442	1	0	0	0	0	0	0	0	0	1	0
C	Marios	22	161	2	1	3_____	19473	1	0	0	0	0	1	0	0	0	0	0
C	Marios	22	161	2	1	3_____	19579	1	0	0	0	0	0	0	0	0	1	0
C	Marios	22	161	2	1	3_____	19582	1	0	0	0	0	1	0	0	0	0	0
C	Marios	22	161	2	1	3_____	19591	1	0	0	0	0	0	0	0	0	1	0
C	Marios	22	161	2	1	3_____	19631	1	0	0	0	0	1	0	0	0	0	0
C	Marios	22	161	2	1	3_____	19643	1	0	0	0	0	0	0	0	0	1	0
C	Marios	22	161	2	1	3_____	19645	1	0	0	0	0	1	0	0	0	0	0
C	Marios	22	161	2	1	3_____	19678	1	0	0	0	0	0	0	0	0	1	0
C	Marios	22	161	2	1	3_____	19680	1	0	0	0	0	1	0	0	0	0	0
C	Marios	22	161	2	1	3_____	19683	1	0	0	0	0	0	0	0	0	1	0
C	Marios	22	161	2	1	3_____	21141	1	0	0	0	0	1	0	0	0	0	0
C	Marios	22	161	2	1	3_____	21144	1	0	0	0	0	0	0	0	0	1	0
C	Marios	22	161	2	1	3_____	21750	1	2	0	0	0	0	0	0	0	0	0
C	Marios	22	161	2	1	3_____	22250	2	13	0	0	0	0	0	0	0	0	0
C	Marios	22	161	2	1	3_____	22750	13	15	0	0	0	0	0	0	0	0	0
C	Marios	22	161	2	1	3_____	23250	15	1	0	0	0	0	0	0	0	0	0
C	Marios	22	161	2	1	3_____	28500	1	2	0	0	0	0	0	0	0	0	0
C	Marios	22	161	2	1	3_____	28911	2	0	0	0	0	1	0	0	0	0	0
C	Marios	22	161	2	1	3_____	28966	2	0	0	0	0	1	0	0	0	1	0
C	Marios	22	161	2	1	3_____	28970	2	0	0	0	0	0	0	0	0	1	0
C	Marios	22	161	2	1	3_____	28971	2	0	0	0	0	1	0	0	0	0	0
C	Marios	22	161	2	1	3_____	28977	2	0	0	0	0	0	0	0	0	1	0
C	Marios	22	161	2	1	3_____	29000	2	6	0	0	0	0	0	0	0	0	0
C	Marios	22	161	2	1	3_____	29077	6	0	0	0	0	1	0	0	0	0	0
C	Marios	22	161	2	1	3_____	29116	6	0	0	0	0	0	0	0	0	1	0
C	Marios	22	161	2	1	3_____	29213	6	0	0	0	0	1	0	0	0	0	0
C	Marios	22	161	2	1	3_____	29254	6	0	0	0	0	0	0	0	0	1	0
C	Marios	22	161	2	1	3_____	29424	6	0	0	0	0	1	0	0	0	0	0
C	Marios	22	161	2	1	3_____	29500	6	11	0	0	0	0	0	0	0	0	0
C	Marios	22	161	2	1	3_____	29737	11	0	0	0	0	0	0	0	0	1	0
C	Marios	22	161	2	1	3_____	30000	11	1	0	0	0	0	0	0	0	0	0
C	Marios	22	161	2	1	3_____	30025	1	0	0	0	0	1	0	0	0	0	0
C	Marios	22	161	2	1	3_____	30189	1	0	0	0	0	0	0	0	0	1	0
C	Marios	22	161	2	1	3_____	34549	1	0	0	0	0	1	0	0	0	0	0
C	Marios	22	161	2	1	3_____	34613	1	0	0	0	0	0	0	0	0	1	0
C	Marios	22	161	2	1	3_____	35500	1	2	0	0	0	0	0	0	0	0	0
C	Marios	22	161	2	1	3_____	36000	2	12	0	0	0	0	0	0	0	0	0
C	Marios	22	161	2	1	3_____	36129	12	0	0	0	0	1	0	0	0	0	0
C	Marios	22	161	2	1	3_____	36187	12	0	0	0	0	0	0	0	0	1	0
C	Marios	22	161	2	1	3_____	36500	12	15	0	0	0	0	0	0	0	0	0
C	Marios	22	161	2	1	3_____	36748	15	0	0	0	0	1	0	0	0	0	0
C	Marios	22	161	2	1	3_____	36830	15	0	0	0	0	0	0	0	0	1	0
C	Marios	22	161	2	1	3_____	37000	15	1	0	0	0	0	0	0	0	0	0
C	Marios	22	161	2	1	3_____	37006	1	0	0	0	0	1	0	0	0	0	0
C	Marios	22	161	2	1	3_____	37097	1	0	0	0	0	0	0	0	0	1	0
C	Marios	22	161	2	1	3_____	39250	1	2	0	0	0	0	0	0	0	0	0
C	Marios	22	161	2	1	3_____	39750	2	7	0	0	0	0	0	0	0	0	0
C	Marios	22	161	2	1	3_____	39906	7	0	0	0	0	1	0	0	0	0	0
C	Marios	22	161	2	1	3_____	39977	7	0	0	0	0	0	0	0	0	1	0
C	Marios	22	161	2	1	3_____	40128	7	0	0	0	0	1	0	0	0	0	0
C	Marios	22	161	2	1	3_____	40208	7	0	0	0	0	0	0	0	0	1	0
C	Marios	22	161	2	1	3_____	40250	7	10	0	0	0	0	0	0	0	0	0
C	Marios	22	161	2	1	3_____	40302	10	0	0	0	0	1	0	0	0	0	0
C	Marios	22	161	2	1	3_____	40573	10	0	0	0	0	0	0	0	0	1	0
C	Marios	22	161	2	1	3_____	40750	10	1	0	0	0	0	0	0	0	0	0
C	Marios	22	161	2	1	3_____	40856	1	0	0	0	0	1	0	0	0	0	0
C	Marios	22	161	2	1	3_____	41065	1	0	0	0	0	0	0	0	0	1	0
C	Marios	22	161	2	1	3_____	41066	1	0	0	0	0	1	0	0	0	0	0
C	Marios	22	161	2	1	3_____	41217	1	0	0	0	0	0	0	0	0	1	0
C	Marios	22	161	2	1	3_____	41581	1	0	0	0	0	1	0	0	0	0	0
C	Marios	22	161	2	1	3_____	41911	1	0	0	0	0	0	0	0	0	1	0
C	Marios	22	161	2	1	3_____	41913	1	0	0	0	0	1	0	0	0	0	0
C	Marios	22	161	2	1	3_____	41918	1	0	0	0	0	0	0	0	0	1	0
C	Marios	22	161	2	1	3_____	41926	1	0	0	0	0	1	0	0	0	0	0
C	Marios	22	161	2	1	3_____	41984	1	0	0	0	0	0	0	0	0	1	0
C	Marios	22	161	2	1	3_____	41986	1	0	0	0	0	1	0	0	0	0	0
C	Marios	22	161	2	1	3_____	42574	1	0	0	0	0	0	0	0	0	1	0
C	Marios	22	161	2	1	3_____	42729	1	0	0	0	0	1	0	0	0	0	0
C	Marios	22	161	2	1	3_____	42960	1	0	0	0	0	0	0	0	0	1	0
C	Marios	22	161	2	1	3_____	43918	1	0	0	0	0	1	0	0	0	0	0
C	Marios	22	161	2	1	3_____	44129	1	0	0	0	0	0	0	0	0	1	0
C	Marios	22	161	2	1	3_____	45250	1	2	0	0	0	0	0	0	0	0	0
C	Marios	22	161	2	1	3_____	45750	2	13	0	0	0	0	0	0	0	0	0
C	Marios	22	161	2	1	3_____	45799	13	0	0	0	0	1	0	0	0	0	0
C	Marios	22	161	2	1	3_____	45911	13	0	0	0	0	0	0	0	0	1	0
C	Marios	22	161	2	1	3_____	46250	13	15	0	0	0	0	0	0	0	0	0
C	Marios	22	161	2	1	3_____	46340	15	0	0	0	0	1	0	0	0	0	0
C	Marios	22	161	2	1	3_____	46436	15	0	0	0	0	0	0	0	0	1	0
C	Marios	22	161	2	1	3_____	46710	15	0	0	0	0	1	0	0	0	0	0
C	Marios	22	161	2	1	3_____	46750	15	1	0	0	0	0	0	0	0	0	0
C	Marios	22	161	2	1	3_____	47084	1	0	0	0	0	0	0	0	0	1	0
C	Marios	22	161	2	1	3_____	47504	1	0	0	0	0	1	0	0	0	0	0
C	Marios	22	161	2	1	3_____	47613	1	0	0	0	0	0	0	0	0	1	0
C	Marios	22	161	2	1	3_____	50442	1	0	0	0	0	1	0	0	0	0	0
C	Marios	22	161	2	1	3_____	50507	1	0	0	0	0	0	0	0	0	1	0
C	Marios	22	161	2	1	3_____	50697	1	0	0	0	0	1	0	0	0	0	0
C	Marios	22	161	2	1	3_____	50754	1	0	0	0	0	0	0	0	0	1	0
C	Marios	22	161	2	1	3_____	53019	1	0	0	0	0	1	0	0	0	0	0
C	Marios	22	161	2	1	3_____	53501	1	0	0	0	0	0	0	0	0	1	0
C	Marios	22	161	2	1	3_____	54250	1	2	0	0	0	0	0	0	0	0	0
C	Marios	22	161	2	1	3_____	54750	2	6	0	0	0	0	0	0	0	0	0
C	Marios	22	161	2	1	3_____	54822	6	0	0	0	0	1	0	0	0	0	0
C	Marios	22	161	2	1	3_____	54903	6	0	0	0	0	0	0	0	0	1	0
C	Marios	22	161	2	1	3_____	54949	6	0	0	0	0	1	0	0	0	0	0
C	Marios	22	161	2	1	3_____	55048	6	0	0	0	0	0	0	0	0	1	0
C	Marios	22	161	2	1	3_____	55246	6	0	0	0	0	1	0	0	0	0	0
C	Marios	22	161	2	1	3_____	55250	6	11	0	0	0	0	0	0	0	0	0
C	Marios	22	161	2	1	3_____	55654	11	0	0	0	0	0	0	0	0	1	0
C	Marios	22	161	2	1	3_____	55670	11	0	0	0	0	1	0	0	0	0	0
C	Marios	22	161	2	1	3_____	55672	11	0	0	0	0	0	0	0	0	1	0
C	Marios	22	161	2	1	3_____	55675	11	0	0	0	0	1	0	0	0	0	0
C	Marios	22	161	2	1	3_____	55677	11	0	0	0	0	1	0	0	0	1	0
C	Marios	22	161	2	1	3_____	55679	11	0	0	0	0	0	0	0	0	1	0
C	Marios	22	161	2	1	3_____	55682	11	0	0	0	0	1	0	0	0	0	0
C	Marios	22	161	2	1	3_____	55686	11	0	0	0	0	0	0	0	0	1	0
C	Marios	22	161	2	1	3_____	55688	11	0	0	0	0	1	0	0	0	0	0
C	Marios	22	161	2	1	3_____	55692	11	0	0	0	0	0	0	0	0	1	0
C	Marios	22	161	2	1	3_____	55694	11	0	0	0	0	1	0	0	0	0	0
C	Marios	22	161	2	1	3_____	55714	11	0	0	0	0	0	0	0	0	1	0
C	Marios	22	161	2	1	3_____	55718	11	0	0	0	0	1	0	0	0	0	0
C	Marios	22	161	2	1	3_____	55721	11	0	0	0	0	0	0	0	0	1	0
C	Marios	22	161	2	1	3_____	55723	11	0	0	0	0	1	0	0	0	0	0
C	Marios	22	161	2	1	3_____	55747	11	0	0	0	0	0	0	0	0	1	0
C	Marios	22	161	2	1	3_____	55750	11	1	0	0	0	0	0	0	0	0	0
C	Marios	22	161	2	1	3_____	55773	1	0	0	0	0	1	0	0	0	0	0
C	Marios	22	161	2	1	3_____	55796	1	0	0	0	0	0	0	0	0	1	0
C	Marios	22	161	2	1	3_____	55797	1	0	0	0	0	1	0	0	0	0	0
C	Marios	22	161	2	1	3_____	55811	1	0	0	0	0	0	0	0	0	1	0
C	Marios	22	161	2	1	3_____	55828	1	0	0	0	0	1	0	0	0	0	0
C	Marios	22	161	2	1	3_____	55837	1	0	0	0	0	0	0	0	0	1	0
C	Marios	22	161	2	1	3_____	55843	1	0	0	0	0	1	0	0	0	0	0
C	Marios	22	161	2	1	3_____	55846	1	0	0	0	0	0	0	0	0	1	0
C	Marios	22	161	2	1	3_____	55932	1	0	0	0	0	1	0	0	0	0	0
C	Marios	22	161	2	1	3_____	55935	1	0	0	0	0	0	0	0	0	1	0
C	Marios	22	161	2	1	3_____	55936	1	0	0	0	0	1	0	0	0	0	0
C	Marios	22	161	2	1	3_____	55940	1	0	0	0	0	0	0	0	0	1	0
C	Marios	22	161	2	1	3_____	55946	1	0	0	0	0	1	0	0	0	0	0
C	Marios	22	161	2	1	3_____	56089	1	0	0	0	0	0	0	0	0	1	0
C	Marios	22	161	2	1	3_____	57444	1	0	0	0	0	1	0	0	0	0	0
C	Marios	22	161	2	1	3_____	57786	1	0	0	0	0	0	0	0	0	1	0
C	Marios	22	161	2	1	3_____	58251	1	0	0	0	0	1	0	0	0	0	0
C	Marios	22	161	2	1	3_____	58366	1	0	0	0	0	1	0	0	0	1	0
C	Marios	22	161	2	1	3_____	58719	1	0	0	0	0	0	0	0	0	1	0
C	Marios	22	161	2	1	3_____	59245	1	0	0	0	0	1	0	0	0	0	0
C	Marios	22	161	2	1	3_____	59699	1	0	0	0	0	0	0	0	0	1	0
C	Marios	22	161	2	1	3_____	59806	1	0	0	0	0	1	0	0	0	0	0
C	Marios	22	161	2	1	3_____	59808	1	0	0	0	0	0	0	0	0	1	0
C	Marios	22	161	2	1	3_____	60250	1	2	0	0	0	0	0	0	0	0	0
C	Marios	22	161	2	1	3_____	60750	2	13	0	0	0	0	0	0	0	0	0
C	Marios	22	161	2	1	3_____	60985	13	0	0	0	0	1	0	0	0	0	0
C	Marios	22	161	2	1	3_____	61139	13	0	0	0	0	0	0	0	0	1	0
C	Marios	22	161	2	1	3_____	61250	13	15	0	0	0	0	0	0	0	0	0
C	Marios	22	161	2	1	3_____	61363	15	0	0	0	0	1	0	0	0	0	0
C	Marios	22	161	2	1	3_____	61750	15	1	0	0	0	0	0	0	0	0	0
C	Marios	22	161	2	1	3_____	61866	1	0	0	0	0	0	0	0	0	1	0
C	Marios	22	161	2	1	3_____	62035	1	0	0	0	0	1	0	0	0	0	0
C	Marios	22	161	2	1	3_____	62557	1	0	0	0	0	0	0	0	0	1	0
C	Marios	22	161	2	1	3_____	63402	1	0	0	0	0	1	0	0	0	0	0
C	Marios	22	161	2	1	3_____	63874	1	0	0	0	0	0	0	0	0	1	0
C	Marios	22	161	2	1	3_____	64110	1	0	0	0	0	1	0	0	0	0	0
C	Marios	22	161	2	1	3_____	64574	1	0	0	0	0	0	0	0	0	1	0
C	Marios	22	161	2	1	3_____	65223	1	0	0	0	0	1	0	0	0	0	0
C	Marios	22	161	2	1	3_____	65245	1	0	0	0	0	0	0	0	0	1	0
C	Marios	22	161	2	1	3_____	65319	1	0	0	0	0	1	0	0	0	0	0
C	Marios	22	161	2	1	3_____	65405	1	0	0	0	0	0	0	0	0	1	0
C	Marios	22	161	2	1	3_____	65500	1	2	0	0	0	0	0	0	0	0	0
C	Marios	22	161	2	1	3_____	66000	2	12	0	0	0	0	0	0	0	0	0
C	Marios	22	161	2	1	3_____	66145	12	0	0	0	0	1	0	0	0	0	0
C	Marios	22	161	2	1	3_____	66406	12	0	0	0	0	0	0	0	0	1	0
C	Marios	22	161	2	1	3_____	66500	12	15	0	0	0	0	0	0	0	0	0
C	Marios	22	161	2	1	3_____	66582	15	0	0	0	0	1	0	0	0	0	0
C	Marios	22	161	2	1	3_____	66973	15	0	0	0	0	0	0	0	0	1	0
C	Marios	22	161	2	1	3_____	67000	15	1	0	0	0	0	0	0	0	0	0
C	Marios	22	161	2	1	3_____	67279	1	0	0	0	0	1	0	0	0	0	0
C	Marios	22	161	2	1	3_____	67732	1	0	0	0	0	0	0	0	0	1	0
C	Marios	22	161	2	1	3_____	68540	1	0	0	0	0	1	0	0	0	0	0
C	Marios	22	161	2	1	3_____	68611	1	0	0	0	0	0	0	0	0	1	0
C	Marios	22	161	2	1	3_____	68790	1	0	0	0	0	1	0	0	0	0	0
C	Marios	22	161	2	1	3_____	69056	1	0	0	0	0	0	0	0	0	1	0
C	Marios	22	161	2	1	3_____	70017	1	0	0	0	0	1	0	0	0	0	0
C	Marios	22	161	2	1	3_____	70328	1	0	0	0	0	0	0	0	0	1	0
C	Marios	22	161	2	1	3_____	70500	1	2	0	0	0	0	0	0	0	0	0
C	Marios	22	161	2	1	3_____	70735	2	0	0	0	0	1	0	0	0	0	0
C	Marios	22	161	2	1	3_____	71000	2	12	0	0	0	0	0	0	0	0	0
C	Marios	22	161	2	1	3_____	71076	12	0	0	0	0	0	0	0	0	1	0
C	Marios	22	161	2	1	3_____	71161	12	0	0	0	0	1	0	0	0	0	0
C	Marios	22	161	2	1	3_____	71247	12	0	0	0	0	0	0	0	0	1	0
C	Marios	22	161	2	1	3_____	71314	12	0	0	0	0	1	0	0	0	0	0
C	Marios	22	161	2	1	3_____	71430	12	0	0	0	0	0	0	0	0	1	0
C	Marios	22	161	2	1	3_____	71500	12	15	0	0	0	0	0	0	0	0	0
C	Marios	22	161	2	1	3_____	71547	15	0	0	0	0	1	0	0	0	0	0
C	Marios	22	161	2	1	3_____	71631	15	0	0	0	0	0	0	0	0	1	0
C	Marios	22	161	2	1	3_____	72000	15	1	0	0	0	0	0	0	0	0	0
C	Marios	22	161	2	1	3_____	72021	1	0	0	0	0	1	0	0	0	0	0
C	Marios	22	161	2	1	3_____	72350	1	0	0	0	0	0	0	0	0	1	0
C	Marios	22	161	2	1	3_____	73500	1	2	0	0	0	0	0	0	0	0	0
C	Marios	22	161	2	1	3_____	74000	2	13	0	0	0	0	0	0	0	0	0
C	Marios	22	161	2	1	3_____	74253	13	0	0	0	0	1	0	0	0	0	0
C	Marios	22	161	2	1	3_____	74404	13	0	0	0	0	0	0	0	0	1	0
C	Marios	22	161	2	1	3_____	74500	13	15	0	0	0	0	0	0	0	0	0
C	Marios	22	161	2	1	3_____	74993	15	0	0	0	0	1	0	0	0	0	0
C	Marios	22	161	2	1	3_____	75000	15	1	0	0	0	0	0	0	0	0	0
C	Marios	22	161	2	1	3_____	75082	1	0	0	0	0	0	0	0	0	1	0
C	Marios	22	161	2	1	3_____	75119	1	0	0	0	0	1	0	0	0	0	0
C	Marios	22	161	2	1	3_____	75344	1	0	0	0	0	0	0	0	0	1	0
C	Marios	22	161	2	1	3_____	75345	1	0	0	0	0	1	0	0	0	0	0
C	Marios	22	161	2	1	3_____	75495	1	0	0	0	0	0	0	0	0	1	0
C	Marios	22	161	2	1	3_____	76166	1	0	0	0	0	1	0	0	0	0	0
C	Marios	22	161	2	1	3_____	76174	1	0	0	0	0	0	0	0	0	1	0
C	Marios	22	161	2	1	3_____	76194	1	0	0	0	0	1	0	0	0	0	0
C	Marios	22	161	2	1	3_____	76204	1	0	0	0	0	0	0	0	0	1	0
C	Marios	22	161	2	1	3_____	76206	1	0	0	0	0	1	0	0	0	0	0
C	Marios	22	161	2	1	3_____	76208	1	0	0	0	0	1	0	0	0	1	0
C	Marios	22	161	2	1	3_____	76422	1	0	0	0	0	0	0	0	0	1	0
C	Marios	22	161	2	1	3_____	76986	1	0	0	0	0	1	0	0	0	0	0
C	Marios	22	161	2	1	3_____	77010	1	0	0	0	0	0	0	0	0	1	0
C	Marios	22	161	2	1	3_____	77012	1	0	0	0	0	1	0	0	0	0	0
C	Marios	22	161	2	1	3_____	77022	1	0	0	0	0	0	0	0	0	1	0
C	Marios	22	161	2	1	3_____	77034	1	0	0	0	0	1	0	0	0	0	0
C	Marios	22	161	2	1	3_____	77036	1	0	0	0	0	0	0	0	0	1	0
C	Marios	22	161	2	1	3_____	77044	1	0	0	0	0	1	0	0	0	0	0
C	Marios	22	161	2	1	3_____	77046	1	0	0	0	0	0	0	0	0	1	0
C	Marios	22	161	2	1	3_____	77047	1	0	0	0	0	1	0	0	0	0	0
C	Marios	22	161	2	1	3_____	77050	1	0	0	0	0	0	0	0	0	1	0
C	Marios	22	161	2	1	3_____	77052	1	0	0	0	0	1	0	0	0	0	0
C	Marios	22	161	2	1	3_____	77055	1	0	0	0	0	0	0	0	0	1	0
C	Marios	22	161	2	1	3_____	77080	1	0	0	0	0	1	0	0	0	0	0
C	Marios	22	161	2	1	3_____	77082	1	0	0	0	0	0	0	0	0	1	0
C	Marios	22	161	2	1	3_____	77097	1	0	0	0	0	1	0	0	0	0	0
C	Marios	22	161	2	1	3_____	77107	1	0	0	0	0	0	0	0	0	1	0
C	Marios	22	161	2	1	3_____	77115	1	0	0	0	0	1	0	0	0	0	0
C	Marios	22	161	2	1	3_____	77326	1	0	0	0	0	0	0	0	0	1	0
C	Marios	22	161	2	1	3_____	77334	1	0	0	0	0	1	0	0	0	0	0
C	Marios	22	161	2	1	3_____	77464	1	0	0	0	0	0	0	0	0	1	0
C	Marios	22	161	2	1	3_____	79493	1	0	0	0	0	1	0	0	0	0	0
C	Marios	22	161	2	1	3_____	79498	1	0	0	0	0	0	0	0	0	1	0
C	Marios	22	161	2	1	3_____	79598	1	0	0	0	0	1	0	0	0	0	0
C	Marios	22	161	2	1	3_____	79653	1	0	0	0	0	0	0	0	0	1	0
C	Marios	22	161	2	1	3_____	80127	1	0	0	0	0	1	0	0	0	0	0
C	Marios	22	161	2	1	3_____	80593	1	0	0	0	0	0	0	0	0	1	0
C	Marios	22	161	2	1	3_____	81750	1	2	0	0	0	0	0	0	0	0	0
C	Marios	22	161	2	1	3_____	82250	2	7	0	0	0	0	0	0	0	0	0
C	Marios	22	161	2	1	3_____	82292	7	0	0	0	0	1	0	0	0	0	0
C	Marios	22	161	2	1	3_____	82509	7	0	0	0	0	0	0	0	0	1	0
C	Marios	22	161	2	1	3_____	82579	7	0	0	0	0	1	0	0	0	0	0
C	Marios	22	161	2	1	3_____	82664	7	0	0	0	0	0	0	0	0	1	0
C	Marios	22	161	2	1	3_____	82737	7	0	0	0	0	1	0	0	0	0	0
C	Marios	22	161	2	1	3_____	82750	7	10	0	0	0	0	0	0	0	0	0
C	Marios	22	161	2	1	3_____	83133	10	0	0	0	0	0	0	0	0	1	0
C	Marios	22	161	2	1	3_____	83250	10	1	0	0	0	0	0	0	0	0	0
C	Marios	22	161	2	1	3_____	83302	1	0	0	0	0	1	0	0	0	0	0
C	Marios	22	161	2	1	3_____	83598	1	0	0	0	0	0	0	0	0	1	0
C	Marios	22	161	2	1	3_____	84140	1	0	0	0	0	1	0	0	0	0	0
C	Marios	22	161	2	1	3_____	84176	1	0	0	0	0	0	0	0	0	1	0
C	Marios	22	161	2	1	3_____	84378	1	0	0	0	0	1	0	0	0	0	0
C	Marios	22	161	2	1	3_____	84412	1	0	0	0	0	0	0	0	0	1	0
C	Marios	22	161	2	1	3_____	86154	1	0	0	0	0	1	0	0	0	0	0
C	Marios	22	161	2	1	3_____	86182	1	0	0	0	0	0	0	0	0	1	0
C	Marios	22	161	2	1	3_____	86270	1	0	0	0	0	1	0	0	0	0	0
C	Marios	22	161	2	1	3_____	86320	1	0	0	0	0	0	0	0	0	1	0
C	Marios	22	161	2	1	3_____	87750	1	2	0	0	0	0	0	0	0	0	0
C	Marios	22	161	2	1	3_____	87932	2	0	0	0	0	1	0	0	0	0	0
C	Marios	22	161	2	1	3_____	88070	2	0	0	0	0	0	0	0	0	1	0
C	Marios	22	161	2	1	3_____	88250	2	13	0	0	0	0	0	0	0	0	0
C	Marios	22	161	2	1	3_____	88376	13	0	0	0	0	1	0	0	0	0	0
C	Marios	22	161	2	1	3_____	88494	13	0	0	0	0	0	0	0	0	1	0
C	Marios	22	161	2	1	3_____	88570	13	0	0	0	0	1	0	0	0	0	0
C	Marios	22	161	2	1	3_____	88750	13	15	0	0	0	0	0	0	0	0	0
C	Marios	22	161	2	1	3_____	88881	15	0	0	0	0	0	0	0	0	1	0
C	Marios	22	161	2	1	3_____	89250	15	1	0	0	0	0	0	0	0	0	0
C	Marios	22	161	2	1	3_____	91155	1	0	0	0	0	1	0	0	0	0	0
C	Marios	22	161	2	1	3_____	91159	1	0	0	0	0	0	0	0	0	1	0
C	Marios	22	161	2	1	3_____	91163	1	0	0	0	0	1	0	0	0	0	0
C	Marios	22	161	2	1	3_____	91203	1	0	0	0	0	0	0	0	0	1	0
C	Marios	22	161	2	1	3_____	91712	1	0	0	0	0	1	0	0	0	0	0
C	Marios	22	161	2	1	3_____	92455	1	0	0	0	0	0	0	0	0	1	0
C	Marios	22	161	2	1	3_____	92613	1	0	0	0	0	1	0	0	0	0	0
C	Marios	22	161	2	1	3_____	92715	1	0	0	0	0	0	0	0	0	1	0
C	Marios	22	161	2	1	3_____	92750	1	2	0	0	0	0	0	0	0	0	0
C	Marios	22	161	2	1	3_____	93250	2	12	0	0	0	0	0	0	0	0	0
C	Marios	22	161	2	1	3_____	93317	12	0	0	0	0	1	0	0	0	0	0
C	Marios	22	161	2	1	3_____	93478	12	0	0	0	0	0	0	0	0	1	0
C	Marios	22	161	2	1	3_____	93575	12	0	0	0	0	1	0	0	0	0	0
C	Marios	22	161	2	1	3_____	93699	12	0	0	0	0	0	0	0	0	1	0
C	Marios	22	161	2	1	3_____	93750	12	15	0	0	0	0	0	0	0	0	0
C	Marios	22	161	2	1	3_____	93960	15	0	0	0	0	1	0	0	0	0	0
C	Marios	22	161	2	1	3_____	94103	15	0	0	0	0	0	0	0	0	1	0
C	Marios	22	161	2	1	3_____	94250	15	1	0	0	0	0	0	0	0	0	0
C	Marios	22	161	2	1	3_____	96093	1	0	0	0	0	1	0	0	0	0	0
C	Marios	22	161	2	1	3_____	96542	1	0	0	0	0	0	0	0	0	1	0
C	Marios	22	161	2	1	3_____	96545	1	0	0	0	0	1	0	0	0	0	0
C	Marios	22	161	2	1	3_____	96587	1	0	0	0	0	0	0	0	0	1	0
C	Marios	22	161	2	1	3_____	96590	1	0	0	0	0	1	0	0	0	0	0
C	Marios	22	161	2	1	3_____	96887	1	0	0	0	0	0	0	0	0	1	0
C	Marios	22	161	2	1	3_____	97250	1	2	0	0	0	0	0	0	0	0	0
C	Marios	22	161	2	1	3_____	97266	2	0	0	0	0	1	0	0	0	0	0
C	Marios	22	161	2	1	3_____	97354	2	0	0	0	0	0	0	0	0	1	0
C	Marios	22	161	2	1	3_____	97750	2	12	0	0	0	0	0	0	0	0	0
C	Marios	22	161	2	1	3_____	97836	12	0	0	0	0	1	0	0	0	0	0
C	Marios	22	161	2	1	3_____	98212	12	0	0	0	0	0	0	0	0	1	0
C	Marios	22	161	2	1	3_____	98250	12	15	0	0	0	0	0	0	0	0	0
C	Marios	22	161	2	1	3_____	98532	15	0	0	0	0	1	0	0	0	0	0
C	Marios	22	161	2	1	3_____	98636	15	0	0	0	0	0	0	0	0	1	0
C	Marios	22	161	2	1	3_____	98638	15	0	0	0	0	1	0	0	0	0	0
C	Marios	22	161	2	1	3_____	98743	15	0	0	0	0	0	0	0	0	1	0
C	Marios	22	161	2	1	3_____	98744	15	0	0	0	0	1	0	0	0	0	0
C	Marios	22	161	2	1	3_____	98750	15	1	0	0	0	0	0	0	0	0	0
C	Marios	22	161	2	1	3_____	98802	1	0	0	0	0	1	0	0	0	1	0
C	Marios	22	161	2	1	3_____	98818	1	0	0	0	0	0	0	0	0	1	0
C	Marios	22	161	2	1	3_____	98820	1	0	0	0	0	1	0	0	0	0	0
C	Marios	22	161	2	1	3_____	98925	1	0	0	0	0	0	0	0	0	1	0
C	Marios	22	161	2	1	3_____	104088	1	0	0	0	0	1	0	0	0	0	0
C	Marios	22	161	2	1	3_____	104250	1	2	0	0	0	0	0	0	0	0	0
C	Marios	22	161	2	1	3_____	104307	2	0	0	0	0	0	0	0	0	1	0
C	Marios	22	161	2	1	3_____	104750	2	6	0	0	0	0	0	0	0	0	0
C	Marios	22	161	2	1	3_____	104801	6	0	0	0	0	1	0	0	0	0	0
C	Marios	22	161	2	1	3_____	104893	6	0	0	0	0	0	0	0	0	1	0
C	Marios	22	161	2	1	3_____	104959	6	0	0	0	0	1	0	0	0	0	0
C	Marios	22	161	2	1	3_____	105059	6	0	0	0	0	0	0	0	0	1	0
C	Marios	22	161	2	1	3_____	105140	6	0	0	0	0	1	0	0	0	0	0
C	Marios	22	161	2	1	3_____	105223	6	0	0	0	0	0	0	0	0	1	0
C	Marios	22	161	2	1	3_____	105250	6	11	0	0	0	0	0	0	0	0	0
C	Marios	22	161	2	1	3_____	105277	11	0	0	0	0	1	0	0	0	0	0
C	Marios	22	161	2	1	3_____	105667	11	0	0	0	0	0	0	0	0	1	0
C	Marios	22	161	2	1	3_____	105669	11	0	0	0	0	1	0	0	0	0	0
C	Marios	22	161	2	1	3_____	105675	11	0	0	0	0	0	0	0	0	1	0
C	Marios	22	161	2	1	3_____	105750	11	1	0	0	0	0	0	0	0	0	0
C	Marios	22	161	2	1	3_____	106176	1	0	0	0	0	1	0	0	0	0	0
C	Marios	22	161	2	1	3_____	106273	1	0	0	0	0	0	0	0	0	1	0
C	Marios	22	161	2	1	3_____	106285	1	0	0	0	0	1	0	0	0	0	0
C	Marios	22	161	2	1	3_____	106297	1	0	0	0	0	0	0	0	0	1	0
C	Marios	22	161	2	1	3_____	106299	1	0	0	0	0	1	0	0	0	0	0
C	Marios	22	161	2	1	3_____	106305	1	0	0	0	0	0	0	0	0	1	0
C	Marios	22	161	2	1	3_____	107183	1	0	0	0	0	1	0	0	0	0	0
C	Marios	22	161	2	1	3_____	107260	1	0	0	0	0	0	0	0	0	1	0
C	Marios	22	161	2	1	3_____	109815	1	0	0	0	0	1	0	0	0	0	0
C	Marios	22	161	2	1	3_____	109847	1	0	0	0	0	0	0	0	0	1	0
C	Marios	22	161	2	1	3_____	110543	1	0	0	0	0	1	0	0	0	0	0
C	Marios	22	161	2	1	3_____	110577	1	0	0	0	0	0	0	0	0	1	0
C	Marios	22	161	2	1	3_____	110581	1	0	0	0	0	1	0	0	0	0	0
C	Marios	22	161	2	1	3_____	110662	1	0	0	0	0	0	0	0	0	1	0
C	Marios	22	161	2	1	3_____	112387	1	0	0	0	0	1	0	0	0	0	0
C	Marios	22	161	2	1	3_____	112478	1	0	0	0	0	0	0	0	0	1	0
C	Marios	22	161	2	1	3_____	112961	1	0	0	0	0	1	0	0	0	0	0
C	Marios	22	161	2	1	3_____	112988	1	0	0	0	0	0	0	0	0	1	0
C	Marios	22	161	2	1	3_____	113250	1	2	0	0	0	0	0	0	0	0	0
C	Marios	22	161	2	1	3_____	113750	2	12	0	0	0	0	0	0	0	0	0
C	Marios	22	161	2	1	3_____	113806	12	0	0	0	0	1	0	0	0	0	0
C	Marios	22	161	2	1	3_____	113894	12	0	0	0	0	0	0	0	0	1	0
C	Marios	22	161	2	1	3_____	114103	12	0	0	0	0	1	0	0	0	0	0
C	Marios	22	161	2	1	3_____	114250	12	15	0	0	0	0	0	0	0	0	0
C	Marios	22	161	2	1	3_____	114295	15	0	0	0	0	0	0	0	0	1	0
C	Marios	22	161	2	1	3_____	114750	15	1	0	0	0	0	0	0	0	0	0
C	Marios	22	161	2	1	3_____	114765	1	0	0	0	0	1	0	0	0	0	0
C	Marios	22	161	2	1	3_____	114782	1	0	0	0	0	0	0	0	0	1	0
C	Marios	22	161	2	1	3_____	117000	1	2	0	0	0	0	0	0	0	0	0
C	Marios	22	161	2	1	3_____	117137	2	0	0	0	0	1	0	0	0	0	0
C	Marios	22	161	2	1	3_____	117153	2	0	0	0	0	0	0	0	0	1	0
C	Marios	22	161	2	1	3_____	117500	2	13	0	0	0	0	0	0	0	0	0
C	Marios	22	161	2	1	3_____	117718	13	0	0	0	0	1	0	0	0	0	0
C	Marios	22	161	2	1	3_____	117909	13	0	0	0	0	0	0	0	0	1	0
C	Marios	22	161	2	1	3_____	118000	13	15	0	0	0	0	0	0	0	0	0
C	Marios	22	161	2	1	3_____	118500	15	1	0	0	0	0	0	0	0	0	0
C	Marios	22	161	2	1	3_____	118668	1	0	0	0	0	1	0	0	0	0	0
C	Marios	22	161	2	1	3_____	119144	1	0	0	0	0	0	0	0	0	1	0
C	Marios	22	161	2	1	3_____	119276	1	0	0	0	0	1	0	0	0	0	0
C	Marios	22	161	2	1	3_____	119278	1	0	0	0	0	0	0	0	0	1	0
C	Marios	22	161	2	1	3_____	122716	1	0	0	0	0	1	0	0	0	0	0
C	Marios	22	161	2	1	3_____	122743	1	0	0	0	0	0	0	0	0	1	0
C	Marios	22	161	2	1	3_____	123000	1	2	0	0	0	0	0	0	0	0	0
C	Marios	22	161	2	1	3_____	123500	2	7	0	0	0	0	0	0	0	0	0
C	Marios	22	161	2	1	3_____	123558	7	0	0	0	0	1	0	0	0	0	0
C	Marios	22	161	2	1	3_____	123670	7	0	0	0	0	0	0	0	0	1	0
C	Marios	22	161	2	1	3_____	123713	7	0	0	0	0	1	0	0	0	0	0
C	Marios	22	161	2	1	3_____	123791	7	0	0	0	0	0	0	0	0	1	0
C	Marios	22	161	2	1	3_____	123872	7	0	0	0	0	1	0	0	0	0	0
C	Marios	22	161	2	1	3_____	123914	7	0	0	0	0	0	0	0	0	1	0
C	Marios	22	161	2	1	3_____	123960	7	0	0	0	0	1	0	0	0	0	0
C	Marios	22	161	2	1	3_____	124000	7	10	0	0	0	0	0	0	0	0	0
C	Marios	22	161	2	1	3_____	124393	10	0	0	0	0	0	0	0	0	1	0
C	Marios	22	161	2	1	3_____	124396	10	0	0	0	0	1	0	0	0	0	0
C	Marios	22	161	2	1	3_____	124403	10	0	0	0	0	0	0	0	0	1	0
C	Marios	22	161	2	1	3_____	124406	10	0	0	0	0	1	0	0	0	0	0
C	Marios	22	161	2	1	3_____	124437	10	0	0	0	0	0	0	0	0	1	0
C	Marios	22	161	2	1	3_____	124438	10	0	0	0	0	1	0	0	0	0	0
C	Marios	22	161	2	1	3_____	124493	10	0	0	0	0	0	0	0	0	1	0
C	Marios	22	161	2	1	3_____	124500	10	1	0	0	0	0	0	0	0	0	0
C	Marios	22	161	2	1	3_____	124502	1	0	0	0	0	1	0	0	0	0	0
C	Marios	22	161	2	1	3_____	124514	1	0	0	0	0	0	0	0	0	1	0
C	Marios	22	161	2	1	3_____	124593	1	0	0	0	0	1	0	0	0	0	0
C	Marios	22	161	2	1	3_____	124780	1	0	0	0	0	1	0	0	0	1	0
C	Marios	22	161	2	1	3_____	125257	1	0	0	0	0	0	0	0	0	1	0
C	Marios	22	161	2	1	3_____	125438	1	0	0	0	0	1	0	0	0	0	0
C	Marios	22	161	2	1	3_____	125455	1	0	0	0	0	0	0	0	0	1	0
C	Marios	22	161	2	1	3_____	125461	1	0	0	0	0	1	0	0	0	0	0
C	Marios	22	161	2	1	3_____	125532	1	0	0	0	0	0	0	0	0	1	0
C	Marios	22	161	2	1	3_____	125543	1	0	0	0	0	1	0	0	0	0	0
C	Marios	22	161	2	1	3_____	125634	1	0	0	0	0	0	0	0	0	1	0
C	Marios	22	161	2	1	3_____	125640	1	0	0	0	0	1	0	0	0	0	0
C	Marios	22	161	2	1	3_____	125680	1	0	0	0	0	0	0	0	0	1	0
C	Marios	22	161	2	1	3_____	125688	1	0	0	0	0	1	0	0	0	0	0
C	Marios	22	161	2	1	3_____	125708	1	0	0	0	0	1	0	0	0	1	0
C	Marios	22	161	2	1	3_____	125713	1	0	0	0	0	1	0	0	0	1	0
C	Marios	22	161	2	1	3_____	125722	1	0	0	0	0	0	0	0	0	1	0
C	Marios	22	161	2	1	3_____	125723	1	0	0	0	0	1	0	0	0	0	0
C	Marios	22	161	2	1	3_____	125907	1	0	0	0	0	0	0	0	0	1	0
C	Marios	22	161	2	1	3_____	130500	1	2	0	0	0	0	0	0	0	0	0
C	Marios	22	161	2	1	3_____	130550	2	0	0	0	0	1	0	0	0	0	0
C	Marios	22	161	2	1	3_____	130929	2	0	0	0	0	0	0	0	0	1	0
C	Marios	22	161	2	1	3_____	130931	2	0	0	0	0	1	0	0	0	0	0
C	Marios	22	161	2	1	3_____	131000	2	13	0	0	0	0	0	0	0	0	0
C	Marios	22	161	2	1	3_____	131008	13	0	0	0	0	0	0	0	0	1	0
C	Marios	22	161	2	1	3_____	131342	13	0	0	0	0	1	0	0	0	0	0
C	Marios	22	161	2	1	3_____	131437	13	0	0	0	0	0	0	0	0	1	0
C	Marios	22	161	2	1	3_____	131500	13	15	0	0	0	0	0	0	0	0	0
C	Marios	22	161	2	1	3_____	131613	15	0	0	0	0	1	0	0	0	0	0
C	Marios	22	161	2	1	3_____	131853	15	0	0	0	0	0	0	0	0	1	0
C	Marios	22	161	2	1	3_____	132000	15	1	0	0	0	0	0	0	0	0	0
C	Marios	22	161	2	1	3_____	134597	1	0	0	0	0	1	0	0	0	0	0
C	Marios	22	161	2	1	3_____	135144	1	0	0	0	0	0	0	0	0	1	0
C	Marios	22	161	2	1	3_____	135750	1	2	0	0	0	0	0	0	0	0	0
C	Marios	22	161	2	1	3_____	136007	2	0	0	0	0	1	0	0	0	0	0
C	Marios	22	161	2	1	3_____	136250	2	12	0	0	0	0	0	0	0	0	0
C	Marios	22	161	2	1	3_____	136261	12	0	0	0	0	0	0	0	0	1	0
C	Marios	22	161	2	1	3_____	136357	12	0	0	0	0	1	0	0	0	0	0
C	Marios	22	161	2	1	3_____	136519	12	0	0	0	0	0	0	0	0	1	0
C	Marios	22	161	2	1	3_____	136641	12	0	0	0	0	1	0	0	0	0	0
C	Marios	22	161	2	1	3_____	136750	12	15	0	0	0	0	0	0	0	0	0
C	Marios	22	161	2	1	3_____	136786	15	0	0	0	0	0	0	0	0	1	0
C	Marios	22	161	2	1	3_____	136963	15	0	0	0	0	1	0	0	0	0	0
C	Marios	22	161	2	1	3_____	137003	15	0	0	0	0	0	0	0	0	1	0
C	Marios	22	161	2	1	3_____	137005	15	0	0	0	0	1	0	0	0	0	0
C	Marios	22	161	2	1	3_____	137066	15	0	0	0	0	0	0	0	0	1	0
C	Marios	22	161	2	1	3_____	137072	15	0	0	0	0	1	0	0	0	0	0
C	Marios	22	161	2	1	3_____	137078	15	0	0	0	0	0	0	0	0	1	0
C	Marios	22	161	2	1	3_____	137079	15	0	0	0	0	1	0	0	0	0	0
C	Marios	22	161	2	1	3_____	137250	15	1	0	0	0	0	0	0	0	0	0
C	Marios	22	161	2	1	3_____	137571	1	0	0	0	0	0	0	0	0	1	0
C	Marios	22	161	2	1	3_____	137581	1	0	0	0	0	1	0	0	0	0	0
C	Marios	22	161	2	1	3_____	137586	1	0	0	0	0	0	0	0	0	1	0
C	Marios	22	161	2	1	3_____	137591	1	0	0	0	0	1	0	0	0	0	0
C	Marios	22	161	2	1	3_____	137665	1	0	0	0	0	0	0	0	0	1	0
C	Marios	22	161	2	1	3_____	137666	1	0	0	0	0	1	0	0	0	0	0
C	Marios	22	161	2	1	3_____	137690	1	0	0	0	0	0	0	0	0	1	0
C	Marios	22	161	2	1	3_____	137697	1	0	0	0	0	1	0	0	0	0	0
C	Marios	22	161	2	1	3_____	137800	1	0	0	0	0	0	0	0	0	1	0
C	Marios	22	161	2	1	3_____	137963	1	0	0	0	0	1	0	0	0	0	0
C	Marios	22	161	2	1	3_____	138094	1	0	0	0	0	0	0	0	0	1	0
C	Marios	22	161	2	1	3_____	138096	1	0	0	0	0	1	0	0	0	0	0
C	Marios	22	161	2	1	3_____	138098	1	0	0	0	0	0	0	0	0	1	0
C	Marios	22	161	2	1	3_____	138100	1	0	0	0	0	1	0	0	0	0	0
C	Marios	22	161	2	1	3_____	138164	1	0	0	0	0	0	0	0	0	1	0
C	Marios	22	161	2	1	3_____	138170	1	0	0	0	0	1	0	0	0	0	0
C	Marios	22	161	2	1	3_____	138173	1	0	0	0	0	0	0	0	0	1	0
C	Marios	22	161	2	1	3_____	138267	1	0	0	0	0	1	0	0	0	0	0
C	Marios	22	161	2	1	3_____	138344	1	0	0	0	0	0	0	0	0	1	0
C	Marios	22	161	2	1	3_____	138346	1	0	0	0	0	1	0	0	0	0	0
C	Marios	22	161	2	1	3_____	138348	1	0	0	0	0	0	0	0	0	1	0
C	Marios	22	161	2	1	3_____	138349	1	0	0	0	0	1	0	0	0	0	0
C	Marios	22	161	2	1	3_____	138560	1	0	0	0	0	0	0	0	0	1	0
C	Marios	22	161	2	1	3_____	139134	1	0	0	0	0	1	0	0	0	0	0
C	Marios	22	161	2	1	3_____	139211	1	0	0	0	0	0	0	0	0	1	0
C	Marios	22	161	2	1	3_____	139407	1	0	0	0	0	1	0	0	0	0	0
C	Marios	22	161	2	1	3_____	139714	1	0	0	0	0	0	0	0	0	1	0
C	Marios	22	161	2	1	3_____	140535	1	0	0	0	0	1	0	0	0	0	0
C	Marios	22	161	2	1	3_____	140725	1	0	0	0	0	0	0	0	0	1	0
C	Marios	22	161	2	1	3_____	141900	1	0	0	0	0	1	0	0	0	0	0
C	Marios	22	161	2	1	3_____	141917	1	0	0	0	0	0	0	0	0	1	0
C	Marios	22	161	2	1	3_____	141950	1	0	0	0	0	1	0	0	0	0	0
C	Marios	22	161	2	1	3_____	142479	1	0	0	0	0	0	0	0	0	1	0
C	Marios	22	161	2	1	3_____	142500	1	2	0	0	0	0	0	0	0	0	0
C	Marios	22	161	2	1	3_____	142935	2	0	0	0	0	1	0	0	0	0	0
C	Marios	22	161	2	1	3_____	143000	2	6	0	0	0	0	0	0	0	0	0
C	Marios	22	161	2	1	3_____	143006	6	0	0	0	0	0	0	0	0	1	0
C	Marios	22	161	2	1	3_____	143046	6	0	0	0	0	1	0	0	0	0	0
C	Marios	22	161	2	1	3_____	143179	6	0	0	0	0	0	0	0	0	1	0
C	Marios	22	161	2	1	3_____	143244	6	0	0	0	0	1	0	0	0	0	0
C	Marios	22	161	2	1	3_____	143357	6	0	0	0	0	0	0	0	0	1	0
C	Marios	22	161	2	1	3_____	143427	6	0	0	0	0	1	0	0	0	0	0
C	Marios	22	161	2	1	3_____	143500	6	11	0	0	0	0	0	0	0	0	0
C	Marios	22	161	2	1	3_____	143836	11	0	0	0	0	0	0	0	0	1	0
C	Marios	22	161	2	1	3_____	143850	11	0	0	0	0	1	0	0	0	0	0
C	Marios	22	161	2	1	3_____	143857	11	0	0	0	0	0	0	0	0	1	0
C	Marios	22	161	2	1	3_____	143859	11	0	0	0	0	1	0	0	0	0	0
C	Marios	22	161	2	1	3_____	143893	11	0	0	0	0	0	0	0	0	1	0
C	Marios	22	161	2	1	3_____	143898	11	0	0	0	0	1	0	0	0	0	0
C	Marios	22	161	2	1	3_____	143900	11	0	0	0	0	0	0	0	0	1	0
C	Marios	22	161	2	1	3_____	143903	11	0	0	0	0	1	0	0	0	0	0
C	Marios	22	161	2	1	3_____	143938	11	0	0	0	0	1	0	0	0	1	0
C	Marios	22	161	2	1	3_____	143942	11	0	0	0	0	0	0	0	0	1	0
C	Marios	22	161	2	1	3_____	143947	11	0	0	0	0	1	0	0	0	0	0
C	Marios	22	161	2	1	3_____	143949	11	0	0	0	0	0	0	0	0	1	0
C	Marios	22	161	2	1	3_____	143970	11	0	0	0	0	1	0	0	0	0	0
C	Marios	22	161	2	1	3_____	143972	11	0	0	0	0	0	0	0	0	1	0
C	Marios	22	161	2	1	3_____	143975	11	0	0	0	0	1	0	0	0	0	0
C	Marios	22	161	2	1	3_____	143979	11	0	0	0	0	0	0	0	0	1	0
C	Marios	22	161	2	1	3_____	144000	11	14	0	0	0	0	0	0	0	0	0
C	Marios	22	161	2	1	3_____	144017	14	0	0	0	0	1	0	0	0	0	0
C	Marios	22	161	2	1	3_____	144025	14	0	0	0	0	0	0	0	0	1	0
C	Marios	22	161	2	1	3_____	144027	14	0	0	0	0	1	0	0	0	0	0
C	Marios	22	161	2	1	3_____	144044	14	0	0	0	0	0	0	0	0	1	0
C	Marios	22	161	2	1	3_____	144045	14	0	0	0	0	1	0	0	0	0	0
C	Marios	22	161	2	1	3_____	144058	14	0	0	0	0	0	0	0	0	1	0
C	Marios	22	161	2	1	3_____	144063	14	0	0	0	0	1	0	0	0	0	0
C	Marios	22	161	2	1	3_____	144070	14	0	0	0	0	0	0	0	0	1	0
C	Marios	22	161	2	1	3_____	144086	14	0	0	0	0	1	0	0	0	0	0
C	Marios	22	161	2	1	3_____	144545	14	0	0	0	0	0	0	0	0	1	0
C	Marios	22	161	2	1	3_____	145559	14	0	0	0	0	1	0	0	0	0	0
C	Marios	22	161	2	1	3_____	146245	14	0	0	0	0	0	0	0	0	1	0
C	Marios	22	161	2	1	3_____	147000	14	-1	0	0	0	0	0	0	0	0	0
C	Marios	22	161	6	1	28____	0	0	1	0	0	0	0	0	0	0	0	0
C	Marios	22	161	6	1	28____	34	1	0	0	0	0	1	0	0	0	0	0
C	Marios	22	161	6	1	28____	54	1	0	0	0	0	0	0	0	0	1	0
C	Marios	22	161	6	1	28____	101	1	0	0	0	0	1	0	0	0	0	0
C	Marios	22	161	6	1	28____	133	1	0	0	0	0	0	0	0	0	1	0
C	Marios	22	161	6	1	28____	139	1	0	0	0	0	1	0	0	0	0	0
C	Marios	22	161	6	1	28____	141	1	0	0	0	0	0	0	0	0	1	0
C	Marios	22	161	6	1	28____	246	1	0	0	0	0	1	0	0	0	0	0
C	Marios	22	161	6	1	28____	264	1	0	0	0	0	0	0	0	0	1	0
C	Marios	22	161	6	1	28____	287	1	0	0	0	0	1	0	0	0	0	0
C	Marios	22	161	6	1	28____	299	1	0	0	0	0	0	0	0	0	1	0
C	Marios	22	161	6	1	28____	311	1	0	0	0	0	1	0	0	0	0	0
C	Marios	22	161	6	1	28____	316	1	0	0	0	0	0	0	0	0	1	0
C	Marios	22	161	6	1	28____	320	1	0	0	0	0	1	0	0	0	0	0
C	Marios	22	161	6	1	28____	386	1	0	0	0	0	0	0	0	0	1	0
C	Marios	22	161	6	1	28____	2545	1	0	0	0	0	1	0	0	0	0	0
C	Marios	22	161	6	1	28____	2554	1	0	0	0	0	0	0	0	0	1	0
C	Marios	22	161	6	1	28____	3000	1	2	0	0	0	0	0	0	0	0	0
C	Marios	22	161	6	1	28____	3500	2	12	0	0	0	0	0	0	0	0	0
C	Marios	22	161	6	1	28____	4000	12	15	0	0	0	0	0	0	0	0	0
C	Marios	22	161	6	1	28____	4500	15	1	0	0	0	0	0	0	0	0	0
C	Marios	22	161	6	1	28____	6323	1	0	0	0	0	1	0	0	0	0	0
C	Marios	22	161	6	1	28____	6325	1	0	0	0	0	0	0	0	0	1	0
C	Marios	22	161	6	1	28____	6337	1	0	0	0	0	1	0	0	0	0	0
C	Marios	22	161	6	1	28____	6366	1	0	0	0	0	0	0	0	0	1	0
C	Marios	22	161	6	1	28____	6392	1	0	0	0	0	1	0	0	0	0	0
C	Marios	22	161	6	1	28____	6529	1	0	0	0	0	0	0	0	0	1	0
C	Marios	22	161	6	1	28____	7182	1	0	0	0	0	1	0	0	0	0	0
C	Marios	22	161	6	1	28____	7212	1	0	0	0	0	0	0	0	0	1	0
C	Marios	22	161	6	1	28____	9750	1	2	0	0	0	0	0	0	0	0	0
C	Marios	22	161	6	1	28____	10250	2	13	0	0	0	0	0	0	0	0	0
C	Marios	22	161	6	1	28____	10750	13	15	0	0	0	0	0	0	0	0	0
C	Marios	22	161	6	1	28____	11250	15	1	0	0	0	0	0	0	0	0	0
C	Marios	22	161	6	1	28____	16750	1	2	0	0	0	0	0	0	0	0	0
C	Marios	22	161	6	1	28____	17250	2	7	0	0	0	0	0	0	0	0	0
C	Marios	22	161	6	1	28____	17388	7	0	0	0	0	1	0	0	0	0	0
C	Marios	22	161	6	1	28____	17404	7	0	0	0	0	0	0	0	0	1	0
C	Marios	22	161	6	1	28____	17476	7	0	0	0	0	1	0	0	0	0	0
C	Marios	22	161	6	1	28____	17531	7	0	0	0	0	0	0	0	0	1	0
C	Marios	22	161	6	1	28____	17541	7	0	0	0	0	1	0	0	0	0	0
C	Marios	22	161	6	1	28____	17559	7	0	0	0	0	0	0	0	0	1	0
C	Marios	22	161	6	1	28____	17632	7	0	0	0	0	1	0	0	0	0	0
C	Marios	22	161	6	1	28____	17670	7	0	0	0	0	0	0	0	0	1	0
C	Marios	22	161	6	1	28____	17692	7	0	0	0	0	1	0	0	0	0	0
C	Marios	22	161	6	1	28____	17735	7	0	0	0	0	0	0	0	0	1	0
C	Marios	22	161	6	1	28____	17750	7	10	0	0	0	0	0	0	0	0	0
C	Marios	22	161	6	1	28____	17780	10	0	0	0	0	1	0	0	0	0	0
C	Marios	22	161	6	1	28____	17920	10	0	0	0	0	0	0	0	0	1	0
C	Marios	22	161	6	1	28____	18035	10	0	0	0	0	1	0	0	0	0	0
C	Marios	22	161	6	1	28____	18236	10	0	0	0	0	0	0	0	0	1	0
C	Marios	22	161	6	1	28____	18250	10	1	0	0	0	0	0	0	0	0	0
C	Marios	22	161	6	1	28____	18474	1	0	0	0	0	1	0	0	0	0	0
C	Marios	22	161	6	1	28____	18485	1	0	0	0	0	0	0	0	0	1	0
C	Marios	22	161	6	1	28____	18559	1	0	0	0	0	1	0	0	0	0	0
C	Marios	22	161	6	1	28____	18624	1	0	0	0	0	0	0	0	0	1	0
C	Marios	22	161	6	1	28____	22750	1	2	0	0	0	0	0	0	0	0	0
C	Marios	22	161	6	1	28____	23250	2	13	0	0	0	0	0	0	0	0	0
C	Marios	22	161	6	1	28____	23750	13	15	0	0	0	0	0	0	0	0	0
C	Marios	22	161	6	1	28____	24250	15	1	0	0	0	0	0	0	0	0	0
C	Marios	22	161	6	1	28____	27100	1	0	0	0	0	1	0	0	0	0	0
C	Marios	22	161	6	1	28____	27311	1	0	0	0	0	0	0	0	0	1	0
C	Marios	22	161	6	1	28____	27420	1	0	0	0	0	1	0	0	0	0	0
C	Marios	22	161	6	1	28____	27608	1	0	0	0	0	0	0	0	0	1	0
C	Marios	22	161	6	1	28____	28000	1	2	0	0	0	0	0	0	0	0	0
C	Marios	22	161	6	1	28____	28474	2	0	0	0	0	1	0	0	0	0	0
C	Marios	22	161	6	1	28____	28500	2	12	0	0	0	0	0	0	0	0	0
C	Marios	22	161	6	1	28____	28510	12	0	0	0	0	0	0	0	0	1	0
C	Marios	22	161	6	1	28____	28840	12	0	0	0	0	1	0	0	0	0	0
C	Marios	22	161	6	1	28____	28982	12	0	0	0	0	0	0	0	0	1	0
C	Marios	22	161	6	1	28____	29000	12	15	0	0	0	0	0	0	0	0	0
C	Marios	22	161	6	1	28____	29041	15	0	0	0	0	1	0	0	0	0	0
C	Marios	22	161	6	1	28____	29242	15	0	0	0	0	0	0	0	0	1	0
C	Marios	22	161	6	1	28____	29289	15	0	0	0	0	1	0	0	0	0	0
C	Marios	22	161	6	1	28____	29338	15	0	0	0	0	0	0	0	0	1	0
C	Marios	22	161	6	1	28____	29378	15	0	0	0	0	1	0	0	0	0	0
C	Marios	22	161	6	1	28____	29424	15	0	0	0	0	0	0	0	0	1	0
C	Marios	22	161	6	1	28____	29500	15	1	0	0	0	0	0	0	0	0	0
C	Marios	22	161	6	1	28____	30656	1	0	0	0	0	1	0	0	0	0	0
C	Marios	22	161	6	1	28____	30753	1	0	0	0	0	0	0	0	0	1	0
C	Marios	22	161	6	1	28____	30877	1	0	0	0	0	1	0	0	0	0	0
C	Marios	22	161	6	1	28____	31087	1	0	0	0	0	0	0	0	0	1	0
C	Marios	22	161	6	1	28____	32087	1	0	0	0	0	1	0	0	0	0	0
C	Marios	22	161	6	1	28____	32168	1	0	0	0	0	0	0	0	0	1	0
C	Marios	22	161	6	1	28____	32245	1	0	0	0	0	1	0	0	0	0	0
C	Marios	22	161	6	1	28____	32268	1	0	0	0	0	0	0	0	0	1	0
C	Marios	22	161	6	1	28____	32335	1	0	0	0	0	1	0	0	0	0	0
C	Marios	22	161	6	1	28____	32444	1	0	0	0	0	0	0	0	0	1	0
C	Marios	22	161	6	1	28____	32448	1	0	0	0	0	1	0	0	0	0	0
C	Marios	22	161	6	1	28____	32458	1	0	0	0	0	0	0	0	0	1	0
C	Marios	22	161	6	1	28____	32471	1	0	0	0	0	1	0	0	0	0	0
C	Marios	22	161	6	1	28____	32478	1	0	0	0	0	0	0	0	0	1	0
C	Marios	22	161	6	1	28____	32485	1	0	0	0	0	1	0	0	0	0	0
C	Marios	22	161	6	1	28____	32497	1	0	0	0	0	0	0	0	0	1	0
C	Marios	22	161	6	1	28____	32512	1	0	0	0	0	1	0	0	0	0	0
C	Marios	22	161	6	1	28____	32660	1	0	0	0	0	0	0	0	0	1	0
C	Marios	22	161	6	1	28____	32712	1	0	0	0	0	1	0	0	0	0	0
C	Marios	22	161	6	1	28____	32727	1	0	0	0	0	0	0	0	0	1	0
C	Marios	22	161	6	1	28____	32803	1	0	0	0	0	1	0	0	0	0	0
C	Marios	22	161	6	1	28____	32887	1	0	0	0	0	0	0	0	0	1	0
C	Marios	22	161	6	1	28____	33688	1	0	0	0	0	1	0	0	0	0	0
C	Marios	22	161	6	1	28____	33735	1	0	0	0	0	0	0	0	0	1	0
C	Marios	22	161	6	1	28____	33937	1	0	0	0	0	1	0	0	0	0	0
C	Marios	22	161	6	1	28____	34074	1	0	0	0	0	0	0	0	0	1	0
C	Marios	22	161	6	1	28____	34117	1	0	0	0	0	1	0	0	0	0	0
C	Marios	22	161	6	1	28____	34158	1	0	0	0	0	0	0	0	0	1	0
C	Marios	22	161	6	1	28____	34549	1	0	0	0	0	1	0	0	0	0	0
C	Marios	22	161	6	1	28____	34566	1	0	0	0	0	0	0	0	0	1	0
C	Marios	22	161	6	1	28____	34662	1	0	0	0	0	1	0	0	0	0	0
C	Marios	22	161	6	1	28____	34693	1	0	0	0	0	0	0	0	0	1	0
C	Marios	22	161	6	1	28____	36250	1	2	0	0	0	0	0	0	0	0	0
C	Marios	22	161	6	1	28____	36750	2	6	0	0	0	0	0	0	0	0	0
C	Marios	22	161	6	1	28____	37250	6	11	0	0	0	0	0	0	0	0	0
C	Marios	22	161	6	1	28____	37253	11	0	0	0	0	1	0	0	0	0	0
C	Marios	22	161	6	1	28____	37689	11	0	0	0	0	0	0	0	0	1	0
C	Marios	22	161	6	1	28____	37727	11	0	0	0	0	1	0	0	0	0	0
C	Marios	22	161	6	1	28____	37750	11	1	0	0	0	0	0	0	0	0	0
C	Marios	22	161	6	1	28____	37765	1	0	0	0	0	0	0	0	0	1	0
C	Marios	22	161	6	1	28____	42250	1	2	0	0	0	0	0	0	0	0	0
C	Marios	22	161	6	1	28____	42750	2	13	0	0	0	0	0	0	0	0	0
C	Marios	22	161	6	1	28____	43250	13	15	0	0	0	0	0	0	0	0	0
C	Marios	22	161	6	1	28____	43750	15	1	0	0	0	0	0	0	0	0	0
C	Marios	22	161	6	1	28____	46000	1	2	0	0	0	0	0	0	0	0	0
C	Marios	22	161	6	1	28____	46500	2	7	0	0	0	0	0	0	0	0	0
C	Marios	22	161	6	1	28____	46608	7	0	0	0	0	1	0	0	0	0	0
C	Marios	22	161	6	1	28____	46640	7	0	0	0	0	0	0	0	0	1	0
C	Marios	22	161	6	1	28____	46651	7	0	0	0	0	1	0	0	0	0	0
C	Marios	22	161	6	1	28____	46668	7	0	0	0	0	0	0	0	0	1	0
C	Marios	22	161	6	1	28____	46677	7	0	0	0	0	1	0	0	0	0	0
C	Marios	22	161	6	1	28____	46710	7	0	0	0	0	0	0	0	0	1	0
C	Marios	22	161	6	1	28____	46733	7	0	0	0	0	1	0	0	0	0	0
C	Marios	22	161	6	1	28____	46767	7	0	0	0	0	0	0	0	0	1	0
C	Marios	22	161	6	1	28____	46830	7	0	0	0	0	1	0	0	0	0	0
C	Marios	22	161	6	1	28____	46896	7	0	0	0	0	0	0	0	0	1	0
C	Marios	22	161	6	1	28____	46975	7	0	0	0	0	1	0	0	0	0	0
C	Marios	22	161	6	1	28____	47000	7	10	0	0	0	0	0	0	0	0	0
C	Marios	22	161	6	1	28____	47365	10	0	0	0	0	0	0	0	0	1	0
C	Marios	22	161	6	1	28____	47500	10	1	0	0	0	0	0	0	0	0	0
C	Marios	22	161	6	1	28____	55000	1	2	0	0	0	0	0	0	0	0	0
C	Marios	22	161	6	1	28____	55500	2	6	0	0	0	0	0	0	0	0	0
C	Marios	22	161	6	1	28____	55568	6	0	0	0	0	1	0	0	0	0	0
C	Marios	22	161	6	1	28____	55607	6	0	0	0	0	0	0	0	0	1	0
C	Marios	22	161	6	1	28____	55670	6	0	0	0	0	1	0	0	0	0	0
C	Marios	22	161	6	1	28____	55725	6	0	0	0	0	0	0	0	0	1	0
C	Marios	22	161	6	1	28____	55764	6	0	0	0	0	1	0	0	0	0	0
C	Marios	22	161	6	1	28____	55837	6	0	0	0	0	0	0	0	0	1	0
C	Marios	22	161	6	1	28____	55858	6	0	0	0	0	1	0	0	0	0	0
C	Marios	22	161	6	1	28____	55934	6	0	0	0	0	0	0	0	0	1	0
C	Marios	22	161	6	1	28____	55975	6	0	0	0	0	1	0	0	0	0	0
C	Marios	22	161	6	1	28____	56000	6	11	0	0	0	0	0	0	0	0	0
C	Marios	22	161	6	1	28____	56254	11	0	0	0	0	0	0	0	0	1	0
C	Marios	22	161	6	1	28____	56500	11	1	0	0	0	0	0	0	0	0	0
C	Marios	22	161	6	1	28____	59164	1	0	0	0	0	1	0	0	0	0	0
C	Marios	22	161	6	1	28____	59240	1	0	0	0	0	0	0	0	0	1	0
C	Marios	22	161	6	1	28____	62500	1	2	0	0	0	0	0	0	0	0	0
C	Marios	22	161	6	1	28____	63000	2	12	0	0	0	0	0	0	0	0	0
C	Marios	22	161	6	1	28____	63500	12	15	0	0	0	0	0	0	0	0	0
C	Marios	22	161	6	1	28____	63629	15	0	0	0	0	1	0	0	0	0	0
C	Marios	22	161	6	1	28____	63677	15	0	0	0	0	0	0	0	0	1	0
C	Marios	22	161	6	1	28____	63720	15	0	0	0	0	1	0	0	0	0	0
C	Marios	22	161	6	1	28____	63750	15	0	0	0	0	0	0	0	0	1	0
C	Marios	22	161	6	1	28____	64000	15	1	0	0	0	0	0	0	0	0	0
C	Marios	22	161	6	1	28____	64246	1	0	0	0	0	1	0	0	0	0	0
C	Marios	22	161	6	1	28____	64552	1	0	0	0	0	0	0	0	0	1	0
C	Marios	22	161	6	1	28____	64716	1	0	0	0	0	1	0	0	0	0	0
C	Marios	22	161	6	1	28____	64718	1	0	0	0	0	0	0	0	0	1	0
C	Marios	22	161	6	1	28____	64732	1	0	0	0	0	1	0	0	0	0	0
C	Marios	22	161	6	1	28____	64757	1	0	0	0	0	0	0	0	0	1	0
C	Marios	22	161	6	1	28____	65500	1	2	0	0	0	0	0	0	0	0	0
C	Marios	22	161	6	1	28____	65911	2	0	0	0	0	1	0	0	0	0	0
C	Marios	22	161	6	1	28____	65980	2	0	0	0	0	0	0	0	0	1	0
C	Marios	22	161	6	1	28____	66000	2	13	0	0	0	0	0	0	0	0	0
C	Marios	22	161	6	1	28____	66500	13	15	0	0	0	0	0	0	0	0	0
C	Marios	22	161	6	1	28____	66934	15	0	0	0	0	1	0	0	0	0	0
C	Marios	22	161	6	1	28____	66996	15	0	0	0	0	0	0	0	0	1	0
C	Marios	22	161	6	1	28____	67000	15	1	0	0	0	0	0	0	0	0	0
C	Marios	22	161	6	1	28____	67210	1	0	0	0	0	1	0	0	0	0	0
C	Marios	22	161	6	1	28____	67237	1	0	0	0	0	0	0	0	0	1	0
C	Marios	22	161	6	1	28____	67990	1	0	0	0	0	1	0	0	0	0	0
C	Marios	22	161	6	1	28____	68009	1	0	0	0	0	0	0	0	0	1	0
C	Marios	22	161	6	1	28____	68954	1	0	0	0	0	1	0	0	0	0	0
C	Marios	22	161	6	1	28____	68988	1	0	0	0	0	0	0	0	0	1	0
C	Marios	22	161	6	1	28____	69114	1	0	0	0	0	1	0	0	0	0	0
C	Marios	22	161	6	1	28____	69121	1	0	0	0	0	0	0	0	0	1	0
C	Marios	22	161	6	1	28____	69124	1	0	0	0	0	1	0	0	0	0	0
C	Marios	22	161	6	1	28____	69127	1	0	0	0	0	0	0	0	0	1	0
C	Marios	22	161	6	1	28____	69128	1	0	0	0	0	1	0	0	0	0	0
C	Marios	22	161	6	1	28____	69282	1	0	0	0	0	0	0	0	0	1	0
C	Marios	22	161	6	1	28____	69594	1	0	0	0	0	1	0	0	0	0	0
C	Marios	22	161	6	1	28____	69651	1	0	0	0	0	0	0	0	0	1	0
C	Marios	22	161	6	1	28____	69744	1	0	0	0	0	1	0	0	0	0	0
C	Marios	22	161	6	1	28____	69776	1	0	0	0	0	0	0	0	0	1	0
C	Marios	22	161	6	1	28____	70500	1	2	0	0	0	0	0	0	0	0	0
C	Marios	22	161	6	1	28____	70923	2	0	0	0	0	1	0	0	0	0	0
C	Marios	22	161	6	1	28____	71000	2	12	0	0	0	0	0	0	0	0	0
C	Marios	22	161	6	1	28____	71006	12	0	0	0	0	0	0	0	0	1	0
C	Marios	22	161	6	1	28____	71039	12	0	0	0	0	1	0	0	0	0	0
C	Marios	22	161	6	1	28____	71115	12	0	0	0	0	0	0	0	0	1	0
C	Marios	22	161	6	1	28____	71295	12	0	0	0	0	1	0	0	0	0	0
C	Marios	22	161	6	1	28____	71391	12	0	0	0	0	0	0	0	0	1	0
C	Marios	22	161	6	1	28____	71442	12	0	0	0	0	1	0	0	0	0	0
C	Marios	22	161	6	1	28____	71500	12	15	0	0	0	0	0	0	0	0	0
C	Marios	22	161	6	1	28____	71531	15	0	0	0	0	0	0	0	0	1	0
C	Marios	22	161	6	1	28____	71551	15	0	0	0	0	1	0	0	0	0	0
C	Marios	22	161	6	1	28____	71676	15	0	0	0	0	0	0	0	0	1	0
C	Marios	22	161	6	1	28____	71807	15	0	0	0	0	1	0	0	0	0	0
C	Marios	22	161	6	1	28____	71850	15	0	0	0	0	0	0	0	0	1	0
C	Marios	22	161	6	1	28____	72000	15	1	0	0	0	0	0	0	0	0	0
C	Marios	22	161	6	1	28____	72270	1	0	0	0	0	1	0	0	0	0	0
C	Marios	22	161	6	1	28____	72430	1	0	0	0	0	0	0	0	0	1	0
C	Marios	22	161	6	1	28____	72479	1	0	0	0	0	1	0	0	0	0	0
C	Marios	22	161	6	1	28____	72498	1	0	0	0	0	1	0	0	0	1	0
C	Marios	22	161	6	1	28____	72500	1	0	0	0	0	0	0	0	0	1	0
C	Marios	22	161	6	1	28____	74561	1	0	0	0	0	1	0	0	0	0	0
C	Marios	22	161	6	1	28____	74618	1	0	0	0	0	0	0	0	0	1	0
C	Marios	22	161	6	1	28____	74911	1	0	0	0	0	1	0	0	0	0	0
C	Marios	22	161	6	1	28____	74984	1	0	0	0	0	0	0	0	0	1	0
C	Marios	22	161	6	1	28____	75081	1	0	0	0	0	1	0	0	0	0	0
C	Marios	22	161	6	1	28____	75179	1	0	0	0	0	0	0	0	0	1	0
C	Marios	22	161	6	1	28____	76417	1	0	0	0	0	1	0	0	0	0	0
C	Marios	22	161	6	1	28____	76450	1	0	0	0	0	0	0	0	0	1	0
C	Marios	22	161	6	1	28____	76500	1	2	0	0	0	0	0	0	0	0	0
C	Marios	22	161	6	1	28____	77000	2	7	0	0	0	0	0	0	0	0	0
C	Marios	22	161	6	1	28____	77059	7	0	0	0	0	1	0	0	0	0	0
C	Marios	22	161	6	1	28____	77081	7	0	0	0	0	0	0	0	0	1	0
C	Marios	22	161	6	1	28____	77098	7	0	0	0	0	1	0	0	0	0	0
C	Marios	22	161	6	1	28____	77116	7	0	0	0	0	0	0	0	0	1	0
C	Marios	22	161	6	1	28____	77147	7	0	0	0	0	1	0	0	0	0	0
C	Marios	22	161	6	1	28____	77225	7	0	0	0	0	0	0	0	0	1	0
C	Marios	22	161	6	1	28____	77246	7	0	0	0	0	1	0	0	0	0	0
C	Marios	22	161	6	1	28____	77284	7	0	0	0	0	0	0	0	0	1	0
C	Marios	22	161	6	1	28____	77291	7	0	0	0	0	1	0	0	0	0	0
C	Marios	22	161	6	1	28____	77334	7	0	0	0	0	0	0	0	0	1	0
C	Marios	22	161	6	1	28____	77370	7	0	0	0	0	1	0	0	0	0	0
C	Marios	22	161	6	1	28____	77455	7	0	0	0	0	0	0	0	0	1	0
C	Marios	22	161	6	1	28____	77490	7	0	0	0	0	1	0	0	0	0	0
C	Marios	22	161	6	1	28____	77500	7	10	0	0	0	0	0	0	0	0	0
C	Marios	22	161	6	1	28____	77861	10	0	0	0	0	0	0	0	0	1	0
C	Marios	22	161	6	1	28____	77920	10	0	0	0	0	1	0	0	0	0	0
C	Marios	22	161	6	1	28____	77970	10	0	0	0	0	0	0	0	0	1	0
C	Marios	22	161	6	1	28____	78000	10	1	0	0	0	0	0	0	0	0	0
C	Marios	22	161	6	1	28____	78917	1	0	0	0	0	1	0	0	0	0	0
C	Marios	22	161	6	1	28____	78970	1	0	0	0	0	0	0	0	0	1	0
C	Marios	22	161	6	1	28____	79079	1	0	0	0	0	1	0	0	0	0	0
C	Marios	22	161	6	1	28____	79092	1	0	0	0	0	0	0	0	0	1	0
C	Marios	22	161	6	1	28____	79903	1	0	0	0	0	1	0	0	0	0	0
C	Marios	22	161	6	1	28____	79938	1	0	0	0	0	0	0	0	0	1	0
C	Marios	22	161	6	1	28____	80918	1	0	0	0	0	1	0	0	0	0	0
C	Marios	22	161	6	1	28____	80969	1	0	0	0	0	0	0	0	0	1	0
C	Marios	22	161	6	1	28____	80970	1	0	0	0	0	1	0	0	0	0	0
C	Marios	22	161	6	1	28____	80980	1	0	0	0	0	0	0	0	0	1	0
C	Marios	22	161	6	1	28____	80985	1	0	0	0	0	1	0	0	0	0	0
C	Marios	22	161	6	1	28____	81015	1	0	0	0	0	0	0	0	0	1	0
C	Marios	22	161	6	1	28____	81263	1	0	0	0	0	1	0	0	0	0	0
C	Marios	22	161	6	1	28____	81274	1	0	0	0	0	0	0	0	0	1	0
C	Marios	22	161	6	1	28____	81770	1	0	0	0	0	1	0	0	0	0	0
C	Marios	22	161	6	1	28____	81777	1	0	0	0	0	0	0	0	0	1	0
C	Marios	22	161	6	1	28____	81847	1	0	0	0	0	1	0	0	0	0	0
C	Marios	22	161	6	1	28____	81973	1	0	0	0	0	0	0	0	0	1	0
C	Marios	22	161	6	1	28____	81975	1	0	0	0	0	1	0	0	0	0	0
C	Marios	22	161	6	1	28____	81980	1	0	0	0	0	0	0	0	0	1	0
C	Marios	22	161	6	1	28____	82070	1	0	0	0	0	1	0	0	0	0	0
C	Marios	22	161	6	1	28____	82074	1	0	0	0	0	0	0	0	0	1	0
C	Marios	22	161	6	1	28____	82100	1	0	0	0	0	1	0	0	0	0	0
C	Marios	22	161	6	1	28____	82109	1	0	0	0	0	0	0	0	0	1	0
C	Marios	22	161	6	1	28____	82189	1	0	0	0	0	1	0	0	0	0	0
C	Marios	22	161	6	1	28____	82250	1	0	0	0	0	0	0	0	0	1	0
C	Marios	22	161	6	1	28____	82277	1	0	0	0	0	1	0	0	0	0	0
C	Marios	22	161	6	1	28____	82308	1	0	0	0	0	0	0	0	0	1	0
C	Marios	22	161	6	1	28____	82719	1	0	0	0	0	1	0	0	0	0	0
C	Marios	22	161	6	1	28____	82748	1	0	0	0	0	0	0	0	0	1	0
C	Marios	22	161	6	1	28____	84353	1	0	0	0	0	1	0	0	0	0	0
C	Marios	22	161	6	1	28____	84388	1	0	0	0	0	0	0	0	0	1	0
C	Marios	22	161	6	1	28____	85500	1	2	0	0	0	0	0	0	0	0	0
C	Marios	22	161	6	1	28____	86000	2	12	0	0	0	0	0	0	0	0	0
C	Marios	22	161	6	1	28____	86500	12	15	0	0	0	0	0	0	0	0	0
C	Marios	22	161	6	1	28____	87000	15	1	0	0	0	0	0	0	0	0	0
C	Marios	22	161	6	1	28____	87691	1	0	0	0	0	1	0	0	0	0	0
C	Marios	22	161	6	1	28____	87760	1	0	0	0	0	0	0	0	0	1	0
C	Marios	22	161	6	1	28____	87948	1	0	0	0	0	1	0	0	0	0	0
C	Marios	22	161	6	1	28____	87977	1	0	0	0	0	0	0	0	0	1	0
C	Marios	22	161	6	1	28____	88129	1	0	0	0	0	1	0	0	0	0	0
C	Marios	22	161	6	1	28____	88253	1	0	0	0	0	0	0	0	0	1	0
C	Marios	22	161	6	1	28____	92250	1	2	0	0	0	0	0	0	0	0	0
C	Marios	22	161	6	1	28____	92597	2	0	0	0	0	1	0	0	0	0	0
C	Marios	22	161	6	1	28____	92638	2	0	0	0	0	0	0	0	0	1	0
C	Marios	22	161	6	1	28____	92750	2	12	0	0	0	0	0	0	0	0	0
C	Marios	22	161	6	1	28____	93250	12	15	0	0	0	0	0	0	0	0	0
C	Marios	22	161	6	1	28____	93750	15	1	0	0	0	0	0	0	0	0	0
C	Marios	22	161	6	1	28____	96000	1	2	0	0	0	0	0	0	0	0	0
C	Marios	22	161	6	1	28____	96500	2	6	0	0	0	0	0	0	0	0	0
C	Marios	22	161	6	1	28____	96633	6	0	0	0	0	1	0	0	0	0	0
C	Marios	22	161	6	1	28____	96702	6	0	0	0	0	0	0	0	0	1	0
C	Marios	22	161	6	1	28____	96770	6	0	0	0	0	1	0	0	0	0	0
C	Marios	22	161	6	1	28____	96844	6	0	0	0	0	0	0	0	0	1	0
C	Marios	22	161	6	1	28____	96913	6	0	0	0	0	1	0	0	0	0	0
C	Marios	22	161	6	1	28____	96974	6	0	0	0	0	0	0	0	0	1	0
C	Marios	22	161	6	1	28____	96995	6	0	0	0	0	1	0	0	0	0	0
C	Marios	22	161	6	1	28____	97000	6	11	0	0	0	0	0	0	0	0	0
C	Marios	22	161	6	1	28____	97305	11	0	0	0	0	0	0	0	0	1	0
C	Marios	22	161	6	1	28____	97500	11	1	0	0	0	0	0	0	0	0	0
C	Marios	22	161	6	1	28____	101250	1	2	0	0	0	0	0	0	0	0	0
C	Marios	22	161	6	1	28____	101750	2	13	0	0	0	0	0	0	0	0	0
C	Marios	22	161	6	1	28____	102250	13	15	0	0	0	0	0	0	0	0	0
C	Marios	22	161	6	1	28____	102750	15	1	0	0	0	0	0	0	0	0	0
C	Marios	22	161	6	1	28____	105750	1	2	0	0	0	0	0	0	0	0	0
C	Marios	22	161	6	1	28____	106250	2	13	0	0	0	0	0	0	0	0	0
C	Marios	22	161	6	1	28____	106750	13	15	0	0	0	0	0	0	0	0	0
C	Marios	22	161	6	1	28____	107250	15	1	0	0	0	0	0	0	0	0	0
C	Marios	22	161	6	1	28____	110661	1	0	0	0	0	1	0	0	0	0	0
C	Marios	22	161	6	1	28____	110702	1	0	0	0	0	0	0	0	0	1	0
C	Marios	22	161	6	1	28____	111750	1	2	0	0	0	0	0	0	0	0	0
C	Marios	22	161	6	1	28____	112250	2	13	0	0	0	0	0	0	0	0	0
C	Marios	22	161	6	1	28____	112340	13	0	0	0	0	1	0	0	0	0	0
C	Marios	22	161	6	1	28____	112405	13	0	0	0	0	0	0	0	0	1	0
C	Marios	22	161	6	1	28____	112750	13	15	0	0	0	0	0	0	0	0	0
C	Marios	22	161	6	1	28____	113250	15	1	0	0	0	0	0	0	0	0	0
C	Marios	22	161	6	1	28____	114750	1	2	0	0	0	0	0	0	0	0	0
C	Marios	22	161	6	1	28____	115250	2	12	0	0	0	0	0	0	0	0	0
C	Marios	22	161	6	1	28____	115750	12	15	0	0	0	0	0	0	0	0	0
C	Marios	22	161	6	1	28____	116250	15	1	0	0	0	0	0	0	0	0	0
C	Marios	22	161	6	1	28____	116839	1	0	0	0	0	1	0	0	0	0	0
C	Marios	22	161	6	1	28____	116865	1	0	0	0	0	0	0	0	0	1	0
C	Marios	22	161	6	1	28____	117303	1	0	0	0	0	1	0	0	0	0	0
C	Marios	22	161	6	1	28____	117345	1	0	0	0	0	0	0	0	0	1	0
C	Marios	22	161	6	1	28____	117364	1	0	0	0	0	1	0	0	0	0	0
C	Marios	22	161	6	1	28____	117368	1	0	0	0	0	0	0	0	0	1	0
C	Marios	22	161	6	1	28____	117370	1	0	0	0	0	1	0	0	0	0	0
C	Marios	22	161	6	1	28____	117372	1	0	0	0	0	0	0	0	0	1	0
C	Marios	22	161	6	1	28____	117394	1	0	0	0	0	1	0	0	0	0	0
C	Marios	22	161	6	1	28____	117443	1	0	0	0	0	0	0	0	0	1	0
C	Marios	22	161	6	1	28____	117469	1	0	0	0	0	1	0	0	0	0	0
C	Marios	22	161	6	1	28____	117504	1	0	0	0	0	0	0	0	0	1	0
C	Marios	22	161	6	1	28____	117860	1	0	0	0	0	1	0	0	0	0	0
C	Marios	22	161	6	1	28____	117871	1	0	0	0	0	0	0	0	0	1	0
C	Marios	22	161	6	1	28____	118300	1	0	0	0	0	1	0	0	0	0	0
C	Marios	22	161	6	1	28____	118316	1	0	0	0	0	1	0	0	0	1	0
C	Marios	22	161	6	1	28____	118321	1	0	0	0	0	0	0	0	0	1	0
C	Marios	22	161	6	1	28____	118324	1	0	0	0	0	1	0	0	0	0	0
C	Marios	22	161	6	1	28____	118327	1	0	0	0	0	0	0	0	0	1	0
C	Marios	22	161	6	1	28____	119235	1	0	0	0	0	1	0	0	0	0	0
C	Marios	22	161	6	1	28____	119261	1	0	0	0	0	0	0	0	0	1	0
C	Marios	22	161	6	1	28____	119264	1	0	0	0	0	1	0	0	0	0	0
C	Marios	22	161	6	1	28____	119298	1	0	0	0	0	0	0	0	0	1	0
C	Marios	22	161	6	1	28____	120896	1	0	0	0	0	1	0	0	0	0	0
C	Marios	22	161	6	1	28____	121056	1	0	0	0	0	0	0	0	0	1	0
C	Marios	22	161	6	1	28____	121417	1	0	0	0	0	1	0	0	0	0	0
C	Marios	22	161	6	1	28____	121496	1	0	0	0	0	0	0	0	0	1	0
C	Marios	22	161	6	1	28____	121750	1	2	0	0	0	0	0	0	0	0	0
C	Marios	22	161	6	1	28____	121806	2	0	0	0	0	1	0	0	0	0	0
C	Marios	22	161	6	1	28____	121983	2	0	0	0	0	0	0	0	0	1	0
C	Marios	22	161	6	1	28____	122037	2	0	0	0	0	1	0	0	0	0	0
C	Marios	22	161	6	1	28____	122054	2	0	0	0	0	0	0	0	0	1	0
C	Marios	22	161	6	1	28____	122090	2	0	0	0	0	1	0	0	0	0	0
C	Marios	22	161	6	1	28____	122135	2	0	0	0	0	0	0	0	0	1	0
C	Marios	22	161	6	1	28____	122250	2	12	0	0	0	0	0	0	0	0	0
C	Marios	22	161	6	1	28____	122330	12	0	0	0	0	1	0	0	0	0	0
C	Marios	22	161	6	1	28____	122532	12	0	0	0	0	0	0	0	0	1	0
C	Marios	22	161	6	1	28____	122635	12	0	0	0	0	1	0	0	0	0	0
C	Marios	22	161	6	1	28____	122750	12	15	0	0	0	0	0	0	0	0	0
C	Marios	22	161	6	1	28____	122792	15	0	0	0	0	0	0	0	0	1	0
C	Marios	22	161	6	1	28____	122837	15	0	0	0	0	1	0	0	0	0	0
C	Marios	22	161	6	1	28____	122865	15	0	0	0	0	0	0	0	0	1	0
C	Marios	22	161	6	1	28____	122882	15	0	0	0	0	1	0	0	0	0	0
C	Marios	22	161	6	1	28____	123003	15	0	0	0	0	0	0	0	0	1	0
C	Marios	22	161	6	1	28____	123197	15	0	0	0	0	1	0	0	0	0	0
C	Marios	22	161	6	1	28____	123221	15	0	0	0	0	0	0	0	0	1	0
C	Marios	22	161	6	1	28____	123250	15	1	0	0	0	0	0	0	0	0	0
C	Marios	22	161	6	1	28____	124213	1	0	0	0	0	1	0	0	0	0	0
C	Marios	22	161	6	1	28____	124240	1	0	0	0	0	0	0	0	0	1	0
C	Marios	22	161	6	1	28____	126340	1	0	0	0	0	1	0	0	0	0	0
C	Marios	22	161	6	1	28____	126357	1	0	0	0	0	0	0	0	0	1	0
C	Marios	22	161	6	1	28____	126812	1	0	0	0	0	1	0	0	0	0	0
C	Marios	22	161	6	1	28____	127066	1	0	0	0	0	0	0	0	0	1	0
C	Marios	22	161	6	1	28____	127185	1	0	0	0	0	1	0	0	0	0	0
C	Marios	22	161	6	1	28____	127259	1	0	0	0	0	0	0	0	0	1	0
C	Marios	22	161	6	1	28____	127308	1	0	0	0	0	1	0	0	0	0	0
C	Marios	22	161	6	1	28____	127413	1	0	0	0	0	0	0	0	0	1	0
C	Marios	22	161	6	1	28____	128444	1	0	0	0	0	1	0	0	0	0	0
C	Marios	22	161	6	1	28____	128493	1	0	0	0	0	0	0	0	0	1	0
C	Marios	22	161	6	1	28____	128575	1	0	0	0	0	1	0	0	0	0	0
C	Marios	22	161	6	1	28____	128661	1	0	0	0	0	0	0	0	0	1	0
C	Marios	22	161	6	1	28____	128826	1	0	0	0	0	1	0	0	0	0	0
C	Marios	22	161	6	1	28____	129157	1	0	0	0	0	0	0	0	0	1	0
C	Marios	22	161	6	1	28____	129250	1	2	0	0	0	0	0	0	0	0	0
C	Marios	22	161	6	1	28____	129750	2	7	0	0	0	0	0	0	0	0	0
C	Marios	22	161	6	1	28____	129855	7	0	0	0	0	1	0	0	0	0	0
C	Marios	22	161	6	1	28____	129876	7	0	0	0	0	0	0	0	0	1	0
C	Marios	22	161	6	1	28____	129928	7	0	0	0	0	1	0	0	0	0	0
C	Marios	22	161	6	1	28____	130004	7	0	0	0	0	0	0	0	0	1	0
C	Marios	22	161	6	1	28____	130065	7	0	0	0	0	1	0	0	0	0	0
C	Marios	22	161	6	1	28____	130212	7	0	0	0	0	0	0	0	0	1	0
C	Marios	22	161	6	1	28____	130213	7	0	0	0	0	1	0	0	0	0	0
C	Marios	22	161	6	1	28____	130237	7	0	0	0	0	0	0	0	0	1	0
C	Marios	22	161	6	1	28____	130250	7	10	0	0	0	0	0	0	0	0	0
C	Marios	22	161	6	1	28____	130273	10	0	0	0	0	1	0	0	0	0	0
C	Marios	22	161	6	1	28____	130635	10	0	0	0	0	0	0	0	0	1	0
C	Marios	22	161	6	1	28____	130750	10	1	0	0	0	0	0	0	0	0	0
C	Marios	22	161	6	1	28____	132679	1	0	0	0	0	1	0	0	0	0	0
C	Marios	22	161	6	1	28____	132750	1	0	0	0	0	0	0	0	0	1	0
C	Marios	22	161	6	1	28____	135339	1	0	0	0	0	1	0	0	0	0	0
C	Marios	22	161	6	1	28____	135392	1	0	0	0	0	0	0	0	0	1	0
C	Marios	22	161	6	1	28____	136518	1	0	0	0	0	1	0	0	0	0	0
C	Marios	22	161	6	1	28____	136533	1	0	0	0	0	0	0	0	0	1	0
C	Marios	22	161	6	1	28____	136609	1	0	0	0	0	1	0	0	0	0	0
C	Marios	22	161	6	1	28____	136712	1	0	0	0	0	0	0	0	0	1	0
C	Marios	22	161	6	1	28____	136864	1	0	0	0	0	1	0	0	0	0	0
C	Marios	22	161	6	1	28____	136890	1	0	0	0	0	0	0	0	0	1	0
C	Marios	22	161	6	1	28____	137500	1	2	0	0	0	0	0	0	0	0	0
C	Marios	22	161	6	1	28____	138000	2	13	0	0	0	0	0	0	0	0	0
C	Marios	22	161	6	1	28____	138424	13	0	0	0	0	1	0	0	0	0	0
C	Marios	22	161	6	1	28____	138500	13	15	0	0	0	0	0	0	0	0	0
C	Marios	22	161	6	1	28____	138503	15	0	0	0	0	0	0	0	0	1	0
C	Marios	22	161	6	1	28____	138570	15	0	0	0	0	1	0	0	0	0	0
C	Marios	22	161	6	1	28____	138633	15	0	0	0	0	0	0	0	0	1	0
C	Marios	22	161	6	1	28____	139000	15	1	0	0	0	0	0	0	0	0	0
C	Marios	22	161	6	1	28____	139955	1	0	0	0	0	1	0	0	0	0	0
C	Marios	22	161	6	1	28____	139990	1	0	0	0	0	0	0	0	0	1	0
C	Marios	22	161	6	1	28____	142500	1	2	0	0	0	0	0	0	0	0	0
C	Marios	22	161	6	1	28____	143000	2	6	0	0	0	0	0	0	0	0	0
C	Marios	22	161	6	1	28____	143049	6	0	0	0	0	1	0	0	0	0	0
C	Marios	22	161	6	1	28____	143114	6	0	0	0	0	0	0	0	0	1	0
C	Marios	22	161	6	1	28____	143154	6	0	0	0	0	1	0	0	0	0	0
C	Marios	22	161	6	1	28____	143189	6	0	0	0	0	0	0	0	0	1	0
C	Marios	22	161	6	1	28____	143218	6	0	0	0	0	1	0	0	0	0	0
C	Marios	22	161	6	1	28____	143278	6	0	0	0	0	0	0	0	0	1	0
C	Marios	22	161	6	1	28____	143310	6	0	0	0	0	1	0	0	0	0	0
C	Marios	22	161	6	1	28____	143374	6	0	0	0	0	0	0	0	0	1	0
C	Marios	22	161	6	1	28____	143413	6	0	0	0	0	1	0	0	0	0	0
C	Marios	22	161	6	1	28____	143458	6	0	0	0	0	0	0	0	0	1	0
C	Marios	22	161	6	1	28____	143492	6	0	0	0	0	1	0	0	0	0	0
C	Marios	22	161	6	1	28____	143500	6	11	0	0	0	0	0	0	0	0	0
C	Marios	22	161	6	1	28____	143853	11	0	0	0	0	0	0	0	0	1	0
C	Marios	22	161	6	1	28____	143854	11	0	0	0	0	1	0	0	0	0	0
C	Marios	22	161	6	1	28____	143858	11	0	0	0	0	0	0	0	0	1	0
C	Marios	22	161	6	1	28____	143865	11	0	0	0	0	1	0	0	0	0	0
C	Marios	22	161	6	1	28____	143907	11	0	0	0	0	0	0	0	0	1	0
C	Marios	22	161	6	1	28____	144000	11	14	0	0	0	0	0	0	0	0	0
C	Marios	22	161	6	1	28____	144036	14	0	0	0	0	1	0	0	0	0	0
C	Marios	22	161	6	1	28____	144081	14	0	0	0	0	0	0	0	0	1	0
C	Marios	22	161	6	1	28____	144470	14	0	0	0	0	1	0	0	0	0	0
C	Marios	22	161	6	1	28____	144476	14	0	0	0	0	0	0	0	0	1	0
C	Marios	22	161	6	1	28____	145918	14	0	0	0	0	1	0	0	0	0	0
C	Marios	22	161	6	1	28____	145940	14	0	0	0	0	0	0	0	0	1	0
C	Marios	22	161	6	1	28____	146199	14	0	0	0	0	1	0	0	0	0	0
C	Marios	22	161	6	1	28____	146201	14	0	0	0	0	0	0	0	0	1	0
C	Marios	22	161	6	1	28____	147000	14	-1	0	0	0	0	0	0	0	0	0
