Project	UserID	Protocol	Session	Station	Run	Subject	Time	Current State	Transition State	Transition Event	A1 - LLR	A2 - RLR	A3 - MAG	A4 - 	A[1] LLR_OFF	A[2] RLR_OFF	A[3] MAG_OFF	A[4] 
C	Marios	20	161	9	1	2_____	0	0	1	0	0	0	0	0	0	0	0	0
C	Marios	20	161	9	1	2_____	78	1	0	0	0	0	1	0	0	0	0	0
C	Marios	20	161	9	1	2_____	174	1	0	0	0	0	0	0	0	0	1	0
C	Marios	20	161	9	1	2_____	1410	1	0	0	0	0	1	0	0	0	0	0
C	Marios	20	161	9	1	2_____	1504	1	0	0	0	0	0	0	0	0	1	0
C	Marios	20	161	9	1	2_____	1568	1	0	0	0	0	1	0	0	0	0	0
C	Marios	20	161	9	1	2_____	1646	1	0	0	0	0	0	0	0	0	1	0
C	Marios	20	161	9	1	2_____	2756	1	0	0	0	0	1	0	0	0	0	0
C	Marios	20	161	9	1	2_____	2793	1	0	0	0	0	0	0	0	0	1	0
C	Marios	20	161	9	1	2_____	3000	1	2	0	0	0	0	0	0	0	0	0
C	Marios	20	161	9	1	2_____	3500	2	13	0	0	0	0	0	0	0	0	0
C	Marios	20	161	9	1	2_____	4000	13	15	0	0	0	0	0	0	0	0	0
C	Marios	20	161	9	1	2_____	4500	15	1	0	0	0	0	0	0	0	0	0
C	Marios	20	161	9	1	2_____	7467	1	0	0	0	0	1	0	0	0	0	0
C	Marios	20	161	9	1	2_____	7474	1	0	0	0	0	0	0	0	0	1	0
C	Marios	20	161	9	1	2_____	9351	1	0	0	0	0	1	0	0	0	0	0
C	Marios	20	161	9	1	2_____	9387	1	0	0	0	0	0	0	0	0	1	0
C	Marios	20	161	9	1	2_____	10500	1	2	0	0	0	0	0	0	0	0	0
C	Marios	20	161	9	1	2_____	11000	2	12	0	0	0	0	0	0	0	0	0
C	Marios	20	161	9	1	2_____	11500	12	15	0	0	0	0	0	0	0	0	0
C	Marios	20	161	9	1	2_____	12000	15	1	0	0	0	0	0	0	0	0	0
C	Marios	20	161	9	1	2_____	14491	1	0	0	0	0	1	0	0	0	0	0
C	Marios	20	161	9	1	2_____	14511	1	0	0	0	0	0	0	0	0	1	0
C	Marios	20	161	9	1	2_____	18750	1	2	0	0	0	0	0	0	0	0	0
C	Marios	20	161	9	1	2_____	19250	2	13	0	0	0	0	0	0	0	0	0
C	Marios	20	161	9	1	2_____	19750	13	15	0	0	0	0	0	0	0	0	0
C	Marios	20	161	9	1	2_____	20250	15	1	0	0	0	0	0	0	0	0	0
C	Marios	20	161	9	1	2_____	22363	1	0	0	0	0	1	0	0	0	0	0
C	Marios	20	161	9	1	2_____	22399	1	0	0	0	0	0	0	0	0	1	0
C	Marios	20	161	9	1	2_____	22552	1	0	0	0	0	1	0	0	0	0	0
C	Marios	20	161	9	1	2_____	22607	1	0	0	0	0	0	0	0	0	1	0
C	Marios	20	161	9	1	2_____	22676	1	0	0	0	0	1	0	0	0	0	0
C	Marios	20	161	9	1	2_____	22740	1	0	0	0	0	0	0	0	0	1	0
C	Marios	20	161	9	1	2_____	22788	1	0	0	0	0	1	0	0	0	0	0
C	Marios	20	161	9	1	2_____	22832	1	0	0	0	0	0	0	0	0	1	0
C	Marios	20	161	9	1	2_____	22861	1	0	0	0	0	1	0	0	0	0	0
C	Marios	20	161	9	1	2_____	22890	1	0	0	0	0	0	0	0	0	1	0
C	Marios	20	161	9	1	2_____	22898	1	0	0	0	0	1	0	0	0	0	0
C	Marios	20	161	9	1	2_____	22925	1	0	0	0	0	0	0	0	0	1	0
C	Marios	20	161	9	1	2_____	22977	1	0	0	0	0	1	0	0	0	0	0
C	Marios	20	161	9	1	2_____	23030	1	0	0	0	0	0	0	0	0	1	0
C	Marios	20	161	9	1	2_____	23193	1	0	0	0	0	1	0	0	0	0	0
C	Marios	20	161	9	1	2_____	23246	1	0	0	0	0	0	0	0	0	1	0
C	Marios	20	161	9	1	2_____	23367	1	0	0	0	0	1	0	0	0	0	0
C	Marios	20	161	9	1	2_____	23406	1	0	0	0	0	0	0	0	0	1	0
C	Marios	20	161	9	1	2_____	23439	1	0	0	0	0	1	0	0	0	0	0
C	Marios	20	161	9	1	2_____	23469	1	0	0	0	0	0	0	0	0	1	0
C	Marios	20	161	9	1	2_____	23522	1	0	0	0	0	1	0	0	0	0	0
C	Marios	20	161	9	1	2_____	23617	1	0	0	0	0	0	0	0	0	1	0
C	Marios	20	161	9	1	2_____	23694	1	0	0	0	0	1	0	0	0	0	0
C	Marios	20	161	9	1	2_____	23715	1	0	0	0	0	0	0	0	0	1	0
C	Marios	20	161	9	1	2_____	23927	1	0	0	0	0	1	0	0	0	0	0
C	Marios	20	161	9	1	2_____	23942	1	0	0	0	0	0	0	0	0	1	0
C	Marios	20	161	9	1	2_____	23975	1	0	0	0	0	1	0	0	0	0	0
C	Marios	20	161	9	1	2_____	24061	1	0	0	0	0	0	0	0	0	1	0
C	Marios	20	161	9	1	2_____	24388	1	0	0	0	0	1	0	0	0	0	0
C	Marios	20	161	9	1	2_____	24414	1	0	0	0	0	0	0	0	0	1	0
C	Marios	20	161	9	1	2_____	24463	1	0	0	0	0	1	0	0	0	0	0
C	Marios	20	161	9	1	2_____	24530	1	0	0	0	0	0	0	0	0	1	0
C	Marios	20	161	9	1	2_____	24750	1	2	0	0	0	0	0	0	0	0	0
C	Marios	20	161	9	1	2_____	25250	2	12	0	0	0	0	0	0	0	0	0
C	Marios	20	161	9	1	2_____	25750	12	15	0	0	0	0	0	0	0	0	0
C	Marios	20	161	9	1	2_____	26173	15	0	0	0	0	1	0	0	0	0	0
C	Marios	20	161	9	1	2_____	26182	15	0	0	0	0	0	0	0	0	1	0
C	Marios	20	161	9	1	2_____	26250	15	1	0	0	0	0	0	0	0	0	0
C	Marios	20	161	9	1	2_____	28198	1	0	0	0	0	1	0	0	0	0	0
C	Marios	20	161	9	1	2_____	28217	1	0	0	0	0	0	0	0	0	1	0
C	Marios	20	161	9	1	2_____	29010	1	0	0	0	0	1	0	0	0	0	0
C	Marios	20	161	9	1	2_____	29030	1	0	0	0	0	0	0	0	0	1	0
C	Marios	20	161	9	1	2_____	30787	1	0	0	0	0	1	0	0	0	0	0
C	Marios	20	161	9	1	2_____	30796	1	0	0	0	0	0	0	0	0	1	0
C	Marios	20	161	9	1	2_____	30983	1	0	0	0	0	1	0	0	0	0	0
C	Marios	20	161	9	1	2_____	30991	1	0	0	0	0	0	0	0	0	1	0
C	Marios	20	161	9	1	2_____	31500	1	2	0	0	0	0	0	0	0	0	0
C	Marios	20	161	9	1	2_____	32000	2	6	0	0	0	0	0	0	0	0	0
C	Marios	20	161	9	1	2_____	32065	6	0	0	0	0	1	0	0	0	0	0
C	Marios	20	161	9	1	2_____	32099	6	0	0	0	0	0	0	0	0	1	0
C	Marios	20	161	9	1	2_____	32160	6	0	0	0	0	1	0	0	0	0	0
C	Marios	20	161	9	1	2_____	32188	6	0	0	0	0	0	0	0	0	1	0
C	Marios	20	161	9	1	2_____	32260	6	0	0	0	0	1	0	0	0	0	0
C	Marios	20	161	9	1	2_____	32301	6	0	0	0	0	0	0	0	0	1	0
C	Marios	20	161	9	1	2_____	32336	6	0	0	0	0	1	0	0	0	0	0
C	Marios	20	161	9	1	2_____	32345	6	0	0	0	0	0	0	0	0	1	0
C	Marios	20	161	9	1	2_____	32358	6	0	0	0	0	1	0	0	0	0	0
C	Marios	20	161	9	1	2_____	32383	6	0	0	0	0	0	0	0	0	1	0
C	Marios	20	161	9	1	2_____	32440	6	0	0	0	0	1	0	0	0	0	0
C	Marios	20	161	9	1	2_____	32464	6	0	0	0	0	0	0	0	0	1	0
C	Marios	20	161	9	1	2_____	32497	6	0	0	0	0	1	0	0	0	0	0
C	Marios	20	161	9	1	2_____	32499	6	0	0	0	0	0	0	0	0	1	0
C	Marios	20	161	9	1	2_____	32500	6	10	0	0	0	0	0	0	0	0	0
C	Marios	20	161	9	1	2_____	32523	10	0	0	0	0	1	0	0	0	0	0
C	Marios	20	161	9	1	2_____	32671	10	0	0	0	0	0	0	0	0	1	0
C	Marios	20	161	9	1	2_____	32709	10	0	0	0	0	1	0	0	0	0	0
C	Marios	20	161	9	1	2_____	32711	10	0	0	0	0	0	0	0	0	1	0
C	Marios	20	161	9	1	2_____	32738	10	0	0	0	0	1	0	0	0	0	0
C	Marios	20	161	9	1	2_____	32742	10	0	0	0	0	0	0	0	0	1	0
C	Marios	20	161	9	1	2_____	32748	10	0	0	0	0	1	0	0	0	0	0
C	Marios	20	161	9	1	2_____	32752	10	0	0	0	0	0	0	0	0	1	0
C	Marios	20	161	9	1	2_____	33000	10	1	0	0	0	0	0	0	0	0	0
C	Marios	20	161	9	1	2_____	34424	1	0	0	0	0	1	0	0	0	0	0
C	Marios	20	161	9	1	2_____	34451	1	0	0	0	0	0	0	0	0	1	0
C	Marios	20	161	9	1	2_____	34454	1	0	0	0	0	1	0	0	0	0	0
C	Marios	20	161	9	1	2_____	34474	1	0	0	0	0	0	0	0	0	1	0
C	Marios	20	161	9	1	2_____	35250	1	2	0	0	0	0	0	0	0	0	0
C	Marios	20	161	9	1	2_____	35750	2	7	0	0	0	0	0	0	0	0	0
C	Marios	20	161	9	1	2_____	35832	7	0	0	0	0	1	0	0	0	0	0
C	Marios	20	161	9	1	2_____	35857	7	0	0	0	0	0	0	0	0	1	0
C	Marios	20	161	9	1	2_____	35956	7	0	0	0	0	1	0	0	0	0	0
C	Marios	20	161	9	1	2_____	36020	7	0	0	0	0	0	0	0	0	1	0
C	Marios	20	161	9	1	2_____	36065	7	0	0	0	0	1	0	0	0	0	0
C	Marios	20	161	9	1	2_____	36113	7	0	0	0	0	0	0	0	0	1	0
C	Marios	20	161	9	1	2_____	36164	7	0	0	0	0	1	0	0	0	0	0
C	Marios	20	161	9	1	2_____	36212	7	0	0	0	0	0	0	0	0	1	0
C	Marios	20	161	9	1	2_____	36213	7	0	0	0	0	1	0	0	0	0	0
C	Marios	20	161	9	1	2_____	36215	7	0	0	0	0	0	0	0	0	1	0
C	Marios	20	161	9	1	2_____	36250	7	11	0	0	0	0	0	0	0	0	0
C	Marios	20	161	9	1	2_____	36280	11	0	0	0	0	1	0	0	0	0	0
C	Marios	20	161	9	1	2_____	36402	11	0	0	0	0	0	0	0	0	1	0
C	Marios	20	161	9	1	2_____	36646	11	0	0	0	0	1	0	0	0	0	0
C	Marios	20	161	9	1	2_____	36660	11	0	0	0	0	0	0	0	0	1	0
C	Marios	20	161	9	1	2_____	36680	11	0	0	0	0	1	0	0	0	0	0
C	Marios	20	161	9	1	2_____	36720	11	0	0	0	0	0	0	0	0	1	0
C	Marios	20	161	9	1	2_____	36750	11	1	0	0	0	0	0	0	0	0	0
C	Marios	20	161	9	1	2_____	38531	1	0	0	0	0	1	0	0	0	0	0
C	Marios	20	161	9	1	2_____	38549	1	0	0	0	0	0	0	0	0	1	0
C	Marios	20	161	9	1	2_____	38921	1	0	0	0	0	1	0	0	0	0	0
C	Marios	20	161	9	1	2_____	38959	1	0	0	0	0	0	0	0	0	1	0
C	Marios	20	161	9	1	2_____	38961	1	0	0	0	0	1	0	0	0	0	0
C	Marios	20	161	9	1	2_____	38991	1	0	0	0	0	0	0	0	0	1	0
C	Marios	20	161	9	1	2_____	39253	1	0	0	0	0	1	0	0	0	0	0
C	Marios	20	161	9	1	2_____	39329	1	0	0	0	0	0	0	0	0	1	0
C	Marios	20	161	9	1	2_____	39473	1	0	0	0	0	1	0	0	0	0	0
C	Marios	20	161	9	1	2_____	39543	1	0	0	0	0	0	0	0	0	1	0
C	Marios	20	161	9	1	2_____	39777	1	0	0	0	0	1	0	0	0	0	0
C	Marios	20	161	9	1	2_____	39858	1	0	0	0	0	0	0	0	0	1	0
C	Marios	20	161	9	1	2_____	40158	1	0	0	0	0	1	0	0	0	0	0
C	Marios	20	161	9	1	2_____	40233	1	0	0	0	0	0	0	0	0	1	0
C	Marios	20	161	9	1	2_____	40718	1	0	0	0	0	1	0	0	0	0	0
C	Marios	20	161	9	1	2_____	40771	1	0	0	0	0	0	0	0	0	1	0
C	Marios	20	161	9	1	2_____	40814	1	0	0	0	0	1	0	0	0	0	0
C	Marios	20	161	9	1	2_____	40864	1	0	0	0	0	0	0	0	0	1	0
C	Marios	20	161	9	1	2_____	41250	1	2	0	0	0	0	0	0	0	0	0
C	Marios	20	161	9	1	2_____	41750	2	13	0	0	0	0	0	0	0	0	0
C	Marios	20	161	9	1	2_____	42113	13	0	0	0	0	1	0	0	0	0	0
C	Marios	20	161	9	1	2_____	42119	13	0	0	0	0	0	0	0	0	1	0
C	Marios	20	161	9	1	2_____	42250	13	15	0	0	0	0	0	0	0	0	0
C	Marios	20	161	9	1	2_____	42620	15	0	0	0	0	1	0	0	0	0	0
C	Marios	20	161	9	1	2_____	42638	15	0	0	0	0	0	0	0	0	1	0
C	Marios	20	161	9	1	2_____	42750	15	1	0	0	0	0	0	0	0	0	0
C	Marios	20	161	9	1	2_____	43762	1	0	0	0	0	1	0	0	0	0	0
C	Marios	20	161	9	1	2_____	43866	1	0	0	0	0	0	0	0	0	1	0
C	Marios	20	161	9	1	2_____	44626	1	0	0	0	0	1	0	0	0	0	0
C	Marios	20	161	9	1	2_____	44756	1	0	0	0	0	0	0	0	0	1	0
C	Marios	20	161	9	1	2_____	44867	1	0	0	0	0	1	0	0	0	0	0
C	Marios	20	161	9	1	2_____	44877	1	0	0	0	0	0	0	0	0	1	0
C	Marios	20	161	9	1	2_____	44878	1	0	0	0	0	1	0	0	0	0	0
C	Marios	20	161	9	1	2_____	44916	1	0	0	0	0	0	0	0	0	1	0
C	Marios	20	161	9	1	2_____	45163	1	0	0	0	0	1	0	0	0	0	0
C	Marios	20	161	9	1	2_____	45165	1	0	0	0	0	0	0	0	0	1	0
C	Marios	20	161	9	1	2_____	45178	1	0	0	0	0	1	0	0	0	0	0
C	Marios	20	161	9	1	2_____	45232	1	0	0	0	0	0	0	0	0	1	0
C	Marios	20	161	9	1	2_____	45764	1	0	0	0	0	1	0	0	0	0	0
C	Marios	20	161	9	1	2_____	45837	1	0	0	0	0	0	0	0	0	1	0
C	Marios	20	161	9	1	2_____	46500	1	2	0	0	0	0	0	0	0	0	0
C	Marios	20	161	9	1	2_____	46614	2	0	0	0	0	1	0	0	0	0	0
C	Marios	20	161	9	1	2_____	46643	2	0	0	0	0	0	0	0	0	1	0
C	Marios	20	161	9	1	2_____	46953	2	0	0	0	0	1	0	0	0	0	0
C	Marios	20	161	9	1	2_____	46988	2	0	0	0	0	0	0	0	0	1	0
C	Marios	20	161	9	1	2_____	47000	2	13	0	0	0	0	0	0	0	0	0
C	Marios	20	161	9	1	2_____	47500	13	15	0	0	0	0	0	0	0	0	0
C	Marios	20	161	9	1	2_____	47716	15	0	0	0	0	1	0	0	0	0	0
C	Marios	20	161	9	1	2_____	47769	15	0	0	0	0	0	0	0	0	1	0
C	Marios	20	161	9	1	2_____	47803	15	0	0	0	0	1	0	0	0	0	0
C	Marios	20	161	9	1	2_____	47857	15	0	0	0	0	0	0	0	0	1	0
C	Marios	20	161	9	1	2_____	48000	15	1	0	0	0	0	0	0	0	0	0
C	Marios	20	161	9	1	2_____	48281	1	0	0	0	0	1	0	0	0	0	0
C	Marios	20	161	9	1	2_____	48294	1	0	0	0	0	0	0	0	0	1	0
C	Marios	20	161	9	1	2_____	48848	1	0	0	0	0	1	0	0	0	0	0
C	Marios	20	161	9	1	2_____	48859	1	0	0	0	0	0	0	0	0	1	0
C	Marios	20	161	9	1	2_____	49132	1	0	0	0	0	1	0	0	0	0	0
C	Marios	20	161	9	1	2_____	49165	1	0	0	0	0	0	0	0	0	1	0
C	Marios	20	161	9	1	2_____	50081	1	0	0	0	0	1	0	0	0	0	0
C	Marios	20	161	9	1	2_____	50104	1	0	0	0	0	0	0	0	0	1	0
C	Marios	20	161	9	1	2_____	50767	1	0	0	0	0	1	0	0	0	0	0
C	Marios	20	161	9	1	2_____	50814	1	0	0	0	0	0	0	0	0	1	0
C	Marios	20	161	9	1	2_____	51326	1	0	0	0	0	1	0	0	0	0	0
C	Marios	20	161	9	1	2_____	51469	1	0	0	0	0	0	0	0	0	1	0
C	Marios	20	161	9	1	2_____	51500	1	2	0	0	0	0	0	0	0	0	0
C	Marios	20	161	9	1	2_____	52000	2	6	0	0	0	0	0	0	0	0	0
C	Marios	20	161	9	1	2_____	52061	6	0	0	0	0	1	0	0	0	0	0
C	Marios	20	161	9	1	2_____	52092	6	0	0	0	0	0	0	0	0	1	0
C	Marios	20	161	9	1	2_____	52141	6	0	0	0	0	1	0	0	0	0	0
C	Marios	20	161	9	1	2_____	52157	6	0	0	0	0	0	0	0	0	1	0
C	Marios	20	161	9	1	2_____	52193	6	0	0	0	0	1	0	0	0	0	0
C	Marios	20	161	9	1	2_____	52201	6	0	0	0	0	0	0	0	0	1	0
C	Marios	20	161	9	1	2_____	52209	6	0	0	0	0	1	0	0	0	0	0
C	Marios	20	161	9	1	2_____	52247	6	0	0	0	0	0	0	0	0	1	0
C	Marios	20	161	9	1	2_____	52346	6	0	0	0	0	1	0	0	0	0	0
C	Marios	20	161	9	1	2_____	52353	6	0	0	0	0	0	0	0	0	1	0
C	Marios	20	161	9	1	2_____	52387	6	0	0	0	0	1	0	0	0	0	0
C	Marios	20	161	9	1	2_____	52391	6	0	0	0	0	0	0	0	0	1	0
C	Marios	20	161	9	1	2_____	52402	6	0	0	0	0	1	0	0	0	0	0
C	Marios	20	161	9	1	2_____	52409	6	0	0	0	0	0	0	0	0	1	0
C	Marios	20	161	9	1	2_____	52412	6	0	0	0	0	1	0	0	0	0	0
C	Marios	20	161	9	1	2_____	52458	6	0	0	0	0	0	0	0	0	1	0
C	Marios	20	161	9	1	2_____	52500	6	10	0	0	0	0	0	0	0	0	0
C	Marios	20	161	9	1	2_____	52515	10	0	0	0	0	1	0	0	0	0	0
C	Marios	20	161	9	1	2_____	52653	10	0	0	0	0	0	0	0	0	1	0
C	Marios	20	161	9	1	2_____	52680	10	0	0	0	0	1	0	0	0	0	0
C	Marios	20	161	9	1	2_____	52686	10	0	0	0	0	1	0	0	0	1	0
C	Marios	20	161	9	1	2_____	52689	10	0	0	0	0	0	0	0	0	1	0
C	Marios	20	161	9	1	2_____	52835	10	0	0	0	0	1	0	0	0	0	0
C	Marios	20	161	9	1	2_____	52837	10	0	0	0	0	0	0	0	0	1	0
C	Marios	20	161	9	1	2_____	52875	10	0	0	0	0	1	0	0	0	0	0
C	Marios	20	161	9	1	2_____	52879	10	0	0	0	0	0	0	0	0	1	0
C	Marios	20	161	9	1	2_____	53000	10	1	0	0	0	0	0	0	0	0	0
C	Marios	20	161	9	1	2_____	53641	1	0	0	0	0	1	0	0	0	0	0
C	Marios	20	161	9	1	2_____	53686	1	0	0	0	0	0	0	0	0	1	0
C	Marios	20	161	9	1	2_____	54500	1	2	0	0	0	0	0	0	0	0	0
C	Marios	20	161	9	1	2_____	55000	2	12	0	0	0	0	0	0	0	0	0
C	Marios	20	161	9	1	2_____	55063	12	0	0	0	0	1	0	0	0	0	0
C	Marios	20	161	9	1	2_____	55094	12	0	0	0	0	0	0	0	0	1	0
C	Marios	20	161	9	1	2_____	55500	12	15	0	0	0	0	0	0	0	0	0
C	Marios	20	161	9	1	2_____	56000	15	1	0	0	0	0	0	0	0	0	0
C	Marios	20	161	9	1	2_____	56876	1	0	0	0	0	1	0	0	0	0	0
C	Marios	20	161	9	1	2_____	56932	1	0	0	0	0	0	0	0	0	1	0
C	Marios	20	161	9	1	2_____	57761	1	0	0	0	0	1	0	0	0	0	0
C	Marios	20	161	9	1	2_____	57810	1	0	0	0	0	0	0	0	0	1	0
C	Marios	20	161	9	1	2_____	58324	1	0	0	0	0	1	0	0	0	0	0
C	Marios	20	161	9	1	2_____	58390	1	0	0	0	0	0	0	0	0	1	0
C	Marios	20	161	9	1	2_____	59373	1	0	0	0	0	1	0	0	0	0	0
C	Marios	20	161	9	1	2_____	59441	1	0	0	0	0	0	0	0	0	1	0
C	Marios	20	161	9	1	2_____	60105	1	0	0	0	0	1	0	0	0	0	0
C	Marios	20	161	9	1	2_____	60122	1	0	0	0	0	0	0	0	0	1	0
C	Marios	20	161	9	1	2_____	60127	1	0	0	0	0	1	0	0	0	0	0
C	Marios	20	161	9	1	2_____	60131	1	0	0	0	0	0	0	0	0	1	0
C	Marios	20	161	9	1	2_____	60604	1	0	0	0	0	1	0	0	0	0	0
C	Marios	20	161	9	1	2_____	60757	1	0	0	0	0	0	0	0	0	1	0
C	Marios	20	161	9	1	2_____	60778	1	0	0	0	0	1	0	0	0	0	0
C	Marios	20	161	9	1	2_____	60809	1	0	0	0	0	0	0	0	0	1	0
C	Marios	20	161	9	1	2_____	61500	1	2	0	0	0	0	0	0	0	0	0
C	Marios	20	161	9	1	2_____	61638	2	0	0	0	0	1	0	0	0	0	0
C	Marios	20	161	9	1	2_____	61711	2	0	0	0	0	0	0	0	0	1	0
C	Marios	20	161	9	1	2_____	62000	2	7	0	0	0	0	0	0	0	0	0
C	Marios	20	161	9	1	2_____	62071	7	0	0	0	0	1	0	0	0	0	0
C	Marios	20	161	9	1	2_____	62123	7	0	0	0	0	0	0	0	0	1	0
C	Marios	20	161	9	1	2_____	62199	7	0	0	0	0	1	0	0	0	0	0
C	Marios	20	161	9	1	2_____	62205	7	0	0	0	0	0	0	0	0	1	0
C	Marios	20	161	9	1	2_____	62226	7	0	0	0	0	1	0	0	0	0	0
C	Marios	20	161	9	1	2_____	62248	7	0	0	0	0	0	0	0	0	1	0
C	Marios	20	161	9	1	2_____	62333	7	0	0	0	0	1	0	0	0	0	0
C	Marios	20	161	9	1	2_____	62371	7	0	0	0	0	0	0	0	0	1	0
C	Marios	20	161	9	1	2_____	62399	7	0	0	0	0	1	0	0	0	0	0
C	Marios	20	161	9	1	2_____	62416	7	0	0	0	0	0	0	0	0	1	0
C	Marios	20	161	9	1	2_____	62465	7	0	0	0	0	1	0	0	0	0	0
C	Marios	20	161	9	1	2_____	62468	7	0	0	0	0	0	0	0	0	1	0
C	Marios	20	161	9	1	2_____	62500	7	11	0	0	0	0	0	0	0	0	0
C	Marios	20	161	9	1	2_____	62519	11	0	0	0	0	1	0	0	0	0	0
C	Marios	20	161	9	1	2_____	62711	11	0	0	0	0	0	0	0	0	1	0
C	Marios	20	161	9	1	2_____	62724	11	0	0	0	0	1	0	0	0	0	0
C	Marios	20	161	9	1	2_____	62781	11	0	0	0	0	0	0	0	0	1	0
C	Marios	20	161	9	1	2_____	63000	11	1	0	0	0	0	0	0	0	0	0
C	Marios	20	161	9	1	2_____	64584	1	0	0	0	0	1	0	0	0	0	0
C	Marios	20	161	9	1	2_____	64641	1	0	0	0	0	0	0	0	0	1	0
C	Marios	20	161	9	1	2_____	67435	1	0	0	0	0	1	0	0	0	0	0
C	Marios	20	161	9	1	2_____	67477	1	0	0	0	0	0	0	0	0	1	0
C	Marios	20	161	9	1	2_____	67524	1	0	0	0	0	1	0	0	0	0	0
C	Marios	20	161	9	1	2_____	67678	1	0	0	0	0	0	0	0	0	1	0
C	Marios	20	161	9	1	2_____	68284	1	0	0	0	0	1	0	0	0	0	0
C	Marios	20	161	9	1	2_____	68358	1	0	0	0	0	0	0	0	0	1	0
C	Marios	20	161	9	1	2_____	68609	1	0	0	0	0	1	0	0	0	0	0
C	Marios	20	161	9	1	2_____	68694	1	0	0	0	0	0	0	0	0	1	0
C	Marios	20	161	9	1	2_____	69866	1	0	0	0	0	1	0	0	0	0	0
C	Marios	20	161	9	1	2_____	69904	1	0	0	0	0	0	0	0	0	1	0
C	Marios	20	161	9	1	2_____	70282	1	0	0	0	0	1	0	0	0	0	0
C	Marios	20	161	9	1	2_____	70308	1	0	0	0	0	0	0	0	0	1	0
C	Marios	20	161	9	1	2_____	70500	1	2	0	0	0	0	0	0	0	0	0
C	Marios	20	161	9	1	2_____	70607	2	0	0	0	0	1	0	0	0	0	0
C	Marios	20	161	9	1	2_____	70641	2	0	0	0	0	0	0	0	0	1	0
C	Marios	20	161	9	1	2_____	71000	2	12	0	0	0	0	0	0	0	0	0
C	Marios	20	161	9	1	2_____	71077	12	0	0	0	0	1	0	0	0	0	0
C	Marios	20	161	9	1	2_____	71098	12	0	0	0	0	0	0	0	0	1	0
C	Marios	20	161	9	1	2_____	71117	12	0	0	0	0	1	0	0	0	0	0
C	Marios	20	161	9	1	2_____	71136	12	0	0	0	0	0	0	0	0	1	0
C	Marios	20	161	9	1	2_____	71142	12	0	0	0	0	1	0	0	0	0	0
C	Marios	20	161	9	1	2_____	71144	12	0	0	0	0	0	0	0	0	1	0
C	Marios	20	161	9	1	2_____	71308	12	0	0	0	0	1	0	0	0	0	0
C	Marios	20	161	9	1	2_____	71349	12	0	0	0	0	0	0	0	0	1	0
C	Marios	20	161	9	1	2_____	71500	12	15	0	0	0	0	0	0	0	0	0
C	Marios	20	161	9	1	2_____	71517	15	0	0	0	0	1	0	0	0	0	0
C	Marios	20	161	9	1	2_____	71584	15	0	0	0	0	0	0	0	0	1	0
C	Marios	20	161	9	1	2_____	71622	15	0	0	0	0	1	0	0	0	0	0
C	Marios	20	161	9	1	2_____	71625	15	0	0	0	0	1	0	0	0	1	0
C	Marios	20	161	9	1	2_____	71657	15	0	0	0	0	0	0	0	0	1	0
C	Marios	20	161	9	1	2_____	71672	15	0	0	0	0	1	0	0	0	0	0
C	Marios	20	161	9	1	2_____	71685	15	0	0	0	0	0	0	0	0	1	0
C	Marios	20	161	9	1	2_____	71798	15	0	0	0	0	1	0	0	0	0	0
C	Marios	20	161	9	1	2_____	71810	15	0	0	0	0	0	0	0	0	1	0
C	Marios	20	161	9	1	2_____	71839	15	0	0	0	0	1	0	0	0	0	0
C	Marios	20	161	9	1	2_____	71863	15	0	0	0	0	0	0	0	0	1	0
C	Marios	20	161	9	1	2_____	71890	15	0	0	0	0	1	0	0	0	0	0
C	Marios	20	161	9	1	2_____	71898	15	0	0	0	0	0	0	0	0	1	0
C	Marios	20	161	9	1	2_____	71925	15	0	0	0	0	1	0	0	0	0	0
C	Marios	20	161	9	1	2_____	71937	15	0	0	0	0	0	0	0	0	1	0
C	Marios	20	161	9	1	2_____	71982	15	0	0	0	0	1	0	0	0	0	0
C	Marios	20	161	9	1	2_____	71984	15	0	0	0	0	0	0	0	0	1	0
C	Marios	20	161	9	1	2_____	71985	15	0	0	0	0	1	0	0	0	0	0
C	Marios	20	161	9	1	2_____	71992	15	0	0	0	0	0	0	0	0	1	0
C	Marios	20	161	9	1	2_____	71997	15	0	0	0	0	1	0	0	0	0	0
C	Marios	20	161	9	1	2_____	72000	15	1	0	0	0	0	0	0	0	0	0
C	Marios	20	161	9	1	2_____	72002	1	0	0	0	0	0	0	0	0	1	0
C	Marios	20	161	9	1	2_____	72703	1	0	0	0	0	1	0	0	0	0	0
C	Marios	20	161	9	1	2_____	72723	1	0	0	0	0	0	0	0	0	1	0
C	Marios	20	161	9	1	2_____	73505	1	0	0	0	0	1	0	0	0	0	0
C	Marios	20	161	9	1	2_____	73520	1	0	0	0	0	0	0	0	0	1	0
C	Marios	20	161	9	1	2_____	73533	1	0	0	0	0	1	0	0	0	0	0
C	Marios	20	161	9	1	2_____	73539	1	0	0	0	0	0	0	0	0	1	0
C	Marios	20	161	9	1	2_____	74318	1	0	0	0	0	1	0	0	0	0	0
C	Marios	20	161	9	1	2_____	74357	1	0	0	0	0	0	0	0	0	1	0
C	Marios	20	161	9	1	2_____	75533	1	0	0	0	0	1	0	0	0	0	0
C	Marios	20	161	9	1	2_____	75637	1	0	0	0	0	0	0	0	0	1	0
C	Marios	20	161	9	1	2_____	75946	1	0	0	0	0	1	0	0	0	0	0
C	Marios	20	161	9	1	2_____	75952	1	0	0	0	0	0	0	0	0	1	0
C	Marios	20	161	9	1	2_____	76409	1	0	0	0	0	1	0	0	0	0	0
C	Marios	20	161	9	1	2_____	76500	1	2	0	0	0	0	0	0	0	0	0
C	Marios	20	161	9	1	2_____	76550	2	0	0	0	0	1	0	0	0	1	0
C	Marios	20	161	9	1	2_____	76577	2	0	0	0	0	0	0	0	0	1	0
C	Marios	20	161	9	1	2_____	77000	2	13	0	0	0	0	0	0	0	0	0
C	Marios	20	161	9	1	2_____	77500	13	15	0	0	0	0	0	0	0	0	0
C	Marios	20	161	9	1	2_____	78000	15	1	0	0	0	0	0	0	0	0	0
C	Marios	20	161	9	1	2_____	78131	1	0	0	0	0	1	0	0	0	0	0
C	Marios	20	161	9	1	2_____	78162	1	0	0	0	0	0	0	0	0	1	0
C	Marios	20	161	9	1	2_____	79848	1	0	0	0	0	1	0	0	0	0	0
C	Marios	20	161	9	1	2_____	79879	1	0	0	0	0	0	0	0	0	1	0
C	Marios	20	161	9	1	2_____	82788	1	0	0	0	0	1	0	0	0	0	0
C	Marios	20	161	9	1	2_____	82838	1	0	0	0	0	0	0	0	0	1	0
C	Marios	20	161	9	1	2_____	82935	1	0	0	0	0	1	0	0	0	0	0
C	Marios	20	161	9	1	2_____	82948	1	0	0	0	0	0	0	0	0	1	0
C	Marios	20	161	9	1	2_____	82954	1	0	0	0	0	1	0	0	0	0	0
C	Marios	20	161	9	1	2_____	83025	1	0	0	0	0	0	0	0	0	1	0
C	Marios	20	161	9	1	2_____	83486	1	0	0	0	0	1	0	0	0	0	0
C	Marios	20	161	9	1	2_____	83552	1	0	0	0	0	0	0	0	0	1	0
C	Marios	20	161	9	1	2_____	85500	1	2	0	0	0	0	0	0	0	0	0
C	Marios	20	161	9	1	2_____	86000	2	13	0	0	0	0	0	0	0	0	0
C	Marios	20	161	9	1	2_____	86368	13	0	0	0	0	1	0	0	0	0	0
C	Marios	20	161	9	1	2_____	86405	13	0	0	0	0	0	0	0	0	1	0
C	Marios	20	161	9	1	2_____	86500	13	15	0	0	0	0	0	0	0	0	0
C	Marios	20	161	9	1	2_____	86771	15	0	0	0	0	1	0	0	0	0	0
C	Marios	20	161	9	1	2_____	86805	15	0	0	0	0	0	0	0	0	1	0
C	Marios	20	161	9	1	2_____	86824	15	0	0	0	0	1	0	0	0	0	0
C	Marios	20	161	9	1	2_____	86857	15	0	0	0	0	0	0	0	0	1	0
C	Marios	20	161	9	1	2_____	87000	15	1	0	0	0	0	0	0	0	0	0
C	Marios	20	161	9	1	2_____	89250	1	2	0	0	0	0	0	0	0	0	0
C	Marios	20	161	9	1	2_____	89750	2	6	0	0	0	0	0	0	0	0	0
C	Marios	20	161	9	1	2_____	89816	6	0	0	0	0	1	0	0	0	0	0
C	Marios	20	161	9	1	2_____	89841	6	0	0	0	0	0	0	0	0	1	0
C	Marios	20	161	9	1	2_____	89885	6	0	0	0	0	1	0	0	0	0	0
C	Marios	20	161	9	1	2_____	89899	6	0	0	0	0	0	0	0	0	1	0
C	Marios	20	161	9	1	2_____	89904	6	0	0	0	0	1	0	0	0	0	0
C	Marios	20	161	9	1	2_____	89923	6	0	0	0	0	0	0	0	0	1	0
C	Marios	20	161	9	1	2_____	89994	6	0	0	0	0	1	0	0	0	0	0
C	Marios	20	161	9	1	2_____	89996	6	0	0	0	0	0	0	0	0	1	0
C	Marios	20	161	9	1	2_____	90000	6	0	0	0	0	1	0	0	0	0	0
C	Marios	20	161	9	1	2_____	90002	6	0	0	0	0	0	0	0	0	1	0
C	Marios	20	161	9	1	2_____	90036	6	0	0	0	0	1	0	0	0	0	0
C	Marios	20	161	9	1	2_____	90072	6	0	0	0	0	0	0	0	0	1	0
C	Marios	20	161	9	1	2_____	90073	6	0	0	0	0	1	0	0	0	0	0
C	Marios	20	161	9	1	2_____	90075	6	0	0	0	0	0	0	0	0	1	0
C	Marios	20	161	9	1	2_____	90136	6	0	0	0	0	1	0	0	0	0	0
C	Marios	20	161	9	1	2_____	90165	6	0	0	0	0	0	0	0	0	1	0
C	Marios	20	161	9	1	2_____	90250	6	10	0	0	0	0	0	0	0	0	0
C	Marios	20	161	9	1	2_____	90252	10	0	0	0	0	1	0	0	0	0	0
C	Marios	20	161	9	1	2_____	90420	10	0	0	0	0	0	0	0	0	1	0
C	Marios	20	161	9	1	2_____	90579	10	0	0	0	0	1	0	0	0	0	0
C	Marios	20	161	9	1	2_____	90666	10	0	0	0	0	0	0	0	0	1	0
C	Marios	20	161	9	1	2_____	90678	10	0	0	0	0	1	0	0	0	0	0
C	Marios	20	161	9	1	2_____	90680	10	0	0	0	0	0	0	0	0	1	0
C	Marios	20	161	9	1	2_____	90750	10	1	0	0	0	0	0	0	0	0	0
C	Marios	20	161	9	1	2_____	95250	1	2	0	0	0	0	0	0	0	0	0
C	Marios	20	161	9	1	2_____	95750	2	12	0	0	0	0	0	0	0	0	0
C	Marios	20	161	9	1	2_____	96250	12	15	0	0	0	0	0	0	0	0	0
C	Marios	20	161	9	1	2_____	96307	15	0	0	0	0	1	0	0	0	0	0
C	Marios	20	161	9	1	2_____	96314	15	0	0	0	0	0	0	0	0	1	0
C	Marios	20	161	9	1	2_____	96327	15	0	0	0	0	1	0	0	0	0	0
C	Marios	20	161	9	1	2_____	96461	15	0	0	0	0	0	0	0	0	1	0
C	Marios	20	161	9	1	2_____	96624	15	0	0	0	0	1	0	0	0	0	0
C	Marios	20	161	9	1	2_____	96626	15	0	0	0	0	0	0	0	0	1	0
C	Marios	20	161	9	1	2_____	96630	15	0	0	0	0	1	0	0	0	0	0
C	Marios	20	161	9	1	2_____	96645	15	0	0	0	0	0	0	0	0	1	0
C	Marios	20	161	9	1	2_____	96750	15	1	0	0	0	0	0	0	0	0	0
C	Marios	20	161	9	1	2_____	97596	1	0	0	0	0	1	0	0	0	0	0
C	Marios	20	161	9	1	2_____	97599	1	0	0	0	0	0	0	0	0	1	0
C	Marios	20	161	9	1	2_____	98250	1	2	0	0	0	0	0	0	0	0	0
C	Marios	20	161	9	1	2_____	98750	2	12	0	0	0	0	0	0	0	0	0
C	Marios	20	161	9	1	2_____	98866	12	0	0	0	0	1	0	0	0	0	0
C	Marios	20	161	9	1	2_____	98870	12	0	0	0	0	0	0	0	0	1	0
C	Marios	20	161	9	1	2_____	98880	12	0	0	0	0	1	0	0	0	0	0
C	Marios	20	161	9	1	2_____	98888	12	0	0	0	0	0	0	0	0	1	0
C	Marios	20	161	9	1	2_____	99250	12	15	0	0	0	0	0	0	0	0	0
C	Marios	20	161	9	1	2_____	99750	15	1	0	0	0	0	0	0	0	0	0
C	Marios	20	161	9	1	2_____	102465	1	0	0	0	0	1	0	0	0	0	0
C	Marios	20	161	9	1	2_____	102467	1	0	0	0	0	0	0	0	0	1	0
C	Marios	20	161	9	1	2_____	102470	1	0	0	0	0	1	0	0	0	0	0
C	Marios	20	161	9	1	2_____	102472	1	0	0	0	0	0	0	0	0	1	0
C	Marios	20	161	9	1	2_____	103250	1	2	0	0	0	0	0	0	0	0	0
C	Marios	20	161	9	1	2_____	103750	2	7	0	0	0	0	0	0	0	0	0
C	Marios	20	161	9	1	2_____	103819	7	0	0	0	0	1	0	0	0	0	0
C	Marios	20	161	9	1	2_____	103853	7	0	0	0	0	0	0	0	0	1	0
C	Marios	20	161	9	1	2_____	103890	7	0	0	0	0	1	0	0	0	0	0
C	Marios	20	161	9	1	2_____	103940	7	0	0	0	0	0	0	0	0	1	0
C	Marios	20	161	9	1	2_____	103999	7	0	0	0	0	1	0	0	0	0	0
C	Marios	20	161	9	1	2_____	104029	7	0	0	0	0	0	0	0	0	1	0
C	Marios	20	161	9	1	2_____	104051	7	0	0	0	0	1	0	0	0	0	0
C	Marios	20	161	9	1	2_____	104073	7	0	0	0	0	0	0	0	0	1	0
C	Marios	20	161	9	1	2_____	104147	7	0	0	0	0	1	0	0	0	0	0
C	Marios	20	161	9	1	2_____	104171	7	0	0	0	0	0	0	0	0	1	0
C	Marios	20	161	9	1	2_____	104227	7	0	0	0	0	1	0	0	0	0	0
C	Marios	20	161	9	1	2_____	104229	7	0	0	0	0	0	0	0	0	1	0
C	Marios	20	161	9	1	2_____	104250	7	11	0	0	0	0	0	0	0	0	0
C	Marios	20	161	9	1	2_____	104265	11	0	0	0	0	1	0	0	0	0	0
C	Marios	20	161	9	1	2_____	104377	11	0	0	0	0	0	0	0	0	1	0
C	Marios	20	161	9	1	2_____	104379	11	0	0	0	0	1	0	0	0	0	0
C	Marios	20	161	9	1	2_____	104382	11	0	0	0	0	0	0	0	0	1	0
C	Marios	20	161	9	1	2_____	104396	11	0	0	0	0	1	0	0	0	0	0
C	Marios	20	161	9	1	2_____	104439	11	0	0	0	0	0	0	0	0	1	0
C	Marios	20	161	9	1	2_____	104444	11	0	0	0	0	1	0	0	0	0	0
C	Marios	20	161	9	1	2_____	104483	11	0	0	0	0	0	0	0	0	1	0
C	Marios	20	161	9	1	2_____	104540	11	0	0	0	0	1	0	0	0	0	0
C	Marios	20	161	9	1	2_____	104548	11	0	0	0	0	0	0	0	0	1	0
C	Marios	20	161	9	1	2_____	104571	11	0	0	0	0	1	0	0	0	0	0
C	Marios	20	161	9	1	2_____	104578	11	0	0	0	0	0	0	0	0	1	0
C	Marios	20	161	9	1	2_____	104579	11	0	0	0	0	1	0	0	0	0	0
C	Marios	20	161	9	1	2_____	104645	11	0	0	0	0	0	0	0	0	1	0
C	Marios	20	161	9	1	2_____	104750	11	1	0	0	0	0	0	0	0	0	0
C	Marios	20	161	9	1	2_____	104794	1	0	0	0	0	1	0	0	0	0	0
C	Marios	20	161	9	1	2_____	104799	1	0	0	0	0	0	0	0	0	1	0
C	Marios	20	161	9	1	2_____	110750	1	2	0	0	0	0	0	0	0	0	0
C	Marios	20	161	9	1	2_____	111250	2	7	0	0	0	0	0	0	0	0	0
C	Marios	20	161	9	1	2_____	111517	7	0	0	0	0	1	0	0	0	0	0
C	Marios	20	161	9	1	2_____	111565	7	0	0	0	0	0	0	0	0	1	0
C	Marios	20	161	9	1	2_____	111602	7	0	0	0	0	1	0	0	0	0	0
C	Marios	20	161	9	1	2_____	111636	7	0	0	0	0	0	0	0	0	1	0
C	Marios	20	161	9	1	2_____	111641	7	0	0	0	0	1	0	0	0	0	0
C	Marios	20	161	9	1	2_____	111662	7	0	0	0	0	0	0	0	0	1	0
C	Marios	20	161	9	1	2_____	111706	7	0	0	0	0	1	0	0	0	0	0
C	Marios	20	161	9	1	2_____	111746	7	0	0	0	0	0	0	0	0	1	0
C	Marios	20	161	9	1	2_____	111750	7	11	0	0	0	0	0	0	0	0	0
C	Marios	20	161	9	1	2_____	111763	11	0	0	0	0	1	0	0	0	0	0
C	Marios	20	161	9	1	2_____	112090	11	0	0	0	0	0	0	0	0	1	0
C	Marios	20	161	9	1	2_____	112092	11	0	0	0	0	1	0	0	0	0	0
C	Marios	20	161	9	1	2_____	112146	11	0	0	0	0	0	0	0	0	1	0
C	Marios	20	161	9	1	2_____	112157	11	0	0	0	0	1	0	0	0	0	0
C	Marios	20	161	9	1	2_____	112175	11	0	0	0	0	0	0	0	0	1	0
C	Marios	20	161	9	1	2_____	112250	11	1	0	0	0	0	0	0	0	0	0
C	Marios	20	161	9	1	2_____	112987	1	0	0	0	0	1	0	0	0	0	0
C	Marios	20	161	9	1	2_____	113010	1	0	0	0	0	0	0	0	0	1	0
C	Marios	20	161	9	1	2_____	115250	1	2	0	0	0	0	0	0	0	0	0
C	Marios	20	161	9	1	2_____	115750	2	12	0	0	0	0	0	0	0	0	0
C	Marios	20	161	9	1	2_____	116250	12	15	0	0	0	0	0	0	0	0	0
C	Marios	20	161	9	1	2_____	116750	15	1	0	0	0	0	0	0	0	0	0
C	Marios	20	161	9	1	2_____	117159	1	0	0	0	0	1	0	0	0	0	0
C	Marios	20	161	9	1	2_____	117221	1	0	0	0	0	0	0	0	0	1	0
C	Marios	20	161	9	1	2_____	120081	1	0	0	0	0	1	0	0	0	0	0
C	Marios	20	161	9	1	2_____	120147	1	0	0	0	0	0	0	0	0	1	0
C	Marios	20	161	9	1	2_____	120961	1	0	0	0	0	1	0	0	0	0	0
C	Marios	20	161	9	1	2_____	121017	1	0	0	0	0	0	0	0	0	1	0
C	Marios	20	161	9	1	2_____	122250	1	2	0	0	0	0	0	0	0	0	0
C	Marios	20	161	9	1	2_____	122750	2	13	0	0	0	0	0	0	0	0	0
C	Marios	20	161	9	1	2_____	123250	13	15	0	0	0	0	0	0	0	0	0
C	Marios	20	161	9	1	2_____	123262	15	0	0	0	0	1	0	0	0	0	0
C	Marios	20	161	9	1	2_____	123265	15	0	0	0	0	0	0	0	0	1	0
C	Marios	20	161	9	1	2_____	123684	15	0	0	0	0	1	0	0	0	0	0
C	Marios	20	161	9	1	2_____	123750	15	1	0	0	0	0	0	0	0	0	0
C	Marios	20	161	9	1	2_____	123865	1	0	0	0	0	0	0	0	0	1	0
C	Marios	20	161	9	1	2_____	124052	1	0	0	0	0	1	0	0	0	0	0
C	Marios	20	161	9	1	2_____	124106	1	0	0	0	0	0	0	0	0	1	0
C	Marios	20	161	9	1	2_____	124112	1	0	0	0	0	1	0	0	0	0	0
C	Marios	20	161	9	1	2_____	124114	1	0	0	0	0	0	0	0	0	1	0
C	Marios	20	161	9	1	2_____	124154	1	0	0	0	0	1	0	0	0	0	0
C	Marios	20	161	9	1	2_____	124332	1	0	0	0	0	0	0	0	0	1	0
C	Marios	20	161	9	1	2_____	124354	1	0	0	0	0	1	0	0	0	0	0
C	Marios	20	161	9	1	2_____	124414	1	0	0	0	0	0	0	0	0	1	0
C	Marios	20	161	9	1	2_____	124679	1	0	0	0	0	1	0	0	0	0	0
C	Marios	20	161	9	1	2_____	124692	1	0	0	0	0	0	0	0	0	1	0
C	Marios	20	161	9	1	2_____	127500	1	2	0	0	0	0	0	0	0	0	0
C	Marios	20	161	9	1	2_____	128000	2	6	0	0	0	0	0	0	0	0	0
C	Marios	20	161	9	1	2_____	128071	6	0	0	0	0	1	0	0	0	0	0
C	Marios	20	161	9	1	2_____	128102	6	0	0	0	0	0	0	0	0	1	0
C	Marios	20	161	9	1	2_____	128147	6	0	0	0	0	1	0	0	0	0	0
C	Marios	20	161	9	1	2_____	128177	6	0	0	0	0	0	0	0	0	1	0
C	Marios	20	161	9	1	2_____	128189	6	0	0	0	0	1	0	0	0	0	0
C	Marios	20	161	9	1	2_____	128213	6	0	0	0	0	0	0	0	0	1	0
C	Marios	20	161	9	1	2_____	128254	6	0	0	0	0	1	0	0	0	0	0
C	Marios	20	161	9	1	2_____	128271	6	0	0	0	0	0	0	0	0	1	0
C	Marios	20	161	9	1	2_____	128288	6	0	0	0	0	1	0	0	0	0	0
C	Marios	20	161	9	1	2_____	128317	6	0	0	0	0	0	0	0	0	1	0
C	Marios	20	161	9	1	2_____	128373	6	0	0	0	0	1	0	0	0	0	0
C	Marios	20	161	9	1	2_____	128378	6	0	0	0	0	0	0	0	0	1	0
C	Marios	20	161	9	1	2_____	128416	6	0	0	0	0	1	0	0	0	0	0
C	Marios	20	161	9	1	2_____	128446	6	0	0	0	0	0	0	0	0	1	0
C	Marios	20	161	9	1	2_____	128498	6	0	0	0	0	1	0	0	0	0	0
C	Marios	20	161	9	1	2_____	128500	6	10	0	0	0	0	0	0	0	0	0
C	Marios	20	161	9	1	2_____	128881	10	0	0	0	0	0	0	0	0	1	0
C	Marios	20	161	9	1	2_____	129000	10	1	0	0	0	0	0	0	0	0	0
C	Marios	20	161	9	1	2_____	129043	1	0	0	0	0	1	0	0	0	0	0
C	Marios	20	161	9	1	2_____	129047	1	0	0	0	0	1	0	0	0	1	0
C	Marios	20	161	9	1	2_____	129187	1	0	0	0	0	0	0	0	0	1	0
C	Marios	20	161	9	1	2_____	133273	1	0	0	0	0	1	0	0	0	0	0
C	Marios	20	161	9	1	2_____	133282	1	0	0	0	0	0	0	0	0	1	0
C	Marios	20	161	9	1	2_____	133907	1	0	0	0	0	1	0	0	0	0	0
C	Marios	20	161	9	1	2_____	133938	1	0	0	0	0	0	0	0	0	1	0
C	Marios	20	161	9	1	2_____	133987	1	0	0	0	0	1	0	0	0	0	0
C	Marios	20	161	9	1	2_____	134080	1	0	0	0	0	0	0	0	0	1	0
C	Marios	20	161	9	1	2_____	134122	1	0	0	0	0	1	0	0	0	0	0
C	Marios	20	161	9	1	2_____	134130	1	0	0	0	0	0	0	0	0	1	0
C	Marios	20	161	9	1	2_____	134148	1	0	0	0	0	1	0	0	0	0	0
C	Marios	20	161	9	1	2_____	134197	1	0	0	0	0	0	0	0	0	1	0
C	Marios	20	161	9	1	2_____	134250	1	2	0	0	0	0	0	0	0	0	0
C	Marios	20	161	9	1	2_____	134414	2	0	0	0	0	1	0	0	0	0	0
C	Marios	20	161	9	1	2_____	134426	2	0	0	0	0	0	0	0	0	1	0
C	Marios	20	161	9	1	2_____	134467	2	0	0	0	0	1	0	0	0	0	0
C	Marios	20	161	9	1	2_____	134592	2	0	0	0	0	0	0	0	0	1	0
C	Marios	20	161	9	1	2_____	134678	2	0	0	0	0	1	0	0	0	0	0
C	Marios	20	161	9	1	2_____	134748	2	0	0	0	0	0	0	0	0	1	0
C	Marios	20	161	9	1	2_____	134750	2	12	0	0	0	0	0	0	0	0	0
C	Marios	20	161	9	1	2_____	134830	12	0	0	0	0	1	0	0	0	0	0
C	Marios	20	161	9	1	2_____	134854	12	0	0	0	0	0	0	0	0	1	0
C	Marios	20	161	9	1	2_____	134917	12	0	0	0	0	1	0	0	0	0	0
C	Marios	20	161	9	1	2_____	134947	12	0	0	0	0	0	0	0	0	1	0
C	Marios	20	161	9	1	2_____	135250	12	15	0	0	0	0	0	0	0	0	0
C	Marios	20	161	9	1	2_____	135750	15	1	0	0	0	0	0	0	0	0	0
C	Marios	20	161	9	1	2_____	136275	1	0	0	0	0	1	0	0	0	0	0
C	Marios	20	161	9	1	2_____	136280	1	0	0	0	0	0	0	0	0	1	0
C	Marios	20	161	9	1	2_____	137166	1	0	0	0	0	1	0	0	0	0	0
C	Marios	20	161	9	1	2_____	137252	1	0	0	0	0	0	0	0	0	1	0
C	Marios	20	161	9	1	2_____	139226	1	0	0	0	0	1	0	0	0	0	0
C	Marios	20	161	9	1	2_____	139242	1	0	0	0	0	0	0	0	0	1	0
C	Marios	20	161	9	1	2_____	141428	1	0	0	0	0	1	0	0	0	0	0
C	Marios	20	161	9	1	2_____	141441	1	0	0	0	0	0	0	0	0	1	0
C	Marios	20	161	9	1	2_____	141678	1	0	0	0	0	1	0	0	0	0	0
C	Marios	20	161	9	1	2_____	141732	1	0	0	0	0	0	0	0	0	1	0
C	Marios	20	161	9	1	2_____	142500	1	2	0	0	0	0	0	0	0	0	0
C	Marios	20	161	9	1	2_____	143000	2	13	0	0	0	0	0	0	0	0	0
C	Marios	20	161	9	1	2_____	143500	13	15	0	0	0	0	0	0	0	0	0
C	Marios	20	161	9	1	2_____	144000	15	14	0	0	0	0	0	0	0	0	0
C	Marios	20	161	9	1	2_____	144158	14	0	0	0	0	1	0	0	0	0	0
C	Marios	20	161	9	1	2_____	144196	14	0	0	0	0	0	0	0	0	1	0
C	Marios	20	161	9	1	2_____	145687	14	0	0	0	0	1	0	0	0	0	0
C	Marios	20	161	9	1	2_____	145735	14	0	0	0	0	0	0	0	0	1	0
C	Marios	20	161	9	1	2_____	146520	14	0	0	0	0	1	0	0	0	0	0
C	Marios	20	161	9	1	2_____	146590	14	0	0	0	0	0	0	0	0	1	0
C	Marios	20	161	9	1	2_____	146669	14	0	0	0	0	1	0	0	0	0	0
C	Marios	20	161	9	1	2_____	146683	14	0	0	0	0	0	0	0	0	1	0
C	Marios	20	161	9	1	2_____	146709	14	0	0	0	0	1	0	0	0	0	0
C	Marios	20	161	9	1	2_____	146790	14	0	0	0	0	0	0	0	0	1	0
C	Marios	20	161	9	1	2_____	147000	14	-1	0	0	0	0	0	0	0	0	0
C	Marios	20	161	13	1	27____	0	0	1	0	0	0	0	0	0	0	0	0
C	Marios	20	161	13	1	27____	350	1	0	0	0	0	1	0	0	0	0	0
C	Marios	20	161	13	1	27____	353	1	0	0	0	0	0	0	0	0	1	0
C	Marios	20	161	13	1	27____	354	1	0	0	0	0	1	0	0	0	0	0
C	Marios	20	161	13	1	27____	707	1	0	0	0	0	0	0	0	0	1	0
C	Marios	20	161	13	1	27____	715	1	0	0	0	0	1	0	0	0	0	0
C	Marios	20	161	13	1	27____	777	1	0	0	0	0	0	0	0	0	1	0
C	Marios	20	161	13	1	27____	1475	1	0	0	0	0	1	0	0	0	0	0
C	Marios	20	161	13	1	27____	1518	1	0	0	0	0	0	0	0	0	1	0
C	Marios	20	161	13	1	27____	1624	1	0	0	0	0	1	0	0	0	0	0
C	Marios	20	161	13	1	27____	1707	1	0	0	0	0	0	0	0	0	1	0
C	Marios	20	161	13	1	27____	1998	1	0	0	0	0	1	0	0	0	0	0
C	Marios	20	161	13	1	27____	2075	1	0	0	0	0	0	0	0	0	1	0
C	Marios	20	161	13	1	27____	2599	1	0	0	0	0	1	0	0	0	0	0
C	Marios	20	161	13	1	27____	2607	1	0	0	0	0	0	0	0	0	1	0
C	Marios	20	161	13	1	27____	3000	1	2	0	0	0	0	0	0	0	0	0
C	Marios	20	161	13	1	27____	3500	2	13	0	0	0	0	0	0	0	0	0
C	Marios	20	161	13	1	27____	4000	13	15	0	0	0	0	0	0	0	0	0
C	Marios	20	161	13	1	27____	4297	15	0	0	0	0	1	0	0	0	0	0
C	Marios	20	161	13	1	27____	4400	15	0	0	0	0	0	0	0	0	1	0
C	Marios	20	161	13	1	27____	4500	15	1	0	0	0	0	0	0	0	0	0
C	Marios	20	161	13	1	27____	4506	1	0	0	0	0	1	0	0	0	0	0
C	Marios	20	161	13	1	27____	4622	1	0	0	0	0	0	0	0	0	1	0
C	Marios	20	161	13	1	27____	4623	1	0	0	0	0	1	0	0	0	0	0
C	Marios	20	161	13	1	27____	4733	1	0	0	0	0	0	0	0	0	1	0
C	Marios	20	161	13	1	27____	5837	1	0	0	0	0	1	0	0	0	0	0
C	Marios	20	161	13	1	27____	5865	1	0	0	0	0	0	0	0	0	1	0
C	Marios	20	161	13	1	27____	7364	1	0	0	0	0	1	0	0	0	0	0
C	Marios	20	161	13	1	27____	7366	1	0	0	0	0	0	0	0	0	1	0
C	Marios	20	161	13	1	27____	7374	1	0	0	0	0	1	0	0	0	0	0
C	Marios	20	161	13	1	27____	7413	1	0	0	0	0	0	0	0	0	1	0
C	Marios	20	161	13	1	27____	7425	1	0	0	0	0	1	0	0	0	0	0
C	Marios	20	161	13	1	27____	7458	1	0	0	0	0	0	0	0	0	1	0
C	Marios	20	161	13	1	27____	11250	1	2	0	0	0	0	0	0	0	0	0
C	Marios	20	161	13	1	27____	11750	2	6	0	0	0	0	0	0	0	0	0
C	Marios	20	161	13	1	27____	11896	6	0	0	0	0	1	0	0	0	0	0
C	Marios	20	161	13	1	27____	12029	6	0	0	0	0	0	0	0	0	1	0
C	Marios	20	161	13	1	27____	12033	6	0	0	0	0	1	0	0	0	0	0
C	Marios	20	161	13	1	27____	12250	6	10	0	0	0	0	0	0	0	0	0
C	Marios	20	161	13	1	27____	12275	10	0	0	0	0	0	0	0	0	1	0
C	Marios	20	161	13	1	27____	12281	10	0	0	0	0	1	0	0	0	0	0
C	Marios	20	161	13	1	27____	12286	10	0	0	0	0	0	0	0	0	1	0
C	Marios	20	161	13	1	27____	12295	10	0	0	0	0	1	0	0	0	0	0
C	Marios	20	161	13	1	27____	12390	10	0	0	0	0	0	0	0	0	1	0
C	Marios	20	161	13	1	27____	12393	10	0	0	0	0	1	0	0	0	0	0
C	Marios	20	161	13	1	27____	12398	10	0	0	0	0	0	0	0	0	1	0
C	Marios	20	161	13	1	27____	12399	10	0	0	0	0	1	0	0	0	0	0
C	Marios	20	161	13	1	27____	12402	10	0	0	0	0	0	0	0	0	1	0
C	Marios	20	161	13	1	27____	12750	10	1	0	0	0	0	0	0	0	0	0
C	Marios	20	161	13	1	27____	12754	1	0	0	0	0	1	0	0	0	0	0
C	Marios	20	161	13	1	27____	12774	1	0	0	0	0	0	0	0	0	1	0
C	Marios	20	161	13	1	27____	16194	1	0	0	0	0	1	0	0	0	0	0
C	Marios	20	161	13	1	27____	16222	1	0	0	0	0	0	0	0	0	1	0
C	Marios	20	161	13	1	27____	16319	1	0	0	0	0	1	0	0	0	0	0
C	Marios	20	161	13	1	27____	16329	1	0	0	0	0	0	0	0	0	1	0
C	Marios	20	161	13	1	27____	17268	1	0	0	0	0	1	0	0	0	0	0
C	Marios	20	161	13	1	27____	17342	1	0	0	0	0	0	0	0	0	1	0
C	Marios	20	161	13	1	27____	17729	1	0	0	0	0	1	0	0	0	0	0
C	Marios	20	161	13	1	27____	17759	1	0	0	0	0	0	0	0	0	1	0
C	Marios	20	161	13	1	27____	18250	1	2	0	0	0	0	0	0	0	0	0
C	Marios	20	161	13	1	27____	18750	2	13	0	0	0	0	0	0	0	0	0
C	Marios	20	161	13	1	27____	19250	13	15	0	0	0	0	0	0	0	0	0
C	Marios	20	161	13	1	27____	19750	15	1	0	0	0	0	0	0	0	0	0
C	Marios	20	161	13	1	27____	20305	1	0	0	0	0	1	0	0	0	0	0
C	Marios	20	161	13	1	27____	20319	1	0	0	0	0	0	0	0	0	1	0
C	Marios	20	161	13	1	27____	20355	1	0	0	0	0	1	0	0	0	0	0
C	Marios	20	161	13	1	27____	20357	1	0	0	0	0	0	0	0	0	1	0
C	Marios	20	161	13	1	27____	20702	1	0	0	0	0	1	0	0	0	0	0
C	Marios	20	161	13	1	27____	20758	1	0	0	0	0	0	0	0	0	1	0
C	Marios	20	161	13	1	27____	24250	1	2	0	0	0	0	0	0	0	0	0
C	Marios	20	161	13	1	27____	24750	2	12	0	0	0	0	0	0	0	0	0
C	Marios	20	161	13	1	27____	24881	12	0	0	0	0	1	0	0	0	0	0
C	Marios	20	161	13	1	27____	24892	12	0	0	0	0	0	0	0	0	1	0
C	Marios	20	161	13	1	27____	25250	12	15	0	0	0	0	0	0	0	0	0
C	Marios	20	161	13	1	27____	25750	15	1	0	0	0	0	0	0	0	0	0
C	Marios	20	161	13	1	27____	27534	1	0	0	0	0	1	0	0	0	0	0
C	Marios	20	161	13	1	27____	27659	1	0	0	0	0	0	0	0	0	1	0
C	Marios	20	161	13	1	27____	28000	1	2	0	0	0	0	0	0	0	0	0
C	Marios	20	161	13	1	27____	28231	2	0	0	0	0	1	0	0	0	0	0
C	Marios	20	161	13	1	27____	28233	2	0	0	0	0	0	0	0	0	1	0
C	Marios	20	161	13	1	27____	28249	2	0	0	0	0	1	0	0	0	0	0
C	Marios	20	161	13	1	27____	28500	2	7	0	0	0	0	0	0	0	0	0
C	Marios	20	161	13	1	27____	28507	7	0	0	0	0	0	0	0	0	1	0
C	Marios	20	161	13	1	27____	28627	7	0	0	0	0	1	0	0	0	0	0
C	Marios	20	161	13	1	27____	28742	7	0	0	0	0	0	0	0	0	1	0
C	Marios	20	161	13	1	27____	28752	7	0	0	0	0	1	0	0	0	0	0
C	Marios	20	161	13	1	27____	28779	7	0	0	0	0	0	0	0	0	1	0
C	Marios	20	161	13	1	27____	28843	7	0	0	0	0	1	0	0	0	0	0
C	Marios	20	161	13	1	27____	28887	7	0	0	0	0	0	0	0	0	1	0
C	Marios	20	161	13	1	27____	28904	7	0	0	0	0	1	0	0	0	0	0
C	Marios	20	161	13	1	27____	28948	7	0	0	0	0	0	0	0	0	1	0
C	Marios	20	161	13	1	27____	28966	7	0	0	0	0	1	0	0	0	0	0
C	Marios	20	161	13	1	27____	29000	7	11	0	0	0	0	0	0	0	0	0
C	Marios	20	161	13	1	27____	29135	11	0	0	0	0	0	0	0	0	1	0
C	Marios	20	161	13	1	27____	29136	11	0	0	0	0	1	0	0	0	0	0
C	Marios	20	161	13	1	27____	29139	11	0	0	0	0	0	0	0	0	1	0
C	Marios	20	161	13	1	27____	29141	11	0	0	0	0	1	0	0	0	0	0
C	Marios	20	161	13	1	27____	29146	11	0	0	0	0	0	0	0	0	1	0
C	Marios	20	161	13	1	27____	29158	11	0	0	0	0	1	0	0	0	0	0
C	Marios	20	161	13	1	27____	29164	11	0	0	0	0	0	0	0	0	1	0
C	Marios	20	161	13	1	27____	29173	11	0	0	0	0	1	0	0	0	0	0
C	Marios	20	161	13	1	27____	29179	11	0	0	0	0	0	0	0	0	1	0
C	Marios	20	161	13	1	27____	29181	11	0	0	0	0	1	0	0	0	0	0
C	Marios	20	161	13	1	27____	29187	11	0	0	0	0	0	0	0	0	1	0
C	Marios	20	161	13	1	27____	29208	11	0	0	0	0	1	0	0	0	0	0
C	Marios	20	161	13	1	27____	29338	11	0	0	0	0	0	0	0	0	1	0
C	Marios	20	161	13	1	27____	29342	11	0	0	0	0	1	0	0	0	0	0
C	Marios	20	161	13	1	27____	29345	11	0	0	0	0	0	0	0	0	1	0
C	Marios	20	161	13	1	27____	29369	11	0	0	0	0	1	0	0	0	0	0
C	Marios	20	161	13	1	27____	29389	11	0	0	0	0	0	0	0	0	1	0
C	Marios	20	161	13	1	27____	29391	11	0	0	0	0	1	0	0	0	0	0
C	Marios	20	161	13	1	27____	29412	11	0	0	0	0	0	0	0	0	1	0
C	Marios	20	161	13	1	27____	29470	11	0	0	0	0	1	0	0	0	0	0
C	Marios	20	161	13	1	27____	29500	11	1	0	0	0	0	0	0	0	0	0
C	Marios	20	161	13	1	27____	29525	1	0	0	0	0	0	0	0	0	1	0
C	Marios	20	161	13	1	27____	29528	1	0	0	0	0	1	0	0	0	0	0
C	Marios	20	161	13	1	27____	29531	1	0	0	0	0	0	0	0	0	1	0
C	Marios	20	161	13	1	27____	29839	1	0	0	0	0	1	0	0	0	0	0
C	Marios	20	161	13	1	27____	29865	1	0	0	0	0	0	0	0	0	1	0
C	Marios	20	161	13	1	27____	31000	1	2	0	0	0	0	0	0	0	0	0
C	Marios	20	161	13	1	27____	31500	2	12	0	0	0	0	0	0	0	0	0
C	Marios	20	161	13	1	27____	31705	12	0	0	0	0	1	0	0	0	0	0
C	Marios	20	161	13	1	27____	31715	12	0	0	0	0	0	0	0	0	1	0
C	Marios	20	161	13	1	27____	31969	12	0	0	0	0	1	0	0	0	0	0
C	Marios	20	161	13	1	27____	32000	12	15	0	0	0	0	0	0	0	0	0
C	Marios	20	161	13	1	27____	32214	15	0	0	0	0	0	0	0	0	1	0
C	Marios	20	161	13	1	27____	32215	15	0	0	0	0	1	0	0	0	0	0
C	Marios	20	161	13	1	27____	32224	15	0	0	0	0	0	0	0	0	1	0
C	Marios	20	161	13	1	27____	32226	15	0	0	0	0	1	0	0	0	0	0
C	Marios	20	161	13	1	27____	32237	15	0	0	0	0	0	0	0	0	1	0
C	Marios	20	161	13	1	27____	32240	15	0	0	0	0	1	0	0	0	0	0
C	Marios	20	161	13	1	27____	32256	15	0	0	0	0	0	0	0	0	1	0
C	Marios	20	161	13	1	27____	32264	15	0	0	0	0	1	0	0	0	0	0
C	Marios	20	161	13	1	27____	32317	15	0	0	0	0	0	0	0	0	1	0
C	Marios	20	161	13	1	27____	32323	15	0	0	0	0	1	0	0	0	0	0
C	Marios	20	161	13	1	27____	32335	15	0	0	0	0	0	0	0	0	1	0
C	Marios	20	161	13	1	27____	32500	15	1	0	0	0	0	0	0	0	0	0
C	Marios	20	161	13	1	27____	32773	1	0	0	0	0	1	0	0	0	0	0
C	Marios	20	161	13	1	27____	32775	1	0	0	0	0	1	0	0	0	1	0
C	Marios	20	161	13	1	27____	32777	1	0	0	0	0	0	0	0	0	1	0
C	Marios	20	161	13	1	27____	32897	1	0	0	0	0	1	0	0	0	0	0
C	Marios	20	161	13	1	27____	32901	1	0	0	0	0	0	0	0	0	1	0
C	Marios	20	161	13	1	27____	32907	1	0	0	0	0	1	0	0	0	0	0
C	Marios	20	161	13	1	27____	32909	1	0	0	0	0	1	0	0	0	1	0
C	Marios	20	161	13	1	27____	32913	1	0	0	0	0	0	0	0	0	1	0
C	Marios	20	161	13	1	27____	32914	1	0	0	0	0	1	0	0	0	0	0
C	Marios	20	161	13	1	27____	32917	1	0	0	0	0	1	0	0	0	1	0
C	Marios	20	161	13	1	27____	32919	1	0	0	0	0	0	0	0	0	1	0
C	Marios	20	161	13	1	27____	32922	1	0	0	0	0	1	0	0	0	0	0
C	Marios	20	161	13	1	27____	32924	1	0	0	0	0	0	0	0	0	1	0
C	Marios	20	161	13	1	27____	32938	1	0	0	0	0	1	0	0	0	0	0
C	Marios	20	161	13	1	27____	32942	1	0	0	0	0	1	0	0	0	1	0
C	Marios	20	161	13	1	27____	32953	1	0	0	0	0	0	0	0	0	1	0
C	Marios	20	161	13	1	27____	33204	1	0	0	0	0	1	0	0	0	0	0
C	Marios	20	161	13	1	27____	33206	1	0	0	0	0	0	0	0	0	1	0
C	Marios	20	161	13	1	27____	33335	1	0	0	0	0	1	0	0	0	0	0
C	Marios	20	161	13	1	27____	33363	1	0	0	0	0	0	0	0	0	1	0
C	Marios	20	161	13	1	27____	33364	1	0	0	0	0	1	0	0	0	0	0
C	Marios	20	161	13	1	27____	33367	1	0	0	0	0	0	0	0	0	1	0
C	Marios	20	161	13	1	27____	33394	1	0	0	0	0	1	0	0	0	0	0
C	Marios	20	161	13	1	27____	33399	1	0	0	0	0	0	0	0	0	1	0
C	Marios	20	161	13	1	27____	33402	1	0	0	0	0	1	0	0	0	0	0
C	Marios	20	161	13	1	27____	33408	1	0	0	0	0	0	0	0	0	1	0
C	Marios	20	161	13	1	27____	33627	1	0	0	0	0	1	0	0	0	0	0
C	Marios	20	161	13	1	27____	33634	1	0	0	0	0	0	0	0	0	1	0
C	Marios	20	161	13	1	27____	33657	1	0	0	0	0	1	0	0	0	0	0
C	Marios	20	161	13	1	27____	33792	1	0	0	0	0	0	0	0	0	1	0
C	Marios	20	161	13	1	27____	33810	1	0	0	0	0	1	0	0	0	0	0
C	Marios	20	161	13	1	27____	33881	1	0	0	0	0	1	0	0	0	1	0
C	Marios	20	161	13	1	27____	33953	1	0	0	0	0	0	0	0	0	1	0
C	Marios	20	161	13	1	27____	34006	1	0	0	0	0	1	0	0	0	0	0
C	Marios	20	161	13	1	27____	34081	1	0	0	0	0	0	0	0	0	1	0
C	Marios	20	161	13	1	27____	37578	1	0	0	0	0	1	0	0	0	0	0
C	Marios	20	161	13	1	27____	37581	1	0	0	0	0	0	0	0	0	1	0
C	Marios	20	161	13	1	27____	37586	1	0	0	0	0	1	0	0	0	0	0
C	Marios	20	161	13	1	27____	37672	1	0	0	0	0	0	0	0	0	1	0
C	Marios	20	161	13	1	27____	37699	1	0	0	0	0	1	0	0	0	0	0
C	Marios	20	161	13	1	27____	37821	1	0	0	0	0	0	0	0	0	1	0
C	Marios	20	161	13	1	27____	37824	1	0	0	0	0	1	0	0	0	0	0
C	Marios	20	161	13	1	27____	37929	1	0	0	0	0	0	0	0	0	1	0
C	Marios	20	161	13	1	27____	38543	1	0	0	0	0	1	0	0	0	0	0
C	Marios	20	161	13	1	27____	38669	1	0	0	0	0	0	0	0	0	1	0
C	Marios	20	161	13	1	27____	40000	1	2	0	0	0	0	0	0	0	0	0
C	Marios	20	161	13	1	27____	40500	2	7	0	0	0	0	0	0	0	0	0
C	Marios	20	161	13	1	27____	40669	7	0	0	0	0	1	0	0	0	0	0
C	Marios	20	161	13	1	27____	40892	7	0	0	0	0	0	0	0	0	1	0
C	Marios	20	161	13	1	27____	40942	7	0	0	0	0	1	0	0	0	0	0
C	Marios	20	161	13	1	27____	41000	7	11	0	0	0	0	0	0	0	0	0
C	Marios	20	161	13	1	27____	41064	11	0	0	0	0	0	0	0	0	1	0
C	Marios	20	161	13	1	27____	41500	11	1	0	0	0	0	0	0	0	0	0
C	Marios	20	161	13	1	27____	42891	1	0	0	0	0	1	0	0	0	0	0
C	Marios	20	161	13	1	27____	42893	1	0	0	0	0	0	0	0	0	1	0
C	Marios	20	161	13	1	27____	42940	1	0	0	0	0	1	0	0	0	0	0
C	Marios	20	161	13	1	27____	42989	1	0	0	0	0	0	0	0	0	1	0
C	Marios	20	161	13	1	27____	42998	1	0	0	0	0	1	0	0	0	0	0
C	Marios	20	161	13	1	27____	43003	1	0	0	0	0	0	0	0	0	1	0
C	Marios	20	161	13	1	27____	43005	1	0	0	0	0	1	0	0	0	0	0
C	Marios	20	161	13	1	27____	43014	1	0	0	0	0	0	0	0	0	1	0
C	Marios	20	161	13	1	27____	43016	1	0	0	0	0	1	0	0	0	0	0
C	Marios	20	161	13	1	27____	43036	1	0	0	0	0	0	0	0	0	1	0
C	Marios	20	161	13	1	27____	43309	1	0	0	0	0	1	0	0	0	0	0
C	Marios	20	161	13	1	27____	43319	1	0	0	0	0	0	0	0	0	1	0
C	Marios	20	161	13	1	27____	43580	1	0	0	0	0	1	0	0	0	0	0
C	Marios	20	161	13	1	27____	43626	1	0	0	0	0	0	0	0	0	1	0
C	Marios	20	161	13	1	27____	45000	1	2	0	0	0	0	0	0	0	0	0
C	Marios	20	161	13	1	27____	45500	2	12	0	0	0	0	0	0	0	0	0
C	Marios	20	161	13	1	27____	45767	12	0	0	0	0	1	0	0	0	0	0
C	Marios	20	161	13	1	27____	45889	12	0	0	0	0	0	0	0	0	1	0
C	Marios	20	161	13	1	27____	46000	12	15	0	0	0	0	0	0	0	0	0
C	Marios	20	161	13	1	27____	46096	15	0	0	0	0	1	0	0	0	0	0
C	Marios	20	161	13	1	27____	46103	15	0	0	0	0	0	0	0	0	1	0
C	Marios	20	161	13	1	27____	46153	15	0	0	0	0	1	0	0	0	0	0
C	Marios	20	161	13	1	27____	46295	15	0	0	0	0	0	0	0	0	1	0
C	Marios	20	161	13	1	27____	46300	15	0	0	0	0	1	0	0	0	0	0
C	Marios	20	161	13	1	27____	46372	15	0	0	0	0	0	0	0	0	1	0
C	Marios	20	161	13	1	27____	46500	15	1	0	0	0	0	0	0	0	0	0
C	Marios	20	161	13	1	27____	46539	1	0	0	0	0	1	0	0	0	0	0
C	Marios	20	161	13	1	27____	46557	1	0	0	0	0	0	0	0	0	1	0
C	Marios	20	161	13	1	27____	46564	1	0	0	0	0	1	0	0	0	0	0
C	Marios	20	161	13	1	27____	46638	1	0	0	0	0	0	0	0	0	1	0
C	Marios	20	161	13	1	27____	48124	1	0	0	0	0	1	0	0	0	0	0
C	Marios	20	161	13	1	27____	48220	1	0	0	0	0	0	0	0	0	1	0
C	Marios	20	161	13	1	27____	49509	1	0	0	0	0	1	0	0	0	0	0
C	Marios	20	161	13	1	27____	50073	1	0	0	0	0	0	0	0	0	1	0
C	Marios	20	161	13	1	27____	51750	1	2	0	0	0	0	0	0	0	0	0
C	Marios	20	161	13	1	27____	52250	2	12	0	0	0	0	0	0	0	0	0
C	Marios	20	161	13	1	27____	52314	12	0	0	0	0	1	0	0	0	0	0
C	Marios	20	161	13	1	27____	52750	12	15	0	0	0	0	0	0	0	0	0
C	Marios	20	161	13	1	27____	52880	15	0	0	0	0	0	0	0	0	1	0
C	Marios	20	161	13	1	27____	52928	15	0	0	0	0	1	0	0	0	0	0
C	Marios	20	161	13	1	27____	53174	15	0	0	0	0	0	0	0	0	1	0
C	Marios	20	161	13	1	27____	53250	15	1	0	0	0	0	0	0	0	0	0
C	Marios	20	161	13	1	27____	53450	1	0	0	0	0	1	0	0	0	0	0
C	Marios	20	161	13	1	27____	53501	1	0	0	0	0	0	0	0	0	1	0
C	Marios	20	161	13	1	27____	57750	1	2	0	0	0	0	0	0	0	0	0
C	Marios	20	161	13	1	27____	58250	2	6	0	0	0	0	0	0	0	0	0
C	Marios	20	161	13	1	27____	58408	6	0	0	0	0	1	0	0	0	0	0
C	Marios	20	161	13	1	27____	58750	6	10	0	0	0	0	0	0	0	0	0
C	Marios	20	161	13	1	27____	59049	10	0	0	0	0	0	0	0	0	1	0
C	Marios	20	161	13	1	27____	59050	10	0	0	0	0	1	0	0	0	0	0
C	Marios	20	161	13	1	27____	59070	10	0	0	0	0	0	0	0	0	1	0
C	Marios	20	161	13	1	27____	59071	10	0	0	0	0	1	0	0	0	0	0
C	Marios	20	161	13	1	27____	59075	10	0	0	0	0	0	0	0	0	1	0
C	Marios	20	161	13	1	27____	59080	10	0	0	0	0	1	0	0	0	0	0
C	Marios	20	161	13	1	27____	59082	10	0	0	0	0	0	0	0	0	1	0
C	Marios	20	161	13	1	27____	59089	10	0	0	0	0	1	0	0	0	0	0
C	Marios	20	161	13	1	27____	59091	10	0	0	0	0	0	0	0	0	1	0
C	Marios	20	161	13	1	27____	59109	10	0	0	0	0	1	0	0	0	0	0
C	Marios	20	161	13	1	27____	59111	10	0	0	0	0	0	0	0	0	1	0
C	Marios	20	161	13	1	27____	59116	10	0	0	0	0	1	0	0	0	0	0
C	Marios	20	161	13	1	27____	59118	10	0	0	0	0	0	0	0	0	1	0
C	Marios	20	161	13	1	27____	59158	10	0	0	0	0	1	0	0	0	0	0
C	Marios	20	161	13	1	27____	59192	10	0	0	0	0	0	0	0	0	1	0
C	Marios	20	161	13	1	27____	59194	10	0	0	0	0	1	0	0	0	0	0
C	Marios	20	161	13	1	27____	59196	10	0	0	0	0	0	0	0	0	1	0
C	Marios	20	161	13	1	27____	59204	10	0	0	0	0	1	0	0	0	0	0
C	Marios	20	161	13	1	27____	59206	10	0	0	0	0	0	0	0	0	1	0
C	Marios	20	161	13	1	27____	59212	10	0	0	0	0	1	0	0	0	0	0
C	Marios	20	161	13	1	27____	59250	10	1	0	0	0	0	0	0	0	0	0
C	Marios	20	161	13	1	27____	59340	1	0	0	0	0	0	0	0	0	1	0
C	Marios	20	161	13	1	27____	59346	1	0	0	0	0	1	0	0	0	0	0
C	Marios	20	161	13	1	27____	59407	1	0	0	0	0	0	0	0	0	1	0
C	Marios	20	161	13	1	27____	63320	1	0	0	0	0	1	0	0	0	0	0
C	Marios	20	161	13	1	27____	63331	1	0	0	0	0	0	0	0	0	1	0
C	Marios	20	161	13	1	27____	63436	1	0	0	0	0	1	0	0	0	0	0
C	Marios	20	161	13	1	27____	63457	1	0	0	0	0	0	0	0	0	1	0
C	Marios	20	161	13	1	27____	63469	1	0	0	0	0	1	0	0	0	0	0
C	Marios	20	161	13	1	27____	63472	1	0	0	0	0	0	0	0	0	1	0
C	Marios	20	161	13	1	27____	64033	1	0	0	0	0	1	0	0	0	0	0
C	Marios	20	161	13	1	27____	64140	1	0	0	0	0	0	0	0	0	1	0
C	Marios	20	161	13	1	27____	64243	1	0	0	0	0	1	0	0	0	0	0
C	Marios	20	161	13	1	27____	64691	1	0	0	0	0	0	0	0	0	1	0
C	Marios	20	161	13	1	27____	65250	1	2	0	0	0	0	0	0	0	0	0
C	Marios	20	161	13	1	27____	65750	2	13	0	0	0	0	0	0	0	0	0
C	Marios	20	161	13	1	27____	65983	13	0	0	0	0	1	0	0	0	0	0
C	Marios	20	161	13	1	27____	66130	13	0	0	0	0	0	0	0	0	1	0
C	Marios	20	161	13	1	27____	66232	13	0	0	0	0	1	0	0	0	0	0
C	Marios	20	161	13	1	27____	66250	13	15	0	0	0	0	0	0	0	0	0
C	Marios	20	161	13	1	27____	66435	15	0	0	0	0	0	0	0	0	1	0
C	Marios	20	161	13	1	27____	66527	15	0	0	0	0	1	0	0	0	0	0
C	Marios	20	161	13	1	27____	66607	15	0	0	0	0	0	0	0	0	1	0
C	Marios	20	161	13	1	27____	66750	15	1	0	0	0	0	0	0	0	0	0
C	Marios	20	161	13	1	27____	66805	1	0	0	0	0	1	0	0	0	0	0
C	Marios	20	161	13	1	27____	66872	1	0	0	0	0	0	0	0	0	1	0
C	Marios	20	161	13	1	27____	68735	1	0	0	0	0	1	0	0	0	0	0
C	Marios	20	161	13	1	27____	68748	1	0	0	0	0	0	0	0	0	1	0
C	Marios	20	161	13	1	27____	68751	1	0	0	0	0	1	0	0	0	0	0
C	Marios	20	161	13	1	27____	68779	1	0	0	0	0	0	0	0	0	1	0
C	Marios	20	161	13	1	27____	70500	1	2	0	0	0	0	0	0	0	0	0
C	Marios	20	161	13	1	27____	71000	2	13	0	0	0	0	0	0	0	0	0
C	Marios	20	161	13	1	27____	71500	13	15	0	0	0	0	0	0	0	0	0
C	Marios	20	161	13	1	27____	72000	15	1	0	0	0	0	0	0	0	0	0
C	Marios	20	161	13	1	27____	73605	1	0	0	0	0	1	0	0	0	0	0
C	Marios	20	161	13	1	27____	73621	1	0	0	0	0	0	0	0	0	1	0
C	Marios	20	161	13	1	27____	73627	1	0	0	0	0	1	0	0	0	0	0
C	Marios	20	161	13	1	27____	73631	1	0	0	0	0	0	0	0	0	1	0
C	Marios	20	161	13	1	27____	73709	1	0	0	0	0	1	0	0	0	0	0
C	Marios	20	161	13	1	27____	73713	1	0	0	0	0	0	0	0	0	1	0
C	Marios	20	161	13	1	27____	73736	1	0	0	0	0	1	0	0	0	0	0
C	Marios	20	161	13	1	27____	73738	1	0	0	0	0	0	0	0	0	1	0
C	Marios	20	161	13	1	27____	78750	1	2	0	0	0	0	0	0	0	0	0
C	Marios	20	161	13	1	27____	79250	2	6	0	0	0	0	0	0	0	0	0
C	Marios	20	161	13	1	27____	79310	6	0	0	0	0	1	0	0	0	0	0
C	Marios	20	161	13	1	27____	79317	6	0	0	0	0	0	0	0	0	1	0
C	Marios	20	161	13	1	27____	79468	6	0	0	0	0	1	0	0	0	0	0
C	Marios	20	161	13	1	27____	79518	6	0	0	0	0	0	0	0	0	1	0
C	Marios	20	161	13	1	27____	79550	6	0	0	0	0	1	0	0	0	0	0
C	Marios	20	161	13	1	27____	79625	6	0	0	0	0	0	0	0	0	1	0
C	Marios	20	161	13	1	27____	79653	6	0	0	0	0	1	0	0	0	0	0
C	Marios	20	161	13	1	27____	79734	6	0	0	0	0	0	0	0	0	1	0
C	Marios	20	161	13	1	27____	79750	6	10	0	0	0	0	0	0	0	0	0
C	Marios	20	161	13	1	27____	79761	10	0	0	0	0	1	0	0	0	0	0
C	Marios	20	161	13	1	27____	79938	10	0	0	0	0	0	0	0	0	1	0
C	Marios	20	161	13	1	27____	80250	10	1	0	0	0	0	0	0	0	0	0
C	Marios	20	161	13	1	27____	81973	1	0	0	0	0	1	0	0	0	0	0
C	Marios	20	161	13	1	27____	81982	1	0	0	0	0	0	0	0	0	1	0
C	Marios	20	161	13	1	27____	82578	1	0	0	0	0	1	0	0	0	0	0
C	Marios	20	161	13	1	27____	82664	1	0	0	0	0	0	0	0	0	1	0
C	Marios	20	161	13	1	27____	82674	1	0	0	0	0	1	0	0	0	0	0
C	Marios	20	161	13	1	27____	82724	1	0	0	0	0	0	0	0	0	1	0
C	Marios	20	161	13	1	27____	84000	1	2	0	0	0	0	0	0	0	0	0
C	Marios	20	161	13	1	27____	84500	2	13	0	0	0	0	0	0	0	0	0
C	Marios	20	161	13	1	27____	85000	13	15	0	0	0	0	0	0	0	0	0
C	Marios	20	161	13	1	27____	85500	15	1	0	0	0	1	0	0	0	0	0
C	Marios	20	161	13	1	27____	85643	1	0	0	0	0	0	0	0	0	1	0
C	Marios	20	161	13	1	27____	86012	1	0	0	0	0	1	0	0	0	0	0
C	Marios	20	161	13	1	27____	86300	1	0	0	0	0	0	0	0	0	1	0
C	Marios	20	161	13	1	27____	90000	1	2	0	0	0	0	0	0	0	0	0
C	Marios	20	161	13	1	27____	90500	2	12	0	0	0	0	0	0	0	0	0
C	Marios	20	161	13	1	27____	90541	12	0	0	0	0	1	0	0	0	0	0
C	Marios	20	161	13	1	27____	90544	12	0	0	0	0	0	0	0	0	1	0
C	Marios	20	161	13	1	27____	90779	12	0	0	0	0	1	0	0	0	0	0
C	Marios	20	161	13	1	27____	90943	12	0	0	0	0	0	0	0	0	1	0
C	Marios	20	161	13	1	27____	91000	12	15	0	0	0	0	0	0	0	0	0
C	Marios	20	161	13	1	27____	91245	15	0	0	0	0	1	0	0	0	0	0
C	Marios	20	161	13	1	27____	91500	15	1	0	0	0	0	0	0	0	0	0
C	Marios	20	161	13	1	27____	91619	1	0	0	0	0	0	0	0	0	1	0
C	Marios	20	161	13	1	27____	97500	1	2	0	0	0	0	0	0	0	0	0
C	Marios	20	161	13	1	27____	98000	2	7	0	0	0	0	0	0	0	0	0
C	Marios	20	161	13	1	27____	98231	7	0	0	0	0	1	0	0	0	0	0
C	Marios	20	161	13	1	27____	98247	7	0	0	0	0	0	0	0	0	1	0
C	Marios	20	161	13	1	27____	98250	7	0	0	0	0	1	0	0	0	0	0
C	Marios	20	161	13	1	27____	98261	7	0	0	0	0	0	0	0	0	1	0
C	Marios	20	161	13	1	27____	98340	7	0	0	0	0	1	0	0	0	0	0
C	Marios	20	161	13	1	27____	98500	7	11	0	0	0	0	0	0	0	0	0
C	Marios	20	161	13	1	27____	98724	11	0	0	0	0	0	0	0	0	1	0
C	Marios	20	161	13	1	27____	98725	11	0	0	0	0	1	0	0	0	0	0
C	Marios	20	161	13	1	27____	98742	11	0	0	0	0	0	0	0	0	1	0
C	Marios	20	161	13	1	27____	98748	11	0	0	0	0	1	0	0	0	0	0
C	Marios	20	161	13	1	27____	98750	11	0	0	0	0	0	0	0	0	1	0
C	Marios	20	161	13	1	27____	98753	11	0	0	0	0	1	0	0	0	0	0
C	Marios	20	161	13	1	27____	98759	11	0	0	0	0	0	0	0	0	1	0
C	Marios	20	161	13	1	27____	98761	11	0	0	0	0	1	0	0	0	0	0
C	Marios	20	161	13	1	27____	98766	11	0	0	0	0	0	0	0	0	1	0
C	Marios	20	161	13	1	27____	98770	11	0	0	0	0	1	0	0	0	0	0
C	Marios	20	161	13	1	27____	98773	11	0	0	0	0	0	0	0	0	1	0
C	Marios	20	161	13	1	27____	98847	11	0	0	0	0	1	0	0	0	0	0
C	Marios	20	161	13	1	27____	98849	11	0	0	0	0	0	0	0	0	1	0
C	Marios	20	161	13	1	27____	98851	11	0	0	0	0	1	0	0	0	0	0
C	Marios	20	161	13	1	27____	98880	11	0	0	0	0	0	0	0	0	1	0
C	Marios	20	161	13	1	27____	99000	11	1	0	0	0	0	0	0	0	0	0
C	Marios	20	161	13	1	27____	99205	1	0	0	0	0	1	0	0	0	0	0
C	Marios	20	161	13	1	27____	99224	1	0	0	0	0	0	0	0	0	1	0
C	Marios	20	161	13	1	27____	99542	1	0	0	0	0	1	0	0	0	0	0
C	Marios	20	161	13	1	27____	99575	1	0	0	0	0	1	0	0	0	1	0
C	Marios	20	161	13	1	27____	99651	1	0	0	0	0	1	0	0	0	1	0
C	Marios	20	161	13	1	27____	99671	1	0	0	0	0	0	0	0	0	1	0
C	Marios	20	161	13	1	27____	102293	1	0	0	0	0	1	0	0	0	0	0
C	Marios	20	161	13	1	27____	102500	1	2	0	0	0	0	0	0	0	0	0
C	Marios	20	161	13	1	27____	102692	2	0	0	0	0	0	0	0	0	1	0
C	Marios	20	161	13	1	27____	103000	2	12	0	0	0	0	0	0	0	0	0
C	Marios	20	161	13	1	27____	103068	12	0	0	0	0	1	0	0	0	0	0
C	Marios	20	161	13	1	27____	103500	12	15	0	0	0	0	0	0	0	0	0
C	Marios	20	161	13	1	27____	104000	15	1	0	0	0	0	0	0	0	0	0
C	Marios	20	161	13	1	27____	104327	1	0	0	0	0	0	0	0	0	1	0
C	Marios	20	161	13	1	27____	109250	1	2	0	0	0	0	0	0	0	0	0
C	Marios	20	161	13	1	27____	109750	2	13	0	0	0	0	0	0	0	0	0
C	Marios	20	161	13	1	27____	109844	13	0	0	0	0	1	0	0	0	0	0
C	Marios	20	161	13	1	27____	110121	13	0	0	0	0	0	0	0	0	1	0
C	Marios	20	161	13	1	27____	110123	13	0	0	0	0	1	0	0	0	0	0
C	Marios	20	161	13	1	27____	110234	13	0	0	0	0	0	0	0	0	1	0
C	Marios	20	161	13	1	27____	110250	13	15	0	0	0	0	0	0	0	0	0
C	Marios	20	161	13	1	27____	110259	15	0	0	0	0	1	0	0	0	0	0
C	Marios	20	161	13	1	27____	110361	15	0	0	0	0	0	0	0	0	1	0
C	Marios	20	161	13	1	27____	110363	15	0	0	0	0	1	0	0	0	0	0
C	Marios	20	161	13	1	27____	110500	15	0	0	0	0	0	0	0	0	1	0
C	Marios	20	161	13	1	27____	110750	15	1	0	0	0	0	0	0	0	0	0
C	Marios	20	161	13	1	27____	113294	1	0	0	0	0	1	0	0	0	0	0
C	Marios	20	161	13	1	27____	113378	1	0	0	0	0	0	0	0	0	1	0
C	Marios	20	161	13	1	27____	113379	1	0	0	0	0	1	0	0	0	0	0
C	Marios	20	161	13	1	27____	113386	1	0	0	0	0	0	0	0	0	1	0
C	Marios	20	161	13	1	27____	118250	1	2	0	0	0	0	0	0	0	0	0
C	Marios	20	161	13	1	27____	118750	2	12	0	0	0	0	0	0	0	0	0
C	Marios	20	161	13	1	27____	118851	12	0	0	0	0	1	0	0	0	0	0
C	Marios	20	161	13	1	27____	119050	12	0	0	0	0	0	0	0	0	1	0
C	Marios	20	161	13	1	27____	119250	12	15	0	0	0	0	0	0	0	0	0
C	Marios	20	161	13	1	27____	119296	15	0	0	0	0	1	0	0	0	0	0
C	Marios	20	161	13	1	27____	119437	15	0	0	0	0	0	0	0	0	1	0
C	Marios	20	161	13	1	27____	119750	15	1	0	0	0	0	0	0	0	0	0
C	Marios	20	161	13	1	27____	124250	1	2	0	0	0	0	0	0	0	0	0
C	Marios	20	161	13	1	27____	124750	2	6	0	0	0	0	0	0	0	0	0
C	Marios	20	161	13	1	27____	124917	6	0	0	0	0	1	0	0	0	0	0
C	Marios	20	161	13	1	27____	124926	6	0	0	0	0	0	0	0	0	1	0
C	Marios	20	161	13	1	27____	125125	6	0	0	0	0	1	0	0	0	0	0
C	Marios	20	161	13	1	27____	125250	6	10	0	0	0	0	0	0	0	0	0
C	Marios	20	161	13	1	27____	125267	10	0	0	0	0	0	0	0	0	1	0
C	Marios	20	161	13	1	27____	125270	10	0	0	0	0	1	0	0	0	0	0
C	Marios	20	161	13	1	27____	125474	10	0	0	0	0	0	0	0	0	1	0
C	Marios	20	161	13	1	27____	125618	10	0	0	0	0	1	0	0	0	0	0
C	Marios	20	161	13	1	27____	125637	10	0	0	0	0	0	0	0	0	1	0
C	Marios	20	161	13	1	27____	125640	10	0	0	0	0	1	0	0	0	0	0
C	Marios	20	161	13	1	27____	125644	10	0	0	0	0	0	0	0	0	1	0
C	Marios	20	161	13	1	27____	125647	10	0	0	0	0	1	0	0	0	0	0
C	Marios	20	161	13	1	27____	125750	10	1	0	0	0	0	0	0	0	0	0
C	Marios	20	161	13	1	27____	125764	1	0	0	0	0	0	0	0	0	1	0
C	Marios	20	161	13	1	27____	126027	1	0	0	0	0	1	0	0	0	0	0
C	Marios	20	161	13	1	27____	126196	1	0	0	0	0	0	0	0	0	1	0
C	Marios	20	161	13	1	27____	126197	1	0	0	0	0	1	0	0	0	0	0
C	Marios	20	161	13	1	27____	126231	1	0	0	0	0	0	0	0	0	1	0
C	Marios	20	161	13	1	27____	127250	1	2	0	0	0	0	0	0	0	0	0
C	Marios	20	161	13	1	27____	127750	2	13	0	0	0	0	0	0	0	0	0
C	Marios	20	161	13	1	27____	128250	13	15	0	0	0	0	0	0	0	0	0
C	Marios	20	161	13	1	27____	128750	15	1	0	0	0	0	0	0	0	0	0
C	Marios	20	161	13	1	27____	130010	1	0	0	0	0	1	0	0	0	0	0
C	Marios	20	161	13	1	27____	130163	1	0	0	0	0	0	0	0	0	1	0
C	Marios	20	161	13	1	27____	130407	1	0	0	0	0	1	0	0	0	0	0
C	Marios	20	161	13	1	27____	130412	1	0	0	0	0	0	0	0	0	1	0
C	Marios	20	161	13	1	27____	130419	1	0	0	0	0	1	0	0	0	0	0
C	Marios	20	161	13	1	27____	130777	1	0	0	0	0	0	0	0	0	1	0
C	Marios	20	161	13	1	27____	131000	1	2	0	0	0	0	0	0	0	0	0
C	Marios	20	161	13	1	27____	131500	2	12	0	0	0	0	0	0	0	0	0
C	Marios	20	161	13	1	27____	131631	12	0	0	0	0	1	0	0	0	0	0
C	Marios	20	161	13	1	27____	131991	12	0	0	0	0	0	0	0	0	1	0
C	Marios	20	161	13	1	27____	132000	12	15	0	0	0	0	0	0	0	0	0
C	Marios	20	161	13	1	27____	132055	15	0	0	0	0	1	0	0	0	0	0
C	Marios	20	161	13	1	27____	132061	15	0	0	0	0	0	0	0	0	1	0
C	Marios	20	161	13	1	27____	132380	15	0	0	0	0	1	0	0	0	0	0
C	Marios	20	161	13	1	27____	132427	15	0	0	0	0	0	0	0	0	1	0
C	Marios	20	161	13	1	27____	132438	15	0	0	0	0	1	0	0	0	0	0
C	Marios	20	161	13	1	27____	132500	15	1	0	0	0	0	0	0	0	0	0
C	Marios	20	161	13	1	27____	132550	1	0	0	0	0	0	0	0	0	1	0
C	Marios	20	161	13	1	27____	138000	1	2	0	0	0	0	0	0	0	0	0
C	Marios	20	161	13	1	27____	138500	2	13	0	0	0	0	0	0	0	0	0
C	Marios	20	161	13	1	27____	139000	13	15	0	0	0	0	0	0	0	0	0
C	Marios	20	161	13	1	27____	139500	15	1	0	0	0	0	0	0	0	0	0
C	Marios	20	161	13	1	27____	140935	1	0	0	0	0	1	0	0	0	0	0
C	Marios	20	161	13	1	27____	141016	1	0	0	0	0	0	0	0	0	1	0
C	Marios	20	161	13	1	27____	142212	1	0	0	0	0	1	0	0	0	0	0
C	Marios	20	161	13	1	27____	142294	1	0	0	0	0	0	0	0	0	1	0
C	Marios	20	161	13	1	27____	142500	1	2	0	0	0	0	0	0	0	0	0
C	Marios	20	161	13	1	27____	143000	2	7	0	0	0	0	0	0	0	0	0
C	Marios	20	161	13	1	27____	143209	7	0	0	0	0	1	0	0	0	0	0
C	Marios	20	161	13	1	27____	143215	7	0	0	0	0	1	0	0	0	1	0
C	Marios	20	161	13	1	27____	143220	7	0	0	0	0	0	0	0	0	1	0
C	Marios	20	161	13	1	27____	143221	7	0	0	0	0	1	0	0	0	0	0
C	Marios	20	161	13	1	27____	143481	7	0	0	0	0	0	0	0	0	1	0
C	Marios	20	161	13	1	27____	143483	7	0	0	0	0	1	0	0	0	0	0
C	Marios	20	161	13	1	27____	143500	7	11	0	0	0	0	0	0	0	0	0
C	Marios	20	161	13	1	27____	143659	11	0	0	0	0	0	0	0	0	1	0
C	Marios	20	161	13	1	27____	143662	11	0	0	0	0	1	0	0	0	0	0
C	Marios	20	161	13	1	27____	143665	11	0	0	0	0	0	0	0	0	1	0
C	Marios	20	161	13	1	27____	143676	11	0	0	0	0	1	0	0	0	0	0
C	Marios	20	161	13	1	27____	143678	11	0	0	0	0	0	0	0	0	1	0
C	Marios	20	161	13	1	27____	143688	11	0	0	0	0	1	0	0	0	0	0
C	Marios	20	161	13	1	27____	143690	11	0	0	0	0	0	0	0	0	1	0
C	Marios	20	161	13	1	27____	143700	11	0	0	0	0	1	0	0	0	0	0
C	Marios	20	161	13	1	27____	143701	11	0	0	0	0	0	0	0	0	1	0
C	Marios	20	161	13	1	27____	143724	11	0	0	0	0	1	0	0	0	0	0
C	Marios	20	161	13	1	27____	143726	11	0	0	0	0	0	0	0	0	1	0
C	Marios	20	161	13	1	27____	143734	11	0	0	0	0	1	0	0	0	0	0
C	Marios	20	161	13	1	27____	143736	11	0	0	0	0	0	0	0	0	1	0
C	Marios	20	161	13	1	27____	143775	11	0	0	0	0	1	0	0	0	0	0
C	Marios	20	161	13	1	27____	143777	11	0	0	0	0	0	0	0	0	1	0
C	Marios	20	161	13	1	27____	143783	11	0	0	0	0	1	0	0	0	0	0
C	Marios	20	161	13	1	27____	143784	11	0	0	0	0	0	0	0	0	1	0
C	Marios	20	161	13	1	27____	143789	11	0	0	0	0	1	0	0	0	0	0
C	Marios	20	161	13	1	27____	143791	11	0	0	0	0	0	0	0	0	1	0
C	Marios	20	161	13	1	27____	143893	11	0	0	0	0	1	0	0	0	0	0
C	Marios	20	161	13	1	27____	143926	11	0	0	0	0	0	0	0	0	1	0
C	Marios	20	161	13	1	27____	143958	11	0	0	0	0	1	0	0	0	0	0
C	Marios	20	161	13	1	27____	143963	11	0	0	0	0	0	0	0	0	1	0
C	Marios	20	161	13	1	27____	143966	11	0	0	0	0	1	0	0	0	0	0
C	Marios	20	161	13	1	27____	143969	11	0	0	0	0	0	0	0	0	1	0
C	Marios	20	161	13	1	27____	143971	11	0	0	0	0	1	0	0	0	0	0
C	Marios	20	161	13	1	27____	143985	11	0	0	0	0	0	0	0	0	1	0
C	Marios	20	161	13	1	27____	143987	11	0	0	0	0	1	0	0	0	0	0
C	Marios	20	161	13	1	27____	144000	11	14	0	0	0	0	0	0	0	0	0
C	Marios	20	161	13	1	27____	144039	14	0	0	0	0	0	0	0	0	1	0
C	Marios	20	161	13	1	27____	144051	14	0	0	0	0	1	0	0	0	0	0
C	Marios	20	161	13	1	27____	144064	14	0	0	0	0	1	0	0	0	1	0
C	Marios	20	161	13	1	27____	144066	14	0	0	0	0	0	0	0	0	1	0
C	Marios	20	161	13	1	27____	144341	14	0	0	0	0	1	0	0	0	0	0
C	Marios	20	161	13	1	27____	144357	14	0	0	0	0	0	0	0	0	1	0
C	Marios	20	161	13	1	27____	147000	14	-1	0	0	0	0	0	0	0	0	0
