Project	UserID	Protocol	Session	Station	Run	Subject	Time	Current State	Transition State	Transition Event	A1 - LLR	A2 - RLR	A3 - MAG	A4 - 	A[1] LLR_OFF	A[2] RLR_OFF	A[3] MAG_OFF	A[4] 
C	Marios	18	161	1	1	1_____	0	0	1	0	0	0	0	0	0	0	0	0
C	Marios	18	161	1	1	1_____	2250	1	2	0	0	0	0	0	0	0	0	0
C	Marios	18	161	1	1	1_____	2750	2	13	0	0	0	0	0	0	0	0	0
C	Marios	18	161	1	1	1_____	3250	13	15	0	0	0	0	0	0	0	0	0
C	Marios	18	161	1	1	1_____	3750	15	1	0	0	0	0	0	0	0	0	0
C	Marios	18	161	1	1	1_____	4804	1	0	0	0	0	1	0	0	0	0	0
C	Marios	18	161	1	1	1_____	4809	1	0	0	0	0	0	0	0	0	1	0
C	Marios	18	161	1	1	1_____	6253	1	0	0	0	0	1	0	0	0	0	0
C	Marios	18	161	1	1	1_____	6292	1	0	0	0	0	0	0	0	0	1	0
C	Marios	18	161	1	1	1_____	7500	1	2	0	0	0	0	0	0	0	0	0
C	Marios	18	161	1	1	1_____	8000	2	6	0	0	0	0	0	0	0	0	0
C	Marios	18	161	1	1	1_____	8056	6	0	0	0	0	1	0	0	0	0	0
C	Marios	18	161	1	1	1_____	8076	6	0	0	0	0	0	0	0	0	1	0
C	Marios	18	161	1	1	1_____	8091	6	0	0	0	0	1	0	0	0	0	0
C	Marios	18	161	1	1	1_____	8133	6	0	0	0	0	0	0	0	0	1	0
C	Marios	18	161	1	1	1_____	8134	6	0	0	0	0	1	0	0	0	0	0
C	Marios	18	161	1	1	1_____	8136	6	0	0	0	0	0	0	0	0	1	0
C	Marios	18	161	1	1	1_____	8139	6	0	0	0	0	1	0	0	0	0	0
C	Marios	18	161	1	1	1_____	8146	6	0	0	0	0	0	0	0	0	1	0
C	Marios	18	161	1	1	1_____	8150	6	0	0	0	0	1	0	0	0	0	0
C	Marios	18	161	1	1	1_____	8193	6	0	0	0	0	0	0	0	0	1	0
C	Marios	18	161	1	1	1_____	8218	6	0	0	0	0	1	0	0	0	0	0
C	Marios	18	161	1	1	1_____	8237	6	0	0	0	0	0	0	0	0	1	0
C	Marios	18	161	1	1	1_____	8243	6	0	0	0	0	1	0	0	0	0	0
C	Marios	18	161	1	1	1_____	8249	6	0	0	0	0	0	0	0	0	1	0
C	Marios	18	161	1	1	1_____	8251	6	0	0	0	0	1	0	0	0	0	0
C	Marios	18	161	1	1	1_____	8253	6	0	0	0	0	0	0	0	0	1	0
C	Marios	18	161	1	1	1_____	8259	6	0	0	0	0	1	0	0	0	0	0
C	Marios	18	161	1	1	1_____	8305	6	0	0	0	0	0	0	0	0	1	0
C	Marios	18	161	1	1	1_____	8312	6	0	0	0	0	1	0	0	0	0	0
C	Marios	18	161	1	1	1_____	8321	6	0	0	0	0	0	0	0	0	1	0
C	Marios	18	161	1	1	1_____	8322	6	0	0	0	0	1	0	0	0	0	0
C	Marios	18	161	1	1	1_____	8387	6	0	0	0	0	1	0	0	0	1	0
C	Marios	18	161	1	1	1_____	8390	6	0	0	0	0	0	0	0	0	1	0
C	Marios	18	161	1	1	1_____	8406	6	0	0	0	0	1	0	0	0	0	0
C	Marios	18	161	1	1	1_____	8409	6	0	0	0	0	0	0	0	0	1	0
C	Marios	18	161	1	1	1_____	8427	6	0	0	0	0	1	0	0	0	0	0
C	Marios	18	161	1	1	1_____	8440	6	0	0	0	0	0	0	0	0	1	0
C	Marios	18	161	1	1	1_____	8444	6	0	0	0	0	1	0	0	0	0	0
C	Marios	18	161	1	1	1_____	8449	6	0	0	0	0	0	0	0	0	1	0
C	Marios	18	161	1	1	1_____	8459	6	0	0	0	0	1	0	0	0	0	0
C	Marios	18	161	1	1	1_____	8469	6	0	0	0	0	0	0	0	0	1	0
C	Marios	18	161	1	1	1_____	8478	6	0	0	0	0	1	0	0	0	0	0
C	Marios	18	161	1	1	1_____	8500	6	10	0	0	0	0	0	0	0	0	0
C	Marios	18	161	1	1	1_____	8510	10	0	0	0	0	0	0	0	0	1	0
C	Marios	18	161	1	1	1_____	8514	10	0	0	0	0	1	0	0	0	0	0
C	Marios	18	161	1	1	1_____	8531	10	0	0	0	0	0	0	0	0	1	0
C	Marios	18	161	1	1	1_____	8533	10	0	0	0	0	1	0	0	0	0	0
C	Marios	18	161	1	1	1_____	8682	10	0	0	0	0	0	0	0	0	1	0
C	Marios	18	161	1	1	1_____	8684	10	0	0	0	0	1	0	0	0	0	0
C	Marios	18	161	1	1	1_____	8687	10	0	0	0	0	0	0	0	0	1	0
C	Marios	18	161	1	1	1_____	8866	10	0	0	0	0	1	0	0	0	0	0
C	Marios	18	161	1	1	1_____	8933	10	0	0	0	0	0	0	0	0	1	0
C	Marios	18	161	1	1	1_____	9000	10	1	0	0	0	0	0	0	0	0	0
C	Marios	18	161	1	1	1_____	10035	1	0	0	0	0	1	0	0	0	0	0
C	Marios	18	161	1	1	1_____	10080	1	0	0	0	0	0	0	0	0	1	0
C	Marios	18	161	1	1	1_____	12039	1	0	0	0	0	1	0	0	0	0	0
C	Marios	18	161	1	1	1_____	12041	1	0	0	0	0	0	0	0	0	1	0
C	Marios	18	161	1	1	1_____	12151	1	0	0	0	0	1	0	0	0	0	0
C	Marios	18	161	1	1	1_____	12169	1	0	0	0	0	0	0	0	0	1	0
C	Marios	18	161	1	1	1_____	12176	1	0	0	0	0	1	0	0	0	0	0
C	Marios	18	161	1	1	1_____	12197	1	0	0	0	0	0	0	0	0	1	0
C	Marios	18	161	1	1	1_____	12731	1	0	0	0	0	1	0	0	0	0	0
C	Marios	18	161	1	1	1_____	12795	1	0	0	0	0	0	0	0	0	1	0
C	Marios	18	161	1	1	1_____	12799	1	0	0	0	0	1	0	0	0	0	0
C	Marios	18	161	1	1	1_____	12822	1	0	0	0	0	1	0	0	0	1	0
C	Marios	18	161	1	1	1_____	12827	1	0	0	0	0	0	0	0	0	1	0
C	Marios	18	161	1	1	1_____	12830	1	0	0	0	0	1	0	0	0	0	0
C	Marios	18	161	1	1	1_____	12833	1	0	0	0	0	0	0	0	0	1	0
C	Marios	18	161	1	1	1_____	12883	1	0	0	0	0	1	0	0	0	0	0
C	Marios	18	161	1	1	1_____	12913	1	0	0	0	0	1	0	0	0	1	0
C	Marios	18	161	1	1	1_____	12916	1	0	0	0	0	0	0	0	0	1	0
C	Marios	18	161	1	1	1_____	12918	1	0	0	0	0	1	0	0	0	0	0
C	Marios	18	161	1	1	1_____	12950	1	0	0	0	0	0	0	0	0	1	0
C	Marios	18	161	1	1	1_____	12956	1	0	0	0	0	1	0	0	0	0	0
C	Marios	18	161	1	1	1_____	12957	1	0	0	0	0	0	0	0	0	1	0
C	Marios	18	161	1	1	1_____	12959	1	0	0	0	0	1	0	0	0	0	0
C	Marios	18	161	1	1	1_____	13011	1	0	0	0	0	1	0	0	0	1	0
C	Marios	18	161	1	1	1_____	13013	1	0	0	0	0	0	0	0	0	1	0
C	Marios	18	161	1	1	1_____	13548	1	0	0	0	0	1	0	0	0	0	0
C	Marios	18	161	1	1	1_____	13556	1	0	0	0	0	0	0	0	0	1	0
C	Marios	18	161	1	1	1_____	13567	1	0	0	0	0	1	0	0	0	0	0
C	Marios	18	161	1	1	1_____	13586	1	0	0	0	0	0	0	0	0	1	0
C	Marios	18	161	1	1	1_____	13710	1	0	0	0	0	1	0	0	0	0	0
C	Marios	18	161	1	1	1_____	13720	1	0	0	0	0	0	0	0	0	1	0
C	Marios	18	161	1	1	1_____	13727	1	0	0	0	0	1	0	0	0	0	0
C	Marios	18	161	1	1	1_____	13804	1	0	0	0	0	0	0	0	0	1	0
C	Marios	18	161	1	1	1_____	14877	1	0	0	0	0	1	0	0	0	0	0
C	Marios	18	161	1	1	1_____	14885	1	0	0	0	0	0	0	0	0	1	0
C	Marios	18	161	1	1	1_____	15087	1	0	0	0	0	1	0	0	0	0	0
C	Marios	18	161	1	1	1_____	15118	1	0	0	0	0	0	0	0	0	1	0
C	Marios	18	161	1	1	1_____	15138	1	0	0	0	0	1	0	0	0	0	0
C	Marios	18	161	1	1	1_____	15145	1	0	0	0	0	0	0	0	0	1	0
C	Marios	18	161	1	1	1_____	15146	1	0	0	0	0	1	0	0	0	0	0
C	Marios	18	161	1	1	1_____	15151	1	0	0	0	0	0	0	0	0	1	0
C	Marios	18	161	1	1	1_____	16500	1	2	0	0	0	0	0	0	0	0	0
C	Marios	18	161	1	1	1_____	16829	2	0	0	0	0	1	0	0	0	0	0
C	Marios	18	161	1	1	1_____	16872	2	0	0	0	0	0	0	0	0	1	0
C	Marios	18	161	1	1	1_____	17000	2	12	0	0	0	0	0	0	0	0	0
C	Marios	18	161	1	1	1_____	17500	12	15	0	0	0	0	0	0	0	0	0
C	Marios	18	161	1	1	1_____	18000	15	1	0	0	0	0	0	0	0	0	0
C	Marios	18	161	1	1	1_____	19630	1	0	0	0	0	1	0	0	0	0	0
C	Marios	18	161	1	1	1_____	19649	1	0	0	0	0	0	0	0	0	1	0
C	Marios	18	161	1	1	1_____	20520	1	0	0	0	0	1	0	0	0	0	0
C	Marios	18	161	1	1	1_____	20522	1	0	0	0	0	0	0	0	0	1	0
C	Marios	18	161	1	1	1_____	21126	1	0	0	0	0	1	0	0	0	0	0
C	Marios	18	161	1	1	1_____	21135	1	0	0	0	0	0	0	0	0	1	0
C	Marios	18	161	1	1	1_____	21141	1	0	0	0	0	1	0	0	0	0	0
C	Marios	18	161	1	1	1_____	21179	1	0	0	0	0	0	0	0	0	1	0
C	Marios	18	161	1	1	1_____	21180	1	0	0	0	0	1	0	0	0	0	0
C	Marios	18	161	1	1	1_____	21186	1	0	0	0	0	1	0	0	0	1	0
C	Marios	18	161	1	1	1_____	21190	1	0	0	0	0	0	0	0	0	1	0
C	Marios	18	161	1	1	1_____	21200	1	0	0	0	0	1	0	0	0	0	0
C	Marios	18	161	1	1	1_____	21328	1	0	0	0	0	0	0	0	0	1	0
C	Marios	18	161	1	1	1_____	21329	1	0	0	0	0	1	0	0	0	0	0
C	Marios	18	161	1	1	1_____	21331	1	0	0	0	0	0	0	0	0	1	0
C	Marios	18	161	1	1	1_____	21355	1	0	0	0	0	1	0	0	0	0	0
C	Marios	18	161	1	1	1_____	21500	1	2	0	0	0	0	0	0	0	0	0
C	Marios	18	161	1	1	1_____	21505	2	0	0	0	0	0	0	0	0	1	0
C	Marios	18	161	1	1	1_____	21532	2	0	0	0	0	1	0	0	0	0	0
C	Marios	18	161	1	1	1_____	21563	2	0	0	0	0	0	0	0	0	1	0
C	Marios	18	161	1	1	1_____	21567	2	0	0	0	0	1	0	0	0	0	0
C	Marios	18	161	1	1	1_____	21572	2	0	0	0	0	0	0	0	0	1	0
C	Marios	18	161	1	1	1_____	21601	2	0	0	0	0	1	0	0	0	0	0
C	Marios	18	161	1	1	1_____	21654	2	0	0	0	0	0	0	0	0	1	0
C	Marios	18	161	1	1	1_____	21655	2	0	0	0	0	1	0	0	0	0	0
C	Marios	18	161	1	1	1_____	21657	2	0	0	0	0	0	0	0	0	1	0
C	Marios	18	161	1	1	1_____	21659	2	0	0	0	0	1	0	0	0	0	0
C	Marios	18	161	1	1	1_____	21670	2	0	0	0	0	0	0	0	0	1	0
C	Marios	18	161	1	1	1_____	21671	2	0	0	0	0	1	0	0	0	0	0
C	Marios	18	161	1	1	1_____	21697	2	0	0	0	0	0	0	0	0	1	0
C	Marios	18	161	1	1	1_____	21700	2	0	0	0	0	1	0	0	0	0	0
C	Marios	18	161	1	1	1_____	21733	2	0	0	0	0	0	0	0	0	1	0
C	Marios	18	161	1	1	1_____	21735	2	0	0	0	0	1	0	0	0	0	0
C	Marios	18	161	1	1	1_____	21744	2	0	0	0	0	0	0	0	0	1	0
C	Marios	18	161	1	1	1_____	21787	2	0	0	0	0	1	0	0	0	0	0
C	Marios	18	161	1	1	1_____	21819	2	0	0	0	0	0	0	0	0	1	0
C	Marios	18	161	1	1	1_____	21835	2	0	0	0	0	1	0	0	0	0	0
C	Marios	18	161	1	1	1_____	22000	2	12	0	0	0	0	0	0	0	0	0
C	Marios	18	161	1	1	1_____	22155	12	0	0	0	0	0	0	0	0	1	0
C	Marios	18	161	1	1	1_____	22313	12	0	0	0	0	1	0	0	0	0	0
C	Marios	18	161	1	1	1_____	22476	12	0	0	0	0	0	0	0	0	1	0
C	Marios	18	161	1	1	1_____	22500	12	15	0	0	0	0	0	0	0	0	0
C	Marios	18	161	1	1	1_____	23000	15	1	0	0	0	0	0	0	0	0	0
C	Marios	18	161	1	1	1_____	23447	1	0	0	0	0	1	0	0	0	0	0
C	Marios	18	161	1	1	1_____	23456	1	0	0	0	0	0	0	0	0	1	0
C	Marios	18	161	1	1	1_____	28320	1	0	0	0	0	1	0	0	0	0	0
C	Marios	18	161	1	1	1_____	28384	1	0	0	0	0	0	0	0	0	1	0
C	Marios	18	161	1	1	1_____	28500	1	2	0	0	0	0	0	0	0	0	0
C	Marios	18	161	1	1	1_____	29000	2	13	0	0	0	0	0	0	0	0	0
C	Marios	18	161	1	1	1_____	29500	13	15	0	0	0	0	0	0	0	0	0
C	Marios	18	161	1	1	1_____	30000	15	1	0	0	0	0	0	0	0	0	0
C	Marios	18	161	1	1	1_____	30981	1	0	0	0	0	1	0	0	0	0	0
C	Marios	18	161	1	1	1_____	31103	1	0	0	0	0	0	0	0	0	1	0
C	Marios	18	161	1	1	1_____	31687	1	0	0	0	0	1	0	0	0	0	0
C	Marios	18	161	1	1	1_____	31699	1	0	0	0	0	0	0	0	0	1	0
C	Marios	18	161	1	1	1_____	32538	1	0	0	0	0	1	0	0	0	0	0
C	Marios	18	161	1	1	1_____	32543	1	0	0	0	0	0	0	0	0	1	0
C	Marios	18	161	1	1	1_____	33187	1	0	0	0	0	1	0	0	0	0	0
C	Marios	18	161	1	1	1_____	33190	1	0	0	0	0	0	0	0	0	1	0
C	Marios	18	161	1	1	1_____	34500	1	2	0	0	0	0	0	0	0	0	0
C	Marios	18	161	1	1	1_____	34712	2	0	0	0	0	1	0	0	0	0	0
C	Marios	18	161	1	1	1_____	34737	2	0	0	0	0	0	0	0	0	1	0
C	Marios	18	161	1	1	1_____	35000	2	7	0	0	0	0	0	0	0	0	0
C	Marios	18	161	1	1	1_____	35106	7	0	0	0	0	1	0	0	0	0	0
C	Marios	18	161	1	1	1_____	35141	7	0	0	0	0	0	0	0	0	1	0
C	Marios	18	161	1	1	1_____	35145	7	0	0	0	0	1	0	0	0	0	0
C	Marios	18	161	1	1	1_____	35160	7	0	0	0	0	0	0	0	0	1	0
C	Marios	18	161	1	1	1_____	35165	7	0	0	0	0	1	0	0	0	0	0
C	Marios	18	161	1	1	1_____	35181	7	0	0	0	0	0	0	0	0	1	0
C	Marios	18	161	1	1	1_____	35189	7	0	0	0	0	1	0	0	0	0	0
C	Marios	18	161	1	1	1_____	35191	7	0	0	0	0	0	0	0	0	1	0
C	Marios	18	161	1	1	1_____	35198	7	0	0	0	0	1	0	0	0	0	0
C	Marios	18	161	1	1	1_____	35250	7	0	0	0	0	0	0	0	0	1	0
C	Marios	18	161	1	1	1_____	35254	7	0	0	0	0	1	0	0	0	0	0
C	Marios	18	161	1	1	1_____	35258	7	0	0	0	0	0	0	0	0	1	0
C	Marios	18	161	1	1	1_____	35259	7	0	0	0	0	1	0	0	0	0	0
C	Marios	18	161	1	1	1_____	35270	7	0	0	0	0	0	0	0	0	1	0
C	Marios	18	161	1	1	1_____	35275	7	0	0	0	0	1	0	0	0	0	0
C	Marios	18	161	1	1	1_____	35277	7	0	0	0	0	0	0	0	0	1	0
C	Marios	18	161	1	1	1_____	35279	7	0	0	0	0	1	0	0	0	0	0
C	Marios	18	161	1	1	1_____	35281	7	0	0	0	0	0	0	0	0	1	0
C	Marios	18	161	1	1	1_____	35284	7	0	0	0	0	1	0	0	0	0	0
C	Marios	18	161	1	1	1_____	35287	7	0	0	0	0	0	0	0	0	1	0
C	Marios	18	161	1	1	1_____	35290	7	0	0	0	0	1	0	0	0	0	0
C	Marios	18	161	1	1	1_____	35307	7	0	0	0	0	0	0	0	0	1	0
C	Marios	18	161	1	1	1_____	35308	7	0	0	0	0	1	0	0	0	0	0
C	Marios	18	161	1	1	1_____	35310	7	0	0	0	0	0	0	0	0	1	0
C	Marios	18	161	1	1	1_____	35312	7	0	0	0	0	1	0	0	0	0	0
C	Marios	18	161	1	1	1_____	35336	7	0	0	0	0	0	0	0	0	1	0
C	Marios	18	161	1	1	1_____	35340	7	0	0	0	0	1	0	0	0	0	0
C	Marios	18	161	1	1	1_____	35342	7	0	0	0	0	0	0	0	0	1	0
C	Marios	18	161	1	1	1_____	35353	7	0	0	0	0	1	0	0	0	0	0
C	Marios	18	161	1	1	1_____	35403	7	0	0	0	0	1	0	0	0	1	0
C	Marios	18	161	1	1	1_____	35405	7	0	0	0	0	0	0	0	0	1	0
C	Marios	18	161	1	1	1_____	35426	7	0	0	0	0	1	0	0	0	0	0
C	Marios	18	161	1	1	1_____	35464	7	0	0	0	0	0	0	0	0	1	0
C	Marios	18	161	1	1	1_____	35473	7	0	0	0	0	1	0	0	0	0	0
C	Marios	18	161	1	1	1_____	35484	7	0	0	0	0	0	0	0	0	1	0
C	Marios	18	161	1	1	1_____	35491	7	0	0	0	0	1	0	0	0	0	0
C	Marios	18	161	1	1	1_____	35493	7	0	0	0	0	0	0	0	0	1	0
C	Marios	18	161	1	1	1_____	35500	7	11	0	0	0	0	0	0	0	0	0
C	Marios	18	161	1	1	1_____	35502	11	0	0	0	0	1	0	0	0	0	0
C	Marios	18	161	1	1	1_____	35671	11	0	0	0	0	0	0	0	0	1	0
C	Marios	18	161	1	1	1_____	35993	11	0	0	0	0	1	0	0	0	0	0
C	Marios	18	161	1	1	1_____	36000	11	1	0	0	0	0	0	0	0	0	0
C	Marios	18	161	1	1	1_____	36030	1	0	0	0	0	0	0	0	0	1	0
C	Marios	18	161	1	1	1_____	36064	1	0	0	0	0	1	0	0	0	0	0
C	Marios	18	161	1	1	1_____	36071	1	0	0	0	0	0	0	0	0	1	0
C	Marios	18	161	1	1	1_____	36099	1	0	0	0	0	1	0	0	0	0	0
C	Marios	18	161	1	1	1_____	36152	1	0	0	0	0	0	0	0	0	1	0
C	Marios	18	161	1	1	1_____	37500	1	2	0	0	0	0	0	0	0	0	0
C	Marios	18	161	1	1	1_____	38000	2	13	0	0	0	0	0	0	0	0	0
C	Marios	18	161	1	1	1_____	38500	13	15	0	0	0	0	0	0	0	0	0
C	Marios	18	161	1	1	1_____	38944	15	0	0	0	0	1	0	0	0	0	0
C	Marios	18	161	1	1	1_____	38946	15	0	0	0	0	0	0	0	0	1	0
C	Marios	18	161	1	1	1_____	39000	15	1	0	0	0	0	0	0	0	0	0
C	Marios	18	161	1	1	1_____	39362	1	0	0	0	0	1	0	0	0	0	0
C	Marios	18	161	1	1	1_____	39382	1	0	0	0	0	0	0	0	0	1	0
C	Marios	18	161	1	1	1_____	41445	1	0	0	0	0	1	0	0	0	0	0
C	Marios	18	161	1	1	1_____	41452	1	0	0	0	0	0	0	0	0	1	0
C	Marios	18	161	1	1	1_____	42949	1	0	0	0	0	1	0	0	0	0	0
C	Marios	18	161	1	1	1_____	42958	1	0	0	0	0	0	0	0	0	1	0
C	Marios	18	161	1	1	1_____	45750	1	2	0	0	0	0	0	0	0	0	0
C	Marios	18	161	1	1	1_____	46250	2	12	0	0	0	0	0	0	0	0	0
C	Marios	18	161	1	1	1_____	46750	12	15	0	0	0	0	0	0	0	0	0
C	Marios	18	161	1	1	1_____	47250	15	1	0	0	0	0	0	0	0	0	0
C	Marios	18	161	1	1	1_____	52140	1	0	0	0	0	1	0	0	0	0	0
C	Marios	18	161	1	1	1_____	52142	1	0	0	0	0	0	0	0	0	1	0
C	Marios	18	161	1	1	1_____	52146	1	0	0	0	0	1	0	0	0	0	0
C	Marios	18	161	1	1	1_____	52173	1	0	0	0	0	1	0	0	0	1	0
C	Marios	18	161	1	1	1_____	52214	1	0	0	0	0	0	0	0	0	1	0
C	Marios	18	161	1	1	1_____	52215	1	0	0	0	0	1	0	0	0	0	0
C	Marios	18	161	1	1	1_____	52239	1	0	0	0	0	0	0	0	0	1	0
C	Marios	18	161	1	1	1_____	52244	1	0	0	0	0	1	0	0	0	0	0
C	Marios	18	161	1	1	1_____	52261	1	0	0	0	0	0	0	0	0	1	0
C	Marios	18	161	1	1	1_____	52272	1	0	0	0	0	1	0	0	0	0	0
C	Marios	18	161	1	1	1_____	52281	1	0	0	0	0	0	0	0	0	1	0
C	Marios	18	161	1	1	1_____	52288	1	0	0	0	0	1	0	0	0	0	0
C	Marios	18	161	1	1	1_____	52290	1	0	0	0	0	0	0	0	0	1	0
C	Marios	18	161	1	1	1_____	52291	1	0	0	0	0	1	0	0	0	0	0
C	Marios	18	161	1	1	1_____	52432	1	0	0	0	0	0	0	0	0	1	0
C	Marios	18	161	1	1	1_____	53250	1	2	0	0	0	0	0	0	0	0	0
C	Marios	18	161	1	1	1_____	53297	2	0	0	0	0	1	0	0	0	0	0
C	Marios	18	161	1	1	1_____	53307	2	0	0	0	0	0	0	0	0	1	0
C	Marios	18	161	1	1	1_____	53750	2	13	0	0	0	0	0	0	0	0	0
C	Marios	18	161	1	1	1_____	54250	13	15	0	0	0	0	0	0	0	0	0
C	Marios	18	161	1	1	1_____	54750	15	1	0	0	0	0	0	0	0	0	0
C	Marios	18	161	1	1	1_____	54946	1	0	0	0	0	1	0	0	0	0	0
C	Marios	18	161	1	1	1_____	54954	1	0	0	0	0	0	0	0	0	1	0
C	Marios	18	161	1	1	1_____	54960	1	0	0	0	0	1	0	0	0	0	0
C	Marios	18	161	1	1	1_____	55162	1	0	0	0	0	0	0	0	0	1	0
C	Marios	18	161	1	1	1_____	55229	1	0	0	0	0	1	0	0	0	0	0
C	Marios	18	161	1	1	1_____	55254	1	0	0	0	0	0	0	0	0	1	0
C	Marios	18	161	1	1	1_____	55256	1	0	0	0	0	1	0	0	0	0	0
C	Marios	18	161	1	1	1_____	55260	1	0	0	0	0	0	0	0	0	1	0
C	Marios	18	161	1	1	1_____	55264	1	0	0	0	0	1	0	0	0	0	0
C	Marios	18	161	1	1	1_____	55287	1	0	0	0	0	0	0	0	0	1	0
C	Marios	18	161	1	1	1_____	55290	1	0	0	0	0	1	0	0	0	0	0
C	Marios	18	161	1	1	1_____	55308	1	0	0	0	0	0	0	0	0	1	0
C	Marios	18	161	1	1	1_____	55315	1	0	0	0	0	1	0	0	0	0	0
C	Marios	18	161	1	1	1_____	55471	1	0	0	0	0	0	0	0	0	1	0
C	Marios	18	161	1	1	1_____	60000	1	2	0	0	0	0	0	0	0	0	0
C	Marios	18	161	1	1	1_____	60500	2	6	0	0	0	0	0	0	0	0	0
C	Marios	18	161	1	1	1_____	60578	6	0	0	0	0	1	0	0	0	0	0
C	Marios	18	161	1	1	1_____	60600	6	0	0	0	0	0	0	0	0	1	0
C	Marios	18	161	1	1	1_____	60613	6	0	0	0	0	1	0	0	0	0	0
C	Marios	18	161	1	1	1_____	60649	6	0	0	0	0	0	0	0	0	1	0
C	Marios	18	161	1	1	1_____	60652	6	0	0	0	0	1	0	0	0	0	0
C	Marios	18	161	1	1	1_____	60690	6	0	0	0	0	0	0	0	0	1	0
C	Marios	18	161	1	1	1_____	60694	6	0	0	0	0	1	0	0	0	0	0
C	Marios	18	161	1	1	1_____	60739	6	0	0	0	0	0	0	0	0	1	0
C	Marios	18	161	1	1	1_____	60747	6	0	0	0	0	1	0	0	0	0	0
C	Marios	18	161	1	1	1_____	60749	6	0	0	0	0	0	0	0	0	1	0
C	Marios	18	161	1	1	1_____	60754	6	0	0	0	0	1	0	0	0	0	0
C	Marios	18	161	1	1	1_____	60758	6	0	0	0	0	0	0	0	0	1	0
C	Marios	18	161	1	1	1_____	60762	6	0	0	0	0	1	0	0	0	0	0
C	Marios	18	161	1	1	1_____	60768	6	0	0	0	0	0	0	0	0	1	0
C	Marios	18	161	1	1	1_____	60769	6	0	0	0	0	1	0	0	0	0	0
C	Marios	18	161	1	1	1_____	60772	6	0	0	0	0	0	0	0	0	1	0
C	Marios	18	161	1	1	1_____	60775	6	0	0	0	0	1	0	0	0	0	0
C	Marios	18	161	1	1	1_____	60794	6	0	0	0	0	1	0	0	0	1	0
C	Marios	18	161	1	1	1_____	60798	6	0	0	0	0	0	0	0	0	1	0
C	Marios	18	161	1	1	1_____	60799	6	0	0	0	0	1	0	0	0	0	0
C	Marios	18	161	1	1	1_____	60801	6	0	0	0	0	1	0	0	0	1	0
C	Marios	18	161	1	1	1_____	60806	6	0	0	0	0	0	0	0	0	1	0
C	Marios	18	161	1	1	1_____	60809	6	0	0	0	0	1	0	0	0	0	0
C	Marios	18	161	1	1	1_____	60860	6	0	0	0	0	0	0	0	0	1	0
C	Marios	18	161	1	1	1_____	60869	6	0	0	0	0	1	0	0	0	0	0
C	Marios	18	161	1	1	1_____	60877	6	0	0	0	0	0	0	0	0	1	0
C	Marios	18	161	1	1	1_____	60880	6	0	0	0	0	1	0	0	0	0	0
C	Marios	18	161	1	1	1_____	60883	6	0	0	0	0	0	0	0	0	1	0
C	Marios	18	161	1	1	1_____	60889	6	0	0	0	0	1	0	0	0	0	0
C	Marios	18	161	1	1	1_____	60949	6	0	0	0	0	0	0	0	0	1	0
C	Marios	18	161	1	1	1_____	60950	6	0	0	0	0	1	0	0	0	0	0
C	Marios	18	161	1	1	1_____	60958	6	0	0	0	0	0	0	0	0	1	0
C	Marios	18	161	1	1	1_____	60962	6	0	0	0	0	1	0	0	0	0	0
C	Marios	18	161	1	1	1_____	61000	6	10	0	0	0	0	0	0	0	0	0
C	Marios	18	161	1	1	1_____	61020	10	0	0	0	0	0	0	0	0	1	0
C	Marios	18	161	1	1	1_____	61026	10	0	0	0	0	1	0	0	0	0	0
C	Marios	18	161	1	1	1_____	61300	10	0	0	0	0	0	0	0	0	1	0
C	Marios	18	161	1	1	1_____	61303	10	0	0	0	0	1	0	0	0	0	0
C	Marios	18	161	1	1	1_____	61467	10	0	0	0	0	0	0	0	0	1	0
C	Marios	18	161	1	1	1_____	61474	10	0	0	0	0	1	0	0	0	0	0
C	Marios	18	161	1	1	1_____	61476	10	0	0	0	0	0	0	0	0	1	0
C	Marios	18	161	1	1	1_____	61477	10	0	0	0	0	1	0	0	0	0	0
C	Marios	18	161	1	1	1_____	61500	10	1	0	0	0	0	0	0	0	0	0
C	Marios	18	161	1	1	1_____	61639	1	0	0	0	0	0	0	0	0	1	0
C	Marios	18	161	1	1	1_____	61644	1	0	0	0	0	1	0	0	0	0	0
C	Marios	18	161	1	1	1_____	61659	1	0	0	0	0	0	0	0	0	1	0
C	Marios	18	161	1	1	1_____	61694	1	0	0	0	0	1	0	0	0	0	0
C	Marios	18	161	1	1	1_____	61959	1	0	0	0	0	0	0	0	0	1	0
C	Marios	18	161	1	1	1_____	66000	1	2	0	0	0	0	0	0	0	0	0
C	Marios	18	161	1	1	1_____	66500	2	7	0	0	0	0	0	0	0	0	0
C	Marios	18	161	1	1	1_____	66529	7	0	0	0	0	1	0	0	0	0	0
C	Marios	18	161	1	1	1_____	66800	7	0	0	0	0	0	0	0	0	1	0
C	Marios	18	161	1	1	1_____	66867	7	0	0	0	0	1	0	0	0	0	0
C	Marios	18	161	1	1	1_____	67000	7	11	0	0	0	0	0	0	0	0	0
C	Marios	18	161	1	1	1_____	67006	11	0	0	0	0	0	0	0	0	1	0
C	Marios	18	161	1	1	1_____	67007	11	0	0	0	0	1	0	0	0	0	0
C	Marios	18	161	1	1	1_____	67009	11	0	0	0	0	0	0	0	0	1	0
C	Marios	18	161	1	1	1_____	67011	11	0	0	0	0	1	0	0	0	0	0
C	Marios	18	161	1	1	1_____	67017	11	0	0	0	0	0	0	0	0	1	0
C	Marios	18	161	1	1	1_____	67018	11	0	0	0	0	1	0	0	0	0	0
C	Marios	18	161	1	1	1_____	67021	11	0	0	0	0	0	0	0	0	1	0
C	Marios	18	161	1	1	1_____	67022	11	0	0	0	0	1	0	0	0	0	0
C	Marios	18	161	1	1	1_____	67024	11	0	0	0	0	0	0	0	0	1	0
C	Marios	18	161	1	1	1_____	67025	11	0	0	0	0	1	0	0	0	0	0
C	Marios	18	161	1	1	1_____	67500	11	1	0	0	0	0	0	0	0	0	0
C	Marios	18	161	1	1	1_____	67558	1	0	0	0	0	0	0	0	0	1	0
C	Marios	18	161	1	1	1_____	67566	1	0	0	0	0	1	0	0	0	0	0
C	Marios	18	161	1	1	1_____	67569	1	0	0	0	0	0	0	0	0	1	0
C	Marios	18	161	1	1	1_____	67572	1	0	0	0	0	1	0	0	0	0	0
C	Marios	18	161	1	1	1_____	67577	1	0	0	0	0	1	0	0	0	1	0
C	Marios	18	161	1	1	1_____	67593	1	0	0	0	0	1	0	0	0	1	0
C	Marios	18	161	1	1	1_____	67634	1	0	0	0	0	0	0	0	0	1	0
C	Marios	18	161	1	1	1_____	67648	1	0	0	0	0	1	0	0	0	0	0
C	Marios	18	161	1	1	1_____	67719	1	0	0	0	0	1	0	0	0	1	0
C	Marios	18	161	1	1	1_____	67870	1	0	0	0	0	0	0	0	0	1	0
C	Marios	18	161	1	1	1_____	70298	1	0	0	0	0	1	0	0	0	0	0
C	Marios	18	161	1	1	1_____	70497	1	0	0	0	0	0	0	0	0	1	0
C	Marios	18	161	1	1	1_____	70500	1	2	0	0	0	0	0	0	0	0	0
C	Marios	18	161	1	1	1_____	70686	2	0	0	0	0	1	0	0	0	0	0
C	Marios	18	161	1	1	1_____	70717	2	0	0	0	0	0	0	0	0	1	0
C	Marios	18	161	1	1	1_____	70722	2	0	0	0	0	1	0	0	0	0	0
C	Marios	18	161	1	1	1_____	70729	2	0	0	0	0	0	0	0	0	1	0
C	Marios	18	161	1	1	1_____	70747	2	0	0	0	0	1	0	0	0	0	0
C	Marios	18	161	1	1	1_____	70825	2	0	0	0	0	0	0	0	0	1	0
C	Marios	18	161	1	1	1_____	70834	2	0	0	0	0	1	0	0	0	0	0
C	Marios	18	161	1	1	1_____	70992	2	0	0	0	0	0	0	0	0	1	0
C	Marios	18	161	1	1	1_____	71000	2	12	0	0	0	0	0	0	0	0	0
C	Marios	18	161	1	1	1_____	71050	12	0	0	0	0	1	0	0	0	0	0
C	Marios	18	161	1	1	1_____	71058	12	0	0	0	0	0	0	0	0	1	0
C	Marios	18	161	1	1	1_____	71070	12	0	0	0	0	1	0	0	0	0	0
C	Marios	18	161	1	1	1_____	71073	12	0	0	0	0	0	0	0	0	1	0
C	Marios	18	161	1	1	1_____	71075	12	0	0	0	0	1	0	0	0	0	0
C	Marios	18	161	1	1	1_____	71087	12	0	0	0	0	0	0	0	0	1	0
C	Marios	18	161	1	1	1_____	71092	12	0	0	0	0	1	0	0	0	0	0
C	Marios	18	161	1	1	1_____	71103	12	0	0	0	0	0	0	0	0	1	0
C	Marios	18	161	1	1	1_____	71500	12	15	0	0	0	0	0	0	0	0	0
C	Marios	18	161	1	1	1_____	72000	15	1	0	0	0	0	0	0	0	0	0
C	Marios	18	161	1	1	1_____	72436	1	0	0	0	0	1	0	0	0	0	0
C	Marios	18	161	1	1	1_____	72438	1	0	0	0	0	0	0	0	0	1	0
C	Marios	18	161	1	1	1_____	72442	1	0	0	0	0	1	0	0	0	0	0
C	Marios	18	161	1	1	1_____	72444	1	0	0	0	0	0	0	0	0	1	0
C	Marios	18	161	1	1	1_____	72478	1	0	0	0	0	1	0	0	0	0	0
C	Marios	18	161	1	1	1_____	72486	1	0	0	0	0	1	0	0	0	1	0
C	Marios	18	161	1	1	1_____	72496	1	0	0	0	0	0	0	0	0	1	0
C	Marios	18	161	1	1	1_____	72511	1	0	0	0	0	1	0	0	0	0	0
C	Marios	18	161	1	1	1_____	72525	1	0	0	0	0	0	0	0	0	1	0
C	Marios	18	161	1	1	1_____	72541	1	0	0	0	0	1	0	0	0	0	0
C	Marios	18	161	1	1	1_____	72555	1	0	0	0	0	0	0	0	0	1	0
C	Marios	18	161	1	1	1_____	72567	1	0	0	0	0	1	0	0	0	0	0
C	Marios	18	161	1	1	1_____	72569	1	0	0	0	0	0	0	0	0	1	0
C	Marios	18	161	1	1	1_____	72579	1	0	0	0	0	1	0	0	0	0	0
C	Marios	18	161	1	1	1_____	72612	1	0	0	0	0	0	0	0	0	1	0
C	Marios	18	161	1	1	1_____	72613	1	0	0	0	0	1	0	0	0	0	0
C	Marios	18	161	1	1	1_____	72615	1	0	0	0	0	0	0	0	0	1	0
C	Marios	18	161	1	1	1_____	72617	1	0	0	0	0	1	0	0	0	0	0
C	Marios	18	161	1	1	1_____	72642	1	0	0	0	0	0	0	0	0	1	0
C	Marios	18	161	1	1	1_____	72866	1	0	0	0	0	1	0	0	0	0	0
C	Marios	18	161	1	1	1_____	72878	1	0	0	0	0	0	0	0	0	1	0
C	Marios	18	161	1	1	1_____	72881	1	0	0	0	0	1	0	0	0	0	0
C	Marios	18	161	1	1	1_____	72905	1	0	0	0	0	0	0	0	0	1	0
C	Marios	18	161	1	1	1_____	72928	1	0	0	0	0	1	0	0	0	0	0
C	Marios	18	161	1	1	1_____	72943	1	0	0	0	0	0	0	0	0	1	0
C	Marios	18	161	1	1	1_____	72944	1	0	0	0	0	1	0	0	0	0	0
C	Marios	18	161	1	1	1_____	73056	1	0	0	0	0	0	0	0	0	1	0
C	Marios	18	161	1	1	1_____	75318	1	0	0	0	0	1	0	0	0	0	0
C	Marios	18	161	1	1	1_____	75408	1	0	0	0	0	0	0	0	0	1	0
C	Marios	18	161	1	1	1_____	76183	1	0	0	0	0	1	0	0	0	0	0
C	Marios	18	161	1	1	1_____	76305	1	0	0	0	0	0	0	0	0	1	0
C	Marios	18	161	1	1	1_____	76306	1	0	0	0	0	1	0	0	0	0	0
C	Marios	18	161	1	1	1_____	76345	1	0	0	0	0	0	0	0	0	1	0
C	Marios	18	161	1	1	1_____	76355	1	0	0	0	0	1	0	0	0	0	0
C	Marios	18	161	1	1	1_____	76364	1	0	0	0	0	0	0	0	0	1	0
C	Marios	18	161	1	1	1_____	76465	1	0	0	0	0	1	0	0	0	0	0
C	Marios	18	161	1	1	1_____	76500	1	2	0	0	0	0	0	0	0	0	0
C	Marios	18	161	1	1	1_____	76533	2	0	0	0	0	0	0	0	0	1	0
C	Marios	18	161	1	1	1_____	76544	2	0	0	0	0	1	0	0	0	0	0
C	Marios	18	161	1	1	1_____	76637	2	0	0	0	0	0	0	0	0	1	0
C	Marios	18	161	1	1	1_____	77000	2	12	0	0	0	0	0	0	0	0	0
C	Marios	18	161	1	1	1_____	77500	12	15	0	0	0	0	0	0	0	0	0
C	Marios	18	161	1	1	1_____	78000	15	1	0	0	0	0	0	0	0	0	0
C	Marios	18	161	1	1	1_____	78214	1	0	0	0	0	1	0	0	0	0	0
C	Marios	18	161	1	1	1_____	78254	1	0	0	0	0	0	0	0	0	1	0
C	Marios	18	161	1	1	1_____	79553	1	0	0	0	0	1	0	0	0	0	0
C	Marios	18	161	1	1	1_____	79736	1	0	0	0	0	0	0	0	0	1	0
C	Marios	18	161	1	1	1_____	85214	1	0	0	0	0	1	0	0	0	0	0
C	Marios	18	161	1	1	1_____	85216	1	0	0	0	0	0	0	0	0	1	0
C	Marios	18	161	1	1	1_____	85500	1	2	0	0	0	0	0	0	0	0	0
C	Marios	18	161	1	1	1_____	86000	2	7	0	0	0	0	0	0	0	0	0
C	Marios	18	161	1	1	1_____	86180	7	0	0	0	0	1	0	0	0	0	0
C	Marios	18	161	1	1	1_____	86196	7	0	0	0	0	0	0	0	0	1	0
C	Marios	18	161	1	1	1_____	86284	7	0	0	0	0	1	0	0	0	0	0
C	Marios	18	161	1	1	1_____	86356	7	0	0	0	0	0	0	0	0	1	0
C	Marios	18	161	1	1	1_____	86363	7	0	0	0	0	1	0	0	0	0	0
C	Marios	18	161	1	1	1_____	86368	7	0	0	0	0	0	0	0	0	1	0
C	Marios	18	161	1	1	1_____	86370	7	0	0	0	0	1	0	0	0	0	0
C	Marios	18	161	1	1	1_____	86403	7	0	0	0	0	0	0	0	0	1	0
C	Marios	18	161	1	1	1_____	86408	7	0	0	0	0	1	0	0	0	0	0
C	Marios	18	161	1	1	1_____	86449	7	0	0	0	0	0	0	0	0	1	0
C	Marios	18	161	1	1	1_____	86463	7	0	0	0	0	1	0	0	0	0	0
C	Marios	18	161	1	1	1_____	86473	7	0	0	0	0	0	0	0	0	1	0
C	Marios	18	161	1	1	1_____	86474	7	0	0	0	0	1	0	0	0	0	0
C	Marios	18	161	1	1	1_____	86476	7	0	0	0	0	0	0	0	0	1	0
C	Marios	18	161	1	1	1_____	86480	7	0	0	0	0	1	0	0	0	0	0
C	Marios	18	161	1	1	1_____	86485	7	0	0	0	0	0	0	0	0	1	0
C	Marios	18	161	1	1	1_____	86490	7	0	0	0	0	1	0	0	0	0	0
C	Marios	18	161	1	1	1_____	86500	7	11	0	0	0	0	0	0	0	0	0
C	Marios	18	161	1	1	1_____	86786	11	0	0	0	0	0	0	0	0	1	0
C	Marios	18	161	1	1	1_____	87000	11	1	0	0	0	0	0	0	0	0	0
C	Marios	18	161	1	1	1_____	92250	1	2	0	0	0	0	0	0	0	0	0
C	Marios	18	161	1	1	1_____	92750	2	12	0	0	0	0	0	0	0	0	0
C	Marios	18	161	1	1	1_____	93250	12	15	0	0	0	0	0	0	0	0	0
C	Marios	18	161	1	1	1_____	93750	15	1	0	0	0	0	0	0	0	0	0
C	Marios	18	161	1	1	1_____	93880	1	0	0	0	0	1	0	0	0	0	0
C	Marios	18	161	1	1	1_____	93883	1	0	0	0	0	0	0	0	0	1	0
C	Marios	18	161	1	1	1_____	93908	1	0	0	0	0	1	0	0	0	0	0
C	Marios	18	161	1	1	1_____	93910	1	0	0	0	0	0	0	0	0	1	0
C	Marios	18	161	1	1	1_____	94634	1	0	0	0	0	1	0	0	0	0	0
C	Marios	18	161	1	1	1_____	94643	1	0	0	0	0	0	0	0	0	1	0
C	Marios	18	161	1	1	1_____	95608	1	0	0	0	0	1	0	0	0	0	0
C	Marios	18	161	1	1	1_____	95610	1	0	0	0	0	0	0	0	0	1	0
C	Marios	18	161	1	1	1_____	99750	1	2	0	0	0	0	0	0	0	0	0
C	Marios	18	161	1	1	1_____	100250	2	6	0	0	0	0	0	0	0	0	0
C	Marios	18	161	1	1	1_____	100275	6	0	0	0	0	1	0	0	0	0	0
C	Marios	18	161	1	1	1_____	100355	6	0	0	0	0	0	0	0	0	1	0
C	Marios	18	161	1	1	1_____	100384	6	0	0	0	0	1	0	0	0	0	0
C	Marios	18	161	1	1	1_____	100414	6	0	0	0	0	0	0	0	0	1	0
C	Marios	18	161	1	1	1_____	100416	6	0	0	0	0	1	0	0	0	0	0
C	Marios	18	161	1	1	1_____	100463	6	0	0	0	0	0	0	0	0	1	0
C	Marios	18	161	1	1	1_____	100472	6	0	0	0	0	1	0	0	0	0	0
C	Marios	18	161	1	1	1_____	100532	6	0	0	0	0	0	0	0	0	1	0
C	Marios	18	161	1	1	1_____	100540	6	0	0	0	0	1	0	0	0	0	0
C	Marios	18	161	1	1	1_____	100543	6	0	0	0	0	0	0	0	0	1	0
C	Marios	18	161	1	1	1_____	100551	6	0	0	0	0	1	0	0	0	0	0
C	Marios	18	161	1	1	1_____	100630	6	0	0	0	0	0	0	0	0	1	0
C	Marios	18	161	1	1	1_____	100648	6	0	0	0	0	1	0	0	0	0	0
C	Marios	18	161	1	1	1_____	100653	6	0	0	0	0	0	0	0	0	1	0
C	Marios	18	161	1	1	1_____	100665	6	0	0	0	0	1	0	0	0	0	0
C	Marios	18	161	1	1	1_____	100723	6	0	0	0	0	0	0	0	0	1	0
C	Marios	18	161	1	1	1_____	100727	6	0	0	0	0	1	0	0	0	0	0
C	Marios	18	161	1	1	1_____	100731	6	0	0	0	0	0	0	0	0	1	0
C	Marios	18	161	1	1	1_____	100734	6	0	0	0	0	1	0	0	0	0	0
C	Marios	18	161	1	1	1_____	100738	6	0	0	0	0	1	0	0	0	1	0
C	Marios	18	161	1	1	1_____	100746	6	0	0	0	0	0	0	0	0	1	0
C	Marios	18	161	1	1	1_____	100750	6	10	0	0	0	1	0	0	0	0	0
C	Marios	18	161	1	1	1_____	100752	10	0	0	0	0	1	0	0	0	1	0
C	Marios	18	161	1	1	1_____	100990	10	0	0	0	0	0	0	0	0	1	0
C	Marios	18	161	1	1	1_____	101250	10	1	0	0	0	0	0	0	0	0	0
C	Marios	18	161	1	1	1_____	104250	1	2	0	0	0	0	0	0	0	0	0
C	Marios	18	161	1	1	1_____	104265	2	0	0	0	0	1	0	0	0	0	0
C	Marios	18	161	1	1	1_____	104272	2	0	0	0	0	0	0	0	0	1	0
C	Marios	18	161	1	1	1_____	104750	2	13	0	0	0	0	0	0	0	0	0
C	Marios	18	161	1	1	1_____	105250	13	15	0	0	0	0	0	0	0	0	0
C	Marios	18	161	1	1	1_____	105750	15	1	0	0	0	0	0	0	0	0	0
C	Marios	18	161	1	1	1_____	107445	1	0	0	0	0	1	0	0	0	0	0
C	Marios	18	161	1	1	1_____	107553	1	0	0	0	0	0	0	0	0	1	0
C	Marios	18	161	1	1	1_____	107558	1	0	0	0	0	1	0	0	0	0	0
C	Marios	18	161	1	1	1_____	107561	1	0	0	0	0	0	0	0	0	1	0
C	Marios	18	161	1	1	1_____	108242	1	0	0	0	0	1	0	0	0	0	0
C	Marios	18	161	1	1	1_____	108283	1	0	0	0	0	0	0	0	0	1	0
C	Marios	18	161	1	1	1_____	108289	1	0	0	0	0	1	0	0	0	0	0
C	Marios	18	161	1	1	1_____	108351	1	0	0	0	0	0	0	0	0	1	0
C	Marios	18	161	1	1	1_____	108573	1	0	0	0	0	1	0	0	0	0	0
C	Marios	18	161	1	1	1_____	108588	1	0	0	0	0	0	0	0	0	1	0
C	Marios	18	161	1	1	1_____	108608	1	0	0	0	0	1	0	0	0	0	0
C	Marios	18	161	1	1	1_____	108610	1	0	0	0	0	0	0	0	0	1	0
C	Marios	18	161	1	1	1_____	108624	1	0	0	0	0	1	0	0	0	0	0
C	Marios	18	161	1	1	1_____	108661	1	0	0	0	0	0	0	0	0	1	0
C	Marios	18	161	1	1	1_____	112500	1	2	0	0	0	0	0	0	0	0	0
C	Marios	18	161	1	1	1_____	113000	2	13	0	0	0	0	0	0	0	0	0
C	Marios	18	161	1	1	1_____	113500	13	15	0	0	0	0	0	0	0	0	0
C	Marios	18	161	1	1	1_____	114000	15	1	0	0	0	0	0	0	0	0	0
C	Marios	18	161	1	1	1_____	115500	1	2	0	0	0	0	0	0	0	0	0
C	Marios	18	161	1	1	1_____	116000	2	13	0	0	0	0	0	0	0	0	0
C	Marios	18	161	1	1	1_____	116500	13	15	0	0	0	0	0	0	0	0	0
C	Marios	18	161	1	1	1_____	117000	15	1	0	0	0	0	0	0	0	0	0
C	Marios	18	161	1	1	1_____	119010	1	0	0	0	0	1	0	0	0	0	0
C	Marios	18	161	1	1	1_____	119019	1	0	0	0	0	0	0	0	0	1	0
C	Marios	18	161	1	1	1_____	119250	1	2	0	0	0	0	0	0	0	0	0
C	Marios	18	161	1	1	1_____	119267	2	0	0	0	0	1	0	0	0	0	0
C	Marios	18	161	1	1	1_____	119348	2	0	0	0	0	0	0	0	0	1	0
C	Marios	18	161	1	1	1_____	119750	2	7	0	0	0	0	0	0	0	0	0
C	Marios	18	161	1	1	1_____	119832	7	0	0	0	0	1	0	0	0	0	0
C	Marios	18	161	1	1	1_____	119961	7	0	0	0	0	0	0	0	0	1	0
C	Marios	18	161	1	1	1_____	119963	7	0	0	0	0	1	0	0	0	0	0
C	Marios	18	161	1	1	1_____	119965	7	0	0	0	0	0	0	0	0	1	0
C	Marios	18	161	1	1	1_____	119966	7	0	0	0	0	1	0	0	0	0	0
C	Marios	18	161	1	1	1_____	119971	7	0	0	0	0	0	0	0	0	1	0
C	Marios	18	161	1	1	1_____	119980	7	0	0	0	0	1	0	0	0	0	0
C	Marios	18	161	1	1	1_____	120003	7	0	0	0	0	0	0	0	0	1	0
C	Marios	18	161	1	1	1_____	120004	7	0	0	0	0	1	0	0	0	0	0
C	Marios	18	161	1	1	1_____	120007	7	0	0	0	0	0	0	0	0	1	0
C	Marios	18	161	1	1	1_____	120014	7	0	0	0	0	1	0	0	0	0	0
C	Marios	18	161	1	1	1_____	120021	7	0	0	0	0	0	0	0	0	1	0
C	Marios	18	161	1	1	1_____	120031	7	0	0	0	0	1	0	0	0	0	0
C	Marios	18	161	1	1	1_____	120102	7	0	0	0	0	0	0	0	0	1	0
C	Marios	18	161	1	1	1_____	120108	7	0	0	0	0	1	0	0	0	0	0
C	Marios	18	161	1	1	1_____	120137	7	0	0	0	0	0	0	0	0	1	0
C	Marios	18	161	1	1	1_____	120151	7	0	0	0	0	1	0	0	0	0	0
C	Marios	18	161	1	1	1_____	120165	7	0	0	0	0	0	0	0	0	1	0
C	Marios	18	161	1	1	1_____	120172	7	0	0	0	0	1	0	0	0	0	0
C	Marios	18	161	1	1	1_____	120174	7	0	0	0	0	0	0	0	0	1	0
C	Marios	18	161	1	1	1_____	120183	7	0	0	0	0	1	0	0	0	0	0
C	Marios	18	161	1	1	1_____	120185	7	0	0	0	0	0	0	0	0	1	0
C	Marios	18	161	1	1	1_____	120189	7	0	0	0	0	1	0	0	0	0	0
C	Marios	18	161	1	1	1_____	120238	7	0	0	0	0	1	0	0	0	1	0
C	Marios	18	161	1	1	1_____	120250	7	11	0	0	0	0	0	0	0	0	0
C	Marios	18	161	1	1	1_____	120405	11	0	0	0	0	0	0	0	0	1	0
C	Marios	18	161	1	1	1_____	120406	11	0	0	0	0	1	0	0	0	0	0
C	Marios	18	161	1	1	1_____	120609	11	0	0	0	0	0	0	0	0	1	0
C	Marios	18	161	1	1	1_____	120670	11	0	0	0	0	1	0	0	0	0	0
C	Marios	18	161	1	1	1_____	120682	11	0	0	0	0	0	0	0	0	1	0
C	Marios	18	161	1	1	1_____	120700	11	0	0	0	0	1	0	0	0	0	0
C	Marios	18	161	1	1	1_____	120707	11	0	0	0	0	0	0	0	0	1	0
C	Marios	18	161	1	1	1_____	120734	11	0	0	0	0	1	0	0	0	0	0
C	Marios	18	161	1	1	1_____	120750	11	1	0	0	0	0	0	0	0	0	0
C	Marios	18	161	1	1	1_____	120777	1	0	0	0	0	0	0	0	0	1	0
C	Marios	18	161	1	1	1_____	122279	1	0	0	0	0	1	0	0	0	0	0
C	Marios	18	161	1	1	1_____	122283	1	0	0	0	0	0	0	0	0	1	0
C	Marios	18	161	1	1	1_____	124250	1	2	0	0	0	0	0	0	0	0	0
C	Marios	18	161	1	1	1_____	124750	2	12	0	0	0	0	0	0	0	0	0
C	Marios	18	161	1	1	1_____	125250	12	15	0	0	0	0	0	0	0	0	0
C	Marios	18	161	1	1	1_____	125750	15	1	0	0	0	0	0	0	0	0	0
C	Marios	18	161	1	1	1_____	126631	1	0	0	0	0	1	0	0	0	0	0
C	Marios	18	161	1	1	1_____	126636	1	0	0	0	0	0	0	0	0	1	0
C	Marios	18	161	1	1	1_____	126640	1	0	0	0	0	1	0	0	0	0	0
C	Marios	18	161	1	1	1_____	126643	1	0	0	0	0	0	0	0	0	1	0
C	Marios	18	161	1	1	1_____	129500	1	2	0	0	0	0	0	0	0	0	0
C	Marios	18	161	1	1	1_____	130000	2	12	0	0	0	0	0	0	0	0	0
C	Marios	18	161	1	1	1_____	130398	12	0	0	0	0	1	0	0	0	0	0
C	Marios	18	161	1	1	1_____	130500	12	15	0	0	0	0	0	0	0	0	0
C	Marios	18	161	1	1	1_____	130570	15	0	0	0	0	0	0	0	0	1	0
C	Marios	18	161	1	1	1_____	131000	15	1	0	0	0	0	0	0	0	0	0
C	Marios	18	161	1	1	1_____	135500	1	2	0	0	0	0	0	0	0	0	0
C	Marios	18	161	1	1	1_____	136000	2	13	0	0	0	0	0	0	0	0	0
C	Marios	18	161	1	1	1_____	136500	13	15	0	0	0	0	0	0	0	0	0
C	Marios	18	161	1	1	1_____	137000	15	1	0	0	0	0	0	0	0	0	0
C	Marios	18	161	1	1	1_____	142500	1	2	0	0	0	0	0	0	0	0	0
C	Marios	18	161	1	1	1_____	143000	2	6	0	0	0	0	0	0	0	0	0
C	Marios	18	161	1	1	1_____	143036	6	0	0	0	0	1	0	0	0	0	0
C	Marios	18	161	1	1	1_____	143233	6	0	0	0	0	0	0	0	0	1	0
C	Marios	18	161	1	1	1_____	143236	6	0	0	0	0	1	0	0	0	0	0
C	Marios	18	161	1	1	1_____	143244	6	0	0	0	0	0	0	0	0	1	0
C	Marios	18	161	1	1	1_____	143247	6	0	0	0	0	1	0	0	0	0	0
C	Marios	18	161	1	1	1_____	143254	6	0	0	0	0	0	0	0	0	1	0
C	Marios	18	161	1	1	1_____	143255	6	0	0	0	0	1	0	0	0	0	0
C	Marios	18	161	1	1	1_____	143278	6	0	0	0	0	0	0	0	0	1	0
C	Marios	18	161	1	1	1_____	143284	6	0	0	0	0	1	0	0	0	0	0
C	Marios	18	161	1	1	1_____	143289	6	0	0	0	0	0	0	0	0	1	0
C	Marios	18	161	1	1	1_____	143291	6	0	0	0	0	1	0	0	0	0	0
C	Marios	18	161	1	1	1_____	143293	6	0	0	0	0	0	0	0	0	1	0
C	Marios	18	161	1	1	1_____	143296	6	0	0	0	0	1	0	0	0	0	0
C	Marios	18	161	1	1	1_____	143319	6	0	0	0	0	0	0	0	0	1	0
C	Marios	18	161	1	1	1_____	143323	6	0	0	0	0	1	0	0	0	0	0
C	Marios	18	161	1	1	1_____	143348	6	0	0	0	0	0	0	0	0	1	0
C	Marios	18	161	1	1	1_____	143361	6	0	0	0	0	1	0	0	0	0	0
C	Marios	18	161	1	1	1_____	143381	6	0	0	0	0	0	0	0	0	1	0
C	Marios	18	161	1	1	1_____	143388	6	0	0	0	0	1	0	0	0	0	0
C	Marios	18	161	1	1	1_____	143433	6	0	0	0	0	0	0	0	0	1	0
C	Marios	18	161	1	1	1_____	143441	6	0	0	0	0	1	0	0	0	0	0
C	Marios	18	161	1	1	1_____	143454	6	0	0	0	0	0	0	0	0	1	0
C	Marios	18	161	1	1	1_____	143457	6	0	0	0	0	1	0	0	0	0	0
C	Marios	18	161	1	1	1_____	143500	6	10	0	0	0	0	0	0	0	0	0
C	Marios	18	161	1	1	1_____	143509	10	0	0	0	0	1	0	0	0	1	0
C	Marios	18	161	1	1	1_____	143511	10	0	0	0	0	0	0	0	0	1	0
C	Marios	18	161	1	1	1_____	143515	10	0	0	0	0	1	0	0	0	0	0
C	Marios	18	161	1	1	1_____	143521	10	0	0	0	0	0	0	0	0	1	0
C	Marios	18	161	1	1	1_____	143524	10	0	0	0	0	1	0	0	0	0	0
C	Marios	18	161	1	1	1_____	143747	10	0	0	0	0	0	0	0	0	1	0
C	Marios	18	161	1	1	1_____	144000	10	14	0	0	0	0	0	0	0	0	0
C	Marios	18	161	1	1	1_____	147000	14	-1	0	0	0	0	0	0	0	0	0
C	Marios	18	161	5	1	26____	0	0	1	0	0	0	0	0	0	0	0	0
C	Marios	18	161	5	1	26____	63	1	0	0	0	0	1	0	0	0	0	0
C	Marios	18	161	5	1	26____	70	1	0	0	0	0	0	0	0	0	1	0
C	Marios	18	161	5	1	26____	507	1	0	0	0	0	1	0	0	0	0	0
C	Marios	18	161	5	1	26____	513	1	0	0	0	0	0	0	0	0	1	0
C	Marios	18	161	5	1	26____	1517	1	0	0	0	0	1	0	0	0	0	0
C	Marios	18	161	5	1	26____	1559	1	0	0	0	0	0	0	0	0	1	0
C	Marios	18	161	5	1	26____	3000	1	2	0	0	0	0	0	0	0	0	0
C	Marios	18	161	5	1	26____	3122	2	0	0	0	0	1	0	0	0	0	0
C	Marios	18	161	5	1	26____	3148	2	0	0	0	0	0	0	0	0	1	0
C	Marios	18	161	5	1	26____	3500	2	13	0	0	0	0	0	0	0	0	0
C	Marios	18	161	5	1	26____	3674	13	0	0	0	0	1	0	0	0	0	0
C	Marios	18	161	5	1	26____	3683	13	0	0	0	0	0	0	0	0	1	0
C	Marios	18	161	5	1	26____	4000	13	15	0	0	0	0	0	0	0	0	0
C	Marios	18	161	5	1	26____	4500	15	1	0	0	0	0	0	0	0	0	0
C	Marios	18	161	5	1	26____	4695	1	0	0	0	0	1	0	0	0	0	0
C	Marios	18	161	5	1	26____	4747	1	0	0	0	0	0	0	0	0	1	0
C	Marios	18	161	5	1	26____	5800	1	0	0	0	0	1	0	0	0	0	0
C	Marios	18	161	5	1	26____	5804	1	0	0	0	0	0	0	0	0	1	0
C	Marios	18	161	5	1	26____	5808	1	0	0	0	0	1	0	0	0	0	0
C	Marios	18	161	5	1	26____	5810	1	0	0	0	0	0	0	0	0	1	0
C	Marios	18	161	5	1	26____	5814	1	0	0	0	0	1	0	0	0	0	0
C	Marios	18	161	5	1	26____	5874	1	0	0	0	0	0	0	0	0	1	0
C	Marios	18	161	5	1	26____	5922	1	0	0	0	0	1	0	0	0	0	0
C	Marios	18	161	5	1	26____	5926	1	0	0	0	0	0	0	0	0	1	0
C	Marios	18	161	5	1	26____	5927	1	0	0	0	0	1	0	0	0	0	0
C	Marios	18	161	5	1	26____	6020	1	0	0	0	0	0	0	0	0	1	0
C	Marios	18	161	5	1	26____	6716	1	0	0	0	0	1	0	0	0	0	0
C	Marios	18	161	5	1	26____	6722	1	0	0	0	0	0	0	0	0	1	0
C	Marios	18	161	5	1	26____	6732	1	0	0	0	0	1	0	0	0	0	0
C	Marios	18	161	5	1	26____	6754	1	0	0	0	0	0	0	0	0	1	0
C	Marios	18	161	5	1	26____	8451	1	0	0	0	0	1	0	0	0	0	0
C	Marios	18	161	5	1	26____	8501	1	0	0	0	0	0	0	0	0	1	0
C	Marios	18	161	5	1	26____	8994	1	0	0	0	0	1	0	0	0	0	0
C	Marios	18	161	5	1	26____	9004	1	0	0	0	0	0	0	0	0	1	0
C	Marios	18	161	5	1	26____	10107	1	0	0	0	0	1	0	0	0	0	0
C	Marios	18	161	5	1	26____	10117	1	0	0	0	0	0	0	0	0	1	0
C	Marios	18	161	5	1	26____	10200	1	0	0	0	0	1	0	0	0	0	0
C	Marios	18	161	5	1	26____	10360	1	0	0	0	0	0	0	0	0	1	0
C	Marios	18	161	5	1	26____	10388	1	0	0	0	0	1	0	0	0	0	0
C	Marios	18	161	5	1	26____	10455	1	0	0	0	0	0	0	0	0	1	0
C	Marios	18	161	5	1	26____	10485	1	0	0	0	0	1	0	0	0	0	0
C	Marios	18	161	5	1	26____	10487	1	0	0	0	0	0	0	0	0	1	0
C	Marios	18	161	5	1	26____	10552	1	0	0	0	0	1	0	0	0	0	0
C	Marios	18	161	5	1	26____	10647	1	0	0	0	0	0	0	0	0	1	0
C	Marios	18	161	5	1	26____	10704	1	0	0	0	0	1	0	0	0	0	0
C	Marios	18	161	5	1	26____	10707	1	0	0	0	0	0	0	0	0	1	0
C	Marios	18	161	5	1	26____	11250	1	2	0	0	0	0	0	0	0	0	0
C	Marios	18	161	5	1	26____	11255	2	0	0	0	0	1	0	0	0	0	0
C	Marios	18	161	5	1	26____	11268	2	0	0	0	0	0	0	0	0	1	0
C	Marios	18	161	5	1	26____	11750	2	13	0	0	0	0	0	0	0	0	0
C	Marios	18	161	5	1	26____	12250	13	15	0	0	0	0	0	0	0	0	0
C	Marios	18	161	5	1	26____	12467	15	0	0	0	0	1	0	0	0	0	0
C	Marios	18	161	5	1	26____	12477	15	0	0	0	0	0	0	0	0	1	0
C	Marios	18	161	5	1	26____	12750	15	1	0	0	0	0	0	0	0	0	0
C	Marios	18	161	5	1	26____	12864	1	0	0	0	0	1	0	0	0	0	0
C	Marios	18	161	5	1	26____	12866	1	0	0	0	0	0	0	0	0	1	0
C	Marios	18	161	5	1	26____	13942	1	0	0	0	0	1	0	0	0	0	0
C	Marios	18	161	5	1	26____	13960	1	0	0	0	0	0	0	0	0	1	0
C	Marios	18	161	5	1	26____	14451	1	0	0	0	0	1	0	0	0	0	0
C	Marios	18	161	5	1	26____	14469	1	0	0	0	0	0	0	0	0	1	0
C	Marios	18	161	5	1	26____	15378	1	0	0	0	0	1	0	0	0	0	0
C	Marios	18	161	5	1	26____	15382	1	0	0	0	0	0	0	0	0	1	0
C	Marios	18	161	5	1	26____	16250	1	2	0	0	0	0	0	0	0	0	0
C	Marios	18	161	5	1	26____	16556	2	0	0	0	0	1	0	0	0	0	0
C	Marios	18	161	5	1	26____	16640	2	0	0	0	0	0	0	0	0	1	0
C	Marios	18	161	5	1	26____	16645	2	0	0	0	0	1	0	0	0	0	0
C	Marios	18	161	5	1	26____	16647	2	0	0	0	0	0	0	0	0	1	0
C	Marios	18	161	5	1	26____	16661	2	0	0	0	0	1	0	0	0	0	0
C	Marios	18	161	5	1	26____	16750	2	7	0	0	0	0	0	0	0	0	0
C	Marios	18	161	5	1	26____	16838	7	0	0	0	0	0	0	0	0	1	0
C	Marios	18	161	5	1	26____	16877	7	0	0	0	0	1	0	0	0	0	0
C	Marios	18	161	5	1	26____	16997	7	0	0	0	0	0	0	0	0	1	0
C	Marios	18	161	5	1	26____	17052	7	0	0	0	0	1	0	0	0	0	0
C	Marios	18	161	5	1	26____	17081	7	0	0	0	0	0	0	0	0	1	0
C	Marios	18	161	5	1	26____	17139	7	0	0	0	0	1	0	0	0	0	0
C	Marios	18	161	5	1	26____	17145	7	0	0	0	0	0	0	0	0	1	0
C	Marios	18	161	5	1	26____	17236	7	0	0	0	0	1	0	0	0	0	0
C	Marios	18	161	5	1	26____	17249	7	0	0	0	0	0	0	0	0	1	0
C	Marios	18	161	5	1	26____	17250	7	11	0	0	0	0	0	0	0	0	0
C	Marios	18	161	5	1	26____	17318	11	0	0	0	0	1	0	0	0	0	0
C	Marios	18	161	5	1	26____	17472	11	0	0	0	0	0	0	0	0	1	0
C	Marios	18	161	5	1	26____	17491	11	0	0	0	0	1	0	0	0	0	0
C	Marios	18	161	5	1	26____	17494	11	0	0	0	0	0	0	0	0	1	0
C	Marios	18	161	5	1	26____	17750	11	1	0	0	0	0	0	0	0	0	0
C	Marios	18	161	5	1	26____	17756	1	0	0	0	0	1	0	0	0	0	0
C	Marios	18	161	5	1	26____	17795	1	0	0	0	0	0	0	0	0	1	0
C	Marios	18	161	5	1	26____	17797	1	0	0	0	0	1	0	0	0	0	0
C	Marios	18	161	5	1	26____	17982	1	0	0	0	0	0	0	0	0	1	0
C	Marios	18	161	5	1	26____	18022	1	0	0	0	0	1	0	0	0	0	0
C	Marios	18	161	5	1	26____	18049	1	0	0	0	0	0	0	0	0	1	0
C	Marios	18	161	5	1	26____	18054	1	0	0	0	0	1	0	0	0	0	0
C	Marios	18	161	5	1	26____	18361	1	0	0	0	0	0	0	0	0	1	0
C	Marios	18	161	5	1	26____	18382	1	0	0	0	0	1	0	0	0	0	0
C	Marios	18	161	5	1	26____	18384	1	0	0	0	0	0	0	0	0	1	0
C	Marios	18	161	5	1	26____	18738	1	0	0	0	0	1	0	0	0	0	0
C	Marios	18	161	5	1	26____	18747	1	0	0	0	0	0	0	0	0	1	0
C	Marios	18	161	5	1	26____	18797	1	0	0	0	0	1	0	0	0	0	0
C	Marios	18	161	5	1	26____	18856	1	0	0	0	0	0	0	0	0	1	0
C	Marios	18	161	5	1	26____	18858	1	0	0	0	0	1	0	0	0	0	0
C	Marios	18	161	5	1	26____	18863	1	0	0	0	0	0	0	0	0	1	0
C	Marios	18	161	5	1	26____	19250	1	2	0	0	0	0	0	0	0	0	0
C	Marios	18	161	5	1	26____	19750	2	12	0	0	0	0	0	0	0	0	0
C	Marios	18	161	5	1	26____	19827	12	0	0	0	0	1	0	0	0	0	0
C	Marios	18	161	5	1	26____	19923	12	0	0	0	0	0	0	0	0	1	0
C	Marios	18	161	5	1	26____	20050	12	0	0	0	0	1	0	0	0	0	0
C	Marios	18	161	5	1	26____	20073	12	0	0	0	0	0	0	0	0	1	0
C	Marios	18	161	5	1	26____	20122	12	0	0	0	0	1	0	0	0	0	0
C	Marios	18	161	5	1	26____	20130	12	0	0	0	0	0	0	0	0	1	0
C	Marios	18	161	5	1	26____	20152	12	0	0	0	0	1	0	0	0	0	0
C	Marios	18	161	5	1	26____	20155	12	0	0	0	0	0	0	0	0	1	0
C	Marios	18	161	5	1	26____	20169	12	0	0	0	0	1	0	0	0	0	0
C	Marios	18	161	5	1	26____	20248	12	0	0	0	0	0	0	0	0	1	0
C	Marios	18	161	5	1	26____	20250	12	15	0	0	0	0	0	0	0	0	0
C	Marios	18	161	5	1	26____	20322	15	0	0	0	0	1	0	0	0	0	0
C	Marios	18	161	5	1	26____	20355	15	0	0	0	0	0	0	0	0	1	0
C	Marios	18	161	5	1	26____	20411	15	0	0	0	0	1	0	0	0	0	0
C	Marios	18	161	5	1	26____	20440	15	0	0	0	0	0	0	0	0	1	0
C	Marios	18	161	5	1	26____	20524	15	0	0	0	0	1	0	0	0	0	0
C	Marios	18	161	5	1	26____	20526	15	0	0	0	0	0	0	0	0	1	0
C	Marios	18	161	5	1	26____	20531	15	0	0	0	0	1	0	0	0	0	0
C	Marios	18	161	5	1	26____	20635	15	0	0	0	0	0	0	0	0	1	0
C	Marios	18	161	5	1	26____	20750	15	1	0	0	0	0	0	0	0	0	0
C	Marios	18	161	5	1	26____	20759	1	0	0	0	0	1	0	0	0	0	0
C	Marios	18	161	5	1	26____	20807	1	0	0	0	0	0	0	0	0	1	0
C	Marios	18	161	5	1	26____	20966	1	0	0	0	0	1	0	0	0	0	0
C	Marios	18	161	5	1	26____	21151	1	0	0	0	0	0	0	0	0	1	0
C	Marios	18	161	5	1	26____	21412	1	0	0	0	0	1	0	0	0	0	0
C	Marios	18	161	5	1	26____	21423	1	0	0	0	0	0	0	0	0	1	0
C	Marios	18	161	5	1	26____	21486	1	0	0	0	0	1	0	0	0	0	0
C	Marios	18	161	5	1	26____	21493	1	0	0	0	0	0	0	0	0	1	0
C	Marios	18	161	5	1	26____	21703	1	0	0	0	0	1	0	0	0	0	0
C	Marios	18	161	5	1	26____	21708	1	0	0	0	0	0	0	0	0	1	0
C	Marios	18	161	5	1	26____	22313	1	0	0	0	0	1	0	0	0	0	0
C	Marios	18	161	5	1	26____	22368	1	0	0	0	0	0	0	0	0	1	0
C	Marios	18	161	5	1	26____	23000	1	2	0	0	0	0	0	0	0	0	0
C	Marios	18	161	5	1	26____	23500	2	12	0	0	0	0	0	0	0	0	0
C	Marios	18	161	5	1	26____	23626	12	0	0	0	0	1	0	0	0	0	0
C	Marios	18	161	5	1	26____	23682	12	0	0	0	0	0	0	0	0	1	0
C	Marios	18	161	5	1	26____	24000	12	15	0	0	0	0	0	0	0	0	0
C	Marios	18	161	5	1	26____	24321	15	0	0	0	0	1	0	0	0	0	0
C	Marios	18	161	5	1	26____	24344	15	0	0	0	0	0	0	0	0	1	0
C	Marios	18	161	5	1	26____	24355	15	0	0	0	0	1	0	0	0	0	0
C	Marios	18	161	5	1	26____	24391	15	0	0	0	0	0	0	0	0	1	0
C	Marios	18	161	5	1	26____	24500	15	1	0	0	0	0	0	0	0	0	0
C	Marios	18	161	5	1	26____	25374	1	0	0	0	0	1	0	0	0	0	0
C	Marios	18	161	5	1	26____	25378	1	0	0	0	0	0	0	0	0	1	0
C	Marios	18	161	5	1	26____	25485	1	0	0	0	0	1	0	0	0	0	0
C	Marios	18	161	5	1	26____	26029	1	0	0	0	0	0	0	0	0	1	0
C	Marios	18	161	5	1	26____	26116	1	0	0	0	0	1	0	0	0	0	0
C	Marios	18	161	5	1	26____	26282	1	0	0	0	0	0	0	0	0	1	0
C	Marios	18	161	5	1	26____	26301	1	0	0	0	0	1	0	0	0	0	0
C	Marios	18	161	5	1	26____	26314	1	0	0	0	0	0	0	0	0	1	0
C	Marios	18	161	5	1	26____	26317	1	0	0	0	0	1	0	0	0	0	0
C	Marios	18	161	5	1	26____	26327	1	0	0	0	0	0	0	0	0	1	0
C	Marios	18	161	5	1	26____	27421	1	0	0	0	0	1	0	0	0	0	0
C	Marios	18	161	5	1	26____	27424	1	0	0	0	0	0	0	0	0	1	0
C	Marios	18	161	5	1	26____	28332	1	0	0	0	0	1	0	0	0	0	0
C	Marios	18	161	5	1	26____	28427	1	0	0	0	0	0	0	0	0	1	0
C	Marios	18	161	5	1	26____	28483	1	0	0	0	0	1	0	0	0	0	0
C	Marios	18	161	5	1	26____	28626	1	0	0	0	0	0	0	0	0	1	0
C	Marios	18	161	5	1	26____	28656	1	0	0	0	0	1	0	0	0	0	0
C	Marios	18	161	5	1	26____	28668	1	0	0	0	0	0	0	0	0	1	0
C	Marios	18	161	5	1	26____	28717	1	0	0	0	0	1	0	0	0	0	0
C	Marios	18	161	5	1	26____	28820	1	0	0	0	0	0	0	0	0	1	0
C	Marios	18	161	5	1	26____	28822	1	0	0	0	0	1	0	0	0	0	0
C	Marios	18	161	5	1	26____	28834	1	0	0	0	0	0	0	0	0	1	0
C	Marios	18	161	5	1	26____	28859	1	0	0	0	0	1	0	0	0	0	0
C	Marios	18	161	5	1	26____	29000	1	2	0	0	0	0	0	0	0	0	0
C	Marios	18	161	5	1	26____	29074	2	0	0	0	0	0	0	0	0	1	0
C	Marios	18	161	5	1	26____	29500	2	6	0	0	0	0	0	0	0	0	0
C	Marios	18	161	5	1	26____	29603	6	0	0	0	0	1	0	0	0	0	0
C	Marios	18	161	5	1	26____	29632	6	0	0	0	0	0	0	0	0	1	0
C	Marios	18	161	5	1	26____	29674	6	0	0	0	0	1	0	0	0	0	0
C	Marios	18	161	5	1	26____	29780	6	0	0	0	0	0	0	0	0	1	0
C	Marios	18	161	5	1	26____	29831	6	0	0	0	0	1	0	0	0	0	0
C	Marios	18	161	5	1	26____	29859	6	0	0	0	0	0	0	0	0	1	0
C	Marios	18	161	5	1	26____	29939	6	0	0	0	0	1	0	0	0	0	0
C	Marios	18	161	5	1	26____	29995	6	0	0	0	0	0	0	0	0	1	0
C	Marios	18	161	5	1	26____	30000	6	10	0	0	0	0	0	0	0	0	0
C	Marios	18	161	5	1	26____	30031	10	0	0	0	0	1	0	0	0	0	0
C	Marios	18	161	5	1	26____	30232	10	0	0	0	0	0	0	0	0	1	0
C	Marios	18	161	5	1	26____	30233	10	0	0	0	0	1	0	0	0	0	0
C	Marios	18	161	5	1	26____	30296	10	0	0	0	0	0	0	0	0	1	0
C	Marios	18	161	5	1	26____	30500	10	1	0	0	0	0	0	0	0	0	0
C	Marios	18	161	5	1	26____	32512	1	0	0	0	0	1	0	0	0	0	0
C	Marios	18	161	5	1	26____	32525	1	0	0	0	0	0	0	0	0	1	0
C	Marios	18	161	5	1	26____	33641	1	0	0	0	0	1	0	0	0	0	0
C	Marios	18	161	5	1	26____	33656	1	0	0	0	0	0	0	0	0	1	0
C	Marios	18	161	5	1	26____	33690	1	0	0	0	0	1	0	0	0	0	0
C	Marios	18	161	5	1	26____	33701	1	0	0	0	0	0	0	0	0	1	0
C	Marios	18	161	5	1	26____	35000	1	2	0	0	0	0	0	0	0	0	0
C	Marios	18	161	5	1	26____	35500	2	6	0	0	0	0	0	0	0	0	0
C	Marios	18	161	5	1	26____	35543	6	0	0	0	0	1	0	0	0	0	0
C	Marios	18	161	5	1	26____	35579	6	0	0	0	0	0	0	0	0	1	0
C	Marios	18	161	5	1	26____	35622	6	0	0	0	0	1	0	0	0	0	0
C	Marios	18	161	5	1	26____	35723	6	0	0	0	0	0	0	0	0	1	0
C	Marios	18	161	5	1	26____	35786	6	0	0	0	0	1	0	0	0	0	0
C	Marios	18	161	5	1	26____	35792	6	0	0	0	0	0	0	0	0	1	0
C	Marios	18	161	5	1	26____	35876	6	0	0	0	0	1	0	0	0	0	0
C	Marios	18	161	5	1	26____	35901	6	0	0	0	0	0	0	0	0	1	0
C	Marios	18	161	5	1	26____	36000	6	10	0	0	0	0	0	0	0	0	0
C	Marios	18	161	5	1	26____	36070	10	0	0	0	0	1	0	0	0	0	0
C	Marios	18	161	5	1	26____	36500	10	1	0	0	0	0	0	0	0	0	0
C	Marios	18	161	5	1	26____	36505	1	0	0	0	0	0	0	0	0	1	0
C	Marios	18	161	5	1	26____	36511	1	0	0	0	0	1	0	0	0	0	0
C	Marios	18	161	5	1	26____	36714	1	0	0	0	0	0	0	0	0	1	0
C	Marios	18	161	5	1	26____	36739	1	0	0	0	0	1	0	0	0	0	0
C	Marios	18	161	5	1	26____	36740	1	0	0	0	0	0	0	0	0	1	0
C	Marios	18	161	5	1	26____	36742	1	0	0	0	0	1	0	0	0	0	0
C	Marios	18	161	5	1	26____	36746	1	0	0	0	0	0	0	0	0	1	0
C	Marios	18	161	5	1	26____	36857	1	0	0	0	0	1	0	0	0	0	0
C	Marios	18	161	5	1	26____	36976	1	0	0	0	0	0	0	0	0	1	0
C	Marios	18	161	5	1	26____	38332	1	0	0	0	0	1	0	0	0	0	0
C	Marios	18	161	5	1	26____	38401	1	0	0	0	0	0	0	0	0	1	0
C	Marios	18	161	5	1	26____	39783	1	0	0	0	0	1	0	0	0	0	0
C	Marios	18	161	5	1	26____	39785	1	0	0	0	0	0	0	0	0	1	0
C	Marios	18	161	5	1	26____	39787	1	0	0	0	0	1	0	0	0	0	0
C	Marios	18	161	5	1	26____	40590	1	0	0	0	0	0	0	0	0	1	0
C	Marios	18	161	5	1	26____	40775	1	0	0	0	0	1	0	0	0	0	0
C	Marios	18	161	5	1	26____	40830	1	0	0	0	0	0	0	0	0	1	0
C	Marios	18	161	5	1	26____	40833	1	0	0	0	0	1	0	0	0	0	0
C	Marios	18	161	5	1	26____	40837	1	0	0	0	0	0	0	0	0	1	0
C	Marios	18	161	5	1	26____	40841	1	0	0	0	0	1	0	0	0	0	0
C	Marios	18	161	5	1	26____	41138	1	0	0	0	0	0	0	0	0	1	0
C	Marios	18	161	5	1	26____	41292	1	0	0	0	0	1	0	0	0	0	0
C	Marios	18	161	5	1	26____	41312	1	0	0	0	0	0	0	0	0	1	0
C	Marios	18	161	5	1	26____	42500	1	2	0	0	0	0	0	0	0	0	0
C	Marios	18	161	5	1	26____	42674	2	0	0	0	0	1	0	0	0	0	0
C	Marios	18	161	5	1	26____	42678	2	0	0	0	0	0	0	0	0	1	0
C	Marios	18	161	5	1	26____	43000	2	12	0	0	0	0	0	0	0	0	0
C	Marios	18	161	5	1	26____	43368	12	0	0	0	0	1	0	0	0	0	0
C	Marios	18	161	5	1	26____	43412	12	0	0	0	0	0	0	0	0	1	0
C	Marios	18	161	5	1	26____	43500	12	15	0	0	0	0	0	0	0	0	0
C	Marios	18	161	5	1	26____	43573	15	0	0	0	0	1	0	0	0	0	0
C	Marios	18	161	5	1	26____	43589	15	0	0	0	0	0	0	0	0	1	0
C	Marios	18	161	5	1	26____	43649	15	0	0	0	0	1	0	0	0	0	0
C	Marios	18	161	5	1	26____	43707	15	0	0	0	0	0	0	0	0	1	0
C	Marios	18	161	5	1	26____	43954	15	0	0	0	0	1	0	0	0	0	0
C	Marios	18	161	5	1	26____	43963	15	0	0	0	0	0	0	0	0	1	0
C	Marios	18	161	5	1	26____	44000	15	1	0	0	0	0	0	0	0	0	0
C	Marios	18	161	5	1	26____	44034	1	0	0	0	0	1	0	0	0	0	0
C	Marios	18	161	5	1	26____	44085	1	0	0	0	0	0	0	0	0	1	0
C	Marios	18	161	5	1	26____	44161	1	0	0	0	0	1	0	0	0	0	0
C	Marios	18	161	5	1	26____	44239	1	0	0	0	0	0	0	0	0	1	0
C	Marios	18	161	5	1	26____	45920	1	0	0	0	0	1	0	0	0	0	0
C	Marios	18	161	5	1	26____	45969	1	0	0	0	0	0	0	0	0	1	0
C	Marios	18	161	5	1	26____	46012	1	0	0	0	0	1	0	0	0	0	0
C	Marios	18	161	5	1	26____	46090	1	0	0	0	0	0	0	0	0	1	0
C	Marios	18	161	5	1	26____	47150	1	0	0	0	0	1	0	0	0	0	0
C	Marios	18	161	5	1	26____	47259	1	0	0	0	0	0	0	0	0	1	0
C	Marios	18	161	5	1	26____	47340	1	0	0	0	0	1	0	0	0	0	0
C	Marios	18	161	5	1	26____	47400	1	0	0	0	0	0	0	0	0	1	0
C	Marios	18	161	5	1	26____	47467	1	0	0	0	0	1	0	0	0	0	0
C	Marios	18	161	5	1	26____	47567	1	0	0	0	0	0	0	0	0	1	0
C	Marios	18	161	5	1	26____	47774	1	0	0	0	0	1	0	0	0	0	0
C	Marios	18	161	5	1	26____	47875	1	0	0	0	0	0	0	0	0	1	0
C	Marios	18	161	5	1	26____	48002	1	0	0	0	0	1	0	0	0	0	0
C	Marios	18	161	5	1	26____	48047	1	0	0	0	0	0	0	0	0	1	0
C	Marios	18	161	5	1	26____	48086	1	0	0	0	0	1	0	0	0	0	0
C	Marios	18	161	5	1	26____	48231	1	0	0	0	0	0	0	0	0	1	0
C	Marios	18	161	5	1	26____	48285	1	0	0	0	0	1	0	0	0	0	0
C	Marios	18	161	5	1	26____	48287	1	0	0	0	0	0	0	0	0	1	0
C	Marios	18	161	5	1	26____	48288	1	0	0	0	0	1	0	0	0	0	0
C	Marios	18	161	5	1	26____	48291	1	0	0	0	0	0	0	0	0	1	0
C	Marios	18	161	5	1	26____	49272	1	0	0	0	0	1	0	0	0	0	0
C	Marios	18	161	5	1	26____	49276	1	0	0	0	0	0	0	0	0	1	0
C	Marios	18	161	5	1	26____	49381	1	0	0	0	0	1	0	0	0	0	0
C	Marios	18	161	5	1	26____	49385	1	0	0	0	0	0	0	0	0	1	0
C	Marios	18	161	5	1	26____	49394	1	0	0	0	0	1	0	0	0	0	0
C	Marios	18	161	5	1	26____	49432	1	0	0	0	0	0	0	0	0	1	0
C	Marios	18	161	5	1	26____	49500	1	2	0	0	0	0	0	0	0	0	0
C	Marios	18	161	5	1	26____	50000	2	13	0	0	0	0	0	0	0	0	0
C	Marios	18	161	5	1	26____	50423	13	0	0	0	0	1	0	0	0	0	0
C	Marios	18	161	5	1	26____	50455	13	0	0	0	0	0	0	0	0	1	0
C	Marios	18	161	5	1	26____	50500	13	15	0	0	0	0	0	0	0	0	0
C	Marios	18	161	5	1	26____	50721	15	0	0	0	0	1	0	0	0	0	0
C	Marios	18	161	5	1	26____	50724	15	0	0	0	0	0	0	0	0	1	0
C	Marios	18	161	5	1	26____	50797	15	0	0	0	0	1	0	0	0	0	0
C	Marios	18	161	5	1	26____	50801	15	0	0	0	0	0	0	0	0	1	0
C	Marios	18	161	5	1	26____	51000	15	1	0	0	0	0	0	0	0	0	0
C	Marios	18	161	5	1	26____	53328	1	0	0	0	0	1	0	0	0	0	0
C	Marios	18	161	5	1	26____	53392	1	0	0	0	0	0	0	0	0	1	0
C	Marios	18	161	5	1	26____	53402	1	0	0	0	0	1	0	0	0	0	0
C	Marios	18	161	5	1	26____	53404	1	0	0	0	0	0	0	0	0	1	0
C	Marios	18	161	5	1	26____	56196	1	0	0	0	0	1	0	0	0	0	0
C	Marios	18	161	5	1	26____	56222	1	0	0	0	0	0	0	0	0	1	0
C	Marios	18	161	5	1	26____	56702	1	0	0	0	0	1	0	0	0	0	0
C	Marios	18	161	5	1	26____	56741	1	0	0	0	0	0	0	0	0	1	0
C	Marios	18	161	5	1	26____	57488	1	0	0	0	0	1	0	0	0	0	0
C	Marios	18	161	5	1	26____	57498	1	0	0	0	0	0	0	0	0	1	0
C	Marios	18	161	5	1	26____	58500	1	2	0	0	0	0	0	0	0	0	0
C	Marios	18	161	5	1	26____	58674	2	0	0	0	0	1	0	0	0	0	0
C	Marios	18	161	5	1	26____	58678	2	0	0	0	0	0	0	0	0	1	0
C	Marios	18	161	5	1	26____	58679	2	0	0	0	0	1	0	0	0	0	0
C	Marios	18	161	5	1	26____	58694	2	0	0	0	0	0	0	0	0	1	0
C	Marios	18	161	5	1	26____	59000	2	13	0	0	0	0	0	0	0	0	0
C	Marios	18	161	5	1	26____	59112	13	0	0	0	0	1	0	0	0	0	0
C	Marios	18	161	5	1	26____	59135	13	0	0	0	0	0	0	0	0	1	0
C	Marios	18	161	5	1	26____	59500	13	15	0	0	0	0	0	0	0	0	0
C	Marios	18	161	5	1	26____	59546	15	0	0	0	0	1	0	0	0	0	0
C	Marios	18	161	5	1	26____	59593	15	0	0	0	0	0	0	0	0	1	0
C	Marios	18	161	5	1	26____	60000	15	1	0	0	0	0	0	0	0	0	0
C	Marios	18	161	5	1	26____	62657	1	0	0	0	0	1	0	0	0	0	0
C	Marios	18	161	5	1	26____	62778	1	0	0	0	0	0	0	0	0	1	0
C	Marios	18	161	5	1	26____	62878	1	0	0	0	0	1	0	0	0	0	0
C	Marios	18	161	5	1	26____	63187	1	0	0	0	0	0	0	0	0	1	0
C	Marios	18	161	5	1	26____	65250	1	2	0	0	0	0	0	0	0	0	0
C	Marios	18	161	5	1	26____	65269	2	0	0	0	0	1	0	0	0	0	0
C	Marios	18	161	5	1	26____	65279	2	0	0	0	0	0	0	0	0	1	0
C	Marios	18	161	5	1	26____	65750	2	12	0	0	0	0	0	0	0	0	0
C	Marios	18	161	5	1	26____	65874	12	0	0	0	0	1	0	0	0	0	0
C	Marios	18	161	5	1	26____	65894	12	0	0	0	0	0	0	0	0	1	0
C	Marios	18	161	5	1	26____	66250	12	15	0	0	0	0	0	0	0	0	0
C	Marios	18	161	5	1	26____	66536	15	0	0	0	0	1	0	0	0	0	0
C	Marios	18	161	5	1	26____	66587	15	0	0	0	0	0	0	0	0	1	0
C	Marios	18	161	5	1	26____	66750	15	1	0	0	0	0	0	0	0	0	0
C	Marios	18	161	5	1	26____	67127	1	0	0	0	0	1	0	0	0	0	0
C	Marios	18	161	5	1	26____	67135	1	0	0	0	0	0	0	0	0	1	0
C	Marios	18	161	5	1	26____	67804	1	0	0	0	0	1	0	0	0	0	0
C	Marios	18	161	5	1	26____	68063	1	0	0	0	0	0	0	0	0	1	0
C	Marios	18	161	5	1	26____	68085	1	0	0	0	0	1	0	0	0	0	0
C	Marios	18	161	5	1	26____	68089	1	0	0	0	0	0	0	0	0	1	0
C	Marios	18	161	5	1	26____	70500	1	2	0	0	0	0	0	0	0	0	0
C	Marios	18	161	5	1	26____	71000	2	7	0	0	0	0	0	0	0	0	0
C	Marios	18	161	5	1	26____	71138	7	0	0	0	0	1	0	0	0	0	0
C	Marios	18	161	5	1	26____	71170	7	0	0	0	0	0	0	0	0	1	0
C	Marios	18	161	5	1	26____	71199	7	0	0	0	0	1	0	0	0	0	0
C	Marios	18	161	5	1	26____	71232	7	0	0	0	0	0	0	0	0	1	0
C	Marios	18	161	5	1	26____	71262	7	0	0	0	0	1	0	0	0	0	0
C	Marios	18	161	5	1	26____	71305	7	0	0	0	0	0	0	0	0	1	0
C	Marios	18	161	5	1	26____	71328	7	0	0	0	0	1	0	0	0	0	0
C	Marios	18	161	5	1	26____	71423	7	0	0	0	0	0	0	0	0	1	0
C	Marios	18	161	5	1	26____	71477	7	0	0	0	0	1	0	0	0	0	0
C	Marios	18	161	5	1	26____	71481	7	0	0	0	0	0	0	0	0	1	0
C	Marios	18	161	5	1	26____	71500	7	11	0	0	0	0	0	0	0	0	0
C	Marios	18	161	5	1	26____	71527	11	0	0	0	0	1	0	0	0	0	0
C	Marios	18	161	5	1	26____	71988	11	0	0	0	0	0	0	0	0	1	0
C	Marios	18	161	5	1	26____	72000	11	1	0	0	0	0	0	0	0	0	0
C	Marios	18	161	5	1	26____	72012	1	0	0	0	0	1	0	0	0	0	0
C	Marios	18	161	5	1	26____	72014	1	0	0	0	0	0	0	0	0	1	0
C	Marios	18	161	5	1	26____	72028	1	0	0	0	0	1	0	0	0	0	0
C	Marios	18	161	5	1	26____	72030	1	0	0	0	0	0	0	0	0	1	0
C	Marios	18	161	5	1	26____	72065	1	0	0	0	0	1	0	0	0	0	0
C	Marios	18	161	5	1	26____	72102	1	0	0	0	0	0	0	0	0	1	0
C	Marios	18	161	5	1	26____	72270	1	0	0	0	0	1	0	0	0	0	0
C	Marios	18	161	5	1	26____	72290	1	0	0	0	0	0	0	0	0	1	0
C	Marios	18	161	5	1	26____	73261	1	0	0	0	0	1	0	0	0	0	0
C	Marios	18	161	5	1	26____	73380	1	0	0	0	0	0	0	0	0	1	0
C	Marios	18	161	5	1	26____	75282	1	0	0	0	0	1	0	0	0	0	0
C	Marios	18	161	5	1	26____	75375	1	0	0	0	0	0	0	0	0	1	0
C	Marios	18	161	5	1	26____	75587	1	0	0	0	0	1	0	0	0	0	0
C	Marios	18	161	5	1	26____	75611	1	0	0	0	0	0	0	0	0	1	0
C	Marios	18	161	5	1	26____	75972	1	0	0	0	0	1	0	0	0	0	0
C	Marios	18	161	5	1	26____	76102	1	0	0	0	0	0	0	0	0	1	0
C	Marios	18	161	5	1	26____	76120	1	0	0	0	0	1	0	0	0	0	0
C	Marios	18	161	5	1	26____	76134	1	0	0	0	0	0	0	0	0	1	0
C	Marios	18	161	5	1	26____	76148	1	0	0	0	0	1	0	0	0	0	0
C	Marios	18	161	5	1	26____	76500	1	2	0	0	0	0	0	0	0	1	0
C	Marios	18	161	5	1	26____	76597	2	0	0	0	0	1	0	0	0	0	0
C	Marios	18	161	5	1	26____	76636	2	0	0	0	0	0	0	0	0	1	0
C	Marios	18	161	5	1	26____	77000	2	13	0	0	0	0	0	0	0	0	0
C	Marios	18	161	5	1	26____	77500	13	15	0	0	0	0	0	0	0	0	0
C	Marios	18	161	5	1	26____	78000	15	1	0	0	0	0	0	0	0	0	0
C	Marios	18	161	5	1	26____	80954	1	0	0	0	0	1	0	0	0	0	0
C	Marios	18	161	5	1	26____	81000	1	2	0	0	0	0	0	0	0	0	0
C	Marios	18	161	5	1	26____	81032	2	0	0	0	0	0	0	0	0	1	0
C	Marios	18	161	5	1	26____	81500	2	7	0	0	0	0	0	0	0	0	0
C	Marios	18	161	5	1	26____	81582	7	0	0	0	0	1	0	0	0	0	0
C	Marios	18	161	5	1	26____	81625	7	0	0	0	0	0	0	0	0	1	0
C	Marios	18	161	5	1	26____	81692	7	0	0	0	0	1	0	0	0	0	0
C	Marios	18	161	5	1	26____	81695	7	0	0	0	0	0	0	0	0	1	0
C	Marios	18	161	5	1	26____	81751	7	0	0	0	0	1	0	0	0	0	0
C	Marios	18	161	5	1	26____	81850	7	0	0	0	0	0	0	0	0	1	0
C	Marios	18	161	5	1	26____	81965	7	0	0	0	0	1	0	0	0	0	0
C	Marios	18	161	5	1	26____	81972	7	0	0	0	0	0	0	0	0	1	0
C	Marios	18	161	5	1	26____	82000	7	11	0	0	0	0	0	0	0	0	0
C	Marios	18	161	5	1	26____	82014	11	0	0	0	0	1	0	0	0	0	0
C	Marios	18	161	5	1	26____	82500	11	1	0	0	0	0	0	0	0	0	0
C	Marios	18	161	5	1	26____	82518	1	0	0	0	0	0	0	0	0	1	0
C	Marios	18	161	5	1	26____	82520	1	0	0	0	0	1	0	0	0	0	0
C	Marios	18	161	5	1	26____	82538	1	0	0	0	0	0	0	0	0	1	0
C	Marios	18	161	5	1	26____	82540	1	0	0	0	0	1	0	0	0	0	0
C	Marios	18	161	5	1	26____	82545	1	0	0	0	0	1	0	0	0	1	0
C	Marios	18	161	5	1	26____	82742	1	0	0	0	0	0	0	0	0	1	0
C	Marios	18	161	5	1	26____	82745	1	0	0	0	0	1	0	0	0	0	0
C	Marios	18	161	5	1	26____	82751	1	0	0	0	0	0	0	0	0	1	0
C	Marios	18	161	5	1	26____	82871	1	0	0	0	0	1	0	0	0	0	0
C	Marios	18	161	5	1	26____	82882	1	0	0	0	0	0	0	0	0	1	0
C	Marios	18	161	5	1	26____	82888	1	0	0	0	0	1	0	0	0	0	0
C	Marios	18	161	5	1	26____	82892	1	0	0	0	0	0	0	0	0	1	0
C	Marios	18	161	5	1	26____	85056	1	0	0	0	0	1	0	0	0	0	0
C	Marios	18	161	5	1	26____	85058	1	0	0	0	0	0	0	0	0	1	0
C	Marios	18	161	5	1	26____	85066	1	0	0	0	0	1	0	0	0	0	0
C	Marios	18	161	5	1	26____	85092	1	0	0	0	0	0	0	0	0	1	0
C	Marios	18	161	5	1	26____	85097	1	0	0	0	0	1	0	0	0	0	0
C	Marios	18	161	5	1	26____	85115	1	0	0	0	0	0	0	0	0	1	0
C	Marios	18	161	5	1	26____	85118	1	0	0	0	0	1	0	0	0	0	0
C	Marios	18	161	5	1	26____	85146	1	0	0	0	0	0	0	0	0	1	0
C	Marios	18	161	5	1	26____	85307	1	0	0	0	0	1	0	0	0	0	0
C	Marios	18	161	5	1	26____	85331	1	0	0	0	0	0	0	0	0	1	0
C	Marios	18	161	5	1	26____	87750	1	2	0	0	0	0	0	0	0	0	0
C	Marios	18	161	5	1	26____	88250	2	13	0	0	0	0	0	0	0	0	0
C	Marios	18	161	5	1	26____	88561	13	0	0	0	0	1	0	0	0	0	0
C	Marios	18	161	5	1	26____	88617	13	0	0	0	0	0	0	0	0	1	0
C	Marios	18	161	5	1	26____	88750	13	15	0	0	0	0	0	0	0	0	0
C	Marios	18	161	5	1	26____	89250	15	1	0	0	0	0	0	0	0	0	0
C	Marios	18	161	5	1	26____	89535	1	0	0	0	0	1	0	0	0	0	0
C	Marios	18	161	5	1	26____	89587	1	0	0	0	0	0	0	0	0	1	0
C	Marios	18	161	5	1	26____	89657	1	0	0	0	0	1	0	0	0	0	0
C	Marios	18	161	5	1	26____	89669	1	0	0	0	0	0	0	0	0	1	0
C	Marios	18	161	5	1	26____	94750	1	2	0	0	0	0	0	0	0	0	0
C	Marios	18	161	5	1	26____	95250	2	6	0	0	0	0	0	0	0	0	0
C	Marios	18	161	5	1	26____	95300	6	0	0	0	0	1	0	0	0	0	0
C	Marios	18	161	5	1	26____	95354	6	0	0	0	0	0	0	0	0	1	0
C	Marios	18	161	5	1	26____	95426	6	0	0	0	0	1	0	0	0	0	0
C	Marios	18	161	5	1	26____	95446	6	0	0	0	0	0	0	0	0	1	0
C	Marios	18	161	5	1	26____	95492	6	0	0	0	0	1	0	0	0	0	0
C	Marios	18	161	5	1	26____	95498	6	0	0	0	0	0	0	0	0	1	0
C	Marios	18	161	5	1	26____	95547	6	0	0	0	0	1	0	0	0	0	0
C	Marios	18	161	5	1	26____	95562	6	0	0	0	0	0	0	0	0	1	0
C	Marios	18	161	5	1	26____	95618	6	0	0	0	0	1	0	0	0	0	0
C	Marios	18	161	5	1	26____	95623	6	0	0	0	0	0	0	0	0	1	0
C	Marios	18	161	5	1	26____	95647	6	0	0	0	0	1	0	0	0	0	0
C	Marios	18	161	5	1	26____	95662	6	0	0	0	0	0	0	0	0	1	0
C	Marios	18	161	5	1	26____	95691	6	0	0	0	0	1	0	0	0	0	0
C	Marios	18	161	5	1	26____	95750	6	10	0	0	0	0	0	0	0	0	0
C	Marios	18	161	5	1	26____	96165	10	0	0	0	0	0	0	0	0	1	0
C	Marios	18	161	5	1	26____	96167	10	0	0	0	0	1	0	0	0	0	0
C	Marios	18	161	5	1	26____	96187	10	0	0	0	0	0	0	0	0	1	0
C	Marios	18	161	5	1	26____	96250	10	1	0	0	0	0	0	0	0	0	0
C	Marios	18	161	5	1	26____	96293	1	0	0	0	0	1	0	0	0	0	0
C	Marios	18	161	5	1	26____	96323	1	0	0	0	0	0	0	0	0	1	0
C	Marios	18	161	5	1	26____	96324	1	0	0	0	0	1	0	0	0	0	0
C	Marios	18	161	5	1	26____	96332	1	0	0	0	0	0	0	0	0	1	0
C	Marios	18	161	5	1	26____	100000	1	2	0	0	0	0	0	0	0	0	0
C	Marios	18	161	5	1	26____	100500	2	12	0	0	0	0	0	0	0	0	0
C	Marios	18	161	5	1	26____	100555	12	0	0	0	0	1	0	0	0	0	0
C	Marios	18	161	5	1	26____	100613	12	0	0	0	0	0	0	0	0	1	0
C	Marios	18	161	5	1	26____	101000	12	15	0	0	0	0	0	0	0	0	0
C	Marios	18	161	5	1	26____	101063	15	0	0	0	0	1	0	0	0	0	0
C	Marios	18	161	5	1	26____	101101	15	0	0	0	0	0	0	0	0	1	0
C	Marios	18	161	5	1	26____	101156	15	0	0	0	0	1	0	0	0	0	0
C	Marios	18	161	5	1	26____	101241	15	0	0	0	0	0	0	0	0	1	0
C	Marios	18	161	5	1	26____	101396	15	0	0	0	0	1	0	0	0	0	0
C	Marios	18	161	5	1	26____	101403	15	0	0	0	0	0	0	0	0	1	0
C	Marios	18	161	5	1	26____	101495	15	0	0	0	0	1	0	0	0	0	0
C	Marios	18	161	5	1	26____	101500	15	1	0	0	0	0	0	0	0	0	0
C	Marios	18	161	5	1	26____	101509	1	0	0	0	0	0	0	0	0	1	0
C	Marios	18	161	5	1	26____	102076	1	0	0	0	0	1	0	0	0	0	0
C	Marios	18	161	5	1	26____	102089	1	0	0	0	0	0	0	0	0	1	0
C	Marios	18	161	5	1	26____	105078	1	0	0	0	0	1	0	0	0	0	0
C	Marios	18	161	5	1	26____	105108	1	0	0	0	0	0	0	0	0	1	0
C	Marios	18	161	5	1	26____	105148	1	0	0	0	0	1	0	0	0	0	0
C	Marios	18	161	5	1	26____	105150	1	0	0	0	0	0	0	0	0	1	0
C	Marios	18	161	5	1	26____	108250	1	2	0	0	0	0	0	0	0	0	0
C	Marios	18	161	5	1	26____	108750	2	12	0	0	0	0	0	0	0	0	0
C	Marios	18	161	5	1	26____	108885	12	0	0	0	0	1	0	0	0	0	0
C	Marios	18	161	5	1	26____	108931	12	0	0	0	0	0	0	0	0	1	0
C	Marios	18	161	5	1	26____	109002	12	0	0	0	0	1	0	0	0	0	0
C	Marios	18	161	5	1	26____	109004	12	0	0	0	0	0	0	0	0	1	0
C	Marios	18	161	5	1	26____	109104	12	0	0	0	0	1	0	0	0	0	0
C	Marios	18	161	5	1	26____	109118	12	0	0	0	0	0	0	0	0	1	0
C	Marios	18	161	5	1	26____	109194	12	0	0	0	0	1	0	0	0	0	0
C	Marios	18	161	5	1	26____	109212	12	0	0	0	0	0	0	0	0	1	0
C	Marios	18	161	5	1	26____	109250	12	15	0	0	0	0	0	0	0	0	0
C	Marios	18	161	5	1	26____	109283	15	0	0	0	0	1	0	0	0	0	0
C	Marios	18	161	5	1	26____	109429	15	0	0	0	0	0	0	0	0	1	0
C	Marios	18	161	5	1	26____	109522	15	0	0	0	0	1	0	0	0	0	0
C	Marios	18	161	5	1	26____	109549	15	0	0	0	0	0	0	0	0	1	0
C	Marios	18	161	5	1	26____	109585	15	0	0	0	0	1	0	0	0	0	0
C	Marios	18	161	5	1	26____	109750	15	1	0	0	0	0	0	0	0	0	0
C	Marios	18	161	5	1	26____	109808	1	0	0	0	0	0	0	0	0	1	0
C	Marios	18	161	5	1	26____	110956	1	0	0	0	0	1	0	0	0	0	0
C	Marios	18	161	5	1	26____	111040	1	0	0	0	0	0	0	0	0	1	0
C	Marios	18	161	5	1	26____	112000	1	2	0	0	0	0	0	0	0	0	0
C	Marios	18	161	5	1	26____	112500	2	13	0	0	0	0	0	0	0	0	0
C	Marios	18	161	5	1	26____	112551	13	0	0	0	0	1	0	0	0	0	0
C	Marios	18	161	5	1	26____	112730	13	0	0	0	0	0	0	0	0	1	0
C	Marios	18	161	5	1	26____	112838	13	0	0	0	0	1	0	0	0	0	0
C	Marios	18	161	5	1	26____	112841	13	0	0	0	0	0	0	0	0	1	0
C	Marios	18	161	5	1	26____	112897	13	0	0	0	0	1	0	0	0	0	0
C	Marios	18	161	5	1	26____	113000	13	15	0	0	0	0	0	0	0	0	0
C	Marios	18	161	5	1	26____	113025	15	0	0	0	0	0	0	0	0	1	0
C	Marios	18	161	5	1	26____	113130	15	0	0	0	0	1	0	0	0	0	0
C	Marios	18	161	5	1	26____	113212	15	0	0	0	0	0	0	0	0	1	0
C	Marios	18	161	5	1	26____	113256	15	0	0	0	0	1	0	0	0	0	0
C	Marios	18	161	5	1	26____	113289	15	0	0	0	0	0	0	0	0	1	0
C	Marios	18	161	5	1	26____	113324	15	0	0	0	0	1	0	0	0	0	0
C	Marios	18	161	5	1	26____	113327	15	0	0	0	0	0	0	0	0	1	0
C	Marios	18	161	5	1	26____	113500	15	1	0	0	0	0	0	0	0	0	0
C	Marios	18	161	5	1	26____	114050	1	0	0	0	0	1	0	0	0	0	0
C	Marios	18	161	5	1	26____	114199	1	0	0	0	0	0	0	0	0	1	0
C	Marios	18	161	5	1	26____	116672	1	0	0	0	0	1	0	0	0	0	0
C	Marios	18	161	5	1	26____	116683	1	0	0	0	0	0	0	0	0	1	0
C	Marios	18	161	5	1	26____	117269	1	0	0	0	0	1	0	0	0	0	0
C	Marios	18	161	5	1	26____	117288	1	0	0	0	0	0	0	0	0	1	0
C	Marios	18	161	5	1	26____	117311	1	0	0	0	0	1	0	0	0	0	0
C	Marios	18	161	5	1	26____	117313	1	0	0	0	0	0	0	0	0	1	0
C	Marios	18	161	5	1	26____	118000	1	2	0	0	0	0	0	0	0	0	0
C	Marios	18	161	5	1	26____	118500	2	6	0	0	0	0	0	0	0	0	0
C	Marios	18	161	5	1	26____	118600	6	0	0	0	0	1	0	0	0	0	0
C	Marios	18	161	5	1	26____	118712	6	0	0	0	0	0	0	0	0	1	0
C	Marios	18	161	5	1	26____	118784	6	0	0	0	0	1	0	0	0	0	0
C	Marios	18	161	5	1	26____	118809	6	0	0	0	0	1	0	0	0	1	0
C	Marios	18	161	5	1	26____	118910	6	0	0	0	0	0	0	0	0	1	0
C	Marios	18	161	5	1	26____	118999	6	0	0	0	0	1	0	0	0	0	0
C	Marios	18	161	5	1	26____	119000	6	10	0	0	0	0	0	0	0	0	0
C	Marios	18	161	5	1	26____	119286	10	0	0	0	0	0	0	0	0	1	0
C	Marios	18	161	5	1	26____	119291	10	0	0	0	0	1	0	0	0	0	0
C	Marios	18	161	5	1	26____	119402	10	0	0	0	0	0	0	0	0	1	0
C	Marios	18	161	5	1	26____	119408	10	0	0	0	0	1	0	0	0	0	0
C	Marios	18	161	5	1	26____	119410	10	0	0	0	0	0	0	0	0	1	0
C	Marios	18	161	5	1	26____	119411	10	0	0	0	0	1	0	0	0	0	0
C	Marios	18	161	5	1	26____	119415	10	0	0	0	0	0	0	0	0	1	0
C	Marios	18	161	5	1	26____	119500	10	1	0	0	0	0	0	0	0	0	0
C	Marios	18	161	5	1	26____	122765	1	0	0	0	0	1	0	0	0	0	0
C	Marios	18	161	5	1	26____	122804	1	0	0	0	0	0	0	0	0	1	0
C	Marios	18	161	5	1	26____	125210	1	0	0	0	0	1	0	0	0	0	0
C	Marios	18	161	5	1	26____	125229	1	0	0	0	0	0	0	0	0	1	0
C	Marios	18	161	5	1	26____	125300	1	0	0	0	0	1	0	0	0	0	0
C	Marios	18	161	5	1	26____	125443	1	0	0	0	0	0	0	0	0	1	0
C	Marios	18	161	5	1	26____	127000	1	2	0	0	0	0	0	0	0	0	0
C	Marios	18	161	5	1	26____	127500	2	13	0	0	0	0	0	0	0	0	0
C	Marios	18	161	5	1	26____	127602	13	0	0	0	0	1	0	0	0	0	0
C	Marios	18	161	5	1	26____	127637	13	0	0	0	0	0	0	0	0	1	0
C	Marios	18	161	5	1	26____	127667	13	0	0	0	0	1	0	0	0	0	0
C	Marios	18	161	5	1	26____	127683	13	0	0	0	0	0	0	0	0	1	0
C	Marios	18	161	5	1	26____	127694	13	0	0	0	0	1	0	0	0	0	0
C	Marios	18	161	5	1	26____	127701	13	0	0	0	0	0	0	0	0	1	0
C	Marios	18	161	5	1	26____	127760	13	0	0	0	0	1	0	0	0	0	0
C	Marios	18	161	5	1	26____	127784	13	0	0	0	0	0	0	0	0	1	0
C	Marios	18	161	5	1	26____	127860	13	0	0	0	0	1	0	0	0	0	0
C	Marios	18	161	5	1	26____	127873	13	0	0	0	0	0	0	0	0	1	0
C	Marios	18	161	5	1	26____	127892	13	0	0	0	0	1	0	0	0	0	0
C	Marios	18	161	5	1	26____	128000	13	15	0	0	0	0	0	0	0	0	0
C	Marios	18	161	5	1	26____	128078	15	0	0	0	0	0	0	0	0	1	0
C	Marios	18	161	5	1	26____	128216	15	0	0	0	0	1	0	0	0	0	0
C	Marios	18	161	5	1	26____	128378	15	0	0	0	0	0	0	0	0	1	0
C	Marios	18	161	5	1	26____	128500	15	1	0	0	0	0	0	0	0	0	0
C	Marios	18	161	5	1	26____	128802	1	0	0	0	0	1	0	0	0	0	0
C	Marios	18	161	5	1	26____	128864	1	0	0	0	0	0	0	0	0	1	0
C	Marios	18	161	5	1	26____	130000	1	2	0	0	0	0	0	0	0	0	0
C	Marios	18	161	5	1	26____	130500	2	12	0	0	0	0	0	0	0	0	0
C	Marios	18	161	5	1	26____	131000	12	15	0	0	0	0	0	0	0	0	0
C	Marios	18	161	5	1	26____	131500	15	1	0	0	0	0	0	0	0	0	0
C	Marios	18	161	5	1	26____	134669	1	0	0	0	0	1	0	0	0	0	0
C	Marios	18	161	5	1	26____	134683	1	0	0	0	0	0	0	0	0	1	0
C	Marios	18	161	5	1	26____	135000	1	2	0	0	0	0	0	0	0	0	0
C	Marios	18	161	5	1	26____	135500	2	7	0	0	0	0	0	0	0	0	0
C	Marios	18	161	5	1	26____	135577	7	0	0	0	0	1	0	0	0	0	0
C	Marios	18	161	5	1	26____	135673	7	0	0	0	0	0	0	0	0	1	0
C	Marios	18	161	5	1	26____	135731	7	0	0	0	0	1	0	0	0	0	0
C	Marios	18	161	5	1	26____	135738	7	0	0	0	0	0	0	0	0	1	0
C	Marios	18	161	5	1	26____	135763	7	0	0	0	0	1	0	0	0	0	0
C	Marios	18	161	5	1	26____	135777	7	0	0	0	0	0	0	0	0	1	0
C	Marios	18	161	5	1	26____	135802	7	0	0	0	0	1	0	0	0	0	0
C	Marios	18	161	5	1	26____	135971	7	0	0	0	0	0	0	0	0	1	0
C	Marios	18	161	5	1	26____	136000	7	11	0	0	0	0	0	0	0	0	0
C	Marios	18	161	5	1	26____	136081	11	0	0	0	0	1	0	0	0	0	0
C	Marios	18	161	5	1	26____	136260	11	0	0	0	0	0	0	0	0	1	0
C	Marios	18	161	5	1	26____	136262	11	0	0	0	0	1	0	0	0	0	0
C	Marios	18	161	5	1	26____	136264	11	0	0	0	0	0	0	0	0	1	0
C	Marios	18	161	5	1	26____	136268	11	0	0	0	0	1	0	0	0	0	0
C	Marios	18	161	5	1	26____	136367	11	0	0	0	0	1	0	0	0	1	0
C	Marios	18	161	5	1	26____	136500	11	1	0	0	0	0	0	0	0	0	0
C	Marios	18	161	5	1	26____	136585	1	0	0	0	0	0	0	0	0	1	0
C	Marios	18	161	5	1	26____	136587	1	0	0	0	0	1	0	0	0	0	0
C	Marios	18	161	5	1	26____	136871	1	0	0	0	0	0	0	0	0	1	0
C	Marios	18	161	5	1	26____	136894	1	0	0	0	0	1	0	0	0	0	0
C	Marios	18	161	5	1	26____	137018	1	0	0	0	0	1	0	0	0	1	0
C	Marios	18	161	5	1	26____	137631	1	0	0	0	0	0	0	0	0	1	0
C	Marios	18	161	5	1	26____	137944	1	0	0	0	0	1	0	0	0	0	0
C	Marios	18	161	5	1	26____	138378	1	0	0	0	0	0	0	0	0	1	0
C	Marios	18	161	5	1	26____	139977	1	0	0	0	0	1	0	0	0	0	0
C	Marios	18	161	5	1	26____	140036	1	0	0	0	0	0	0	0	0	1	0
C	Marios	18	161	5	1	26____	141909	1	0	0	0	0	1	0	0	0	0	0
C	Marios	18	161	5	1	26____	141914	1	0	0	0	0	0	0	0	0	1	0
C	Marios	18	161	5	1	26____	142500	1	2	0	0	0	0	0	0	0	0	0
C	Marios	18	161	5	1	26____	143000	2	12	0	0	0	0	0	0	0	0	0
C	Marios	18	161	5	1	26____	143500	12	15	0	0	0	0	0	0	0	0	0
C	Marios	18	161	5	1	26____	143851	15	0	0	0	0	1	0	0	0	0	0
C	Marios	18	161	5	1	26____	144000	15	14	0	0	0	0	0	0	0	0	0
C	Marios	18	161	5	1	26____	144327	14	0	0	0	0	0	0	0	0	1	0
C	Marios	18	161	5	1	26____	144328	14	0	0	0	0	1	0	0	0	0	0
C	Marios	18	161	5	1	26____	144330	14	0	0	0	0	0	0	0	0	1	0
C	Marios	18	161	5	1	26____	146749	14	0	0	0	0	1	0	0	0	0	0
C	Marios	18	161	5	1	26____	146764	14	0	0	0	0	0	0	0	0	1	0
C	Marios	18	161	5	1	26____	146808	14	0	0	0	0	1	0	0	0	0	0
C	Marios	18	161	5	1	26____	147000	14	-1	0	0	0	0	0	0	0	0	0
