Project	UserID	Protocol	Session	Station	Run	Subject	Time	Current State	Transition State	Transition Event	A1 - LLR	A2 - RLR	A3 - MAG	A4 - 	A[1] LLR_OFF	A[2] RLR_OFF	A[3] MAG_OFF	A[4] 
C	Marios	26	137	1	1	17____	0	0	1	0	0	0	0	0	0	0	0	0
C	Marios	26	137	1	1	17____	2250	1	3	0	0	0	0	0	0	0	0	0
C	Marios	26	137	1	1	17____	2894	3	5	2	0	1	0	0	0	0	0	0
C	Marios	26	137	1	1	17____	3144	5	3	0	0	0	0	0	0	0	0	0
C	Marios	26	137	1	1	17____	3542	3	0	0	0	0	0	0	0	1	0	0
C	Marios	26	137	1	1	17____	3621	3	0	0	0	1	0	0	0	0	0	0
C	Marios	26	137	1	1	17____	4587	3	0	0	0	0	0	0	0	1	0	0
C	Marios	26	137	1	1	17____	5250	3	1	0	0	0	0	0	0	0	0	0
C	Marios	26	137	1	1	17____	8400	1	2	0	0	0	0	0	0	0	0	0
C	Marios	26	137	1	1	17____	9233	2	0	0	1	0	0	0	0	0	0	0
C	Marios	26	137	1	1	17____	9258	2	0	0	0	0	0	0	1	0	0	0
C	Marios	26	137	1	1	17____	9261	2	4	1	1	0	0	0	0	0	0	0
C	Marios	26	137	1	1	17____	9291	4	0	0	0	0	0	0	1	0	0	0
C	Marios	26	137	1	1	17____	9300	4	0	0	1	0	0	0	0	0	0	0
C	Marios	26	137	1	1	17____	9304	4	0	0	0	0	0	0	1	0	0	0
C	Marios	26	137	1	1	17____	9511	4	2	0	0	0	0	0	0	0	0	0
C	Marios	26	137	1	1	17____	9955	2	0	0	1	0	0	0	0	0	0	0
C	Marios	26	137	1	1	17____	9962	2	0	0	0	0	0	0	1	0	0	0
C	Marios	26	137	1	1	17____	9963	2	0	0	1	0	0	0	0	0	0	0
C	Marios	26	137	1	1	17____	9966	2	0	0	0	0	0	0	1	0	0	0
C	Marios	26	137	1	1	17____	9979	2	4	1	1	0	0	0	0	0	0	0
C	Marios	26	137	1	1	17____	9982	4	0	0	0	0	0	0	1	0	0	0
C	Marios	26	137	1	1	17____	9987	4	0	0	1	0	0	0	0	0	0	0
C	Marios	26	137	1	1	17____	9991	4	0	0	0	0	0	0	1	0	0	0
C	Marios	26	137	1	1	17____	9997	4	0	0	1	0	0	0	0	0	0	0
C	Marios	26	137	1	1	17____	10000	4	0	0	0	0	0	0	1	0	0	0
C	Marios	26	137	1	1	17____	10006	4	0	0	1	0	0	0	0	0	0	0
C	Marios	26	137	1	1	17____	10009	4	0	0	0	0	0	0	1	0	0	0
C	Marios	26	137	1	1	17____	10015	4	0	0	1	0	0	0	0	0	0	0
C	Marios	26	137	1	1	17____	10019	4	0	0	0	0	0	0	1	0	0	0
C	Marios	26	137	1	1	17____	10024	4	0	0	1	0	0	0	0	0	0	0
C	Marios	26	137	1	1	17____	10031	4	0	0	0	0	0	0	1	0	0	0
C	Marios	26	137	1	1	17____	10229	4	2	0	0	0	0	0	0	0	0	0
C	Marios	26	137	1	1	17____	11400	2	1	0	0	0	0	0	0	0	0	0
C	Marios	26	137	1	1	17____	17700	1	2	0	0	0	0	0	0	0	0	0
C	Marios	26	137	1	1	17____	17780	2	0	0	1	0	0	0	0	0	0	0
C	Marios	26	137	1	1	17____	17832	2	0	0	0	0	0	0	1	0	0	0
C	Marios	26	137	1	1	17____	19636	2	4	1	1	0	0	0	0	0	0	0
C	Marios	26	137	1	1	17____	19638	4	0	0	0	0	0	0	1	0	0	0
C	Marios	26	137	1	1	17____	19652	4	0	0	1	0	0	0	0	0	0	0
C	Marios	26	137	1	1	17____	19655	4	0	0	0	0	0	0	1	0	0	0
C	Marios	26	137	1	1	17____	19886	4	2	0	0	0	0	0	0	0	0	0
C	Marios	26	137	1	1	17____	20700	2	1	0	0	0	0	0	0	0	0	0
C	Marios	26	137	1	1	17____	25200	1	3	0	0	0	0	0	0	0	0	0
C	Marios	26	137	1	1	17____	26912	3	0	0	0	1	0	0	0	0	0	0
C	Marios	26	137	1	1	17____	28200	3	1	0	0	0	0	0	0	0	0	0
C	Marios	26	137	1	1	17____	28201	1	0	0	0	0	0	0	0	1	0	0
C	Marios	26	137	1	1	17____	30900	1	3	0	0	0	0	0	0	0	0	0
C	Marios	26	137	1	1	17____	31365	3	0	0	0	1	0	0	0	0	0	0
C	Marios	26	137	1	1	17____	33900	3	1	0	0	0	0	0	0	0	0	0
C	Marios	26	137	1	1	17____	33901	1	0	0	0	0	0	0	0	1	0	0
C	Marios	26	137	1	1	17____	39300	1	2	0	0	0	0	0	0	0	0	0
C	Marios	26	137	1	1	17____	39933	2	4	1	1	0	0	0	0	0	0	0
C	Marios	26	137	1	1	17____	39950	4	0	0	0	0	0	0	1	0	0	0
C	Marios	26	137	1	1	17____	39955	4	0	0	1	0	0	0	0	0	0	0
C	Marios	26	137	1	1	17____	39959	4	0	0	0	0	0	0	1	0	0	0
C	Marios	26	137	1	1	17____	39964	4	0	0	1	0	0	0	0	0	0	0
C	Marios	26	137	1	1	17____	39976	4	0	0	0	0	0	0	1	0	0	0
C	Marios	26	137	1	1	17____	39981	4	0	0	1	0	0	0	0	0	0	0
C	Marios	26	137	1	1	17____	40007	4	0	0	0	0	0	0	1	0	0	0
C	Marios	26	137	1	1	17____	40183	4	2	0	0	0	0	0	0	0	0	0
C	Marios	26	137	1	1	17____	40490	2	0	0	1	0	0	0	0	0	0	0
C	Marios	26	137	1	1	17____	40492	2	0	0	0	0	0	0	1	0	0	0
C	Marios	26	137	1	1	17____	40498	2	0	0	1	0	0	0	0	0	0	0
C	Marios	26	137	1	1	17____	40500	2	0	0	0	0	0	0	1	0	0	0
C	Marios	26	137	1	1	17____	40507	2	4	1	1	0	0	0	0	0	0	0
C	Marios	26	137	1	1	17____	40511	4	0	0	0	0	0	0	1	0	0	0
C	Marios	26	137	1	1	17____	40514	4	0	0	1	0	0	0	0	0	0	0
C	Marios	26	137	1	1	17____	40534	4	0	0	0	0	0	0	1	0	0	0
C	Marios	26	137	1	1	17____	40537	4	0	0	1	0	0	0	0	0	0	0
C	Marios	26	137	1	1	17____	40547	4	0	0	0	0	0	0	1	0	0	0
C	Marios	26	137	1	1	17____	40757	4	2	0	0	0	0	0	0	0	0	0
C	Marios	26	137	1	1	17____	42300	2	1	0	0	0	0	0	0	0	0	0
C	Marios	26	137	1	1	17____	48150	1	3	0	0	0	0	0	0	0	0	0
C	Marios	26	137	1	1	17____	51150	3	1	0	0	0	0	0	0	0	0	0
C	Marios	26	137	1	1	17____	55650	1	2	0	0	0	0	0	0	0	0	0
C	Marios	26	137	1	1	17____	57810	2	0	0	1	0	0	0	0	0	0	0
C	Marios	26	137	1	1	17____	57815	2	0	0	0	0	0	0	1	0	0	0
C	Marios	26	137	1	1	17____	58650	2	1	0	0	0	0	0	0	0	0	0
C	Marios	26	137	1	1	17____	62250	1	2	0	0	0	0	0	0	0	0	0
C	Marios	26	137	1	1	17____	65250	2	1	0	0	0	0	0	0	0	0	0
C	Marios	26	137	1	1	17____	69300	1	3	0	0	0	0	0	0	0	0	0
C	Marios	26	137	1	1	17____	69470	3	0	0	0	1	0	0	0	0	0	0
C	Marios	26	137	1	1	17____	69526	3	0	0	0	0	0	0	0	1	0	0
C	Marios	26	137	1	1	17____	72300	3	1	0	0	0	0	0	0	0	0	0
C	Marios	26	137	1	1	17____	77250	1	2	0	0	0	0	0	0	0	0	0
C	Marios	26	137	1	1	17____	80250	2	1	0	0	0	0	0	0	0	0	0
C	Marios	26	137	1	1	17____	87000	1	3	0	0	0	0	0	0	0	0	0
C	Marios	26	137	1	1	17____	90000	3	6	0	0	0	0	0	0	0	0	0
C	Marios	26	137	1	1	17____	93000	6	-1	0	0	0	0	0	0	0	0	0
C	Marios	26	137	2	1	19____	0	0	1	0	0	0	0	0	0	0	0	0
C	Marios	26	137	2	1	19____	3150	1	3	0	0	0	0	0	0	0	0	0
C	Marios	26	137	2	1	19____	6150	3	1	0	0	0	0	0	0	0	0	0
C	Marios	26	137	2	1	19____	8400	1	2	0	0	0	0	0	0	0	0	0
C	Marios	26	137	2	1	19____	8559	2	0	0	1	0	0	0	0	0	0	0
C	Marios	26	137	2	1	19____	8562	2	0	0	0	0	0	0	1	0	0	0
C	Marios	26	137	2	1	19____	11400	2	1	0	0	0	0	0	0	0	0	0
C	Marios	26	137	2	1	19____	15450	1	3	0	0	0	0	0	0	0	0	0
C	Marios	26	137	2	1	19____	16726	3	0	0	0	1	0	0	0	0	0	0
C	Marios	26	137	2	1	19____	16744	3	0	0	0	0	0	0	0	1	0	0
C	Marios	26	137	2	1	19____	16935	3	0	0	0	1	0	0	0	0	0	0
C	Marios	26	137	2	1	19____	16940	3	0	0	0	0	0	0	0	1	0	0
C	Marios	26	137	2	1	19____	16965	3	5	2	0	1	0	0	0	0	0	0
C	Marios	26	137	2	1	19____	16977	5	0	0	0	0	0	0	0	1	0	0
C	Marios	26	137	2	1	19____	17215	5	3	0	0	0	0	0	0	0	0	0
C	Marios	26	137	2	1	19____	18450	3	1	0	0	0	0	0	0	0	0	0
C	Marios	26	137	2	1	19____	23850	1	2	0	0	0	0	0	0	0	0	0
C	Marios	26	137	2	1	19____	26850	2	1	0	0	0	0	0	0	0	0	0
C	Marios	26	137	2	1	19____	30450	1	3	0	0	0	0	0	0	0	0	0
C	Marios	26	137	2	1	19____	33450	3	1	0	0	0	0	0	0	0	0	0
C	Marios	26	137	2	1	19____	37950	1	2	0	0	0	0	0	0	0	0	0
C	Marios	26	137	2	1	19____	40950	2	1	0	0	0	0	0	0	0	0	0
C	Marios	26	137	2	1	19____	46800	1	2	0	0	0	0	0	0	0	0	0
C	Marios	26	137	2	1	19____	46825	2	0	0	1	0	0	0	0	0	0	0
C	Marios	26	137	2	1	19____	46827	2	0	0	0	0	0	0	1	0	0	0
C	Marios	26	137	2	1	19____	49800	2	1	0	0	0	0	0	0	0	0	0
C	Marios	26	137	2	1	19____	54300	1	3	0	0	0	0	0	0	0	0	0
C	Marios	26	137	2	1	19____	54905	3	0	0	0	1	0	0	0	0	0	0
C	Marios	26	137	2	1	19____	55227	3	0	0	0	0	0	0	0	1	0	0
C	Marios	26	137	2	1	19____	55393	3	5	2	0	1	0	0	0	0	0	0
C	Marios	26	137	2	1	19____	55424	5	0	0	0	0	0	0	0	1	0	0
C	Marios	26	137	2	1	19____	55643	5	3	0	0	0	0	0	0	0	0	0
C	Marios	26	137	2	1	19____	57300	3	1	0	0	0	0	0	0	0	0	0
C	Marios	26	137	2	1	19____	60000	1	3	0	0	0	0	0	0	0	0	0
C	Marios	26	137	2	1	19____	60736	3	0	0	0	1	0	0	0	0	0	0
C	Marios	26	137	2	1	19____	60743	3	0	0	0	0	0	0	0	1	0	0
C	Marios	26	137	2	1	19____	60771	3	0	0	0	1	0	0	0	0	0	0
C	Marios	26	137	2	1	19____	60805	3	0	0	0	0	0	0	0	1	0	0
C	Marios	26	137	2	1	19____	61311	3	5	2	0	1	0	0	0	0	0	0
C	Marios	26	137	2	1	19____	61349	5	0	0	0	0	0	0	0	1	0	0
C	Marios	26	137	2	1	19____	61498	5	0	0	0	1	0	0	0	0	0	0
C	Marios	26	137	2	1	19____	61544	5	0	0	0	0	0	0	0	1	0	0
C	Marios	26	137	2	1	19____	61561	5	3	0	0	0	0	0	0	0	0	0
C	Marios	26	137	2	1	19____	63000	3	1	0	0	0	0	0	0	0	0	0
C	Marios	26	137	2	1	19____	69300	1	2	0	0	0	0	0	0	0	0	0
C	Marios	26	137	2	1	19____	69691	2	0	0	1	0	0	0	0	0	0	0
C	Marios	26	137	2	1	19____	69708	2	0	0	0	0	0	0	1	0	0	0
C	Marios	26	137	2	1	19____	72300	2	1	0	0	0	0	0	0	0	0	0
C	Marios	26	137	2	1	19____	77250	1	2	0	0	0	0	0	0	0	0	0
C	Marios	26	137	2	1	19____	80250	2	1	0	0	0	0	0	0	0	0	0
C	Marios	26	137	2	1	19____	87000	1	3	0	0	0	0	0	0	0	0	0
C	Marios	26	137	2	1	19____	87198	3	0	0	0	1	0	0	0	0	0	0
C	Marios	26	137	2	1	19____	87219	3	0	0	0	0	0	0	0	1	0	0
C	Marios	26	137	2	1	19____	87234	3	0	0	0	1	0	0	0	0	0	0
C	Marios	26	137	2	1	19____	87488	3	0	0	0	0	0	0	0	1	0	0
C	Marios	26	137	2	1	19____	90000	3	6	0	0	0	0	0	0	0	0	0
C	Marios	26	137	2	1	19____	92250	6	2	0	0	0	0	0	0	0	0	0
C	Marios	26	137	2	1	19____	95250	2	1	0	0	0	0	0	0	0	0	0
C	Marios	26	137	2	1	19____	102000	1	3	0	0	0	0	0	0	0	0	0
C	Marios	26	137	2	1	19____	102113	3	0	0	0	1	0	0	0	0	0	0
C	Marios	26	137	2	1	19____	102208	3	0	0	0	0	0	0	0	1	0	0
C	Marios	26	137	2	1	19____	102256	3	0	0	0	1	0	0	0	0	0	0
C	Marios	26	137	2	1	19____	102265	3	0	0	0	0	0	0	0	1	0	0
C	Marios	26	137	2	1	19____	102272	3	5	2	0	1	0	0	0	0	0	0
C	Marios	26	137	2	1	19____	102321	5	0	0	0	0	0	0	0	1	0	0
C	Marios	26	137	2	1	19____	102522	5	3	0	0	0	0	0	0	0	0	0
C	Marios	26	137	2	1	19____	102876	3	0	0	0	1	0	0	0	0	0	0
C	Marios	26	137	2	1	19____	102885	3	0	0	0	0	0	0	0	1	0	0
C	Marios	26	137	2	1	19____	105000	3	1	0	0	0	0	0	0	0	0	0
C	Marios	26	137	2	1	19____	109950	1	2	0	0	0	0	0	0	0	0	0
C	Marios	26	137	2	1	19____	112950	2	1	0	0	0	0	0	0	0	0	0
C	Marios	26	137	2	1	19____	117450	1	2	0	0	0	0	0	0	0	0	0
C	Marios	26	137	2	1	19____	119245	2	0	0	1	0	0	0	0	0	0	0
C	Marios	26	137	2	1	19____	119246	2	0	0	0	0	0	0	1	0	0	0
C	Marios	26	137	2	1	19____	120450	2	1	0	0	0	0	0	0	0	0	0
C	Marios	26	137	2	1	19____	124950	1	3	0	0	0	0	0	0	0	0	0
C	Marios	26	137	2	1	19____	127950	3	1	0	0	0	0	0	0	0	0	0
C	Marios	26	137	2	1	19____	133350	1	2	0	0	0	0	0	0	0	0	0
C	Marios	26	137	2	1	19____	135819	2	0	0	1	0	0	0	0	0	0	0
C	Marios	26	137	2	1	19____	135823	2	0	0	0	0	0	0	1	0	0	0
C	Marios	26	137	2	1	19____	136350	2	1	0	0	0	0	0	0	0	0	0
C	Marios	26	137	2	1	19____	139950	1	3	0	0	0	0	0	0	0	0	0
C	Marios	26	137	2	1	19____	142950	3	1	0	0	0	0	0	0	0	0	0
C	Marios	26	137	2	1	19____	146100	1	2	0	0	0	0	0	0	0	0	0
C	Marios	26	137	2	1	19____	149100	2	1	0	0	0	0	0	0	0	0	0
C	Marios	26	137	2	1	19____	151800	1	3	0	0	0	0	0	0	0	0	0
C	Marios	26	137	2	1	19____	154800	3	1	0	0	0	0	0	0	0	0	0
C	Marios	26	137	2	1	19____	160650	1	3	0	0	0	0	0	0	0	0	0
C	Marios	26	137	2	1	19____	163650	3	1	0	0	0	0	0	0	0	0	0
C	Marios	26	137	2	1	19____	167700	1	2	0	0	0	0	0	0	0	0	0
C	Marios	26	137	2	1	19____	169488	2	0	0	1	0	0	0	0	0	0	0
C	Marios	26	137	2	1	19____	169516	2	0	0	0	0	0	0	1	0	0	0
C	Marios	26	137	2	1	19____	170700	2	1	0	0	0	0	0	0	0	0	0
C	Marios	26	137	2	1	19____	172950	1	3	0	0	0	0	0	0	0	0	0
C	Marios	26	137	2	1	19____	175950	3	1	0	0	0	0	0	0	0	0	0
C	Marios	26	137	2	1	19____	182250	1	2	0	0	0	0	0	0	0	0	0
C	Marios	26	137	2	1	19____	185250	2	6	0	0	0	0	0	0	0	0	0
C	Marios	26	137	2	1	19____	188250	6	-1	0	0	0	0	0	0	0	0	0
C	Marios	26	137	4	1	21____	0	0	1	0	0	0	0	0	0	0	0	0
C	Marios	26	137	4	1	21____	3150	1	3	0	0	0	0	0	0	0	0	0
C	Marios	26	137	4	1	21____	6150	3	1	0	0	0	0	0	0	0	0	0
C	Marios	26	137	4	1	21____	10200	1	2	0	0	0	0	0	0	0	0	0
C	Marios	26	137	4	1	21____	13200	2	1	0	0	0	0	0	0	0	0	0
C	Marios	26	137	4	1	21____	16800	1	3	0	0	0	0	0	0	0	0	0
C	Marios	26	137	4	1	21____	18655	3	0	0	0	1	0	0	0	0	0	0
C	Marios	26	137	4	1	21____	18673	3	0	0	0	0	0	0	0	1	0	0
C	Marios	26	137	4	1	21____	19800	3	1	0	0	0	0	0	0	0	0	0
C	Marios	26	137	4	1	21____	24750	1	2	0	0	0	0	0	0	0	0	0
C	Marios	26	137	4	1	21____	27750	2	1	0	0	0	0	0	0	0	0	0
C	Marios	26	137	4	1	21____	34050	1	2	0	0	0	0	0	0	0	0	0
C	Marios	26	137	4	1	21____	37050	2	1	0	0	0	0	0	0	0	0	0
C	Marios	26	137	4	1	21____	39750	1	3	0	0	0	0	0	0	0	0	0
C	Marios	26	137	4	1	21____	42750	3	1	0	0	0	0	0	0	0	0	0
C	Marios	26	137	4	1	21____	47250	1	2	0	0	0	0	0	0	0	0	0
C	Marios	26	137	4	1	21____	50250	2	1	0	0	0	0	0	0	0	0	0
C	Marios	26	137	4	1	21____	52500	1	3	0	0	0	0	0	0	0	0	0
C	Marios	26	137	4	1	21____	55500	3	1	0	0	0	0	0	0	0	0	0
C	Marios	26	137	4	1	21____	60900	1	3	0	0	0	0	0	0	0	0	0
C	Marios	26	137	4	1	21____	63900	3	1	0	0	0	0	0	0	0	0	0
C	Marios	26	137	4	1	21____	70650	1	2	0	0	0	0	0	0	0	0	0
C	Marios	26	137	4	1	21____	73650	2	1	0	0	0	0	0	0	0	0	0
C	Marios	26	137	4	1	21____	79500	1	3	0	0	0	0	0	0	0	0	0
C	Marios	26	137	4	1	21____	82500	3	1	0	0	0	0	0	0	0	0	0
C	Marios	26	137	4	1	21____	87000	1	2	0	0	0	0	0	0	0	0	0
C	Marios	26	137	4	1	21____	90000	2	6	0	0	0	0	0	0	0	0	0
C	Marios	26	137	4	1	21____	92250	6	2	0	0	0	0	0	0	0	0	0
C	Marios	26	137	4	1	21____	95250	2	1	0	0	0	0	0	0	0	0	0
C	Marios	26	137	4	1	21____	99300	1	3	0	0	0	0	0	0	0	0	0
C	Marios	26	137	4	1	21____	102300	3	1	0	0	0	0	0	0	0	0	0
C	Marios	26	137	4	1	21____	108150	1	2	0	0	0	0	0	0	0	0	0
C	Marios	26	137	4	1	21____	111150	2	1	0	0	0	0	0	0	0	0	0
C	Marios	26	137	4	1	21____	116550	1	2	0	0	0	0	0	0	0	0	0
C	Marios	26	137	4	1	21____	119550	2	1	0	0	0	0	0	0	0	0	0
C	Marios	26	137	4	1	21____	122250	1	3	0	0	0	0	0	0	0	0	0
C	Marios	26	137	4	1	21____	125250	3	1	0	0	0	0	0	0	0	0	0
C	Marios	26	137	4	1	21____	130200	1	2	0	0	0	0	0	0	0	0	0
C	Marios	26	137	4	1	21____	130796	2	0	0	1	0	0	0	0	0	0	0
C	Marios	26	137	4	1	21____	130852	2	0	0	0	0	0	0	1	0	0	0
C	Marios	26	137	4	1	21____	130857	2	4	1	1	0	0	0	0	0	0	0
C	Marios	26	137	4	1	21____	130981	4	0	0	0	0	0	0	1	0	0	0
C	Marios	26	137	4	1	21____	131107	4	2	0	0	0	0	0	0	0	0	0
C	Marios	26	137	4	1	21____	133200	2	1	0	0	0	0	0	0	0	0	0
C	Marios	26	137	4	1	21____	137700	1	3	0	0	0	0	0	0	0	0	0
C	Marios	26	137	4	1	21____	140700	3	1	0	0	0	0	0	0	0	0	0
C	Marios	26	137	4	1	21____	144300	1	2	0	0	0	0	0	0	0	0	0
C	Marios	26	137	4	1	21____	147300	2	1	0	0	0	0	0	0	0	0	0
C	Marios	26	137	4	1	21____	149550	1	3	0	0	0	0	0	0	0	0	0
C	Marios	26	137	4	1	21____	152550	3	1	0	0	0	0	0	0	0	0	0
C	Marios	26	137	4	1	21____	155700	1	3	0	0	0	0	0	0	0	0	0
C	Marios	26	137	4	1	21____	158700	3	1	0	0	0	0	0	0	0	0	0
C	Marios	26	137	4	1	21____	165000	1	2	0	0	0	0	0	0	0	0	0
C	Marios	26	137	4	1	21____	168000	2	1	0	0	0	0	0	0	0	0	0
C	Marios	26	137	4	1	21____	172500	1	2	0	0	0	0	0	0	0	0	0
C	Marios	26	137	4	1	21____	175500	2	1	0	0	0	0	0	0	0	0	0
C	Marios	26	137	4	1	21____	182250	1	3	0	0	0	0	0	0	0	0	0
C	Marios	26	137	4	1	21____	185250	3	6	0	0	0	0	0	0	0	0	0
C	Marios	26	137	4	1	21____	188250	6	-1	0	0	0	0	0	0	0	0	0
C	Marios	26	137	5	1	42____	0	0	1	0	0	0	0	0	0	0	0	0
C	Marios	26	137	5	1	42____	3150	1	3	0	0	0	0	0	0	0	0	0
C	Marios	26	137	5	1	42____	6150	3	1	0	0	0	0	0	0	0	0	0
C	Marios	26	137	5	1	42____	9750	1	2	0	0	0	0	0	0	0	0	0
C	Marios	26	137	5	1	42____	12750	2	1	0	0	0	0	0	0	0	0	0
C	Marios	26	137	5	1	42____	16800	1	2	0	0	0	0	0	0	0	0	0
C	Marios	26	137	5	1	42____	19800	2	1	0	0	0	0	0	0	0	0	0
C	Marios	26	137	5	1	42____	22050	1	3	0	0	0	0	0	0	0	0	0
C	Marios	26	137	5	1	42____	25050	3	1	0	0	0	0	0	0	0	0	0
C	Marios	26	137	5	1	42____	31800	1	3	0	0	0	0	0	0	0	0	0
C	Marios	26	137	5	1	42____	34800	3	1	0	0	0	0	0	0	0	0	0
C	Marios	26	137	5	1	42____	41100	1	2	0	0	0	0	0	0	0	0	0
C	Marios	26	137	5	1	42____	44100	2	1	0	0	0	0	0	0	0	0	0
C	Marios	26	137	5	1	42____	48600	1	3	0	0	0	0	0	0	0	0	0
C	Marios	26	137	5	1	42____	51600	3	1	0	0	0	0	0	0	0	0	0
C	Marios	26	137	5	1	42____	57000	1	2	0	0	0	0	0	0	0	0	0
C	Marios	26	137	5	1	42____	60000	2	1	0	0	0	0	0	0	0	0	0
C	Marios	26	137	5	1	42____	65850	1	2	0	0	0	0	0	0	0	0	0
C	Marios	26	137	5	1	42____	66161	2	0	0	1	0	0	0	0	0	0	0
C	Marios	26	137	5	1	42____	66496	2	0	0	0	0	0	0	1	0	0	0
C	Marios	26	137	5	1	42____	66502	2	4	1	1	0	0	0	0	0	0	0
C	Marios	26	137	5	1	42____	66526	4	0	0	0	0	0	0	1	0	0	0
C	Marios	26	137	5	1	42____	66752	4	2	0	0	0	0	0	0	0	0	0
C	Marios	26	137	5	1	42____	68850	2	1	0	0	0	0	0	0	0	0	0
C	Marios	26	137	5	1	42____	71550	1	3	0	0	0	0	0	0	0	0	0
C	Marios	26	137	5	1	42____	74550	3	1	0	0	0	0	0	0	0	0	0
C	Marios	26	137	5	1	42____	79050	1	3	0	0	0	0	0	0	0	0	0
C	Marios	26	137	5	1	42____	82050	3	1	0	0	0	0	0	0	0	0	0
C	Marios	26	137	5	1	42____	87000	1	2	0	0	0	0	0	0	0	0	0
C	Marios	26	137	5	1	42____	90000	2	6	0	0	0	0	0	0	0	0	0
C	Marios	26	137	5	1	42____	92250	6	2	0	0	0	0	0	0	0	0	0
C	Marios	26	137	5	1	42____	95250	2	1	0	0	0	0	0	0	0	0	0
C	Marios	26	137	5	1	42____	98400	1	3	0	0	0	0	0	0	0	0	0
C	Marios	26	137	5	1	42____	101400	3	1	0	0	0	0	0	0	0	0	0
C	Marios	26	137	5	1	42____	104100	1	2	0	0	0	0	0	0	0	0	0
C	Marios	26	137	5	1	42____	107100	2	1	0	0	0	0	0	0	0	0	0
C	Marios	26	137	5	1	42____	111150	1	3	0	0	0	0	0	0	0	0	0
C	Marios	26	137	5	1	42____	114150	3	1	0	0	0	0	0	0	0	0	0
C	Marios	26	137	5	1	42____	119550	1	2	0	0	0	0	0	0	0	0	0
C	Marios	26	137	5	1	42____	122550	2	1	0	0	0	0	0	0	0	0	0
C	Marios	26	137	5	1	42____	126150	1	2	0	0	0	0	0	0	0	0	0
C	Marios	26	137	5	1	42____	126626	2	0	0	1	0	0	0	0	0	0	0
C	Marios	26	137	5	1	42____	126634	2	0	0	0	0	0	0	1	0	0	0
C	Marios	26	137	5	1	42____	126674	2	4	1	1	0	0	0	0	0	0	0
C	Marios	26	137	5	1	42____	126780	4	0	0	0	0	0	0	1	0	0	0
C	Marios	26	137	5	1	42____	126924	4	2	0	0	0	0	0	0	0	0	0
C	Marios	26	137	5	1	42____	129150	2	1	0	0	0	0	0	0	0	0	0
C	Marios	26	137	5	1	42____	135000	1	3	0	0	0	0	0	0	0	0	0
C	Marios	26	137	5	1	42____	138000	3	1	0	0	0	0	0	0	0	0	0
C	Marios	26	137	5	1	42____	142500	1	2	0	0	0	0	0	0	0	0	0
C	Marios	26	137	5	1	42____	145500	2	1	0	0	0	0	0	0	0	0	0
C	Marios	26	137	5	1	42____	152250	1	3	0	0	0	0	0	0	0	0	0
C	Marios	26	137	5	1	42____	155250	3	1	0	0	0	0	0	0	0	0	0
C	Marios	26	137	5	1	42____	161550	1	3	0	0	0	0	0	0	0	0	0
C	Marios	26	137	5	1	42____	164550	3	1	0	0	0	0	0	0	0	0	0
C	Marios	26	137	5	1	42____	169050	1	2	0	0	0	0	0	0	0	0	0
C	Marios	26	137	5	1	42____	172050	2	1	0	0	0	0	0	0	0	0	0
C	Marios	26	137	5	1	42____	174300	1	2	0	0	0	0	0	0	0	0	0
C	Marios	26	137	5	1	42____	177300	2	1	0	0	0	0	0	0	0	0	0
C	Marios	26	137	5	1	42____	182250	1	3	0	0	0	0	0	0	0	0	0
C	Marios	26	137	5	1	42____	185250	3	6	0	0	0	0	0	0	0	0	0
C	Marios	26	137	5	1	42____	188250	6	-1	0	0	0	0	0	0	0	0	0
C	Marios	26	137	6	1	44____	0	0	1	0	0	0	0	0	0	0	0	0
C	Marios	26	137	6	1	44____	3150	1	3	0	0	0	0	0	0	0	0	0
C	Marios	26	137	6	1	44____	6150	3	1	0	0	0	0	0	0	0	0	0
C	Marios	26	137	6	1	44____	11100	1	2	0	0	0	0	0	0	0	0	0
C	Marios	26	137	6	1	44____	14100	2	1	0	0	0	0	0	0	0	0	0
C	Marios	26	137	6	1	44____	19500	1	2	0	0	0	0	0	0	0	0	0
C	Marios	26	137	6	1	44____	19797	2	0	0	1	0	0	0	0	0	0	0
C	Marios	26	137	6	1	44____	19802	2	0	0	0	0	0	0	1	0	0	0
C	Marios	26	137	6	1	44____	22500	2	1	0	0	0	0	0	0	0	0	0
C	Marios	26	137	6	1	44____	26100	1	3	0	0	0	0	0	0	0	0	0
C	Marios	26	137	6	1	44____	29100	3	1	0	0	0	0	0	0	0	0	0
C	Marios	26	137	6	1	44____	31350	1	2	0	0	0	0	0	0	0	0	0
C	Marios	26	137	6	1	44____	34350	2	1	0	0	0	0	0	0	0	0	0
C	Marios	26	137	6	1	44____	38850	1	3	0	0	0	0	0	0	0	0	0
C	Marios	26	137	6	1	44____	41850	3	1	0	0	0	0	0	0	0	0	0
C	Marios	26	137	6	1	44____	45900	1	3	0	0	0	0	0	0	0	0	0
C	Marios	26	137	6	1	44____	48900	3	1	0	0	0	0	0	0	0	0	0
C	Marios	26	137	6	1	44____	55650	1	2	0	0	0	0	0	0	0	0	0
C	Marios	26	137	6	1	44____	58650	2	1	0	0	0	0	0	0	0	0	0
C	Marios	26	137	6	1	44____	64950	1	2	0	0	0	0	0	0	0	0	0
C	Marios	26	137	6	1	44____	67950	2	1	0	0	0	0	0	0	0	0	0
C	Marios	26	137	6	1	44____	70650	1	3	0	0	0	0	0	0	0	0	0
C	Marios	26	137	6	1	44____	71861	3	0	0	0	1	0	0	0	0	0	0
C	Marios	26	137	6	1	44____	71866	3	0	0	0	0	0	0	0	1	0	0
C	Marios	26	137	6	1	44____	71888	3	0	0	0	1	0	0	0	0	0	0
C	Marios	26	137	6	1	44____	71892	3	0	0	0	0	0	0	0	1	0	0
C	Marios	26	137	6	1	44____	71912	3	5	2	0	1	0	0	0	0	0	0
C	Marios	26	137	6	1	44____	71915	5	0	0	0	0	0	0	0	1	0	0
C	Marios	26	137	6	1	44____	71919	5	0	0	0	1	0	0	0	0	0	0
C	Marios	26	137	6	1	44____	71925	5	0	0	0	0	0	0	0	1	0	0
C	Marios	26	137	6	1	44____	71930	5	0	0	0	1	0	0	0	0	0	0
C	Marios	26	137	6	1	44____	71933	5	0	0	0	0	0	0	0	1	0	0
C	Marios	26	137	6	1	44____	72162	5	3	0	0	0	0	0	0	0	0	0
C	Marios	26	137	6	1	44____	73650	3	1	0	0	0	0	0	0	0	0	0
C	Marios	26	137	6	1	44____	79500	1	3	0	0	0	0	0	0	0	0	0
C	Marios	26	137	6	1	44____	82126	3	0	0	0	1	0	0	0	0	0	0
C	Marios	26	137	6	1	44____	82128	3	0	0	0	0	0	0	0	1	0	0
C	Marios	26	137	6	1	44____	82175	3	5	2	0	1	0	0	0	0	0	0
C	Marios	26	137	6	1	44____	82187	5	0	0	0	0	0	0	0	1	0	0
C	Marios	26	137	6	1	44____	82207	5	0	0	0	1	0	0	0	0	0	0
C	Marios	26	137	6	1	44____	82209	5	0	0	0	0	0	0	0	1	0	0
C	Marios	26	137	6	1	44____	82261	5	0	0	0	1	0	0	0	0	0	0
C	Marios	26	137	6	1	44____	82265	5	0	0	0	0	0	0	0	1	0	0
C	Marios	26	137	6	1	44____	82269	5	0	0	0	1	0	0	0	0	0	0
C	Marios	26	137	6	1	44____	82272	5	0	0	0	0	0	0	0	1	0	0
C	Marios	26	137	6	1	44____	82275	5	0	0	0	1	0	0	0	0	0	0
C	Marios	26	137	6	1	44____	82278	5	0	0	0	0	0	0	0	1	0	0
C	Marios	26	137	6	1	44____	82425	5	3	0	0	0	0	0	0	0	0	0
C	Marios	26	137	6	1	44____	82500	3	1	0	0	0	0	0	0	0	0	0
C	Marios	26	137	6	1	44____	87000	1	2	0	0	0	0	0	0	0	0	0
C	Marios	26	137	6	1	44____	87329	2	0	0	1	0	0	0	0	0	0	0
C	Marios	26	137	6	1	44____	87352	2	0	0	0	0	0	0	1	0	0	0
C	Marios	26	137	6	1	44____	87372	2	4	1	1	0	0	0	0	0	0	0
C	Marios	26	137	6	1	44____	87382	4	0	0	0	0	0	0	1	0	0	0
C	Marios	26	137	6	1	44____	87412	4	0	0	1	0	0	0	0	0	0	0
C	Marios	26	137	6	1	44____	87433	4	0	0	0	0	0	0	1	0	0	0
C	Marios	26	137	6	1	44____	87443	4	0	0	1	0	0	0	0	0	0	0
C	Marios	26	137	6	1	44____	87454	4	0	0	0	0	0	0	1	0	0	0
C	Marios	26	137	6	1	44____	87487	4	0	0	1	0	0	0	0	0	0	0
C	Marios	26	137	6	1	44____	87516	4	0	0	0	0	0	0	1	0	0	0
C	Marios	26	137	6	1	44____	87547	4	0	0	1	0	0	0	0	0	0	0
C	Marios	26	137	6	1	44____	87601	4	0	0	0	0	0	0	1	0	0	0
C	Marios	26	137	6	1	44____	87605	4	0	0	1	0	0	0	0	0	0	0
C	Marios	26	137	6	1	44____	87622	4	2	0	0	0	0	0	0	0	0	0
C	Marios	26	137	6	1	44____	87655	2	0	0	0	0	0	0	1	0	0	0
C	Marios	26	137	6	1	44____	87661	2	0	0	1	0	0	0	0	0	0	0
C	Marios	26	137	6	1	44____	87679	2	0	0	0	0	0	0	1	0	0	0
C	Marios	26	137	6	1	44____	87681	2	0	0	1	0	0	0	0	0	0	0
C	Marios	26	137	6	1	44____	87747	2	0	0	0	0	0	0	1	0	0	0
C	Marios	26	137	6	1	44____	87750	2	4	1	1	0	0	0	0	0	0	0
C	Marios	26	137	6	1	44____	87760	4	0	0	0	0	0	0	1	0	0	0
C	Marios	26	137	6	1	44____	87770	4	0	0	1	0	0	0	0	0	0	0
C	Marios	26	137	6	1	44____	87818	4	0	0	0	0	0	0	1	0	0	0
C	Marios	26	137	6	1	44____	87854	4	0	0	1	0	0	0	0	0	0	0
C	Marios	26	137	6	1	44____	87859	4	0	0	0	0	0	0	1	0	0	0
C	Marios	26	137	6	1	44____	87868	4	0	0	1	0	0	0	0	0	0	0
C	Marios	26	137	6	1	44____	87871	4	0	0	0	0	0	0	1	0	0	0
C	Marios	26	137	6	1	44____	88000	4	2	0	0	0	0	0	0	0	0	0
C	Marios	26	137	6	1	44____	88002	2	4	1	1	0	0	0	0	0	0	0
C	Marios	26	137	6	1	44____	88013	4	0	0	0	0	0	0	1	0	0	0
C	Marios	26	137	6	1	44____	88252	4	2	0	0	0	0	0	0	0	0	0
C	Marios	26	137	6	1	44____	88959	2	0	0	1	0	0	0	0	0	0	0
C	Marios	26	137	6	1	44____	88962	2	0	0	0	0	0	0	1	0	0	0
C	Marios	26	137	6	1	44____	89281	2	0	0	1	0	0	0	0	0	0	0
C	Marios	26	137	6	1	44____	89296	2	0	0	0	0	0	0	1	0	0	0
C	Marios	26	137	6	1	44____	89300	2	4	1	1	0	0	0	0	0	0	0
C	Marios	26	137	6	1	44____	89308	4	0	0	0	0	0	0	1	0	0	0
C	Marios	26	137	6	1	44____	89313	4	0	0	1	0	0	0	0	0	0	0
C	Marios	26	137	6	1	44____	89315	4	0	0	0	0	0	0	1	0	0	0
C	Marios	26	137	6	1	44____	89550	4	2	0	0	0	0	0	0	0	0	0
C	Marios	26	137	6	1	44____	89733	2	0	0	1	0	0	0	0	0	0	0
C	Marios	26	137	6	1	44____	89743	2	0	0	0	0	0	0	1	0	0	0
C	Marios	26	137	6	1	44____	89850	2	4	1	1	0	0	0	0	0	0	0
C	Marios	26	137	6	1	44____	89855	4	0	0	0	0	0	0	1	0	0	0
C	Marios	26	137	6	1	44____	90000	4	6	0	0	0	0	0	0	0	0	0
C	Marios	26	137	6	1	44____	92250	6	2	0	0	0	0	0	0	0	0	0
C	Marios	26	137	6	1	44____	92263	2	4	1	1	0	0	0	0	0	0	0
C	Marios	26	137	6	1	44____	92275	4	0	0	0	0	0	0	1	0	0	0
C	Marios	26	137	6	1	44____	92430	4	0	0	1	0	0	0	0	0	0	0
C	Marios	26	137	6	1	44____	92439	4	0	0	0	0	0	0	1	0	0	0
C	Marios	26	137	6	1	44____	92463	4	0	0	1	0	0	0	0	0	0	0
C	Marios	26	137	6	1	44____	92467	4	0	0	0	0	0	0	1	0	0	0
C	Marios	26	137	6	1	44____	92480	4	0	0	1	0	0	0	0	0	0	0
C	Marios	26	137	6	1	44____	92513	4	2	0	0	0	0	0	0	0	0	0
C	Marios	26	137	6	1	44____	92533	2	0	0	0	0	0	0	1	0	0	0
C	Marios	26	137	6	1	44____	92564	2	0	0	1	0	0	0	0	0	0	0
C	Marios	26	137	6	1	44____	92643	2	0	0	0	0	0	0	1	0	0	0
C	Marios	26	137	6	1	44____	95250	2	1	0	0	0	0	0	0	0	0	0
C	Marios	26	137	6	1	44____	97500	1	2	0	0	0	0	0	0	0	0	0
C	Marios	26	137	6	1	44____	100500	2	1	0	0	0	0	0	0	0	0	0
C	Marios	26	137	6	1	44____	104550	1	3	0	0	0	0	0	0	0	0	0
C	Marios	26	137	6	1	44____	107550	3	1	0	0	0	0	0	0	0	0	0
C	Marios	26	137	6	1	44____	113850	1	3	0	0	0	0	0	0	0	0	0
C	Marios	26	137	6	1	44____	116850	3	1	0	0	0	0	0	0	0	0	0
C	Marios	26	137	6	1	44____	123600	1	2	0	0	0	0	0	0	0	0	0
C	Marios	26	137	6	1	44____	126600	2	1	0	0	0	0	0	0	0	0	0
C	Marios	26	137	6	1	44____	131100	1	2	0	0	0	0	0	0	0	0	0
C	Marios	26	137	6	1	44____	134100	2	1	0	0	0	0	0	0	0	0	0
C	Marios	26	137	6	1	44____	139500	1	3	0	0	0	0	0	0	0	0	0
C	Marios	26	137	6	1	44____	142500	3	1	0	0	0	0	0	0	0	0	0
C	Marios	26	137	6	1	44____	145200	1	2	0	0	0	0	0	0	0	0	0
C	Marios	26	137	6	1	44____	148200	2	1	0	0	0	0	0	0	0	0	0
C	Marios	26	137	6	1	44____	154050	1	3	0	0	0	0	0	0	0	0	0
C	Marios	26	137	6	1	44____	157050	3	1	0	0	0	0	0	0	0	0	0
C	Marios	26	137	6	1	44____	160200	1	2	0	0	0	0	0	0	0	0	0
C	Marios	26	137	6	1	44____	163200	2	1	0	0	0	0	0	0	0	0	0
C	Marios	26	137	6	1	44____	167700	1	3	0	0	0	0	0	0	0	0	0
C	Marios	26	137	6	1	44____	170700	3	1	0	0	0	0	0	0	0	0	0
C	Marios	26	137	6	1	44____	174300	1	2	0	0	0	0	0	0	0	0	0
C	Marios	26	137	6	1	44____	177300	2	1	0	0	0	0	0	0	0	0	0
C	Marios	26	137	6	1	44____	182250	1	3	0	0	0	0	0	0	0	0	0
C	Marios	26	137	6	1	44____	185250	3	6	0	0	0	0	0	0	0	0	0
C	Marios	26	137	6	1	44____	188250	6	-1	0	0	0	0	0	0	0	0	0
