Project	UserID	Protocol	Session	Station	Run	Subject	Time	Current State	Transition State	Transition Event	A1 - LLR	A2 - RLR	A3 - MAG	A4 - 	A[1] LLR_OFF	A[2] RLR_OFF	A[3] MAG_OFF	A[4] 
C	Marios	29	138	9	1	24____	0	0	1	0	0	0	0	0	0	0	0	0
C	Marios	29	138	9	1	24____	5400	1	3	0	0	0	0	0	0	0	0	0
C	Marios	29	138	9	1	24____	5817	3	0	0	0	1	0	0	0	0	0	0
C	Marios	29	138	9	1	24____	5844	3	0	0	0	0	0	0	0	1	0	0
C	Marios	29	138	9	1	24____	5891	3	0	0	0	1	0	0	0	0	0	0
C	Marios	29	138	9	1	24____	5902	3	0	0	0	0	0	0	0	1	0	0
C	Marios	29	138	9	1	24____	7292	3	8	2	0	1	0	0	0	0	0	0
C	Marios	29	138	9	1	24____	7296	8	0	0	0	0	0	0	0	1	0	0
C	Marios	29	138	9	1	24____	7542	8	3	0	0	0	0	0	0	0	0	0
C	Marios	29	138	9	1	24____	8400	3	1	0	0	0	0	0	0	0	0	0
C	Marios	29	138	9	1	24____	10650	1	2	0	0	0	0	0	0	0	0	0
C	Marios	29	138	9	1	24____	13650	2	1	0	0	0	0	0	0	0	0	0
C	Marios	29	138	9	1	24____	16800	1	2	0	0	0	0	0	0	0	0	0
C	Marios	29	138	9	1	24____	19800	2	1	0	0	0	0	0	0	0	0	0
C	Marios	29	138	9	1	24____	25650	1	3	0	0	0	0	0	0	0	0	0
C	Marios	29	138	9	1	24____	26857	3	0	0	0	1	0	0	0	0	0	0
C	Marios	29	138	9	1	24____	26990	3	0	0	0	0	0	0	0	1	0	0
C	Marios	29	138	9	1	24____	26992	3	0	0	0	1	0	0	0	0	0	0
C	Marios	29	138	9	1	24____	26995	3	0	0	0	0	0	0	0	1	0	0
C	Marios	29	138	9	1	24____	27804	3	8	2	0	1	0	0	0	0	0	0
C	Marios	29	138	9	1	24____	27856	8	0	0	0	0	0	0	0	1	0	0
C	Marios	29	138	9	1	24____	27888	8	0	0	0	1	0	0	0	0	0	0
C	Marios	29	138	9	1	24____	27969	8	0	0	0	0	0	0	0	1	0	0
C	Marios	29	138	9	1	24____	28054	8	3	0	0	0	0	0	0	0	0	0
C	Marios	29	138	9	1	24____	28650	3	1	0	0	0	0	0	0	0	0	0
C	Marios	29	138	9	1	24____	33150	1	2	0	0	0	0	0	0	0	0	0
C	Marios	29	138	9	1	24____	33551	2	7	1	1	0	0	0	0	0	0	0
C	Marios	29	138	9	1	24____	33576	7	0	0	0	0	0	0	1	0	0	0
C	Marios	29	138	9	1	24____	33801	7	2	0	0	0	0	0	0	0	0	0
C	Marios	29	138	9	1	24____	36150	2	1	0	0	0	0	0	0	0	0	0
C	Marios	29	138	9	1	24____	40650	1	3	0	0	0	0	0	0	0	0	0
C	Marios	29	138	9	1	24____	43650	3	1	0	0	0	0	0	0	0	0	0
C	Marios	29	138	9	1	24____	50400	1	3	0	0	0	0	0	0	0	0	0
C	Marios	29	138	9	1	24____	53400	3	1	0	0	0	0	0	0	0	0	0
C	Marios	29	138	9	1	24____	57450	1	2	0	0	0	0	0	0	0	0	0
C	Marios	29	138	9	1	24____	58262	2	0	0	1	0	0	0	0	0	0	0
C	Marios	29	138	9	1	24____	58268	2	0	0	0	0	0	0	1	0	0	0
C	Marios	29	138	9	1	24____	58269	2	0	0	1	0	0	0	0	0	0	0
C	Marios	29	138	9	1	24____	58297	2	0	0	0	0	0	0	1	0	0	0
C	Marios	29	138	9	1	24____	58306	2	7	1	1	0	0	0	0	0	0	0
C	Marios	29	138	9	1	24____	58316	7	0	0	0	0	0	0	1	0	0	0
C	Marios	29	138	9	1	24____	58556	7	2	0	0	0	0	0	0	0	0	0
C	Marios	29	138	9	1	24____	58775	2	0	0	1	0	0	0	0	0	0	0
C	Marios	29	138	9	1	24____	58780	2	0	0	0	0	0	0	1	0	0	0
C	Marios	29	138	9	1	24____	58811	2	7	1	1	0	0	0	0	0	0	0
C	Marios	29	138	9	1	24____	58832	7	0	0	0	0	0	0	1	0	0	0
C	Marios	29	138	9	1	24____	59061	7	2	0	0	0	0	0	0	0	0	0
C	Marios	29	138	9	1	24____	59635	2	0	0	1	0	0	0	0	0	0	0
C	Marios	29	138	9	1	24____	59646	2	0	0	0	0	0	0	1	0	0	0
C	Marios	29	138	9	1	24____	59653	2	0	0	1	0	0	0	0	0	0	0
C	Marios	29	138	9	1	24____	59753	2	0	0	0	0	0	0	1	0	0	0
C	Marios	29	138	9	1	24____	60450	2	1	0	0	0	0	0	0	0	0	0
C	Marios	29	138	9	1	24____	63150	1	3	0	0	0	0	0	0	0	0	0
C	Marios	29	138	9	1	24____	66150	3	1	0	0	0	0	0	0	0	0	0
C	Marios	29	138	9	1	24____	69750	1	2	0	0	0	0	0	0	0	0	0
C	Marios	29	138	9	1	24____	70422	2	0	0	1	0	0	0	0	0	0	0
C	Marios	29	138	9	1	24____	70424	2	0	0	0	0	0	0	1	0	0	0
C	Marios	29	138	9	1	24____	70438	2	0	0	1	0	0	0	0	0	0	0
C	Marios	29	138	9	1	24____	70441	2	0	0	0	0	0	0	1	0	0	0
C	Marios	29	138	9	1	24____	70457	2	7	1	1	0	0	0	0	0	0	0
C	Marios	29	138	9	1	24____	70459	7	0	0	0	0	0	0	1	0	0	0
C	Marios	29	138	9	1	24____	70466	7	0	0	1	0	0	0	0	0	0	0
C	Marios	29	138	9	1	24____	70481	7	0	0	0	0	0	0	1	0	0	0
C	Marios	29	138	9	1	24____	70707	7	2	0	0	0	0	0	0	0	0	0
C	Marios	29	138	9	1	24____	71118	2	0	0	1	0	0	0	0	0	0	0
C	Marios	29	138	9	1	24____	71122	2	0	0	0	0	0	0	1	0	0	0
C	Marios	29	138	9	1	24____	71124	2	0	0	1	0	0	0	0	0	0	0
C	Marios	29	138	9	1	24____	71159	2	0	0	0	0	0	0	1	0	0	0
C	Marios	29	138	9	1	24____	71164	2	7	1	1	0	0	0	0	0	0	0
C	Marios	29	138	9	1	24____	71171	7	0	0	0	0	0	0	1	0	0	0
C	Marios	29	138	9	1	24____	71178	7	0	0	1	0	0	0	0	0	0	0
C	Marios	29	138	9	1	24____	71210	7	0	0	0	0	0	0	1	0	0	0
C	Marios	29	138	9	1	24____	71414	7	2	0	0	0	0	0	0	0	0	0
C	Marios	29	138	9	1	24____	71719	2	0	0	1	0	0	0	0	0	0	0
C	Marios	29	138	9	1	24____	71737	2	0	0	0	0	0	0	1	0	0	0
C	Marios	29	138	9	1	24____	71758	2	0	0	1	0	0	0	0	0	0	0
C	Marios	29	138	9	1	24____	71773	2	0	0	0	0	0	0	1	0	0	0
C	Marios	29	138	9	1	24____	71796	2	7	1	1	0	0	0	0	0	0	0
C	Marios	29	138	9	1	24____	71798	7	0	0	0	0	0	0	1	0	0	0
C	Marios	29	138	9	1	24____	72046	7	2	0	0	0	0	0	0	0	0	0
C	Marios	29	138	9	1	24____	72320	2	0	0	1	0	0	0	0	0	0	0
C	Marios	29	138	9	1	24____	72366	2	0	0	0	0	0	0	1	0	0	0
C	Marios	29	138	9	1	24____	72367	2	0	0	1	0	0	0	0	0	0	0
C	Marios	29	138	9	1	24____	72393	2	0	0	0	0	0	0	1	0	0	0
C	Marios	29	138	9	1	24____	72750	2	1	0	0	0	0	0	0	0	0	0
C	Marios	29	138	9	1	24____	79050	1	3	0	0	0	0	0	0	0	0	0
C	Marios	29	138	9	1	24____	80673	3	0	0	0	1	0	0	0	0	0	0
C	Marios	29	138	9	1	24____	80707	3	0	0	0	0	0	0	0	1	0	0
C	Marios	29	138	9	1	24____	80763	3	0	0	0	1	0	0	0	0	0	0
C	Marios	29	138	9	1	24____	80863	3	0	0	0	0	0	0	0	1	0	0
C	Marios	29	138	9	1	24____	80907	3	8	2	0	1	0	0	0	0	0	0
C	Marios	29	138	9	1	24____	80910	8	0	0	0	0	0	0	0	1	0	0
C	Marios	29	138	9	1	24____	80923	8	0	0	0	1	0	0	0	0	0	0
C	Marios	29	138	9	1	24____	80942	8	0	0	0	0	0	0	0	1	0	0
C	Marios	29	138	9	1	24____	81157	8	3	0	0	0	0	0	0	0	0	0
C	Marios	29	138	9	1	24____	82050	3	1	0	0	0	0	0	0	0	0	0
C	Marios	29	138	9	1	24____	87000	1	2	0	0	0	0	0	0	0	0	0
C	Marios	29	138	9	1	24____	90000	2	6	0	0	0	0	0	0	0	0	0
C	Marios	29	138	9	1	24____	93000	6	-1	0	0	0	0	0	0	0	0	0
C	Marios	29	138	2	1	25____	0	0	1	0	0	0	0	0	0	0	0	0
C	Marios	29	138	2	1	25____	5400	1	2	0	0	0	0	0	0	0	0	0
C	Marios	29	138	2	1	25____	8400	2	1	0	0	0	0	0	0	0	0	0
C	Marios	29	138	2	1	25____	12900	1	3	0	0	0	0	0	0	0	0	0
C	Marios	29	138	2	1	25____	15900	3	1	0	0	0	0	0	0	0	0	0
C	Marios	29	138	2	1	25____	20400	1	2	0	0	0	0	0	0	0	0	0
C	Marios	29	138	2	1	25____	23400	2	1	0	0	0	0	0	0	0	0	0
C	Marios	29	138	2	1	25____	27450	1	3	0	0	0	0	0	0	0	0	0
C	Marios	29	138	2	1	25____	30450	3	1	0	0	0	0	0	0	0	0	0
C	Marios	29	138	2	1	25____	34050	1	3	0	0	0	0	0	0	0	0	0
C	Marios	29	138	2	1	25____	37050	3	1	0	0	0	0	0	0	0	0	0
C	Marios	29	138	2	1	25____	39750	1	2	0	0	0	0	0	0	0	0	0
C	Marios	29	138	2	1	25____	42750	2	1	0	0	0	0	0	0	0	0	0
C	Marios	29	138	2	1	25____	49500	1	3	0	0	0	0	0	0	0	0	0
C	Marios	29	138	2	1	25____	52500	3	1	0	0	0	0	0	0	0	0	0
C	Marios	29	138	2	1	25____	55650	1	2	0	0	0	0	0	0	0	0	0
C	Marios	29	138	2	1	25____	58650	2	1	0	0	0	0	0	0	0	0	0
C	Marios	29	138	2	1	25____	64500	1	3	0	0	0	0	0	0	0	0	0
C	Marios	29	138	2	1	25____	67500	3	1	0	0	0	0	0	0	0	0	0
C	Marios	29	138	2	1	25____	72450	1	2	0	0	0	0	0	0	0	0	0
C	Marios	29	138	2	1	25____	74418	2	7	1	1	0	0	0	0	0	0	0
C	Marios	29	138	2	1	25____	74433	7	0	0	0	0	0	0	1	0	0	0
C	Marios	29	138	2	1	25____	74668	7	2	0	0	0	0	0	0	0	0	0
C	Marios	29	138	2	1	25____	75450	2	1	0	0	0	0	0	0	0	0	0
C	Marios	29	138	2	1	25____	77700	1	2	0	0	0	0	0	0	0	0	0
C	Marios	29	138	2	1	25____	78319	2	7	1	1	0	0	0	0	0	0	0
C	Marios	29	138	2	1	25____	78333	7	0	0	0	0	0	0	1	0	0	0
C	Marios	29	138	2	1	25____	78569	7	2	0	0	0	0	0	0	0	0	0
C	Marios	29	138	2	1	25____	80012	2	0	0	1	0	0	0	0	0	0	0
C	Marios	29	138	2	1	25____	80054	2	0	0	0	0	0	0	1	0	0	0
C	Marios	29	138	2	1	25____	80368	2	7	1	1	0	0	0	0	0	0	0
C	Marios	29	138	2	1	25____	80369	7	0	0	0	0	0	0	1	0	0	0
C	Marios	29	138	2	1	25____	80618	7	2	0	0	0	0	0	0	0	0	0
C	Marios	29	138	2	1	25____	80700	2	1	0	0	0	0	0	0	0	0	0
C	Marios	29	138	2	1	25____	87000	1	3	0	0	0	0	0	0	0	0	0
C	Marios	29	138	2	1	25____	90000	3	6	0	0	0	0	0	0	0	0	0
C	Marios	29	138	2	1	25____	93000	6	-1	0	0	0	0	0	0	0	0	0
