Project	UserID	Protocol	Session	Station	Run	Subject	Time	Current State	Transition State	Transition Event	A1 - LLR	A2 - RLR	A3 - MAG	A4 - 	A[1] LLR_OFF	A[2] RLR_OFF	A[3] MAG_OFF	A[4] 
C	Marios	19	107	4	1	5_____	0	0	1	0	0	0	0	0	0	0	0	0
C	Marios	19	107	4	1	5_____	1328	1	0	0	0	0	1	0	0	0	0	0
C	Marios	19	107	4	1	5_____	1356	1	0	0	0	0	0	0	0	0	1	0
C	Marios	19	107	4	1	5_____	2004	1	0	0	0	0	1	0	0	0	0	0
C	Marios	19	107	4	1	5_____	2025	1	0	0	0	0	0	0	0	0	1	0
C	Marios	19	107	4	1	5_____	3167	1	0	0	0	0	1	0	0	0	0	0
C	Marios	19	107	4	1	5_____	3218	1	0	0	0	0	0	0	0	0	1	0
C	Marios	19	107	4	1	5_____	3451	1	0	0	0	0	1	0	0	0	0	0
C	Marios	19	107	4	1	5_____	3466	1	0	0	0	0	0	0	0	0	1	0
C	Marios	19	107	4	1	5_____	7016	1	0	0	0	0	1	0	0	0	0	0
C	Marios	19	107	4	1	5_____	7018	1	0	0	0	0	0	0	0	0	1	0
C	Marios	19	107	4	1	5_____	7033	1	0	0	0	0	1	0	0	0	0	0
C	Marios	19	107	4	1	5_____	7037	1	0	0	0	0	0	0	0	0	1	0
C	Marios	19	107	4	1	5_____	7052	1	0	0	0	0	1	0	0	0	0	0
C	Marios	19	107	4	1	5_____	7058	1	0	0	0	0	0	0	0	0	1	0
C	Marios	19	107	4	1	5_____	7204	1	0	0	0	0	1	0	0	0	0	0
C	Marios	19	107	4	1	5_____	7207	1	0	0	0	0	0	0	0	0	1	0
C	Marios	19	107	4	1	5_____	7229	1	0	0	0	0	1	0	0	0	0	0
C	Marios	19	107	4	1	5_____	7257	1	0	0	0	0	0	0	0	0	1	0
C	Marios	19	107	4	1	5_____	7294	1	0	0	0	0	1	0	0	0	0	0
C	Marios	19	107	4	1	5_____	7417	1	0	0	0	0	0	0	0	0	1	0
C	Marios	19	107	4	1	5_____	7441	1	0	0	0	0	1	0	0	0	0	0
C	Marios	19	107	4	1	5_____	7452	1	0	0	0	0	0	0	0	0	1	0
C	Marios	19	107	4	1	5_____	7500	1	2	0	0	0	0	0	0	0	0	0
C	Marios	19	107	4	1	5_____	8000	2	16	0	0	0	0	0	0	0	0	0
C	Marios	19	107	4	1	5_____	8500	16	15	0	0	0	0	0	0	0	0	0
C	Marios	19	107	4	1	5_____	8700	15	0	0	0	0	1	0	0	0	0	0
C	Marios	19	107	4	1	5_____	8727	15	0	0	0	0	0	0	0	0	1	0
C	Marios	19	107	4	1	5_____	9000	15	1	0	0	0	0	0	0	0	0	0
C	Marios	19	107	4	1	5_____	9192	1	0	0	0	0	1	0	0	0	0	0
C	Marios	19	107	4	1	5_____	9248	1	0	0	0	0	0	0	0	0	1	0
C	Marios	19	107	4	1	5_____	9393	1	0	0	0	0	1	0	0	0	0	0
C	Marios	19	107	4	1	5_____	9437	1	0	0	0	0	0	0	0	0	1	0
C	Marios	19	107	4	1	5_____	9541	1	0	0	0	0	1	0	0	0	0	0
C	Marios	19	107	4	1	5_____	9641	1	0	0	0	0	0	0	0	0	1	0
C	Marios	19	107	4	1	5_____	9973	1	0	0	0	0	1	0	0	0	0	0
C	Marios	19	107	4	1	5_____	9997	1	0	0	0	0	0	0	0	0	1	0
C	Marios	19	107	4	1	5_____	10420	1	0	0	0	0	1	0	0	0	0	0
C	Marios	19	107	4	1	5_____	10460	1	0	0	0	0	0	0	0	0	1	0
C	Marios	19	107	4	1	5_____	14250	1	2	0	0	0	0	0	0	0	0	0
C	Marios	19	107	4	1	5_____	14576	2	0	0	0	0	1	0	0	0	0	0
C	Marios	19	107	4	1	5_____	14601	2	0	0	0	0	0	0	0	0	1	0
C	Marios	19	107	4	1	5_____	14750	2	16	0	0	0	0	0	0	0	0	0
C	Marios	19	107	4	1	5_____	15250	16	15	0	0	0	0	0	0	0	0	0
C	Marios	19	107	4	1	5_____	15750	15	1	0	0	0	0	0	0	0	0	0
C	Marios	19	107	4	1	5_____	16565	1	0	0	0	0	1	0	0	0	0	0
C	Marios	19	107	4	1	5_____	16576	1	0	0	0	0	0	0	0	0	1	0
C	Marios	19	107	4	1	5_____	17908	1	0	0	0	0	1	0	0	0	0	0
C	Marios	19	107	4	1	5_____	17916	1	0	0	0	0	0	0	0	0	1	0
C	Marios	19	107	4	1	5_____	20748	1	0	0	0	0	1	0	0	0	0	0
C	Marios	19	107	4	1	5_____	20778	1	0	0	0	0	0	0	0	0	1	0
C	Marios	19	107	4	1	5_____	21915	1	0	0	0	0	1	0	0	0	0	0
C	Marios	19	107	4	1	5_____	22126	1	0	0	0	0	0	0	0	0	1	0
C	Marios	19	107	4	1	5_____	22397	1	0	0	0	0	1	0	0	0	0	0
C	Marios	19	107	4	1	5_____	22487	1	0	0	0	0	0	0	0	0	1	0
C	Marios	19	107	4	1	5_____	22500	1	2	0	0	0	0	0	0	0	0	0
C	Marios	19	107	4	1	5_____	22750	2	0	0	0	0	1	0	0	0	0	0
C	Marios	19	107	4	1	5_____	22796	2	0	0	0	0	0	0	0	0	1	0
C	Marios	19	107	4	1	5_____	23000	2	17	0	0	0	0	0	0	0	0	0
C	Marios	19	107	4	1	5_____	23500	17	15	0	0	0	0	0	0	0	0	0
C	Marios	19	107	4	1	5_____	24000	15	1	0	0	0	0	0	0	0	0	0
C	Marios	19	107	4	1	5_____	25306	1	0	0	0	0	1	0	0	0	0	0
C	Marios	19	107	4	1	5_____	25308	1	0	0	0	0	0	0	0	0	1	0
C	Marios	19	107	4	1	5_____	27000	1	2	0	0	0	0	0	0	0	0	0
C	Marios	19	107	4	1	5_____	27500	2	7	0	0	0	0	0	0	0	0	0
C	Marios	19	107	4	1	5_____	27572	7	0	0	0	0	1	0	0	0	0	0
C	Marios	19	107	4	1	5_____	27667	7	0	0	0	0	0	0	0	0	1	0
C	Marios	19	107	4	1	5_____	27776	7	0	0	0	0	1	0	0	0	0	0
C	Marios	19	107	4	1	5_____	27863	7	0	0	0	0	0	0	0	0	1	0
C	Marios	19	107	4	1	5_____	27931	7	0	0	0	0	1	0	0	0	0	0
C	Marios	19	107	4	1	5_____	28000	7	11	0	0	0	0	0	0	0	0	0
C	Marios	19	107	4	1	5_____	28254	11	0	0	0	0	0	0	0	0	1	0
C	Marios	19	107	4	1	5_____	28255	11	0	0	0	0	1	0	0	0	0	0
C	Marios	19	107	4	1	5_____	28296	11	0	0	0	0	0	0	0	0	1	0
C	Marios	19	107	4	1	5_____	28345	11	0	0	0	0	1	0	0	0	0	0
C	Marios	19	107	4	1	5_____	28349	11	0	0	0	0	0	0	0	0	1	0
C	Marios	19	107	4	1	5_____	28500	11	1	0	0	0	0	0	0	0	0	0
C	Marios	19	107	4	1	5_____	28985	1	0	0	0	0	1	0	0	0	0	0
C	Marios	19	107	4	1	5_____	29002	1	0	0	0	0	0	0	0	0	1	0
C	Marios	19	107	4	1	5_____	30305	1	0	0	0	0	1	0	0	0	0	0
C	Marios	19	107	4	1	5_____	30447	1	0	0	0	0	0	0	0	0	1	0
C	Marios	19	107	4	1	5_____	30780	1	0	0	0	0	1	0	0	0	0	0
C	Marios	19	107	4	1	5_____	30816	1	0	0	0	0	0	0	0	0	1	0
C	Marios	19	107	4	1	5_____	30818	1	0	0	0	0	1	0	0	0	0	0
C	Marios	19	107	4	1	5_____	30859	1	0	0	0	0	0	0	0	0	1	0
C	Marios	19	107	4	1	5_____	32000	1	2	0	0	0	0	0	0	0	0	0
C	Marios	19	107	4	1	5_____	32500	2	6	0	0	0	0	0	0	0	0	0
C	Marios	19	107	4	1	5_____	32588	6	0	0	0	0	1	0	0	0	0	0
C	Marios	19	107	4	1	5_____	32693	6	0	0	0	0	0	0	0	0	1	0
C	Marios	19	107	4	1	5_____	32807	6	0	0	0	0	1	0	0	0	0	0
C	Marios	19	107	4	1	5_____	32943	6	0	0	0	0	0	0	0	0	1	0
C	Marios	19	107	4	1	5_____	33000	6	10	0	0	0	0	0	0	0	0	0
C	Marios	19	107	4	1	5_____	33019	10	0	0	0	0	1	0	0	0	0	0
C	Marios	19	107	4	1	5_____	33126	10	0	0	0	0	0	0	0	0	1	0
C	Marios	19	107	4	1	5_____	33127	10	0	0	0	0	1	0	0	0	0	0
C	Marios	19	107	4	1	5_____	33132	10	0	0	0	0	0	0	0	0	1	0
C	Marios	19	107	4	1	5_____	33133	10	0	0	0	0	1	0	0	0	0	0
C	Marios	19	107	4	1	5_____	33135	10	0	0	0	0	0	0	0	0	1	0
C	Marios	19	107	4	1	5_____	33261	10	0	0	0	0	1	0	0	0	0	0
C	Marios	19	107	4	1	5_____	33263	10	0	0	0	0	0	0	0	0	1	0
C	Marios	19	107	4	1	5_____	33273	10	0	0	0	0	1	0	0	0	0	0
C	Marios	19	107	4	1	5_____	33500	10	1	0	0	0	0	0	0	0	0	0
C	Marios	19	107	4	1	5_____	33706	1	0	0	0	0	0	0	0	0	1	0
C	Marios	19	107	4	1	5_____	33709	1	0	0	0	0	1	0	0	0	0	0
C	Marios	19	107	4	1	5_____	33726	1	0	0	0	0	0	0	0	0	1	0
C	Marios	19	107	4	1	5_____	33889	1	0	0	0	0	1	0	0	0	0	0
C	Marios	19	107	4	1	5_____	34056	1	0	0	0	0	0	0	0	0	1	0
C	Marios	19	107	4	1	5_____	34220	1	0	0	0	0	1	0	0	0	0	0
C	Marios	19	107	4	1	5_____	34289	1	0	0	0	0	0	0	0	0	1	0
C	Marios	19	107	4	1	5_____	34751	1	0	0	0	0	1	0	0	0	0	0
C	Marios	19	107	4	1	5_____	34829	1	0	0	0	0	0	0	0	0	1	0
C	Marios	19	107	4	1	5_____	35375	1	0	0	0	0	1	0	0	0	0	0
C	Marios	19	107	4	1	5_____	35400	1	0	0	0	0	0	0	0	0	1	0
C	Marios	19	107	4	1	5_____	35694	1	0	0	0	0	1	0	0	0	0	0
C	Marios	19	107	4	1	5_____	35784	1	0	0	0	0	0	0	0	0	1	0
C	Marios	19	107	4	1	5_____	36294	1	0	0	0	0	1	0	0	0	0	0
C	Marios	19	107	4	1	5_____	36331	1	0	0	0	0	0	0	0	0	1	0
C	Marios	19	107	4	1	5_____	36368	1	0	0	0	0	1	0	0	0	0	0
C	Marios	19	107	4	1	5_____	36437	1	0	0	0	0	0	0	0	0	1	0
C	Marios	19	107	4	1	5_____	36803	1	0	0	0	0	1	0	0	0	0	0
C	Marios	19	107	4	1	5_____	36815	1	0	0	0	0	0	0	0	0	1	0
C	Marios	19	107	4	1	5_____	36841	1	0	0	0	0	1	0	0	0	0	0
C	Marios	19	107	4	1	5_____	36869	1	0	0	0	0	0	0	0	0	1	0
C	Marios	19	107	4	1	5_____	37543	1	0	0	0	0	1	0	0	0	0	0
C	Marios	19	107	4	1	5_____	37663	1	0	0	0	0	0	0	0	0	1	0
C	Marios	19	107	4	1	5_____	37912	1	0	0	0	0	1	0	0	0	0	0
C	Marios	19	107	4	1	5_____	38208	1	0	0	0	0	0	0	0	0	1	0
C	Marios	19	107	4	1	5_____	38319	1	0	0	0	0	1	0	0	0	0	0
C	Marios	19	107	4	1	5_____	38334	1	0	0	0	0	0	0	0	0	1	0
C	Marios	19	107	4	1	5_____	38490	1	0	0	0	0	1	0	0	0	0	0
C	Marios	19	107	4	1	5_____	38542	1	0	0	0	0	1	0	0	0	1	0
C	Marios	19	107	4	1	5_____	38558	1	0	0	0	0	0	0	0	0	1	0
C	Marios	19	107	4	1	5_____	38584	1	0	0	0	0	1	0	0	0	0	0
C	Marios	19	107	4	1	5_____	38601	1	0	0	0	0	0	0	0	0	1	0
C	Marios	19	107	4	1	5_____	39000	1	2	0	0	0	0	0	0	0	0	0
C	Marios	19	107	4	1	5_____	39500	2	17	0	0	0	0	0	0	0	0	0
C	Marios	19	107	4	1	5_____	40000	17	15	0	0	0	0	0	0	0	0	0
C	Marios	19	107	4	1	5_____	40472	15	0	0	0	0	1	0	0	0	0	0
C	Marios	19	107	4	1	5_____	40500	15	1	0	0	0	0	0	0	0	0	0
C	Marios	19	107	4	1	5_____	40552	1	0	0	0	0	0	0	0	0	1	0
C	Marios	19	107	4	1	5_____	41540	1	0	0	0	0	1	0	0	0	0	0
C	Marios	19	107	4	1	5_____	41574	1	0	0	0	0	0	0	0	0	1	0
C	Marios	19	107	4	1	5_____	42421	1	0	0	0	0	1	0	0	0	0	0
C	Marios	19	107	4	1	5_____	42826	1	0	0	0	0	0	0	0	0	1	0
C	Marios	19	107	4	1	5_____	43685	1	0	0	0	0	1	0	0	0	0	0
C	Marios	19	107	4	1	5_____	43808	1	0	0	0	0	0	0	0	0	1	0
C	Marios	19	107	4	1	5_____	43943	1	0	0	0	0	1	0	0	0	0	0
C	Marios	19	107	4	1	5_____	44038	1	0	0	0	0	0	0	0	0	1	0
C	Marios	19	107	4	1	5_____	44250	1	2	0	0	0	0	0	0	0	0	0
C	Marios	19	107	4	1	5_____	44593	2	0	0	0	0	1	0	0	0	0	0
C	Marios	19	107	4	1	5_____	44750	2	17	0	0	0	0	0	0	0	1	0
C	Marios	19	107	4	1	5_____	45250	17	15	0	0	0	0	0	0	0	0	0
C	Marios	19	107	4	1	5_____	45462	15	0	0	0	0	1	0	0	0	0	0
C	Marios	19	107	4	1	5_____	45507	15	0	0	0	0	0	0	0	0	1	0
C	Marios	19	107	4	1	5_____	45750	15	1	0	0	0	0	0	0	0	0	0
C	Marios	19	107	4	1	5_____	46409	1	0	0	0	0	1	0	0	0	0	0
C	Marios	19	107	4	1	5_____	46426	1	0	0	0	0	0	0	0	0	1	0
C	Marios	19	107	4	1	5_____	46945	1	0	0	0	0	1	0	0	0	0	0
C	Marios	19	107	4	1	5_____	47110	1	0	0	0	0	0	0	0	0	1	0
C	Marios	19	107	4	1	5_____	47278	1	0	0	0	0	1	0	0	0	0	0
C	Marios	19	107	4	1	5_____	47388	1	0	0	0	0	0	0	0	0	1	0
C	Marios	19	107	4	1	5_____	47570	1	0	0	0	0	1	0	0	0	0	0
C	Marios	19	107	4	1	5_____	47667	1	0	0	0	0	0	0	0	0	1	0
C	Marios	19	107	4	1	5_____	48662	1	0	0	0	0	1	0	0	0	0	0
C	Marios	19	107	4	1	5_____	48993	1	0	0	0	0	0	0	0	0	1	0
C	Marios	19	107	4	1	5_____	49817	1	0	0	0	0	1	0	0	0	0	0
C	Marios	19	107	4	1	5_____	50250	1	2	0	0	0	0	0	0	0	0	0
C	Marios	19	107	4	1	5_____	50329	2	0	0	0	0	0	0	0	0	1	0
C	Marios	19	107	4	1	5_____	50750	2	17	0	0	0	0	0	0	0	0	0
C	Marios	19	107	4	1	5_____	51250	17	15	0	0	0	0	0	0	0	0	0
C	Marios	19	107	4	1	5_____	51750	15	1	0	0	0	0	0	0	0	0	0
C	Marios	19	107	4	1	5_____	51783	1	0	0	0	0	1	0	0	0	0	0
C	Marios	19	107	4	1	5_____	51866	1	0	0	0	0	0	0	0	0	1	0
C	Marios	19	107	4	1	5_____	53193	1	0	0	0	0	1	0	0	0	0	0
C	Marios	19	107	4	1	5_____	53204	1	0	0	0	0	0	0	0	0	1	0
C	Marios	19	107	4	1	5_____	53250	1	0	0	0	0	1	0	0	0	0	0
C	Marios	19	107	4	1	5_____	53255	1	0	0	0	0	0	0	0	0	1	0
C	Marios	19	107	4	1	5_____	53709	1	0	0	0	0	1	0	0	0	0	0
C	Marios	19	107	4	1	5_____	53750	1	0	0	0	0	0	0	0	0	1	0
C	Marios	19	107	4	1	5_____	54701	1	0	0	0	0	1	0	0	0	0	0
C	Marios	19	107	4	1	5_____	54714	1	0	0	0	0	0	0	0	0	1	0
C	Marios	19	107	4	1	5_____	55768	1	0	0	0	0	1	0	0	0	0	0
C	Marios	19	107	4	1	5_____	55807	1	0	0	0	0	0	0	0	0	1	0
C	Marios	19	107	4	1	5_____	56250	1	2	0	0	0	0	0	0	0	0	0
C	Marios	19	107	4	1	5_____	56750	2	16	0	0	0	0	0	0	0	0	0
C	Marios	19	107	4	1	5_____	57250	16	15	0	0	0	0	0	0	0	0	0
C	Marios	19	107	4	1	5_____	57750	15	1	0	0	0	0	0	0	0	0	0
C	Marios	19	107	4	1	5_____	58327	1	0	0	0	0	1	0	0	0	0	0
C	Marios	19	107	4	1	5_____	58331	1	0	0	0	0	0	0	0	0	1	0
C	Marios	19	107	4	1	5_____	58420	1	0	0	0	0	1	0	0	0	0	0
C	Marios	19	107	4	1	5_____	58468	1	0	0	0	0	0	0	0	0	1	0
C	Marios	19	107	4	1	5_____	58617	1	0	0	0	0	1	0	0	0	0	0
C	Marios	19	107	4	1	5_____	58879	1	0	0	0	0	0	0	0	0	1	0
C	Marios	19	107	4	1	5_____	59250	1	2	0	0	0	0	0	0	0	0	0
C	Marios	19	107	4	1	5_____	59750	2	6	0	0	0	0	0	0	0	0	0
C	Marios	19	107	4	1	5_____	59792	6	0	0	0	0	1	0	0	0	0	0
C	Marios	19	107	4	1	5_____	59798	6	0	0	0	0	0	0	0	0	1	0
C	Marios	19	107	4	1	5_____	59849	6	0	0	0	0	1	0	0	0	0	0
C	Marios	19	107	4	1	5_____	60026	6	0	0	0	0	0	0	0	0	1	0
C	Marios	19	107	4	1	5_____	60096	6	0	0	0	0	1	0	0	0	0	0
C	Marios	19	107	4	1	5_____	60149	6	0	0	0	0	0	0	0	0	1	0
C	Marios	19	107	4	1	5_____	60250	6	10	0	0	0	0	0	0	0	0	0
C	Marios	19	107	4	1	5_____	60403	10	0	0	0	0	1	0	0	0	0	0
C	Marios	19	107	4	1	5_____	60559	10	0	0	0	0	0	0	0	0	1	0
C	Marios	19	107	4	1	5_____	60733	10	0	0	0	0	1	0	0	0	0	0
C	Marios	19	107	4	1	5_____	60750	10	1	0	0	0	0	0	0	0	0	0
C	Marios	19	107	4	1	5_____	60756	1	0	0	0	0	0	0	0	0	1	0
C	Marios	19	107	4	1	5_____	62056	1	0	0	0	0	1	0	0	0	0	0
C	Marios	19	107	4	1	5_____	62065	1	0	0	0	0	0	0	0	0	1	0
C	Marios	19	107	4	1	5_____	63089	1	0	0	0	0	1	0	0	0	0	0
C	Marios	19	107	4	1	5_____	63324	1	0	0	0	0	0	0	0	0	1	0
C	Marios	19	107	4	1	5_____	63860	1	0	0	0	0	1	0	0	0	0	0
C	Marios	19	107	4	1	5_____	63864	1	0	0	0	0	0	0	0	0	1	0
C	Marios	19	107	4	1	5_____	66350	1	0	0	0	0	1	0	0	0	0	0
C	Marios	19	107	4	1	5_____	66352	1	0	0	0	0	0	0	0	0	1	0
C	Marios	19	107	4	1	5_____	66354	1	0	0	0	0	1	0	0	0	0	0
C	Marios	19	107	4	1	5_____	66479	1	0	0	0	0	0	0	0	0	1	0
C	Marios	19	107	4	1	5_____	66750	1	2	0	0	0	0	0	0	0	0	0
C	Marios	19	107	4	1	5_____	66797	2	0	0	0	0	1	0	0	0	0	0
C	Marios	19	107	4	1	5_____	66802	2	0	0	0	0	0	0	0	0	1	0
C	Marios	19	107	4	1	5_____	67250	2	16	0	0	0	0	0	0	0	0	0
C	Marios	19	107	4	1	5_____	67681	16	0	0	0	0	1	0	0	0	0	0
C	Marios	19	107	4	1	5_____	67696	16	0	0	0	0	0	0	0	0	1	0
C	Marios	19	107	4	1	5_____	67750	16	15	0	0	0	0	0	0	0	0	0
C	Marios	19	107	4	1	5_____	68250	15	1	0	0	0	0	0	0	0	0	0
C	Marios	19	107	4	1	5_____	70500	1	2	0	0	0	0	0	0	0	0	0
C	Marios	19	107	4	1	5_____	71000	2	7	0	0	0	0	0	0	0	0	0
C	Marios	19	107	4	1	5_____	71500	7	11	0	0	0	0	0	0	0	0	0
C	Marios	19	107	4	1	5_____	71512	11	0	0	0	0	1	0	0	0	0	0
C	Marios	19	107	4	1	5_____	71853	11	0	0	0	0	0	0	0	0	1	0
C	Marios	19	107	4	1	5_____	72000	11	1	0	0	0	0	0	0	0	0	0
C	Marios	19	107	4	1	5_____	72203	1	0	0	0	0	1	0	0	0	0	0
C	Marios	19	107	4	1	5_____	72220	1	0	0	0	0	0	0	0	0	1	0
C	Marios	19	107	4	1	5_____	72224	1	0	0	0	0	1	0	0	0	0	0
C	Marios	19	107	4	1	5_____	72226	1	0	0	0	0	0	0	0	0	1	0
C	Marios	19	107	4	1	5_____	72272	1	0	0	0	0	1	0	0	0	0	0
C	Marios	19	107	4	1	5_____	72281	1	0	0	0	0	0	0	0	0	1	0
C	Marios	19	107	4	1	5_____	72286	1	0	0	0	0	1	0	0	0	0	0
C	Marios	19	107	4	1	5_____	72287	1	0	0	0	0	0	0	0	0	1	0
C	Marios	19	107	4	1	5_____	72293	1	0	0	0	0	1	0	0	0	0	0
C	Marios	19	107	4	1	5_____	72296	1	0	0	0	0	0	0	0	0	1	0
C	Marios	19	107	4	1	5_____	72298	1	0	0	0	0	1	0	0	0	0	0
C	Marios	19	107	4	1	5_____	72315	1	0	0	0	0	0	0	0	0	1	0
C	Marios	19	107	4	1	5_____	72317	1	0	0	0	0	1	0	0	0	0	0
C	Marios	19	107	4	1	5_____	72331	1	0	0	0	0	0	0	0	0	1	0
C	Marios	19	107	4	1	5_____	72334	1	0	0	0	0	1	0	0	0	0	0
C	Marios	19	107	4	1	5_____	72374	1	0	0	0	0	0	0	0	0	1	0
C	Marios	19	107	4	1	5_____	74523	1	0	0	0	0	1	0	0	0	0	0
C	Marios	19	107	4	1	5_____	74672	1	0	0	0	0	0	0	0	0	1	0
C	Marios	19	107	4	1	5_____	75126	1	0	0	0	0	1	0	0	0	0	0
C	Marios	19	107	4	1	5_____	75160	1	0	0	0	0	0	0	0	0	1	0
C	Marios	19	107	4	1	5_____	76363	1	0	0	0	0	1	0	0	0	0	0
C	Marios	19	107	4	1	5_____	76583	1	0	0	0	0	0	0	0	0	1	0
C	Marios	19	107	4	1	5_____	76991	1	0	0	0	0	1	0	0	0	0	0
C	Marios	19	107	4	1	5_____	77375	1	0	0	0	0	0	0	0	0	1	0
C	Marios	19	107	4	1	5_____	78445	1	0	0	0	0	1	0	0	0	0	0
C	Marios	19	107	4	1	5_____	78499	1	0	0	0	0	0	0	0	0	1	0
C	Marios	19	107	4	1	5_____	79500	1	2	0	0	0	0	0	0	0	0	0
C	Marios	19	107	4	1	5_____	79638	2	0	0	0	0	1	0	0	0	0	0
C	Marios	19	107	4	1	5_____	80000	2	16	0	0	0	0	0	0	0	0	0
C	Marios	19	107	4	1	5_____	80008	16	0	0	0	0	0	0	0	0	1	0
C	Marios	19	107	4	1	5_____	80052	16	0	0	0	0	1	0	0	0	0	0
C	Marios	19	107	4	1	5_____	80089	16	0	0	0	0	0	0	0	0	1	0
C	Marios	19	107	4	1	5_____	80218	16	0	0	0	0	1	0	0	0	0	0
C	Marios	19	107	4	1	5_____	80335	16	0	0	0	0	0	0	0	0	1	0
C	Marios	19	107	4	1	5_____	80342	16	0	0	0	0	1	0	0	0	0	0
C	Marios	19	107	4	1	5_____	80369	16	0	0	0	0	0	0	0	0	1	0
C	Marios	19	107	4	1	5_____	80500	16	15	0	0	0	0	0	0	0	0	0
C	Marios	19	107	4	1	5_____	80593	15	0	0	0	0	1	0	0	0	0	0
C	Marios	19	107	4	1	5_____	80798	15	0	0	0	0	0	0	0	0	1	0
C	Marios	19	107	4	1	5_____	81000	15	1	0	0	0	0	0	0	0	0	0
C	Marios	19	107	4	1	5_____	81015	1	0	0	0	0	1	0	0	0	0	0
C	Marios	19	107	4	1	5_____	81090	1	0	0	0	0	0	0	0	0	1	0
C	Marios	19	107	4	1	5_____	81100	1	0	0	0	0	1	0	0	0	0	0
C	Marios	19	107	4	1	5_____	81187	1	0	0	0	0	0	0	0	0	1	0
C	Marios	19	107	4	1	5_____	81962	1	0	0	0	0	1	0	0	0	0	0
C	Marios	19	107	4	1	5_____	82075	1	0	0	0	0	0	0	0	0	1	0
C	Marios	19	107	4	1	5_____	83250	1	2	0	0	0	0	0	0	0	0	0
C	Marios	19	107	4	1	5_____	83750	2	7	0	0	0	0	0	0	0	0	0
C	Marios	19	107	4	1	5_____	83888	7	0	0	0	0	1	0	0	0	0	0
C	Marios	19	107	4	1	5_____	84043	7	0	0	0	0	0	0	0	0	1	0
C	Marios	19	107	4	1	5_____	84183	7	0	0	0	0	1	0	0	0	0	0
C	Marios	19	107	4	1	5_____	84250	7	11	0	0	0	0	0	0	0	0	0
C	Marios	19	107	4	1	5_____	84609	11	0	0	0	0	0	0	0	0	1	0
C	Marios	19	107	4	1	5_____	84612	11	0	0	0	0	1	0	0	0	0	0
C	Marios	19	107	4	1	5_____	84659	11	0	0	0	0	0	0	0	0	1	0
C	Marios	19	107	4	1	5_____	84663	11	0	0	0	0	1	0	0	0	0	0
C	Marios	19	107	4	1	5_____	84750	11	1	0	0	0	0	0	0	0	0	0
C	Marios	19	107	4	1	5_____	84805	1	0	0	0	0	0	0	0	0	1	0
C	Marios	19	107	4	1	5_____	85491	1	0	0	0	0	1	0	0	0	0	0
C	Marios	19	107	4	1	5_____	85582	1	0	0	0	0	0	0	0	0	1	0
C	Marios	19	107	4	1	5_____	88250	1	2	0	0	0	0	0	0	0	0	0
C	Marios	19	107	4	1	5_____	88750	2	16	0	0	0	0	0	0	0	0	0
C	Marios	19	107	4	1	5_____	88807	16	0	0	0	0	1	0	0	0	0	0
C	Marios	19	107	4	1	5_____	88982	16	0	0	0	0	0	0	0	0	1	0
C	Marios	19	107	4	1	5_____	89250	16	15	0	0	0	0	0	0	0	0	0
C	Marios	19	107	4	1	5_____	89732	15	0	0	0	0	1	0	0	0	0	0
C	Marios	19	107	4	1	5_____	89750	15	1	0	0	0	0	0	0	0	0	0
C	Marios	19	107	4	1	5_____	90286	1	0	0	0	0	0	0	0	0	1	0
C	Marios	19	107	4	1	5_____	90429	1	0	0	0	0	1	0	0	0	0	0
C	Marios	19	107	4	1	5_____	90670	1	0	0	0	0	0	0	0	0	1	0
C	Marios	19	107	4	1	5_____	91108	1	0	0	0	0	1	0	0	0	0	0
C	Marios	19	107	4	1	5_____	91314	1	0	0	0	0	0	0	0	0	1	0
C	Marios	19	107	4	1	5_____	92155	1	0	0	0	0	1	0	0	0	0	0
C	Marios	19	107	4	1	5_____	92157	1	0	0	0	0	0	0	0	0	1	0
C	Marios	19	107	4	1	5_____	92419	1	0	0	0	0	1	0	0	0	0	0
C	Marios	19	107	4	1	5_____	92445	1	0	0	0	0	0	0	0	0	1	0
C	Marios	19	107	4	1	5_____	92463	1	0	0	0	0	1	0	0	0	0	0
C	Marios	19	107	4	1	5_____	92468	1	0	0	0	0	0	0	0	0	1	0
C	Marios	19	107	4	1	5_____	92470	1	0	0	0	0	1	0	0	0	0	0
C	Marios	19	107	4	1	5_____	92766	1	0	0	0	0	0	0	0	0	1	0
C	Marios	19	107	4	1	5_____	95000	1	2	0	0	0	0	0	0	0	0	0
C	Marios	19	107	4	1	5_____	95122	2	0	0	0	0	1	0	0	0	0	0
C	Marios	19	107	4	1	5_____	95500	2	6	0	0	0	0	0	0	0	0	0
C	Marios	19	107	4	1	5_____	95574	6	0	0	0	0	0	0	0	0	1	0
C	Marios	19	107	4	1	5_____	95707	6	0	0	0	0	1	0	0	0	0	0
C	Marios	19	107	4	1	5_____	95888	6	0	0	0	0	0	0	0	0	1	0
C	Marios	19	107	4	1	5_____	95954	6	0	0	0	0	1	0	0	0	0	0
C	Marios	19	107	4	1	5_____	95980	6	0	0	0	0	0	0	0	0	1	0
C	Marios	19	107	4	1	5_____	95986	6	0	0	0	0	1	0	0	0	0	0
C	Marios	19	107	4	1	5_____	96000	6	10	0	0	0	0	0	0	0	0	0
C	Marios	19	107	4	1	5_____	96208	10	0	0	0	0	0	0	0	0	1	0
C	Marios	19	107	4	1	5_____	96500	10	1	0	0	0	0	0	0	0	0	0
C	Marios	19	107	4	1	5_____	97963	1	0	0	0	0	1	0	0	0	0	0
C	Marios	19	107	4	1	5_____	97974	1	0	0	0	0	0	0	0	0	1	0
C	Marios	19	107	4	1	5_____	97984	1	0	0	0	0	1	0	0	0	0	0
C	Marios	19	107	4	1	5_____	98007	1	0	0	0	0	0	0	0	0	1	0
C	Marios	19	107	4	1	5_____	98666	1	0	0	0	0	1	0	0	0	0	0
C	Marios	19	107	4	1	5_____	98963	1	0	0	0	0	0	0	0	0	1	0
C	Marios	19	107	4	1	5_____	99270	1	0	0	0	0	1	0	0	0	0	0
C	Marios	19	107	4	1	5_____	99291	1	0	0	0	0	0	0	0	0	1	0
C	Marios	19	107	4	1	5_____	99769	1	0	0	0	0	1	0	0	0	0	0
C	Marios	19	107	4	1	5_____	99783	1	0	0	0	0	0	0	0	0	1	0
C	Marios	19	107	4	1	5_____	99810	1	0	0	0	0	1	0	0	0	0	0
C	Marios	19	107	4	1	5_____	99892	1	0	0	0	0	0	0	0	0	1	0
C	Marios	19	107	4	1	5_____	99991	1	0	0	0	0	1	0	0	0	0	0
C	Marios	19	107	4	1	5_____	100184	1	0	0	0	0	0	0	0	0	1	0
C	Marios	19	107	4	1	5_____	100782	1	0	0	0	0	1	0	0	0	0	0
C	Marios	19	107	4	1	5_____	100810	1	0	0	0	0	0	0	0	0	1	0
C	Marios	19	107	4	1	5_____	100813	1	0	0	0	0	1	0	0	0	0	0
C	Marios	19	107	4	1	5_____	101415	1	0	0	0	0	0	0	0	0	1	0
C	Marios	19	107	4	1	5_____	102027	1	0	0	0	0	1	0	0	0	0	0
C	Marios	19	107	4	1	5_____	102029	1	0	0	0	0	0	0	0	0	1	0
C	Marios	19	107	4	1	5_____	102091	1	0	0	0	0	1	0	0	0	0	0
C	Marios	19	107	4	1	5_____	102122	1	0	0	0	0	0	0	0	0	1	0
C	Marios	19	107	4	1	5_____	102125	1	0	0	0	0	1	0	0	0	0	0
C	Marios	19	107	4	1	5_____	102500	1	2	0	0	0	0	0	0	0	0	0
C	Marios	19	107	4	1	5_____	102692	2	0	0	0	0	0	0	0	0	1	0
C	Marios	19	107	4	1	5_____	103000	2	17	0	0	0	0	0	0	0	0	0
C	Marios	19	107	4	1	5_____	103182	17	0	0	0	0	1	0	0	0	0	0
C	Marios	19	107	4	1	5_____	103318	17	0	0	0	0	0	0	0	0	1	0
C	Marios	19	107	4	1	5_____	103415	17	0	0	0	0	1	0	0	0	0	0
C	Marios	19	107	4	1	5_____	103500	17	15	0	0	0	0	0	0	0	0	0
C	Marios	19	107	4	1	5_____	103693	15	0	0	0	0	0	0	0	0	1	0
C	Marios	19	107	4	1	5_____	103814	15	0	0	0	0	1	0	0	0	0	0
C	Marios	19	107	4	1	5_____	103862	15	0	0	0	0	0	0	0	0	1	0
C	Marios	19	107	4	1	5_____	104000	15	1	0	0	0	0	0	0	0	0	0
C	Marios	19	107	4	1	5_____	104063	1	0	0	0	0	1	0	0	0	0	0
C	Marios	19	107	4	1	5_____	104250	1	0	0	0	0	0	0	0	0	1	0
C	Marios	19	107	4	1	5_____	106047	1	0	0	0	0	1	0	0	0	0	0
C	Marios	19	107	4	1	5_____	106618	1	0	0	0	0	0	0	0	0	1	0
C	Marios	19	107	4	1	5_____	107662	1	0	0	0	0	1	0	0	0	0	0
C	Marios	19	107	4	1	5_____	108009	1	0	0	0	0	0	0	0	0	1	0
C	Marios	19	107	4	1	5_____	108500	1	2	0	0	0	0	0	0	0	0	0
C	Marios	19	107	4	1	5_____	109000	2	17	0	0	0	0	0	0	0	0	0
C	Marios	19	107	4	1	5_____	109500	17	15	0	0	0	0	0	0	0	0	0
C	Marios	19	107	4	1	5_____	110000	15	1	0	0	0	0	0	0	0	0	0
C	Marios	19	107	4	1	5_____	110291	1	0	0	0	0	1	0	0	0	0	0
C	Marios	19	107	4	1	5_____	110456	1	0	0	0	0	0	0	0	0	1	0
C	Marios	19	107	4	1	5_____	111680	1	0	0	0	0	1	0	0	0	0	0
C	Marios	19	107	4	1	5_____	112452	1	0	0	0	0	0	0	0	0	1	0
C	Marios	19	107	4	1	5_____	113396	1	0	0	0	0	1	0	0	0	0	0
C	Marios	19	107	4	1	5_____	113864	1	0	0	0	0	0	0	0	0	1	0
C	Marios	19	107	4	1	5_____	114284	1	0	0	0	0	1	0	0	0	0	0
C	Marios	19	107	4	1	5_____	114621	1	0	0	0	0	0	0	0	0	1	0
C	Marios	19	107	4	1	5_____	116750	1	2	0	0	0	0	0	0	0	0	0
C	Marios	19	107	4	1	5_____	117250	2	6	0	0	0	0	0	0	0	0	0
C	Marios	19	107	4	1	5_____	117346	6	0	0	0	0	1	0	0	0	0	0
C	Marios	19	107	4	1	5_____	117675	6	0	0	0	0	0	0	0	0	1	0
C	Marios	19	107	4	1	5_____	117750	6	10	0	0	0	0	0	0	0	0	0
C	Marios	19	107	4	1	5_____	117775	10	0	0	0	0	1	0	0	0	0	0
C	Marios	19	107	4	1	5_____	118116	10	0	0	0	0	0	0	0	0	1	0
C	Marios	19	107	4	1	5_____	118250	10	1	0	0	0	0	0	0	0	0	0
C	Marios	19	107	4	1	5_____	118298	1	0	0	0	0	1	0	0	0	0	0
C	Marios	19	107	4	1	5_____	118340	1	0	0	0	0	0	0	0	0	1	0
C	Marios	19	107	4	1	5_____	122744	1	0	0	0	0	1	0	0	0	0	0
C	Marios	19	107	4	1	5_____	122750	1	2	0	0	0	0	0	0	0	0	0
C	Marios	19	107	4	1	5_____	122796	2	0	0	0	0	0	0	0	0	1	0
C	Marios	19	107	4	1	5_____	122821	2	0	0	0	0	1	0	0	0	0	0
C	Marios	19	107	4	1	5_____	122909	2	0	0	0	0	0	0	0	0	1	0
C	Marios	19	107	4	1	5_____	123250	2	16	0	0	0	0	0	0	0	0	0
C	Marios	19	107	4	1	5_____	123392	16	0	0	0	0	1	0	0	0	0	0
C	Marios	19	107	4	1	5_____	123546	16	0	0	0	0	0	0	0	0	1	0
C	Marios	19	107	4	1	5_____	123750	16	15	0	0	0	0	0	0	0	0	0
C	Marios	19	107	4	1	5_____	124117	15	0	0	0	0	1	0	0	0	0	0
C	Marios	19	107	4	1	5_____	124145	15	0	0	0	0	0	0	0	0	1	0
C	Marios	19	107	4	1	5_____	124250	15	1	0	0	0	0	0	0	0	0	0
C	Marios	19	107	4	1	5_____	124428	1	0	0	0	0	1	0	0	0	0	0
C	Marios	19	107	4	1	5_____	124506	1	0	0	0	0	0	0	0	0	1	0
C	Marios	19	107	4	1	5_____	125080	1	0	0	0	0	1	0	0	0	0	0
C	Marios	19	107	4	1	5_____	125558	1	0	0	0	0	0	0	0	0	1	0
C	Marios	19	107	4	1	5_____	125649	1	0	0	0	0	1	0	0	0	0	0
C	Marios	19	107	4	1	5_____	125750	1	2	0	0	0	0	0	0	0	0	0
C	Marios	19	107	4	1	5_____	125811	2	0	0	0	0	0	0	0	0	1	0
C	Marios	19	107	4	1	5_____	126198	2	0	0	0	0	1	0	0	0	0	0
C	Marios	19	107	4	1	5_____	126250	2	7	0	0	0	0	0	0	0	0	0
C	Marios	19	107	4	1	5_____	126415	7	0	0	0	0	0	0	0	0	1	0
C	Marios	19	107	4	1	5_____	126504	7	0	0	0	0	1	0	0	0	0	0
C	Marios	19	107	4	1	5_____	126628	7	0	0	0	0	0	0	0	0	1	0
C	Marios	19	107	4	1	5_____	126638	7	0	0	0	0	1	0	0	0	0	0
C	Marios	19	107	4	1	5_____	126733	7	0	0	0	0	0	0	0	0	1	0
C	Marios	19	107	4	1	5_____	126750	7	11	0	0	0	0	0	0	0	0	0
C	Marios	19	107	4	1	5_____	126774	11	0	0	0	0	1	0	0	0	0	0
C	Marios	19	107	4	1	5_____	127001	11	0	0	0	0	0	0	0	0	1	0
C	Marios	19	107	4	1	5_____	127250	11	1	0	0	0	0	0	0	0	0	0
C	Marios	19	107	4	1	5_____	129189	1	0	0	0	0	1	0	0	0	0	0
C	Marios	19	107	4	1	5_____	129219	1	0	0	0	0	0	0	0	0	1	0
C	Marios	19	107	4	1	5_____	129229	1	0	0	0	0	1	0	0	0	0	0
C	Marios	19	107	4	1	5_____	129245	1	0	0	0	0	0	0	0	0	1	0
C	Marios	19	107	4	1	5_____	129419	1	0	0	0	0	1	0	0	0	0	0
C	Marios	19	107	4	1	5_____	129645	1	0	0	0	0	0	0	0	0	1	0
C	Marios	19	107	4	1	5_____	129666	1	0	0	0	0	1	0	0	0	0	0
C	Marios	19	107	4	1	5_____	129667	1	0	0	0	0	0	0	0	0	1	0
C	Marios	19	107	4	1	5_____	129720	1	0	0	0	0	1	0	0	0	0	0
C	Marios	19	107	4	1	5_____	129721	1	0	0	0	0	0	0	0	0	1	0
C	Marios	19	107	4	1	5_____	130250	1	2	0	0	0	0	0	0	0	0	0
C	Marios	19	107	4	1	5_____	130463	2	0	0	0	0	1	0	0	0	0	0
C	Marios	19	107	4	1	5_____	130471	2	0	0	0	0	0	0	0	0	1	0
C	Marios	19	107	4	1	5_____	130750	2	17	0	0	0	0	0	0	0	0	0
C	Marios	19	107	4	1	5_____	131250	17	15	0	0	0	0	0	0	0	0	0
C	Marios	19	107	4	1	5_____	131403	15	0	0	0	0	1	0	0	0	0	0
C	Marios	19	107	4	1	5_____	131439	15	0	0	0	0	0	0	0	0	1	0
C	Marios	19	107	4	1	5_____	131750	15	1	0	0	0	0	0	0	0	0	0
C	Marios	19	107	4	1	5_____	132354	1	0	0	0	0	1	0	0	0	0	0
C	Marios	19	107	4	1	5_____	132381	1	0	0	0	0	0	0	0	0	1	0
C	Marios	19	107	4	1	5_____	132383	1	0	0	0	0	1	0	0	0	0	0
C	Marios	19	107	4	1	5_____	132414	1	0	0	0	0	0	0	0	0	1	0
C	Marios	19	107	4	1	5_____	134427	1	0	0	0	0	1	0	0	0	0	0
C	Marios	19	107	4	1	5_____	134640	1	0	0	0	0	0	0	0	0	1	0
C	Marios	19	107	4	1	5_____	135011	1	0	0	0	0	1	0	0	0	0	0
C	Marios	19	107	4	1	5_____	135176	1	0	0	0	0	0	0	0	0	1	0
C	Marios	19	107	4	1	5_____	135791	1	0	0	0	0	1	0	0	0	0	0
C	Marios	19	107	4	1	5_____	135844	1	0	0	0	0	0	0	0	0	1	0
C	Marios	19	107	4	1	5_____	137250	1	2	0	0	0	0	0	0	0	0	0
C	Marios	19	107	4	1	5_____	137334	2	0	0	0	0	1	0	0	0	0	0
C	Marios	19	107	4	1	5_____	137336	2	0	0	0	0	0	0	0	0	1	0
C	Marios	19	107	4	1	5_____	137341	2	0	0	0	0	1	0	0	0	0	0
C	Marios	19	107	4	1	5_____	137351	2	0	0	0	0	0	0	0	0	1	0
C	Marios	19	107	4	1	5_____	137750	2	17	0	0	0	0	0	0	0	0	0
C	Marios	19	107	4	1	5_____	138250	17	15	0	0	0	0	0	0	0	0	0
C	Marios	19	107	4	1	5_____	138270	15	0	0	0	0	1	0	0	0	0	0
C	Marios	19	107	4	1	5_____	138366	15	0	0	0	0	0	0	0	0	1	0
C	Marios	19	107	4	1	5_____	138750	15	1	0	0	0	0	0	0	0	0	0
C	Marios	19	107	4	1	5_____	138896	1	0	0	0	0	1	0	0	0	0	0
C	Marios	19	107	4	1	5_____	138905	1	0	0	0	0	0	0	0	0	1	0
C	Marios	19	107	4	1	5_____	138918	1	0	0	0	0	1	0	0	0	0	0
C	Marios	19	107	4	1	5_____	138926	1	0	0	0	0	0	0	0	0	1	0
C	Marios	19	107	4	1	5_____	139008	1	0	0	0	0	1	0	0	0	0	0
C	Marios	19	107	4	1	5_____	139011	1	0	0	0	0	0	0	0	0	1	0
C	Marios	19	107	4	1	5_____	140097	1	0	0	0	0	1	0	0	0	0	0
C	Marios	19	107	4	1	5_____	140103	1	0	0	0	0	0	0	0	0	1	0
C	Marios	19	107	4	1	5_____	140105	1	0	0	0	0	1	0	0	0	0	0
C	Marios	19	107	4	1	5_____	140111	1	0	0	0	0	0	0	0	0	1	0
C	Marios	19	107	4	1	5_____	141770	1	0	0	0	0	1	0	0	0	0	0
C	Marios	19	107	4	1	5_____	141779	1	0	0	0	0	0	0	0	0	1	0
C	Marios	19	107	4	1	5_____	141784	1	0	0	0	0	1	0	0	0	0	0
C	Marios	19	107	4	1	5_____	141797	1	0	0	0	0	0	0	0	0	1	0
C	Marios	19	107	4	1	5_____	142201	1	0	0	0	0	1	0	0	0	0	0
C	Marios	19	107	4	1	5_____	142214	1	0	0	0	0	0	0	0	0	1	0
C	Marios	19	107	4	1	5_____	142219	1	0	0	0	0	1	0	0	0	0	0
C	Marios	19	107	4	1	5_____	142297	1	0	0	0	0	0	0	0	0	1	0
C	Marios	19	107	4	1	5_____	142321	1	0	0	0	0	1	0	0	0	0	0
C	Marios	19	107	4	1	5_____	142418	1	0	0	0	0	0	0	0	0	1	0
C	Marios	19	107	4	1	5_____	142421	1	0	0	0	0	1	0	0	0	0	0
C	Marios	19	107	4	1	5_____	142431	1	0	0	0	0	0	0	0	0	1	0
C	Marios	19	107	4	1	5_____	142475	1	0	0	0	0	1	0	0	0	0	0
C	Marios	19	107	4	1	5_____	142478	1	0	0	0	0	0	0	0	0	1	0
C	Marios	19	107	4	1	5_____	142500	1	2	0	0	0	0	0	0	0	0	0
C	Marios	19	107	4	1	5_____	143000	2	16	0	0	0	0	0	0	0	0	0
C	Marios	19	107	4	1	5_____	143228	16	0	0	0	0	1	0	0	0	0	0
C	Marios	19	107	4	1	5_____	143311	16	0	0	0	0	0	0	0	0	1	0
C	Marios	19	107	4	1	5_____	143500	16	15	0	0	0	0	0	0	0	0	0
C	Marios	19	107	4	1	5_____	143510	15	0	0	0	0	1	0	0	0	0	0
C	Marios	19	107	4	1	5_____	143739	15	0	0	0	0	0	0	0	0	1	0
C	Marios	19	107	4	1	5_____	143803	15	0	0	0	0	1	0	0	0	0	0
C	Marios	19	107	4	1	5_____	144000	15	14	0	0	0	0	0	0	0	0	0
C	Marios	19	107	4	1	5_____	144038	14	0	0	0	0	0	0	0	0	1	0
C	Marios	19	107	4	1	5_____	144203	14	0	0	0	0	1	0	0	0	0	0
C	Marios	19	107	4	1	5_____	144329	14	0	0	0	0	0	0	0	0	1	0
C	Marios	19	107	4	1	5_____	147000	14	-1	0	0	0	0	0	0	0	0	0
C	Marios	19	107	7	1	30____	0	0	1	0	0	0	0	0	0	0	0	0
C	Marios	19	107	7	1	30____	48	1	0	0	0	0	0	0	0	0	1	0
C	Marios	19	107	7	1	30____	803	1	0	0	0	0	1	0	0	0	0	0
C	Marios	19	107	7	1	30____	833	1	0	0	0	0	0	0	0	0	1	0
C	Marios	19	107	7	1	30____	1513	1	0	0	0	0	1	0	0	0	0	0
C	Marios	19	107	7	1	30____	1540	1	0	0	0	0	0	0	0	0	1	0
C	Marios	19	107	7	1	30____	1564	1	0	0	0	0	1	0	0	0	0	0
C	Marios	19	107	7	1	30____	1578	1	0	0	0	0	0	0	0	0	1	0
C	Marios	19	107	7	1	30____	2324	1	0	0	0	0	1	0	0	0	0	0
C	Marios	19	107	7	1	30____	2345	1	0	0	0	0	0	0	0	0	1	0
C	Marios	19	107	7	1	30____	3553	1	0	0	0	0	1	0	0	0	0	0
C	Marios	19	107	7	1	30____	3564	1	0	0	0	0	0	0	0	0	1	0
C	Marios	19	107	7	1	30____	3609	1	0	0	0	0	1	0	0	0	0	0
C	Marios	19	107	7	1	30____	3611	1	0	0	0	0	0	0	0	0	1	0
C	Marios	19	107	7	1	30____	3612	1	0	0	0	0	1	0	0	0	0	0
C	Marios	19	107	7	1	30____	3707	1	0	0	0	0	0	0	0	0	1	0
C	Marios	19	107	7	1	30____	4673	1	0	0	0	0	1	0	0	0	0	0
C	Marios	19	107	7	1	30____	4782	1	0	0	0	0	0	0	0	0	1	0
C	Marios	19	107	7	1	30____	4785	1	0	0	0	0	1	0	0	0	0	0
C	Marios	19	107	7	1	30____	4798	1	0	0	0	0	0	0	0	0	1	0
C	Marios	19	107	7	1	30____	4799	1	0	0	0	0	1	0	0	0	0	0
C	Marios	19	107	7	1	30____	4802	1	0	0	0	0	0	0	0	0	1	0
C	Marios	19	107	7	1	30____	4804	1	0	0	0	0	1	0	0	0	0	0
C	Marios	19	107	7	1	30____	4831	1	0	0	0	0	0	0	0	0	1	0
C	Marios	19	107	7	1	30____	4946	1	0	0	0	0	1	0	0	0	0	0
C	Marios	19	107	7	1	30____	4978	1	0	0	0	0	1	0	0	0	1	0
C	Marios	19	107	7	1	30____	5012	1	0	0	0	0	0	0	0	0	1	0
C	Marios	19	107	7	1	30____	5013	1	0	0	0	0	1	0	0	0	0	0
C	Marios	19	107	7	1	30____	5016	1	0	0	0	0	0	0	0	0	1	0
C	Marios	19	107	7	1	30____	5022	1	0	0	0	0	1	0	0	0	0	0
C	Marios	19	107	7	1	30____	5041	1	0	0	0	0	0	0	0	0	1	0
C	Marios	19	107	7	1	30____	5045	1	0	0	0	0	1	0	0	0	0	0
C	Marios	19	107	7	1	30____	5057	1	0	0	0	0	0	0	0	0	1	0
C	Marios	19	107	7	1	30____	5058	1	0	0	0	0	1	0	0	0	0	0
C	Marios	19	107	7	1	30____	5065	1	0	0	0	0	0	0	0	0	1	0
C	Marios	19	107	7	1	30____	5066	1	0	0	0	0	1	0	0	0	0	0
C	Marios	19	107	7	1	30____	5078	1	0	0	0	0	0	0	0	0	1	0
C	Marios	19	107	7	1	30____	5083	1	0	0	0	0	1	0	0	0	0	0
C	Marios	19	107	7	1	30____	5148	1	0	0	0	0	0	0	0	0	1	0
C	Marios	19	107	7	1	30____	5179	1	0	0	0	0	1	0	0	0	0	0
C	Marios	19	107	7	1	30____	5229	1	0	0	0	0	0	0	0	0	1	0
C	Marios	19	107	7	1	30____	5231	1	0	0	0	0	1	0	0	0	0	0
C	Marios	19	107	7	1	30____	5254	1	0	0	0	0	0	0	0	0	1	0
C	Marios	19	107	7	1	30____	5949	1	0	0	0	0	1	0	0	0	0	0
C	Marios	19	107	7	1	30____	5953	1	0	0	0	0	0	0	0	0	1	0
C	Marios	19	107	7	1	30____	6475	1	0	0	0	0	1	0	0	0	0	0
C	Marios	19	107	7	1	30____	6490	1	0	0	0	0	0	0	0	0	1	0
C	Marios	19	107	7	1	30____	6530	1	0	0	0	0	1	0	0	0	0	0
C	Marios	19	107	7	1	30____	6541	1	0	0	0	0	0	0	0	0	1	0
C	Marios	19	107	7	1	30____	6642	1	0	0	0	0	1	0	0	0	0	0
C	Marios	19	107	7	1	30____	6649	1	0	0	0	0	0	0	0	0	1	0
C	Marios	19	107	7	1	30____	6694	1	0	0	0	0	1	0	0	0	0	0
C	Marios	19	107	7	1	30____	6711	1	0	0	0	0	0	0	0	0	1	0
C	Marios	19	107	7	1	30____	6714	1	0	0	0	0	1	0	0	0	0	0
C	Marios	19	107	7	1	30____	6727	1	0	0	0	0	0	0	0	0	1	0
C	Marios	19	107	7	1	30____	6728	1	0	0	0	0	1	0	0	0	0	0
C	Marios	19	107	7	1	30____	6733	1	0	0	0	0	0	0	0	0	1	0
C	Marios	19	107	7	1	30____	6736	1	0	0	0	0	1	0	0	0	0	0
C	Marios	19	107	7	1	30____	6773	1	0	0	0	0	0	0	0	0	1	0
C	Marios	19	107	7	1	30____	6866	1	0	0	0	0	1	0	0	0	0	0
C	Marios	19	107	7	1	30____	6871	1	0	0	0	0	0	0	0	0	1	0
C	Marios	19	107	7	1	30____	6873	1	0	0	0	0	1	0	0	0	0	0
C	Marios	19	107	7	1	30____	6875	1	0	0	0	0	0	0	0	0	1	0
C	Marios	19	107	7	1	30____	6900	1	0	0	0	0	1	0	0	0	0	0
C	Marios	19	107	7	1	30____	6925	1	0	0	0	0	0	0	0	0	1	0
C	Marios	19	107	7	1	30____	7500	1	2	0	0	0	0	0	0	0	0	0
C	Marios	19	107	7	1	30____	8000	2	16	0	0	0	0	0	0	0	0	0
C	Marios	19	107	7	1	30____	8500	16	15	0	0	0	0	0	0	0	0	0
C	Marios	19	107	7	1	30____	9000	15	1	0	0	0	0	0	0	0	0	0
C	Marios	19	107	7	1	30____	11571	1	0	0	0	0	1	0	0	0	0	0
C	Marios	19	107	7	1	30____	11615	1	0	0	0	0	0	0	0	0	1	0
C	Marios	19	107	7	1	30____	11673	1	0	0	0	0	1	0	0	0	0	0
C	Marios	19	107	7	1	30____	11683	1	0	0	0	0	0	0	0	0	1	0
C	Marios	19	107	7	1	30____	11724	1	0	0	0	0	1	0	0	0	0	0
C	Marios	19	107	7	1	30____	11725	1	0	0	0	0	0	0	0	0	1	0
C	Marios	19	107	7	1	30____	11726	1	0	0	0	0	1	0	0	0	0	0
C	Marios	19	107	7	1	30____	11730	1	0	0	0	0	0	0	0	0	1	0
C	Marios	19	107	7	1	30____	12000	1	2	0	0	0	0	0	0	0	0	0
C	Marios	19	107	7	1	30____	12500	2	16	0	0	0	0	0	0	0	0	0
C	Marios	19	107	7	1	30____	13000	16	15	0	0	0	0	0	0	0	0	0
C	Marios	19	107	7	1	30____	13500	15	1	0	0	0	0	0	0	0	0	0
C	Marios	19	107	7	1	30____	14143	1	0	0	0	0	1	0	0	0	0	0
C	Marios	19	107	7	1	30____	14158	1	0	0	0	0	0	0	0	0	1	0
C	Marios	19	107	7	1	30____	15353	1	0	0	0	0	1	0	0	0	0	0
C	Marios	19	107	7	1	30____	15399	1	0	0	0	0	0	0	0	0	1	0
C	Marios	19	107	7	1	30____	17065	1	0	0	0	0	1	0	0	0	0	0
C	Marios	19	107	7	1	30____	17070	1	0	0	0	0	0	0	0	0	1	0
C	Marios	19	107	7	1	30____	17896	1	0	0	0	0	1	0	0	0	0	0
C	Marios	19	107	7	1	30____	17991	1	0	0	0	0	0	0	0	0	1	0
C	Marios	19	107	7	1	30____	18597	1	0	0	0	0	1	0	0	0	0	0
C	Marios	19	107	7	1	30____	18624	1	0	0	0	0	0	0	0	0	1	0
C	Marios	19	107	7	1	30____	18670	1	0	0	0	0	1	0	0	0	0	0
C	Marios	19	107	7	1	30____	18683	1	0	0	0	0	0	0	0	0	1	0
C	Marios	19	107	7	1	30____	18690	1	0	0	0	0	1	0	0	0	0	0
C	Marios	19	107	7	1	30____	18702	1	0	0	0	0	0	0	0	0	1	0
C	Marios	19	107	7	1	30____	18712	1	0	0	0	0	1	0	0	0	0	0
C	Marios	19	107	7	1	30____	18751	1	0	0	0	0	0	0	0	0	1	0
C	Marios	19	107	7	1	30____	18763	1	0	0	0	0	1	0	0	0	0	0
C	Marios	19	107	7	1	30____	18794	1	0	0	0	0	0	0	0	0	1	0
C	Marios	19	107	7	1	30____	18797	1	0	0	0	0	1	0	0	0	0	0
C	Marios	19	107	7	1	30____	18814	1	0	0	0	0	0	0	0	0	1	0
C	Marios	19	107	7	1	30____	18816	1	0	0	0	0	1	0	0	0	0	0
C	Marios	19	107	7	1	30____	18857	1	0	0	0	0	0	0	0	0	1	0
C	Marios	19	107	7	1	30____	18897	1	0	0	0	0	1	0	0	0	0	0
C	Marios	19	107	7	1	30____	18915	1	0	0	0	0	0	0	0	0	1	0
C	Marios	19	107	7	1	30____	19000	1	2	0	0	0	0	0	0	0	0	0
C	Marios	19	107	7	1	30____	19058	2	0	0	0	0	1	0	0	0	0	0
C	Marios	19	107	7	1	30____	19074	2	0	0	0	0	0	0	0	0	1	0
C	Marios	19	107	7	1	30____	19077	2	0	0	0	0	1	0	0	0	0	0
C	Marios	19	107	7	1	30____	19210	2	0	0	0	0	0	0	0	0	1	0
C	Marios	19	107	7	1	30____	19212	2	0	0	0	0	1	0	0	0	0	0
C	Marios	19	107	7	1	30____	19274	2	0	0	0	0	0	0	0	0	1	0
C	Marios	19	107	7	1	30____	19294	2	0	0	0	0	1	0	0	0	0	0
C	Marios	19	107	7	1	30____	19317	2	0	0	0	0	0	0	0	0	1	0
C	Marios	19	107	7	1	30____	19318	2	0	0	0	0	1	0	0	0	0	0
C	Marios	19	107	7	1	30____	19340	2	0	0	0	0	1	0	0	0	1	0
C	Marios	19	107	7	1	30____	19386	2	0	0	0	0	0	0	0	0	1	0
C	Marios	19	107	7	1	30____	19473	2	0	0	0	0	1	0	0	0	0	0
C	Marios	19	107	7	1	30____	19486	2	0	0	0	0	0	0	0	0	1	0
C	Marios	19	107	7	1	30____	19489	2	0	0	0	0	1	0	0	0	0	0
C	Marios	19	107	7	1	30____	19500	2	17	0	0	0	0	0	0	0	0	0
C	Marios	19	107	7	1	30____	19509	17	0	0	0	0	0	0	0	0	1	0
C	Marios	19	107	7	1	30____	20000	17	15	0	0	0	0	0	0	0	0	0
C	Marios	19	107	7	1	30____	20197	15	0	0	0	0	1	0	0	0	0	0
C	Marios	19	107	7	1	30____	20260	15	0	0	0	0	0	0	0	0	1	0
C	Marios	19	107	7	1	30____	20303	15	0	0	0	0	1	0	0	0	0	0
C	Marios	19	107	7	1	30____	20316	15	0	0	0	0	0	0	0	0	1	0
C	Marios	19	107	7	1	30____	20321	15	0	0	0	0	1	0	0	0	0	0
C	Marios	19	107	7	1	30____	20327	15	0	0	0	0	0	0	0	0	1	0
C	Marios	19	107	7	1	30____	20331	15	0	0	0	0	1	0	0	0	0	0
C	Marios	19	107	7	1	30____	20333	15	0	0	0	0	0	0	0	0	1	0
C	Marios	19	107	7	1	30____	20334	15	0	0	0	0	1	0	0	0	0	0
C	Marios	19	107	7	1	30____	20339	15	0	0	0	0	0	0	0	0	1	0
C	Marios	19	107	7	1	30____	20340	15	0	0	0	0	1	0	0	0	0	0
C	Marios	19	107	7	1	30____	20402	15	0	0	0	0	0	0	0	0	1	0
C	Marios	19	107	7	1	30____	20493	15	0	0	0	0	1	0	0	0	0	0
C	Marios	19	107	7	1	30____	20500	15	1	0	0	0	0	0	0	0	0	0
C	Marios	19	107	7	1	30____	20506	1	0	0	0	0	0	0	0	0	1	0
C	Marios	19	107	7	1	30____	20510	1	0	0	0	0	1	0	0	0	0	0
C	Marios	19	107	7	1	30____	20611	1	0	0	0	0	0	0	0	0	1	0
C	Marios	19	107	7	1	30____	20718	1	0	0	0	0	1	0	0	0	0	0
C	Marios	19	107	7	1	30____	20813	1	0	0	0	0	0	0	0	0	1	0
C	Marios	19	107	7	1	30____	21109	1	0	0	0	0	1	0	0	0	0	0
C	Marios	19	107	7	1	30____	21144	1	0	0	0	0	0	0	0	0	1	0
C	Marios	19	107	7	1	30____	21624	1	0	0	0	0	1	0	0	0	0	0
C	Marios	19	107	7	1	30____	21627	1	0	0	0	0	0	0	0	0	1	0
C	Marios	19	107	7	1	30____	22586	1	0	0	0	0	1	0	0	0	0	0
C	Marios	19	107	7	1	30____	22620	1	0	0	0	0	0	0	0	0	1	0
C	Marios	19	107	7	1	30____	24250	1	2	0	0	0	0	0	0	0	0	0
C	Marios	19	107	7	1	30____	24750	2	6	0	0	0	0	0	0	0	0	0
C	Marios	19	107	7	1	30____	25250	6	10	0	0	0	0	0	0	0	0	0
C	Marios	19	107	7	1	30____	25283	10	0	0	0	0	1	0	0	0	0	0
C	Marios	19	107	7	1	30____	25314	10	0	0	0	0	0	0	0	0	1	0
C	Marios	19	107	7	1	30____	25315	10	0	0	0	0	1	0	0	0	0	0
C	Marios	19	107	7	1	30____	25637	10	0	0	0	0	0	0	0	0	1	0
C	Marios	19	107	7	1	30____	25750	10	1	0	0	0	0	0	0	0	0	0
C	Marios	19	107	7	1	30____	26556	1	0	0	0	0	1	0	0	0	0	0
C	Marios	19	107	7	1	30____	26565	1	0	0	0	0	0	0	0	0	1	0
C	Marios	19	107	7	1	30____	26568	1	0	0	0	0	1	0	0	0	0	0
C	Marios	19	107	7	1	30____	26641	1	0	0	0	0	0	0	0	0	1	0
C	Marios	19	107	7	1	30____	26645	1	0	0	0	0	1	0	0	0	0	0
C	Marios	19	107	7	1	30____	26657	1	0	0	0	0	0	0	0	0	1	0
C	Marios	19	107	7	1	30____	27606	1	0	0	0	0	1	0	0	0	0	0
C	Marios	19	107	7	1	30____	27733	1	0	0	0	0	0	0	0	0	1	0
C	Marios	19	107	7	1	30____	27800	1	0	0	0	0	1	0	0	0	0	0
C	Marios	19	107	7	1	30____	27807	1	0	0	0	0	0	0	0	0	1	0
C	Marios	19	107	7	1	30____	27812	1	0	0	0	0	1	0	0	0	0	0
C	Marios	19	107	7	1	30____	27858	1	0	0	0	0	0	0	0	0	1	0
C	Marios	19	107	7	1	30____	27865	1	0	0	0	0	1	0	0	0	0	0
C	Marios	19	107	7	1	30____	27867	1	0	0	0	0	0	0	0	0	1	0
C	Marios	19	107	7	1	30____	27868	1	0	0	0	0	1	0	0	0	0	0
C	Marios	19	107	7	1	30____	27870	1	0	0	0	0	0	0	0	0	1	0
C	Marios	19	107	7	1	30____	29250	1	2	0	0	0	0	0	0	0	0	0
C	Marios	19	107	7	1	30____	29571	2	0	0	0	0	1	0	0	0	0	0
C	Marios	19	107	7	1	30____	29595	2	0	0	0	0	0	0	0	0	1	0
C	Marios	19	107	7	1	30____	29645	2	0	0	0	0	1	0	0	0	0	0
C	Marios	19	107	7	1	30____	29660	2	0	0	0	0	0	0	0	0	1	0
C	Marios	19	107	7	1	30____	29661	2	0	0	0	0	1	0	0	0	0	0
C	Marios	19	107	7	1	30____	29678	2	0	0	0	0	0	0	0	0	1	0
C	Marios	19	107	7	1	30____	29750	2	17	0	0	0	0	0	0	0	0	0
C	Marios	19	107	7	1	30____	30250	17	15	0	0	0	0	0	0	0	0	0
C	Marios	19	107	7	1	30____	30380	15	0	0	0	0	1	0	0	0	0	0
C	Marios	19	107	7	1	30____	30399	15	0	0	0	0	0	0	0	0	1	0
C	Marios	19	107	7	1	30____	30637	15	0	0	0	0	1	0	0	0	0	0
C	Marios	19	107	7	1	30____	30662	15	0	0	0	0	0	0	0	0	1	0
C	Marios	19	107	7	1	30____	30750	15	1	0	0	0	0	0	0	0	0	0
C	Marios	19	107	7	1	30____	30798	1	0	0	0	0	1	0	0	0	0	0
C	Marios	19	107	7	1	30____	30816	1	0	0	0	0	0	0	0	0	1	0
C	Marios	19	107	7	1	30____	32007	1	0	0	0	0	1	0	0	0	0	0
C	Marios	19	107	7	1	30____	32014	1	0	0	0	0	0	0	0	0	1	0
C	Marios	19	107	7	1	30____	32016	1	0	0	0	0	1	0	0	0	0	0
C	Marios	19	107	7	1	30____	32043	1	0	0	0	0	0	0	0	0	1	0
C	Marios	19	107	7	1	30____	32468	1	0	0	0	0	1	0	0	0	0	0
C	Marios	19	107	7	1	30____	32534	1	0	0	0	0	0	0	0	0	1	0
C	Marios	19	107	7	1	30____	32541	1	0	0	0	0	1	0	0	0	0	0
C	Marios	19	107	7	1	30____	32559	1	0	0	0	0	0	0	0	0	1	0
C	Marios	19	107	7	1	30____	33000	1	2	0	0	0	0	0	0	0	0	0
C	Marios	19	107	7	1	30____	33383	2	0	0	0	0	1	0	0	0	0	0
C	Marios	19	107	7	1	30____	33461	2	0	0	0	0	0	0	0	0	1	0
C	Marios	19	107	7	1	30____	33500	2	7	0	0	0	0	0	0	0	0	0
C	Marios	19	107	7	1	30____	33587	7	0	0	0	0	1	0	0	0	0	0
C	Marios	19	107	7	1	30____	33598	7	0	0	0	0	0	0	0	0	1	0
C	Marios	19	107	7	1	30____	33625	7	0	0	0	0	1	0	0	0	0	0
C	Marios	19	107	7	1	30____	33665	7	0	0	0	0	0	0	0	0	1	0
C	Marios	19	107	7	1	30____	33699	7	0	0	0	0	1	0	0	0	0	0
C	Marios	19	107	7	1	30____	33720	7	0	0	0	0	0	0	0	0	1	0
C	Marios	19	107	7	1	30____	33736	7	0	0	0	0	1	0	0	0	0	0
C	Marios	19	107	7	1	30____	33765	7	0	0	0	0	0	0	0	0	1	0
C	Marios	19	107	7	1	30____	33833	7	0	0	0	0	1	0	0	0	0	0
C	Marios	19	107	7	1	30____	33850	7	0	0	0	0	0	0	0	0	1	0
C	Marios	19	107	7	1	30____	33854	7	0	0	0	0	1	0	0	0	0	0
C	Marios	19	107	7	1	30____	33858	7	0	0	0	0	1	0	0	0	1	0
C	Marios	19	107	7	1	30____	33907	7	0	0	0	0	0	0	0	0	1	0
C	Marios	19	107	7	1	30____	33959	7	0	0	0	0	1	0	0	0	0	0
C	Marios	19	107	7	1	30____	33982	7	0	0	0	0	0	0	0	0	1	0
C	Marios	19	107	7	1	30____	33985	7	0	0	0	0	1	0	0	0	0	0
C	Marios	19	107	7	1	30____	34000	7	11	0	0	0	0	0	0	0	0	0
C	Marios	19	107	7	1	30____	34312	11	0	0	0	0	0	0	0	0	1	0
C	Marios	19	107	7	1	30____	34500	11	1	0	0	0	0	0	0	0	0	0
C	Marios	19	107	7	1	30____	35223	1	0	0	0	0	1	0	0	0	0	0
C	Marios	19	107	7	1	30____	35299	1	0	0	0	0	0	0	0	0	1	0
C	Marios	19	107	7	1	30____	35368	1	0	0	0	0	1	0	0	0	0	0
C	Marios	19	107	7	1	30____	35373	1	0	0	0	0	0	0	0	0	1	0
C	Marios	19	107	7	1	30____	35383	1	0	0	0	0	1	0	0	0	0	0
C	Marios	19	107	7	1	30____	35411	1	0	0	0	0	0	0	0	0	1	0
C	Marios	19	107	7	1	30____	35417	1	0	0	0	0	1	0	0	0	0	0
C	Marios	19	107	7	1	30____	35426	1	0	0	0	0	0	0	0	0	1	0
C	Marios	19	107	7	1	30____	36219	1	0	0	0	0	1	0	0	0	0	0
C	Marios	19	107	7	1	30____	36240	1	0	0	0	0	0	0	0	0	1	0
C	Marios	19	107	7	1	30____	36746	1	0	0	0	0	1	0	0	0	0	0
C	Marios	19	107	7	1	30____	36847	1	0	0	0	0	0	0	0	0	1	0
C	Marios	19	107	7	1	30____	36848	1	0	0	0	0	1	0	0	0	0	0
C	Marios	19	107	7	1	30____	36857	1	0	0	0	0	0	0	0	0	1	0
C	Marios	19	107	7	1	30____	36900	1	0	0	0	0	1	0	0	0	0	0
C	Marios	19	107	7	1	30____	36928	1	0	0	0	0	0	0	0	0	1	0
C	Marios	19	107	7	1	30____	36935	1	0	0	0	0	1	0	0	0	0	0
C	Marios	19	107	7	1	30____	36982	1	0	0	0	0	0	0	0	0	1	0
C	Marios	19	107	7	1	30____	36983	1	0	0	0	0	1	0	0	0	0	0
C	Marios	19	107	7	1	30____	37125	1	0	0	0	0	0	0	0	0	1	0
C	Marios	19	107	7	1	30____	37127	1	0	0	0	0	1	0	0	0	0	0
C	Marios	19	107	7	1	30____	37137	1	0	0	0	0	0	0	0	0	1	0
C	Marios	19	107	7	1	30____	37141	1	0	0	0	0	1	0	0	0	0	0
C	Marios	19	107	7	1	30____	37162	1	0	0	0	0	0	0	0	0	1	0
C	Marios	19	107	7	1	30____	37184	1	0	0	0	0	1	0	0	0	0	0
C	Marios	19	107	7	1	30____	37187	1	0	0	0	0	0	0	0	0	1	0
C	Marios	19	107	7	1	30____	37218	1	0	0	0	0	1	0	0	0	0	0
C	Marios	19	107	7	1	30____	37241	1	0	0	0	0	0	0	0	0	1	0
C	Marios	19	107	7	1	30____	37295	1	0	0	0	0	1	0	0	0	0	0
C	Marios	19	107	7	1	30____	37296	1	0	0	0	0	0	0	0	0	1	0
C	Marios	19	107	7	1	30____	37300	1	0	0	0	0	1	0	0	0	0	0
C	Marios	19	107	7	1	30____	37301	1	0	0	0	0	0	0	0	0	1	0
C	Marios	19	107	7	1	30____	37303	1	0	0	0	0	1	0	0	0	0	0
C	Marios	19	107	7	1	30____	37305	1	0	0	0	0	0	0	0	0	1	0
C	Marios	19	107	7	1	30____	37318	1	0	0	0	0	1	0	0	0	0	0
C	Marios	19	107	7	1	30____	37327	1	0	0	0	0	0	0	0	0	1	0
C	Marios	19	107	7	1	30____	37329	1	0	0	0	0	1	0	0	0	0	0
C	Marios	19	107	7	1	30____	37333	1	0	0	0	0	0	0	0	0	1	0
C	Marios	19	107	7	1	30____	37350	1	0	0	0	0	1	0	0	0	0	0
C	Marios	19	107	7	1	30____	37368	1	0	0	0	0	0	0	0	0	1	0
C	Marios	19	107	7	1	30____	37370	1	0	0	0	0	1	0	0	0	0	0
C	Marios	19	107	7	1	30____	37383	1	0	0	0	0	0	0	0	0	1	0
C	Marios	19	107	7	1	30____	37385	1	0	0	0	0	1	0	0	0	0	0
C	Marios	19	107	7	1	30____	37417	1	0	0	0	0	0	0	0	0	1	0
C	Marios	19	107	7	1	30____	37421	1	0	0	0	0	1	0	0	0	0	0
C	Marios	19	107	7	1	30____	37424	1	0	0	0	0	0	0	0	0	1	0
C	Marios	19	107	7	1	30____	38052	1	0	0	0	0	1	0	0	0	0	0
C	Marios	19	107	7	1	30____	38070	1	0	0	0	0	0	0	0	0	1	0
C	Marios	19	107	7	1	30____	38087	1	0	0	0	0	1	0	0	0	0	0
C	Marios	19	107	7	1	30____	38091	1	0	0	0	0	1	0	0	0	1	0
C	Marios	19	107	7	1	30____	38100	1	0	0	0	0	0	0	0	0	1	0
C	Marios	19	107	7	1	30____	38102	1	0	0	0	0	1	0	0	0	0	0
C	Marios	19	107	7	1	30____	38237	1	0	0	0	0	0	0	0	0	1	0
C	Marios	19	107	7	1	30____	38239	1	0	0	0	0	1	0	0	0	0	0
C	Marios	19	107	7	1	30____	38332	1	0	0	0	0	0	0	0	0	1	0
C	Marios	19	107	7	1	30____	38412	1	0	0	0	0	1	0	0	0	0	0
C	Marios	19	107	7	1	30____	38427	1	0	0	0	0	0	0	0	0	1	0
C	Marios	19	107	7	1	30____	38428	1	0	0	0	0	1	0	0	0	0	0
C	Marios	19	107	7	1	30____	38497	1	0	0	0	0	0	0	0	0	1	0
C	Marios	19	107	7	1	30____	38503	1	0	0	0	0	1	0	0	0	0	0
C	Marios	19	107	7	1	30____	38642	1	0	0	0	0	0	0	0	0	1	0
C	Marios	19	107	7	1	30____	38682	1	0	0	0	0	1	0	0	0	0	0
C	Marios	19	107	7	1	30____	38734	1	0	0	0	0	0	0	0	0	1	0
C	Marios	19	107	7	1	30____	38812	1	0	0	0	0	1	0	0	0	0	0
C	Marios	19	107	7	1	30____	38827	1	0	0	0	0	0	0	0	0	1	0
C	Marios	19	107	7	1	30____	38832	1	0	0	0	0	1	0	0	0	0	0
C	Marios	19	107	7	1	30____	38906	1	0	0	0	0	0	0	0	0	1	0
C	Marios	19	107	7	1	30____	38921	1	0	0	0	0	1	0	0	0	0	0
C	Marios	19	107	7	1	30____	38979	1	0	0	0	0	0	0	0	0	1	0
C	Marios	19	107	7	1	30____	39000	1	2	0	0	0	0	0	0	0	0	0
C	Marios	19	107	7	1	30____	39399	2	0	0	0	0	1	0	0	0	0	0
C	Marios	19	107	7	1	30____	39421	2	0	0	0	0	0	0	0	0	1	0
C	Marios	19	107	7	1	30____	39500	2	16	0	0	0	0	0	0	0	0	0
C	Marios	19	107	7	1	30____	40000	16	15	0	0	0	0	0	0	0	0	0
C	Marios	19	107	7	1	30____	40213	15	0	0	0	0	1	0	0	0	0	0
C	Marios	19	107	7	1	30____	40232	15	0	0	0	0	0	0	0	0	1	0
C	Marios	19	107	7	1	30____	40477	15	0	0	0	0	1	0	0	0	0	0
C	Marios	19	107	7	1	30____	40485	15	0	0	0	0	0	0	0	0	1	0
C	Marios	19	107	7	1	30____	40499	15	0	0	0	0	1	0	0	0	0	0
C	Marios	19	107	7	1	30____	40500	15	1	0	0	0	0	0	0	0	0	0
C	Marios	19	107	7	1	30____	40523	1	0	0	0	0	0	0	0	0	1	0
C	Marios	19	107	7	1	30____	41083	1	0	0	0	0	1	0	0	0	0	0
C	Marios	19	107	7	1	30____	41105	1	0	0	0	0	0	0	0	0	1	0
C	Marios	19	107	7	1	30____	41576	1	0	0	0	0	1	0	0	0	0	0
C	Marios	19	107	7	1	30____	41632	1	0	0	0	0	0	0	0	0	1	0
C	Marios	19	107	7	1	30____	41655	1	0	0	0	0	1	0	0	0	0	0
C	Marios	19	107	7	1	30____	41681	1	0	0	0	0	0	0	0	0	1	0
C	Marios	19	107	7	1	30____	41776	1	0	0	0	0	1	0	0	0	0	0
C	Marios	19	107	7	1	30____	41801	1	0	0	0	0	0	0	0	0	1	0
C	Marios	19	107	7	1	30____	41901	1	0	0	0	0	1	0	0	0	0	0
C	Marios	19	107	7	1	30____	41906	1	0	0	0	0	0	0	0	0	1	0
C	Marios	19	107	7	1	30____	41924	1	0	0	0	0	1	0	0	0	0	0
C	Marios	19	107	7	1	30____	41982	1	0	0	0	0	0	0	0	0	1	0
C	Marios	19	107	7	1	30____	42058	1	0	0	0	0	1	0	0	0	0	0
C	Marios	19	107	7	1	30____	42070	1	0	0	0	0	0	0	0	0	1	0
C	Marios	19	107	7	1	30____	42074	1	0	0	0	0	1	0	0	0	0	0
C	Marios	19	107	7	1	30____	42159	1	0	0	0	0	1	0	0	0	1	0
C	Marios	19	107	7	1	30____	42161	1	0	0	0	0	0	0	0	0	1	0
C	Marios	19	107	7	1	30____	42163	1	0	0	0	0	1	0	0	0	0	0
C	Marios	19	107	7	1	30____	42204	1	0	0	0	0	0	0	0	0	1	0
C	Marios	19	107	7	1	30____	42227	1	0	0	0	0	1	0	0	0	0	0
C	Marios	19	107	7	1	30____	42281	1	0	0	0	0	0	0	0	0	1	0
C	Marios	19	107	7	1	30____	42282	1	0	0	0	0	1	0	0	0	0	0
C	Marios	19	107	7	1	30____	42420	1	0	0	0	0	0	0	0	0	1	0
C	Marios	19	107	7	1	30____	42421	1	0	0	0	0	1	0	0	0	0	0
C	Marios	19	107	7	1	30____	42446	1	0	0	0	0	0	0	0	0	1	0
C	Marios	19	107	7	1	30____	42463	1	0	0	0	0	1	0	0	0	0	0
C	Marios	19	107	7	1	30____	42566	1	0	0	0	0	0	0	0	0	1	0
C	Marios	19	107	7	1	30____	42642	1	0	0	0	0	1	0	0	0	0	0
C	Marios	19	107	7	1	30____	42644	1	0	0	0	0	1	0	0	0	1	0
C	Marios	19	107	7	1	30____	42646	1	0	0	0	0	0	0	0	0	1	0
C	Marios	19	107	7	1	30____	42665	1	0	0	0	0	1	0	0	0	0	0
C	Marios	19	107	7	1	30____	42692	1	0	0	0	0	0	0	0	0	1	0
C	Marios	19	107	7	1	30____	42693	1	0	0	0	0	1	0	0	0	0	0
C	Marios	19	107	7	1	30____	42793	1	0	0	0	0	0	0	0	0	1	0
C	Marios	19	107	7	1	30____	43110	1	0	0	0	0	1	0	0	0	0	0
C	Marios	19	107	7	1	30____	43165	1	0	0	0	0	0	0	0	0	1	0
C	Marios	19	107	7	1	30____	43313	1	0	0	0	0	1	0	0	0	0	0
C	Marios	19	107	7	1	30____	43327	1	0	0	0	0	0	0	0	0	1	0
C	Marios	19	107	7	1	30____	43334	1	0	0	0	0	1	0	0	0	0	0
C	Marios	19	107	7	1	30____	43352	1	0	0	0	0	0	0	0	0	1	0
C	Marios	19	107	7	1	30____	43378	1	0	0	0	0	1	0	0	0	0	0
C	Marios	19	107	7	1	30____	43422	1	0	0	0	0	0	0	0	0	1	0
C	Marios	19	107	7	1	30____	44208	1	0	0	0	0	1	0	0	0	0	0
C	Marios	19	107	7	1	30____	44216	1	0	0	0	0	0	0	0	0	1	0
C	Marios	19	107	7	1	30____	44242	1	0	0	0	0	1	0	0	0	0	0
C	Marios	19	107	7	1	30____	44244	1	0	0	0	0	0	0	0	0	1	0
C	Marios	19	107	7	1	30____	45098	1	0	0	0	0	1	0	0	0	0	0
C	Marios	19	107	7	1	30____	45147	1	0	0	0	0	0	0	0	0	1	0
C	Marios	19	107	7	1	30____	45149	1	0	0	0	0	1	0	0	0	0	0
C	Marios	19	107	7	1	30____	45151	1	0	0	0	0	0	0	0	0	1	0
C	Marios	19	107	7	1	30____	45292	1	0	0	0	0	1	0	0	0	0	0
C	Marios	19	107	7	1	30____	45298	1	0	0	0	0	0	0	0	0	1	0
C	Marios	19	107	7	1	30____	45318	1	0	0	0	0	1	0	0	0	0	0
C	Marios	19	107	7	1	30____	45353	1	0	0	0	0	0	0	0	0	1	0
C	Marios	19	107	7	1	30____	45868	1	0	0	0	0	1	0	0	0	0	0
C	Marios	19	107	7	1	30____	45994	1	0	0	0	0	0	0	0	0	1	0
C	Marios	19	107	7	1	30____	46214	1	0	0	0	0	1	0	0	0	0	0
C	Marios	19	107	7	1	30____	46216	1	0	0	0	0	0	0	0	0	1	0
C	Marios	19	107	7	1	30____	46237	1	0	0	0	0	1	0	0	0	0	0
C	Marios	19	107	7	1	30____	46322	1	0	0	0	0	0	0	0	0	1	0
C	Marios	19	107	7	1	30____	46500	1	2	0	0	0	0	0	0	0	0	0
C	Marios	19	107	7	1	30____	46562	2	0	0	0	0	1	0	0	0	0	0
C	Marios	19	107	7	1	30____	46618	2	0	0	0	0	0	0	0	0	1	0
C	Marios	19	107	7	1	30____	47000	2	16	0	0	0	0	0	0	0	0	0
C	Marios	19	107	7	1	30____	47500	16	15	0	0	0	0	0	0	0	0	0
C	Marios	19	107	7	1	30____	47796	15	0	0	0	0	1	0	0	0	0	0
C	Marios	19	107	7	1	30____	47808	15	0	0	0	0	0	0	0	0	1	0
C	Marios	19	107	7	1	30____	48000	15	1	0	0	0	0	0	0	0	0	0
C	Marios	19	107	7	1	30____	48489	1	0	0	0	0	1	0	0	0	0	0
C	Marios	19	107	7	1	30____	48515	1	0	0	0	0	0	0	0	0	1	0
C	Marios	19	107	7	1	30____	48555	1	0	0	0	0	1	0	0	0	0	0
C	Marios	19	107	7	1	30____	48572	1	0	0	0	0	0	0	0	0	1	0
C	Marios	19	107	7	1	30____	48708	1	0	0	0	0	1	0	0	0	0	0
C	Marios	19	107	7	1	30____	48724	1	0	0	0	0	0	0	0	0	1	0
C	Marios	19	107	7	1	30____	48752	1	0	0	0	0	1	0	0	0	0	0
C	Marios	19	107	7	1	30____	48772	1	0	0	0	0	0	0	0	0	1	0
C	Marios	19	107	7	1	30____	49500	1	2	0	0	0	0	0	0	0	0	0
C	Marios	19	107	7	1	30____	50000	2	17	0	0	0	0	0	0	0	0	0
C	Marios	19	107	7	1	30____	50500	17	15	0	0	0	0	0	0	0	0	0
C	Marios	19	107	7	1	30____	50922	15	0	0	0	0	1	0	0	0	0	0
C	Marios	19	107	7	1	30____	50950	15	0	0	0	0	0	0	0	0	1	0
C	Marios	19	107	7	1	30____	51000	15	1	0	0	0	0	0	0	0	0	0
C	Marios	19	107	7	1	30____	52309	1	0	0	0	0	1	0	0	0	0	0
C	Marios	19	107	7	1	30____	52311	1	0	0	0	0	0	0	0	0	1	0
C	Marios	19	107	7	1	30____	52396	1	0	0	0	0	1	0	0	0	0	0
C	Marios	19	107	7	1	30____	52407	1	0	0	0	0	0	0	0	0	1	0
C	Marios	19	107	7	1	30____	52418	1	0	0	0	0	1	0	0	0	0	0
C	Marios	19	107	7	1	30____	52449	1	0	0	0	0	0	0	0	0	1	0
C	Marios	19	107	7	1	30____	53139	1	0	0	0	0	1	0	0	0	0	0
C	Marios	19	107	7	1	30____	53229	1	0	0	0	0	0	0	0	0	1	0
C	Marios	19	107	7	1	30____	53541	1	0	0	0	0	1	0	0	0	0	0
C	Marios	19	107	7	1	30____	53626	1	0	0	0	0	0	0	0	0	1	0
C	Marios	19	107	7	1	30____	54442	1	0	0	0	0	1	0	0	0	0	0
C	Marios	19	107	7	1	30____	54536	1	0	0	0	0	0	0	0	0	1	0
C	Marios	19	107	7	1	30____	54605	1	0	0	0	0	1	0	0	0	0	0
C	Marios	19	107	7	1	30____	54615	1	0	0	0	0	0	0	0	0	1	0
C	Marios	19	107	7	1	30____	54625	1	0	0	0	0	1	0	0	0	0	0
C	Marios	19	107	7	1	30____	54640	1	0	0	0	0	0	0	0	0	1	0
C	Marios	19	107	7	1	30____	54652	1	0	0	0	0	1	0	0	0	0	0
C	Marios	19	107	7	1	30____	54678	1	0	0	0	0	0	0	0	0	1	0
C	Marios	19	107	7	1	30____	54717	1	0	0	0	0	1	0	0	0	0	0
C	Marios	19	107	7	1	30____	54727	1	0	0	0	0	0	0	0	0	1	0
C	Marios	19	107	7	1	30____	54731	1	0	0	0	0	1	0	0	0	0	0
C	Marios	19	107	7	1	30____	54850	1	0	0	0	0	0	0	0	0	1	0
C	Marios	19	107	7	1	30____	54863	1	0	0	0	0	1	0	0	0	0	0
C	Marios	19	107	7	1	30____	54883	1	0	0	0	0	0	0	0	0	1	0
C	Marios	19	107	7	1	30____	54939	1	0	0	0	0	1	0	0	0	0	0
C	Marios	19	107	7	1	30____	54949	1	0	0	0	0	0	0	0	0	1	0
C	Marios	19	107	7	1	30____	54965	1	0	0	0	0	1	0	0	0	0	0
C	Marios	19	107	7	1	30____	55107	1	0	0	0	0	0	0	0	0	1	0
C	Marios	19	107	7	1	30____	55108	1	0	0	0	0	1	0	0	0	0	0
C	Marios	19	107	7	1	30____	55195	1	0	0	0	0	0	0	0	0	1	0
C	Marios	19	107	7	1	30____	55201	1	0	0	0	0	1	0	0	0	0	0
C	Marios	19	107	7	1	30____	55344	1	0	0	0	0	0	0	0	0	1	0
C	Marios	19	107	7	1	30____	55679	1	0	0	0	0	1	0	0	0	0	0
C	Marios	19	107	7	1	30____	55703	1	0	0	0	0	0	0	0	0	1	0
C	Marios	19	107	7	1	30____	56250	1	2	0	0	0	0	0	0	0	0	0
C	Marios	19	107	7	1	30____	56750	2	17	0	0	0	1	0	0	0	0	0
C	Marios	19	107	7	1	30____	56751	17	0	0	0	0	0	0	0	0	1	0
C	Marios	19	107	7	1	30____	56793	17	0	0	0	0	1	0	0	0	0	0
C	Marios	19	107	7	1	30____	56817	17	0	0	0	0	0	0	0	0	1	0
C	Marios	19	107	7	1	30____	57250	17	15	0	0	0	0	0	0	0	0	0
C	Marios	19	107	7	1	30____	57338	15	0	0	0	0	1	0	0	0	0	0
C	Marios	19	107	7	1	30____	57372	15	0	0	0	0	0	0	0	0	1	0
C	Marios	19	107	7	1	30____	57750	15	1	0	0	0	0	0	0	0	0	0
C	Marios	19	107	7	1	30____	58529	1	0	0	0	0	1	0	0	0	0	0
C	Marios	19	107	7	1	30____	58574	1	0	0	0	0	0	0	0	0	1	0
C	Marios	19	107	7	1	30____	58885	1	0	0	0	0	1	0	0	0	0	0
C	Marios	19	107	7	1	30____	58891	1	0	0	0	0	0	0	0	0	1	0
C	Marios	19	107	7	1	30____	58892	1	0	0	0	0	1	0	0	0	0	0
C	Marios	19	107	7	1	30____	58893	1	0	0	0	0	0	0	0	0	1	0
C	Marios	19	107	7	1	30____	58910	1	0	0	0	0	1	0	0	0	0	0
C	Marios	19	107	7	1	30____	58952	1	0	0	0	0	0	0	0	0	1	0
C	Marios	19	107	7	1	30____	59613	1	0	0	0	0	1	0	0	0	0	0
C	Marios	19	107	7	1	30____	59659	1	0	0	0	0	0	0	0	0	1	0
C	Marios	19	107	7	1	30____	61505	1	0	0	0	0	1	0	0	0	0	0
C	Marios	19	107	7	1	30____	61525	1	0	0	0	0	0	0	0	0	1	0
C	Marios	19	107	7	1	30____	62250	1	2	0	0	0	0	0	0	0	0	0
C	Marios	19	107	7	1	30____	62423	2	0	0	0	0	1	0	0	0	0	0
C	Marios	19	107	7	1	30____	62426	2	0	0	0	0	0	0	0	0	1	0
C	Marios	19	107	7	1	30____	62454	2	0	0	0	0	1	0	0	0	0	0
C	Marios	19	107	7	1	30____	62477	2	0	0	0	0	0	0	0	0	1	0
C	Marios	19	107	7	1	30____	62585	2	0	0	0	0	1	0	0	0	0	0
C	Marios	19	107	7	1	30____	62710	2	0	0	0	0	0	0	0	0	1	0
C	Marios	19	107	7	1	30____	62750	2	7	0	0	0	0	0	0	0	0	0
C	Marios	19	107	7	1	30____	63250	7	11	0	0	0	0	0	0	0	0	0
C	Marios	19	107	7	1	30____	63261	11	0	0	0	0	1	0	0	0	0	0
C	Marios	19	107	7	1	30____	63278	11	0	0	0	0	0	0	0	0	1	0
C	Marios	19	107	7	1	30____	63285	11	0	0	0	0	1	0	0	0	0	0
C	Marios	19	107	7	1	30____	63379	11	0	0	0	0	0	0	0	0	1	0
C	Marios	19	107	7	1	30____	63381	11	0	0	0	0	1	0	0	0	0	0
C	Marios	19	107	7	1	30____	63576	11	0	0	0	0	0	0	0	0	1	0
C	Marios	19	107	7	1	30____	63578	11	0	0	0	0	1	0	0	0	0	0
C	Marios	19	107	7	1	30____	63650	11	0	0	0	0	0	0	0	0	1	0
C	Marios	19	107	7	1	30____	63652	11	0	0	0	0	1	0	0	0	0	0
C	Marios	19	107	7	1	30____	63668	11	0	0	0	0	0	0	0	0	1	0
C	Marios	19	107	7	1	30____	63675	11	0	0	0	0	1	0	0	0	0	0
C	Marios	19	107	7	1	30____	63677	11	0	0	0	0	0	0	0	0	1	0
C	Marios	19	107	7	1	30____	63688	11	0	0	0	0	1	0	0	0	0	0
C	Marios	19	107	7	1	30____	63750	11	1	0	0	0	0	0	0	0	0	0
C	Marios	19	107	7	1	30____	63759	1	0	0	0	0	0	0	0	0	1	0
C	Marios	19	107	7	1	30____	63772	1	0	0	0	0	1	0	0	0	0	0
C	Marios	19	107	7	1	30____	63947	1	0	0	0	0	0	0	0	0	1	0
C	Marios	19	107	7	1	30____	63952	1	0	0	0	0	1	0	0	0	0	0
C	Marios	19	107	7	1	30____	64058	1	0	0	0	0	0	0	0	0	1	0
C	Marios	19	107	7	1	30____	64315	1	0	0	0	0	1	0	0	0	0	0
C	Marios	19	107	7	1	30____	64317	1	0	0	0	0	0	0	0	0	1	0
C	Marios	19	107	7	1	30____	64318	1	0	0	0	0	1	0	0	0	0	0
C	Marios	19	107	7	1	30____	64369	1	0	0	0	0	0	0	0	0	1	0
C	Marios	19	107	7	1	30____	64378	1	0	0	0	0	1	0	0	0	0	0
C	Marios	19	107	7	1	30____	64457	1	0	0	0	0	0	0	0	0	1	0
C	Marios	19	107	7	1	30____	65372	1	0	0	0	0	1	0	0	0	0	0
C	Marios	19	107	7	1	30____	65389	1	0	0	0	0	0	0	0	0	1	0
C	Marios	19	107	7	1	30____	65549	1	0	0	0	0	1	0	0	0	0	0
C	Marios	19	107	7	1	30____	65563	1	0	0	0	0	0	0	0	0	1	0
C	Marios	19	107	7	1	30____	65968	1	0	0	0	0	1	0	0	0	0	0
C	Marios	19	107	7	1	30____	65985	1	0	0	0	0	0	0	0	0	1	0
C	Marios	19	107	7	1	30____	68805	1	0	0	0	0	1	0	0	0	0	0
C	Marios	19	107	7	1	30____	68877	1	0	0	0	0	0	0	0	0	1	0
C	Marios	19	107	7	1	30____	68908	1	0	0	0	0	1	0	0	0	0	0
C	Marios	19	107	7	1	30____	68949	1	0	0	0	0	0	0	0	0	1	0
C	Marios	19	107	7	1	30____	69013	1	0	0	0	0	1	0	0	0	0	0
C	Marios	19	107	7	1	30____	69026	1	0	0	0	0	0	0	0	0	1	0
C	Marios	19	107	7	1	30____	69032	1	0	0	0	0	1	0	0	0	0	0
C	Marios	19	107	7	1	30____	69124	1	0	0	0	0	0	0	0	0	1	0
C	Marios	19	107	7	1	30____	69125	1	0	0	0	0	1	0	0	0	0	0
C	Marios	19	107	7	1	30____	69167	1	0	0	0	0	0	0	0	0	1	0
C	Marios	19	107	7	1	30____	69269	1	0	0	0	0	1	0	0	0	0	0
C	Marios	19	107	7	1	30____	69321	1	0	0	0	0	0	0	0	0	1	0
C	Marios	19	107	7	1	30____	69324	1	0	0	0	0	1	0	0	0	0	0
C	Marios	19	107	7	1	30____	69349	1	0	0	0	0	0	0	0	0	1	0
C	Marios	19	107	7	1	30____	69451	1	0	0	0	0	1	0	0	0	0	0
C	Marios	19	107	7	1	30____	69531	1	0	0	0	0	0	0	0	0	1	0
C	Marios	19	107	7	1	30____	70101	1	0	0	0	0	1	0	0	0	0	0
C	Marios	19	107	7	1	30____	70107	1	0	0	0	0	0	0	0	0	1	0
C	Marios	19	107	7	1	30____	70114	1	0	0	0	0	1	0	0	0	0	0
C	Marios	19	107	7	1	30____	70140	1	0	0	0	0	0	0	0	0	1	0
C	Marios	19	107	7	1	30____	70306	1	0	0	0	0	1	0	0	0	0	0
C	Marios	19	107	7	1	30____	70326	1	0	0	0	0	0	0	0	0	1	0
C	Marios	19	107	7	1	30____	70379	1	0	0	0	0	1	0	0	0	0	0
C	Marios	19	107	7	1	30____	70412	1	0	0	0	0	0	0	0	0	1	0
C	Marios	19	107	7	1	30____	70418	1	0	0	0	0	1	0	0	0	0	0
C	Marios	19	107	7	1	30____	70427	1	0	0	0	0	0	0	0	0	1	0
C	Marios	19	107	7	1	30____	70500	1	2	0	0	0	0	0	0	0	0	0
C	Marios	19	107	7	1	30____	70961	2	0	0	0	0	1	0	0	0	0	0
C	Marios	19	107	7	1	30____	71000	2	6	0	0	0	0	0	0	0	0	0
C	Marios	19	107	7	1	30____	71005	6	0	0	0	0	0	0	0	0	1	0
C	Marios	19	107	7	1	30____	71065	6	0	0	0	0	1	0	0	0	0	0
C	Marios	19	107	7	1	30____	71067	6	0	0	0	0	0	0	0	0	1	0
C	Marios	19	107	7	1	30____	71088	6	0	0	0	0	1	0	0	0	0	0
C	Marios	19	107	7	1	30____	71107	6	0	0	0	0	0	0	0	0	1	0
C	Marios	19	107	7	1	30____	71115	6	0	0	0	0	1	0	0	0	0	0
C	Marios	19	107	7	1	30____	71148	6	0	0	0	0	0	0	0	0	1	0
C	Marios	19	107	7	1	30____	71189	6	0	0	0	0	1	0	0	0	0	0
C	Marios	19	107	7	1	30____	71249	6	0	0	0	0	0	0	0	0	1	0
C	Marios	19	107	7	1	30____	71262	6	0	0	0	0	1	0	0	0	0	0
C	Marios	19	107	7	1	30____	71274	6	0	0	0	0	0	0	0	0	1	0
C	Marios	19	107	7	1	30____	71275	6	0	0	0	0	1	0	0	0	0	0
C	Marios	19	107	7	1	30____	71278	6	0	0	0	0	0	0	0	0	1	0
C	Marios	19	107	7	1	30____	71280	6	0	0	0	0	1	0	0	0	0	0
C	Marios	19	107	7	1	30____	71333	6	0	0	0	0	0	0	0	0	1	0
C	Marios	19	107	7	1	30____	71345	6	0	0	0	0	1	0	0	0	0	0
C	Marios	19	107	7	1	30____	71378	6	0	0	0	0	0	0	0	0	1	0
C	Marios	19	107	7	1	30____	71382	6	0	0	0	0	1	0	0	0	0	0
C	Marios	19	107	7	1	30____	71405	6	0	0	0	0	0	0	0	0	1	0
C	Marios	19	107	7	1	30____	71426	6	0	0	0	0	1	0	0	0	0	0
C	Marios	19	107	7	1	30____	71500	6	10	0	0	0	0	0	0	0	0	0
C	Marios	19	107	7	1	30____	71517	10	0	0	0	0	0	0	0	0	1	0
C	Marios	19	107	7	1	30____	71518	10	0	0	0	0	1	0	0	0	0	0
C	Marios	19	107	7	1	30____	71519	10	0	0	0	0	0	0	0	0	1	0
C	Marios	19	107	7	1	30____	71530	10	0	0	0	0	1	0	0	0	0	0
C	Marios	19	107	7	1	30____	71747	10	0	0	0	0	0	0	0	0	1	0
C	Marios	19	107	7	1	30____	71914	10	0	0	0	0	1	0	0	0	0	0
C	Marios	19	107	7	1	30____	72000	10	1	0	0	0	0	0	0	0	0	0
C	Marios	19	107	7	1	30____	72084	1	0	0	0	0	0	0	0	0	1	0
C	Marios	19	107	7	1	30____	72113	1	0	0	0	0	1	0	0	0	0	0
C	Marios	19	107	7	1	30____	72115	1	0	0	0	0	0	0	0	0	1	0
C	Marios	19	107	7	1	30____	72125	1	0	0	0	0	1	0	0	0	0	0
C	Marios	19	107	7	1	30____	72147	1	0	0	0	0	0	0	0	0	1	0
C	Marios	19	107	7	1	30____	72399	1	0	0	0	0	1	0	0	0	0	0
C	Marios	19	107	7	1	30____	72420	1	0	0	0	0	0	0	0	0	1	0
C	Marios	19	107	7	1	30____	72426	1	0	0	0	0	1	0	0	0	0	0
C	Marios	19	107	7	1	30____	72428	1	0	0	0	0	0	0	0	0	1	0
C	Marios	19	107	7	1	30____	73117	1	0	0	0	0	1	0	0	0	0	0
C	Marios	19	107	7	1	30____	73228	1	0	0	0	0	0	0	0	0	1	0
C	Marios	19	107	7	1	30____	74114	1	0	0	0	0	1	0	0	0	0	0
C	Marios	19	107	7	1	30____	74220	1	0	0	0	0	0	0	0	0	1	0
C	Marios	19	107	7	1	30____	74258	1	0	0	0	0	1	0	0	0	0	0
C	Marios	19	107	7	1	30____	74302	1	0	0	0	0	0	0	0	0	1	0
C	Marios	19	107	7	1	30____	74534	1	0	0	0	0	1	0	0	0	0	0
C	Marios	19	107	7	1	30____	74560	1	0	0	0	0	0	0	0	0	1	0
C	Marios	19	107	7	1	30____	75372	1	0	0	0	0	1	0	0	0	0	0
C	Marios	19	107	7	1	30____	75431	1	0	0	0	0	0	0	0	0	1	0
C	Marios	19	107	7	1	30____	75628	1	0	0	0	0	1	0	0	0	0	0
C	Marios	19	107	7	1	30____	75651	1	0	0	0	0	0	0	0	0	1	0
C	Marios	19	107	7	1	30____	75654	1	0	0	0	0	1	0	0	0	0	0
C	Marios	19	107	7	1	30____	75719	1	0	0	0	0	0	0	0	0	1	0
C	Marios	19	107	7	1	30____	75944	1	0	0	0	0	1	0	0	0	0	0
C	Marios	19	107	7	1	30____	75946	1	0	0	0	0	0	0	0	0	1	0
C	Marios	19	107	7	1	30____	76611	1	0	0	0	0	1	0	0	0	0	0
C	Marios	19	107	7	1	30____	76707	1	0	0	0	0	0	0	0	0	1	0
C	Marios	19	107	7	1	30____	76953	1	0	0	0	0	1	0	0	0	0	0
C	Marios	19	107	7	1	30____	77034	1	0	0	0	0	0	0	0	0	1	0
C	Marios	19	107	7	1	30____	77213	1	0	0	0	0	1	0	0	0	0	0
C	Marios	19	107	7	1	30____	77250	1	2	0	0	0	0	0	0	0	0	0
C	Marios	19	107	7	1	30____	77280	2	0	0	0	0	0	0	0	0	1	0
C	Marios	19	107	7	1	30____	77323	2	0	0	0	0	1	0	0	0	0	0
C	Marios	19	107	7	1	30____	77330	2	0	0	0	0	0	0	0	0	1	0
C	Marios	19	107	7	1	30____	77750	2	16	0	0	0	0	0	0	0	0	0
C	Marios	19	107	7	1	30____	78079	16	0	0	0	0	1	0	0	0	0	0
C	Marios	19	107	7	1	30____	78095	16	0	0	0	0	0	0	0	0	1	0
C	Marios	19	107	7	1	30____	78250	16	15	0	0	0	0	0	0	0	0	0
C	Marios	19	107	7	1	30____	78257	15	0	0	0	0	1	0	0	0	0	0
C	Marios	19	107	7	1	30____	78392	15	0	0	0	0	0	0	0	0	1	0
C	Marios	19	107	7	1	30____	78445	15	0	0	0	0	1	0	0	0	0	0
C	Marios	19	107	7	1	30____	78474	15	0	0	0	0	0	0	0	0	1	0
C	Marios	19	107	7	1	30____	78488	15	0	0	0	0	1	0	0	0	0	0
C	Marios	19	107	7	1	30____	78497	15	0	0	0	0	0	0	0	0	1	0
C	Marios	19	107	7	1	30____	78502	15	0	0	0	0	1	0	0	0	0	0
C	Marios	19	107	7	1	30____	78520	15	0	0	0	0	0	0	0	0	1	0
C	Marios	19	107	7	1	30____	78574	15	0	0	0	0	1	0	0	0	0	0
C	Marios	19	107	7	1	30____	78615	15	0	0	0	0	0	0	0	0	1	0
C	Marios	19	107	7	1	30____	78666	15	0	0	0	0	1	0	0	0	0	0
C	Marios	19	107	7	1	30____	78681	15	0	0	0	0	0	0	0	0	1	0
C	Marios	19	107	7	1	30____	78685	15	0	0	0	0	1	0	0	0	0	0
C	Marios	19	107	7	1	30____	78687	15	0	0	0	0	0	0	0	0	1	0
C	Marios	19	107	7	1	30____	78688	15	0	0	0	0	1	0	0	0	0	0
C	Marios	19	107	7	1	30____	78735	15	0	0	0	0	0	0	0	0	1	0
C	Marios	19	107	7	1	30____	78737	15	0	0	0	0	1	0	0	0	0	0
C	Marios	19	107	7	1	30____	78750	15	1	0	0	0	0	0	0	0	0	0
C	Marios	19	107	7	1	30____	78803	1	0	0	0	0	0	0	0	0	1	0
C	Marios	19	107	7	1	30____	78805	1	0	0	0	0	1	0	0	0	0	0
C	Marios	19	107	7	1	30____	78809	1	0	0	0	0	0	0	0	0	1	0
C	Marios	19	107	7	1	30____	78810	1	0	0	0	0	1	0	0	0	0	0
C	Marios	19	107	7	1	30____	78855	1	0	0	0	0	0	0	0	0	1	0
C	Marios	19	107	7	1	30____	78859	1	0	0	0	0	1	0	0	0	0	0
C	Marios	19	107	7	1	30____	78982	1	0	0	0	0	0	0	0	0	1	0
C	Marios	19	107	7	1	30____	79214	1	0	0	0	0	1	0	0	0	0	0
C	Marios	19	107	7	1	30____	79253	1	0	0	0	0	0	0	0	0	1	0
C	Marios	19	107	7	1	30____	79376	1	0	0	0	0	1	0	0	0	0	0
C	Marios	19	107	7	1	30____	79384	1	0	0	0	0	0	0	0	0	1	0
C	Marios	19	107	7	1	30____	79393	1	0	0	0	0	1	0	0	0	0	0
C	Marios	19	107	7	1	30____	79412	1	0	0	0	0	0	0	0	0	1	0
C	Marios	19	107	7	1	30____	79871	1	0	0	0	0	1	0	0	0	0	0
C	Marios	19	107	7	1	30____	79909	1	0	0	0	0	0	0	0	0	1	0
C	Marios	19	107	7	1	30____	80421	1	0	0	0	0	1	0	0	0	0	0
C	Marios	19	107	7	1	30____	80498	1	0	0	0	0	0	0	0	0	1	0
C	Marios	19	107	7	1	30____	80563	1	0	0	0	0	1	0	0	0	0	0
C	Marios	19	107	7	1	30____	80615	1	0	0	0	0	0	0	0	0	1	0
C	Marios	19	107	7	1	30____	80670	1	0	0	0	0	1	0	0	0	0	0
C	Marios	19	107	7	1	30____	80693	1	0	0	0	0	0	0	0	0	1	0
C	Marios	19	107	7	1	30____	80755	1	0	0	0	0	1	0	0	0	0	0
C	Marios	19	107	7	1	30____	80809	1	0	0	0	0	0	0	0	0	1	0
C	Marios	19	107	7	1	30____	81233	1	0	0	0	0	1	0	0	0	0	0
C	Marios	19	107	7	1	30____	81260	1	0	0	0	0	0	0	0	0	1	0
C	Marios	19	107	7	1	30____	82070	1	0	0	0	0	1	0	0	0	0	0
C	Marios	19	107	7	1	30____	82135	1	0	0	0	0	0	0	0	0	1	0
C	Marios	19	107	7	1	30____	82277	1	0	0	0	0	1	0	0	0	0	0
C	Marios	19	107	7	1	30____	82310	1	0	0	0	0	0	0	0	0	1	0
C	Marios	19	107	7	1	30____	82500	1	2	0	0	0	0	0	0	0	0	0
C	Marios	19	107	7	1	30____	82521	2	0	0	0	0	1	0	0	0	0	0
C	Marios	19	107	7	1	30____	82551	2	0	0	0	0	0	0	0	0	1	0
C	Marios	19	107	7	1	30____	82579	2	0	0	0	0	1	0	0	0	0	0
C	Marios	19	107	7	1	30____	82581	2	0	0	0	0	0	0	0	0	1	0
C	Marios	19	107	7	1	30____	82593	2	0	0	0	0	1	0	0	0	0	0
C	Marios	19	107	7	1	30____	82596	2	0	0	0	0	0	0	0	0	1	0
C	Marios	19	107	7	1	30____	82598	2	0	0	0	0	1	0	0	0	0	0
C	Marios	19	107	7	1	30____	82600	2	0	0	0	0	0	0	0	0	1	0
C	Marios	19	107	7	1	30____	82625	2	0	0	0	0	1	0	0	0	0	0
C	Marios	19	107	7	1	30____	82818	2	0	0	0	0	0	0	0	0	1	0
C	Marios	19	107	7	1	30____	82822	2	0	0	0	0	1	0	0	0	0	0
C	Marios	19	107	7	1	30____	82875	2	0	0	0	0	0	0	0	0	1	0
C	Marios	19	107	7	1	30____	83000	2	17	0	0	0	0	0	0	0	0	0
C	Marios	19	107	7	1	30____	83047	17	0	0	0	0	1	0	0	0	0	0
C	Marios	19	107	7	1	30____	83082	17	0	0	0	0	0	0	0	0	1	0
C	Marios	19	107	7	1	30____	83309	17	0	0	0	0	1	0	0	0	0	0
C	Marios	19	107	7	1	30____	83319	17	0	0	0	0	0	0	0	0	1	0
C	Marios	19	107	7	1	30____	83500	17	15	0	0	0	0	0	0	0	0	0
C	Marios	19	107	7	1	30____	83641	15	0	0	0	0	1	0	0	0	0	0
C	Marios	19	107	7	1	30____	83703	15	0	0	0	0	0	0	0	0	1	0
C	Marios	19	107	7	1	30____	83780	15	0	0	0	0	1	0	0	0	0	0
C	Marios	19	107	7	1	30____	83821	15	0	0	0	0	0	0	0	0	1	0
C	Marios	19	107	7	1	30____	83946	15	0	0	0	0	1	0	0	0	0	0
C	Marios	19	107	7	1	30____	84000	15	1	0	0	0	0	0	0	0	0	0
C	Marios	19	107	7	1	30____	84016	1	0	0	0	0	0	0	0	0	1	0
C	Marios	19	107	7	1	30____	84212	1	0	0	0	0	1	0	0	0	0	0
C	Marios	19	107	7	1	30____	84231	1	0	0	0	0	0	0	0	0	1	0
C	Marios	19	107	7	1	30____	84732	1	0	0	0	0	1	0	0	0	0	0
C	Marios	19	107	7	1	30____	84769	1	0	0	0	0	0	0	0	0	1	0
C	Marios	19	107	7	1	30____	84886	1	0	0	0	0	1	0	0	0	0	0
C	Marios	19	107	7	1	30____	84890	1	0	0	0	0	0	0	0	0	1	0
C	Marios	19	107	7	1	30____	84895	1	0	0	0	0	1	0	0	0	0	0
C	Marios	19	107	7	1	30____	84923	1	0	0	0	0	0	0	0	0	1	0
C	Marios	19	107	7	1	30____	84947	1	0	0	0	0	1	0	0	0	0	0
C	Marios	19	107	7	1	30____	84948	1	0	0	0	0	0	0	0	0	1	0
C	Marios	19	107	7	1	30____	84980	1	0	0	0	0	1	0	0	0	0	0
C	Marios	19	107	7	1	30____	84982	1	0	0	0	0	0	0	0	0	1	0
C	Marios	19	107	7	1	30____	84983	1	0	0	0	0	1	0	0	0	0	0
C	Marios	19	107	7	1	30____	85087	1	0	0	0	0	0	0	0	0	1	0
C	Marios	19	107	7	1	30____	85104	1	0	0	0	0	1	0	0	0	0	0
C	Marios	19	107	7	1	30____	85110	1	0	0	0	0	0	0	0	0	1	0
C	Marios	19	107	7	1	30____	85152	1	0	0	0	0	1	0	0	0	0	0
C	Marios	19	107	7	1	30____	85166	1	0	0	0	0	0	0	0	0	1	0
C	Marios	19	107	7	1	30____	85180	1	0	0	0	0	1	0	0	0	0	0
C	Marios	19	107	7	1	30____	85208	1	0	0	0	0	0	0	0	0	1	0
C	Marios	19	107	7	1	30____	85234	1	0	0	0	0	1	0	0	0	0	0
C	Marios	19	107	7	1	30____	85275	1	0	0	0	0	0	0	0	0	1	0
C	Marios	19	107	7	1	30____	85724	1	0	0	0	0	1	0	0	0	0	0
C	Marios	19	107	7	1	30____	85762	1	0	0	0	0	0	0	0	0	1	0
C	Marios	19	107	7	1	30____	86449	1	0	0	0	0	1	0	0	0	0	0
C	Marios	19	107	7	1	30____	86454	1	0	0	0	0	0	0	0	0	1	0
C	Marios	19	107	7	1	30____	86518	1	0	0	0	0	1	0	0	0	0	0
C	Marios	19	107	7	1	30____	86558	1	0	0	0	0	0	0	0	0	1	0
C	Marios	19	107	7	1	30____	86836	1	0	0	0	0	1	0	0	0	0	0
C	Marios	19	107	7	1	30____	86858	1	0	0	0	0	0	0	0	0	1	0
C	Marios	19	107	7	1	30____	86952	1	0	0	0	0	1	0	0	0	0	0
C	Marios	19	107	7	1	30____	86957	1	0	0	0	0	0	0	0	0	1	0
C	Marios	19	107	7	1	30____	87043	1	0	0	0	0	1	0	0	0	0	0
C	Marios	19	107	7	1	30____	87147	1	0	0	0	0	0	0	0	0	1	0
C	Marios	19	107	7	1	30____	87151	1	0	0	0	0	1	0	0	0	0	0
C	Marios	19	107	7	1	30____	87451	1	0	0	0	0	0	0	0	0	1	0
C	Marios	19	107	7	1	30____	88312	1	0	0	0	0	1	0	0	0	0	0
C	Marios	19	107	7	1	30____	88388	1	0	0	0	0	0	0	0	0	1	0
C	Marios	19	107	7	1	30____	88749	1	0	0	0	0	1	0	0	0	0	0
C	Marios	19	107	7	1	30____	88888	1	0	0	0	0	0	0	0	0	1	0
C	Marios	19	107	7	1	30____	90139	1	0	0	0	0	1	0	0	0	0	0
C	Marios	19	107	7	1	30____	90141	1	0	0	0	0	0	0	0	0	1	0
C	Marios	19	107	7	1	30____	90145	1	0	0	0	0	1	0	0	0	0	0
C	Marios	19	107	7	1	30____	90184	1	0	0	0	0	0	0	0	0	1	0
C	Marios	19	107	7	1	30____	90310	1	0	0	0	0	1	0	0	0	0	0
C	Marios	19	107	7	1	30____	90399	1	0	0	0	0	0	0	0	0	1	0
C	Marios	19	107	7	1	30____	91138	1	0	0	0	0	1	0	0	0	0	0
C	Marios	19	107	7	1	30____	91186	1	0	0	0	0	0	0	0	0	1	0
C	Marios	19	107	7	1	30____	91500	1	2	0	0	0	0	0	0	0	0	0
C	Marios	19	107	7	1	30____	91538	2	0	0	0	0	1	0	0	0	0	0
C	Marios	19	107	7	1	30____	91581	2	0	0	0	0	0	0	0	0	1	0
C	Marios	19	107	7	1	30____	91583	2	0	0	0	0	1	0	0	0	0	0
C	Marios	19	107	7	1	30____	91624	2	0	0	0	0	0	0	0	0	1	0
C	Marios	19	107	7	1	30____	91913	2	0	0	0	0	1	0	0	0	0	0
C	Marios	19	107	7	1	30____	91916	2	0	0	0	0	0	0	0	0	1	0
C	Marios	19	107	7	1	30____	91919	2	0	0	0	0	1	0	0	0	0	0
C	Marios	19	107	7	1	30____	91971	2	0	0	0	0	0	0	0	0	1	0
C	Marios	19	107	7	1	30____	92000	2	16	0	0	0	0	0	0	0	0	0
C	Marios	19	107	7	1	30____	92286	16	0	0	0	0	1	0	0	0	0	0
C	Marios	19	107	7	1	30____	92314	16	0	0	0	0	0	0	0	0	1	0
C	Marios	19	107	7	1	30____	92320	16	0	0	0	0	1	0	0	0	0	0
C	Marios	19	107	7	1	30____	92321	16	0	0	0	0	0	0	0	0	1	0
C	Marios	19	107	7	1	30____	92323	16	0	0	0	0	1	0	0	0	0	0
C	Marios	19	107	7	1	30____	92367	16	0	0	0	0	0	0	0	0	1	0
C	Marios	19	107	7	1	30____	92369	16	0	0	0	0	1	0	0	0	0	0
C	Marios	19	107	7	1	30____	92376	16	0	0	0	0	0	0	0	0	1	0
C	Marios	19	107	7	1	30____	92382	16	0	0	0	0	1	0	0	0	0	0
C	Marios	19	107	7	1	30____	92443	16	0	0	0	0	0	0	0	0	1	0
C	Marios	19	107	7	1	30____	92500	16	15	0	0	0	0	0	0	0	0	0
C	Marios	19	107	7	1	30____	92608	15	0	0	0	0	1	0	0	0	0	0
C	Marios	19	107	7	1	30____	92638	15	0	0	0	0	1	0	0	0	1	0
C	Marios	19	107	7	1	30____	92650	15	0	0	0	0	0	0	0	0	1	0
C	Marios	19	107	7	1	30____	92655	15	0	0	0	0	1	0	0	0	0	0
C	Marios	19	107	7	1	30____	92725	15	0	0	0	0	0	0	0	0	1	0
C	Marios	19	107	7	1	30____	92730	15	0	0	0	0	1	0	0	0	0	0
C	Marios	19	107	7	1	30____	92734	15	0	0	0	0	0	0	0	0	1	0
C	Marios	19	107	7	1	30____	92741	15	0	0	0	0	1	0	0	0	0	0
C	Marios	19	107	7	1	30____	92777	15	0	0	0	0	1	0	0	0	1	0
C	Marios	19	107	7	1	30____	92856	15	0	0	0	0	0	0	0	0	1	0
C	Marios	19	107	7	1	30____	92864	15	0	0	0	0	1	0	0	0	0	0
C	Marios	19	107	7	1	30____	92880	15	0	0	0	0	0	0	0	0	1	0
C	Marios	19	107	7	1	30____	92925	15	0	0	0	0	1	0	0	0	0	0
C	Marios	19	107	7	1	30____	92965	15	0	0	0	0	0	0	0	0	1	0
C	Marios	19	107	7	1	30____	93000	15	1	0	0	0	0	0	0	0	0	0
C	Marios	19	107	7	1	30____	93272	1	0	0	0	0	1	0	0	0	0	0
C	Marios	19	107	7	1	30____	93293	1	0	0	0	0	0	0	0	0	1	0
C	Marios	19	107	7	1	30____	93870	1	0	0	0	0	1	0	0	0	0	0
C	Marios	19	107	7	1	30____	93987	1	0	0	0	0	0	0	0	0	1	0
C	Marios	19	107	7	1	30____	94182	1	0	0	0	0	1	0	0	0	0	0
C	Marios	19	107	7	1	30____	94197	1	0	0	0	0	0	0	0	0	1	0
C	Marios	19	107	7	1	30____	94653	1	0	0	0	0	1	0	0	0	0	0
C	Marios	19	107	7	1	30____	94732	1	0	0	0	0	0	0	0	0	1	0
C	Marios	19	107	7	1	30____	95768	1	0	0	0	0	1	0	0	0	0	0
C	Marios	19	107	7	1	30____	95881	1	0	0	0	0	0	0	0	0	1	0
C	Marios	19	107	7	1	30____	96383	1	0	0	0	0	1	0	0	0	0	0
C	Marios	19	107	7	1	30____	96462	1	0	0	0	0	0	0	0	0	1	0
C	Marios	19	107	7	1	30____	97174	1	0	0	0	0	1	0	0	0	0	0
C	Marios	19	107	7	1	30____	97186	1	0	0	0	0	0	0	0	0	1	0
C	Marios	19	107	7	1	30____	97498	1	0	0	0	0	1	0	0	0	0	0
C	Marios	19	107	7	1	30____	97500	1	2	0	0	0	0	0	0	0	0	0
C	Marios	19	107	7	1	30____	97618	2	0	0	0	0	0	0	0	0	1	0
C	Marios	19	107	7	1	30____	97665	2	0	0	0	0	1	0	0	0	0	0
C	Marios	19	107	7	1	30____	97677	2	0	0	0	0	0	0	0	0	1	0
C	Marios	19	107	7	1	30____	97696	2	0	0	0	0	1	0	0	0	0	0
C	Marios	19	107	7	1	30____	97700	2	0	0	0	0	0	0	0	0	1	0
C	Marios	19	107	7	1	30____	98000	2	7	0	0	0	0	0	0	0	0	0
C	Marios	19	107	7	1	30____	98105	7	0	0	0	0	1	0	0	0	0	0
C	Marios	19	107	7	1	30____	98151	7	0	0	0	0	0	0	0	0	1	0
C	Marios	19	107	7	1	30____	98187	7	0	0	0	0	1	0	0	0	0	0
C	Marios	19	107	7	1	30____	98197	7	0	0	0	0	0	0	0	0	1	0
C	Marios	19	107	7	1	30____	98202	7	0	0	0	0	1	0	0	0	0	0
C	Marios	19	107	7	1	30____	98208	7	0	0	0	0	0	0	0	0	1	0
C	Marios	19	107	7	1	30____	98211	7	0	0	0	0	1	0	0	0	0	0
C	Marios	19	107	7	1	30____	98246	7	0	0	0	0	0	0	0	0	1	0
C	Marios	19	107	7	1	30____	98291	7	0	0	0	0	1	0	0	0	0	0
C	Marios	19	107	7	1	30____	98303	7	0	0	0	0	0	0	0	0	1	0
C	Marios	19	107	7	1	30____	98316	7	0	0	0	0	1	0	0	0	0	0
C	Marios	19	107	7	1	30____	98355	7	0	0	0	0	0	0	0	0	1	0
C	Marios	19	107	7	1	30____	98359	7	0	0	0	0	1	0	0	0	0	0
C	Marios	19	107	7	1	30____	98500	7	11	0	0	0	0	0	0	0	0	0
C	Marios	19	107	7	1	30____	98529	11	0	0	0	0	0	0	0	0	1	0
C	Marios	19	107	7	1	30____	98534	11	0	0	0	0	1	0	0	0	0	0
C	Marios	19	107	7	1	30____	98956	11	0	0	0	0	0	0	0	0	1	0
C	Marios	19	107	7	1	30____	98959	11	0	0	0	0	1	0	0	0	0	0
C	Marios	19	107	7	1	30____	98967	11	0	0	0	0	0	0	0	0	1	0
C	Marios	19	107	7	1	30____	99000	11	1	0	0	0	0	0	0	0	0	0
C	Marios	19	107	7	1	30____	100187	1	0	0	0	0	1	0	0	0	0	0
C	Marios	19	107	7	1	30____	100212	1	0	0	0	0	0	0	0	0	1	0
C	Marios	19	107	7	1	30____	101107	1	0	0	0	0	1	0	0	0	0	0
C	Marios	19	107	7	1	30____	101193	1	0	0	0	0	0	0	0	0	1	0
C	Marios	19	107	7	1	30____	101197	1	0	0	0	0	1	0	0	0	0	0
C	Marios	19	107	7	1	30____	101307	1	0	0	0	0	0	0	0	0	1	0
C	Marios	19	107	7	1	30____	101317	1	0	0	0	0	1	0	0	0	0	0
C	Marios	19	107	7	1	30____	101361	1	0	0	0	0	0	0	0	0	1	0
C	Marios	19	107	7	1	30____	101518	1	0	0	0	0	1	0	0	0	0	0
C	Marios	19	107	7	1	30____	101533	1	0	0	0	0	0	0	0	0	1	0
C	Marios	19	107	7	1	30____	102019	1	0	0	0	0	1	0	0	0	0	0
C	Marios	19	107	7	1	30____	102022	1	0	0	0	0	0	0	0	0	1	0
C	Marios	19	107	7	1	30____	102191	1	0	0	0	0	1	0	0	0	0	0
C	Marios	19	107	7	1	30____	102248	1	0	0	0	0	0	0	0	0	1	0
C	Marios	19	107	7	1	30____	102250	1	0	0	0	0	1	0	0	0	0	0
C	Marios	19	107	7	1	30____	102251	1	0	0	0	0	0	0	0	0	1	0
C	Marios	19	107	7	1	30____	102293	1	0	0	0	0	1	0	0	0	0	0
C	Marios	19	107	7	1	30____	102370	1	0	0	0	0	0	0	0	0	1	0
C	Marios	19	107	7	1	30____	102373	1	0	0	0	0	1	0	0	0	0	0
C	Marios	19	107	7	1	30____	102397	1	0	0	0	0	0	0	0	0	1	0
C	Marios	19	107	7	1	30____	102403	1	0	0	0	0	1	0	0	0	0	0
C	Marios	19	107	7	1	30____	102430	1	0	0	0	0	0	0	0	0	1	0
C	Marios	19	107	7	1	30____	102431	1	0	0	0	0	1	0	0	0	0	0
C	Marios	19	107	7	1	30____	102454	1	0	0	0	0	0	0	0	0	1	0
C	Marios	19	107	7	1	30____	102459	1	0	0	0	0	1	0	0	0	0	0
C	Marios	19	107	7	1	30____	102500	1	2	0	0	0	0	0	0	0	0	0
C	Marios	19	107	7	1	30____	102616	2	0	0	0	0	0	0	0	0	1	0
C	Marios	19	107	7	1	30____	102622	2	0	0	0	0	1	0	0	0	0	0
C	Marios	19	107	7	1	30____	102643	2	0	0	0	0	0	0	0	0	1	0
C	Marios	19	107	7	1	30____	102646	2	0	0	0	0	1	0	0	0	0	0
C	Marios	19	107	7	1	30____	102655	2	0	0	0	0	0	0	0	0	1	0
C	Marios	19	107	7	1	30____	102657	2	0	0	0	0	1	0	0	0	0	0
C	Marios	19	107	7	1	30____	102660	2	0	0	0	0	0	0	0	0	1	0
C	Marios	19	107	7	1	30____	102753	2	0	0	0	0	1	0	0	0	0	0
C	Marios	19	107	7	1	30____	102784	2	0	0	0	0	0	0	0	0	1	0
C	Marios	19	107	7	1	30____	102971	2	0	0	0	0	1	0	0	0	0	0
C	Marios	19	107	7	1	30____	102979	2	0	0	0	0	0	0	0	0	1	0
C	Marios	19	107	7	1	30____	103000	2	17	0	0	0	0	0	0	0	0	0
C	Marios	19	107	7	1	30____	103359	17	0	0	0	0	1	0	0	0	0	0
C	Marios	19	107	7	1	30____	103424	17	0	0	0	0	0	0	0	0	1	0
C	Marios	19	107	7	1	30____	103500	17	15	0	0	0	1	0	0	0	0	0
C	Marios	19	107	7	1	30____	103605	15	0	0	0	0	0	0	0	0	1	0
C	Marios	19	107	7	1	30____	103960	15	0	0	0	0	1	0	0	0	0	0
C	Marios	19	107	7	1	30____	103985	15	0	0	0	0	0	0	0	0	1	0
C	Marios	19	107	7	1	30____	104000	15	1	0	0	0	0	0	0	0	0	0
C	Marios	19	107	7	1	30____	104156	1	0	0	0	0	1	0	0	0	0	0
C	Marios	19	107	7	1	30____	104245	1	0	0	0	0	0	0	0	0	1	0
C	Marios	19	107	7	1	30____	104246	1	0	0	0	0	1	0	0	0	0	0
C	Marios	19	107	7	1	30____	104250	1	0	0	0	0	1	0	0	0	1	0
C	Marios	19	107	7	1	30____	104258	1	0	0	0	0	0	0	0	0	1	0
C	Marios	19	107	7	1	30____	104263	1	0	0	0	0	1	0	0	0	0	0
C	Marios	19	107	7	1	30____	104324	1	0	0	0	0	0	0	0	0	1	0
C	Marios	19	107	7	1	30____	104336	1	0	0	0	0	1	0	0	0	0	0
C	Marios	19	107	7	1	30____	104680	1	0	0	0	0	0	0	0	0	1	0
C	Marios	19	107	7	1	30____	104683	1	0	0	0	0	1	0	0	0	0	0
C	Marios	19	107	7	1	30____	104729	1	0	0	0	0	0	0	0	0	1	0
C	Marios	19	107	7	1	30____	104730	1	0	0	0	0	1	0	0	0	0	0
C	Marios	19	107	7	1	30____	104740	1	0	0	0	0	0	0	0	0	1	0
C	Marios	19	107	7	1	30____	104741	1	0	0	0	0	1	0	0	0	0	0
C	Marios	19	107	7	1	30____	104787	1	0	0	0	0	0	0	0	0	1	0
C	Marios	19	107	7	1	30____	104792	1	0	0	0	0	1	0	0	0	0	0
C	Marios	19	107	7	1	30____	104922	1	0	0	0	0	0	0	0	0	1	0
C	Marios	19	107	7	1	30____	104932	1	0	0	0	0	1	0	0	0	0	0
C	Marios	19	107	7	1	30____	104943	1	0	0	0	0	0	0	0	0	1	0
C	Marios	19	107	7	1	30____	105129	1	0	0	0	0	1	0	0	0	0	0
C	Marios	19	107	7	1	30____	105292	1	0	0	0	0	0	0	0	0	1	0
C	Marios	19	107	7	1	30____	105500	1	2	0	0	0	0	0	0	0	0	0
C	Marios	19	107	7	1	30____	105780	2	0	0	0	0	1	0	0	0	0	0
C	Marios	19	107	7	1	30____	105793	2	0	0	0	0	0	0	0	0	1	0
C	Marios	19	107	7	1	30____	106000	2	6	0	0	0	0	0	0	0	0	0
C	Marios	19	107	7	1	30____	106053	6	0	0	0	0	1	0	0	0	0	0
C	Marios	19	107	7	1	30____	106061	6	0	0	0	0	0	0	0	0	1	0
C	Marios	19	107	7	1	30____	106075	6	0	0	0	0	1	0	0	0	0	0
C	Marios	19	107	7	1	30____	106110	6	0	0	0	0	0	0	0	0	1	0
C	Marios	19	107	7	1	30____	106117	6	0	0	0	0	1	0	0	0	0	0
C	Marios	19	107	7	1	30____	106152	6	0	0	0	0	0	0	0	0	1	0
C	Marios	19	107	7	1	30____	106191	6	0	0	0	0	1	0	0	0	0	0
C	Marios	19	107	7	1	30____	106219	6	0	0	0	0	0	0	0	0	1	0
C	Marios	19	107	7	1	30____	106238	6	0	0	0	0	1	0	0	0	0	0
C	Marios	19	107	7	1	30____	106256	6	0	0	0	0	0	0	0	0	1	0
C	Marios	19	107	7	1	30____	106304	6	0	0	0	0	1	0	0	0	0	0
C	Marios	19	107	7	1	30____	106308	6	0	0	0	0	0	0	0	0	1	0
C	Marios	19	107	7	1	30____	106325	6	0	0	0	0	1	0	0	0	0	0
C	Marios	19	107	7	1	30____	106375	6	0	0	0	0	1	0	0	0	1	0
C	Marios	19	107	7	1	30____	106440	6	0	0	0	0	0	0	0	0	1	0
C	Marios	19	107	7	1	30____	106441	6	0	0	0	0	1	0	0	0	0	0
C	Marios	19	107	7	1	30____	106500	6	10	0	0	0	0	0	0	0	0	0
C	Marios	19	107	7	1	30____	106517	10	0	0	0	0	0	0	0	0	1	0
C	Marios	19	107	7	1	30____	106526	10	0	0	0	0	1	0	0	0	0	0
C	Marios	19	107	7	1	30____	106555	10	0	0	0	0	0	0	0	0	1	0
C	Marios	19	107	7	1	30____	106557	10	0	0	0	0	1	0	0	0	0	0
C	Marios	19	107	7	1	30____	106955	10	0	0	0	0	0	0	0	0	1	0
C	Marios	19	107	7	1	30____	107000	10	1	0	0	0	0	0	0	0	0	0
C	Marios	19	107	7	1	30____	107153	1	0	0	0	0	1	0	0	0	0	0
C	Marios	19	107	7	1	30____	107156	1	0	0	0	0	0	0	0	0	1	0
C	Marios	19	107	7	1	30____	107192	1	0	0	0	0	1	0	0	0	0	0
C	Marios	19	107	7	1	30____	107217	1	0	0	0	0	0	0	0	0	1	0
C	Marios	19	107	7	1	30____	107307	1	0	0	0	0	1	0	0	0	0	0
C	Marios	19	107	7	1	30____	107339	1	0	0	0	0	0	0	0	0	1	0
C	Marios	19	107	7	1	30____	107340	1	0	0	0	0	1	0	0	0	0	0
C	Marios	19	107	7	1	30____	107616	1	0	0	0	0	0	0	0	0	1	0
C	Marios	19	107	7	1	30____	107634	1	0	0	0	0	1	0	0	0	0	0
C	Marios	19	107	7	1	30____	107678	1	0	0	0	0	0	0	0	0	1	0
C	Marios	19	107	7	1	30____	107687	1	0	0	0	0	1	0	0	0	0	0
C	Marios	19	107	7	1	30____	107697	1	0	0	0	0	0	0	0	0	1	0
C	Marios	19	107	7	1	30____	107701	1	0	0	0	0	1	0	0	0	0	0
C	Marios	19	107	7	1	30____	107702	1	0	0	0	0	0	0	0	0	1	0
C	Marios	19	107	7	1	30____	107708	1	0	0	0	0	1	0	0	0	0	0
C	Marios	19	107	7	1	30____	107773	1	0	0	0	0	0	0	0	0	1	0
C	Marios	19	107	7	1	30____	107777	1	0	0	0	0	1	0	0	0	0	0
C	Marios	19	107	7	1	30____	107943	1	0	0	0	0	0	0	0	0	1	0
C	Marios	19	107	7	1	30____	107945	1	0	0	0	0	1	0	0	0	0	0
C	Marios	19	107	7	1	30____	107947	1	0	0	0	0	0	0	0	0	1	0
C	Marios	19	107	7	1	30____	107949	1	0	0	0	0	1	0	0	0	0	0
C	Marios	19	107	7	1	30____	107960	1	0	0	0	0	0	0	0	0	1	0
C	Marios	19	107	7	1	30____	108069	1	0	0	0	0	1	0	0	0	0	0
C	Marios	19	107	7	1	30____	108124	1	0	0	0	0	0	0	0	0	1	0
C	Marios	19	107	7	1	30____	108143	1	0	0	0	0	1	0	0	0	0	0
C	Marios	19	107	7	1	30____	108198	1	0	0	0	0	0	0	0	0	1	0
C	Marios	19	107	7	1	30____	108215	1	0	0	0	0	1	0	0	0	0	0
C	Marios	19	107	7	1	30____	108279	1	0	0	0	0	0	0	0	0	1	0
C	Marios	19	107	7	1	30____	108310	1	0	0	0	0	1	0	0	0	0	0
C	Marios	19	107	7	1	30____	108313	1	0	0	0	0	0	0	0	0	1	0
C	Marios	19	107	7	1	30____	108318	1	0	0	0	0	1	0	0	0	0	0
C	Marios	19	107	7	1	30____	108359	1	0	0	0	0	0	0	0	0	1	0
C	Marios	19	107	7	1	30____	108363	1	0	0	0	0	1	0	0	0	0	0
C	Marios	19	107	7	1	30____	108532	1	0	0	0	0	0	0	0	0	1	0
C	Marios	19	107	7	1	30____	110000	1	2	0	0	0	0	0	0	0	0	0
C	Marios	19	107	7	1	30____	110500	2	6	0	0	0	0	0	0	0	0	0
C	Marios	19	107	7	1	30____	110561	6	0	0	0	0	1	0	0	0	0	0
C	Marios	19	107	7	1	30____	110564	6	0	0	0	0	0	0	0	0	1	0
C	Marios	19	107	7	1	30____	110633	6	0	0	0	0	1	0	0	0	0	0
C	Marios	19	107	7	1	30____	110636	6	0	0	0	0	0	0	0	0	1	0
C	Marios	19	107	7	1	30____	110640	6	0	0	0	0	1	0	0	0	0	0
C	Marios	19	107	7	1	30____	110666	6	0	0	0	0	0	0	0	0	1	0
C	Marios	19	107	7	1	30____	110726	6	0	0	0	0	1	0	0	0	0	0
C	Marios	19	107	7	1	30____	110749	6	0	0	0	0	0	0	0	0	1	0
C	Marios	19	107	7	1	30____	110750	6	0	0	0	0	1	0	0	0	0	0
C	Marios	19	107	7	1	30____	110774	6	0	0	0	0	0	0	0	0	1	0
C	Marios	19	107	7	1	30____	110809	6	0	0	0	0	1	0	0	0	0	0
C	Marios	19	107	7	1	30____	110839	6	0	0	0	0	0	0	0	0	1	0
C	Marios	19	107	7	1	30____	110866	6	0	0	0	0	1	0	0	0	0	0
C	Marios	19	107	7	1	30____	110873	6	0	0	0	0	0	0	0	0	1	0
C	Marios	19	107	7	1	30____	110924	6	0	0	0	0	1	0	0	0	0	0
C	Marios	19	107	7	1	30____	110939	6	0	0	0	0	0	0	0	0	1	0
C	Marios	19	107	7	1	30____	110942	6	0	0	0	0	1	0	0	0	0	0
C	Marios	19	107	7	1	30____	110944	6	0	0	0	0	1	0	0	0	1	0
C	Marios	19	107	7	1	30____	111000	6	10	0	0	0	0	0	0	0	0	0
C	Marios	19	107	7	1	30____	111009	10	0	0	0	0	0	0	0	0	1	0
C	Marios	19	107	7	1	30____	111011	10	0	0	0	0	1	0	0	0	0	0
C	Marios	19	107	7	1	30____	111029	10	0	0	0	0	0	0	0	0	1	0
C	Marios	19	107	7	1	30____	111033	10	0	0	0	0	1	0	0	0	0	0
C	Marios	19	107	7	1	30____	111056	10	0	0	0	0	0	0	0	0	1	0
C	Marios	19	107	7	1	30____	111059	10	0	0	0	0	1	0	0	0	0	0
C	Marios	19	107	7	1	30____	111136	10	0	0	0	0	0	0	0	0	1	0
C	Marios	19	107	7	1	30____	111211	10	0	0	0	0	1	0	0	0	0	0
C	Marios	19	107	7	1	30____	111217	10	0	0	0	0	0	0	0	0	1	0
C	Marios	19	107	7	1	30____	111222	10	0	0	0	0	1	0	0	0	0	0
C	Marios	19	107	7	1	30____	111224	10	0	0	0	0	1	0	0	0	1	0
C	Marios	19	107	7	1	30____	111233	10	0	0	0	0	0	0	0	0	1	0
C	Marios	19	107	7	1	30____	111257	10	0	0	0	0	1	0	0	0	0	0
C	Marios	19	107	7	1	30____	111266	10	0	0	0	0	0	0	0	0	1	0
C	Marios	19	107	7	1	30____	111285	10	0	0	0	0	1	0	0	0	0	0
C	Marios	19	107	7	1	30____	111297	10	0	0	0	0	0	0	0	0	1	0
C	Marios	19	107	7	1	30____	111301	10	0	0	0	0	1	0	0	0	0	0
C	Marios	19	107	7	1	30____	111304	10	0	0	0	0	0	0	0	0	1	0
C	Marios	19	107	7	1	30____	111500	10	1	0	0	0	0	0	0	0	0	0
C	Marios	19	107	7	1	30____	111588	1	0	0	0	0	1	0	0	0	0	0
C	Marios	19	107	7	1	30____	111618	1	0	0	0	0	0	0	0	0	1	0
C	Marios	19	107	7	1	30____	111620	1	0	0	0	0	1	0	0	0	0	0
C	Marios	19	107	7	1	30____	111635	1	0	0	0	0	0	0	0	0	1	0
C	Marios	19	107	7	1	30____	111636	1	0	0	0	0	1	0	0	0	0	0
C	Marios	19	107	7	1	30____	111638	1	0	0	0	0	0	0	0	0	1	0
C	Marios	19	107	7	1	30____	111647	1	0	0	0	0	1	0	0	0	0	0
C	Marios	19	107	7	1	30____	111705	1	0	0	0	0	0	0	0	0	1	0
C	Marios	19	107	7	1	30____	111712	1	0	0	0	0	1	0	0	0	0	0
C	Marios	19	107	7	1	30____	111997	1	0	0	0	0	0	0	0	0	1	0
C	Marios	19	107	7	1	30____	112006	1	0	0	0	0	1	0	0	0	0	0
C	Marios	19	107	7	1	30____	112252	1	0	0	0	0	0	0	0	0	1	0
C	Marios	19	107	7	1	30____	112255	1	0	0	0	0	1	0	0	0	0	0
C	Marios	19	107	7	1	30____	112257	1	0	0	0	0	0	0	0	0	1	0
C	Marios	19	107	7	1	30____	112261	1	0	0	0	0	1	0	0	0	0	0
C	Marios	19	107	7	1	30____	112477	1	0	0	0	0	0	0	0	0	1	0
C	Marios	19	107	7	1	30____	113272	1	0	0	0	0	1	0	0	0	0	0
C	Marios	19	107	7	1	30____	113493	1	0	0	0	0	1	0	0	0	1	0
C	Marios	19	107	7	1	30____	113510	1	0	0	0	0	0	0	0	0	1	0
C	Marios	19	107	7	1	30____	113750	1	2	0	0	0	0	0	0	0	0	0
C	Marios	19	107	7	1	30____	114050	2	0	0	0	0	1	0	0	0	0	0
C	Marios	19	107	7	1	30____	114069	2	0	0	0	0	0	0	0	0	1	0
C	Marios	19	107	7	1	30____	114250	2	16	0	0	0	0	0	0	0	0	0
C	Marios	19	107	7	1	30____	114636	16	0	0	0	0	1	0	0	0	0	0
C	Marios	19	107	7	1	30____	114658	16	0	0	0	0	0	0	0	0	1	0
C	Marios	19	107	7	1	30____	114750	16	15	0	0	0	0	0	0	0	0	0
C	Marios	19	107	7	1	30____	114878	15	0	0	0	0	1	0	0	0	0	0
C	Marios	19	107	7	1	30____	114906	15	0	0	0	0	0	0	0	0	1	0
C	Marios	19	107	7	1	30____	115250	15	1	0	0	0	0	0	0	0	0	0
C	Marios	19	107	7	1	30____	115421	1	0	0	0	0	1	0	0	0	0	0
C	Marios	19	107	7	1	30____	115447	1	0	0	0	0	0	0	0	0	1	0
C	Marios	19	107	7	1	30____	116268	1	0	0	0	0	1	0	0	0	0	0
C	Marios	19	107	7	1	30____	116379	1	0	0	0	0	0	0	0	0	1	0
C	Marios	19	107	7	1	30____	116699	1	0	0	0	0	1	0	0	0	0	0
C	Marios	19	107	7	1	30____	116761	1	0	0	0	0	0	0	0	0	1	0
C	Marios	19	107	7	1	30____	118005	1	0	0	0	0	1	0	0	0	0	0
C	Marios	19	107	7	1	30____	118017	1	0	0	0	0	0	0	0	0	1	0
C	Marios	19	107	7	1	30____	118703	1	0	0	0	0	1	0	0	0	0	0
C	Marios	19	107	7	1	30____	118713	1	0	0	0	0	0	0	0	0	1	0
C	Marios	19	107	7	1	30____	118715	1	0	0	0	0	1	0	0	0	0	0
C	Marios	19	107	7	1	30____	118749	1	0	0	0	0	0	0	0	0	1	0
C	Marios	19	107	7	1	30____	119276	1	0	0	0	0	1	0	0	0	0	0
C	Marios	19	107	7	1	30____	119349	1	0	0	0	0	0	0	0	0	1	0
C	Marios	19	107	7	1	30____	119603	1	0	0	0	0	1	0	0	0	0	0
C	Marios	19	107	7	1	30____	119652	1	0	0	0	0	0	0	0	0	1	0
C	Marios	19	107	7	1	30____	119726	1	0	0	0	0	1	0	0	0	0	0
C	Marios	19	107	7	1	30____	119750	1	2	0	0	0	0	0	0	0	0	0
C	Marios	19	107	7	1	30____	119751	2	0	0	0	0	0	0	0	0	1	0
C	Marios	19	107	7	1	30____	120250	2	17	0	0	0	0	0	0	0	0	0
C	Marios	19	107	7	1	30____	120531	17	0	0	0	0	1	0	0	0	0	0
C	Marios	19	107	7	1	30____	120539	17	0	0	0	0	0	0	0	0	1	0
C	Marios	19	107	7	1	30____	120540	17	0	0	0	0	1	0	0	0	0	0
C	Marios	19	107	7	1	30____	120542	17	0	0	0	0	0	0	0	0	1	0
C	Marios	19	107	7	1	30____	120750	17	15	0	0	0	0	0	0	0	0	0
C	Marios	19	107	7	1	30____	121250	15	1	0	0	0	0	0	0	0	0	0
C	Marios	19	107	7	1	30____	121513	1	0	0	0	0	1	0	0	0	0	0
C	Marios	19	107	7	1	30____	121571	1	0	0	0	0	0	0	0	0	1	0
C	Marios	19	107	7	1	30____	121855	1	0	0	0	0	1	0	0	0	0	0
C	Marios	19	107	7	1	30____	121875	1	0	0	0	0	0	0	0	0	1	0
C	Marios	19	107	7	1	30____	121877	1	0	0	0	0	1	0	0	0	0	0
C	Marios	19	107	7	1	30____	121975	1	0	0	0	0	0	0	0	0	1	0
C	Marios	19	107	7	1	30____	122008	1	0	0	0	0	1	0	0	0	0	0
C	Marios	19	107	7	1	30____	122042	1	0	0	0	0	0	0	0	0	1	0
C	Marios	19	107	7	1	30____	122249	1	0	0	0	0	1	0	0	0	0	0
C	Marios	19	107	7	1	30____	122332	1	0	0	0	0	0	0	0	0	1	0
C	Marios	19	107	7	1	30____	122892	1	0	0	0	0	1	0	0	0	0	0
C	Marios	19	107	7	1	30____	122904	1	0	0	0	0	0	0	0	0	1	0
C	Marios	19	107	7	1	30____	124251	1	0	0	0	0	1	0	0	0	0	0
C	Marios	19	107	7	1	30____	124372	1	0	0	0	0	0	0	0	0	1	0
C	Marios	19	107	7	1	30____	124457	1	0	0	0	0	1	0	0	0	0	0
C	Marios	19	107	7	1	30____	124467	1	0	0	0	0	0	0	0	0	1	0
C	Marios	19	107	7	1	30____	124474	1	0	0	0	0	1	0	0	0	0	0
C	Marios	19	107	7	1	30____	124487	1	0	0	0	0	0	0	0	0	1	0
C	Marios	19	107	7	1	30____	125562	1	0	0	0	0	1	0	0	0	0	0
C	Marios	19	107	7	1	30____	125654	1	0	0	0	0	0	0	0	0	1	0
C	Marios	19	107	7	1	30____	125867	1	0	0	0	0	1	0	0	0	0	0
C	Marios	19	107	7	1	30____	125869	1	0	0	0	0	0	0	0	0	1	0
C	Marios	19	107	7	1	30____	125885	1	0	0	0	0	1	0	0	0	0	0
C	Marios	19	107	7	1	30____	125887	1	0	0	0	0	0	0	0	0	1	0
C	Marios	19	107	7	1	30____	126373	1	0	0	0	0	1	0	0	0	0	0
C	Marios	19	107	7	1	30____	126467	1	0	0	0	0	0	0	0	0	1	0
C	Marios	19	107	7	1	30____	126706	1	0	0	0	0	1	0	0	0	0	0
C	Marios	19	107	7	1	30____	126711	1	0	0	0	0	0	0	0	0	1	0
C	Marios	19	107	7	1	30____	127014	1	0	0	0	0	1	0	0	0	0	0
C	Marios	19	107	7	1	30____	127231	1	0	0	0	0	0	0	0	0	1	0
C	Marios	19	107	7	1	30____	127250	1	2	0	0	0	0	0	0	0	0	0
C	Marios	19	107	7	1	30____	127325	2	0	0	0	0	1	0	0	0	0	0
C	Marios	19	107	7	1	30____	127338	2	0	0	0	0	0	0	0	0	1	0
C	Marios	19	107	7	1	30____	127633	2	0	0	0	0	1	0	0	0	0	0
C	Marios	19	107	7	1	30____	127702	2	0	0	0	0	0	0	0	0	1	0
C	Marios	19	107	7	1	30____	127709	2	0	0	0	0	1	0	0	0	0	0
C	Marios	19	107	7	1	30____	127715	2	0	0	0	0	0	0	0	0	1	0
C	Marios	19	107	7	1	30____	127716	2	0	0	0	0	1	0	0	0	0	0
C	Marios	19	107	7	1	30____	127721	2	0	0	0	0	1	0	0	0	1	0
C	Marios	19	107	7	1	30____	127739	2	0	0	0	0	0	0	0	0	1	0
C	Marios	19	107	7	1	30____	127741	2	0	0	0	0	1	0	0	0	0	0
C	Marios	19	107	7	1	30____	127744	2	0	0	0	0	0	0	0	0	1	0
C	Marios	19	107	7	1	30____	127750	2	16	0	0	0	1	0	0	0	0	0
C	Marios	19	107	7	1	30____	127755	16	0	0	0	0	0	0	0	0	1	0
C	Marios	19	107	7	1	30____	127988	16	0	0	0	0	1	0	0	0	0	0
C	Marios	19	107	7	1	30____	128037	16	0	0	0	0	0	0	0	0	1	0
C	Marios	19	107	7	1	30____	128047	16	0	0	0	0	1	0	0	0	0	0
C	Marios	19	107	7	1	30____	128048	16	0	0	0	0	0	0	0	0	1	0
C	Marios	19	107	7	1	30____	128053	16	0	0	0	0	1	0	0	0	0	0
C	Marios	19	107	7	1	30____	128070	16	0	0	0	0	0	0	0	0	1	0
C	Marios	19	107	7	1	30____	128100	16	0	0	0	0	1	0	0	0	0	0
C	Marios	19	107	7	1	30____	128125	16	0	0	0	0	0	0	0	0	1	0
C	Marios	19	107	7	1	30____	128166	16	0	0	0	0	1	0	0	0	0	0
C	Marios	19	107	7	1	30____	128187	16	0	0	0	0	0	0	0	0	1	0
C	Marios	19	107	7	1	30____	128250	16	15	0	0	0	0	0	0	0	0	0
C	Marios	19	107	7	1	30____	128373	15	0	0	0	0	1	0	0	0	0	0
C	Marios	19	107	7	1	30____	128421	15	0	0	0	0	0	0	0	0	1	0
C	Marios	19	107	7	1	30____	128429	15	0	0	0	0	1	0	0	0	0	0
C	Marios	19	107	7	1	30____	128463	15	0	0	0	0	0	0	0	0	1	0
C	Marios	19	107	7	1	30____	128466	15	0	0	0	0	1	0	0	0	0	0
C	Marios	19	107	7	1	30____	128539	15	0	0	0	0	0	0	0	0	1	0
C	Marios	19	107	7	1	30____	128549	15	0	0	0	0	1	0	0	0	0	0
C	Marios	19	107	7	1	30____	128639	15	0	0	0	0	0	0	0	0	1	0
C	Marios	19	107	7	1	30____	128643	15	0	0	0	0	1	0	0	0	0	0
C	Marios	19	107	7	1	30____	128750	15	1	0	0	0	0	0	0	0	0	0
C	Marios	19	107	7	1	30____	128820	1	0	0	0	0	0	0	0	0	1	0
C	Marios	19	107	7	1	30____	128878	1	0	0	0	0	1	0	0	0	0	0
C	Marios	19	107	7	1	30____	128927	1	0	0	0	0	0	0	0	0	1	0
C	Marios	19	107	7	1	30____	128931	1	0	0	0	0	1	0	0	0	0	0
C	Marios	19	107	7	1	30____	128983	1	0	0	0	0	0	0	0	0	1	0
C	Marios	19	107	7	1	30____	128987	1	0	0	0	0	1	0	0	0	0	0
C	Marios	19	107	7	1	30____	129022	1	0	0	0	0	0	0	0	0	1	0
C	Marios	19	107	7	1	30____	129028	1	0	0	0	0	1	0	0	0	0	0
C	Marios	19	107	7	1	30____	129052	1	0	0	0	0	0	0	0	0	1	0
C	Marios	19	107	7	1	30____	129058	1	0	0	0	0	1	0	0	0	0	0
C	Marios	19	107	7	1	30____	129088	1	0	0	0	0	0	0	0	0	1	0
C	Marios	19	107	7	1	30____	129404	1	0	0	0	0	1	0	0	0	0	0
C	Marios	19	107	7	1	30____	129451	1	0	0	0	0	0	0	0	0	1	0
C	Marios	19	107	7	1	30____	129874	1	0	0	0	0	1	0	0	0	0	0
C	Marios	19	107	7	1	30____	129890	1	0	0	0	0	0	0	0	0	1	0
C	Marios	19	107	7	1	30____	129899	1	0	0	0	0	1	0	0	0	0	0
C	Marios	19	107	7	1	30____	129986	1	0	0	0	0	0	0	0	0	1	0
C	Marios	19	107	7	1	30____	130797	1	0	0	0	0	1	0	0	0	0	0
C	Marios	19	107	7	1	30____	130835	1	0	0	0	0	0	0	0	0	1	0
C	Marios	19	107	7	1	30____	131083	1	0	0	0	0	1	0	0	0	0	0
C	Marios	19	107	7	1	30____	131097	1	0	0	0	0	0	0	0	0	1	0
C	Marios	19	107	7	1	30____	131472	1	0	0	0	0	1	0	0	0	0	0
C	Marios	19	107	7	1	30____	131698	1	0	0	0	0	0	0	0	0	1	0
C	Marios	19	107	7	1	30____	132458	1	0	0	0	0	1	0	0	0	0	0
C	Marios	19	107	7	1	30____	132472	1	0	0	0	0	0	0	0	0	1	0
C	Marios	19	107	7	1	30____	134471	1	0	0	0	0	1	0	0	0	0	0
C	Marios	19	107	7	1	30____	134565	1	0	0	0	0	0	0	0	0	1	0
C	Marios	19	107	7	1	30____	134768	1	0	0	0	0	1	0	0	0	0	0
C	Marios	19	107	7	1	30____	134811	1	0	0	0	0	0	0	0	0	1	0
C	Marios	19	107	7	1	30____	134812	1	0	0	0	0	1	0	0	0	0	0
C	Marios	19	107	7	1	30____	134836	1	0	0	0	0	0	0	0	0	1	0
C	Marios	19	107	7	1	30____	134911	1	0	0	0	0	1	0	0	0	0	0
C	Marios	19	107	7	1	30____	135033	1	0	0	0	0	0	0	0	0	1	0
C	Marios	19	107	7	1	30____	135434	1	0	0	0	0	1	0	0	0	0	0
C	Marios	19	107	7	1	30____	135454	1	0	0	0	0	0	0	0	0	1	0
C	Marios	19	107	7	1	30____	135500	1	2	0	0	0	0	0	0	0	0	0
C	Marios	19	107	7	1	30____	135895	2	0	0	0	0	1	0	0	0	0	0
C	Marios	19	107	7	1	30____	135959	2	0	0	0	0	0	0	0	0	1	0
C	Marios	19	107	7	1	30____	136000	2	7	0	0	0	0	0	0	0	0	0
C	Marios	19	107	7	1	30____	136072	7	0	0	0	0	1	0	0	0	0	0
C	Marios	19	107	7	1	30____	136088	7	0	0	0	0	0	0	0	0	1	0
C	Marios	19	107	7	1	30____	136111	7	0	0	0	0	1	0	0	0	0	0
C	Marios	19	107	7	1	30____	136165	7	0	0	0	0	0	0	0	0	1	0
C	Marios	19	107	7	1	30____	136182	7	0	0	0	0	1	0	0	0	0	0
C	Marios	19	107	7	1	30____	136207	7	0	0	0	0	0	0	0	0	1	0
C	Marios	19	107	7	1	30____	136235	7	0	0	0	0	1	0	0	0	0	0
C	Marios	19	107	7	1	30____	136305	7	0	0	0	0	0	0	0	0	1	0
C	Marios	19	107	7	1	30____	136308	7	0	0	0	0	1	0	0	0	0	0
C	Marios	19	107	7	1	30____	136324	7	0	0	0	0	0	0	0	0	1	0
C	Marios	19	107	7	1	30____	136326	7	0	0	0	0	1	0	0	0	0	0
C	Marios	19	107	7	1	30____	136327	7	0	0	0	0	0	0	0	0	1	0
C	Marios	19	107	7	1	30____	136329	7	0	0	0	0	1	0	0	0	0	0
C	Marios	19	107	7	1	30____	136345	7	0	0	0	0	0	0	0	0	1	0
C	Marios	19	107	7	1	30____	136346	7	0	0	0	0	1	0	0	0	0	0
C	Marios	19	107	7	1	30____	136378	7	0	0	0	0	0	0	0	0	1	0
C	Marios	19	107	7	1	30____	136392	7	0	0	0	0	1	0	0	0	0	0
C	Marios	19	107	7	1	30____	136426	7	0	0	0	0	0	0	0	0	1	0
C	Marios	19	107	7	1	30____	136447	7	0	0	0	0	1	0	0	0	0	0
C	Marios	19	107	7	1	30____	136500	7	11	0	0	0	0	0	0	0	0	0
C	Marios	19	107	7	1	30____	136812	11	0	0	0	0	0	0	0	0	1	0
C	Marios	19	107	7	1	30____	136813	11	0	0	0	0	1	0	0	0	0	0
C	Marios	19	107	7	1	30____	136825	11	0	0	0	0	0	0	0	0	1	0
C	Marios	19	107	7	1	30____	137000	11	1	0	0	0	0	0	0	0	0	0
C	Marios	19	107	7	1	30____	137177	1	0	0	0	0	1	0	0	0	0	0
C	Marios	19	107	7	1	30____	137183	1	0	0	0	0	0	0	0	0	1	0
C	Marios	19	107	7	1	30____	137188	1	0	0	0	0	1	0	0	0	0	0
C	Marios	19	107	7	1	30____	137254	1	0	0	0	0	0	0	0	0	1	0
C	Marios	19	107	7	1	30____	137937	1	0	0	0	0	1	0	0	0	0	0
C	Marios	19	107	7	1	30____	137960	1	0	0	0	0	0	0	0	0	1	0
C	Marios	19	107	7	1	30____	137963	1	0	0	0	0	1	0	0	0	0	0
C	Marios	19	107	7	1	30____	137965	1	0	0	0	0	0	0	0	0	1	0
C	Marios	19	107	7	1	30____	137968	1	0	0	0	0	1	0	0	0	0	0
C	Marios	19	107	7	1	30____	138079	1	0	0	0	0	0	0	0	0	1	0
C	Marios	19	107	7	1	30____	138705	1	0	0	0	0	1	0	0	0	0	0
C	Marios	19	107	7	1	30____	138718	1	0	0	0	0	0	0	0	0	1	0
C	Marios	19	107	7	1	30____	138811	1	0	0	0	0	1	0	0	0	0	0
C	Marios	19	107	7	1	30____	138814	1	0	0	0	0	0	0	0	0	1	0
C	Marios	19	107	7	1	30____	138869	1	0	0	0	0	1	0	0	0	0	0
C	Marios	19	107	7	1	30____	139104	1	0	0	0	0	0	0	0	0	1	0
C	Marios	19	107	7	1	30____	139572	1	0	0	0	0	1	0	0	0	0	0
C	Marios	19	107	7	1	30____	139684	1	0	0	0	0	0	0	0	0	1	0
C	Marios	19	107	7	1	30____	139897	1	0	0	0	0	1	0	0	0	0	0
C	Marios	19	107	7	1	30____	139909	1	0	0	0	0	0	0	0	0	1	0
C	Marios	19	107	7	1	30____	139918	1	0	0	0	0	1	0	0	0	0	0
C	Marios	19	107	7	1	30____	139922	1	0	0	0	0	0	0	0	0	1	0
C	Marios	19	107	7	1	30____	140236	1	0	0	0	0	1	0	0	0	0	0
C	Marios	19	107	7	1	30____	140248	1	0	0	0	0	0	0	0	0	1	0
C	Marios	19	107	7	1	30____	140380	1	0	0	0	0	1	0	0	0	0	0
C	Marios	19	107	7	1	30____	140434	1	0	0	0	0	0	0	0	0	1	0
C	Marios	19	107	7	1	30____	142151	1	0	0	0	0	1	0	0	0	0	0
C	Marios	19	107	7	1	30____	142189	1	0	0	0	0	0	0	0	0	1	0
C	Marios	19	107	7	1	30____	142500	1	2	0	0	0	0	0	0	0	0	0
C	Marios	19	107	7	1	30____	142524	2	0	0	0	0	1	0	0	0	0	0
C	Marios	19	107	7	1	30____	142645	2	0	0	0	0	0	0	0	0	1	0
C	Marios	19	107	7	1	30____	142663	2	0	0	0	0	1	0	0	0	0	0
C	Marios	19	107	7	1	30____	142678	2	0	0	0	0	0	0	0	0	1	0
C	Marios	19	107	7	1	30____	142909	2	0	0	0	0	1	0	0	0	0	0
C	Marios	19	107	7	1	30____	143000	2	17	0	0	0	0	0	0	0	0	0
C	Marios	19	107	7	1	30____	143006	17	0	0	0	0	0	0	0	0	1	0
C	Marios	19	107	7	1	30____	143130	17	0	0	0	0	1	0	0	0	0	0
C	Marios	19	107	7	1	30____	143181	17	0	0	0	0	0	0	0	0	1	0
C	Marios	19	107	7	1	30____	143185	17	0	0	0	0	1	0	0	0	0	0
C	Marios	19	107	7	1	30____	143188	17	0	0	0	0	0	0	0	0	1	0
C	Marios	19	107	7	1	30____	143190	17	0	0	0	0	1	0	0	0	0	0
C	Marios	19	107	7	1	30____	143300	17	0	0	0	0	0	0	0	0	1	0
C	Marios	19	107	7	1	30____	143303	17	0	0	0	0	1	0	0	0	0	0
C	Marios	19	107	7	1	30____	143472	17	0	0	0	0	0	0	0	0	1	0
C	Marios	19	107	7	1	30____	143473	17	0	0	0	0	1	0	0	0	0	0
C	Marios	19	107	7	1	30____	143500	17	15	0	0	0	0	0	0	0	0	0
C	Marios	19	107	7	1	30____	143694	15	0	0	0	0	0	0	0	0	1	0
C	Marios	19	107	7	1	30____	143695	15	0	0	0	0	1	0	0	0	0	0
C	Marios	19	107	7	1	30____	144000	15	14	0	0	0	0	0	0	0	0	0
C	Marios	19	107	7	1	30____	144137	14	0	0	0	0	0	0	0	0	1	0
C	Marios	19	107	7	1	30____	144138	14	0	0	0	0	1	0	0	0	0	0
C	Marios	19	107	7	1	30____	144288	14	0	0	0	0	0	0	0	0	1	0
C	Marios	19	107	7	1	30____	144397	14	0	0	0	0	1	0	0	0	0	0
C	Marios	19	107	7	1	30____	144507	14	0	0	0	0	0	0	0	0	1	0
C	Marios	19	107	7	1	30____	144609	14	0	0	0	0	1	0	0	0	0	0
C	Marios	19	107	7	1	30____	144667	14	0	0	0	0	0	0	0	0	1	0
C	Marios	19	107	7	1	30____	145154	14	0	0	0	0	1	0	0	0	0	0
C	Marios	19	107	7	1	30____	145238	14	0	0	0	0	0	0	0	0	1	0
C	Marios	19	107	7	1	30____	145330	14	0	0	0	0	1	0	0	0	0	0
C	Marios	19	107	7	1	30____	145335	14	0	0	0	0	0	0	0	0	1	0
C	Marios	19	107	7	1	30____	145336	14	0	0	0	0	1	0	0	0	0	0
C	Marios	19	107	7	1	30____	145338	14	0	0	0	0	0	0	0	0	1	0
C	Marios	19	107	7	1	30____	145350	14	0	0	0	0	1	0	0	0	0	0
C	Marios	19	107	7	1	30____	145354	14	0	0	0	0	0	0	0	0	1	0
C	Marios	19	107	7	1	30____	145370	14	0	0	0	0	1	0	0	0	0	0
C	Marios	19	107	7	1	30____	145386	14	0	0	0	0	0	0	0	0	1	0
C	Marios	19	107	7	1	30____	145389	14	0	0	0	0	1	0	0	0	0	0
C	Marios	19	107	7	1	30____	145421	14	0	0	0	0	0	0	0	0	1	0
C	Marios	19	107	7	1	30____	145638	14	0	0	0	0	1	0	0	0	0	0
C	Marios	19	107	7	1	30____	145641	14	0	0	0	0	0	0	0	0	1	0
C	Marios	19	107	7	1	30____	145647	14	0	0	0	0	1	0	0	0	0	0
C	Marios	19	107	7	1	30____	145652	14	0	0	0	0	0	0	0	0	1	0
C	Marios	19	107	7	1	30____	145659	14	0	0	0	0	1	0	0	0	0	0
C	Marios	19	107	7	1	30____	145676	14	0	0	0	0	0	0	0	0	1	0
C	Marios	19	107	7	1	30____	146532	14	0	0	0	0	1	0	0	0	0	0
C	Marios	19	107	7	1	30____	146534	14	0	0	0	0	0	0	0	0	1	0
C	Marios	19	107	7	1	30____	147000	14	-1	0	0	0	0	0	0	0	0	0
