Project	UserID	Protocol	Session	Station	Run	Subject	Time	Current State	Transition State	Transition Event	A1 - LLR	A2 - RLR	A3 - MAG	A4 - 	A[1] LLR_OFF	A[2] RLR_OFF	A[3] MAG_OFF	A[4] 
C	Marios	22	107	2	1	3_____	0	0	1	0	0	0	0	0	0	0	0	0
C	Marios	22	107	2	1	3_____	639	1	0	0	0	0	1	0	0	0	0	0
C	Marios	22	107	2	1	3_____	645	1	0	0	0	0	0	0	0	0	1	0
C	Marios	22	107	2	1	3_____	737	1	0	0	0	0	1	0	0	0	0	0
C	Marios	22	107	2	1	3_____	744	1	0	0	0	0	0	0	0	0	1	0
C	Marios	22	107	2	1	3_____	1175	1	0	0	0	0	1	0	0	0	0	0
C	Marios	22	107	2	1	3_____	1401	1	0	0	0	0	0	0	0	0	1	0
C	Marios	22	107	2	1	3_____	1402	1	0	0	0	0	1	0	0	0	0	0
C	Marios	22	107	2	1	3_____	1432	1	0	0	0	0	0	0	0	0	1	0
C	Marios	22	107	2	1	3_____	2568	1	0	0	0	0	1	0	0	0	0	0
C	Marios	22	107	2	1	3_____	2572	1	0	0	0	0	0	0	0	0	1	0
C	Marios	22	107	2	1	3_____	2573	1	0	0	0	0	1	0	0	0	0	0
C	Marios	22	107	2	1	3_____	2577	1	0	0	0	0	1	0	0	0	1	0
C	Marios	22	107	2	1	3_____	2587	1	0	0	0	0	0	0	0	0	1	0
C	Marios	22	107	2	1	3_____	3247	1	0	0	0	0	1	0	0	0	0	0
C	Marios	22	107	2	1	3_____	3260	1	0	0	0	0	0	0	0	0	1	0
C	Marios	22	107	2	1	3_____	5393	1	0	0	0	0	1	0	0	0	0	0
C	Marios	22	107	2	1	3_____	5451	1	0	0	0	0	0	0	0	0	1	0
C	Marios	22	107	2	1	3_____	7500	1	2	0	0	0	0	0	0	0	0	0
C	Marios	22	107	2	1	3_____	8000	2	13	0	0	0	0	0	0	0	0	0
C	Marios	22	107	2	1	3_____	8500	13	15	0	0	0	0	0	0	0	0	0
C	Marios	22	107	2	1	3_____	9000	15	1	0	0	0	0	0	0	0	0	0
C	Marios	22	107	2	1	3_____	9298	1	0	0	0	0	1	0	0	0	0	0
C	Marios	22	107	2	1	3_____	9381	1	0	0	0	0	0	0	0	0	1	0
C	Marios	22	107	2	1	3_____	9515	1	0	0	0	0	1	0	0	0	0	0
C	Marios	22	107	2	1	3_____	9572	1	0	0	0	0	0	0	0	0	1	0
C	Marios	22	107	2	1	3_____	9669	1	0	0	0	0	1	0	0	0	0	0
C	Marios	22	107	2	1	3_____	9764	1	0	0	0	0	0	0	0	0	1	0
C	Marios	22	107	2	1	3_____	10095	1	0	0	0	0	1	0	0	0	0	0
C	Marios	22	107	2	1	3_____	10125	1	0	0	0	0	0	0	0	0	1	0
C	Marios	22	107	2	1	3_____	10185	1	0	0	0	0	1	0	0	0	0	0
C	Marios	22	107	2	1	3_____	10201	1	0	0	0	0	0	0	0	0	1	0
C	Marios	22	107	2	1	3_____	10414	1	0	0	0	0	1	0	0	0	0	0
C	Marios	22	107	2	1	3_____	10464	1	0	0	0	0	0	0	0	0	1	0
C	Marios	22	107	2	1	3_____	10537	1	0	0	0	0	1	0	0	0	0	0
C	Marios	22	107	2	1	3_____	10564	1	0	0	0	0	0	0	0	0	1	0
C	Marios	22	107	2	1	3_____	10658	1	0	0	0	0	1	0	0	0	0	0
C	Marios	22	107	2	1	3_____	10702	1	0	0	0	0	0	0	0	0	1	0
C	Marios	22	107	2	1	3_____	10862	1	0	0	0	0	1	0	0	0	0	0
C	Marios	22	107	2	1	3_____	10888	1	0	0	0	0	0	0	0	0	1	0
C	Marios	22	107	2	1	3_____	10966	1	0	0	0	0	1	0	0	0	0	0
C	Marios	22	107	2	1	3_____	11065	1	0	0	0	0	0	0	0	0	1	0
C	Marios	22	107	2	1	3_____	11701	1	0	0	0	0	1	0	0	0	0	0
C	Marios	22	107	2	1	3_____	11731	1	0	0	0	0	0	0	0	0	1	0
C	Marios	22	107	2	1	3_____	12750	1	2	0	0	0	0	0	0	0	0	0
C	Marios	22	107	2	1	3_____	13197	2	0	0	0	0	1	0	0	0	0	0
C	Marios	22	107	2	1	3_____	13206	2	0	0	0	0	0	0	0	0	1	0
C	Marios	22	107	2	1	3_____	13250	2	12	0	0	0	0	0	0	0	0	0
C	Marios	22	107	2	1	3_____	13501	12	0	0	0	0	1	0	0	0	0	0
C	Marios	22	107	2	1	3_____	13541	12	0	0	0	0	0	0	0	0	1	0
C	Marios	22	107	2	1	3_____	13638	12	0	0	0	0	1	0	0	0	0	0
C	Marios	22	107	2	1	3_____	13718	12	0	0	0	0	0	0	0	0	1	0
C	Marios	22	107	2	1	3_____	13750	12	15	0	0	0	0	0	0	0	0	0
C	Marios	22	107	2	1	3_____	13817	15	0	0	0	0	1	0	0	0	0	0
C	Marios	22	107	2	1	3_____	13836	15	0	0	0	0	0	0	0	0	1	0
C	Marios	22	107	2	1	3_____	13919	15	0	0	0	0	1	0	0	0	0	0
C	Marios	22	107	2	1	3_____	13952	15	0	0	0	0	0	0	0	0	1	0
C	Marios	22	107	2	1	3_____	14095	15	0	0	0	0	1	0	0	0	0	0
C	Marios	22	107	2	1	3_____	14115	15	0	0	0	0	0	0	0	0	1	0
C	Marios	22	107	2	1	3_____	14250	15	1	0	0	0	0	0	0	0	0	0
C	Marios	22	107	2	1	3_____	14386	1	0	0	0	0	1	0	0	0	0	0
C	Marios	22	107	2	1	3_____	14447	1	0	0	0	0	0	0	0	0	1	0
C	Marios	22	107	2	1	3_____	14588	1	0	0	0	0	1	0	0	0	0	0
C	Marios	22	107	2	1	3_____	14606	1	0	0	0	0	0	0	0	0	1	0
C	Marios	22	107	2	1	3_____	14831	1	0	0	0	0	1	0	0	0	0	0
C	Marios	22	107	2	1	3_____	15158	1	0	0	0	0	0	0	0	0	1	0
C	Marios	22	107	2	1	3_____	15414	1	0	0	0	0	1	0	0	0	0	0
C	Marios	22	107	2	1	3_____	15426	1	0	0	0	0	0	0	0	0	1	0
C	Marios	22	107	2	1	3_____	15717	1	0	0	0	0	1	0	0	0	0	0
C	Marios	22	107	2	1	3_____	15779	1	0	0	0	0	0	0	0	0	1	0
C	Marios	22	107	2	1	3_____	17691	1	0	0	0	0	1	0	0	0	0	0
C	Marios	22	107	2	1	3_____	17693	1	0	0	0	0	0	0	0	0	1	0
C	Marios	22	107	2	1	3_____	17750	1	2	0	0	0	0	0	0	0	0	0
C	Marios	22	107	2	1	3_____	18250	2	7	0	0	0	0	0	0	0	0	0
C	Marios	22	107	2	1	3_____	18408	7	0	0	0	0	1	0	0	0	0	0
C	Marios	22	107	2	1	3_____	18560	7	0	0	0	0	0	0	0	0	1	0
C	Marios	22	107	2	1	3_____	18739	7	0	0	0	0	1	0	0	0	0	0
C	Marios	22	107	2	1	3_____	18750	7	10	0	0	0	0	0	0	0	0	0
C	Marios	22	107	2	1	3_____	19042	10	0	0	0	0	0	0	0	0	1	0
C	Marios	22	107	2	1	3_____	19234	10	0	0	0	0	1	0	0	0	0	0
C	Marios	22	107	2	1	3_____	19250	10	1	0	0	0	0	0	0	0	0	0
C	Marios	22	107	2	1	3_____	19348	1	0	0	0	0	0	0	0	0	1	0
C	Marios	22	107	2	1	3_____	20011	1	0	0	0	0	1	0	0	0	0	0
C	Marios	22	107	2	1	3_____	20016	1	0	0	0	0	0	0	0	0	1	0
C	Marios	22	107	2	1	3_____	20199	1	0	0	0	0	1	0	0	0	0	0
C	Marios	22	107	2	1	3_____	20297	1	0	0	0	0	0	0	0	0	1	0
C	Marios	22	107	2	1	3_____	21237	1	0	0	0	0	1	0	0	0	0	0
C	Marios	22	107	2	1	3_____	21265	1	0	0	0	0	0	0	0	0	1	0
C	Marios	22	107	2	1	3_____	21386	1	0	0	0	0	1	0	0	0	0	0
C	Marios	22	107	2	1	3_____	21398	1	0	0	0	0	0	0	0	0	1	0
C	Marios	22	107	2	1	3_____	21449	1	0	0	0	0	1	0	0	0	0	0
C	Marios	22	107	2	1	3_____	21648	1	0	0	0	0	0	0	0	0	1	0
C	Marios	22	107	2	1	3_____	22849	1	0	0	0	0	1	0	0	0	0	0
C	Marios	22	107	2	1	3_____	22909	1	0	0	0	0	0	0	0	0	1	0
C	Marios	22	107	2	1	3_____	23750	1	2	0	0	0	0	0	0	0	0	0
C	Marios	22	107	2	1	3_____	24250	2	12	0	0	0	0	0	0	0	0	0
C	Marios	22	107	2	1	3_____	24376	12	0	0	0	0	1	0	0	0	0	0
C	Marios	22	107	2	1	3_____	24432	12	0	0	0	0	0	0	0	0	1	0
C	Marios	22	107	2	1	3_____	24545	12	0	0	0	0	1	0	0	0	0	0
C	Marios	22	107	2	1	3_____	24617	12	0	0	0	0	0	0	0	0	1	0
C	Marios	22	107	2	1	3_____	24720	12	0	0	0	0	1	0	0	0	0	0
C	Marios	22	107	2	1	3_____	24750	12	15	0	0	0	0	0	0	0	0	0
C	Marios	22	107	2	1	3_____	24800	15	0	0	0	0	0	0	0	0	1	0
C	Marios	22	107	2	1	3_____	24968	15	0	0	0	0	1	0	0	0	0	0
C	Marios	22	107	2	1	3_____	25024	15	0	0	0	0	0	0	0	0	1	0
C	Marios	22	107	2	1	3_____	25191	15	0	0	0	0	1	0	0	0	0	0
C	Marios	22	107	2	1	3_____	25250	15	1	0	0	0	0	0	0	0	0	0
C	Marios	22	107	2	1	3_____	25257	1	0	0	0	0	0	0	0	0	1	0
C	Marios	22	107	2	1	3_____	25320	1	0	0	0	0	1	0	0	0	0	0
C	Marios	22	107	2	1	3_____	25383	1	0	0	0	0	0	0	0	0	1	0
C	Marios	22	107	2	1	3_____	25548	1	0	0	0	0	1	0	0	0	0	0
C	Marios	22	107	2	1	3_____	25600	1	0	0	0	0	0	0	0	0	1	0
C	Marios	22	107	2	1	3_____	26372	1	0	0	0	0	1	0	0	0	0	0
C	Marios	22	107	2	1	3_____	26394	1	0	0	0	0	0	0	0	0	1	0
C	Marios	22	107	2	1	3_____	26663	1	0	0	0	0	1	0	0	0	0	0
C	Marios	22	107	2	1	3_____	26748	1	0	0	0	0	0	0	0	0	1	0
C	Marios	22	107	2	1	3_____	26856	1	0	0	0	0	1	0	0	0	0	0
C	Marios	22	107	2	1	3_____	26899	1	0	0	0	0	0	0	0	0	1	0
C	Marios	22	107	2	1	3_____	27082	1	0	0	0	0	1	0	0	0	0	0
C	Marios	22	107	2	1	3_____	27157	1	0	0	0	0	0	0	0	0	1	0
C	Marios	22	107	2	1	3_____	27498	1	0	0	0	0	1	0	0	0	0	0
C	Marios	22	107	2	1	3_____	27563	1	0	0	0	0	0	0	0	0	1	0
C	Marios	22	107	2	1	3_____	27843	1	0	0	0	0	1	0	0	0	0	0
C	Marios	22	107	2	1	3_____	27893	1	0	0	0	0	0	0	0	0	1	0
C	Marios	22	107	2	1	3_____	28977	1	0	0	0	0	1	0	0	0	0	0
C	Marios	22	107	2	1	3_____	29010	1	0	0	0	0	0	0	0	0	1	0
C	Marios	22	107	2	1	3_____	29558	1	0	0	0	0	1	0	0	0	0	0
C	Marios	22	107	2	1	3_____	29608	1	0	0	0	0	0	0	0	0	1	0
C	Marios	22	107	2	1	3_____	29846	1	0	0	0	0	1	0	0	0	0	0
C	Marios	22	107	2	1	3_____	30079	1	0	0	0	0	0	0	0	0	1	0
C	Marios	22	107	2	1	3_____	30157	1	0	0	0	0	1	0	0	0	0	0
C	Marios	22	107	2	1	3_____	30245	1	0	0	0	0	0	0	0	0	1	0
C	Marios	22	107	2	1	3_____	30582	1	0	0	0	0	1	0	0	0	0	0
C	Marios	22	107	2	1	3_____	30838	1	0	0	0	0	0	0	0	0	1	0
C	Marios	22	107	2	1	3_____	30984	1	0	0	0	0	1	0	0	0	0	0
C	Marios	22	107	2	1	3_____	31079	1	0	0	0	0	0	0	0	0	1	0
C	Marios	22	107	2	1	3_____	31250	1	2	0	0	0	0	0	0	0	0	0
C	Marios	22	107	2	1	3_____	31549	2	0	0	0	0	1	0	0	0	0	0
C	Marios	22	107	2	1	3_____	31750	2	6	0	0	0	0	0	0	0	0	0
C	Marios	22	107	2	1	3_____	31758	6	0	0	0	0	0	0	0	0	1	0
C	Marios	22	107	2	1	3_____	31833	6	0	0	0	0	1	0	0	0	0	0
C	Marios	22	107	2	1	3_____	32160	6	0	0	0	0	0	0	0	0	1	0
C	Marios	22	107	2	1	3_____	32250	6	11	0	0	0	0	0	0	0	0	0
C	Marios	22	107	2	1	3_____	32266	11	0	0	0	0	1	0	0	0	0	0
C	Marios	22	107	2	1	3_____	32549	11	0	0	0	0	0	0	0	0	1	0
C	Marios	22	107	2	1	3_____	32750	11	1	0	0	0	0	0	0	0	0	0
C	Marios	22	107	2	1	3_____	32920	1	0	0	0	0	1	0	0	0	0	0
C	Marios	22	107	2	1	3_____	32968	1	0	0	0	0	0	0	0	0	1	0
C	Marios	22	107	2	1	3_____	33652	1	0	0	0	0	1	0	0	0	0	0
C	Marios	22	107	2	1	3_____	33716	1	0	0	0	0	0	0	0	0	1	0
C	Marios	22	107	2	1	3_____	33821	1	0	0	0	0	1	0	0	0	0	0
C	Marios	22	107	2	1	3_____	33875	1	0	0	0	0	0	0	0	0	1	0
C	Marios	22	107	2	1	3_____	34256	1	0	0	0	0	1	0	0	0	0	0
C	Marios	22	107	2	1	3_____	34260	1	0	0	0	0	0	0	0	0	1	0
C	Marios	22	107	2	1	3_____	34320	1	0	0	0	0	1	0	0	0	0	0
C	Marios	22	107	2	1	3_____	34427	1	0	0	0	0	0	0	0	0	1	0
C	Marios	22	107	2	1	3_____	34843	1	0	0	0	0	1	0	0	0	0	0
C	Marios	22	107	2	1	3_____	35000	1	2	0	0	0	0	0	0	0	0	0
C	Marios	22	107	2	1	3_____	35035	2	0	0	0	0	0	0	0	0	1	0
C	Marios	22	107	2	1	3_____	35177	2	0	0	0	0	1	0	0	0	0	0
C	Marios	22	107	2	1	3_____	35249	2	0	0	0	0	0	0	0	0	1	0
C	Marios	22	107	2	1	3_____	35406	2	0	0	0	0	1	0	0	0	0	0
C	Marios	22	107	2	1	3_____	35470	2	0	0	0	0	0	0	0	0	1	0
C	Marios	22	107	2	1	3_____	35500	2	13	0	0	0	0	0	0	0	0	0
C	Marios	22	107	2	1	3_____	36000	13	15	0	0	0	0	0	0	0	0	0
C	Marios	22	107	2	1	3_____	36067	15	0	0	0	0	1	0	0	0	0	0
C	Marios	22	107	2	1	3_____	36112	15	0	0	0	0	0	0	0	0	1	0
C	Marios	22	107	2	1	3_____	36253	15	0	0	0	0	1	0	0	0	0	0
C	Marios	22	107	2	1	3_____	36317	15	0	0	0	0	0	0	0	0	1	0
C	Marios	22	107	2	1	3_____	36430	15	0	0	0	0	1	0	0	0	0	0
C	Marios	22	107	2	1	3_____	36494	15	0	0	0	0	0	0	0	0	1	0
C	Marios	22	107	2	1	3_____	36500	15	1	0	0	0	0	0	0	0	0	0
C	Marios	22	107	2	1	3_____	36604	1	0	0	0	0	1	0	0	0	0	0
C	Marios	22	107	2	1	3_____	36666	1	0	0	0	0	0	0	0	0	1	0
C	Marios	22	107	2	1	3_____	36856	1	0	0	0	0	1	0	0	0	0	0
C	Marios	22	107	2	1	3_____	37205	1	0	0	0	0	0	0	0	0	1	0
C	Marios	22	107	2	1	3_____	37349	1	0	0	0	0	1	0	0	0	0	0
C	Marios	22	107	2	1	3_____	37383	1	0	0	0	0	0	0	0	0	1	0
C	Marios	22	107	2	1	3_____	37600	1	0	0	0	0	1	0	0	0	0	0
C	Marios	22	107	2	1	3_____	37848	1	0	0	0	0	0	0	0	0	1	0
C	Marios	22	107	2	1	3_____	38321	1	0	0	0	0	1	0	0	0	0	0
C	Marios	22	107	2	1	3_____	38456	1	0	0	0	0	0	0	0	0	1	0
C	Marios	22	107	2	1	3_____	38525	1	0	0	0	0	1	0	0	0	0	0
C	Marios	22	107	2	1	3_____	38570	1	0	0	0	0	0	0	0	0	1	0
C	Marios	22	107	2	1	3_____	38926	1	0	0	0	0	1	0	0	0	0	0
C	Marios	22	107	2	1	3_____	39009	1	0	0	0	0	0	0	0	0	1	0
C	Marios	22	107	2	1	3_____	39475	1	0	0	0	0	1	0	0	0	0	0
C	Marios	22	107	2	1	3_____	39500	1	2	0	0	0	0	0	0	0	0	0
C	Marios	22	107	2	1	3_____	39553	2	0	0	0	0	0	0	0	0	1	0
C	Marios	22	107	2	1	3_____	40000	2	6	0	0	0	0	0	0	0	0	0
C	Marios	22	107	2	1	3_____	40065	6	0	0	0	0	1	0	0	0	0	0
C	Marios	22	107	2	1	3_____	40133	6	0	0	0	0	0	0	0	0	1	0
C	Marios	22	107	2	1	3_____	40198	6	0	0	0	0	1	0	0	0	0	0
C	Marios	22	107	2	1	3_____	40271	6	0	0	0	0	0	0	0	0	1	0
C	Marios	22	107	2	1	3_____	40364	6	0	0	0	0	1	0	0	0	0	0
C	Marios	22	107	2	1	3_____	40443	6	0	0	0	0	0	0	0	0	1	0
C	Marios	22	107	2	1	3_____	40500	6	11	0	0	0	0	0	0	0	0	0
C	Marios	22	107	2	1	3_____	40541	11	0	0	0	0	1	0	0	0	0	0
C	Marios	22	107	2	1	3_____	40651	11	0	0	0	0	0	0	0	0	1	0
C	Marios	22	107	2	1	3_____	40962	11	0	0	0	0	1	0	0	0	0	0
C	Marios	22	107	2	1	3_____	40995	11	0	0	0	0	0	0	0	0	1	0
C	Marios	22	107	2	1	3_____	41000	11	1	0	0	0	0	0	0	0	0	0
C	Marios	22	107	2	1	3_____	41361	1	0	0	0	0	1	0	0	0	0	0
C	Marios	22	107	2	1	3_____	41376	1	0	0	0	0	0	0	0	0	1	0
C	Marios	22	107	2	1	3_____	42018	1	0	0	0	0	1	0	0	0	0	0
C	Marios	22	107	2	1	3_____	42089	1	0	0	0	0	0	0	0	0	1	0
C	Marios	22	107	2	1	3_____	42500	1	2	0	0	0	0	0	0	0	0	0
C	Marios	22	107	2	1	3_____	43000	2	12	0	0	0	0	0	0	0	0	0
C	Marios	22	107	2	1	3_____	43273	12	0	0	0	0	1	0	0	0	0	0
C	Marios	22	107	2	1	3_____	43327	12	0	0	0	0	0	0	0	0	1	0
C	Marios	22	107	2	1	3_____	43479	12	0	0	0	0	1	0	0	0	0	0
C	Marios	22	107	2	1	3_____	43500	12	15	0	0	0	0	0	0	0	0	0
C	Marios	22	107	2	1	3_____	43567	15	0	0	0	0	0	0	0	0	1	0
C	Marios	22	107	2	1	3_____	43664	15	0	0	0	0	1	0	0	0	0	0
C	Marios	22	107	2	1	3_____	43707	15	0	0	0	0	0	0	0	0	1	0
C	Marios	22	107	2	1	3_____	43858	15	0	0	0	0	1	0	0	0	0	0
C	Marios	22	107	2	1	3_____	43896	15	0	0	0	0	0	0	0	0	1	0
C	Marios	22	107	2	1	3_____	44000	15	1	0	0	0	0	0	0	0	0	0
C	Marios	22	107	2	1	3_____	44036	1	0	0	0	0	1	0	0	0	0	0
C	Marios	22	107	2	1	3_____	44086	1	0	0	0	0	0	0	0	0	1	0
C	Marios	22	107	2	1	3_____	44276	1	0	0	0	0	1	0	0	0	0	0
C	Marios	22	107	2	1	3_____	44326	1	0	0	0	0	0	0	0	0	1	0
C	Marios	22	107	2	1	3_____	44486	1	0	0	0	0	1	0	0	0	0	0
C	Marios	22	107	2	1	3_____	44574	1	0	0	0	0	1	0	0	0	1	0
C	Marios	22	107	2	1	3_____	44626	1	0	0	0	0	0	0	0	0	1	0
C	Marios	22	107	2	1	3_____	44765	1	0	0	0	0	1	0	0	0	0	0
C	Marios	22	107	2	1	3_____	44851	1	0	0	0	0	0	0	0	0	1	0
C	Marios	22	107	2	1	3_____	45724	1	0	0	0	0	1	0	0	0	0	0
C	Marios	22	107	2	1	3_____	45729	1	0	0	0	0	0	0	0	0	1	0
C	Marios	22	107	2	1	3_____	46032	1	0	0	0	0	1	0	0	0	0	0
C	Marios	22	107	2	1	3_____	46140	1	0	0	0	0	0	0	0	0	1	0
C	Marios	22	107	2	1	3_____	46505	1	0	0	0	0	1	0	0	0	0	0
C	Marios	22	107	2	1	3_____	46584	1	0	0	0	0	0	0	0	0	1	0
C	Marios	22	107	2	1	3_____	46864	1	0	0	0	0	1	0	0	0	0	0
C	Marios	22	107	2	1	3_____	46871	1	0	0	0	0	0	0	0	0	1	0
C	Marios	22	107	2	1	3_____	46875	1	0	0	0	0	1	0	0	0	0	0
C	Marios	22	107	2	1	3_____	46937	1	0	0	0	0	0	0	0	0	1	0
C	Marios	22	107	2	1	3_____	46942	1	0	0	0	0	1	0	0	0	0	0
C	Marios	22	107	2	1	3_____	47135	1	0	0	0	0	0	0	0	0	1	0
C	Marios	22	107	2	1	3_____	47557	1	0	0	0	0	1	0	0	0	0	0
C	Marios	22	107	2	1	3_____	47605	1	0	0	0	0	0	0	0	0	1	0
C	Marios	22	107	2	1	3_____	47786	1	0	0	0	0	1	0	0	0	0	0
C	Marios	22	107	2	1	3_____	47887	1	0	0	0	0	0	0	0	0	1	0
C	Marios	22	107	2	1	3_____	48043	1	0	0	0	0	1	0	0	0	0	0
C	Marios	22	107	2	1	3_____	48192	1	0	0	0	0	0	0	0	0	1	0
C	Marios	22	107	2	1	3_____	48485	1	0	0	0	0	1	0	0	0	0	0
C	Marios	22	107	2	1	3_____	48557	1	0	0	0	0	0	0	0	0	1	0
C	Marios	22	107	2	1	3_____	48743	1	0	0	0	0	1	0	0	0	0	0
C	Marios	22	107	2	1	3_____	48907	1	0	0	0	0	0	0	0	0	1	0
C	Marios	22	107	2	1	3_____	48968	1	0	0	0	0	1	0	0	0	0	0
C	Marios	22	107	2	1	3_____	49044	1	0	0	0	0	0	0	0	0	1	0
C	Marios	22	107	2	1	3_____	49500	1	2	0	0	0	0	0	0	0	0	0
C	Marios	22	107	2	1	3_____	49714	2	0	0	0	0	1	0	0	0	0	0
C	Marios	22	107	2	1	3_____	49769	2	0	0	0	0	0	0	0	0	1	0
C	Marios	22	107	2	1	3_____	50000	2	12	0	0	0	0	0	0	0	0	0
C	Marios	22	107	2	1	3_____	50405	12	0	0	0	0	1	0	0	0	0	0
C	Marios	22	107	2	1	3_____	50462	12	0	0	0	0	0	0	0	0	1	0
C	Marios	22	107	2	1	3_____	50500	12	15	0	0	0	0	0	0	0	0	0
C	Marios	22	107	2	1	3_____	50609	15	0	0	0	0	1	0	0	0	0	0
C	Marios	22	107	2	1	3_____	50655	15	0	0	0	0	0	0	0	0	1	0
C	Marios	22	107	2	1	3_____	50732	15	0	0	0	0	1	0	0	0	0	0
C	Marios	22	107	2	1	3_____	50773	15	0	0	0	0	0	0	0	0	1	0
C	Marios	22	107	2	1	3_____	50914	15	0	0	0	0	1	0	0	0	0	0
C	Marios	22	107	2	1	3_____	51000	15	1	0	0	0	0	0	0	0	0	0
C	Marios	22	107	2	1	3_____	51039	1	0	0	0	0	0	0	0	0	1	0
C	Marios	22	107	2	1	3_____	51623	1	0	0	0	0	1	0	0	0	0	0
C	Marios	22	107	2	1	3_____	51658	1	0	0	0	0	0	0	0	0	1	0
C	Marios	22	107	2	1	3_____	51681	1	0	0	0	0	1	0	0	0	0	0
C	Marios	22	107	2	1	3_____	51876	1	0	0	0	0	0	0	0	0	1	0
C	Marios	22	107	2	1	3_____	52748	1	0	0	0	0	1	0	0	0	0	0
C	Marios	22	107	2	1	3_____	52825	1	0	0	0	0	0	0	0	0	1	0
C	Marios	22	107	2	1	3_____	53273	1	0	0	0	0	1	0	0	0	0	0
C	Marios	22	107	2	1	3_____	53369	1	0	0	0	0	0	0	0	0	1	0
C	Marios	22	107	2	1	3_____	53872	1	0	0	0	0	1	0	0	0	0	0
C	Marios	22	107	2	1	3_____	54127	1	0	0	0	0	0	0	0	0	1	0
C	Marios	22	107	2	1	3_____	54583	1	0	0	0	0	1	0	0	0	0	0
C	Marios	22	107	2	1	3_____	54622	1	0	0	0	0	0	0	0	0	1	0
C	Marios	22	107	2	1	3_____	55175	1	0	0	0	0	1	0	0	0	0	0
C	Marios	22	107	2	1	3_____	55187	1	0	0	0	0	0	0	0	0	1	0
C	Marios	22	107	2	1	3_____	55408	1	0	0	0	0	1	0	0	0	0	0
C	Marios	22	107	2	1	3_____	55544	1	0	0	0	0	0	0	0	0	1	0
C	Marios	22	107	2	1	3_____	56250	1	2	0	0	0	0	0	0	0	0	0
C	Marios	22	107	2	1	3_____	56750	2	13	0	0	0	0	0	0	0	0	0
C	Marios	22	107	2	1	3_____	57250	13	15	0	0	0	0	0	0	0	0	0
C	Marios	22	107	2	1	3_____	57463	15	0	0	0	0	1	0	0	0	0	0
C	Marios	22	107	2	1	3_____	57497	15	0	0	0	0	0	0	0	0	1	0
C	Marios	22	107	2	1	3_____	57750	15	1	0	0	0	0	0	0	0	0	0
C	Marios	22	107	2	1	3_____	57873	1	0	0	0	0	1	0	0	0	0	0
C	Marios	22	107	2	1	3_____	57962	1	0	0	0	0	0	0	0	0	1	0
C	Marios	22	107	2	1	3_____	58499	1	0	0	0	0	1	0	0	0	0	0
C	Marios	22	107	2	1	3_____	58530	1	0	0	0	0	0	0	0	0	1	0
C	Marios	22	107	2	1	3_____	58649	1	0	0	0	0	1	0	0	0	0	0
C	Marios	22	107	2	1	3_____	58728	1	0	0	0	0	0	0	0	0	1	0
C	Marios	22	107	2	1	3_____	59344	1	0	0	0	0	1	0	0	0	0	0
C	Marios	22	107	2	1	3_____	59526	1	0	0	0	0	0	0	0	0	1	0
C	Marios	22	107	2	1	3_____	59941	1	0	0	0	0	1	0	0	0	0	0
C	Marios	22	107	2	1	3_____	59991	1	0	0	0	0	0	0	0	0	1	0
C	Marios	22	107	2	1	3_____	60846	1	0	0	0	0	1	0	0	0	0	0
C	Marios	22	107	2	1	3_____	60874	1	0	0	0	0	0	0	0	0	1	0
C	Marios	22	107	2	1	3_____	60993	1	0	0	0	0	1	0	0	0	0	0
C	Marios	22	107	2	1	3_____	61152	1	0	0	0	0	0	0	0	0	1	0
C	Marios	22	107	2	1	3_____	61794	1	0	0	0	0	1	0	0	0	0	0
C	Marios	22	107	2	1	3_____	61798	1	0	0	0	0	0	0	0	0	1	0
C	Marios	22	107	2	1	3_____	61806	1	0	0	0	0	1	0	0	0	0	0
C	Marios	22	107	2	1	3_____	62018	1	0	0	0	0	0	0	0	0	1	0
C	Marios	22	107	2	1	3_____	62462	1	0	0	0	0	1	0	0	0	0	0
C	Marios	22	107	2	1	3_____	62601	1	0	0	0	0	0	0	0	0	1	0
C	Marios	22	107	2	1	3_____	62929	1	0	0	0	0	1	0	0	0	0	0
C	Marios	22	107	2	1	3_____	63253	1	0	0	0	0	0	0	0	0	1	0
C	Marios	22	107	2	1	3_____	63399	1	0	0	0	0	1	0	0	0	0	0
C	Marios	22	107	2	1	3_____	63405	1	0	0	0	0	0	0	0	0	1	0
C	Marios	22	107	2	1	3_____	63436	1	0	0	0	0	1	0	0	0	0	0
C	Marios	22	107	2	1	3_____	63494	1	0	0	0	0	0	0	0	0	1	0
C	Marios	22	107	2	1	3_____	63885	1	0	0	0	0	1	0	0	0	0	0
C	Marios	22	107	2	1	3_____	63903	1	0	0	0	0	0	0	0	0	1	0
C	Marios	22	107	2	1	3_____	64416	1	0	0	0	0	1	0	0	0	0	0
C	Marios	22	107	2	1	3_____	64472	1	0	0	0	0	0	0	0	0	1	0
C	Marios	22	107	2	1	3_____	64500	1	2	0	0	0	0	0	0	0	0	0
C	Marios	22	107	2	1	3_____	65000	2	13	0	0	0	0	0	0	0	0	0
C	Marios	22	107	2	1	3_____	65465	13	0	0	0	0	1	0	0	0	0	0
C	Marios	22	107	2	1	3_____	65500	13	15	0	0	0	0	0	0	0	0	0
C	Marios	22	107	2	1	3_____	65599	15	0	0	0	0	0	0	0	0	1	0
C	Marios	22	107	2	1	3_____	65821	15	0	0	0	0	1	0	0	0	0	0
C	Marios	22	107	2	1	3_____	65892	15	0	0	0	0	0	0	0	0	1	0
C	Marios	22	107	2	1	3_____	66000	15	1	0	0	0	0	0	0	0	0	0
C	Marios	22	107	2	1	3_____	66932	1	0	0	0	0	1	0	0	0	0	0
C	Marios	22	107	2	1	3_____	66975	1	0	0	0	0	0	0	0	0	1	0
C	Marios	22	107	2	1	3_____	67132	1	0	0	0	0	1	0	0	0	0	0
C	Marios	22	107	2	1	3_____	67329	1	0	0	0	0	0	0	0	0	1	0
C	Marios	22	107	2	1	3_____	68097	1	0	0	0	0	1	0	0	0	0	0
C	Marios	22	107	2	1	3_____	68237	1	0	0	0	0	0	0	0	0	1	0
C	Marios	22	107	2	1	3_____	68312	1	0	0	0	0	1	0	0	0	0	0
C	Marios	22	107	2	1	3_____	68393	1	0	0	0	0	0	0	0	0	1	0
C	Marios	22	107	2	1	3_____	68489	1	0	0	0	0	1	0	0	0	0	0
C	Marios	22	107	2	1	3_____	68568	1	0	0	0	0	0	0	0	0	1	0
C	Marios	22	107	2	1	3_____	68797	1	0	0	0	0	1	0	0	0	0	0
C	Marios	22	107	2	1	3_____	68814	1	0	0	0	0	0	0	0	0	1	0
C	Marios	22	107	2	1	3_____	69607	1	0	0	0	0	1	0	0	0	0	0
C	Marios	22	107	2	1	3_____	69630	1	0	0	0	0	0	0	0	0	1	0
C	Marios	22	107	2	1	3_____	69828	1	0	0	0	0	1	0	0	0	0	0
C	Marios	22	107	2	1	3_____	69833	1	0	0	0	0	0	0	0	0	1	0
C	Marios	22	107	2	1	3_____	69842	1	0	0	0	0	1	0	0	0	0	0
C	Marios	22	107	2	1	3_____	69874	1	0	0	0	0	0	0	0	0	1	0
C	Marios	22	107	2	1	3_____	70500	1	2	0	0	0	0	0	0	0	0	0
C	Marios	22	107	2	1	3_____	70941	2	0	0	0	0	1	0	0	0	0	0
C	Marios	22	107	2	1	3_____	70956	2	0	0	0	0	0	0	0	0	1	0
C	Marios	22	107	2	1	3_____	71000	2	7	0	0	0	0	0	0	0	0	0
C	Marios	22	107	2	1	3_____	71220	7	0	0	0	0	1	0	0	0	0	0
C	Marios	22	107	2	1	3_____	71236	7	0	0	0	0	0	0	0	0	1	0
C	Marios	22	107	2	1	3_____	71273	7	0	0	0	0	1	0	0	0	0	0
C	Marios	22	107	2	1	3_____	71465	7	0	0	0	0	0	0	0	0	1	0
C	Marios	22	107	2	1	3_____	71469	7	0	0	0	0	1	0	0	0	0	0
C	Marios	22	107	2	1	3_____	71500	7	10	0	0	0	0	0	0	0	0	0
C	Marios	22	107	2	1	3_____	71663	10	0	0	0	0	0	0	0	0	1	0
C	Marios	22	107	2	1	3_____	71922	10	0	0	0	0	1	0	0	0	0	0
C	Marios	22	107	2	1	3_____	71978	10	0	0	0	0	0	0	0	0	1	0
C	Marios	22	107	2	1	3_____	72000	10	1	0	0	0	0	0	0	0	0	0
C	Marios	22	107	2	1	3_____	72866	1	0	0	0	0	1	0	0	0	0	0
C	Marios	22	107	2	1	3_____	72893	1	0	0	0	0	0	0	0	0	1	0
C	Marios	22	107	2	1	3_____	73448	1	0	0	0	0	1	0	0	0	0	0
C	Marios	22	107	2	1	3_____	73461	1	0	0	0	0	0	0	0	0	1	0
C	Marios	22	107	2	1	3_____	73500	1	2	0	0	0	0	0	0	0	0	0
C	Marios	22	107	2	1	3_____	73883	2	0	0	0	0	1	0	0	0	0	0
C	Marios	22	107	2	1	3_____	74000	2	13	0	0	0	0	0	0	0	0	0
C	Marios	22	107	2	1	3_____	74008	13	0	0	0	0	0	0	0	0	1	0
C	Marios	22	107	2	1	3_____	74500	13	15	0	0	0	0	0	0	0	0	0
C	Marios	22	107	2	1	3_____	74626	15	0	0	0	0	1	0	0	0	0	0
C	Marios	22	107	2	1	3_____	74662	15	0	0	0	0	0	0	0	0	1	0
C	Marios	22	107	2	1	3_____	74833	15	0	0	0	0	1	0	0	0	0	0
C	Marios	22	107	2	1	3_____	74895	15	0	0	0	0	0	0	0	0	1	0
C	Marios	22	107	2	1	3_____	74897	15	0	0	0	0	1	0	0	0	0	0
C	Marios	22	107	2	1	3_____	74904	15	0	0	0	0	0	0	0	0	1	0
C	Marios	22	107	2	1	3_____	75000	15	1	0	0	0	0	0	0	0	0	0
C	Marios	22	107	2	1	3_____	75288	1	0	0	0	0	1	0	0	0	0	0
C	Marios	22	107	2	1	3_____	75310	1	0	0	0	0	1	0	0	0	1	0
C	Marios	22	107	2	1	3_____	75312	1	0	0	0	0	0	0	0	0	1	0
C	Marios	22	107	2	1	3_____	76149	1	0	0	0	0	1	0	0	0	0	0
C	Marios	22	107	2	1	3_____	76152	1	0	0	0	0	0	0	0	0	1	0
C	Marios	22	107	2	1	3_____	76153	1	0	0	0	0	1	0	0	0	0	0
C	Marios	22	107	2	1	3_____	76208	1	0	0	0	0	0	0	0	0	1	0
C	Marios	22	107	2	1	3_____	77208	1	0	0	0	0	1	0	0	0	0	0
C	Marios	22	107	2	1	3_____	77245	1	0	0	0	0	0	0	0	0	1	0
C	Marios	22	107	2	1	3_____	77520	1	0	0	0	0	1	0	0	0	0	0
C	Marios	22	107	2	1	3_____	77545	1	0	0	0	0	0	0	0	0	1	0
C	Marios	22	107	2	1	3_____	78801	1	0	0	0	0	1	0	0	0	0	0
C	Marios	22	107	2	1	3_____	78806	1	0	0	0	0	0	0	0	0	1	0
C	Marios	22	107	2	1	3_____	78809	1	0	0	0	0	1	0	0	0	0	0
C	Marios	22	107	2	1	3_____	78861	1	0	0	0	0	0	0	0	0	1	0
C	Marios	22	107	2	1	3_____	78949	1	0	0	0	0	1	0	0	0	0	0
C	Marios	22	107	2	1	3_____	79000	1	0	0	0	0	0	0	0	0	1	0
C	Marios	22	107	2	1	3_____	79548	1	0	0	0	0	1	0	0	0	0	0
C	Marios	22	107	2	1	3_____	79631	1	0	0	0	0	0	0	0	0	1	0
C	Marios	22	107	2	1	3_____	80428	1	0	0	0	0	1	0	0	0	0	0
C	Marios	22	107	2	1	3_____	80434	1	0	0	0	0	0	0	0	0	1	0
C	Marios	22	107	2	1	3_____	80487	1	0	0	0	0	1	0	0	0	0	0
C	Marios	22	107	2	1	3_____	80749	1	0	0	0	0	0	0	0	0	1	0
C	Marios	22	107	2	1	3_____	80987	1	0	0	0	0	1	0	0	0	0	0
C	Marios	22	107	2	1	3_____	81000	1	2	0	0	0	0	0	0	0	0	0
C	Marios	22	107	2	1	3_____	81238	2	0	0	0	0	0	0	0	0	1	0
C	Marios	22	107	2	1	3_____	81500	2	12	0	0	0	0	0	0	0	0	0
C	Marios	22	107	2	1	3_____	81578	12	0	0	0	0	1	0	0	0	0	0
C	Marios	22	107	2	1	3_____	81656	12	0	0	0	0	0	0	0	0	1	0
C	Marios	22	107	2	1	3_____	81767	12	0	0	0	0	1	0	0	0	0	0
C	Marios	22	107	2	1	3_____	81898	12	0	0	0	0	0	0	0	0	1	0
C	Marios	22	107	2	1	3_____	81976	12	0	0	0	0	1	0	0	0	0	0
C	Marios	22	107	2	1	3_____	82000	12	15	0	0	0	0	0	0	0	0	0
C	Marios	22	107	2	1	3_____	82066	15	0	0	0	0	0	0	0	0	1	0
C	Marios	22	107	2	1	3_____	82206	15	0	0	0	0	1	0	0	0	0	0
C	Marios	22	107	2	1	3_____	82326	15	0	0	0	0	0	0	0	0	1	0
C	Marios	22	107	2	1	3_____	82500	15	1	0	0	0	0	0	0	0	0	0
C	Marios	22	107	2	1	3_____	83268	1	0	0	0	0	1	0	0	0	0	0
C	Marios	22	107	2	1	3_____	83436	1	0	0	0	0	0	0	0	0	1	0
C	Marios	22	107	2	1	3_____	83967	1	0	0	0	0	1	0	0	0	0	0
C	Marios	22	107	2	1	3_____	84281	1	0	0	0	0	0	0	0	0	1	0
C	Marios	22	107	2	1	3_____	84944	1	0	0	0	0	1	0	0	0	0	0
C	Marios	22	107	2	1	3_____	85342	1	0	0	0	0	0	0	0	0	1	0
C	Marios	22	107	2	1	3_____	85624	1	0	0	0	0	1	0	0	0	0	0
C	Marios	22	107	2	1	3_____	85632	1	0	0	0	0	0	0	0	0	1	0
C	Marios	22	107	2	1	3_____	85969	1	0	0	0	0	1	0	0	0	0	0
C	Marios	22	107	2	1	3_____	86000	1	2	0	0	0	0	0	0	0	0	0
C	Marios	22	107	2	1	3_____	86347	2	0	0	0	0	0	0	0	0	1	0
C	Marios	22	107	2	1	3_____	86500	2	12	0	0	0	0	0	0	0	0	0
C	Marios	22	107	2	1	3_____	86590	12	0	0	0	0	1	0	0	0	0	0
C	Marios	22	107	2	1	3_____	86668	12	0	0	0	0	0	0	0	0	1	0
C	Marios	22	107	2	1	3_____	86755	12	0	0	0	0	1	0	0	0	0	0
C	Marios	22	107	2	1	3_____	86799	12	0	0	0	0	0	0	0	0	1	0
C	Marios	22	107	2	1	3_____	86889	12	0	0	0	0	1	0	0	0	0	0
C	Marios	22	107	2	1	3_____	87000	12	15	0	0	0	0	0	0	0	0	0
C	Marios	22	107	2	1	3_____	87001	15	0	0	0	0	0	0	0	0	1	0
C	Marios	22	107	2	1	3_____	87144	15	0	0	0	0	1	0	0	0	0	0
C	Marios	22	107	2	1	3_____	87259	15	0	0	0	0	0	0	0	0	1	0
C	Marios	22	107	2	1	3_____	87406	15	0	0	0	0	1	0	0	0	0	0
C	Marios	22	107	2	1	3_____	87500	15	1	0	0	0	0	0	0	0	0	0
C	Marios	22	107	2	1	3_____	87562	1	0	0	0	0	0	0	0	0	1	0
C	Marios	22	107	2	1	3_____	88223	1	0	0	0	0	1	0	0	0	0	0
C	Marios	22	107	2	1	3_____	88236	1	0	0	0	0	0	0	0	0	1	0
C	Marios	22	107	2	1	3_____	89038	1	0	0	0	0	1	0	0	0	0	0
C	Marios	22	107	2	1	3_____	89179	1	0	0	0	0	0	0	0	0	1	0
C	Marios	22	107	2	1	3_____	89750	1	2	0	0	0	0	0	0	0	0	0
C	Marios	22	107	2	1	3_____	90250	2	13	0	0	0	0	0	0	0	0	0
C	Marios	22	107	2	1	3_____	90750	13	15	0	0	0	0	0	0	0	0	0
C	Marios	22	107	2	1	3_____	90802	15	0	0	0	0	1	0	0	0	0	0
C	Marios	22	107	2	1	3_____	90854	15	0	0	0	0	0	0	0	0	1	0
C	Marios	22	107	2	1	3_____	91250	15	1	0	0	0	0	0	0	0	0	0
C	Marios	22	107	2	1	3_____	91418	1	0	0	0	0	1	0	0	0	0	0
C	Marios	22	107	2	1	3_____	91505	1	0	0	0	0	0	0	0	0	1	0
C	Marios	22	107	2	1	3_____	92306	1	0	0	0	0	1	0	0	0	0	0
C	Marios	22	107	2	1	3_____	92484	1	0	0	0	0	0	0	0	0	1	0
C	Marios	22	107	2	1	3_____	93131	1	0	0	0	0	1	0	0	0	0	0
C	Marios	22	107	2	1	3_____	93218	1	0	0	0	0	0	0	0	0	1	0
C	Marios	22	107	2	1	3_____	93962	1	0	0	0	0	1	0	0	0	0	0
C	Marios	22	107	2	1	3_____	94051	1	0	0	0	0	0	0	0	0	1	0
C	Marios	22	107	2	1	3_____	94626	1	0	0	0	0	1	0	0	0	0	0
C	Marios	22	107	2	1	3_____	94648	1	0	0	0	0	0	0	0	0	1	0
C	Marios	22	107	2	1	3_____	94766	1	0	0	0	0	1	0	0	0	0	0
C	Marios	22	107	2	1	3_____	94856	1	0	0	0	0	0	0	0	0	1	0
C	Marios	22	107	2	1	3_____	94961	1	0	0	0	0	1	0	0	0	0	0
C	Marios	22	107	2	1	3_____	94980	1	0	0	0	0	0	0	0	0	1	0
C	Marios	22	107	2	1	3_____	95715	1	0	0	0	0	1	0	0	0	0	0
C	Marios	22	107	2	1	3_____	96100	1	0	0	0	0	0	0	0	0	1	0
C	Marios	22	107	2	1	3_____	96900	1	0	0	0	0	1	0	0	0	0	0
C	Marios	22	107	2	1	3_____	97252	1	0	0	0	0	0	0	0	0	1	0
C	Marios	22	107	2	1	3_____	97747	1	0	0	0	0	1	0	0	0	0	0
C	Marios	22	107	2	1	3_____	97895	1	0	0	0	0	0	0	0	0	1	0
C	Marios	22	107	2	1	3_____	97898	1	0	0	0	0	1	0	0	0	0	0
C	Marios	22	107	2	1	3_____	98216	1	0	0	0	0	0	0	0	0	1	0
C	Marios	22	107	2	1	3_____	98750	1	2	0	0	0	0	0	0	0	0	0
C	Marios	22	107	2	1	3_____	99091	2	0	0	0	0	1	0	0	0	0	0
C	Marios	22	107	2	1	3_____	99098	2	0	0	0	0	1	0	0	0	1	0
C	Marios	22	107	2	1	3_____	99250	2	6	0	0	0	0	0	0	0	0	0
C	Marios	22	107	2	1	3_____	99257	6	0	0	0	0	0	0	0	0	1	0
C	Marios	22	107	2	1	3_____	99373	6	0	0	0	0	1	0	0	0	0	0
C	Marios	22	107	2	1	3_____	99518	6	0	0	0	0	0	0	0	0	1	0
C	Marios	22	107	2	1	3_____	99593	6	0	0	0	0	1	0	0	0	0	0
C	Marios	22	107	2	1	3_____	99686	6	0	0	0	0	0	0	0	0	1	0
C	Marios	22	107	2	1	3_____	99750	6	11	0	0	0	0	0	0	0	0	0
C	Marios	22	107	2	1	3_____	99793	11	0	0	0	0	1	0	0	0	0	0
C	Marios	22	107	2	1	3_____	99997	11	0	0	0	0	0	0	0	0	1	0
C	Marios	22	107	2	1	3_____	100250	11	1	0	0	0	0	0	0	0	0	0
C	Marios	22	107	2	1	3_____	101983	1	0	0	0	0	1	0	0	0	0	0
C	Marios	22	107	2	1	3_____	101985	1	0	0	0	0	0	0	0	0	1	0
C	Marios	22	107	2	1	3_____	101992	1	0	0	0	0	1	0	0	0	0	0
C	Marios	22	107	2	1	3_____	102083	1	0	0	0	0	0	0	0	0	1	0
C	Marios	22	107	2	1	3_____	102642	1	0	0	0	0	1	0	0	0	0	0
C	Marios	22	107	2	1	3_____	102761	1	0	0	0	0	0	0	0	0	1	0
C	Marios	22	107	2	1	3_____	102764	1	0	0	0	0	1	0	0	0	0	0
C	Marios	22	107	2	1	3_____	102854	1	0	0	0	0	0	0	0	0	1	0
C	Marios	22	107	2	1	3_____	104666	1	0	0	0	0	1	0	0	0	0	0
C	Marios	22	107	2	1	3_____	104670	1	0	0	0	0	0	0	0	0	1	0
C	Marios	22	107	2	1	3_____	104750	1	2	0	0	0	0	0	0	0	0	0
C	Marios	22	107	2	1	3_____	105250	2	7	0	0	0	0	0	0	0	0	0
C	Marios	22	107	2	1	3_____	105340	7	0	0	0	0	1	0	0	0	0	0
C	Marios	22	107	2	1	3_____	105390	7	0	0	0	0	0	0	0	0	1	0
C	Marios	22	107	2	1	3_____	105603	7	0	0	0	0	1	0	0	0	0	0
C	Marios	22	107	2	1	3_____	105750	7	10	0	0	0	0	0	0	0	1	0
C	Marios	22	107	2	1	3_____	105837	10	0	0	0	0	1	0	0	0	0	0
C	Marios	22	107	2	1	3_____	106213	10	0	0	0	0	0	0	0	0	1	0
C	Marios	22	107	2	1	3_____	106250	10	1	0	0	0	0	0	0	0	0	0
C	Marios	22	107	2	1	3_____	106403	1	0	0	0	0	1	0	0	0	0	0
C	Marios	22	107	2	1	3_____	106495	1	0	0	0	0	0	0	0	0	1	0
C	Marios	22	107	2	1	3_____	107234	1	0	0	0	0	1	0	0	0	0	0
C	Marios	22	107	2	1	3_____	107490	1	0	0	0	0	0	0	0	0	1	0
C	Marios	22	107	2	1	3_____	108567	1	0	0	0	0	1	0	0	0	0	0
C	Marios	22	107	2	1	3_____	109005	1	0	0	0	0	0	0	0	0	1	0
C	Marios	22	107	2	1	3_____	109007	1	0	0	0	0	1	0	0	0	0	0
C	Marios	22	107	2	1	3_____	109129	1	0	0	0	0	0	0	0	0	1	0
C	Marios	22	107	2	1	3_____	110750	1	2	0	0	0	0	0	0	0	0	0
C	Marios	22	107	2	1	3_____	110979	2	0	0	0	0	1	0	0	0	0	0
C	Marios	22	107	2	1	3_____	111250	2	12	0	0	0	0	0	0	0	0	0
C	Marios	22	107	2	1	3_____	111258	12	0	0	0	0	0	0	0	0	1	0
C	Marios	22	107	2	1	3_____	111489	12	0	0	0	0	1	0	0	0	0	0
C	Marios	22	107	2	1	3_____	111588	12	0	0	0	0	0	0	0	0	1	0
C	Marios	22	107	2	1	3_____	111750	12	15	0	0	0	0	0	0	0	0	0
C	Marios	22	107	2	1	3_____	111818	15	0	0	0	0	1	0	0	0	0	0
C	Marios	22	107	2	1	3_____	112021	15	0	0	0	0	0	0	0	0	1	0
C	Marios	22	107	2	1	3_____	112176	15	0	0	0	0	1	0	0	0	0	0
C	Marios	22	107	2	1	3_____	112250	15	1	0	0	0	0	0	0	0	0	0
C	Marios	22	107	2	1	3_____	112434	1	0	0	0	0	0	0	0	0	1	0
C	Marios	22	107	2	1	3_____	112698	1	0	0	0	0	1	0	0	0	0	0
C	Marios	22	107	2	1	3_____	113216	1	0	0	0	0	0	0	0	0	1	0
C	Marios	22	107	2	1	3_____	113825	1	0	0	0	0	1	0	0	0	0	0
C	Marios	22	107	2	1	3_____	114854	1	0	0	0	0	0	0	0	0	1	0
C	Marios	22	107	2	1	3_____	115429	1	0	0	0	0	1	0	0	0	0	0
C	Marios	22	107	2	1	3_____	116008	1	0	0	0	0	0	0	0	0	1	0
C	Marios	22	107	2	1	3_____	116811	1	0	0	0	0	1	0	0	0	0	0
C	Marios	22	107	2	1	3_____	117181	1	0	0	0	0	0	0	0	0	1	0
C	Marios	22	107	2	1	3_____	117676	1	0	0	0	0	1	0	0	0	0	0
C	Marios	22	107	2	1	3_____	117688	1	0	0	0	0	0	0	0	0	1	0
C	Marios	22	107	2	1	3_____	117837	1	0	0	0	0	1	0	0	0	0	0
C	Marios	22	107	2	1	3_____	118091	1	0	0	0	0	0	0	0	0	1	0
C	Marios	22	107	2	1	3_____	118790	1	0	0	0	0	1	0	0	0	0	0
C	Marios	22	107	2	1	3_____	119000	1	2	0	0	0	0	0	0	0	0	0
C	Marios	22	107	2	1	3_____	119500	2	7	0	0	0	0	0	0	0	0	0
C	Marios	22	107	2	1	3_____	119509	7	0	0	0	0	0	0	0	0	1	0
C	Marios	22	107	2	1	3_____	119611	7	0	0	0	0	1	0	0	0	0	0
C	Marios	22	107	2	1	3_____	119774	7	0	0	0	0	0	0	0	0	1	0
C	Marios	22	107	2	1	3_____	120000	7	10	0	0	0	0	0	0	0	0	0
C	Marios	22	107	2	1	3_____	120020	10	0	0	0	0	1	0	0	0	0	0
C	Marios	22	107	2	1	3_____	120194	10	0	0	0	0	0	0	0	0	1	0
C	Marios	22	107	2	1	3_____	120500	10	1	0	0	0	0	0	0	0	0	0
C	Marios	22	107	2	1	3_____	120990	1	0	0	0	0	1	0	0	0	0	0
C	Marios	22	107	2	1	3_____	121135	1	0	0	0	0	0	0	0	0	1	0
C	Marios	22	107	2	1	3_____	122775	1	0	0	0	0	1	0	0	0	0	0
C	Marios	22	107	2	1	3_____	122895	1	0	0	0	0	0	0	0	0	1	0
C	Marios	22	107	2	1	3_____	123921	1	0	0	0	0	1	0	0	0	0	0
C	Marios	22	107	2	1	3_____	124075	1	0	0	0	0	0	0	0	0	1	0
C	Marios	22	107	2	1	3_____	125254	1	0	0	0	0	1	0	0	0	0	0
C	Marios	22	107	2	1	3_____	125318	1	0	0	0	0	0	0	0	0	1	0
C	Marios	22	107	2	1	3_____	125677	1	0	0	0	0	1	0	0	0	0	0
C	Marios	22	107	2	1	3_____	125750	1	2	0	0	0	0	0	0	0	0	0
C	Marios	22	107	2	1	3_____	126019	2	0	0	0	0	0	0	0	0	1	0
C	Marios	22	107	2	1	3_____	126117	2	0	0	0	0	1	0	0	0	0	0
C	Marios	22	107	2	1	3_____	126231	2	0	0	0	0	0	0	0	0	1	0
C	Marios	22	107	2	1	3_____	126250	2	13	0	0	0	0	0	0	0	0	0
C	Marios	22	107	2	1	3_____	126750	13	15	0	0	0	0	0	0	0	0	0
C	Marios	22	107	2	1	3_____	127143	15	0	0	0	0	1	0	0	0	0	0
C	Marios	22	107	2	1	3_____	127234	15	0	0	0	0	0	0	0	0	1	0
C	Marios	22	107	2	1	3_____	127250	15	1	0	0	0	0	0	0	0	0	0
C	Marios	22	107	2	1	3_____	127431	1	0	0	0	0	1	0	0	0	0	0
C	Marios	22	107	2	1	3_____	127521	1	0	0	0	0	0	0	0	0	1	0
C	Marios	22	107	2	1	3_____	128218	1	0	0	0	0	1	0	0	0	0	0
C	Marios	22	107	2	1	3_____	128343	1	0	0	0	0	0	0	0	0	1	0
C	Marios	22	107	2	1	3_____	128639	1	0	0	0	0	1	0	0	0	0	0
C	Marios	22	107	2	1	3_____	128967	1	0	0	0	0	0	0	0	0	1	0
C	Marios	22	107	2	1	3_____	129218	1	0	0	0	0	1	0	0	0	0	0
C	Marios	22	107	2	1	3_____	129645	1	0	0	0	0	0	0	0	0	1	0
C	Marios	22	107	2	1	3_____	130304	1	0	0	0	0	1	0	0	0	0	0
C	Marios	22	107	2	1	3_____	130823	1	0	0	0	0	0	0	0	0	1	0
C	Marios	22	107	2	1	3_____	131000	1	2	0	0	0	0	0	0	0	0	0
C	Marios	22	107	2	1	3_____	131394	2	0	0	0	0	1	0	0	0	0	0
C	Marios	22	107	2	1	3_____	131500	2	6	0	0	0	0	0	0	0	0	0
C	Marios	22	107	2	1	3_____	131507	6	0	0	0	0	0	0	0	0	1	0
C	Marios	22	107	2	1	3_____	131576	6	0	0	0	0	1	0	0	0	0	0
C	Marios	22	107	2	1	3_____	131702	6	0	0	0	0	0	0	0	0	1	0
C	Marios	22	107	2	1	3_____	131788	6	0	0	0	0	1	0	0	0	0	0
C	Marios	22	107	2	1	3_____	131844	6	0	0	0	0	0	0	0	0	1	0
C	Marios	22	107	2	1	3_____	131973	6	0	0	0	0	1	0	0	0	0	0
C	Marios	22	107	2	1	3_____	132000	6	11	0	0	0	0	0	0	0	0	0
C	Marios	22	107	2	1	3_____	132358	11	0	0	0	0	0	0	0	0	1	0
C	Marios	22	107	2	1	3_____	132500	11	1	0	0	0	0	0	0	0	0	0
C	Marios	22	107	2	1	3_____	132626	1	0	0	0	0	1	0	0	0	0	0
C	Marios	22	107	2	1	3_____	132690	1	0	0	0	0	0	0	0	0	1	0
C	Marios	22	107	2	1	3_____	133040	1	0	0	0	0	1	0	0	0	0	0
C	Marios	22	107	2	1	3_____	133056	1	0	0	0	0	0	0	0	0	1	0
C	Marios	22	107	2	1	3_____	134372	1	0	0	0	0	1	0	0	0	0	0
C	Marios	22	107	2	1	3_____	134573	1	0	0	0	0	0	0	0	0	1	0
C	Marios	22	107	2	1	3_____	134972	1	0	0	0	0	1	0	0	0	0	0
C	Marios	22	107	2	1	3_____	135277	1	0	0	0	0	0	0	0	0	1	0
C	Marios	22	107	2	1	3_____	135500	1	2	0	0	0	0	0	0	0	0	0
C	Marios	22	107	2	1	3_____	135696	2	0	0	0	0	1	0	0	0	0	0
C	Marios	22	107	2	1	3_____	136000	2	12	0	0	0	0	0	0	0	0	0
C	Marios	22	107	2	1	3_____	136006	12	0	0	0	0	0	0	0	0	1	0
C	Marios	22	107	2	1	3_____	136134	12	0	0	0	0	1	0	0	0	0	0
C	Marios	22	107	2	1	3_____	136218	12	0	0	0	0	0	0	0	0	1	0
C	Marios	22	107	2	1	3_____	136376	12	0	0	0	0	1	0	0	0	0	0
C	Marios	22	107	2	1	3_____	136499	12	0	0	0	0	0	0	0	0	1	0
C	Marios	22	107	2	1	3_____	136500	12	15	0	0	0	0	0	0	0	0	0
C	Marios	22	107	2	1	3_____	136711	15	0	0	0	0	1	0	0	0	0	0
C	Marios	22	107	2	1	3_____	136791	15	0	0	0	0	0	0	0	0	1	0
C	Marios	22	107	2	1	3_____	137000	15	1	0	0	0	0	0	0	0	0	0
C	Marios	22	107	2	1	3_____	137474	1	0	0	0	0	1	0	0	0	0	0
C	Marios	22	107	2	1	3_____	137784	1	0	0	0	0	0	0	0	0	1	0
C	Marios	22	107	2	1	3_____	138054	1	0	0	0	0	1	0	0	0	0	0
C	Marios	22	107	2	1	3_____	138462	1	0	0	0	0	0	0	0	0	1	0
C	Marios	22	107	2	1	3_____	139648	1	0	0	0	0	1	0	0	0	0	0
C	Marios	22	107	2	1	3_____	140504	1	0	0	0	0	0	0	0	0	1	0
C	Marios	22	107	2	1	3_____	140741	1	0	0	0	0	1	0	0	0	0	0
C	Marios	22	107	2	1	3_____	141129	1	0	0	0	0	0	0	0	0	1	0
C	Marios	22	107	2	1	3_____	141673	1	0	0	0	0	1	0	0	0	0	0
C	Marios	22	107	2	1	3_____	142500	1	2	0	0	0	0	0	0	0	0	0
C	Marios	22	107	2	1	3_____	142669	2	0	0	0	0	0	0	0	0	1	0
C	Marios	22	107	2	1	3_____	143000	2	13	0	0	0	0	0	0	0	0	0
C	Marios	22	107	2	1	3_____	143121	13	0	0	0	0	1	0	0	0	0	0
C	Marios	22	107	2	1	3_____	143134	13	0	0	0	0	0	0	0	0	1	0
C	Marios	22	107	2	1	3_____	143500	13	15	0	0	0	0	0	0	0	0	0
C	Marios	22	107	2	1	3_____	143616	15	0	0	0	0	1	0	0	0	0	0
C	Marios	22	107	2	1	3_____	143745	15	0	0	0	0	0	0	0	0	1	0
C	Marios	22	107	2	1	3_____	144000	15	14	0	0	0	0	0	0	0	0	0
C	Marios	22	107	2	1	3_____	144046	14	0	0	0	0	1	0	0	0	0	0
C	Marios	22	107	2	1	3_____	144328	14	0	0	0	0	0	0	0	0	1	0
C	Marios	22	107	2	1	3_____	145539	14	0	0	0	0	1	0	0	0	0	0
C	Marios	22	107	2	1	3_____	146144	14	0	0	0	0	0	0	0	0	1	0
C	Marios	22	107	2	1	3_____	146389	14	0	0	0	0	1	0	0	0	0	0
C	Marios	22	107	2	1	3_____	146570	14	0	0	0	0	0	0	0	0	1	0
C	Marios	22	107	2	1	3_____	147000	14	-1	0	0	0	0	0	0	0	0	0
C	Marios	22	107	6	1	28____	0	0	1	0	0	0	0	0	0	0	0	0
C	Marios	22	107	6	1	28____	180	1	0	0	0	0	1	0	0	0	0	0
C	Marios	22	107	6	1	28____	186	1	0	0	0	0	0	0	0	0	1	0
C	Marios	22	107	6	1	28____	513	1	0	0	0	0	1	0	0	0	0	0
C	Marios	22	107	6	1	28____	534	1	0	0	0	0	0	0	0	0	1	0
C	Marios	22	107	6	1	28____	547	1	0	0	0	0	1	0	0	0	0	0
C	Marios	22	107	6	1	28____	557	1	0	0	0	0	0	0	0	0	1	0
C	Marios	22	107	6	1	28____	560	1	0	0	0	0	1	0	0	0	0	0
C	Marios	22	107	6	1	28____	574	1	0	0	0	0	0	0	0	0	1	0
C	Marios	22	107	6	1	28____	2297	1	0	0	0	0	1	0	0	0	0	0
C	Marios	22	107	6	1	28____	2306	1	0	0	0	0	0	0	0	0	1	0
C	Marios	22	107	6	1	28____	2634	1	0	0	0	0	1	0	0	0	0	0
C	Marios	22	107	6	1	28____	2663	1	0	0	0	0	0	0	0	0	1	0
C	Marios	22	107	6	1	28____	2782	1	0	0	0	0	1	0	0	0	0	0
C	Marios	22	107	6	1	28____	2807	1	0	0	0	0	0	0	0	0	1	0
C	Marios	22	107	6	1	28____	4274	1	0	0	0	0	1	0	0	0	0	0
C	Marios	22	107	6	1	28____	4275	1	0	0	0	0	0	0	0	0	1	0
C	Marios	22	107	6	1	28____	4279	1	0	0	0	0	1	0	0	0	0	0
C	Marios	22	107	6	1	28____	4281	1	0	0	0	0	0	0	0	0	1	0
C	Marios	22	107	6	1	28____	5475	1	0	0	0	0	1	0	0	0	0	0
C	Marios	22	107	6	1	28____	5482	1	0	0	0	0	0	0	0	0	1	0
C	Marios	22	107	6	1	28____	6518	1	0	0	0	0	1	0	0	0	0	0
C	Marios	22	107	6	1	28____	6547	1	0	0	0	0	0	0	0	0	1	0
C	Marios	22	107	6	1	28____	7500	1	2	0	0	0	0	0	0	0	0	0
C	Marios	22	107	6	1	28____	8000	2	12	0	0	0	0	0	0	0	0	0
C	Marios	22	107	6	1	28____	8500	12	15	0	0	0	0	0	0	0	0	0
C	Marios	22	107	6	1	28____	9000	15	1	0	0	0	0	0	0	0	0	0
C	Marios	22	107	6	1	28____	9465	1	0	0	0	0	1	0	0	0	0	0
C	Marios	22	107	6	1	28____	9473	1	0	0	0	0	0	0	0	0	1	0
C	Marios	22	107	6	1	28____	9948	1	0	0	0	0	1	0	0	0	0	0
C	Marios	22	107	6	1	28____	10205	1	0	0	0	0	0	0	0	0	1	0
C	Marios	22	107	6	1	28____	10297	1	0	0	0	0	1	0	0	0	0	0
C	Marios	22	107	6	1	28____	10383	1	0	0	0	0	0	0	0	0	1	0
C	Marios	22	107	6	1	28____	11250	1	2	0	0	0	0	0	0	0	0	0
C	Marios	22	107	6	1	28____	11512	2	0	0	0	0	1	0	0	0	0	0
C	Marios	22	107	6	1	28____	11541	2	0	0	0	0	0	0	0	0	1	0
C	Marios	22	107	6	1	28____	11750	2	12	0	0	0	0	0	0	0	0	0
C	Marios	22	107	6	1	28____	12250	12	15	0	0	0	0	0	0	0	0	0
C	Marios	22	107	6	1	28____	12750	15	1	0	0	0	0	0	0	0	0	0
C	Marios	22	107	6	1	28____	12765	1	0	0	0	0	1	0	0	0	0	0
C	Marios	22	107	6	1	28____	12768	1	0	0	0	0	0	0	0	0	1	0
C	Marios	22	107	6	1	28____	12780	1	0	0	0	0	1	0	0	0	0	0
C	Marios	22	107	6	1	28____	12837	1	0	0	0	0	0	0	0	0	1	0
C	Marios	22	107	6	1	28____	12910	1	0	0	0	0	1	0	0	0	0	0
C	Marios	22	107	6	1	28____	12999	1	0	0	0	0	0	0	0	0	1	0
C	Marios	22	107	6	1	28____	13090	1	0	0	0	0	1	0	0	0	0	0
C	Marios	22	107	6	1	28____	13117	1	0	0	0	0	0	0	0	0	1	0
C	Marios	22	107	6	1	28____	13199	1	0	0	0	0	1	0	0	0	0	0
C	Marios	22	107	6	1	28____	13214	1	0	0	0	0	0	0	0	0	1	0
C	Marios	22	107	6	1	28____	13295	1	0	0	0	0	1	0	0	0	0	0
C	Marios	22	107	6	1	28____	13315	1	0	0	0	0	0	0	0	0	1	0
C	Marios	22	107	6	1	28____	13399	1	0	0	0	0	1	0	0	0	0	0
C	Marios	22	107	6	1	28____	13443	1	0	0	0	0	0	0	0	0	1	0
C	Marios	22	107	6	1	28____	13622	1	0	0	0	0	1	0	0	0	0	0
C	Marios	22	107	6	1	28____	13632	1	0	0	0	0	0	0	0	0	1	0
C	Marios	22	107	6	1	28____	13710	1	0	0	0	0	1	0	0	0	0	0
C	Marios	22	107	6	1	28____	13725	1	0	0	0	0	0	0	0	0	1	0
C	Marios	22	107	6	1	28____	14905	1	0	0	0	0	1	0	0	0	0	0
C	Marios	22	107	6	1	28____	14946	1	0	0	0	0	0	0	0	0	1	0
C	Marios	22	107	6	1	28____	14984	1	0	0	0	0	1	0	0	0	0	0
C	Marios	22	107	6	1	28____	15024	1	0	0	0	0	0	0	0	0	1	0
C	Marios	22	107	6	1	28____	16250	1	2	0	0	0	0	0	0	0	0	0
C	Marios	22	107	6	1	28____	16285	2	0	0	0	0	1	0	0	0	0	0
C	Marios	22	107	6	1	28____	16318	2	0	0	0	0	0	0	0	0	1	0
C	Marios	22	107	6	1	28____	16393	2	0	0	0	0	1	0	0	0	0	0
C	Marios	22	107	6	1	28____	16406	2	0	0	0	0	0	0	0	0	1	0
C	Marios	22	107	6	1	28____	16439	2	0	0	0	0	1	0	0	0	0	0
C	Marios	22	107	6	1	28____	16473	2	0	0	0	0	0	0	0	0	1	0
C	Marios	22	107	6	1	28____	16750	2	6	0	0	0	0	0	0	0	0	0
C	Marios	22	107	6	1	28____	16835	6	0	0	0	0	1	0	0	0	0	0
C	Marios	22	107	6	1	28____	16860	6	0	0	0	0	0	0	0	0	1	0
C	Marios	22	107	6	1	28____	16946	6	0	0	0	0	1	0	0	0	0	0
C	Marios	22	107	6	1	28____	16963	6	0	0	0	0	0	0	0	0	1	0
C	Marios	22	107	6	1	28____	17037	6	0	0	0	0	1	0	0	0	0	0
C	Marios	22	107	6	1	28____	17060	6	0	0	0	0	0	0	0	0	1	0
C	Marios	22	107	6	1	28____	17123	6	0	0	0	0	1	0	0	0	0	0
C	Marios	22	107	6	1	28____	17144	6	0	0	0	0	0	0	0	0	1	0
C	Marios	22	107	6	1	28____	17175	6	0	0	0	0	1	0	0	0	0	0
C	Marios	22	107	6	1	28____	17201	6	0	0	0	0	0	0	0	0	1	0
C	Marios	22	107	6	1	28____	17250	6	11	0	0	0	0	0	0	0	0	0
C	Marios	22	107	6	1	28____	17311	11	0	0	0	0	1	0	0	0	0	0
C	Marios	22	107	6	1	28____	17581	11	0	0	0	0	0	0	0	0	1	0
C	Marios	22	107	6	1	28____	17750	11	1	0	0	0	0	0	0	0	0	0
C	Marios	22	107	6	1	28____	18296	1	0	0	0	0	1	0	0	0	0	0
C	Marios	22	107	6	1	28____	18341	1	0	0	0	0	0	0	0	0	1	0
C	Marios	22	107	6	1	28____	20169	1	0	0	0	0	1	0	0	0	0	0
C	Marios	22	107	6	1	28____	20191	1	0	0	0	0	0	0	0	0	1	0
C	Marios	22	107	6	1	28____	20750	1	2	0	0	0	0	0	0	0	0	0
C	Marios	22	107	6	1	28____	21250	2	13	0	0	0	0	0	0	0	0	0
C	Marios	22	107	6	1	28____	21518	13	0	0	0	0	1	0	0	0	0	0
C	Marios	22	107	6	1	28____	21520	13	0	0	0	0	0	0	0	0	1	0
C	Marios	22	107	6	1	28____	21750	13	15	0	0	0	0	0	0	0	0	0
C	Marios	22	107	6	1	28____	21790	15	0	0	0	0	1	0	0	0	0	0
C	Marios	22	107	6	1	28____	21822	15	0	0	0	0	0	0	0	0	1	0
C	Marios	22	107	6	1	28____	21878	15	0	0	0	0	1	0	0	0	0	0
C	Marios	22	107	6	1	28____	21902	15	0	0	0	0	0	0	0	0	1	0
C	Marios	22	107	6	1	28____	21989	15	0	0	0	0	1	0	0	0	0	0
C	Marios	22	107	6	1	28____	22059	15	0	0	0	0	0	0	0	0	1	0
C	Marios	22	107	6	1	28____	22142	15	0	0	0	0	1	0	0	0	0	0
C	Marios	22	107	6	1	28____	22183	15	0	0	0	0	0	0	0	0	1	0
C	Marios	22	107	6	1	28____	22250	15	1	0	0	0	0	0	0	0	0	0
C	Marios	22	107	6	1	28____	22654	1	0	0	0	0	1	0	0	0	0	0
C	Marios	22	107	6	1	28____	22690	1	0	0	0	0	0	0	0	0	1	0
C	Marios	22	107	6	1	28____	22785	1	0	0	0	0	1	0	0	0	0	0
C	Marios	22	107	6	1	28____	22896	1	0	0	0	0	1	0	0	0	1	0
C	Marios	22	107	6	1	28____	22916	1	0	0	0	0	0	0	0	0	1	0
C	Marios	22	107	6	1	28____	25602	1	0	0	0	0	1	0	0	0	0	0
C	Marios	22	107	6	1	28____	25625	1	0	0	0	0	0	0	0	0	1	0
C	Marios	22	107	6	1	28____	25743	1	0	0	0	0	1	0	0	0	0	0
C	Marios	22	107	6	1	28____	25878	1	0	0	0	0	0	0	0	0	1	0
C	Marios	22	107	6	1	28____	25937	1	0	0	0	0	1	0	0	0	0	0
C	Marios	22	107	6	1	28____	25941	1	0	0	0	0	0	0	0	0	1	0
C	Marios	22	107	6	1	28____	27143	1	0	0	0	0	1	0	0	0	0	0
C	Marios	22	107	6	1	28____	27160	1	0	0	0	0	0	0	0	0	1	0
C	Marios	22	107	6	1	28____	28197	1	0	0	0	0	1	0	0	0	0	0
C	Marios	22	107	6	1	28____	28212	1	0	0	0	0	0	0	0	0	1	0
C	Marios	22	107	6	1	28____	28242	1	0	0	0	0	1	0	0	0	0	0
C	Marios	22	107	6	1	28____	28250	1	2	0	0	0	0	0	0	0	0	0
C	Marios	22	107	6	1	28____	28287	2	0	0	0	0	0	0	0	0	1	0
C	Marios	22	107	6	1	28____	28750	2	7	0	0	0	0	0	0	0	0	0
C	Marios	22	107	6	1	28____	28915	7	0	0	0	0	1	0	0	0	0	0
C	Marios	22	107	6	1	28____	28933	7	0	0	0	0	0	0	0	0	1	0
C	Marios	22	107	6	1	28____	29001	7	0	0	0	0	1	0	0	0	0	0
C	Marios	22	107	6	1	28____	29033	7	0	0	0	0	0	0	0	0	1	0
C	Marios	22	107	6	1	28____	29054	7	0	0	0	0	1	0	0	0	0	0
C	Marios	22	107	6	1	28____	29058	7	0	0	0	0	0	0	0	0	1	0
C	Marios	22	107	6	1	28____	29123	7	0	0	0	0	1	0	0	0	0	0
C	Marios	22	107	6	1	28____	29140	7	0	0	0	0	0	0	0	0	1	0
C	Marios	22	107	6	1	28____	29224	7	0	0	0	0	1	0	0	0	0	0
C	Marios	22	107	6	1	28____	29250	7	10	0	0	0	0	0	0	0	0	0
C	Marios	22	107	6	1	28____	29528	10	0	0	0	0	0	0	0	0	1	0
C	Marios	22	107	6	1	28____	29750	10	1	0	0	0	0	0	0	0	0	0
C	Marios	22	107	6	1	28____	30171	1	0	0	0	0	1	0	0	0	0	0
C	Marios	22	107	6	1	28____	30189	1	0	0	0	0	0	0	0	0	1	0
C	Marios	22	107	6	1	28____	30208	1	0	0	0	0	1	0	0	0	0	0
C	Marios	22	107	6	1	28____	30319	1	0	0	0	0	0	0	0	0	1	0
C	Marios	22	107	6	1	28____	32447	1	0	0	0	0	1	0	0	0	0	0
C	Marios	22	107	6	1	28____	32484	1	0	0	0	0	0	0	0	0	1	0
C	Marios	22	107	6	1	28____	34787	1	0	0	0	0	1	0	0	0	0	0
C	Marios	22	107	6	1	28____	34826	1	0	0	0	0	0	0	0	0	1	0
C	Marios	22	107	6	1	28____	34885	1	0	0	0	0	1	0	0	0	0	0
C	Marios	22	107	6	1	28____	34931	1	0	0	0	0	0	0	0	0	1	0
C	Marios	22	107	6	1	28____	36500	1	2	0	0	0	0	0	0	0	0	0
C	Marios	22	107	6	1	28____	37000	2	13	0	0	0	0	0	0	0	0	0
C	Marios	22	107	6	1	28____	37500	13	15	0	0	0	0	0	0	0	0	0
C	Marios	22	107	6	1	28____	37632	15	0	0	0	0	1	0	0	0	0	0
C	Marios	22	107	6	1	28____	37634	15	0	0	0	0	0	0	0	0	1	0
C	Marios	22	107	6	1	28____	37636	15	0	0	0	0	1	0	0	0	0	0
C	Marios	22	107	6	1	28____	37647	15	0	0	0	0	0	0	0	0	1	0
C	Marios	22	107	6	1	28____	37835	15	0	0	0	0	1	0	0	0	0	0
C	Marios	22	107	6	1	28____	37868	15	0	0	0	0	0	0	0	0	1	0
C	Marios	22	107	6	1	28____	37894	15	0	0	0	0	1	0	0	0	0	0
C	Marios	22	107	6	1	28____	37914	15	0	0	0	0	0	0	0	0	1	0
C	Marios	22	107	6	1	28____	37921	15	0	0	0	0	1	0	0	0	0	0
C	Marios	22	107	6	1	28____	37941	15	0	0	0	0	0	0	0	0	1	0
C	Marios	22	107	6	1	28____	37973	15	0	0	0	0	1	0	0	0	0	0
C	Marios	22	107	6	1	28____	38000	15	1	0	0	0	0	0	0	0	0	0
C	Marios	22	107	6	1	28____	38058	1	0	0	0	0	0	0	0	0	1	0
C	Marios	22	107	6	1	28____	38477	1	0	0	0	0	1	0	0	0	0	0
C	Marios	22	107	6	1	28____	38483	1	0	0	0	0	0	0	0	0	1	0
C	Marios	22	107	6	1	28____	38532	1	0	0	0	0	1	0	0	0	0	0
C	Marios	22	107	6	1	28____	38542	1	0	0	0	0	0	0	0	0	1	0
C	Marios	22	107	6	1	28____	38575	1	0	0	0	0	1	0	0	0	0	0
C	Marios	22	107	6	1	28____	38589	1	0	0	0	0	0	0	0	0	1	0
C	Marios	22	107	6	1	28____	38722	1	0	0	0	0	1	0	0	0	0	0
C	Marios	22	107	6	1	28____	38735	1	0	0	0	0	0	0	0	0	1	0
C	Marios	22	107	6	1	28____	38758	1	0	0	0	0	1	0	0	0	0	0
C	Marios	22	107	6	1	28____	38998	1	0	0	0	0	0	0	0	0	1	0
C	Marios	22	107	6	1	28____	39478	1	0	0	0	0	1	0	0	0	0	0
C	Marios	22	107	6	1	28____	39526	1	0	0	0	0	0	0	0	0	1	0
C	Marios	22	107	6	1	28____	39563	1	0	0	0	0	1	0	0	0	0	0
C	Marios	22	107	6	1	28____	39617	1	0	0	0	0	0	0	0	0	1	0
C	Marios	22	107	6	1	28____	39644	1	0	0	0	0	1	0	0	0	0	0
C	Marios	22	107	6	1	28____	39655	1	0	0	0	0	0	0	0	0	1	0
C	Marios	22	107	6	1	28____	40694	1	0	0	0	0	1	0	0	0	0	0
C	Marios	22	107	6	1	28____	40743	1	0	0	0	0	0	0	0	0	1	0
C	Marios	22	107	6	1	28____	40966	1	0	0	0	0	1	0	0	0	0	0
C	Marios	22	107	6	1	28____	40993	1	0	0	0	0	0	0	0	0	1	0
C	Marios	22	107	6	1	28____	42197	1	0	0	0	0	1	0	0	0	0	0
C	Marios	22	107	6	1	28____	42216	1	0	0	0	0	0	0	0	0	1	0
C	Marios	22	107	6	1	28____	42500	1	2	0	0	0	0	0	0	0	0	0
C	Marios	22	107	6	1	28____	43000	2	7	0	0	0	0	0	0	0	0	0
C	Marios	22	107	6	1	28____	43148	7	0	0	0	0	1	0	0	0	0	0
C	Marios	22	107	6	1	28____	43230	7	0	0	0	0	0	0	0	0	1	0
C	Marios	22	107	6	1	28____	43248	7	0	0	0	0	1	0	0	0	0	0
C	Marios	22	107	6	1	28____	43261	7	0	0	0	0	0	0	0	0	1	0
C	Marios	22	107	6	1	28____	43316	7	0	0	0	0	1	0	0	0	0	0
C	Marios	22	107	6	1	28____	43334	7	0	0	0	0	0	0	0	0	1	0
C	Marios	22	107	6	1	28____	43343	7	0	0	0	0	1	0	0	0	0	0
C	Marios	22	107	6	1	28____	43360	7	0	0	0	0	0	0	0	0	1	0
C	Marios	22	107	6	1	28____	43466	7	0	0	0	0	1	0	0	0	0	0
C	Marios	22	107	6	1	28____	43497	7	0	0	0	0	0	0	0	0	1	0
C	Marios	22	107	6	1	28____	43500	7	10	0	0	0	0	0	0	0	0	0
C	Marios	22	107	6	1	28____	43515	10	0	0	0	0	1	0	0	0	0	0
C	Marios	22	107	6	1	28____	43864	10	0	0	0	0	0	0	0	0	1	0
C	Marios	22	107	6	1	28____	43867	10	0	0	0	0	1	0	0	0	0	0
C	Marios	22	107	6	1	28____	43872	10	0	0	0	0	0	0	0	0	1	0
C	Marios	22	107	6	1	28____	44000	10	1	0	0	0	0	0	0	0	0	0
C	Marios	22	107	6	1	28____	45161	1	0	0	0	0	1	0	0	0	0	0
C	Marios	22	107	6	1	28____	45167	1	0	0	0	0	0	0	0	0	1	0
C	Marios	22	107	6	1	28____	45461	1	0	0	0	0	1	0	0	0	0	0
C	Marios	22	107	6	1	28____	45496	1	0	0	0	0	0	0	0	0	1	0
C	Marios	22	107	6	1	28____	45841	1	0	0	0	0	1	0	0	0	0	0
C	Marios	22	107	6	1	28____	45857	1	0	0	0	0	0	0	0	0	1	0
C	Marios	22	107	6	1	28____	47750	1	2	0	0	0	0	0	0	0	0	0
C	Marios	22	107	6	1	28____	48025	2	0	0	0	0	1	0	0	0	0	0
C	Marios	22	107	6	1	28____	48082	2	0	0	0	0	0	0	0	0	1	0
C	Marios	22	107	6	1	28____	48108	2	0	0	0	0	1	0	0	0	0	0
C	Marios	22	107	6	1	28____	48250	2	12	0	0	0	0	0	0	0	0	0
C	Marios	22	107	6	1	28____	48261	12	0	0	0	0	0	0	0	0	1	0
C	Marios	22	107	6	1	28____	48402	12	0	0	0	0	1	0	0	0	0	0
C	Marios	22	107	6	1	28____	48434	12	0	0	0	0	0	0	0	0	1	0
C	Marios	22	107	6	1	28____	48750	12	15	0	0	0	0	0	0	0	0	0
C	Marios	22	107	6	1	28____	48892	15	0	0	0	0	1	0	0	0	0	0
C	Marios	22	107	6	1	28____	48912	15	0	0	0	0	0	0	0	0	1	0
C	Marios	22	107	6	1	28____	49157	15	0	0	0	0	1	0	0	0	0	0
C	Marios	22	107	6	1	28____	49188	15	0	0	0	0	0	0	0	0	1	0
C	Marios	22	107	6	1	28____	49250	15	1	0	0	0	0	0	0	0	0	0
C	Marios	22	107	6	1	28____	49409	1	0	0	0	0	1	0	0	0	0	0
C	Marios	22	107	6	1	28____	49469	1	0	0	0	0	0	0	0	0	1	0
C	Marios	22	107	6	1	28____	50076	1	0	0	0	0	1	0	0	0	0	0
C	Marios	22	107	6	1	28____	50137	1	0	0	0	0	0	0	0	0	1	0
C	Marios	22	107	6	1	28____	50750	1	2	0	0	0	0	0	0	0	0	0
C	Marios	22	107	6	1	28____	50766	2	0	0	0	0	1	0	0	0	0	0
C	Marios	22	107	6	1	28____	50781	2	0	0	0	0	0	0	0	0	1	0
C	Marios	22	107	6	1	28____	50945	2	0	0	0	0	1	0	0	0	0	0
C	Marios	22	107	6	1	28____	50978	2	0	0	0	0	0	0	0	0	1	0
C	Marios	22	107	6	1	28____	51250	2	6	0	0	0	0	0	0	0	0	0
C	Marios	22	107	6	1	28____	51309	6	0	0	0	0	1	0	0	0	0	0
C	Marios	22	107	6	1	28____	51316	6	0	0	0	0	0	0	0	0	1	0
C	Marios	22	107	6	1	28____	51497	6	0	0	0	0	1	0	0	0	0	0
C	Marios	22	107	6	1	28____	51519	6	0	0	0	0	0	0	0	0	1	0
C	Marios	22	107	6	1	28____	51539	6	0	0	0	0	1	0	0	0	0	0
C	Marios	22	107	6	1	28____	51565	6	0	0	0	0	0	0	0	0	1	0
C	Marios	22	107	6	1	28____	51569	6	0	0	0	0	1	0	0	0	0	0
C	Marios	22	107	6	1	28____	51619	6	0	0	0	0	0	0	0	0	1	0
C	Marios	22	107	6	1	28____	51724	6	0	0	0	0	1	0	0	0	0	0
C	Marios	22	107	6	1	28____	51750	6	11	0	0	0	0	0	0	0	0	0
C	Marios	22	107	6	1	28____	51751	11	0	0	0	0	0	0	0	0	1	0
C	Marios	22	107	6	1	28____	51767	11	0	0	0	0	1	0	0	0	0	0
C	Marios	22	107	6	1	28____	52138	11	0	0	0	0	0	0	0	0	1	0
C	Marios	22	107	6	1	28____	52250	11	1	0	0	0	0	0	0	0	0	0
C	Marios	22	107	6	1	28____	52410	1	0	0	0	0	1	0	0	0	0	0
C	Marios	22	107	6	1	28____	52412	1	0	0	0	0	0	0	0	0	1	0
C	Marios	22	107	6	1	28____	52416	1	0	0	0	0	1	0	0	0	0	0
C	Marios	22	107	6	1	28____	52418	1	0	0	0	0	0	0	0	0	1	0
C	Marios	22	107	6	1	28____	52419	1	0	0	0	0	1	0	0	0	0	0
C	Marios	22	107	6	1	28____	52516	1	0	0	0	0	0	0	0	0	1	0
C	Marios	22	107	6	1	28____	52518	1	0	0	0	0	1	0	0	0	0	0
C	Marios	22	107	6	1	28____	52532	1	0	0	0	0	0	0	0	0	1	0
C	Marios	22	107	6	1	28____	52535	1	0	0	0	0	1	0	0	0	0	0
C	Marios	22	107	6	1	28____	52541	1	0	0	0	0	0	0	0	0	1	0
C	Marios	22	107	6	1	28____	52571	1	0	0	0	0	1	0	0	0	0	0
C	Marios	22	107	6	1	28____	52667	1	0	0	0	0	0	0	0	0	1	0
C	Marios	22	107	6	1	28____	52720	1	0	0	0	0	1	0	0	0	0	0
C	Marios	22	107	6	1	28____	52800	1	0	0	0	0	0	0	0	0	1	0
C	Marios	22	107	6	1	28____	52850	1	0	0	0	0	1	0	0	0	0	0
C	Marios	22	107	6	1	28____	52959	1	0	0	0	0	0	0	0	0	1	0
C	Marios	22	107	6	1	28____	53051	1	0	0	0	0	1	0	0	0	0	0
C	Marios	22	107	6	1	28____	53082	1	0	0	0	0	0	0	0	0	1	0
C	Marios	22	107	6	1	28____	53119	1	0	0	0	0	1	0	0	0	0	0
C	Marios	22	107	6	1	28____	53158	1	0	0	0	0	0	0	0	0	1	0
C	Marios	22	107	6	1	28____	53300	1	0	0	0	0	1	0	0	0	0	0
C	Marios	22	107	6	1	28____	53321	1	0	0	0	0	0	0	0	0	1	0
C	Marios	22	107	6	1	28____	54050	1	0	0	0	0	1	0	0	0	0	0
C	Marios	22	107	6	1	28____	54063	1	0	0	0	0	0	0	0	0	1	0
C	Marios	22	107	6	1	28____	54069	1	0	0	0	0	1	0	0	0	0	0
C	Marios	22	107	6	1	28____	54120	1	0	0	0	0	0	0	0	0	1	0
C	Marios	22	107	6	1	28____	55086	1	0	0	0	0	1	0	0	0	0	0
C	Marios	22	107	6	1	28____	55118	1	0	0	0	0	0	0	0	0	1	0
C	Marios	22	107	6	1	28____	57178	1	0	0	0	0	1	0	0	0	0	0
C	Marios	22	107	6	1	28____	57201	1	0	0	0	0	0	0	0	0	1	0
C	Marios	22	107	6	1	28____	57500	1	2	0	0	0	0	0	0	0	0	0
C	Marios	22	107	6	1	28____	57611	2	0	0	0	0	1	0	0	0	0	0
C	Marios	22	107	6	1	28____	57614	2	0	0	0	0	0	0	0	0	1	0
C	Marios	22	107	6	1	28____	57617	2	0	0	0	0	1	0	0	0	0	0
C	Marios	22	107	6	1	28____	57630	2	0	0	0	0	0	0	0	0	1	0
C	Marios	22	107	6	1	28____	57684	2	0	0	0	0	1	0	0	0	0	0
C	Marios	22	107	6	1	28____	57707	2	0	0	0	0	0	0	0	0	1	0
C	Marios	22	107	6	1	28____	58000	2	12	0	0	0	0	0	0	0	0	0
C	Marios	22	107	6	1	28____	58272	12	0	0	0	0	1	0	0	0	0	0
C	Marios	22	107	6	1	28____	58290	12	0	0	0	0	0	0	0	0	1	0
C	Marios	22	107	6	1	28____	58404	12	0	0	0	0	1	0	0	0	0	0
C	Marios	22	107	6	1	28____	58451	12	0	0	0	0	0	0	0	0	1	0
C	Marios	22	107	6	1	28____	58500	12	15	0	0	0	0	0	0	0	0	0
C	Marios	22	107	6	1	28____	58540	15	0	0	0	0	1	0	0	0	0	0
C	Marios	22	107	6	1	28____	58553	15	0	0	0	0	0	0	0	0	1	0
C	Marios	22	107	6	1	28____	58602	15	0	0	0	0	1	0	0	0	0	0
C	Marios	22	107	6	1	28____	58620	15	0	0	0	0	0	0	0	0	1	0
C	Marios	22	107	6	1	28____	58652	15	0	0	0	0	1	0	0	0	0	0
C	Marios	22	107	6	1	28____	58693	15	0	0	0	0	0	0	0	0	1	0
C	Marios	22	107	6	1	28____	58922	15	0	0	0	0	1	0	0	0	0	0
C	Marios	22	107	6	1	28____	58949	15	0	0	0	0	0	0	0	0	1	0
C	Marios	22	107	6	1	28____	59000	15	1	0	0	0	0	0	0	0	0	0
C	Marios	22	107	6	1	28____	59219	1	0	0	0	0	1	0	0	0	0	0
C	Marios	22	107	6	1	28____	59256	1	0	0	0	0	0	0	0	0	1	0
C	Marios	22	107	6	1	28____	59275	1	0	0	0	0	1	0	0	0	0	0
C	Marios	22	107	6	1	28____	59356	1	0	0	0	0	0	0	0	0	1	0
C	Marios	22	107	6	1	28____	59568	1	0	0	0	0	1	0	0	0	0	0
C	Marios	22	107	6	1	28____	59595	1	0	0	0	0	0	0	0	0	1	0
C	Marios	22	107	6	1	28____	60036	1	0	0	0	0	1	0	0	0	0	0
C	Marios	22	107	6	1	28____	60074	1	0	0	0	0	0	0	0	0	1	0
C	Marios	22	107	6	1	28____	60165	1	0	0	0	0	1	0	0	0	0	0
C	Marios	22	107	6	1	28____	60275	1	0	0	0	0	0	0	0	0	1	0
C	Marios	22	107	6	1	28____	60374	1	0	0	0	0	1	0	0	0	0	0
C	Marios	22	107	6	1	28____	60386	1	0	0	0	0	0	0	0	0	1	0
C	Marios	22	107	6	1	28____	60396	1	0	0	0	0	1	0	0	0	0	0
C	Marios	22	107	6	1	28____	60412	1	0	0	0	0	0	0	0	0	1	0
C	Marios	22	107	6	1	28____	60426	1	0	0	0	0	1	0	0	0	0	0
C	Marios	22	107	6	1	28____	60449	1	0	0	0	0	0	0	0	0	1	0
C	Marios	22	107	6	1	28____	60458	1	0	0	0	0	1	0	0	0	0	0
C	Marios	22	107	6	1	28____	60482	1	0	0	0	0	0	0	0	0	1	0
C	Marios	22	107	6	1	28____	60636	1	0	0	0	0	1	0	0	0	0	0
C	Marios	22	107	6	1	28____	60656	1	0	0	0	0	0	0	0	0	1	0
C	Marios	22	107	6	1	28____	61112	1	0	0	0	0	1	0	0	0	0	0
C	Marios	22	107	6	1	28____	61140	1	0	0	0	0	0	0	0	0	1	0
C	Marios	22	107	6	1	28____	61526	1	0	0	0	0	1	0	0	0	0	0
C	Marios	22	107	6	1	28____	61611	1	0	0	0	0	0	0	0	0	1	0
C	Marios	22	107	6	1	28____	61612	1	0	0	0	0	1	0	0	0	0	0
C	Marios	22	107	6	1	28____	61630	1	0	0	0	0	0	0	0	0	1	0
C	Marios	22	107	6	1	28____	61642	1	0	0	0	0	1	0	0	0	0	0
C	Marios	22	107	6	1	28____	61677	1	0	0	0	0	0	0	0	0	1	0
C	Marios	22	107	6	1	28____	61799	1	0	0	0	0	1	0	0	0	0	0
C	Marios	22	107	6	1	28____	61826	1	0	0	0	0	0	0	0	0	1	0
C	Marios	22	107	6	1	28____	61856	1	0	0	0	0	1	0	0	0	0	0
C	Marios	22	107	6	1	28____	61902	1	0	0	0	0	0	0	0	0	1	0
C	Marios	22	107	6	1	28____	61911	1	0	0	0	0	1	0	0	0	0	0
C	Marios	22	107	6	1	28____	61930	1	0	0	0	0	0	0	0	0	1	0
C	Marios	22	107	6	1	28____	61985	1	0	0	0	0	1	0	0	0	0	0
C	Marios	22	107	6	1	28____	62015	1	0	0	0	0	0	0	0	0	1	0
C	Marios	22	107	6	1	28____	62206	1	0	0	0	0	1	0	0	0	0	0
C	Marios	22	107	6	1	28____	62257	1	0	0	0	0	0	0	0	0	1	0
C	Marios	22	107	6	1	28____	62263	1	0	0	0	0	1	0	0	0	0	0
C	Marios	22	107	6	1	28____	62305	1	0	0	0	0	0	0	0	0	1	0
C	Marios	22	107	6	1	28____	62700	1	0	0	0	0	1	0	0	0	0	0
C	Marios	22	107	6	1	28____	62725	1	0	0	0	0	0	0	0	0	1	0
C	Marios	22	107	6	1	28____	63063	1	0	0	0	0	1	0	0	0	0	0
C	Marios	22	107	6	1	28____	63080	1	0	0	0	0	0	0	0	0	1	0
C	Marios	22	107	6	1	28____	63892	1	0	0	0	0	1	0	0	0	0	0
C	Marios	22	107	6	1	28____	63895	1	0	0	0	0	0	0	0	0	1	0
C	Marios	22	107	6	1	28____	63896	1	0	0	0	0	1	0	0	0	0	0
C	Marios	22	107	6	1	28____	63944	1	0	0	0	0	0	0	0	0	1	0
C	Marios	22	107	6	1	28____	64220	1	0	0	0	0	1	0	0	0	0	0
C	Marios	22	107	6	1	28____	64251	1	0	0	0	0	0	0	0	0	1	0
C	Marios	22	107	6	1	28____	64500	1	2	0	0	0	0	0	0	0	0	0
C	Marios	22	107	6	1	28____	65000	2	13	0	0	0	0	0	0	0	0	0
C	Marios	22	107	6	1	28____	65500	13	15	0	0	0	0	0	0	0	0	0
C	Marios	22	107	6	1	28____	65789	15	0	0	0	0	1	0	0	0	0	0
C	Marios	22	107	6	1	28____	65825	15	0	0	0	0	0	0	0	0	1	0
C	Marios	22	107	6	1	28____	65848	15	0	0	0	0	1	0	0	0	0	0
C	Marios	22	107	6	1	28____	65882	15	0	0	0	0	0	0	0	0	1	0
C	Marios	22	107	6	1	28____	65954	15	0	0	0	0	1	0	0	0	0	0
C	Marios	22	107	6	1	28____	65967	15	0	0	0	0	0	0	0	0	1	0
C	Marios	22	107	6	1	28____	65980	15	0	0	0	0	1	0	0	0	0	0
C	Marios	22	107	6	1	28____	66000	15	1	0	0	0	0	0	0	0	0	0
C	Marios	22	107	6	1	28____	66009	1	0	0	0	0	0	0	0	0	1	0
C	Marios	22	107	6	1	28____	66024	1	0	0	0	0	1	0	0	0	0	0
C	Marios	22	107	6	1	28____	66066	1	0	0	0	0	0	0	0	0	1	0
C	Marios	22	107	6	1	28____	66134	1	0	0	0	0	1	0	0	0	0	0
C	Marios	22	107	6	1	28____	66168	1	0	0	0	0	0	0	0	0	1	0
C	Marios	22	107	6	1	28____	66191	1	0	0	0	0	1	0	0	0	0	0
C	Marios	22	107	6	1	28____	66197	1	0	0	0	0	0	0	0	0	1	0
C	Marios	22	107	6	1	28____	66246	1	0	0	0	0	1	0	0	0	0	0
C	Marios	22	107	6	1	28____	66285	1	0	0	0	0	0	0	0	0	1	0
C	Marios	22	107	6	1	28____	66346	1	0	0	0	0	1	0	0	0	0	0
C	Marios	22	107	6	1	28____	66374	1	0	0	0	0	0	0	0	0	1	0
C	Marios	22	107	6	1	28____	66399	1	0	0	0	0	1	0	0	0	0	0
C	Marios	22	107	6	1	28____	66401	1	0	0	0	0	0	0	0	0	1	0
C	Marios	22	107	6	1	28____	66457	1	0	0	0	0	1	0	0	0	0	0
C	Marios	22	107	6	1	28____	66526	1	0	0	0	0	0	0	0	0	1	0
C	Marios	22	107	6	1	28____	66557	1	0	0	0	0	1	0	0	0	0	0
C	Marios	22	107	6	1	28____	66600	1	0	0	0	0	0	0	0	0	1	0
C	Marios	22	107	6	1	28____	66675	1	0	0	0	0	1	0	0	0	0	0
C	Marios	22	107	6	1	28____	66714	1	0	0	0	0	0	0	0	0	1	0
C	Marios	22	107	6	1	28____	66814	1	0	0	0	0	1	0	0	0	0	0
C	Marios	22	107	6	1	28____	66841	1	0	0	0	0	0	0	0	0	1	0
C	Marios	22	107	6	1	28____	66940	1	0	0	0	0	1	0	0	0	0	0
C	Marios	22	107	6	1	28____	66964	1	0	0	0	0	0	0	0	0	1	0
C	Marios	22	107	6	1	28____	66980	1	0	0	0	0	1	0	0	0	0	0
C	Marios	22	107	6	1	28____	66984	1	0	0	0	0	0	0	0	0	1	0
C	Marios	22	107	6	1	28____	67053	1	0	0	0	0	1	0	0	0	0	0
C	Marios	22	107	6	1	28____	67106	1	0	0	0	0	0	0	0	0	1	0
C	Marios	22	107	6	1	28____	67199	1	0	0	0	0	1	0	0	0	0	0
C	Marios	22	107	6	1	28____	67224	1	0	0	0	0	0	0	0	0	1	0
C	Marios	22	107	6	1	28____	67300	1	0	0	0	0	1	0	0	0	0	0
C	Marios	22	107	6	1	28____	67474	1	0	0	0	0	0	0	0	0	1	0
C	Marios	22	107	6	1	28____	67505	1	0	0	0	0	1	0	0	0	0	0
C	Marios	22	107	6	1	28____	67537	1	0	0	0	0	0	0	0	0	1	0
C	Marios	22	107	6	1	28____	67903	1	0	0	0	0	1	0	0	0	0	0
C	Marios	22	107	6	1	28____	67924	1	0	0	0	0	0	0	0	0	1	0
C	Marios	22	107	6	1	28____	70500	1	2	0	0	0	0	0	0	0	0	0
C	Marios	22	107	6	1	28____	71000	2	13	0	0	0	0	0	0	0	0	0
C	Marios	22	107	6	1	28____	71500	13	15	0	0	0	0	0	0	0	0	0
C	Marios	22	107	6	1	28____	71553	15	0	0	0	0	1	0	0	0	0	0
C	Marios	22	107	6	1	28____	71649	15	0	0	0	0	0	0	0	0	1	0
C	Marios	22	107	6	1	28____	71699	15	0	0	0	0	1	0	0	0	0	0
C	Marios	22	107	6	1	28____	71731	15	0	0	0	0	0	0	0	0	1	0
C	Marios	22	107	6	1	28____	71739	15	0	0	0	0	1	0	0	0	0	0
C	Marios	22	107	6	1	28____	71767	15	0	0	0	0	0	0	0	0	1	0
C	Marios	22	107	6	1	28____	72000	15	1	0	0	0	0	0	0	0	0	0
C	Marios	22	107	6	1	28____	73586	1	0	0	0	0	1	0	0	0	0	0
C	Marios	22	107	6	1	28____	73637	1	0	0	0	0	0	0	0	0	1	0
C	Marios	22	107	6	1	28____	74327	1	0	0	0	0	1	0	0	0	0	0
C	Marios	22	107	6	1	28____	74365	1	0	0	0	0	0	0	0	0	1	0
C	Marios	22	107	6	1	28____	74473	1	0	0	0	0	1	0	0	0	0	0
C	Marios	22	107	6	1	28____	74508	1	0	0	0	0	0	0	0	0	1	0
C	Marios	22	107	6	1	28____	74615	1	0	0	0	0	1	0	0	0	0	0
C	Marios	22	107	6	1	28____	74657	1	0	0	0	0	0	0	0	0	1	0
C	Marios	22	107	6	1	28____	74730	1	0	0	0	0	1	0	0	0	0	0
C	Marios	22	107	6	1	28____	74767	1	0	0	0	0	0	0	0	0	1	0
C	Marios	22	107	6	1	28____	74851	1	0	0	0	0	1	0	0	0	0	0
C	Marios	22	107	6	1	28____	75000	1	2	0	0	0	0	0	0	0	0	0
C	Marios	22	107	6	1	28____	75044	2	0	0	0	0	0	0	0	0	1	0
C	Marios	22	107	6	1	28____	75045	2	0	0	0	0	1	0	0	0	0	0
C	Marios	22	107	6	1	28____	75048	2	0	0	0	0	0	0	0	0	1	0
C	Marios	22	107	6	1	28____	75050	2	0	0	0	0	1	0	0	0	0	0
C	Marios	22	107	6	1	28____	75192	2	0	0	0	0	0	0	0	0	1	0
C	Marios	22	107	6	1	28____	75418	2	0	0	0	0	1	0	0	0	0	0
C	Marios	22	107	6	1	28____	75452	2	0	0	0	0	0	0	0	0	1	0
C	Marios	22	107	6	1	28____	75500	2	13	0	0	0	0	0	0	0	0	0
C	Marios	22	107	6	1	28____	75663	13	0	0	0	0	1	0	0	0	0	0
C	Marios	22	107	6	1	28____	75750	13	0	0	0	0	0	0	0	0	1	0
C	Marios	22	107	6	1	28____	76000	13	15	0	0	0	0	0	0	0	0	0
C	Marios	22	107	6	1	28____	76304	15	0	0	0	0	1	0	0	0	0	0
C	Marios	22	107	6	1	28____	76307	15	0	0	0	0	0	0	0	0	1	0
C	Marios	22	107	6	1	28____	76308	15	0	0	0	0	1	0	0	0	0	0
C	Marios	22	107	6	1	28____	76357	15	0	0	0	0	0	0	0	0	1	0
C	Marios	22	107	6	1	28____	76422	15	0	0	0	0	1	0	0	0	0	0
C	Marios	22	107	6	1	28____	76496	15	0	0	0	0	0	0	0	0	1	0
C	Marios	22	107	6	1	28____	76500	15	1	0	0	0	0	0	0	0	0	0
C	Marios	22	107	6	1	28____	77289	1	0	0	0	0	1	0	0	0	0	0
C	Marios	22	107	6	1	28____	77313	1	0	0	0	0	0	0	0	0	1	0
C	Marios	22	107	6	1	28____	78333	1	0	0	0	0	1	0	0	0	0	0
C	Marios	22	107	6	1	28____	78338	1	0	0	0	0	0	0	0	0	1	0
C	Marios	22	107	6	1	28____	78407	1	0	0	0	0	1	0	0	0	0	0
C	Marios	22	107	6	1	28____	78452	1	0	0	0	0	0	0	0	0	1	0
C	Marios	22	107	6	1	28____	79207	1	0	0	0	0	1	0	0	0	0	0
C	Marios	22	107	6	1	28____	79224	1	0	0	0	0	0	0	0	0	1	0
C	Marios	22	107	6	1	28____	80250	1	2	0	0	0	0	0	0	0	0	0
C	Marios	22	107	6	1	28____	80750	2	12	0	0	0	0	0	0	0	0	0
C	Marios	22	107	6	1	28____	81050	12	0	0	0	0	1	0	0	0	0	0
C	Marios	22	107	6	1	28____	81121	12	0	0	0	0	0	0	0	0	1	0
C	Marios	22	107	6	1	28____	81239	12	0	0	0	0	1	0	0	0	0	0
C	Marios	22	107	6	1	28____	81250	12	15	0	0	0	0	0	0	0	0	0
C	Marios	22	107	6	1	28____	81317	15	0	0	0	0	0	0	0	0	1	0
C	Marios	22	107	6	1	28____	81328	15	0	0	0	0	1	0	0	0	0	0
C	Marios	22	107	6	1	28____	81384	15	0	0	0	0	0	0	0	0	1	0
C	Marios	22	107	6	1	28____	81459	15	0	0	0	0	1	0	0	0	0	0
C	Marios	22	107	6	1	28____	81473	15	0	0	0	0	0	0	0	0	1	0
C	Marios	22	107	6	1	28____	81495	15	0	0	0	0	1	0	0	0	0	0
C	Marios	22	107	6	1	28____	81545	15	0	0	0	0	0	0	0	0	1	0
C	Marios	22	107	6	1	28____	81612	15	0	0	0	0	1	0	0	0	0	0
C	Marios	22	107	6	1	28____	81659	15	0	0	0	0	0	0	0	0	1	0
C	Marios	22	107	6	1	28____	81684	15	0	0	0	0	1	0	0	0	0	0
C	Marios	22	107	6	1	28____	81709	15	0	0	0	0	0	0	0	0	1	0
C	Marios	22	107	6	1	28____	81750	15	1	0	0	0	0	0	0	0	0	0
C	Marios	22	107	6	1	28____	81877	1	0	0	0	0	1	0	0	0	0	0
C	Marios	22	107	6	1	28____	81929	1	0	0	0	0	0	0	0	0	1	0
C	Marios	22	107	6	1	28____	81944	1	0	0	0	0	1	0	0	0	0	0
C	Marios	22	107	6	1	28____	81981	1	0	0	0	0	0	0	0	0	1	0
C	Marios	22	107	6	1	28____	82027	1	0	0	0	0	1	0	0	0	0	0
C	Marios	22	107	6	1	28____	82149	1	0	0	0	0	0	0	0	0	1	0
C	Marios	22	107	6	1	28____	82316	1	0	0	0	0	1	0	0	0	0	0
C	Marios	22	107	6	1	28____	82343	1	0	0	0	0	0	0	0	0	1	0
C	Marios	22	107	6	1	28____	83112	1	0	0	0	0	1	0	0	0	0	0
C	Marios	22	107	6	1	28____	83117	1	0	0	0	0	0	0	0	0	1	0
C	Marios	22	107	6	1	28____	83725	1	0	0	0	0	1	0	0	0	0	0
C	Marios	22	107	6	1	28____	83747	1	0	0	0	0	0	0	0	0	1	0
C	Marios	22	107	6	1	28____	84640	1	0	0	0	0	1	0	0	0	0	0
C	Marios	22	107	6	1	28____	84674	1	0	0	0	0	0	0	0	0	1	0
C	Marios	22	107	6	1	28____	85571	1	0	0	0	0	1	0	0	0	0	0
C	Marios	22	107	6	1	28____	85604	1	0	0	0	0	0	0	0	0	1	0
C	Marios	22	107	6	1	28____	87061	1	0	0	0	0	1	0	0	0	0	0
C	Marios	22	107	6	1	28____	87105	1	0	0	0	0	0	0	0	0	1	0
C	Marios	22	107	6	1	28____	87534	1	0	0	0	0	1	0	0	0	0	0
C	Marios	22	107	6	1	28____	87606	1	0	0	0	0	0	0	0	0	1	0
C	Marios	22	107	6	1	28____	87699	1	0	0	0	0	1	0	0	0	0	0
C	Marios	22	107	6	1	28____	87730	1	0	0	0	0	0	0	0	0	1	0
C	Marios	22	107	6	1	28____	87900	1	0	0	0	0	1	0	0	0	0	0
C	Marios	22	107	6	1	28____	87908	1	0	0	0	0	0	0	0	0	1	0
C	Marios	22	107	6	1	28____	88364	1	0	0	0	0	1	0	0	0	0	0
C	Marios	22	107	6	1	28____	88451	1	0	0	0	0	0	0	0	0	1	0
C	Marios	22	107	6	1	28____	88951	1	0	0	0	0	1	0	0	0	0	0
C	Marios	22	107	6	1	28____	88958	1	0	0	0	0	0	0	0	0	1	0
C	Marios	22	107	6	1	28____	89250	1	2	0	0	0	0	0	0	0	0	0
C	Marios	22	107	6	1	28____	89750	2	13	0	0	0	0	0	0	0	0	0
C	Marios	22	107	6	1	28____	90007	13	0	0	0	0	1	0	0	0	0	0
C	Marios	22	107	6	1	28____	90028	13	0	0	0	0	0	0	0	0	1	0
C	Marios	22	107	6	1	28____	90048	13	0	0	0	0	1	0	0	0	0	0
C	Marios	22	107	6	1	28____	90070	13	0	0	0	0	0	0	0	0	1	0
C	Marios	22	107	6	1	28____	90250	13	15	0	0	0	0	0	0	0	0	0
C	Marios	22	107	6	1	28____	90357	15	0	0	0	0	1	0	0	0	0	0
C	Marios	22	107	6	1	28____	90372	15	0	0	0	0	0	0	0	0	1	0
C	Marios	22	107	6	1	28____	90750	15	1	0	0	0	0	0	0	0	0	0
C	Marios	22	107	6	1	28____	90864	1	0	0	0	0	1	0	0	0	0	0
C	Marios	22	107	6	1	28____	90876	1	0	0	0	0	0	0	0	0	1	0
C	Marios	22	107	6	1	28____	90973	1	0	0	0	0	1	0	0	0	0	0
C	Marios	22	107	6	1	28____	91132	1	0	0	0	0	0	0	0	0	1	0
C	Marios	22	107	6	1	28____	93031	1	0	0	0	0	1	0	0	0	0	0
C	Marios	22	107	6	1	28____	93063	1	0	0	0	0	0	0	0	0	1	0
C	Marios	22	107	6	1	28____	93210	1	0	0	0	0	1	0	0	0	0	0
C	Marios	22	107	6	1	28____	93274	1	0	0	0	0	0	0	0	0	1	0
C	Marios	22	107	6	1	28____	95510	1	0	0	0	0	1	0	0	0	0	0
C	Marios	22	107	6	1	28____	95566	1	0	0	0	0	0	0	0	0	1	0
C	Marios	22	107	6	1	28____	95715	1	0	0	0	0	1	0	0	0	0	0
C	Marios	22	107	6	1	28____	95722	1	0	0	0	0	0	0	0	0	1	0
C	Marios	22	107	6	1	28____	95768	1	0	0	0	0	1	0	0	0	0	0
C	Marios	22	107	6	1	28____	95791	1	0	0	0	0	0	0	0	0	1	0
C	Marios	22	107	6	1	28____	96000	1	2	0	0	0	0	0	0	0	0	0
C	Marios	22	107	6	1	28____	96500	2	6	0	0	0	0	0	0	0	0	0
C	Marios	22	107	6	1	28____	96581	6	0	0	0	0	1	0	0	0	0	0
C	Marios	22	107	6	1	28____	96599	6	0	0	0	0	0	0	0	0	1	0
C	Marios	22	107	6	1	28____	96610	6	0	0	0	0	1	0	0	0	0	0
C	Marios	22	107	6	1	28____	96634	6	0	0	0	0	0	0	0	0	1	0
C	Marios	22	107	6	1	28____	96754	6	0	0	0	0	1	0	0	0	0	0
C	Marios	22	107	6	1	28____	96857	6	0	0	0	0	0	0	0	0	1	0
C	Marios	22	107	6	1	28____	96930	6	0	0	0	0	1	0	0	0	0	0
C	Marios	22	107	6	1	28____	96969	6	0	0	0	0	0	0	0	0	1	0
C	Marios	22	107	6	1	28____	96973	6	0	0	0	0	1	0	0	0	0	0
C	Marios	22	107	6	1	28____	97000	6	11	0	0	0	0	0	0	0	0	0
C	Marios	22	107	6	1	28____	97461	11	0	0	0	0	0	0	0	0	1	0
C	Marios	22	107	6	1	28____	97500	11	1	0	0	0	0	0	0	0	0	0
C	Marios	22	107	6	1	28____	97556	1	0	0	0	0	1	0	0	0	0	0
C	Marios	22	107	6	1	28____	97616	1	0	0	0	0	0	0	0	0	1	0
C	Marios	22	107	6	1	28____	97690	1	0	0	0	0	1	0	0	0	0	0
C	Marios	22	107	6	1	28____	97848	1	0	0	0	0	0	0	0	0	1	0
C	Marios	22	107	6	1	28____	97912	1	0	0	0	0	1	0	0	0	0	0
C	Marios	22	107	6	1	28____	97962	1	0	0	0	0	1	0	0	0	1	0
C	Marios	22	107	6	1	28____	98091	1	0	0	0	0	0	0	0	0	1	0
C	Marios	22	107	6	1	28____	98093	1	0	0	0	0	1	0	0	0	0	0
C	Marios	22	107	6	1	28____	98170	1	0	0	0	0	0	0	0	0	1	0
C	Marios	22	107	6	1	28____	98246	1	0	0	0	0	1	0	0	0	0	0
C	Marios	22	107	6	1	28____	98362	1	0	0	0	0	0	0	0	0	1	0
C	Marios	22	107	6	1	28____	98390	1	0	0	0	0	1	0	0	0	0	0
C	Marios	22	107	6	1	28____	98458	1	0	0	0	0	0	0	0	0	1	0
C	Marios	22	107	6	1	28____	98462	1	0	0	0	0	1	0	0	0	0	0
C	Marios	22	107	6	1	28____	98531	1	0	0	0	0	0	0	0	0	1	0
C	Marios	22	107	6	1	28____	98532	1	0	0	0	0	1	0	0	0	0	0
C	Marios	22	107	6	1	28____	98546	1	0	0	0	0	0	0	0	0	1	0
C	Marios	22	107	6	1	28____	98681	1	0	0	0	0	1	0	0	0	0	0
C	Marios	22	107	6	1	28____	98714	1	0	0	0	0	0	0	0	0	1	0
C	Marios	22	107	6	1	28____	98719	1	0	0	0	0	1	0	0	0	0	0
C	Marios	22	107	6	1	28____	98818	1	0	0	0	0	0	0	0	0	1	0
C	Marios	22	107	6	1	28____	99270	1	0	0	0	0	1	0	0	0	0	0
C	Marios	22	107	6	1	28____	99298	1	0	0	0	0	0	0	0	0	1	0
C	Marios	22	107	6	1	28____	101509	1	0	0	0	0	1	0	0	0	0	0
C	Marios	22	107	6	1	28____	101618	1	0	0	0	0	0	0	0	0	1	0
C	Marios	22	107	6	1	28____	102000	1	2	0	0	0	0	0	0	0	0	0
C	Marios	22	107	6	1	28____	102500	2	7	0	0	0	0	0	0	0	0	0
C	Marios	22	107	6	1	28____	102583	7	0	0	0	0	1	0	0	0	0	0
C	Marios	22	107	6	1	28____	102660	7	0	0	0	0	0	0	0	0	1	0
C	Marios	22	107	6	1	28____	102699	7	0	0	0	0	1	0	0	0	0	0
C	Marios	22	107	6	1	28____	102808	7	0	0	0	0	0	0	0	0	1	0
C	Marios	22	107	6	1	28____	102867	7	0	0	0	0	1	0	0	0	0	0
C	Marios	22	107	6	1	28____	102964	7	0	0	0	0	0	0	0	0	1	0
C	Marios	22	107	6	1	28____	102984	7	0	0	0	0	1	0	0	0	0	0
C	Marios	22	107	6	1	28____	103000	7	10	0	0	0	0	0	0	0	0	0
C	Marios	22	107	6	1	28____	103426	10	0	0	0	0	0	0	0	0	1	0
C	Marios	22	107	6	1	28____	103440	10	0	0	0	0	1	0	0	0	0	0
C	Marios	22	107	6	1	28____	103444	10	0	0	0	0	1	0	0	0	1	0
C	Marios	22	107	6	1	28____	103451	10	0	0	0	0	1	0	0	0	1	0
C	Marios	22	107	6	1	28____	103456	10	0	0	0	0	0	0	0	0	1	0
C	Marios	22	107	6	1	28____	103458	10	0	0	0	0	1	0	0	0	0	0
C	Marios	22	107	6	1	28____	103500	10	1	0	0	0	0	0	0	0	0	0
C	Marios	22	107	6	1	28____	103721	1	0	0	0	0	0	0	0	0	1	0
C	Marios	22	107	6	1	28____	105750	1	2	0	0	0	0	0	0	0	0	0
C	Marios	22	107	6	1	28____	106250	2	12	0	0	0	0	0	0	0	0	0
C	Marios	22	107	6	1	28____	106332	12	0	0	0	0	1	0	0	0	0	0
C	Marios	22	107	6	1	28____	106372	12	0	0	0	0	0	0	0	0	1	0
C	Marios	22	107	6	1	28____	106395	12	0	0	0	0	1	0	0	0	0	0
C	Marios	22	107	6	1	28____	106418	12	0	0	0	0	0	0	0	0	1	0
C	Marios	22	107	6	1	28____	106463	12	0	0	0	0	1	0	0	0	0	0
C	Marios	22	107	6	1	28____	106570	12	0	0	0	0	0	0	0	0	1	0
C	Marios	22	107	6	1	28____	106704	12	0	0	0	0	1	0	0	0	0	0
C	Marios	22	107	6	1	28____	106730	12	0	0	0	0	0	0	0	0	1	0
C	Marios	22	107	6	1	28____	106737	12	0	0	0	0	1	0	0	0	0	0
C	Marios	22	107	6	1	28____	106750	12	15	0	0	0	0	0	0	0	0	0
C	Marios	22	107	6	1	28____	106761	15	0	0	0	0	0	0	0	0	1	0
C	Marios	22	107	6	1	28____	106762	15	0	0	0	0	1	0	0	0	0	0
C	Marios	22	107	6	1	28____	106808	15	0	0	0	0	0	0	0	0	1	0
C	Marios	22	107	6	1	28____	106920	15	0	0	0	0	1	0	0	0	0	0
C	Marios	22	107	6	1	28____	107002	15	0	0	0	0	0	0	0	0	1	0
C	Marios	22	107	6	1	28____	107020	15	0	0	0	0	1	0	0	0	0	0
C	Marios	22	107	6	1	28____	107045	15	0	0	0	0	0	0	0	0	1	0
C	Marios	22	107	6	1	28____	107092	15	0	0	0	0	1	0	0	0	0	0
C	Marios	22	107	6	1	28____	107178	15	0	0	0	0	0	0	0	0	1	0
C	Marios	22	107	6	1	28____	107250	15	1	0	0	0	0	0	0	0	0	0
C	Marios	22	107	6	1	28____	107291	1	0	0	0	0	1	0	0	0	0	0
C	Marios	22	107	6	1	28____	107371	1	0	0	0	0	0	0	0	0	1	0
C	Marios	22	107	6	1	28____	107396	1	0	0	0	0	1	0	0	0	0	0
C	Marios	22	107	6	1	28____	107400	1	0	0	0	0	0	0	0	0	1	0
C	Marios	22	107	6	1	28____	107815	1	0	0	0	0	1	0	0	0	0	0
C	Marios	22	107	6	1	28____	107863	1	0	0	0	0	0	0	0	0	1	0
C	Marios	22	107	6	1	28____	107964	1	0	0	0	0	1	0	0	0	0	0
C	Marios	22	107	6	1	28____	107989	1	0	0	0	0	0	0	0	0	1	0
C	Marios	22	107	6	1	28____	108034	1	0	0	0	0	1	0	0	0	0	0
C	Marios	22	107	6	1	28____	108113	1	0	0	0	0	0	0	0	0	1	0
C	Marios	22	107	6	1	28____	110473	1	0	0	0	0	1	0	0	0	0	0
C	Marios	22	107	6	1	28____	110595	1	0	0	0	0	0	0	0	0	1	0
C	Marios	22	107	6	1	28____	111125	1	0	0	0	0	1	0	0	0	0	0
C	Marios	22	107	6	1	28____	111150	1	0	0	0	0	0	0	0	0	1	0
C	Marios	22	107	6	1	28____	111156	1	0	0	0	0	1	0	0	0	0	0
C	Marios	22	107	6	1	28____	111192	1	0	0	0	0	0	0	0	0	1	0
C	Marios	22	107	6	1	28____	113250	1	2	0	0	0	0	0	0	0	0	0
C	Marios	22	107	6	1	28____	113750	2	7	0	0	0	0	0	0	0	0	0
C	Marios	22	107	6	1	28____	113827	7	0	0	0	0	1	0	0	0	0	0
C	Marios	22	107	6	1	28____	113843	7	0	0	0	0	0	0	0	0	1	0
C	Marios	22	107	6	1	28____	113869	7	0	0	0	0	1	0	0	0	0	0
C	Marios	22	107	6	1	28____	113907	7	0	0	0	0	0	0	0	0	1	0
C	Marios	22	107	6	1	28____	113917	7	0	0	0	0	1	0	0	0	0	0
C	Marios	22	107	6	1	28____	113989	7	0	0	0	0	0	0	0	0	1	0
C	Marios	22	107	6	1	28____	114023	7	0	0	0	0	1	0	0	0	0	0
C	Marios	22	107	6	1	28____	114112	7	0	0	0	0	0	0	0	0	1	0
C	Marios	22	107	6	1	28____	114214	7	0	0	0	0	1	0	0	0	0	0
C	Marios	22	107	6	1	28____	114242	7	0	0	0	0	0	0	0	0	1	0
C	Marios	22	107	6	1	28____	114250	7	10	0	0	0	1	0	0	0	0	0
C	Marios	22	107	6	1	28____	114627	10	0	0	0	0	0	0	0	0	1	0
C	Marios	22	107	6	1	28____	114628	10	0	0	0	0	1	0	0	0	0	0
C	Marios	22	107	6	1	28____	114721	10	0	0	0	0	0	0	0	0	1	0
C	Marios	22	107	6	1	28____	114750	10	1	0	0	0	0	0	0	0	0	0
C	Marios	22	107	6	1	28____	115526	1	0	0	0	0	1	0	0	0	0	0
C	Marios	22	107	6	1	28____	115537	1	0	0	0	0	0	0	0	0	1	0
C	Marios	22	107	6	1	28____	116560	1	0	0	0	0	1	0	0	0	0	0
C	Marios	22	107	6	1	28____	116575	1	0	0	0	0	0	0	0	0	1	0
C	Marios	22	107	6	1	28____	117225	1	0	0	0	0	1	0	0	0	0	0
C	Marios	22	107	6	1	28____	117255	1	0	0	0	0	0	0	0	0	1	0
C	Marios	22	107	6	1	28____	117529	1	0	0	0	0	1	0	0	0	0	0
C	Marios	22	107	6	1	28____	117568	1	0	0	0	0	0	0	0	0	1	0
C	Marios	22	107	6	1	28____	117660	1	0	0	0	0	1	0	0	0	0	0
C	Marios	22	107	6	1	28____	117715	1	0	0	0	0	0	0	0	0	1	0
C	Marios	22	107	6	1	28____	117925	1	0	0	0	0	1	0	0	0	0	0
C	Marios	22	107	6	1	28____	117959	1	0	0	0	0	0	0	0	0	1	0
C	Marios	22	107	6	1	28____	119103	1	0	0	0	0	1	0	0	0	0	0
C	Marios	22	107	6	1	28____	119110	1	0	0	0	0	0	0	0	0	1	0
C	Marios	22	107	6	1	28____	119184	1	0	0	0	0	1	0	0	0	0	0
C	Marios	22	107	6	1	28____	119232	1	0	0	0	0	0	0	0	0	1	0
C	Marios	22	107	6	1	28____	119451	1	0	0	0	0	1	0	0	0	0	0
C	Marios	22	107	6	1	28____	119461	1	0	0	0	0	0	0	0	0	1	0
C	Marios	22	107	6	1	28____	119541	1	0	0	0	0	1	0	0	0	0	0
C	Marios	22	107	6	1	28____	119603	1	0	0	0	0	0	0	0	0	1	0
C	Marios	22	107	6	1	28____	120550	1	0	0	0	0	1	0	0	0	0	0
C	Marios	22	107	6	1	28____	120554	1	0	0	0	0	0	0	0	0	1	0
C	Marios	22	107	6	1	28____	120623	1	0	0	0	0	1	0	0	0	0	0
C	Marios	22	107	6	1	28____	120643	1	0	0	0	0	0	0	0	0	1	0
C	Marios	22	107	6	1	28____	121288	1	0	0	0	0	1	0	0	0	0	0
C	Marios	22	107	6	1	28____	121306	1	0	0	0	0	0	0	0	0	1	0
C	Marios	22	107	6	1	28____	121349	1	0	0	0	0	1	0	0	0	0	0
C	Marios	22	107	6	1	28____	121351	1	0	0	0	0	0	0	0	0	1	0
C	Marios	22	107	6	1	28____	121500	1	2	0	0	0	0	0	0	0	0	0
C	Marios	22	107	6	1	28____	122000	2	12	0	0	0	0	0	0	0	0	0
C	Marios	22	107	6	1	28____	122214	12	0	0	0	0	1	0	0	0	0	0
C	Marios	22	107	6	1	28____	122262	12	0	0	0	0	0	0	0	0	1	0
C	Marios	22	107	6	1	28____	122273	12	0	0	0	0	1	0	0	0	0	0
C	Marios	22	107	6	1	28____	122295	12	0	0	0	0	0	0	0	0	1	0
C	Marios	22	107	6	1	28____	122346	12	0	0	0	0	1	0	0	0	0	0
C	Marios	22	107	6	1	28____	122396	12	0	0	0	0	0	0	0	0	1	0
C	Marios	22	107	6	1	28____	122425	12	0	0	0	0	1	0	0	0	0	0
C	Marios	22	107	6	1	28____	122427	12	0	0	0	0	0	0	0	0	1	0
C	Marios	22	107	6	1	28____	122495	12	0	0	0	0	1	0	0	0	0	0
C	Marios	22	107	6	1	28____	122500	12	15	0	0	0	0	0	0	0	0	0
C	Marios	22	107	6	1	28____	122545	15	0	0	0	0	0	0	0	0	1	0
C	Marios	22	107	6	1	28____	122555	15	0	0	0	0	1	0	0	0	0	0
C	Marios	22	107	6	1	28____	122603	15	0	0	0	0	0	0	0	0	1	0
C	Marios	22	107	6	1	28____	122646	15	0	0	0	0	1	0	0	0	0	0
C	Marios	22	107	6	1	28____	122788	15	0	0	0	0	0	0	0	0	1	0
C	Marios	22	107	6	1	28____	122906	15	0	0	0	0	1	0	0	0	0	0
C	Marios	22	107	6	1	28____	122995	15	0	0	0	0	0	0	0	0	1	0
C	Marios	22	107	6	1	28____	123000	15	1	0	0	0	0	0	0	0	0	0
C	Marios	22	107	6	1	28____	123051	1	0	0	0	0	1	0	0	0	0	0
C	Marios	22	107	6	1	28____	123100	1	0	0	0	0	0	0	0	0	1	0
C	Marios	22	107	6	1	28____	123159	1	0	0	0	0	1	0	0	0	0	0
C	Marios	22	107	6	1	28____	123234	1	0	0	0	0	0	0	0	0	1	0
C	Marios	22	107	6	1	28____	123260	1	0	0	0	0	1	0	0	0	0	0
C	Marios	22	107	6	1	28____	123322	1	0	0	0	0	0	0	0	0	1	0
C	Marios	22	107	6	1	28____	123716	1	0	0	0	0	1	0	0	0	0	0
C	Marios	22	107	6	1	28____	123728	1	0	0	0	0	0	0	0	0	1	0
C	Marios	22	107	6	1	28____	123739	1	0	0	0	0	1	0	0	0	0	0
C	Marios	22	107	6	1	28____	123759	1	0	0	0	0	0	0	0	0	1	0
C	Marios	22	107	6	1	28____	125471	1	0	0	0	0	1	0	0	0	0	0
C	Marios	22	107	6	1	28____	125602	1	0	0	0	0	0	0	0	0	1	0
C	Marios	22	107	6	1	28____	125640	1	0	0	0	0	1	0	0	0	0	0
C	Marios	22	107	6	1	28____	125663	1	0	0	0	0	0	0	0	0	1	0
C	Marios	22	107	6	1	28____	125703	1	0	0	0	0	1	0	0	0	0	0
C	Marios	22	107	6	1	28____	125836	1	0	0	0	0	0	0	0	0	1	0
C	Marios	22	107	6	1	28____	125888	1	0	0	0	0	1	0	0	0	0	0
C	Marios	22	107	6	1	28____	125926	1	0	0	0	0	0	0	0	0	1	0
C	Marios	22	107	6	1	28____	127500	1	2	0	0	0	0	0	0	0	0	0
C	Marios	22	107	6	1	28____	128000	2	6	0	0	0	0	0	0	0	0	0
C	Marios	22	107	6	1	28____	128062	6	0	0	0	0	1	0	0	0	0	0
C	Marios	22	107	6	1	28____	128078	6	0	0	0	0	0	0	0	0	1	0
C	Marios	22	107	6	1	28____	128151	6	0	0	0	0	1	0	0	0	0	0
C	Marios	22	107	6	1	28____	128206	6	0	0	0	0	0	0	0	0	1	0
C	Marios	22	107	6	1	28____	128216	6	0	0	0	0	1	0	0	0	0	0
C	Marios	22	107	6	1	28____	128245	6	0	0	0	0	0	0	0	0	1	0
C	Marios	22	107	6	1	28____	128389	6	0	0	0	0	1	0	0	0	0	0
C	Marios	22	107	6	1	28____	128420	6	0	0	0	0	0	0	0	0	1	0
C	Marios	22	107	6	1	28____	128427	6	0	0	0	0	1	0	0	0	0	0
C	Marios	22	107	6	1	28____	128475	6	0	0	0	0	0	0	0	0	1	0
C	Marios	22	107	6	1	28____	128483	6	0	0	0	0	1	0	0	0	0	0
C	Marios	22	107	6	1	28____	128500	6	11	0	0	0	0	0	0	0	0	0
C	Marios	22	107	6	1	28____	128918	11	0	0	0	0	0	0	0	0	1	0
C	Marios	22	107	6	1	28____	128929	11	0	0	0	0	1	0	0	0	0	0
C	Marios	22	107	6	1	28____	129000	11	1	0	0	0	0	0	0	0	0	0
C	Marios	22	107	6	1	28____	129064	1	0	0	0	0	0	0	0	0	1	0
C	Marios	22	107	6	1	28____	129066	1	0	0	0	0	1	0	0	0	0	0
C	Marios	22	107	6	1	28____	129069	1	0	0	0	0	0	0	0	0	1	0
C	Marios	22	107	6	1	28____	129072	1	0	0	0	0	1	0	0	0	0	0
C	Marios	22	107	6	1	28____	129083	1	0	0	0	0	0	0	0	0	1	0
C	Marios	22	107	6	1	28____	129096	1	0	0	0	0	1	0	0	0	0	0
C	Marios	22	107	6	1	28____	129138	1	0	0	0	0	0	0	0	0	1	0
C	Marios	22	107	6	1	28____	129298	1	0	0	0	0	1	0	0	0	0	0
C	Marios	22	107	6	1	28____	129365	1	0	0	0	0	0	0	0	0	1	0
C	Marios	22	107	6	1	28____	129697	1	0	0	0	0	1	0	0	0	0	0
C	Marios	22	107	6	1	28____	129724	1	0	0	0	0	0	0	0	0	1	0
C	Marios	22	107	6	1	28____	132500	1	2	0	0	0	0	0	0	0	0	0
C	Marios	22	107	6	1	28____	133000	2	13	0	0	0	0	0	0	0	0	0
C	Marios	22	107	6	1	28____	133150	13	0	0	0	0	1	0	0	0	0	0
C	Marios	22	107	6	1	28____	133172	13	0	0	0	0	0	0	0	0	1	0
C	Marios	22	107	6	1	28____	133211	13	0	0	0	0	1	0	0	0	0	0
C	Marios	22	107	6	1	28____	133266	13	0	0	0	0	0	0	0	0	1	0
C	Marios	22	107	6	1	28____	133295	13	0	0	0	0	1	0	0	0	0	0
C	Marios	22	107	6	1	28____	133311	13	0	0	0	0	0	0	0	0	1	0
C	Marios	22	107	6	1	28____	133349	13	0	0	0	0	1	0	0	0	0	0
C	Marios	22	107	6	1	28____	133449	13	0	0	0	0	0	0	0	0	1	0
C	Marios	22	107	6	1	28____	133457	13	0	0	0	0	1	0	0	0	0	0
C	Marios	22	107	6	1	28____	133480	13	0	0	0	0	0	0	0	0	1	0
C	Marios	22	107	6	1	28____	133500	13	15	0	0	0	0	0	0	0	0	0
C	Marios	22	107	6	1	28____	133559	15	0	0	0	0	1	0	0	0	0	0
C	Marios	22	107	6	1	28____	133719	15	0	0	0	0	0	0	0	0	1	0
C	Marios	22	107	6	1	28____	133745	15	0	0	0	0	1	0	0	0	0	0
C	Marios	22	107	6	1	28____	133746	15	0	0	0	0	0	0	0	0	1	0
C	Marios	22	107	6	1	28____	133906	15	0	0	0	0	1	0	0	0	0	0
C	Marios	22	107	6	1	28____	133959	15	0	0	0	0	0	0	0	0	1	0
C	Marios	22	107	6	1	28____	133981	15	0	0	0	0	1	0	0	0	0	0
C	Marios	22	107	6	1	28____	134000	15	1	0	0	0	0	0	0	0	0	0
C	Marios	22	107	6	1	28____	134002	1	0	0	0	0	0	0	0	0	1	0
C	Marios	22	107	6	1	28____	134075	1	0	0	0	0	1	0	0	0	0	0
C	Marios	22	107	6	1	28____	134150	1	0	0	0	0	0	0	0	0	1	0
C	Marios	22	107	6	1	28____	136190	1	0	0	0	0	1	0	0	0	0	0
C	Marios	22	107	6	1	28____	136234	1	0	0	0	0	0	0	0	0	1	0
C	Marios	22	107	6	1	28____	138409	1	0	0	0	0	1	0	0	0	0	0
C	Marios	22	107	6	1	28____	138424	1	0	0	0	0	0	0	0	0	1	0
C	Marios	22	107	6	1	28____	139500	1	2	0	0	0	0	0	0	0	0	0
C	Marios	22	107	6	1	28____	140000	2	12	0	0	0	0	0	0	0	0	0
C	Marios	22	107	6	1	28____	140194	12	0	0	0	0	1	0	0	0	0	0
C	Marios	22	107	6	1	28____	140277	12	0	0	0	0	0	0	0	0	1	0
C	Marios	22	107	6	1	28____	140290	12	0	0	0	0	1	0	0	0	0	0
C	Marios	22	107	6	1	28____	140310	12	0	0	0	0	0	0	0	0	1	0
C	Marios	22	107	6	1	28____	140364	12	0	0	0	0	1	0	0	0	0	0
C	Marios	22	107	6	1	28____	140431	12	0	0	0	0	0	0	0	0	1	0
C	Marios	22	107	6	1	28____	140500	12	15	0	0	0	0	0	0	0	0	0
C	Marios	22	107	6	1	28____	140525	15	0	0	0	0	1	0	0	0	0	0
C	Marios	22	107	6	1	28____	140544	15	0	0	0	0	0	0	0	0	1	0
C	Marios	22	107	6	1	28____	140557	15	0	0	0	0	1	0	0	0	0	0
C	Marios	22	107	6	1	28____	140593	15	0	0	0	0	0	0	0	0	1	0
C	Marios	22	107	6	1	28____	140753	15	0	0	0	0	1	0	0	0	0	0
C	Marios	22	107	6	1	28____	140779	15	0	0	0	0	0	0	0	0	1	0
C	Marios	22	107	6	1	28____	140795	15	0	0	0	0	1	0	0	0	0	0
C	Marios	22	107	6	1	28____	140820	15	0	0	0	0	0	0	0	0	1	0
C	Marios	22	107	6	1	28____	141000	15	1	0	0	0	0	0	0	0	0	0
C	Marios	22	107	6	1	28____	142500	1	2	0	0	0	0	0	0	0	0	0
C	Marios	22	107	6	1	28____	143000	2	13	0	0	0	0	0	0	0	0	0
C	Marios	22	107	6	1	28____	143230	13	0	0	0	0	1	0	0	0	0	0
C	Marios	22	107	6	1	28____	143233	13	0	0	0	0	0	0	0	0	1	0
C	Marios	22	107	6	1	28____	143500	13	15	0	0	0	0	0	0	0	0	0
C	Marios	22	107	6	1	28____	144000	15	14	0	0	0	0	0	0	0	0	0
C	Marios	22	107	6	1	28____	145271	14	0	0	0	0	1	0	0	0	0	0
C	Marios	22	107	6	1	28____	145319	14	0	0	0	0	0	0	0	0	1	0
C	Marios	22	107	6	1	28____	145531	14	0	0	0	0	1	0	0	0	0	0
C	Marios	22	107	6	1	28____	145582	14	0	0	0	0	0	0	0	0	1	0
C	Marios	22	107	6	1	28____	146301	14	0	0	0	0	1	0	0	0	0	0
C	Marios	22	107	6	1	28____	146338	14	0	0	0	0	0	0	0	0	1	0
C	Marios	22	107	6	1	28____	147000	14	-1	0	0	0	0	0	0	0	0	0
