Project	UserID	Protocol	Session	Station	Run	Subject	Time	Current State	Transition State	Transition Event	A1 - LLR	A2 - RLR	A3 - MAG	A4 - 	A[1] LLR_OFF	A[2] RLR_OFF	A[3] MAG_OFF	A[4] 
C	Marios	20	107	9	1	2_____	0	0	1	0	0	0	0	0	0	0	0	0
C	Marios	20	107	9	1	2_____	2249	1	0	0	0	0	1	0	0	0	0	0
C	Marios	20	107	9	1	2_____	2258	1	0	0	0	0	0	0	0	0	1	0
C	Marios	20	107	9	1	2_____	2262	1	0	0	0	0	1	0	0	0	0	0
C	Marios	20	107	9	1	2_____	2270	1	0	0	0	0	0	0	0	0	1	0
C	Marios	20	107	9	1	2_____	2271	1	0	0	0	0	1	0	0	0	0	0
C	Marios	20	107	9	1	2_____	2340	1	0	0	0	0	0	0	0	0	1	0
C	Marios	20	107	9	1	2_____	5324	1	0	0	0	0	1	0	0	0	0	0
C	Marios	20	107	9	1	2_____	5328	1	0	0	0	0	0	0	0	0	1	0
C	Marios	20	107	9	1	2_____	6182	1	0	0	0	0	1	0	0	0	0	0
C	Marios	20	107	9	1	2_____	6198	1	0	0	0	0	0	0	0	0	1	0
C	Marios	20	107	9	1	2_____	6982	1	0	0	0	0	1	0	0	0	0	0
C	Marios	20	107	9	1	2_____	6992	1	0	0	0	0	0	0	0	0	1	0
C	Marios	20	107	9	1	2_____	7071	1	0	0	0	0	1	0	0	0	0	0
C	Marios	20	107	9	1	2_____	7074	1	0	0	0	0	0	0	0	0	1	0
C	Marios	20	107	9	1	2_____	7075	1	0	0	0	0	1	0	0	0	0	0
C	Marios	20	107	9	1	2_____	7078	1	0	0	0	0	0	0	0	0	1	0
C	Marios	20	107	9	1	2_____	7084	1	0	0	0	0	1	0	0	0	0	0
C	Marios	20	107	9	1	2_____	7096	1	0	0	0	0	0	0	0	0	1	0
C	Marios	20	107	9	1	2_____	7098	1	0	0	0	0	1	0	0	0	0	0
C	Marios	20	107	9	1	2_____	7101	1	0	0	0	0	0	0	0	0	1	0
C	Marios	20	107	9	1	2_____	7105	1	0	0	0	0	1	0	0	0	0	0
C	Marios	20	107	9	1	2_____	7157	1	0	0	0	0	0	0	0	0	1	0
C	Marios	20	107	9	1	2_____	7160	1	0	0	0	0	1	0	0	0	0	0
C	Marios	20	107	9	1	2_____	7164	1	0	0	0	0	0	0	0	0	1	0
C	Marios	20	107	9	1	2_____	7500	1	2	0	0	0	0	0	0	0	0	0
C	Marios	20	107	9	1	2_____	8000	2	12	0	0	0	0	0	0	0	0	0
C	Marios	20	107	9	1	2_____	8500	12	15	0	0	0	0	0	0	0	0	0
C	Marios	20	107	9	1	2_____	9000	15	1	0	0	0	0	0	0	0	0	0
C	Marios	20	107	9	1	2_____	9407	1	0	0	0	0	1	0	0	0	0	0
C	Marios	20	107	9	1	2_____	9419	1	0	0	0	0	0	0	0	0	1	0
C	Marios	20	107	9	1	2_____	10125	1	0	0	0	0	1	0	0	0	0	0
C	Marios	20	107	9	1	2_____	10167	1	0	0	0	0	0	0	0	0	1	0
C	Marios	20	107	9	1	2_____	11250	1	2	0	0	0	0	0	0	0	0	0
C	Marios	20	107	9	1	2_____	11750	2	13	0	0	0	0	0	0	0	0	0
C	Marios	20	107	9	1	2_____	12250	13	15	0	0	0	0	0	0	0	0	0
C	Marios	20	107	9	1	2_____	12270	15	0	0	0	0	1	0	0	0	0	0
C	Marios	20	107	9	1	2_____	12302	15	0	0	0	0	0	0	0	0	1	0
C	Marios	20	107	9	1	2_____	12750	15	1	0	0	0	0	0	0	0	0	0
C	Marios	20	107	9	1	2_____	12992	1	0	0	0	0	1	0	0	0	0	0
C	Marios	20	107	9	1	2_____	13014	1	0	0	0	0	0	0	0	0	1	0
C	Marios	20	107	9	1	2_____	13297	1	0	0	0	0	1	0	0	0	0	0
C	Marios	20	107	9	1	2_____	13419	1	0	0	0	0	0	0	0	0	1	0
C	Marios	20	107	9	1	2_____	14195	1	0	0	0	0	1	0	0	0	0	0
C	Marios	20	107	9	1	2_____	14250	1	0	0	0	0	0	0	0	0	1	0
C	Marios	20	107	9	1	2_____	14753	1	0	0	0	0	1	0	0	0	0	0
C	Marios	20	107	9	1	2_____	14820	1	0	0	0	0	0	0	0	0	1	0
C	Marios	20	107	9	1	2_____	14921	1	0	0	0	0	1	0	0	0	0	0
C	Marios	20	107	9	1	2_____	14961	1	0	0	0	0	0	0	0	0	1	0
C	Marios	20	107	9	1	2_____	15016	1	0	0	0	0	1	0	0	0	0	0
C	Marios	20	107	9	1	2_____	15120	1	0	0	0	0	0	0	0	0	1	0
C	Marios	20	107	9	1	2_____	15141	1	0	0	0	0	1	0	0	0	0	0
C	Marios	20	107	9	1	2_____	15164	1	0	0	0	0	0	0	0	0	1	0
C	Marios	20	107	9	1	2_____	16428	1	0	0	0	0	1	0	0	0	0	0
C	Marios	20	107	9	1	2_____	16464	1	0	0	0	0	0	0	0	0	1	0
C	Marios	20	107	9	1	2_____	16512	1	0	0	0	0	1	0	0	0	0	0
C	Marios	20	107	9	1	2_____	16572	1	0	0	0	0	0	0	0	0	1	0
C	Marios	20	107	9	1	2_____	16610	1	0	0	0	0	1	0	0	0	0	0
C	Marios	20	107	9	1	2_____	16612	1	0	0	0	0	0	0	0	0	1	0
C	Marios	20	107	9	1	2_____	16770	1	0	0	0	0	1	0	0	0	0	0
C	Marios	20	107	9	1	2_____	16775	1	0	0	0	0	0	0	0	0	1	0
C	Marios	20	107	9	1	2_____	18250	1	2	0	0	0	0	0	0	0	0	0
C	Marios	20	107	9	1	2_____	18750	2	13	0	0	0	0	0	0	0	0	0
C	Marios	20	107	9	1	2_____	19250	13	15	0	0	0	0	0	0	0	0	0
C	Marios	20	107	9	1	2_____	19503	15	0	0	0	0	1	0	0	0	0	0
C	Marios	20	107	9	1	2_____	19549	15	0	0	0	0	0	0	0	0	1	0
C	Marios	20	107	9	1	2_____	19750	15	1	0	0	0	0	0	0	0	0	0
C	Marios	20	107	9	1	2_____	21117	1	0	0	0	0	1	0	0	0	0	0
C	Marios	20	107	9	1	2_____	21134	1	0	0	0	0	0	0	0	0	1	0
C	Marios	20	107	9	1	2_____	21407	1	0	0	0	0	1	0	0	0	0	0
C	Marios	20	107	9	1	2_____	21472	1	0	0	0	0	0	0	0	0	1	0
C	Marios	20	107	9	1	2_____	21666	1	0	0	0	0	1	0	0	0	0	0
C	Marios	20	107	9	1	2_____	21713	1	0	0	0	0	0	0	0	0	1	0
C	Marios	20	107	9	1	2_____	22618	1	0	0	0	0	1	0	0	0	0	0
C	Marios	20	107	9	1	2_____	22691	1	0	0	0	0	0	0	0	0	1	0
C	Marios	20	107	9	1	2_____	22750	1	2	0	0	0	0	0	0	0	0	0
C	Marios	20	107	9	1	2_____	23242	2	0	0	0	0	1	0	0	0	0	0
C	Marios	20	107	9	1	2_____	23250	2	7	0	0	0	0	0	0	0	0	0
C	Marios	20	107	9	1	2_____	23256	7	0	0	0	0	0	0	0	0	1	0
C	Marios	20	107	9	1	2_____	23476	7	0	0	0	0	1	0	0	0	0	0
C	Marios	20	107	9	1	2_____	23577	7	0	0	0	0	0	0	0	0	1	0
C	Marios	20	107	9	1	2_____	23679	7	0	0	0	0	1	0	0	0	0	0
C	Marios	20	107	9	1	2_____	23725	7	0	0	0	0	0	0	0	0	1	0
C	Marios	20	107	9	1	2_____	23743	7	0	0	0	0	1	0	0	0	0	0
C	Marios	20	107	9	1	2_____	23750	7	11	0	0	0	0	0	0	0	0	0
C	Marios	20	107	9	1	2_____	23869	11	0	0	0	0	0	0	0	0	1	0
C	Marios	20	107	9	1	2_____	24250	11	1	0	0	0	0	0	0	0	0	0
C	Marios	20	107	9	1	2_____	24738	1	0	0	0	0	1	0	0	0	0	0
C	Marios	20	107	9	1	2_____	24840	1	0	0	0	0	0	0	0	0	1	0
C	Marios	20	107	9	1	2_____	25054	1	0	0	0	0	1	0	0	0	0	0
C	Marios	20	107	9	1	2_____	25148	1	0	0	0	0	1	0	0	0	1	0
C	Marios	20	107	9	1	2_____	25177	1	0	0	0	0	0	0	0	0	1	0
C	Marios	20	107	9	1	2_____	25750	1	2	0	0	0	0	0	0	0	0	0
C	Marios	20	107	9	1	2_____	25760	2	0	0	0	0	1	0	0	0	0	0
C	Marios	20	107	9	1	2_____	25827	2	0	0	0	0	0	0	0	0	1	0
C	Marios	20	107	9	1	2_____	26133	2	0	0	0	0	1	0	0	0	0	0
C	Marios	20	107	9	1	2_____	26204	2	0	0	0	0	0	0	0	0	1	0
C	Marios	20	107	9	1	2_____	26250	2	6	0	0	0	0	0	0	0	0	0
C	Marios	20	107	9	1	2_____	26389	6	0	0	0	0	1	0	0	0	0	0
C	Marios	20	107	9	1	2_____	26455	6	0	0	0	0	0	0	0	0	1	0
C	Marios	20	107	9	1	2_____	26534	6	0	0	0	0	1	0	0	0	0	0
C	Marios	20	107	9	1	2_____	26626	6	0	0	0	0	0	0	0	0	1	0
C	Marios	20	107	9	1	2_____	26741	6	0	0	0	0	1	0	0	0	0	0
C	Marios	20	107	9	1	2_____	26750	6	10	0	0	0	0	0	0	0	0	0
C	Marios	20	107	9	1	2_____	27001	10	0	0	0	0	0	0	0	0	1	0
C	Marios	20	107	9	1	2_____	27053	10	0	0	0	0	1	0	0	0	0	0
C	Marios	20	107	9	1	2_____	27055	10	0	0	0	0	0	0	0	0	1	0
C	Marios	20	107	9	1	2_____	27087	10	0	0	0	0	1	0	0	0	0	0
C	Marios	20	107	9	1	2_____	27095	10	0	0	0	0	0	0	0	0	1	0
C	Marios	20	107	9	1	2_____	27250	10	1	0	0	0	0	0	0	0	0	0
C	Marios	20	107	9	1	2_____	28038	1	0	0	0	0	1	0	0	0	0	0
C	Marios	20	107	9	1	2_____	28279	1	0	0	0	0	0	0	0	0	1	0
C	Marios	20	107	9	1	2_____	28426	1	0	0	0	0	1	0	0	0	0	0
C	Marios	20	107	9	1	2_____	28504	1	0	0	0	0	0	0	0	0	1	0
C	Marios	20	107	9	1	2_____	28561	1	0	0	0	0	1	0	0	0	0	0
C	Marios	20	107	9	1	2_____	28574	1	0	0	0	0	0	0	0	0	1	0
C	Marios	20	107	9	1	2_____	28763	1	0	0	0	0	1	0	0	0	0	0
C	Marios	20	107	9	1	2_____	28908	1	0	0	0	0	0	0	0	0	1	0
C	Marios	20	107	9	1	2_____	28997	1	0	0	0	0	1	0	0	0	0	0
C	Marios	20	107	9	1	2_____	29017	1	0	0	0	0	0	0	0	0	1	0
C	Marios	20	107	9	1	2_____	29055	1	0	0	0	0	1	0	0	0	0	0
C	Marios	20	107	9	1	2_____	29090	1	0	0	0	0	0	0	0	0	1	0
C	Marios	20	107	9	1	2_____	29117	1	0	0	0	0	1	0	0	0	0	0
C	Marios	20	107	9	1	2_____	29226	1	0	0	0	0	0	0	0	0	1	0
C	Marios	20	107	9	1	2_____	29841	1	0	0	0	0	1	0	0	0	0	0
C	Marios	20	107	9	1	2_____	30043	1	0	0	0	0	0	0	0	0	1	0
C	Marios	20	107	9	1	2_____	30093	1	0	0	0	0	1	0	0	0	0	0
C	Marios	20	107	9	1	2_____	30319	1	0	0	0	0	0	0	0	0	1	0
C	Marios	20	107	9	1	2_____	30376	1	0	0	0	0	1	0	0	0	0	0
C	Marios	20	107	9	1	2_____	30561	1	0	0	0	0	0	0	0	0	1	0
C	Marios	20	107	9	1	2_____	30910	1	0	0	0	0	1	0	0	0	0	0
C	Marios	20	107	9	1	2_____	31000	1	2	0	0	0	0	0	0	0	0	0
C	Marios	20	107	9	1	2_____	31057	2	0	0	0	0	0	0	0	0	1	0
C	Marios	20	107	9	1	2_____	31209	2	0	0	0	0	1	0	0	0	0	0
C	Marios	20	107	9	1	2_____	31272	2	0	0	0	0	0	0	0	0	1	0
C	Marios	20	107	9	1	2_____	31402	2	0	0	0	0	1	0	0	0	0	0
C	Marios	20	107	9	1	2_____	31500	2	12	0	0	0	0	0	0	0	0	0
C	Marios	20	107	9	1	2_____	31506	12	0	0	0	0	0	0	0	0	1	0
C	Marios	20	107	9	1	2_____	32000	12	15	0	0	0	0	0	0	0	0	0
C	Marios	20	107	9	1	2_____	32119	15	0	0	0	0	1	0	0	0	0	0
C	Marios	20	107	9	1	2_____	32223	15	0	0	0	0	0	0	0	0	1	0
C	Marios	20	107	9	1	2_____	32355	15	0	0	0	0	1	0	0	0	0	0
C	Marios	20	107	9	1	2_____	32465	15	0	0	0	0	0	0	0	0	1	0
C	Marios	20	107	9	1	2_____	32496	15	0	0	0	0	1	0	0	0	0	0
C	Marios	20	107	9	1	2_____	32500	15	1	0	0	0	0	0	0	0	0	0
C	Marios	20	107	9	1	2_____	32541	1	0	0	0	0	0	0	0	0	1	0
C	Marios	20	107	9	1	2_____	32656	1	0	0	0	0	1	0	0	0	0	0
C	Marios	20	107	9	1	2_____	32690	1	0	0	0	0	0	0	0	0	1	0
C	Marios	20	107	9	1	2_____	32726	1	0	0	0	0	1	0	0	0	0	0
C	Marios	20	107	9	1	2_____	32758	1	0	0	0	0	0	0	0	0	1	0
C	Marios	20	107	9	1	2_____	32922	1	0	0	0	0	1	0	0	0	0	0
C	Marios	20	107	9	1	2_____	33022	1	0	0	0	0	0	0	0	0	1	0
C	Marios	20	107	9	1	2_____	33119	1	0	0	0	0	1	0	0	0	0	0
C	Marios	20	107	9	1	2_____	33319	1	0	0	0	0	0	0	0	0	1	0
C	Marios	20	107	9	1	2_____	33482	1	0	0	0	0	1	0	0	0	0	0
C	Marios	20	107	9	1	2_____	33634	1	0	0	0	0	0	0	0	0	1	0
C	Marios	20	107	9	1	2_____	33762	1	0	0	0	0	1	0	0	0	0	0
C	Marios	20	107	9	1	2_____	33893	1	0	0	0	0	0	0	0	0	1	0
C	Marios	20	107	9	1	2_____	34366	1	0	0	0	0	1	0	0	0	0	0
C	Marios	20	107	9	1	2_____	34500	1	0	0	0	0	0	0	0	0	1	0
C	Marios	20	107	9	1	2_____	34762	1	0	0	0	0	1	0	0	0	0	0
C	Marios	20	107	9	1	2_____	34841	1	0	0	0	0	0	0	0	0	1	0
C	Marios	20	107	9	1	2_____	35000	1	0	0	0	0	1	0	0	0	0	0
C	Marios	20	107	9	1	2_____	35089	1	0	0	0	0	0	0	0	0	1	0
C	Marios	20	107	9	1	2_____	35113	1	0	0	0	0	1	0	0	0	0	0
C	Marios	20	107	9	1	2_____	35120	1	0	0	0	0	0	0	0	0	1	0
C	Marios	20	107	9	1	2_____	35173	1	0	0	0	0	1	0	0	0	0	0
C	Marios	20	107	9	1	2_____	35233	1	0	0	0	0	0	0	0	0	1	0
C	Marios	20	107	9	1	2_____	35263	1	0	0	0	0	1	0	0	0	0	0
C	Marios	20	107	9	1	2_____	35266	1	0	0	0	0	0	0	0	0	1	0
C	Marios	20	107	9	1	2_____	35458	1	0	0	0	0	1	0	0	0	0	0
C	Marios	20	107	9	1	2_____	35577	1	0	0	0	0	0	0	0	0	1	0
C	Marios	20	107	9	1	2_____	35817	1	0	0	0	0	1	0	0	0	0	0
C	Marios	20	107	9	1	2_____	35919	1	0	0	0	0	0	0	0	0	1	0
C	Marios	20	107	9	1	2_____	36552	1	0	0	0	0	1	0	0	0	0	0
C	Marios	20	107	9	1	2_____	36657	1	0	0	0	0	0	0	0	0	1	0
C	Marios	20	107	9	1	2_____	36807	1	0	0	0	0	1	0	0	0	0	0
C	Marios	20	107	9	1	2_____	37004	1	0	0	0	0	0	0	0	0	1	0
C	Marios	20	107	9	1	2_____	37708	1	0	0	0	0	1	0	0	0	0	0
C	Marios	20	107	9	1	2_____	37725	1	0	0	0	0	0	0	0	0	1	0
C	Marios	20	107	9	1	2_____	38573	1	0	0	0	0	1	0	0	0	0	0
C	Marios	20	107	9	1	2_____	38599	1	0	0	0	0	0	0	0	0	1	0
C	Marios	20	107	9	1	2_____	38736	1	0	0	0	0	1	0	0	0	0	0
C	Marios	20	107	9	1	2_____	38758	1	0	0	0	0	0	0	0	0	1	0
C	Marios	20	107	9	1	2_____	38959	1	0	0	0	0	1	0	0	0	0	0
C	Marios	20	107	9	1	2_____	39093	1	0	0	0	0	0	0	0	0	1	0
C	Marios	20	107	9	1	2_____	39250	1	2	0	0	0	0	0	0	0	0	0
C	Marios	20	107	9	1	2_____	39252	2	0	0	0	0	1	0	0	0	0	0
C	Marios	20	107	9	1	2_____	39378	2	0	0	0	0	0	0	0	0	1	0
C	Marios	20	107	9	1	2_____	39750	2	13	0	0	0	0	0	0	0	0	0
C	Marios	20	107	9	1	2_____	40250	13	15	0	0	0	0	0	0	0	0	0
C	Marios	20	107	9	1	2_____	40704	15	0	0	0	0	1	0	0	0	0	0
C	Marios	20	107	9	1	2_____	40750	15	1	0	0	0	0	0	0	0	0	0
C	Marios	20	107	9	1	2_____	40755	1	0	0	0	0	0	0	0	0	1	0
C	Marios	20	107	9	1	2_____	40777	1	0	0	0	0	1	0	0	0	0	0
C	Marios	20	107	9	1	2_____	40798	1	0	0	0	0	0	0	0	0	1	0
C	Marios	20	107	9	1	2_____	40910	1	0	0	0	0	1	0	0	0	0	0
C	Marios	20	107	9	1	2_____	41010	1	0	0	0	0	0	0	0	0	1	0
C	Marios	20	107	9	1	2_____	41365	1	0	0	0	0	1	0	0	0	0	0
C	Marios	20	107	9	1	2_____	41444	1	0	0	0	0	0	0	0	0	1	0
C	Marios	20	107	9	1	2_____	41662	1	0	0	0	0	1	0	0	0	0	0
C	Marios	20	107	9	1	2_____	41820	1	0	0	0	0	0	0	0	0	1	0
C	Marios	20	107	9	1	2_____	42214	1	0	0	0	0	1	0	0	0	0	0
C	Marios	20	107	9	1	2_____	42285	1	0	0	0	0	0	0	0	0	1	0
C	Marios	20	107	9	1	2_____	42537	1	0	0	0	0	1	0	0	0	0	0
C	Marios	20	107	9	1	2_____	42633	1	0	0	0	0	0	0	0	0	1	0
C	Marios	20	107	9	1	2_____	43561	1	0	0	0	0	1	0	0	0	0	0
C	Marios	20	107	9	1	2_____	43668	1	0	0	0	0	0	0	0	0	1	0
C	Marios	20	107	9	1	2_____	43735	1	0	0	0	0	1	0	0	0	0	0
C	Marios	20	107	9	1	2_____	43851	1	0	0	0	0	0	0	0	0	1	0
C	Marios	20	107	9	1	2_____	44086	1	0	0	0	0	1	0	0	0	0	0
C	Marios	20	107	9	1	2_____	44265	1	0	0	0	0	0	0	0	0	1	0
C	Marios	20	107	9	1	2_____	44383	1	0	0	0	0	1	0	0	0	0	0
C	Marios	20	107	9	1	2_____	44597	1	0	0	0	0	0	0	0	0	1	0
C	Marios	20	107	9	1	2_____	44654	1	0	0	0	0	1	0	0	0	0	0
C	Marios	20	107	9	1	2_____	44743	1	0	0	0	0	0	0	0	0	1	0
C	Marios	20	107	9	1	2_____	44761	1	0	0	0	0	1	0	0	0	0	0
C	Marios	20	107	9	1	2_____	44811	1	0	0	0	0	0	0	0	0	1	0
C	Marios	20	107	9	1	2_____	45241	1	0	0	0	0	1	0	0	0	0	0
C	Marios	20	107	9	1	2_____	45250	1	2	0	0	0	0	0	0	0	0	0
C	Marios	20	107	9	1	2_____	45350	2	0	0	0	0	0	0	0	0	1	0
C	Marios	20	107	9	1	2_____	45750	2	12	0	0	0	0	0	0	0	0	0
C	Marios	20	107	9	1	2_____	46125	12	0	0	0	0	1	0	0	0	0	0
C	Marios	20	107	9	1	2_____	46196	12	0	0	0	0	0	0	0	0	1	0
C	Marios	20	107	9	1	2_____	46250	12	15	0	0	0	0	0	0	0	0	0
C	Marios	20	107	9	1	2_____	46540	15	0	0	0	0	1	0	0	0	0	0
C	Marios	20	107	9	1	2_____	46616	15	0	0	0	0	0	0	0	0	1	0
C	Marios	20	107	9	1	2_____	46750	15	1	0	0	0	0	0	0	0	0	0
C	Marios	20	107	9	1	2_____	46814	1	0	0	0	0	1	0	0	0	0	0
C	Marios	20	107	9	1	2_____	46877	1	0	0	0	0	0	0	0	0	1	0
C	Marios	20	107	9	1	2_____	47060	1	0	0	0	0	1	0	0	0	0	0
C	Marios	20	107	9	1	2_____	47083	1	0	0	0	0	0	0	0	0	1	0
C	Marios	20	107	9	1	2_____	47457	1	0	0	0	0	1	0	0	0	0	0
C	Marios	20	107	9	1	2_____	47461	1	0	0	0	0	0	0	0	0	1	0
C	Marios	20	107	9	1	2_____	47469	1	0	0	0	0	1	0	0	0	0	0
C	Marios	20	107	9	1	2_____	47587	1	0	0	0	0	0	0	0	0	1	0
C	Marios	20	107	9	1	2_____	47595	1	0	0	0	0	1	0	0	0	0	0
C	Marios	20	107	9	1	2_____	47640	1	0	0	0	0	0	0	0	0	1	0
C	Marios	20	107	9	1	2_____	47822	1	0	0	0	0	1	0	0	0	0	0
C	Marios	20	107	9	1	2_____	47843	1	0	0	0	0	0	0	0	0	1	0
C	Marios	20	107	9	1	2_____	48438	1	0	0	0	0	1	0	0	0	0	0
C	Marios	20	107	9	1	2_____	48500	1	0	0	0	0	0	0	0	0	1	0
C	Marios	20	107	9	1	2_____	48811	1	0	0	0	0	1	0	0	0	0	0
C	Marios	20	107	9	1	2_____	48823	1	0	0	0	0	0	0	0	0	1	0
C	Marios	20	107	9	1	2_____	48890	1	0	0	0	0	1	0	0	0	0	0
C	Marios	20	107	9	1	2_____	48913	1	0	0	0	0	0	0	0	0	1	0
C	Marios	20	107	9	1	2_____	49604	1	0	0	0	0	1	0	0	0	0	0
C	Marios	20	107	9	1	2_____	49641	1	0	0	0	0	0	0	0	0	1	0
C	Marios	20	107	9	1	2_____	49665	1	0	0	0	0	1	0	0	0	0	0
C	Marios	20	107	9	1	2_____	49666	1	0	0	0	0	0	0	0	0	1	0
C	Marios	20	107	9	1	2_____	49708	1	0	0	0	0	1	0	0	0	0	0
C	Marios	20	107	9	1	2_____	49751	1	0	0	0	0	0	0	0	0	1	0
C	Marios	20	107	9	1	2_____	51472	1	0	0	0	0	1	0	0	0	0	0
C	Marios	20	107	9	1	2_____	51629	1	0	0	0	0	0	0	0	0	1	0
C	Marios	20	107	9	1	2_____	52333	1	0	0	0	0	1	0	0	0	0	0
C	Marios	20	107	9	1	2_____	52345	1	0	0	0	0	0	0	0	0	1	0
C	Marios	20	107	9	1	2_____	52387	1	0	0	0	0	1	0	0	0	0	0
C	Marios	20	107	9	1	2_____	52408	1	0	0	0	0	0	0	0	0	1	0
C	Marios	20	107	9	1	2_____	52562	1	0	0	0	0	1	0	0	0	0	0
C	Marios	20	107	9	1	2_____	52568	1	0	0	0	0	0	0	0	0	1	0
C	Marios	20	107	9	1	2_____	52750	1	2	0	0	0	0	0	0	0	0	0
C	Marios	20	107	9	1	2_____	53182	2	0	0	0	0	1	0	0	0	0	0
C	Marios	20	107	9	1	2_____	53221	2	0	0	0	0	0	0	0	0	1	0
C	Marios	20	107	9	1	2_____	53250	2	7	0	0	0	0	0	0	0	0	0
C	Marios	20	107	9	1	2_____	53454	7	0	0	0	0	1	0	0	0	0	0
C	Marios	20	107	9	1	2_____	53459	7	0	0	0	0	0	0	0	0	1	0
C	Marios	20	107	9	1	2_____	53462	7	0	0	0	0	1	0	0	0	0	0
C	Marios	20	107	9	1	2_____	53505	7	0	0	0	0	0	0	0	0	1	0
C	Marios	20	107	9	1	2_____	53637	7	0	0	0	0	1	0	0	0	0	0
C	Marios	20	107	9	1	2_____	53666	7	0	0	0	0	0	0	0	0	1	0
C	Marios	20	107	9	1	2_____	53750	7	11	0	0	0	0	0	0	0	0	0
C	Marios	20	107	9	1	2_____	53803	11	0	0	0	0	1	0	0	0	0	0
C	Marios	20	107	9	1	2_____	54022	11	0	0	0	0	0	0	0	0	1	0
C	Marios	20	107	9	1	2_____	54041	11	0	0	0	0	1	0	0	0	0	0
C	Marios	20	107	9	1	2_____	54051	11	0	0	0	0	0	0	0	0	1	0
C	Marios	20	107	9	1	2_____	54250	11	1	0	0	0	1	0	0	0	0	0
C	Marios	20	107	9	1	2_____	54273	1	0	0	0	0	0	0	0	0	1	0
C	Marios	20	107	9	1	2_____	54274	1	0	0	0	0	1	0	0	0	0	0
C	Marios	20	107	9	1	2_____	54284	1	0	0	0	0	0	0	0	0	1	0
C	Marios	20	107	9	1	2_____	54323	1	0	0	0	0	1	0	0	0	0	0
C	Marios	20	107	9	1	2_____	54335	1	0	0	0	0	0	0	0	0	1	0
C	Marios	20	107	9	1	2_____	54412	1	0	0	0	0	1	0	0	0	0	0
C	Marios	20	107	9	1	2_____	54426	1	0	0	0	0	0	0	0	0	1	0
C	Marios	20	107	9	1	2_____	55240	1	0	0	0	0	1	0	0	0	0	0
C	Marios	20	107	9	1	2_____	55350	1	0	0	0	0	0	0	0	0	1	0
C	Marios	20	107	9	1	2_____	55914	1	0	0	0	0	1	0	0	0	0	0
C	Marios	20	107	9	1	2_____	55942	1	0	0	0	0	0	0	0	0	1	0
C	Marios	20	107	9	1	2_____	56973	1	0	0	0	0	1	0	0	0	0	0
C	Marios	20	107	9	1	2_____	56983	1	0	0	0	0	0	0	0	0	1	0
C	Marios	20	107	9	1	2_____	57082	1	0	0	0	0	1	0	0	0	0	0
C	Marios	20	107	9	1	2_____	57240	1	0	0	0	0	0	0	0	0	1	0
C	Marios	20	107	9	1	2_____	57503	1	0	0	0	0	1	0	0	0	0	0
C	Marios	20	107	9	1	2_____	57545	1	0	0	0	0	0	0	0	0	1	0
C	Marios	20	107	9	1	2_____	57635	1	0	0	0	0	1	0	0	0	0	0
C	Marios	20	107	9	1	2_____	57709	1	0	0	0	0	0	0	0	0	1	0
C	Marios	20	107	9	1	2_____	57881	1	0	0	0	0	1	0	0	0	0	0
C	Marios	20	107	9	1	2_____	58019	1	0	0	0	0	0	0	0	0	1	0
C	Marios	20	107	9	1	2_____	58750	1	2	0	0	0	0	0	0	0	0	0
C	Marios	20	107	9	1	2_____	58878	2	0	0	0	0	1	0	0	0	0	0
C	Marios	20	107	9	1	2_____	58982	2	0	0	0	0	0	0	0	0	1	0
C	Marios	20	107	9	1	2_____	59157	2	0	0	0	0	1	0	0	0	0	0
C	Marios	20	107	9	1	2_____	59250	2	6	0	0	0	0	0	0	0	0	0
C	Marios	20	107	9	1	2_____	59256	6	0	0	0	0	0	0	0	0	1	0
C	Marios	20	107	9	1	2_____	59325	6	0	0	0	0	1	0	0	0	0	0
C	Marios	20	107	9	1	2_____	59387	6	0	0	0	0	0	0	0	0	1	0
C	Marios	20	107	9	1	2_____	59479	6	0	0	0	0	1	0	0	0	0	0
C	Marios	20	107	9	1	2_____	59587	6	0	0	0	0	0	0	0	0	1	0
C	Marios	20	107	9	1	2_____	59750	6	10	0	0	0	0	0	0	0	0	0
C	Marios	20	107	9	1	2_____	59856	10	0	0	0	0	1	0	0	0	0	0
C	Marios	20	107	9	1	2_____	59969	10	0	0	0	0	0	0	0	0	1	0
C	Marios	20	107	9	1	2_____	60250	10	1	0	0	0	0	0	0	0	0	0
C	Marios	20	107	9	1	2_____	60291	1	0	0	0	0	1	0	0	0	0	0
C	Marios	20	107	9	1	2_____	60302	1	0	0	0	0	0	0	0	0	1	0
C	Marios	20	107	9	1	2_____	60348	1	0	0	0	0	1	0	0	0	0	0
C	Marios	20	107	9	1	2_____	60404	1	0	0	0	0	0	0	0	0	1	0
C	Marios	20	107	9	1	2_____	60859	1	0	0	0	0	1	0	0	0	0	0
C	Marios	20	107	9	1	2_____	61240	1	0	0	0	0	0	0	0	0	1	0
C	Marios	20	107	9	1	2_____	61618	1	0	0	0	0	1	0	0	0	0	0
C	Marios	20	107	9	1	2_____	61706	1	0	0	0	0	0	0	0	0	1	0
C	Marios	20	107	9	1	2_____	62426	1	0	0	0	0	1	0	0	0	0	0
C	Marios	20	107	9	1	2_____	62581	1	0	0	0	0	0	0	0	0	1	0
C	Marios	20	107	9	1	2_____	62712	1	0	0	0	0	1	0	0	0	0	0
C	Marios	20	107	9	1	2_____	62721	1	0	0	0	0	0	0	0	0	1	0
C	Marios	20	107	9	1	2_____	62853	1	0	0	0	0	1	0	0	0	0	0
C	Marios	20	107	9	1	2_____	62866	1	0	0	0	0	0	0	0	0	1	0
C	Marios	20	107	9	1	2_____	63434	1	0	0	0	0	1	0	0	0	0	0
C	Marios	20	107	9	1	2_____	63520	1	0	0	0	0	0	0	0	0	1	0
C	Marios	20	107	9	1	2_____	63750	1	2	0	0	0	0	0	0	0	0	0
C	Marios	20	107	9	1	2_____	64250	2	12	0	0	0	0	0	0	0	0	0
C	Marios	20	107	9	1	2_____	64750	12	15	0	0	0	0	0	0	0	0	0
C	Marios	20	107	9	1	2_____	64906	15	0	0	0	0	1	0	0	0	0	0
C	Marios	20	107	9	1	2_____	65025	15	0	0	0	0	0	0	0	0	1	0
C	Marios	20	107	9	1	2_____	65100	15	0	0	0	0	1	0	0	0	0	0
C	Marios	20	107	9	1	2_____	65176	15	0	0	0	0	0	0	0	0	1	0
C	Marios	20	107	9	1	2_____	65250	15	1	0	0	0	0	0	0	0	0	0
C	Marios	20	107	9	1	2_____	65287	1	0	0	0	0	1	0	0	0	0	0
C	Marios	20	107	9	1	2_____	65333	1	0	0	0	0	0	0	0	0	1	0
C	Marios	20	107	9	1	2_____	65484	1	0	0	0	0	1	0	0	0	0	0
C	Marios	20	107	9	1	2_____	65568	1	0	0	0	0	0	0	0	0	1	0
C	Marios	20	107	9	1	2_____	65693	1	0	0	0	0	1	0	0	0	0	0
C	Marios	20	107	9	1	2_____	65810	1	0	0	0	0	0	0	0	0	1	0
C	Marios	20	107	9	1	2_____	66216	1	0	0	0	0	1	0	0	0	0	0
C	Marios	20	107	9	1	2_____	66344	1	0	0	0	0	0	0	0	0	1	0
C	Marios	20	107	9	1	2_____	67009	1	0	0	0	0	1	0	0	0	0	0
C	Marios	20	107	9	1	2_____	67047	1	0	0	0	0	0	0	0	0	1	0
C	Marios	20	107	9	1	2_____	67439	1	0	0	0	0	1	0	0	0	0	0
C	Marios	20	107	9	1	2_____	67623	1	0	0	0	0	0	0	0	0	1	0
C	Marios	20	107	9	1	2_____	68066	1	0	0	0	0	1	0	0	0	0	0
C	Marios	20	107	9	1	2_____	68090	1	0	0	0	0	0	0	0	0	1	0
C	Marios	20	107	9	1	2_____	68649	1	0	0	0	0	1	0	0	0	0	0
C	Marios	20	107	9	1	2_____	68764	1	0	0	0	0	0	0	0	0	1	0
C	Marios	20	107	9	1	2_____	69405	1	0	0	0	0	1	0	0	0	0	0
C	Marios	20	107	9	1	2_____	69427	1	0	0	0	0	0	0	0	0	1	0
C	Marios	20	107	9	1	2_____	70067	1	0	0	0	0	1	0	0	0	0	0
C	Marios	20	107	9	1	2_____	70119	1	0	0	0	0	0	0	0	0	1	0
C	Marios	20	107	9	1	2_____	70500	1	2	0	0	0	0	0	0	0	0	0
C	Marios	20	107	9	1	2_____	70851	2	0	0	0	0	1	0	0	0	0	0
C	Marios	20	107	9	1	2_____	70878	2	0	0	0	0	0	0	0	0	1	0
C	Marios	20	107	9	1	2_____	71000	2	13	0	0	0	0	0	0	0	0	0
C	Marios	20	107	9	1	2_____	71500	13	15	0	0	0	0	0	0	0	0	0
C	Marios	20	107	9	1	2_____	72000	15	1	0	0	0	0	0	0	0	0	0
C	Marios	20	107	9	1	2_____	73210	1	0	0	0	0	1	0	0	0	0	0
C	Marios	20	107	9	1	2_____	73264	1	0	0	0	0	0	0	0	0	1	0
C	Marios	20	107	9	1	2_____	73500	1	2	0	0	0	0	0	0	0	0	0
C	Marios	20	107	9	1	2_____	74000	2	13	0	0	0	0	0	0	0	0	0
C	Marios	20	107	9	1	2_____	74500	13	15	0	0	0	0	0	0	0	0	0
C	Marios	20	107	9	1	2_____	75000	15	1	0	0	0	0	0	0	0	0	0
C	Marios	20	107	9	1	2_____	75560	1	0	0	0	0	1	0	0	0	0	0
C	Marios	20	107	9	1	2_____	75588	1	0	0	0	0	0	0	0	0	1	0
C	Marios	20	107	9	1	2_____	76674	1	0	0	0	0	1	0	0	0	0	0
C	Marios	20	107	9	1	2_____	76678	1	0	0	0	0	0	0	0	0	1	0
C	Marios	20	107	9	1	2_____	77071	1	0	0	0	0	1	0	0	0	0	0
C	Marios	20	107	9	1	2_____	77124	1	0	0	0	0	0	0	0	0	1	0
C	Marios	20	107	9	1	2_____	77727	1	0	0	0	0	1	0	0	0	0	0
C	Marios	20	107	9	1	2_____	77739	1	0	0	0	0	0	0	0	0	1	0
C	Marios	20	107	9	1	2_____	77741	1	0	0	0	0	1	0	0	0	0	0
C	Marios	20	107	9	1	2_____	77743	1	0	0	0	0	0	0	0	0	1	0
C	Marios	20	107	9	1	2_____	77748	1	0	0	0	0	1	0	0	0	0	0
C	Marios	20	107	9	1	2_____	77767	1	0	0	0	0	0	0	0	0	1	0
C	Marios	20	107	9	1	2_____	77917	1	0	0	0	0	1	0	0	0	0	0
C	Marios	20	107	9	1	2_____	77920	1	0	0	0	0	0	0	0	0	1	0
C	Marios	20	107	9	1	2_____	78634	1	0	0	0	0	1	0	0	0	0	0
C	Marios	20	107	9	1	2_____	78665	1	0	0	0	0	0	0	0	0	1	0
C	Marios	20	107	9	1	2_____	79495	1	0	0	0	0	1	0	0	0	0	0
C	Marios	20	107	9	1	2_____	79500	1	2	0	0	0	0	0	0	0	0	0
C	Marios	20	107	9	1	2_____	79578	2	0	0	0	0	0	0	0	0	1	0
C	Marios	20	107	9	1	2_____	80000	2	6	0	0	0	0	0	0	0	0	0
C	Marios	20	107	9	1	2_____	80122	6	0	0	0	0	1	0	0	0	0	0
C	Marios	20	107	9	1	2_____	80190	6	0	0	0	0	0	0	0	0	1	0
C	Marios	20	107	9	1	2_____	80278	6	0	0	0	0	1	0	0	0	0	0
C	Marios	20	107	9	1	2_____	80378	6	0	0	0	0	0	0	0	0	1	0
C	Marios	20	107	9	1	2_____	80496	6	0	0	0	0	1	0	0	0	0	0
C	Marios	20	107	9	1	2_____	80500	6	10	0	0	0	0	0	0	0	0	0
C	Marios	20	107	9	1	2_____	80690	10	0	0	0	0	0	0	0	0	1	0
C	Marios	20	107	9	1	2_____	80693	10	0	0	0	0	1	0	0	0	0	0
C	Marios	20	107	9	1	2_____	80714	10	0	0	0	0	0	0	0	0	1	0
C	Marios	20	107	9	1	2_____	80762	10	0	0	0	0	1	0	0	0	0	0
C	Marios	20	107	9	1	2_____	80764	10	0	0	0	0	0	0	0	0	1	0
C	Marios	20	107	9	1	2_____	80799	10	0	0	0	0	1	0	0	0	0	0
C	Marios	20	107	9	1	2_____	80803	10	0	0	0	0	0	0	0	0	1	0
C	Marios	20	107	9	1	2_____	81000	10	1	0	0	0	0	0	0	0	0	0
C	Marios	20	107	9	1	2_____	81134	1	0	0	0	0	1	0	0	0	0	0
C	Marios	20	107	9	1	2_____	81159	1	0	0	0	0	0	0	0	0	1	0
C	Marios	20	107	9	1	2_____	83064	1	0	0	0	0	1	0	0	0	0	0
C	Marios	20	107	9	1	2_____	83115	1	0	0	0	0	0	0	0	0	1	0
C	Marios	20	107	9	1	2_____	84000	1	2	0	0	0	0	0	0	0	0	0
C	Marios	20	107	9	1	2_____	84500	2	12	0	0	0	0	0	0	0	0	0
C	Marios	20	107	9	1	2_____	85000	12	15	0	0	0	0	0	0	0	0	0
C	Marios	20	107	9	1	2_____	85466	15	0	0	0	0	1	0	0	0	0	0
C	Marios	20	107	9	1	2_____	85476	15	0	0	0	0	0	0	0	0	1	0
C	Marios	20	107	9	1	2_____	85500	15	1	0	0	0	0	0	0	0	0	0
C	Marios	20	107	9	1	2_____	88523	1	0	0	0	0	1	0	0	0	0	0
C	Marios	20	107	9	1	2_____	88609	1	0	0	0	0	0	0	0	0	1	0
C	Marios	20	107	9	1	2_____	89080	1	0	0	0	0	1	0	0	0	0	0
C	Marios	20	107	9	1	2_____	89142	1	0	0	0	0	0	0	0	0	1	0
C	Marios	20	107	9	1	2_____	90750	1	2	0	0	0	0	0	0	0	0	0
C	Marios	20	107	9	1	2_____	91250	2	13	0	0	0	0	0	0	0	0	0
C	Marios	20	107	9	1	2_____	91750	13	15	0	0	0	0	0	0	0	0	0
C	Marios	20	107	9	1	2_____	91886	15	0	0	0	0	1	0	0	0	0	0
C	Marios	20	107	9	1	2_____	91900	15	0	0	0	0	0	0	0	0	1	0
C	Marios	20	107	9	1	2_____	91976	15	0	0	0	0	1	0	0	0	0	0
C	Marios	20	107	9	1	2_____	91982	15	0	0	0	0	0	0	0	0	1	0
C	Marios	20	107	9	1	2_____	92250	15	1	0	0	0	0	0	0	0	0	0
C	Marios	20	107	9	1	2_____	95951	1	0	0	0	0	1	0	0	0	0	0
C	Marios	20	107	9	1	2_____	95978	1	0	0	0	0	0	0	0	0	1	0
C	Marios	20	107	9	1	2_____	96235	1	0	0	0	0	1	0	0	0	0	0
C	Marios	20	107	9	1	2_____	96244	1	0	0	0	0	0	0	0	0	1	0
C	Marios	20	107	9	1	2_____	96276	1	0	0	0	0	1	0	0	0	0	0
C	Marios	20	107	9	1	2_____	96285	1	0	0	0	0	0	0	0	0	1	0
C	Marios	20	107	9	1	2_____	97756	1	0	0	0	0	1	0	0	0	0	0
C	Marios	20	107	9	1	2_____	97773	1	0	0	0	0	0	0	0	0	1	0
C	Marios	20	107	9	1	2_____	97777	1	0	0	0	0	1	0	0	0	0	0
C	Marios	20	107	9	1	2_____	97784	1	0	0	0	0	0	0	0	0	1	0
C	Marios	20	107	9	1	2_____	99502	1	0	0	0	0	1	0	0	0	0	0
C	Marios	20	107	9	1	2_____	99629	1	0	0	0	0	0	0	0	0	1	0
C	Marios	20	107	9	1	2_____	99750	1	2	0	0	0	0	0	0	0	0	0
C	Marios	20	107	9	1	2_____	99942	2	0	0	0	0	1	0	0	0	0	0
C	Marios	20	107	9	1	2_____	100014	2	0	0	0	0	0	0	0	0	1	0
C	Marios	20	107	9	1	2_____	100196	2	0	0	0	0	1	0	0	0	0	0
C	Marios	20	107	9	1	2_____	100245	2	0	0	0	0	0	0	0	0	1	0
C	Marios	20	107	9	1	2_____	100250	2	7	0	0	0	0	0	0	0	0	0
C	Marios	20	107	9	1	2_____	100431	7	0	0	0	0	1	0	0	0	0	0
C	Marios	20	107	9	1	2_____	100499	7	0	0	0	0	0	0	0	0	1	0
C	Marios	20	107	9	1	2_____	100549	7	0	0	0	0	1	0	0	0	0	0
C	Marios	20	107	9	1	2_____	100690	7	0	0	0	0	0	0	0	0	1	0
C	Marios	20	107	9	1	2_____	100750	7	11	0	0	0	0	0	0	0	0	0
C	Marios	20	107	9	1	2_____	100774	11	0	0	0	0	1	0	0	0	0	0
C	Marios	20	107	9	1	2_____	100915	11	0	0	0	0	0	0	0	0	1	0
C	Marios	20	107	9	1	2_____	100925	11	0	0	0	0	1	0	0	0	0	0
C	Marios	20	107	9	1	2_____	100932	11	0	0	0	0	0	0	0	0	1	0
C	Marios	20	107	9	1	2_____	101250	11	1	0	0	0	0	0	0	0	0	0
C	Marios	20	107	9	1	2_____	101473	1	0	0	0	0	1	0	0	0	0	0
C	Marios	20	107	9	1	2_____	101479	1	0	0	0	0	0	0	0	0	1	0
C	Marios	20	107	9	1	2_____	101483	1	0	0	0	0	1	0	0	0	0	0
C	Marios	20	107	9	1	2_____	101559	1	0	0	0	0	0	0	0	0	1	0
C	Marios	20	107	9	1	2_____	101653	1	0	0	0	0	1	0	0	0	0	0
C	Marios	20	107	9	1	2_____	101670	1	0	0	0	0	1	0	0	0	1	0
C	Marios	20	107	9	1	2_____	101672	1	0	0	0	0	0	0	0	0	1	0
C	Marios	20	107	9	1	2_____	101825	1	0	0	0	0	1	0	0	0	0	0
C	Marios	20	107	9	1	2_____	101839	1	0	0	0	0	0	0	0	0	1	0
C	Marios	20	107	9	1	2_____	101846	1	0	0	0	0	1	0	0	0	0	0
C	Marios	20	107	9	1	2_____	101867	1	0	0	0	0	0	0	0	0	1	0
C	Marios	20	107	9	1	2_____	103719	1	0	0	0	0	1	0	0	0	0	0
C	Marios	20	107	9	1	2_____	103732	1	0	0	0	0	0	0	0	0	1	0
C	Marios	20	107	9	1	2_____	103897	1	0	0	0	0	1	0	0	0	0	0
C	Marios	20	107	9	1	2_____	103964	1	0	0	0	0	0	0	0	0	1	0
C	Marios	20	107	9	1	2_____	104763	1	0	0	0	0	1	0	0	0	0	0
C	Marios	20	107	9	1	2_____	104778	1	0	0	0	0	1	0	0	0	1	0
C	Marios	20	107	9	1	2_____	104792	1	0	0	0	0	0	0	0	0	1	0
C	Marios	20	107	9	1	2_____	104794	1	0	0	0	0	1	0	0	0	0	0
C	Marios	20	107	9	1	2_____	104797	1	0	0	0	0	0	0	0	0	1	0
C	Marios	20	107	9	1	2_____	104800	1	0	0	0	0	1	0	0	0	0	0
C	Marios	20	107	9	1	2_____	104803	1	0	0	0	0	0	0	0	0	1	0
C	Marios	20	107	9	1	2_____	104815	1	0	0	0	0	1	0	0	0	0	0
C	Marios	20	107	9	1	2_____	104817	1	0	0	0	0	0	0	0	0	1	0
C	Marios	20	107	9	1	2_____	104820	1	0	0	0	0	1	0	0	0	0	0
C	Marios	20	107	9	1	2_____	104823	1	0	0	0	0	0	0	0	0	1	0
C	Marios	20	107	9	1	2_____	104825	1	0	0	0	0	1	0	0	0	0	0
C	Marios	20	107	9	1	2_____	104876	1	0	0	0	0	0	0	0	0	1	0
C	Marios	20	107	9	1	2_____	106248	1	0	0	0	0	1	0	0	0	0	0
C	Marios	20	107	9	1	2_____	106490	1	0	0	0	0	0	0	0	0	1	0
C	Marios	20	107	9	1	2_____	106638	1	0	0	0	0	1	0	0	0	0	0
C	Marios	20	107	9	1	2_____	106775	1	0	0	0	0	0	0	0	0	1	0
C	Marios	20	107	9	1	2_____	106951	1	0	0	0	0	1	0	0	0	0	0
C	Marios	20	107	9	1	2_____	107107	1	0	0	0	0	0	0	0	0	1	0
C	Marios	20	107	9	1	2_____	107652	1	0	0	0	0	1	0	0	0	0	0
C	Marios	20	107	9	1	2_____	107659	1	0	0	0	0	0	0	0	0	1	0
C	Marios	20	107	9	1	2_____	107670	1	0	0	0	0	1	0	0	0	0	0
C	Marios	20	107	9	1	2_____	107785	1	0	0	0	0	0	0	0	0	1	0
C	Marios	20	107	9	1	2_____	107930	1	0	0	0	0	1	0	0	0	0	0
C	Marios	20	107	9	1	2_____	108000	1	2	0	0	0	0	0	0	0	0	0
C	Marios	20	107	9	1	2_____	108048	2	0	0	0	0	0	0	0	0	1	0
C	Marios	20	107	9	1	2_____	108500	2	12	0	0	0	0	0	0	0	0	0
C	Marios	20	107	9	1	2_____	109000	12	15	0	0	0	0	0	0	0	0	0
C	Marios	20	107	9	1	2_____	109074	15	0	0	0	0	1	0	0	0	0	0
C	Marios	20	107	9	1	2_____	109181	15	0	0	0	0	0	0	0	0	1	0
C	Marios	20	107	9	1	2_____	109214	15	0	0	0	0	1	0	0	0	0	0
C	Marios	20	107	9	1	2_____	109310	15	0	0	0	0	0	0	0	0	1	0
C	Marios	20	107	9	1	2_____	109444	15	0	0	0	0	1	0	0	0	0	0
C	Marios	20	107	9	1	2_____	109500	15	1	0	0	0	0	0	0	0	0	0
C	Marios	20	107	9	1	2_____	109563	1	0	0	0	0	0	0	0	0	1	0
C	Marios	20	107	9	1	2_____	109601	1	0	0	0	0	1	0	0	0	0	0
C	Marios	20	107	9	1	2_____	109763	1	0	0	0	0	0	0	0	0	1	0
C	Marios	20	107	9	1	2_____	110039	1	0	0	0	0	1	0	0	0	0	0
C	Marios	20	107	9	1	2_____	110058	1	0	0	0	0	0	0	0	0	1	0
C	Marios	20	107	9	1	2_____	110308	1	0	0	0	0	1	0	0	0	0	0
C	Marios	20	107	9	1	2_____	110422	1	0	0	0	0	0	0	0	0	1	0
C	Marios	20	107	9	1	2_____	110426	1	0	0	0	0	1	0	0	0	0	0
C	Marios	20	107	9	1	2_____	110442	1	0	0	0	0	0	0	0	0	1	0
C	Marios	20	107	9	1	2_____	110450	1	0	0	0	0	1	0	0	0	0	0
C	Marios	20	107	9	1	2_____	110454	1	0	0	0	0	0	0	0	0	1	0
C	Marios	20	107	9	1	2_____	110473	1	0	0	0	0	1	0	0	0	0	0
C	Marios	20	107	9	1	2_____	110475	1	0	0	0	0	0	0	0	0	1	0
C	Marios	20	107	9	1	2_____	110477	1	0	0	0	0	1	0	0	0	0	0
C	Marios	20	107	9	1	2_____	110512	1	0	0	0	0	0	0	0	0	1	0
C	Marios	20	107	9	1	2_____	110513	1	0	0	0	0	1	0	0	0	0	0
C	Marios	20	107	9	1	2_____	110515	1	0	0	0	0	0	0	0	0	1	0
C	Marios	20	107	9	1	2_____	110769	1	0	0	0	0	1	0	0	0	0	0
C	Marios	20	107	9	1	2_____	110899	1	0	0	0	0	0	0	0	0	1	0
C	Marios	20	107	9	1	2_____	111750	1	2	0	0	0	0	0	0	0	0	0
C	Marios	20	107	9	1	2_____	112017	2	0	0	0	0	1	0	0	0	0	0
C	Marios	20	107	9	1	2_____	112064	2	0	0	0	0	0	0	0	0	1	0
C	Marios	20	107	9	1	2_____	112250	2	13	0	0	0	0	0	0	0	0	0
C	Marios	20	107	9	1	2_____	112750	13	15	0	0	0	0	0	0	0	0	0
C	Marios	20	107	9	1	2_____	113250	15	1	0	0	0	0	0	0	0	0	0
C	Marios	20	107	9	1	2_____	113595	1	0	0	0	0	1	0	0	0	0	0
C	Marios	20	107	9	1	2_____	113664	1	0	0	0	0	0	0	0	0	1	0
C	Marios	20	107	9	1	2_____	113889	1	0	0	0	0	1	0	0	0	0	0
C	Marios	20	107	9	1	2_____	113892	1	0	0	0	0	0	0	0	0	1	0
C	Marios	20	107	9	1	2_____	113893	1	0	0	0	0	1	0	0	0	0	0
C	Marios	20	107	9	1	2_____	113910	1	0	0	0	0	0	0	0	0	1	0
C	Marios	20	107	9	1	2_____	115557	1	0	0	0	0	1	0	0	0	0	0
C	Marios	20	107	9	1	2_____	115578	1	0	0	0	0	0	0	0	0	1	0
C	Marios	20	107	9	1	2_____	115589	1	0	0	0	0	1	0	0	0	0	0
C	Marios	20	107	9	1	2_____	115700	1	0	0	0	0	0	0	0	0	1	0
C	Marios	20	107	9	1	2_____	115811	1	0	0	0	0	1	0	0	0	0	0
C	Marios	20	107	9	1	2_____	115849	1	0	0	0	0	0	0	0	0	1	0
C	Marios	20	107	9	1	2_____	115962	1	0	0	0	0	1	0	0	0	0	0
C	Marios	20	107	9	1	2_____	116017	1	0	0	0	0	0	0	0	0	1	0
C	Marios	20	107	9	1	2_____	116884	1	0	0	0	0	1	0	0	0	0	0
C	Marios	20	107	9	1	2_____	117057	1	0	0	0	0	0	0	0	0	1	0
C	Marios	20	107	9	1	2_____	117750	1	2	0	0	0	0	0	0	0	0	0
C	Marios	20	107	9	1	2_____	118250	2	12	0	0	0	0	0	0	0	0	0
C	Marios	20	107	9	1	2_____	118599	12	0	0	0	0	1	0	0	0	0	0
C	Marios	20	107	9	1	2_____	118618	12	0	0	0	0	0	0	0	0	1	0
C	Marios	20	107	9	1	2_____	118750	12	15	0	0	0	0	0	0	0	0	0
C	Marios	20	107	9	1	2_____	118924	15	0	0	0	0	1	0	0	0	0	0
C	Marios	20	107	9	1	2_____	118956	15	0	0	0	0	0	0	0	0	1	0
C	Marios	20	107	9	1	2_____	119250	15	1	0	0	0	0	0	0	0	0	0
C	Marios	20	107	9	1	2_____	121800	1	0	0	0	0	1	0	0	0	0	0
C	Marios	20	107	9	1	2_____	121894	1	0	0	0	0	0	0	0	0	1	0
C	Marios	20	107	9	1	2_____	123000	1	2	0	0	0	0	0	0	0	0	0
C	Marios	20	107	9	1	2_____	123500	2	7	0	0	0	0	0	0	0	0	0
C	Marios	20	107	9	1	2_____	123606	7	0	0	0	0	1	0	0	0	0	0
C	Marios	20	107	9	1	2_____	123664	7	0	0	0	0	0	0	0	0	1	0
C	Marios	20	107	9	1	2_____	123727	7	0	0	0	0	1	0	0	0	0	0
C	Marios	20	107	9	1	2_____	123864	7	0	0	0	0	0	0	0	0	1	0
C	Marios	20	107	9	1	2_____	123922	7	0	0	0	0	1	0	0	0	0	0
C	Marios	20	107	9	1	2_____	123986	7	0	0	0	0	0	0	0	0	1	0
C	Marios	20	107	9	1	2_____	124000	7	11	0	0	0	0	0	0	0	0	0
C	Marios	20	107	9	1	2_____	124009	11	0	0	0	0	1	0	0	0	0	0
C	Marios	20	107	9	1	2_____	124162	11	0	0	0	0	0	0	0	0	1	0
C	Marios	20	107	9	1	2_____	124478	11	0	0	0	0	1	0	0	0	0	0
C	Marios	20	107	9	1	2_____	124500	11	1	0	0	0	0	0	0	0	0	0
C	Marios	20	107	9	1	2_____	124573	1	0	0	0	0	0	0	0	0	1	0
C	Marios	20	107	9	1	2_____	124707	1	0	0	0	0	1	0	0	0	0	0
C	Marios	20	107	9	1	2_____	124754	1	0	0	0	0	0	0	0	0	1	0
C	Marios	20	107	9	1	2_____	125925	1	0	0	0	0	1	0	0	0	0	0
C	Marios	20	107	9	1	2_____	126218	1	0	0	0	0	0	0	0	0	1	0
C	Marios	20	107	9	1	2_____	126383	1	0	0	0	0	1	0	0	0	0	0
C	Marios	20	107	9	1	2_____	126484	1	0	0	0	0	0	0	0	0	1	0
C	Marios	20	107	9	1	2_____	126571	1	0	0	0	0	1	0	0	0	0	0
C	Marios	20	107	9	1	2_____	126577	1	0	0	0	0	0	0	0	0	1	0
C	Marios	20	107	9	1	2_____	127657	1	0	0	0	0	1	0	0	0	0	0
C	Marios	20	107	9	1	2_____	127849	1	0	0	0	0	0	0	0	0	1	0
C	Marios	20	107	9	1	2_____	127949	1	0	0	0	0	1	0	0	0	0	0
C	Marios	20	107	9	1	2_____	128000	1	2	0	0	0	0	0	0	0	0	0
C	Marios	20	107	9	1	2_____	128017	2	0	0	0	0	0	0	0	0	1	0
C	Marios	20	107	9	1	2_____	128500	2	12	0	0	0	0	0	0	0	0	0
C	Marios	20	107	9	1	2_____	128666	12	0	0	0	0	1	0	0	0	0	0
C	Marios	20	107	9	1	2_____	128742	12	0	0	0	0	0	0	0	0	1	0
C	Marios	20	107	9	1	2_____	129000	12	15	0	0	0	0	0	0	0	0	0
C	Marios	20	107	9	1	2_____	129294	15	0	0	0	0	1	0	0	0	0	0
C	Marios	20	107	9	1	2_____	129339	15	0	0	0	0	0	0	0	0	1	0
C	Marios	20	107	9	1	2_____	129398	15	0	0	0	0	1	0	0	0	0	0
C	Marios	20	107	9	1	2_____	129500	15	1	0	0	0	0	0	0	0	0	0
C	Marios	20	107	9	1	2_____	129504	1	0	0	0	0	0	0	0	0	1	0
C	Marios	20	107	9	1	2_____	130313	1	0	0	0	0	1	0	0	0	0	0
C	Marios	20	107	9	1	2_____	130320	1	0	0	0	0	0	0	0	0	1	0
C	Marios	20	107	9	1	2_____	130420	1	0	0	0	0	1	0	0	0	0	0
C	Marios	20	107	9	1	2_____	130429	1	0	0	0	0	0	0	0	0	1	0
C	Marios	20	107	9	1	2_____	132104	1	0	0	0	0	1	0	0	0	0	0
C	Marios	20	107	9	1	2_____	132213	1	0	0	0	0	0	0	0	0	1	0
C	Marios	20	107	9	1	2_____	132370	1	0	0	0	0	1	0	0	0	0	0
C	Marios	20	107	9	1	2_____	132493	1	0	0	0	0	0	0	0	0	1	0
C	Marios	20	107	9	1	2_____	132615	1	0	0	0	0	1	0	0	0	0	0
C	Marios	20	107	9	1	2_____	132705	1	0	0	0	0	0	0	0	0	1	0
C	Marios	20	107	9	1	2_____	132792	1	0	0	0	0	1	0	0	0	0	0
C	Marios	20	107	9	1	2_____	132815	1	0	0	0	0	0	0	0	0	1	0
C	Marios	20	107	9	1	2_____	133284	1	0	0	0	0	1	0	0	0	0	0
C	Marios	20	107	9	1	2_____	133433	1	0	0	0	0	0	0	0	0	1	0
C	Marios	20	107	9	1	2_____	133593	1	0	0	0	0	1	0	0	0	0	0
C	Marios	20	107	9	1	2_____	133683	1	0	0	0	0	0	0	0	0	1	0
C	Marios	20	107	9	1	2_____	133841	1	0	0	0	0	1	0	0	0	0	0
C	Marios	20	107	9	1	2_____	134121	1	0	0	0	0	0	0	0	0	1	0
C	Marios	20	107	9	1	2_____	134157	1	0	0	0	0	1	0	0	0	0	0
C	Marios	20	107	9	1	2_____	134293	1	0	0	0	0	0	0	0	0	1	0
C	Marios	20	107	9	1	2_____	134513	1	0	0	0	0	1	0	0	0	0	0
C	Marios	20	107	9	1	2_____	134568	1	0	0	0	0	0	0	0	0	1	0
C	Marios	20	107	9	1	2_____	134581	1	0	0	0	0	1	0	0	0	0	0
C	Marios	20	107	9	1	2_____	134600	1	0	0	0	0	0	0	0	0	1	0
C	Marios	20	107	9	1	2_____	134707	1	0	0	0	0	1	0	0	0	0	0
C	Marios	20	107	9	1	2_____	134732	1	0	0	0	0	0	0	0	0	1	0
C	Marios	20	107	9	1	2_____	135000	1	2	0	0	0	0	0	0	0	0	0
C	Marios	20	107	9	1	2_____	135135	2	0	0	0	0	1	0	0	0	0	0
C	Marios	20	107	9	1	2_____	135138	2	0	0	0	0	0	0	0	0	1	0
C	Marios	20	107	9	1	2_____	135141	2	0	0	0	0	1	0	0	0	0	0
C	Marios	20	107	9	1	2_____	135151	2	0	0	0	0	0	0	0	0	1	0
C	Marios	20	107	9	1	2_____	135500	2	6	0	0	0	0	0	0	0	0	0
C	Marios	20	107	9	1	2_____	135595	6	0	0	0	0	1	0	0	0	0	0
C	Marios	20	107	9	1	2_____	135665	6	0	0	0	0	0	0	0	0	1	0
C	Marios	20	107	9	1	2_____	135679	6	0	0	0	0	1	0	0	0	0	0
C	Marios	20	107	9	1	2_____	135742	6	0	0	0	0	0	0	0	0	1	0
C	Marios	20	107	9	1	2_____	135779	6	0	0	0	0	1	0	0	0	0	0
C	Marios	20	107	9	1	2_____	135808	6	0	0	0	0	0	0	0	0	1	0
C	Marios	20	107	9	1	2_____	135835	6	0	0	0	0	1	0	0	0	0	0
C	Marios	20	107	9	1	2_____	135877	6	0	0	0	0	0	0	0	0	1	0
C	Marios	20	107	9	1	2_____	136000	6	10	0	0	0	0	0	0	0	0	0
C	Marios	20	107	9	1	2_____	136022	10	0	0	0	0	1	0	0	0	0	0
C	Marios	20	107	9	1	2_____	136113	10	0	0	0	0	0	0	0	0	1	0
C	Marios	20	107	9	1	2_____	136324	10	0	0	0	0	1	0	0	0	0	0
C	Marios	20	107	9	1	2_____	136328	10	0	0	0	0	0	0	0	0	1	0
C	Marios	20	107	9	1	2_____	136380	10	0	0	0	0	1	0	0	0	0	0
C	Marios	20	107	9	1	2_____	136393	10	0	0	0	0	0	0	0	0	1	0
C	Marios	20	107	9	1	2_____	136500	10	1	0	0	0	0	0	0	0	0	0
C	Marios	20	107	9	1	2_____	136852	1	0	0	0	0	1	0	0	0	0	0
C	Marios	20	107	9	1	2_____	136903	1	0	0	0	0	0	0	0	0	1	0
C	Marios	20	107	9	1	2_____	140364	1	0	0	0	0	1	0	0	0	0	0
C	Marios	20	107	9	1	2_____	140497	1	0	0	0	0	0	0	0	0	1	0
C	Marios	20	107	9	1	2_____	140595	1	0	0	0	0	1	0	0	0	0	0
C	Marios	20	107	9	1	2_____	140741	1	0	0	0	0	0	0	0	0	1	0
C	Marios	20	107	9	1	2_____	140916	1	0	0	0	0	1	0	0	0	0	0
C	Marios	20	107	9	1	2_____	141019	1	0	0	0	0	0	0	0	0	1	0
C	Marios	20	107	9	1	2_____	141054	1	0	0	0	0	1	0	0	0	0	0
C	Marios	20	107	9	1	2_____	141071	1	0	0	0	0	0	0	0	0	1	0
C	Marios	20	107	9	1	2_____	141128	1	0	0	0	0	1	0	0	0	0	0
C	Marios	20	107	9	1	2_____	141130	1	0	0	0	0	0	0	0	0	1	0
C	Marios	20	107	9	1	2_____	141890	1	0	0	0	0	1	0	0	0	0	0
C	Marios	20	107	9	1	2_____	141943	1	0	0	0	0	0	0	0	0	1	0
C	Marios	20	107	9	1	2_____	142500	1	2	0	0	0	0	0	0	0	0	0
C	Marios	20	107	9	1	2_____	142907	2	0	0	0	0	1	0	0	0	0	0
C	Marios	20	107	9	1	2_____	143000	2	13	0	0	0	0	0	0	0	0	0
C	Marios	20	107	9	1	2_____	143007	13	0	0	0	0	0	0	0	0	1	0
C	Marios	20	107	9	1	2_____	143209	13	0	0	0	0	1	0	0	0	0	0
C	Marios	20	107	9	1	2_____	143271	13	0	0	0	0	0	0	0	0	1	0
C	Marios	20	107	9	1	2_____	143280	13	0	0	0	0	1	0	0	0	0	0
C	Marios	20	107	9	1	2_____	143303	13	0	0	0	0	0	0	0	0	1	0
C	Marios	20	107	9	1	2_____	143423	13	0	0	0	0	1	0	0	0	0	0
C	Marios	20	107	9	1	2_____	143500	13	15	0	0	0	0	0	0	0	0	0
C	Marios	20	107	9	1	2_____	143583	15	0	0	0	0	0	0	0	0	1	0
C	Marios	20	107	9	1	2_____	143678	15	0	0	0	0	1	0	0	0	0	0
C	Marios	20	107	9	1	2_____	143756	15	0	0	0	0	0	0	0	0	1	0
C	Marios	20	107	9	1	2_____	143771	15	0	0	0	0	1	0	0	0	0	0
C	Marios	20	107	9	1	2_____	143820	15	0	0	0	0	0	0	0	0	1	0
C	Marios	20	107	9	1	2_____	143937	15	0	0	0	0	1	0	0	0	0	0
C	Marios	20	107	9	1	2_____	144000	15	14	0	0	0	0	0	0	0	0	0
C	Marios	20	107	9	1	2_____	144035	14	0	0	0	0	0	0	0	0	1	0
C	Marios	20	107	9	1	2_____	144194	14	0	0	0	0	1	0	0	0	0	0
C	Marios	20	107	9	1	2_____	144250	14	0	0	0	0	0	0	0	0	1	0
C	Marios	20	107	9	1	2_____	144354	14	0	0	0	0	1	0	0	0	0	0
C	Marios	20	107	9	1	2_____	144394	14	0	0	0	0	0	0	0	0	1	0
C	Marios	20	107	9	1	2_____	144610	14	0	0	0	0	1	0	0	0	0	0
C	Marios	20	107	9	1	2_____	144633	14	0	0	0	0	0	0	0	0	1	0
C	Marios	20	107	9	1	2_____	144786	14	0	0	0	0	1	0	0	0	0	0
C	Marios	20	107	9	1	2_____	144796	14	0	0	0	0	0	0	0	0	1	0
C	Marios	20	107	9	1	2_____	147000	14	-1	0	0	0	0	0	0	0	0	0
C	Marios	20	107	13	1	27____	0	0	1	0	0	0	0	0	0	0	0	0
C	Marios	20	107	13	1	27____	53	1	0	0	0	0	1	0	0	0	0	0
C	Marios	20	107	13	1	27____	77	1	0	0	0	0	0	0	0	0	1	0
C	Marios	20	107	13	1	27____	88	1	0	0	0	0	1	0	0	0	0	0
C	Marios	20	107	13	1	27____	142	1	0	0	0	0	0	0	0	0	1	0
C	Marios	20	107	13	1	27____	435	1	0	0	0	0	1	0	0	0	0	0
C	Marios	20	107	13	1	27____	454	1	0	0	0	0	0	0	0	0	1	0
C	Marios	20	107	13	1	27____	681	1	0	0	0	0	1	0	0	0	0	0
C	Marios	20	107	13	1	27____	686	1	0	0	0	0	0	0	0	0	1	0
C	Marios	20	107	13	1	27____	688	1	0	0	0	0	1	0	0	0	0	0
C	Marios	20	107	13	1	27____	708	1	0	0	0	0	0	0	0	0	1	0
C	Marios	20	107	13	1	27____	1905	1	0	0	0	0	1	0	0	0	0	0
C	Marios	20	107	13	1	27____	1916	1	0	0	0	0	0	0	0	0	1	0
C	Marios	20	107	13	1	27____	2331	1	0	0	0	0	1	0	0	0	0	0
C	Marios	20	107	13	1	27____	2340	1	0	0	0	0	0	0	0	0	1	0
C	Marios	20	107	13	1	27____	2450	1	0	0	0	0	1	0	0	0	0	0
C	Marios	20	107	13	1	27____	2474	1	0	0	0	0	0	0	0	0	1	0
C	Marios	20	107	13	1	27____	2514	1	0	0	0	0	1	0	0	0	0	0
C	Marios	20	107	13	1	27____	2557	1	0	0	0	0	0	0	0	0	1	0
C	Marios	20	107	13	1	27____	5010	1	0	0	0	0	1	0	0	0	0	0
C	Marios	20	107	13	1	27____	5012	1	0	0	0	0	0	0	0	0	1	0
C	Marios	20	107	13	1	27____	5511	1	0	0	0	0	1	0	0	0	0	0
C	Marios	20	107	13	1	27____	5531	1	0	0	0	0	0	0	0	0	1	0
C	Marios	20	107	13	1	27____	5592	1	0	0	0	0	1	0	0	0	0	0
C	Marios	20	107	13	1	27____	5595	1	0	0	0	0	0	0	0	0	1	0
C	Marios	20	107	13	1	27____	6123	1	0	0	0	0	1	0	0	0	0	0
C	Marios	20	107	13	1	27____	6197	1	0	0	0	0	0	0	0	0	1	0
C	Marios	20	107	13	1	27____	6714	1	0	0	0	0	1	0	0	0	0	0
C	Marios	20	107	13	1	27____	6719	1	0	0	0	0	0	0	0	0	1	0
C	Marios	20	107	13	1	27____	7500	1	2	0	0	0	0	0	0	0	0	0
C	Marios	20	107	13	1	27____	8000	2	13	0	0	0	0	0	0	0	0	0
C	Marios	20	107	13	1	27____	8500	13	15	0	0	0	0	0	0	0	0	0
C	Marios	20	107	13	1	27____	9000	15	1	0	0	0	0	0	0	0	0	0
C	Marios	20	107	13	1	27____	9546	1	0	0	0	0	1	0	0	0	0	0
C	Marios	20	107	13	1	27____	9561	1	0	0	0	0	0	0	0	0	1	0
C	Marios	20	107	13	1	27____	10179	1	0	0	0	0	1	0	0	0	0	0
C	Marios	20	107	13	1	27____	10186	1	0	0	0	0	0	0	0	0	1	0
C	Marios	20	107	13	1	27____	11020	1	0	0	0	0	1	0	0	0	0	0
C	Marios	20	107	13	1	27____	11048	1	0	0	0	0	0	0	0	0	1	0
C	Marios	20	107	13	1	27____	11141	1	0	0	0	0	1	0	0	0	0	0
C	Marios	20	107	13	1	27____	11330	1	0	0	0	0	0	0	0	0	1	0
C	Marios	20	107	13	1	27____	11912	1	0	0	0	0	1	0	0	0	0	0
C	Marios	20	107	13	1	27____	11930	1	0	0	0	0	0	0	0	0	1	0
C	Marios	20	107	13	1	27____	12025	1	0	0	0	0	1	0	0	0	0	0
C	Marios	20	107	13	1	27____	12027	1	0	0	0	0	0	0	0	0	1	0
C	Marios	20	107	13	1	27____	12077	1	0	0	0	0	1	0	0	0	0	0
C	Marios	20	107	13	1	27____	12168	1	0	0	0	0	0	0	0	0	1	0
C	Marios	20	107	13	1	27____	12419	1	0	0	0	0	1	0	0	0	0	0
C	Marios	20	107	13	1	27____	12448	1	0	0	0	0	0	0	0	0	1	0
C	Marios	20	107	13	1	27____	12769	1	0	0	0	0	1	0	0	0	0	0
C	Marios	20	107	13	1	27____	12776	1	0	0	0	0	0	0	0	0	1	0
C	Marios	20	107	13	1	27____	15000	1	2	0	0	0	0	0	0	0	0	0
C	Marios	20	107	13	1	27____	15500	2	12	0	0	0	0	0	0	0	0	0
C	Marios	20	107	13	1	27____	16000	12	15	0	0	0	0	0	0	0	0	0
C	Marios	20	107	13	1	27____	16500	15	1	0	0	0	0	0	0	0	0	0
C	Marios	20	107	13	1	27____	16658	1	0	0	0	0	1	0	0	0	0	0
C	Marios	20	107	13	1	27____	16660	1	0	0	0	0	0	0	0	0	1	0
C	Marios	20	107	13	1	27____	17464	1	0	0	0	0	1	0	0	0	0	0
C	Marios	20	107	13	1	27____	17472	1	0	0	0	0	0	0	0	0	1	0
C	Marios	20	107	13	1	27____	18000	1	2	0	0	0	0	0	0	0	0	0
C	Marios	20	107	13	1	27____	18322	2	0	0	0	0	1	0	0	0	0	0
C	Marios	20	107	13	1	27____	18353	2	0	0	0	0	0	0	0	0	1	0
C	Marios	20	107	13	1	27____	18407	2	0	0	0	0	1	0	0	0	0	0
C	Marios	20	107	13	1	27____	18443	2	0	0	0	0	0	0	0	0	1	0
C	Marios	20	107	13	1	27____	18500	2	7	0	0	0	0	0	0	0	0	0
C	Marios	20	107	13	1	27____	19000	7	11	0	0	0	0	0	0	0	0	0
C	Marios	20	107	13	1	27____	19022	11	0	0	0	0	1	0	0	0	0	0
C	Marios	20	107	13	1	27____	19190	11	0	0	0	0	0	0	0	0	1	0
C	Marios	20	107	13	1	27____	19192	11	0	0	0	0	1	0	0	0	0	0
C	Marios	20	107	13	1	27____	19199	11	0	0	0	0	0	0	0	0	1	0
C	Marios	20	107	13	1	27____	19320	11	0	0	0	0	1	0	0	0	0	0
C	Marios	20	107	13	1	27____	19341	11	0	0	0	0	0	0	0	0	1	0
C	Marios	20	107	13	1	27____	19384	11	0	0	0	0	1	0	0	0	0	0
C	Marios	20	107	13	1	27____	19414	11	0	0	0	0	0	0	0	0	1	0
C	Marios	20	107	13	1	27____	19500	11	1	0	0	0	0	0	0	0	0	0
C	Marios	20	107	13	1	27____	20749	1	0	0	0	0	1	0	0	0	0	0
C	Marios	20	107	13	1	27____	20837	1	0	0	0	0	0	0	0	0	1	0
C	Marios	20	107	13	1	27____	21513	1	0	0	0	0	1	0	0	0	0	0
C	Marios	20	107	13	1	27____	21525	1	0	0	0	0	0	0	0	0	1	0
C	Marios	20	107	13	1	27____	21530	1	0	0	0	0	1	0	0	0	0	0
C	Marios	20	107	13	1	27____	21550	1	0	0	0	0	0	0	0	0	1	0
C	Marios	20	107	13	1	27____	21554	1	0	0	0	0	1	0	0	0	0	0
C	Marios	20	107	13	1	27____	21606	1	0	0	0	0	0	0	0	0	1	0
C	Marios	20	107	13	1	27____	21692	1	0	0	0	0	1	0	0	0	0	0
C	Marios	20	107	13	1	27____	21711	1	0	0	0	0	0	0	0	0	1	0
C	Marios	20	107	13	1	27____	22406	1	0	0	0	0	1	0	0	0	0	0
C	Marios	20	107	13	1	27____	22418	1	0	0	0	0	0	0	0	0	1	0
C	Marios	20	107	13	1	27____	22500	1	2	0	0	0	0	0	0	0	0	0
C	Marios	20	107	13	1	27____	23000	2	6	0	0	0	0	0	0	0	0	0
C	Marios	20	107	13	1	27____	23049	6	0	0	0	0	1	0	0	0	0	0
C	Marios	20	107	13	1	27____	23133	6	0	0	0	0	0	0	0	0	1	0
C	Marios	20	107	13	1	27____	23232	6	0	0	0	0	1	0	0	0	0	0
C	Marios	20	107	13	1	27____	23284	6	0	0	0	0	0	0	0	0	1	0
C	Marios	20	107	13	1	27____	23309	6	0	0	0	0	1	0	0	0	0	0
C	Marios	20	107	13	1	27____	23312	6	0	0	0	0	0	0	0	0	1	0
C	Marios	20	107	13	1	27____	23335	6	0	0	0	0	1	0	0	0	0	0
C	Marios	20	107	13	1	27____	23465	6	0	0	0	0	0	0	0	0	1	0
C	Marios	20	107	13	1	27____	23500	6	10	0	0	0	0	0	0	0	0	0
C	Marios	20	107	13	1	27____	23508	10	0	0	0	0	1	0	0	0	0	0
C	Marios	20	107	13	1	27____	23594	10	0	0	0	0	0	0	0	0	1	0
C	Marios	20	107	13	1	27____	23674	10	0	0	0	0	1	0	0	0	0	0
C	Marios	20	107	13	1	27____	23768	10	0	0	0	0	0	0	0	0	1	0
C	Marios	20	107	13	1	27____	24000	10	1	0	0	0	0	0	0	0	0	0
C	Marios	20	107	13	1	27____	24444	1	0	0	0	0	1	0	0	0	0	0
C	Marios	20	107	13	1	27____	24489	1	0	0	0	0	0	0	0	0	1	0
C	Marios	20	107	13	1	27____	24583	1	0	0	0	0	1	0	0	0	0	0
C	Marios	20	107	13	1	27____	24609	1	0	0	0	0	0	0	0	0	1	0
C	Marios	20	107	13	1	27____	25008	1	0	0	0	0	1	0	0	0	0	0
C	Marios	20	107	13	1	27____	25011	1	0	0	0	0	0	0	0	0	1	0
C	Marios	20	107	13	1	27____	27750	1	2	0	0	0	0	0	0	0	0	0
C	Marios	20	107	13	1	27____	28250	2	13	0	0	0	0	0	0	0	0	0
C	Marios	20	107	13	1	27____	28750	13	15	0	0	0	0	0	0	0	0	0
C	Marios	20	107	13	1	27____	29250	15	1	0	0	0	0	0	0	0	0	0
C	Marios	20	107	13	1	27____	29260	1	0	0	0	0	1	0	0	0	0	0
C	Marios	20	107	13	1	27____	29280	1	0	0	0	0	0	0	0	0	1	0
C	Marios	20	107	13	1	27____	29306	1	0	0	0	0	1	0	0	0	0	0
C	Marios	20	107	13	1	27____	29391	1	0	0	0	0	0	0	0	0	1	0
C	Marios	20	107	13	1	27____	29471	1	0	0	0	0	1	0	0	0	0	0
C	Marios	20	107	13	1	27____	29502	1	0	0	0	0	0	0	0	0	1	0
C	Marios	20	107	13	1	27____	29814	1	0	0	0	0	1	0	0	0	0	0
C	Marios	20	107	13	1	27____	29861	1	0	0	0	0	0	0	0	0	1	0
C	Marios	20	107	13	1	27____	30594	1	0	0	0	0	1	0	0	0	0	0
C	Marios	20	107	13	1	27____	30605	1	0	0	0	0	0	0	0	0	1	0
C	Marios	20	107	13	1	27____	30771	1	0	0	0	0	1	0	0	0	0	0
C	Marios	20	107	13	1	27____	30832	1	0	0	0	0	0	0	0	0	1	0
C	Marios	20	107	13	1	27____	30898	1	0	0	0	0	1	0	0	0	0	0
C	Marios	20	107	13	1	27____	30931	1	0	0	0	0	0	0	0	0	1	0
C	Marios	20	107	13	1	27____	31008	1	0	0	0	0	1	0	0	0	0	0
C	Marios	20	107	13	1	27____	31070	1	0	0	0	0	0	0	0	0	1	0
C	Marios	20	107	13	1	27____	33441	1	0	0	0	0	1	0	0	0	0	0
C	Marios	20	107	13	1	27____	33447	1	0	0	0	0	0	0	0	0	1	0
C	Marios	20	107	13	1	27____	33720	1	0	0	0	0	1	0	0	0	0	0
C	Marios	20	107	13	1	27____	33752	1	0	0	0	0	0	0	0	0	1	0
C	Marios	20	107	13	1	27____	33879	1	0	0	0	0	1	0	0	0	0	0
C	Marios	20	107	13	1	27____	33885	1	0	0	0	0	0	0	0	0	1	0
C	Marios	20	107	13	1	27____	34750	1	2	0	0	0	0	0	0	0	0	0
C	Marios	20	107	13	1	27____	35250	2	12	0	0	0	0	0	0	0	0	0
C	Marios	20	107	13	1	27____	35750	12	15	0	0	0	0	0	0	0	0	0
C	Marios	20	107	13	1	27____	36056	15	0	0	0	0	1	0	0	0	0	0
C	Marios	20	107	13	1	27____	36081	15	0	0	0	0	0	0	0	0	1	0
C	Marios	20	107	13	1	27____	36250	15	1	0	0	0	0	0	0	0	0	0
C	Marios	20	107	13	1	27____	37032	1	0	0	0	0	1	0	0	0	0	0
C	Marios	20	107	13	1	27____	37055	1	0	0	0	0	0	0	0	0	1	0
C	Marios	20	107	13	1	27____	38772	1	0	0	0	0	1	0	0	0	0	0
C	Marios	20	107	13	1	27____	38838	1	0	0	0	0	0	0	0	0	1	0
C	Marios	20	107	13	1	27____	39495	1	0	0	0	0	1	0	0	0	0	0
C	Marios	20	107	13	1	27____	39504	1	0	0	0	0	0	0	0	0	1	0
C	Marios	20	107	13	1	27____	39546	1	0	0	0	0	1	0	0	0	0	0
C	Marios	20	107	13	1	27____	39548	1	0	0	0	0	0	0	0	0	1	0
C	Marios	20	107	13	1	27____	39552	1	0	0	0	0	1	0	0	0	0	0
C	Marios	20	107	13	1	27____	39579	1	0	0	0	0	0	0	0	0	1	0
C	Marios	20	107	13	1	27____	39813	1	0	0	0	0	1	0	0	0	0	0
C	Marios	20	107	13	1	27____	39821	1	0	0	0	0	0	0	0	0	1	0
C	Marios	20	107	13	1	27____	41500	1	2	0	0	0	0	0	0	0	0	0
C	Marios	20	107	13	1	27____	42000	2	6	0	0	0	0	0	0	0	0	0
C	Marios	20	107	13	1	27____	42233	6	0	0	0	0	1	0	0	0	0	0
C	Marios	20	107	13	1	27____	42354	6	0	0	0	0	0	0	0	0	1	0
C	Marios	20	107	13	1	27____	42415	6	0	0	0	0	1	0	0	0	0	0
C	Marios	20	107	13	1	27____	42497	6	0	0	0	0	0	0	0	0	1	0
C	Marios	20	107	13	1	27____	42500	6	10	0	0	0	0	0	0	0	0	0
C	Marios	20	107	13	1	27____	42512	10	0	0	0	0	1	0	0	0	0	0
C	Marios	20	107	13	1	27____	42585	10	0	0	0	0	0	0	0	0	1	0
C	Marios	20	107	13	1	27____	42669	10	0	0	0	0	1	0	0	0	0	0
C	Marios	20	107	13	1	27____	42671	10	0	0	0	0	0	0	0	0	1	0
C	Marios	20	107	13	1	27____	42845	10	0	0	0	0	1	0	0	0	0	0
C	Marios	20	107	13	1	27____	42871	10	0	0	0	0	0	0	0	0	1	0
C	Marios	20	107	13	1	27____	43000	10	1	0	0	0	0	0	0	0	0	0
C	Marios	20	107	13	1	27____	45014	1	0	0	0	0	1	0	0	0	0	0
C	Marios	20	107	13	1	27____	45041	1	0	0	0	0	0	0	0	0	1	0
C	Marios	20	107	13	1	27____	45047	1	0	0	0	0	1	0	0	0	0	0
C	Marios	20	107	13	1	27____	45128	1	0	0	0	0	0	0	0	0	1	0
C	Marios	20	107	13	1	27____	46500	1	2	0	0	0	0	0	0	0	0	0
C	Marios	20	107	13	1	27____	47000	2	12	0	0	0	0	0	0	0	0	0
C	Marios	20	107	13	1	27____	47500	12	15	0	0	0	0	0	0	0	0	0
C	Marios	20	107	13	1	27____	47804	15	0	0	0	0	1	0	0	0	0	0
C	Marios	20	107	13	1	27____	47857	15	0	0	0	0	0	0	0	0	1	0
C	Marios	20	107	13	1	27____	48000	15	1	0	0	0	0	0	0	0	0	0
C	Marios	20	107	13	1	27____	49116	1	0	0	0	0	1	0	0	0	0	0
C	Marios	20	107	13	1	27____	49208	1	0	0	0	0	0	0	0	0	1	0
C	Marios	20	107	13	1	27____	49333	1	0	0	0	0	1	0	0	0	0	0
C	Marios	20	107	13	1	27____	49346	1	0	0	0	0	0	0	0	0	1	0
C	Marios	20	107	13	1	27____	49452	1	0	0	0	0	1	0	0	0	0	0
C	Marios	20	107	13	1	27____	49534	1	0	0	0	0	0	0	0	0	1	0
C	Marios	20	107	13	1	27____	49693	1	0	0	0	0	1	0	0	0	0	0
C	Marios	20	107	13	1	27____	49706	1	0	0	0	0	0	0	0	0	1	0
C	Marios	20	107	13	1	27____	50154	1	0	0	0	0	1	0	0	0	0	0
C	Marios	20	107	13	1	27____	50200	1	0	0	0	0	0	0	0	0	1	0
C	Marios	20	107	13	1	27____	52500	1	2	0	0	0	0	0	0	0	0	0
C	Marios	20	107	13	1	27____	53000	2	12	0	0	0	0	0	0	0	0	0
C	Marios	20	107	13	1	27____	53500	12	15	0	0	0	0	0	0	0	0	0
C	Marios	20	107	13	1	27____	53785	15	0	0	0	0	1	0	0	0	0	0
C	Marios	20	107	13	1	27____	53795	15	0	0	0	0	0	0	0	0	1	0
C	Marios	20	107	13	1	27____	53852	15	0	0	0	0	1	0	0	0	0	0
C	Marios	20	107	13	1	27____	53893	15	0	0	0	0	0	0	0	0	1	0
C	Marios	20	107	13	1	27____	53941	15	0	0	0	0	1	0	0	0	0	0
C	Marios	20	107	13	1	27____	53984	15	0	0	0	0	0	0	0	0	1	0
C	Marios	20	107	13	1	27____	54000	15	1	0	0	0	0	0	0	0	0	0
C	Marios	20	107	13	1	27____	54298	1	0	0	0	0	1	0	0	0	0	0
C	Marios	20	107	13	1	27____	54417	1	0	0	0	0	0	0	0	0	1	0
C	Marios	20	107	13	1	27____	54738	1	0	0	0	0	1	0	0	0	0	0
C	Marios	20	107	13	1	27____	54768	1	0	0	0	0	0	0	0	0	1	0
C	Marios	20	107	13	1	27____	57962	1	0	0	0	0	1	0	0	0	0	0
C	Marios	20	107	13	1	27____	57992	1	0	0	0	0	0	0	0	0	1	0
C	Marios	20	107	13	1	27____	58250	1	0	0	0	0	1	0	0	0	0	0
C	Marios	20	107	13	1	27____	58267	1	0	0	0	0	0	0	0	0	1	0
C	Marios	20	107	13	1	27____	58361	1	0	0	0	0	1	0	0	0	0	0
C	Marios	20	107	13	1	27____	58449	1	0	0	0	0	0	0	0	0	1	0
C	Marios	20	107	13	1	27____	60154	1	0	0	0	0	1	0	0	0	0	0
C	Marios	20	107	13	1	27____	60178	1	0	0	0	0	0	0	0	0	1	0
C	Marios	20	107	13	1	27____	60750	1	2	0	0	0	0	0	0	0	0	0
C	Marios	20	107	13	1	27____	61250	2	13	0	0	0	0	0	0	0	0	0
C	Marios	20	107	13	1	27____	61750	13	15	0	0	0	0	0	0	0	0	0
C	Marios	20	107	13	1	27____	62250	15	1	0	0	0	0	0	0	0	0	0
C	Marios	20	107	13	1	27____	63659	1	0	0	0	0	1	0	0	0	0	0
C	Marios	20	107	13	1	27____	63735	1	0	0	0	0	0	0	0	0	1	0
C	Marios	20	107	13	1	27____	64500	1	2	0	0	0	0	0	0	0	0	0
C	Marios	20	107	13	1	27____	64755	2	0	0	0	0	1	0	0	0	0	0
C	Marios	20	107	13	1	27____	64771	2	0	0	0	0	0	0	0	0	1	0
C	Marios	20	107	13	1	27____	65000	2	13	0	0	0	0	0	0	0	0	0
C	Marios	20	107	13	1	27____	65500	13	15	0	0	0	0	0	0	0	0	0
C	Marios	20	107	13	1	27____	66000	15	1	0	0	0	0	0	0	0	0	0
C	Marios	20	107	13	1	27____	66656	1	0	0	0	0	1	0	0	0	0	0
C	Marios	20	107	13	1	27____	66668	1	0	0	0	0	0	0	0	0	1	0
C	Marios	20	107	13	1	27____	66728	1	0	0	0	0	1	0	0	0	0	0
C	Marios	20	107	13	1	27____	66795	1	0	0	0	0	0	0	0	0	1	0
C	Marios	20	107	13	1	27____	68105	1	0	0	0	0	1	0	0	0	0	0
C	Marios	20	107	13	1	27____	68107	1	0	0	0	0	0	0	0	0	1	0
C	Marios	20	107	13	1	27____	70500	1	2	0	0	0	0	0	0	0	0	0
C	Marios	20	107	13	1	27____	70545	2	0	0	0	0	1	0	0	0	0	0
C	Marios	20	107	13	1	27____	70589	2	0	0	0	0	0	0	0	0	1	0
C	Marios	20	107	13	1	27____	70754	2	0	0	0	0	1	0	0	0	0	0
C	Marios	20	107	13	1	27____	70861	2	0	0	0	0	0	0	0	0	1	0
C	Marios	20	107	13	1	27____	71000	2	7	0	0	0	0	0	0	0	0	0
C	Marios	20	107	13	1	27____	71087	7	0	0	0	0	1	0	0	0	0	0
C	Marios	20	107	13	1	27____	71249	7	0	0	0	0	0	0	0	0	1	0
C	Marios	20	107	13	1	27____	71266	7	0	0	0	0	1	0	0	0	0	0
C	Marios	20	107	13	1	27____	71413	7	0	0	0	0	0	0	0	0	1	0
C	Marios	20	107	13	1	27____	71496	7	0	0	0	0	1	0	0	0	0	0
C	Marios	20	107	13	1	27____	71500	7	11	0	0	0	0	0	0	0	0	0
C	Marios	20	107	13	1	27____	71592	11	0	0	0	0	0	0	0	0	1	0
C	Marios	20	107	13	1	27____	71659	11	0	0	0	0	1	0	0	0	0	0
C	Marios	20	107	13	1	27____	71761	11	0	0	0	0	0	0	0	0	1	0
C	Marios	20	107	13	1	27____	71793	11	0	0	0	0	1	0	0	0	0	0
C	Marios	20	107	13	1	27____	71871	11	0	0	0	0	0	0	0	0	1	0
C	Marios	20	107	13	1	27____	72000	11	1	0	0	0	0	0	0	0	0	0
C	Marios	20	107	13	1	27____	73500	1	2	0	0	0	0	0	0	0	0	0
C	Marios	20	107	13	1	27____	74000	2	12	0	0	0	0	0	0	0	0	0
C	Marios	20	107	13	1	27____	74444	12	0	0	0	0	1	0	0	0	0	0
C	Marios	20	107	13	1	27____	74446	12	0	0	0	0	0	0	0	0	1	0
C	Marios	20	107	13	1	27____	74500	12	15	0	0	0	0	0	0	0	0	0
C	Marios	20	107	13	1	27____	74855	15	0	0	0	0	1	0	0	0	0	0
C	Marios	20	107	13	1	27____	74916	15	0	0	0	0	0	0	0	0	1	0
C	Marios	20	107	13	1	27____	75000	15	1	0	0	0	0	0	0	0	0	0
C	Marios	20	107	13	1	27____	75306	1	0	0	0	0	1	0	0	0	0	0
C	Marios	20	107	13	1	27____	75341	1	0	0	0	0	0	0	0	0	1	0
C	Marios	20	107	13	1	27____	81357	1	0	0	0	0	1	0	0	0	0	0
C	Marios	20	107	13	1	27____	81359	1	0	0	0	0	0	0	0	0	1	0
C	Marios	20	107	13	1	27____	81360	1	0	0	0	0	1	0	0	0	0	0
C	Marios	20	107	13	1	27____	81364	1	0	0	0	0	0	0	0	0	1	0
C	Marios	20	107	13	1	27____	81416	1	0	0	0	0	1	0	0	0	0	0
C	Marios	20	107	13	1	27____	81487	1	0	0	0	0	0	0	0	0	1	0
C	Marios	20	107	13	1	27____	82500	1	2	0	0	0	0	0	0	0	0	0
C	Marios	20	107	13	1	27____	83000	2	6	0	0	0	0	0	0	0	0	0
C	Marios	20	107	13	1	27____	83360	6	0	0	0	0	1	0	0	0	0	0
C	Marios	20	107	13	1	27____	83500	6	10	0	0	0	0	0	0	0	0	0
C	Marios	20	107	13	1	27____	83606	10	0	0	0	0	0	0	0	0	1	0
C	Marios	20	107	13	1	27____	83673	10	0	0	0	0	1	0	0	0	0	0
C	Marios	20	107	13	1	27____	83843	10	0	0	0	0	0	0	0	0	1	0
C	Marios	20	107	13	1	27____	84000	10	1	0	0	0	0	0	0	0	0	0
C	Marios	20	107	13	1	27____	84113	1	0	0	0	0	1	0	0	0	0	0
C	Marios	20	107	13	1	27____	84121	1	0	0	0	0	0	0	0	0	1	0
C	Marios	20	107	13	1	27____	84137	1	0	0	0	0	1	0	0	0	0	0
C	Marios	20	107	13	1	27____	84141	1	0	0	0	0	0	0	0	0	1	0
C	Marios	20	107	13	1	27____	84528	1	0	0	0	0	1	0	0	0	0	0
C	Marios	20	107	13	1	27____	84676	1	0	0	0	0	0	0	0	0	1	0
C	Marios	20	107	13	1	27____	85844	1	0	0	0	0	1	0	0	0	0	0
C	Marios	20	107	13	1	27____	85858	1	0	0	0	0	0	0	0	0	1	0
C	Marios	20	107	13	1	27____	87616	1	0	0	0	0	1	0	0	0	0	0
C	Marios	20	107	13	1	27____	87716	1	0	0	0	0	0	0	0	0	1	0
C	Marios	20	107	13	1	27____	88581	1	0	0	0	0	1	0	0	0	0	0
C	Marios	20	107	13	1	27____	88622	1	0	0	0	0	0	0	0	0	1	0
C	Marios	20	107	13	1	27____	88630	1	0	0	0	0	1	0	0	0	0	0
C	Marios	20	107	13	1	27____	88704	1	0	0	0	0	0	0	0	0	1	0
C	Marios	20	107	13	1	27____	88923	1	0	0	0	0	1	0	0	0	0	0
C	Marios	20	107	13	1	27____	89053	1	0	0	0	0	0	0	0	0	1	0
C	Marios	20	107	13	1	27____	89500	1	2	0	0	0	0	0	0	0	0	0
C	Marios	20	107	13	1	27____	90000	2	7	0	0	0	0	0	0	0	0	0
C	Marios	20	107	13	1	27____	90500	7	11	0	0	0	0	0	0	0	0	0
C	Marios	20	107	13	1	27____	90604	11	0	0	0	0	1	0	0	0	0	0
C	Marios	20	107	13	1	27____	90671	11	0	0	0	0	0	0	0	0	1	0
C	Marios	20	107	13	1	27____	90678	11	0	0	0	0	1	0	0	0	0	0
C	Marios	20	107	13	1	27____	90686	11	0	0	0	0	0	0	0	0	1	0
C	Marios	20	107	13	1	27____	90712	11	0	0	0	0	1	0	0	0	0	0
C	Marios	20	107	13	1	27____	90714	11	0	0	0	0	0	0	0	0	1	0
C	Marios	20	107	13	1	27____	90716	11	0	0	0	0	1	0	0	0	0	0
C	Marios	20	107	13	1	27____	90754	11	0	0	0	0	0	0	0	0	1	0
C	Marios	20	107	13	1	27____	90795	11	0	0	0	0	1	0	0	0	0	0
C	Marios	20	107	13	1	27____	90797	11	0	0	0	0	0	0	0	0	1	0
C	Marios	20	107	13	1	27____	90802	11	0	0	0	0	1	0	0	0	0	0
C	Marios	20	107	13	1	27____	90913	11	0	0	0	0	0	0	0	0	1	0
C	Marios	20	107	13	1	27____	91000	11	1	0	0	0	0	0	0	0	0	0
C	Marios	20	107	13	1	27____	91446	1	0	0	0	0	1	0	0	0	0	0
C	Marios	20	107	13	1	27____	91450	1	0	0	0	0	0	0	0	0	1	0
C	Marios	20	107	13	1	27____	93445	1	0	0	0	0	1	0	0	0	0	0
C	Marios	20	107	13	1	27____	93471	1	0	0	0	0	0	0	0	0	1	0
C	Marios	20	107	13	1	27____	94000	1	2	0	0	0	0	0	0	0	0	0
C	Marios	20	107	13	1	27____	94109	2	0	0	0	0	1	0	0	0	0	0
C	Marios	20	107	13	1	27____	94198	2	0	0	0	0	0	0	0	0	1	0
C	Marios	20	107	13	1	27____	94500	2	13	0	0	0	0	0	0	0	0	0
C	Marios	20	107	13	1	27____	94673	13	0	0	0	0	1	0	0	0	0	0
C	Marios	20	107	13	1	27____	94837	13	0	0	0	0	0	0	0	0	1	0
C	Marios	20	107	13	1	27____	94878	13	0	0	0	0	1	0	0	0	0	0
C	Marios	20	107	13	1	27____	94972	13	0	0	0	0	0	0	0	0	1	0
C	Marios	20	107	13	1	27____	95000	13	15	0	0	0	0	0	0	0	0	0
C	Marios	20	107	13	1	27____	95087	15	0	0	0	0	1	0	0	0	0	0
C	Marios	20	107	13	1	27____	95112	15	0	0	0	0	0	0	0	0	1	0
C	Marios	20	107	13	1	27____	95173	15	0	0	0	0	1	0	0	0	0	0
C	Marios	20	107	13	1	27____	95245	15	0	0	0	0	0	0	0	0	1	0
C	Marios	20	107	13	1	27____	95425	15	0	0	0	0	1	0	0	0	0	0
C	Marios	20	107	13	1	27____	95500	15	1	0	0	0	0	0	0	0	0	0
C	Marios	20	107	13	1	27____	95502	1	0	0	0	0	0	0	0	0	1	0
C	Marios	20	107	13	1	27____	95758	1	0	0	0	0	1	0	0	0	0	0
C	Marios	20	107	13	1	27____	95870	1	0	0	0	0	0	0	0	0	1	0
C	Marios	20	107	13	1	27____	96747	1	0	0	0	0	1	0	0	0	0	0
C	Marios	20	107	13	1	27____	96761	1	0	0	0	0	0	0	0	0	1	0
C	Marios	20	107	13	1	27____	96849	1	0	0	0	0	1	0	0	0	0	0
C	Marios	20	107	13	1	27____	96906	1	0	0	0	0	0	0	0	0	1	0
C	Marios	20	107	13	1	27____	97007	1	0	0	0	0	1	0	0	0	0	0
C	Marios	20	107	13	1	27____	97092	1	0	0	0	0	0	0	0	0	1	0
C	Marios	20	107	13	1	27____	97206	1	0	0	0	0	1	0	0	0	0	0
C	Marios	20	107	13	1	27____	97423	1	0	0	0	0	0	0	0	0	1	0
C	Marios	20	107	13	1	27____	97829	1	0	0	0	0	1	0	0	0	0	0
C	Marios	20	107	13	1	27____	97979	1	0	0	0	0	0	0	0	0	1	0
C	Marios	20	107	13	1	27____	98207	1	0	0	0	0	1	0	0	0	0	0
C	Marios	20	107	13	1	27____	98398	1	0	0	0	0	0	0	0	0	1	0
C	Marios	20	107	13	1	27____	98698	1	0	0	0	0	1	0	0	0	0	0
C	Marios	20	107	13	1	27____	99052	1	0	0	0	0	0	0	0	0	1	0
C	Marios	20	107	13	1	27____	99250	1	2	0	0	0	0	0	0	0	0	0
C	Marios	20	107	13	1	27____	99729	2	0	0	0	0	1	0	0	0	0	0
C	Marios	20	107	13	1	27____	99741	2	0	0	0	0	0	0	0	0	1	0
C	Marios	20	107	13	1	27____	99750	2	13	0	0	0	0	0	0	0	0	0
C	Marios	20	107	13	1	27____	100250	13	15	0	0	0	0	0	0	0	0	0
C	Marios	20	107	13	1	27____	100584	15	0	0	0	0	1	0	0	0	0	0
C	Marios	20	107	13	1	27____	100589	15	0	0	0	0	0	0	0	0	1	0
C	Marios	20	107	13	1	27____	100750	15	1	0	0	0	0	0	0	0	0	0
C	Marios	20	107	13	1	27____	101158	1	0	0	0	0	1	0	0	0	0	0
C	Marios	20	107	13	1	27____	101187	1	0	0	0	0	0	0	0	0	1	0
C	Marios	20	107	13	1	27____	101963	1	0	0	0	0	1	0	0	0	0	0
C	Marios	20	107	13	1	27____	102163	1	0	0	0	0	0	0	0	0	1	0
C	Marios	20	107	13	1	27____	102319	1	0	0	0	0	1	0	0	0	0	0
C	Marios	20	107	13	1	27____	102376	1	0	0	0	0	0	0	0	0	1	0
C	Marios	20	107	13	1	27____	105414	1	0	0	0	0	1	0	0	0	0	0
C	Marios	20	107	13	1	27____	105417	1	0	0	0	0	0	0	0	0	1	0
C	Marios	20	107	13	1	27____	105420	1	0	0	0	0	1	0	0	0	0	0
C	Marios	20	107	13	1	27____	105422	1	0	0	0	0	0	0	0	0	1	0
C	Marios	20	107	13	1	27____	105437	1	0	0	0	0	1	0	0	0	0	0
C	Marios	20	107	13	1	27____	105439	1	0	0	0	0	0	0	0	0	1	0
C	Marios	20	107	13	1	27____	105454	1	0	0	0	0	1	0	0	0	0	0
C	Marios	20	107	13	1	27____	105572	1	0	0	0	0	0	0	0	0	1	0
C	Marios	20	107	13	1	27____	106750	1	2	0	0	0	0	0	0	0	0	0
C	Marios	20	107	13	1	27____	106919	2	0	0	0	0	1	0	0	0	0	0
C	Marios	20	107	13	1	27____	107095	2	0	0	0	0	0	0	0	0	1	0
C	Marios	20	107	13	1	27____	107236	2	0	0	0	0	1	0	0	0	0	0
C	Marios	20	107	13	1	27____	107250	2	12	0	0	0	0	0	0	0	0	0
C	Marios	20	107	13	1	27____	107255	12	0	0	0	0	0	0	0	0	1	0
C	Marios	20	107	13	1	27____	107307	12	0	0	0	0	1	0	0	0	0	0
C	Marios	20	107	13	1	27____	107455	12	0	0	0	0	0	0	0	0	1	0
C	Marios	20	107	13	1	27____	107596	12	0	0	0	0	1	0	0	0	0	0
C	Marios	20	107	13	1	27____	107666	12	0	0	0	0	0	0	0	0	1	0
C	Marios	20	107	13	1	27____	107715	12	0	0	0	0	1	0	0	0	0	0
C	Marios	20	107	13	1	27____	107750	12	15	0	0	0	0	0	0	0	0	0
C	Marios	20	107	13	1	27____	107863	15	0	0	0	0	0	0	0	0	1	0
C	Marios	20	107	13	1	27____	108250	15	1	0	0	0	0	0	0	0	0	0
C	Marios	20	107	13	1	27____	108253	1	0	0	0	0	1	0	0	0	0	0
C	Marios	20	107	13	1	27____	108257	1	0	0	0	0	0	0	0	0	1	0
C	Marios	20	107	13	1	27____	110500	1	2	0	0	0	0	0	0	0	0	0
C	Marios	20	107	13	1	27____	110745	2	0	0	0	0	1	0	0	0	0	0
C	Marios	20	107	13	1	27____	110882	2	0	0	0	0	0	0	0	0	1	0
C	Marios	20	107	13	1	27____	111000	2	13	0	0	0	0	0	0	0	0	0
C	Marios	20	107	13	1	27____	111060	13	0	0	0	0	1	0	0	0	0	0
C	Marios	20	107	13	1	27____	111068	13	0	0	0	0	0	0	0	0	1	0
C	Marios	20	107	13	1	27____	111101	13	0	0	0	0	1	0	0	0	0	0
C	Marios	20	107	13	1	27____	111192	13	0	0	0	0	0	0	0	0	1	0
C	Marios	20	107	13	1	27____	111500	13	15	0	0	0	0	0	0	0	0	0
C	Marios	20	107	13	1	27____	111777	15	0	0	0	0	1	0	0	0	0	0
C	Marios	20	107	13	1	27____	111937	15	0	0	0	0	0	0	0	0	1	0
C	Marios	20	107	13	1	27____	112000	15	1	0	0	0	0	0	0	0	0	0
C	Marios	20	107	13	1	27____	112133	1	0	0	0	0	1	0	0	0	0	0
C	Marios	20	107	13	1	27____	112370	1	0	0	0	0	0	0	0	0	1	0
C	Marios	20	107	13	1	27____	112371	1	0	0	0	0	1	0	0	0	0	0
C	Marios	20	107	13	1	27____	112391	1	0	0	0	0	0	0	0	0	1	0
C	Marios	20	107	13	1	27____	112397	1	0	0	0	0	1	0	0	0	0	0
C	Marios	20	107	13	1	27____	112443	1	0	0	0	0	0	0	0	0	1	0
C	Marios	20	107	13	1	27____	114097	1	0	0	0	0	1	0	0	0	0	0
C	Marios	20	107	13	1	27____	114125	1	0	0	0	0	0	0	0	0	1	0
C	Marios	20	107	13	1	27____	117250	1	2	0	0	0	0	0	0	0	0	0
C	Marios	20	107	13	1	27____	117750	2	12	0	0	0	0	0	0	0	0	0
C	Marios	20	107	13	1	27____	118250	12	15	0	0	0	0	0	0	0	0	0
C	Marios	20	107	13	1	27____	118454	15	0	0	0	0	1	0	0	0	0	0
C	Marios	20	107	13	1	27____	118531	15	0	0	0	0	0	0	0	0	1	0
C	Marios	20	107	13	1	27____	118712	15	0	0	0	0	1	0	0	0	0	0
C	Marios	20	107	13	1	27____	118750	15	1	0	0	0	0	0	0	0	0	0
C	Marios	20	107	13	1	27____	118848	1	0	0	0	0	0	0	0	0	1	0
C	Marios	20	107	13	1	27____	118852	1	0	0	0	0	1	0	0	0	0	0
C	Marios	20	107	13	1	27____	118914	1	0	0	0	0	0	0	0	0	1	0
C	Marios	20	107	13	1	27____	119132	1	0	0	0	0	1	0	0	0	0	0
C	Marios	20	107	13	1	27____	119170	1	0	0	0	0	0	0	0	0	1	0
C	Marios	20	107	13	1	27____	119389	1	0	0	0	0	1	0	0	0	0	0
C	Marios	20	107	13	1	27____	119454	1	0	0	0	0	0	0	0	0	1	0
C	Marios	20	107	13	1	27____	120994	1	0	0	0	0	1	0	0	0	0	0
C	Marios	20	107	13	1	27____	121072	1	0	0	0	0	0	0	0	0	1	0
C	Marios	20	107	13	1	27____	123250	1	2	0	0	0	0	0	0	0	0	0
C	Marios	20	107	13	1	27____	123750	2	6	0	0	0	0	0	0	0	0	0
C	Marios	20	107	13	1	27____	124155	6	0	0	0	0	1	0	0	0	0	0
C	Marios	20	107	13	1	27____	124250	6	10	0	0	0	0	0	0	0	0	0
C	Marios	20	107	13	1	27____	124330	10	0	0	0	0	0	0	0	0	1	0
C	Marios	20	107	13	1	27____	124464	10	0	0	0	0	1	0	0	0	0	0
C	Marios	20	107	13	1	27____	124549	10	0	0	0	0	0	0	0	0	1	0
C	Marios	20	107	13	1	27____	124585	10	0	0	0	0	1	0	0	0	0	0
C	Marios	20	107	13	1	27____	124632	10	0	0	0	0	0	0	0	0	1	0
C	Marios	20	107	13	1	27____	124735	10	0	0	0	0	1	0	0	0	0	0
C	Marios	20	107	13	1	27____	124750	10	1	0	0	0	0	0	0	0	0	0
C	Marios	20	107	13	1	27____	124752	1	0	0	0	0	0	0	0	0	1	0
C	Marios	20	107	13	1	27____	124756	1	0	0	0	0	1	0	0	0	0	0
C	Marios	20	107	13	1	27____	124758	1	0	0	0	0	0	0	0	0	1	0
C	Marios	20	107	13	1	27____	127961	1	0	0	0	0	1	0	0	0	0	0
C	Marios	20	107	13	1	27____	128097	1	0	0	0	0	0	0	0	0	1	0
C	Marios	20	107	13	1	27____	128981	1	0	0	0	0	1	0	0	0	0	0
C	Marios	20	107	13	1	27____	129092	1	0	0	0	0	0	0	0	0	1	0
C	Marios	20	107	13	1	27____	129250	1	2	0	0	0	0	0	0	0	0	0
C	Marios	20	107	13	1	27____	129750	2	12	0	0	0	0	0	0	0	0	0
C	Marios	20	107	13	1	27____	130250	12	15	0	0	0	0	0	0	0	0	0
C	Marios	20	107	13	1	27____	130723	15	0	0	0	0	1	0	0	0	0	0
C	Marios	20	107	13	1	27____	130734	15	0	0	0	0	0	0	0	0	1	0
C	Marios	20	107	13	1	27____	130742	15	0	0	0	0	1	0	0	0	0	0
C	Marios	20	107	13	1	27____	130750	15	1	0	0	0	0	0	0	0	0	0
C	Marios	20	107	13	1	27____	130839	1	0	0	0	0	0	0	0	0	1	0
C	Marios	20	107	13	1	27____	132125	1	0	0	0	0	1	0	0	0	0	0
C	Marios	20	107	13	1	27____	132166	1	0	0	0	0	0	0	0	0	1	0
C	Marios	20	107	13	1	27____	133235	1	0	0	0	0	1	0	0	0	0	0
C	Marios	20	107	13	1	27____	133255	1	0	0	0	0	0	0	0	0	1	0
C	Marios	20	107	13	1	27____	135014	1	0	0	0	0	1	0	0	0	0	0
C	Marios	20	107	13	1	27____	135023	1	0	0	0	0	0	0	0	0	1	0
C	Marios	20	107	13	1	27____	136434	1	0	0	0	0	1	0	0	0	0	0
C	Marios	20	107	13	1	27____	136482	1	0	0	0	0	0	0	0	0	1	0
C	Marios	20	107	13	1	27____	137500	1	2	0	0	0	0	0	0	0	0	0
C	Marios	20	107	13	1	27____	138000	2	13	0	0	0	0	0	0	0	0	0
C	Marios	20	107	13	1	27____	138500	13	15	0	0	0	0	0	0	0	0	0
C	Marios	20	107	13	1	27____	139000	15	1	0	0	0	0	0	0	0	0	0
C	Marios	20	107	13	1	27____	142500	1	2	0	0	0	0	0	0	0	0	0
C	Marios	20	107	13	1	27____	143000	2	7	0	0	0	0	0	0	0	0	0
C	Marios	20	107	13	1	27____	143187	7	0	0	0	0	1	0	0	0	0	0
C	Marios	20	107	13	1	27____	143284	7	0	0	0	0	0	0	0	0	1	0
C	Marios	20	107	13	1	27____	143345	7	0	0	0	0	1	0	0	0	0	0
C	Marios	20	107	13	1	27____	143349	7	0	0	0	0	0	0	0	0	1	0
C	Marios	20	107	13	1	27____	143411	7	0	0	0	0	1	0	0	0	0	0
C	Marios	20	107	13	1	27____	143437	7	0	0	0	0	0	0	0	0	1	0
C	Marios	20	107	13	1	27____	143500	7	11	0	0	0	0	0	0	0	0	0
C	Marios	20	107	13	1	27____	143502	11	0	0	0	0	1	0	0	0	0	0
C	Marios	20	107	13	1	27____	143504	11	0	0	0	0	0	0	0	0	1	0
C	Marios	20	107	13	1	27____	143516	11	0	0	0	0	1	0	0	0	0	0
C	Marios	20	107	13	1	27____	143588	11	0	0	0	0	0	0	0	0	1	0
C	Marios	20	107	13	1	27____	143606	11	0	0	0	0	1	0	0	0	0	0
C	Marios	20	107	13	1	27____	143609	11	0	0	0	0	0	0	0	0	1	0
C	Marios	20	107	13	1	27____	143614	11	0	0	0	0	1	0	0	0	0	0
C	Marios	20	107	13	1	27____	143673	11	0	0	0	0	0	0	0	0	1	0
C	Marios	20	107	13	1	27____	143674	11	0	0	0	0	1	0	0	0	0	0
C	Marios	20	107	13	1	27____	143685	11	0	0	0	0	0	0	0	0	1	0
C	Marios	20	107	13	1	27____	143699	11	0	0	0	0	1	0	0	0	0	0
C	Marios	20	107	13	1	27____	143701	11	0	0	0	0	0	0	0	0	1	0
C	Marios	20	107	13	1	27____	143705	11	0	0	0	0	1	0	0	0	0	0
C	Marios	20	107	13	1	27____	143807	11	0	0	0	0	0	0	0	0	1	0
C	Marios	20	107	13	1	27____	143808	11	0	0	0	0	1	0	0	0	0	0
C	Marios	20	107	13	1	27____	143811	11	0	0	0	0	0	0	0	0	1	0
C	Marios	20	107	13	1	27____	143820	11	0	0	0	0	1	0	0	0	0	0
C	Marios	20	107	13	1	27____	143822	11	0	0	0	0	0	0	0	0	1	0
C	Marios	20	107	13	1	27____	143829	11	0	0	0	0	1	0	0	0	0	0
C	Marios	20	107	13	1	27____	143832	11	0	0	0	0	0	0	0	0	1	0
C	Marios	20	107	13	1	27____	143839	11	0	0	0	0	1	0	0	0	0	0
C	Marios	20	107	13	1	27____	143842	11	0	0	0	0	0	0	0	0	1	0
C	Marios	20	107	13	1	27____	143850	11	0	0	0	0	1	0	0	0	0	0
C	Marios	20	107	13	1	27____	143853	11	0	0	0	0	0	0	0	0	1	0
C	Marios	20	107	13	1	27____	143860	11	0	0	0	0	1	0	0	0	0	0
C	Marios	20	107	13	1	27____	143862	11	0	0	0	0	0	0	0	0	1	0
C	Marios	20	107	13	1	27____	143870	11	0	0	0	0	1	0	0	0	0	0
C	Marios	20	107	13	1	27____	143872	11	0	0	0	0	0	0	0	0	1	0
C	Marios	20	107	13	1	27____	143876	11	0	0	0	0	1	0	0	0	0	0
C	Marios	20	107	13	1	27____	143881	11	0	0	0	0	0	0	0	0	1	0
C	Marios	20	107	13	1	27____	143882	11	0	0	0	0	1	0	0	0	0	0
C	Marios	20	107	13	1	27____	143891	11	0	0	0	0	0	0	0	0	1	0
C	Marios	20	107	13	1	27____	143895	11	0	0	0	0	1	0	0	0	0	0
C	Marios	20	107	13	1	27____	143896	11	0	0	0	0	0	0	0	0	1	0
C	Marios	20	107	13	1	27____	143903	11	0	0	0	0	1	0	0	0	0	0
C	Marios	20	107	13	1	27____	143905	11	0	0	0	0	0	0	0	0	1	0
C	Marios	20	107	13	1	27____	143906	11	0	0	0	0	1	0	0	0	0	0
C	Marios	20	107	13	1	27____	143972	11	0	0	0	0	0	0	0	0	1	0
C	Marios	20	107	13	1	27____	144000	11	14	0	0	0	0	0	0	0	0	0
C	Marios	20	107	13	1	27____	144167	14	0	0	0	0	1	0	0	0	0	0
C	Marios	20	107	13	1	27____	144250	14	0	0	0	0	0	0	0	0	1	0
C	Marios	20	107	13	1	27____	144873	14	0	0	0	0	1	0	0	0	0	0
C	Marios	20	107	13	1	27____	144880	14	0	0	0	0	0	0	0	0	1	0
C	Marios	20	107	13	1	27____	144999	14	0	0	0	0	1	0	0	0	0	0
C	Marios	20	107	13	1	27____	145002	14	0	0	0	0	0	0	0	0	1	0
C	Marios	20	107	13	1	27____	145257	14	0	0	0	0	1	0	0	0	0	0
C	Marios	20	107	13	1	27____	145296	14	0	0	0	0	0	0	0	0	1	0
C	Marios	20	107	13	1	27____	145334	14	0	0	0	0	1	0	0	0	0	0
C	Marios	20	107	13	1	27____	145464	14	0	0	0	0	0	0	0	0	1	0
C	Marios	20	107	13	1	27____	146024	14	0	0	0	0	1	0	0	0	0	0
C	Marios	20	107	13	1	27____	146029	14	0	0	0	0	0	0	0	0	1	0
C	Marios	20	107	13	1	27____	147000	14	-1	0	0	0	0	0	0	0	0	0
