Project	UserID	Protocol	Session	Station	Run	Subject	Time	Current State	Transition State	Transition Event	A1 - LLR	A2 - RLR	A3 - MAG	A4 - 	A[1] LLR_OFF	A[2] RLR_OFF	A[3] MAG_OFF	A[4] 
C	Marios	25	108	9	1	8_____	0	0	1	0	0	0	0	0	0	0	0	0
C	Marios	25	108	9	1	8_____	20	1	0	0	0	0	0	0	0	0	1	0
C	Marios	25	108	9	1	8_____	1419	1	0	0	0	0	1	0	0	0	0	0
C	Marios	25	108	9	1	8_____	1434	1	0	0	0	0	0	0	0	0	1	0
C	Marios	25	108	9	1	8_____	1442	1	0	0	0	0	1	0	0	0	0	0
C	Marios	25	108	9	1	8_____	1447	1	0	0	0	0	0	0	0	0	1	0
C	Marios	25	108	9	1	8_____	1477	1	0	0	0	0	1	0	0	0	0	0
C	Marios	25	108	9	1	8_____	1575	1	0	0	0	0	0	0	0	0	1	0
C	Marios	25	108	9	1	8_____	1687	1	0	0	0	0	1	0	0	0	0	0
C	Marios	25	108	9	1	8_____	1697	1	0	0	0	0	0	0	0	0	1	0
C	Marios	25	108	9	1	8_____	1700	1	0	0	0	0	1	0	0	0	0	0
C	Marios	25	108	9	1	8_____	1751	1	0	0	0	0	0	0	0	0	1	0
C	Marios	25	108	9	1	8_____	1755	1	0	0	0	0	1	0	0	0	0	0
C	Marios	25	108	9	1	8_____	1758	1	0	0	0	0	0	0	0	0	1	0
C	Marios	25	108	9	1	8_____	2250	1	2	0	0	0	0	0	0	0	0	0
C	Marios	25	108	9	1	8_____	2750	2	7	0	0	0	0	0	0	0	0	0
C	Marios	25	108	9	1	8_____	2864	7	0	0	0	0	1	0	0	0	0	0
C	Marios	25	108	9	1	8_____	2874	7	0	0	0	0	0	0	0	0	1	0
C	Marios	25	108	9	1	8_____	3250	7	10	0	0	0	0	0	0	0	0	0
C	Marios	25	108	9	1	8_____	3295	10	0	0	0	0	1	0	0	0	0	0
C	Marios	25	108	9	1	8_____	3403	10	0	0	0	0	0	0	0	0	1	0
C	Marios	25	108	9	1	8_____	3750	10	1	0	0	0	0	0	0	0	0	0
C	Marios	25	108	9	1	8_____	4006	1	0	0	0	0	1	0	0	0	0	0
C	Marios	25	108	9	1	8_____	4322	1	0	0	0	0	0	0	0	0	1	0
C	Marios	25	108	9	1	8_____	4432	1	0	0	0	0	1	0	0	0	0	0
C	Marios	25	108	9	1	8_____	4505	1	0	0	0	0	0	0	0	0	1	0
C	Marios	25	108	9	1	8_____	5550	1	0	0	0	0	1	0	0	0	0	0
C	Marios	25	108	9	1	8_____	5918	1	0	0	0	0	0	0	0	0	1	0
C	Marios	25	108	9	1	8_____	5963	1	0	0	0	0	1	0	0	0	0	0
C	Marios	25	108	9	1	8_____	6062	1	0	0	0	0	0	0	0	0	1	0
C	Marios	25	108	9	1	8_____	6064	1	0	0	0	0	1	0	0	0	0	0
C	Marios	25	108	9	1	8_____	6125	1	0	0	0	0	0	0	0	0	1	0
C	Marios	25	108	9	1	8_____	6146	1	0	0	0	0	1	0	0	0	0	0
C	Marios	25	108	9	1	8_____	6157	1	0	0	0	0	0	0	0	0	1	0
C	Marios	25	108	9	1	8_____	6225	1	0	0	0	0	1	0	0	0	0	0
C	Marios	25	108	9	1	8_____	6358	1	0	0	0	0	0	0	0	0	1	0
C	Marios	25	108	9	1	8_____	6387	1	0	0	0	0	1	0	0	0	0	0
C	Marios	25	108	9	1	8_____	6401	1	0	0	0	0	0	0	0	0	1	0
C	Marios	25	108	9	1	8_____	6466	1	0	0	0	0	1	0	0	0	0	0
C	Marios	25	108	9	1	8_____	6480	1	0	0	0	0	0	0	0	0	1	0
C	Marios	25	108	9	1	8_____	6752	1	0	0	0	0	1	0	0	0	0	0
C	Marios	25	108	9	1	8_____	6766	1	0	0	0	0	0	0	0	0	1	0
C	Marios	25	108	9	1	8_____	7195	1	0	0	0	0	1	0	0	0	0	0
C	Marios	25	108	9	1	8_____	7216	1	0	0	0	0	0	0	0	0	1	0
C	Marios	25	108	9	1	8_____	7500	1	2	0	0	0	0	0	0	0	0	0
C	Marios	25	108	9	1	8_____	7990	2	0	0	0	0	1	0	0	0	0	0
C	Marios	25	108	9	1	8_____	8000	2	16	0	0	0	0	0	0	0	0	0
C	Marios	25	108	9	1	8_____	8004	16	0	0	0	0	0	0	0	0	1	0
C	Marios	25	108	9	1	8_____	8500	16	15	0	0	0	0	0	0	0	0	0
C	Marios	25	108	9	1	8_____	9000	15	1	0	0	0	0	0	0	0	0	0
C	Marios	25	108	9	1	8_____	9163	1	0	0	0	0	1	0	0	0	0	0
C	Marios	25	108	9	1	8_____	9203	1	0	0	0	0	0	0	0	0	1	0
C	Marios	25	108	9	1	8_____	9619	1	0	0	0	0	1	0	0	0	0	0
C	Marios	25	108	9	1	8_____	9621	1	0	0	0	0	0	0	0	0	1	0
C	Marios	25	108	9	1	8_____	9655	1	0	0	0	0	1	0	0	0	0	0
C	Marios	25	108	9	1	8_____	9682	1	0	0	0	0	0	0	0	0	1	0
C	Marios	25	108	9	1	8_____	10500	1	2	0	0	0	0	0	0	0	0	0
C	Marios	25	108	9	1	8_____	10563	2	0	0	0	0	1	0	0	0	0	0
C	Marios	25	108	9	1	8_____	10618	2	0	0	0	0	0	0	0	0	1	0
C	Marios	25	108	9	1	8_____	11000	2	17	0	0	0	0	0	0	0	0	0
C	Marios	25	108	9	1	8_____	11500	17	15	0	0	0	0	0	0	0	0	0
C	Marios	25	108	9	1	8_____	11643	15	0	0	0	0	1	0	0	0	0	0
C	Marios	25	108	9	1	8_____	11651	15	0	0	0	0	0	0	0	0	1	0
C	Marios	25	108	9	1	8_____	11679	15	0	0	0	0	1	0	0	0	0	0
C	Marios	25	108	9	1	8_____	11683	15	0	0	0	0	0	0	0	0	1	0
C	Marios	25	108	9	1	8_____	12000	15	1	0	0	0	0	0	0	0	0	0
C	Marios	25	108	9	1	8_____	13086	1	0	0	0	0	1	0	0	0	0	0
C	Marios	25	108	9	1	8_____	13097	1	0	0	0	0	0	0	0	0	1	0
C	Marios	25	108	9	1	8_____	13161	1	0	0	0	0	1	0	0	0	0	0
C	Marios	25	108	9	1	8_____	13216	1	0	0	0	0	0	0	0	0	1	0
C	Marios	25	108	9	1	8_____	13405	1	0	0	0	0	1	0	0	0	0	0
C	Marios	25	108	9	1	8_____	13451	1	0	0	0	0	0	0	0	0	1	0
C	Marios	25	108	9	1	8_____	14507	1	0	0	0	0	1	0	0	0	0	0
C	Marios	25	108	9	1	8_____	14511	1	0	0	0	0	0	0	0	0	1	0
C	Marios	25	108	9	1	8_____	15684	1	0	0	0	0	1	0	0	0	0	0
C	Marios	25	108	9	1	8_____	15734	1	0	0	0	0	0	0	0	0	1	0
C	Marios	25	108	9	1	8_____	16219	1	0	0	0	0	1	0	0	0	0	0
C	Marios	25	108	9	1	8_____	16256	1	0	0	0	0	0	0	0	0	1	0
C	Marios	25	108	9	1	8_____	16459	1	0	0	0	0	1	0	0	0	0	0
C	Marios	25	108	9	1	8_____	16469	1	0	0	0	0	0	0	0	0	1	0
C	Marios	25	108	9	1	8_____	16482	1	0	0	0	0	1	0	0	0	0	0
C	Marios	25	108	9	1	8_____	16533	1	0	0	0	0	0	0	0	0	1	0
C	Marios	25	108	9	1	8_____	17236	1	0	0	0	0	1	0	0	0	0	0
C	Marios	25	108	9	1	8_____	17256	1	0	0	0	0	0	0	0	0	1	0
C	Marios	25	108	9	1	8_____	18000	1	2	0	0	0	0	0	0	0	0	0
C	Marios	25	108	9	1	8_____	18500	2	6	0	0	0	0	0	0	0	0	0
C	Marios	25	108	9	1	8_____	18639	6	0	0	0	0	1	0	0	0	0	0
C	Marios	25	108	9	1	8_____	18654	6	0	0	0	0	0	0	0	0	1	0
C	Marios	25	108	9	1	8_____	18692	6	0	0	0	0	1	0	0	0	0	0
C	Marios	25	108	9	1	8_____	18805	6	0	0	0	0	0	0	0	0	1	0
C	Marios	25	108	9	1	8_____	18830	6	0	0	0	0	1	0	0	0	0	0
C	Marios	25	108	9	1	8_____	18974	6	0	0	0	0	0	0	0	0	1	0
C	Marios	25	108	9	1	8_____	18997	6	0	0	0	0	1	0	0	0	0	0
C	Marios	25	108	9	1	8_____	19000	6	11	0	0	0	0	0	0	0	0	0
C	Marios	25	108	9	1	8_____	19128	11	0	0	0	0	0	0	0	0	1	0
C	Marios	25	108	9	1	8_____	19129	11	0	0	0	0	1	0	0	0	0	0
C	Marios	25	108	9	1	8_____	19139	11	0	0	0	0	0	0	0	0	1	0
C	Marios	25	108	9	1	8_____	19260	11	0	0	0	0	1	0	0	0	0	0
C	Marios	25	108	9	1	8_____	19269	11	0	0	0	0	0	0	0	0	1	0
C	Marios	25	108	9	1	8_____	19500	11	1	0	0	0	0	0	0	0	0	0
C	Marios	25	108	9	1	8_____	21576	1	0	0	0	0	1	0	0	0	0	0
C	Marios	25	108	9	1	8_____	21682	1	0	0	0	0	0	0	0	0	1	0
C	Marios	25	108	9	1	8_____	23196	1	0	0	0	0	1	0	0	0	0	0
C	Marios	25	108	9	1	8_____	23198	1	0	0	0	0	0	0	0	0	1	0
C	Marios	25	108	9	1	8_____	23200	1	0	0	0	0	1	0	0	0	0	0
C	Marios	25	108	9	1	8_____	23206	1	0	0	0	0	0	0	0	0	1	0
C	Marios	25	108	9	1	8_____	23216	1	0	0	0	0	1	0	0	0	0	0
C	Marios	25	108	9	1	8_____	23280	1	0	0	0	0	0	0	0	0	1	0
C	Marios	25	108	9	1	8_____	24000	1	2	0	0	0	0	0	0	0	0	0
C	Marios	25	108	9	1	8_____	24388	2	0	0	0	0	1	0	0	0	0	0
C	Marios	25	108	9	1	8_____	24427	2	0	0	0	0	0	0	0	0	1	0
C	Marios	25	108	9	1	8_____	24500	2	17	0	0	0	0	0	0	0	0	0
C	Marios	25	108	9	1	8_____	25000	17	15	0	0	0	0	0	0	0	0	0
C	Marios	25	108	9	1	8_____	25056	15	0	0	0	0	1	0	0	0	0	0
C	Marios	25	108	9	1	8_____	25072	15	0	0	0	0	0	0	0	0	1	0
C	Marios	25	108	9	1	8_____	25359	15	0	0	0	0	1	0	0	0	0	0
C	Marios	25	108	9	1	8_____	25413	15	0	0	0	0	0	0	0	0	1	0
C	Marios	25	108	9	1	8_____	25500	15	1	0	0	0	0	0	0	0	0	0
C	Marios	25	108	9	1	8_____	27383	1	0	0	0	0	1	0	0	0	0	0
C	Marios	25	108	9	1	8_____	27559	1	0	0	0	0	0	0	0	0	1	0
C	Marios	25	108	9	1	8_____	27605	1	0	0	0	0	1	0	0	0	0	0
C	Marios	25	108	9	1	8_____	27695	1	0	0	0	0	0	0	0	0	1	0
C	Marios	25	108	9	1	8_____	28045	1	0	0	0	0	1	0	0	0	0	0
C	Marios	25	108	9	1	8_____	28103	1	0	0	0	0	0	0	0	0	1	0
C	Marios	25	108	9	1	8_____	28990	1	0	0	0	0	1	0	0	0	0	0
C	Marios	25	108	9	1	8_____	29011	1	0	0	0	0	0	0	0	0	1	0
C	Marios	25	108	9	1	8_____	29897	1	0	0	0	0	1	0	0	0	0	0
C	Marios	25	108	9	1	8_____	29972	1	0	0	0	0	0	0	0	0	1	0
C	Marios	25	108	9	1	8_____	30182	1	0	0	0	0	1	0	0	0	0	0
C	Marios	25	108	9	1	8_____	30185	1	0	0	0	0	0	0	0	0	1	0
C	Marios	25	108	9	1	8_____	30188	1	0	0	0	0	1	0	0	0	0	0
C	Marios	25	108	9	1	8_____	30219	1	0	0	0	0	0	0	0	0	1	0
C	Marios	25	108	9	1	8_____	30221	1	0	0	0	0	1	0	0	0	0	0
C	Marios	25	108	9	1	8_____	30224	1	0	0	0	0	0	0	0	0	1	0
C	Marios	25	108	9	1	8_____	30226	1	0	0	0	0	1	0	0	0	0	0
C	Marios	25	108	9	1	8_____	30387	1	0	0	0	0	0	0	0	0	1	0
C	Marios	25	108	9	1	8_____	30388	1	0	0	0	0	1	0	0	0	0	0
C	Marios	25	108	9	1	8_____	30431	1	0	0	0	0	0	0	0	0	1	0
C	Marios	25	108	9	1	8_____	31000	1	2	0	0	0	0	0	0	0	0	0
C	Marios	25	108	9	1	8_____	31500	2	16	0	0	0	0	0	0	0	0	0
C	Marios	25	108	9	1	8_____	32000	16	15	0	0	0	0	0	0	0	0	0
C	Marios	25	108	9	1	8_____	32500	15	1	0	0	0	0	0	0	0	0	0
C	Marios	25	108	9	1	8_____	32731	1	0	0	0	0	1	0	0	0	0	0
C	Marios	25	108	9	1	8_____	32970	1	0	0	0	0	0	0	0	0	1	0
C	Marios	25	108	9	1	8_____	34464	1	0	0	0	0	1	0	0	0	0	0
C	Marios	25	108	9	1	8_____	34505	1	0	0	0	0	0	0	0	0	1	0
C	Marios	25	108	9	1	8_____	34591	1	0	0	0	0	1	0	0	0	0	0
C	Marios	25	108	9	1	8_____	34593	1	0	0	0	0	0	0	0	0	1	0
C	Marios	25	108	9	1	8_____	34597	1	0	0	0	0	1	0	0	0	0	0
C	Marios	25	108	9	1	8_____	34599	1	0	0	0	0	0	0	0	0	1	0
C	Marios	25	108	9	1	8_____	37005	1	0	0	0	0	1	0	0	0	0	0
C	Marios	25	108	9	1	8_____	37008	1	0	0	0	0	0	0	0	0	1	0
C	Marios	25	108	9	1	8_____	39250	1	2	0	0	0	0	0	0	0	0	0
C	Marios	25	108	9	1	8_____	39403	2	0	0	0	0	1	0	0	0	0	0
C	Marios	25	108	9	1	8_____	39508	2	0	0	0	0	0	0	0	0	1	0
C	Marios	25	108	9	1	8_____	39580	2	0	0	0	0	1	0	0	0	0	0
C	Marios	25	108	9	1	8_____	39595	2	0	0	0	0	0	0	0	0	1	0
C	Marios	25	108	9	1	8_____	39750	2	7	0	0	0	0	0	0	0	0	0
C	Marios	25	108	9	1	8_____	40079	7	0	0	0	0	1	0	0	0	0	0
C	Marios	25	108	9	1	8_____	40089	7	0	0	0	0	0	0	0	0	1	0
C	Marios	25	108	9	1	8_____	40250	7	10	0	0	0	0	0	0	0	0	0
C	Marios	25	108	9	1	8_____	40265	10	0	0	0	0	1	0	0	0	0	0
C	Marios	25	108	9	1	8_____	40426	10	0	0	0	0	0	0	0	0	1	0
C	Marios	25	108	9	1	8_____	40520	10	0	0	0	0	1	0	0	0	0	0
C	Marios	25	108	9	1	8_____	40529	10	0	0	0	0	0	0	0	0	1	0
C	Marios	25	108	9	1	8_____	40750	10	1	0	0	0	0	0	0	0	0	0
C	Marios	25	108	9	1	8_____	41887	1	0	0	0	0	1	0	0	0	0	0
C	Marios	25	108	9	1	8_____	41975	1	0	0	0	0	0	0	0	0	1	0
C	Marios	25	108	9	1	8_____	42066	1	0	0	0	0	1	0	0	0	0	0
C	Marios	25	108	9	1	8_____	42100	1	0	0	0	0	0	0	0	0	1	0
C	Marios	25	108	9	1	8_____	43183	1	0	0	0	0	1	0	0	0	0	0
C	Marios	25	108	9	1	8_____	43185	1	0	0	0	0	0	0	0	0	1	0
C	Marios	25	108	9	1	8_____	43186	1	0	0	0	0	1	0	0	0	0	0
C	Marios	25	108	9	1	8_____	43190	1	0	0	0	0	0	0	0	0	1	0
C	Marios	25	108	9	1	8_____	43588	1	0	0	0	0	1	0	0	0	0	0
C	Marios	25	108	9	1	8_____	43593	1	0	0	0	0	0	0	0	0	1	0
C	Marios	25	108	9	1	8_____	43594	1	0	0	0	0	1	0	0	0	0	0
C	Marios	25	108	9	1	8_____	43711	1	0	0	0	0	0	0	0	0	1	0
C	Marios	25	108	9	1	8_____	43811	1	0	0	0	0	1	0	0	0	0	0
C	Marios	25	108	9	1	8_____	43836	1	0	0	0	0	0	0	0	0	1	0
C	Marios	25	108	9	1	8_____	43975	1	0	0	0	0	1	0	0	0	0	0
C	Marios	25	108	9	1	8_____	43992	1	0	0	0	0	0	0	0	0	1	0
C	Marios	25	108	9	1	8_____	43993	1	0	0	0	0	1	0	0	0	0	0
C	Marios	25	108	9	1	8_____	43996	1	0	0	0	0	0	0	0	0	1	0
C	Marios	25	108	9	1	8_____	44250	1	2	0	0	0	0	0	0	0	0	0
C	Marios	25	108	9	1	8_____	44750	2	17	0	0	0	0	0	0	0	0	0
C	Marios	25	108	9	1	8_____	45250	17	15	0	0	0	0	0	0	0	0	0
C	Marios	25	108	9	1	8_____	45703	15	0	0	0	0	1	0	0	0	0	0
C	Marios	25	108	9	1	8_____	45708	15	0	0	0	0	0	0	0	0	1	0
C	Marios	25	108	9	1	8_____	45750	15	1	0	0	0	0	0	0	0	0	0
C	Marios	25	108	9	1	8_____	45770	1	0	0	0	0	1	0	0	0	0	0
C	Marios	25	108	9	1	8_____	45797	1	0	0	0	0	0	0	0	0	1	0
C	Marios	25	108	9	1	8_____	45809	1	0	0	0	0	1	0	0	0	0	0
C	Marios	25	108	9	1	8_____	45851	1	0	0	0	0	0	0	0	0	1	0
C	Marios	25	108	9	1	8_____	45968	1	0	0	0	0	1	0	0	0	0	0
C	Marios	25	108	9	1	8_____	46097	1	0	0	0	0	0	0	0	0	1	0
C	Marios	25	108	9	1	8_____	46112	1	0	0	0	0	1	0	0	0	0	0
C	Marios	25	108	9	1	8_____	46237	1	0	0	0	0	0	0	0	0	1	0
C	Marios	25	108	9	1	8_____	46320	1	0	0	0	0	1	0	0	0	0	0
C	Marios	25	108	9	1	8_____	46324	1	0	0	0	0	0	0	0	0	1	0
C	Marios	25	108	9	1	8_____	46377	1	0	0	0	0	1	0	0	0	0	0
C	Marios	25	108	9	1	8_____	46381	1	0	0	0	0	0	0	0	0	1	0
C	Marios	25	108	9	1	8_____	46383	1	0	0	0	0	1	0	0	0	0	0
C	Marios	25	108	9	1	8_____	46386	1	0	0	0	0	0	0	0	0	1	0
C	Marios	25	108	9	1	8_____	46387	1	0	0	0	0	1	0	0	0	0	0
C	Marios	25	108	9	1	8_____	46401	1	0	0	0	0	0	0	0	0	1	0
C	Marios	25	108	9	1	8_____	46406	1	0	0	0	0	1	0	0	0	0	0
C	Marios	25	108	9	1	8_____	46417	1	0	0	0	0	0	0	0	0	1	0
C	Marios	25	108	9	1	8_____	46441	1	0	0	0	0	1	0	0	0	0	0
C	Marios	25	108	9	1	8_____	46490	1	0	0	0	0	0	0	0	0	1	0
C	Marios	25	108	9	1	8_____	46857	1	0	0	0	0	1	0	0	0	0	0
C	Marios	25	108	9	1	8_____	46899	1	0	0	0	0	0	0	0	0	1	0
C	Marios	25	108	9	1	8_____	46969	1	0	0	0	0	1	0	0	0	0	0
C	Marios	25	108	9	1	8_____	47128	1	0	0	0	0	0	0	0	0	1	0
C	Marios	25	108	9	1	8_____	47198	1	0	0	0	0	1	0	0	0	0	0
C	Marios	25	108	9	1	8_____	47322	1	0	0	0	0	0	0	0	0	1	0
C	Marios	25	108	9	1	8_____	47377	1	0	0	0	0	1	0	0	0	0	0
C	Marios	25	108	9	1	8_____	47425	1	0	0	0	0	0	0	0	0	1	0
C	Marios	25	108	9	1	8_____	47489	1	0	0	0	0	1	0	0	0	0	0
C	Marios	25	108	9	1	8_____	47513	1	0	0	0	0	0	0	0	0	1	0
C	Marios	25	108	9	1	8_____	47712	1	0	0	0	0	1	0	0	0	0	0
C	Marios	25	108	9	1	8_____	47720	1	0	0	0	0	0	0	0	0	1	0
C	Marios	25	108	9	1	8_____	48750	1	2	0	0	0	0	0	0	0	0	0
C	Marios	25	108	9	1	8_____	49250	2	16	0	0	0	0	0	0	0	0	0
C	Marios	25	108	9	1	8_____	49750	16	15	0	0	0	0	0	0	0	0	0
C	Marios	25	108	9	1	8_____	50044	15	0	0	0	0	1	0	0	0	0	0
C	Marios	25	108	9	1	8_____	50250	15	1	0	0	0	0	0	0	0	0	0
C	Marios	25	108	9	1	8_____	50257	1	0	0	0	0	0	0	0	0	1	0
C	Marios	25	108	9	1	8_____	50542	1	0	0	0	0	1	0	0	0	0	0
C	Marios	25	108	9	1	8_____	50651	1	0	0	0	0	0	0	0	0	1	0
C	Marios	25	108	9	1	8_____	50669	1	0	0	0	0	1	0	0	0	0	0
C	Marios	25	108	9	1	8_____	50780	1	0	0	0	0	0	0	0	0	1	0
C	Marios	25	108	9	1	8_____	52547	1	0	0	0	0	1	0	0	0	0	0
C	Marios	25	108	9	1	8_____	52561	1	0	0	0	0	0	0	0	0	1	0
C	Marios	25	108	9	1	8_____	52707	1	0	0	0	0	1	0	0	0	0	0
C	Marios	25	108	9	1	8_____	52712	1	0	0	0	0	0	0	0	0	1	0
C	Marios	25	108	9	1	8_____	53386	1	0	0	0	0	1	0	0	0	0	0
C	Marios	25	108	9	1	8_____	53393	1	0	0	0	0	0	0	0	0	1	0
C	Marios	25	108	9	1	8_____	53872	1	0	0	0	0	1	0	0	0	0	0
C	Marios	25	108	9	1	8_____	53919	1	0	0	0	0	0	0	0	0	1	0
C	Marios	25	108	9	1	8_____	53920	1	0	0	0	0	1	0	0	0	0	0
C	Marios	25	108	9	1	8_____	53943	1	0	0	0	0	0	0	0	0	1	0
C	Marios	25	108	9	1	8_____	53944	1	0	0	0	0	1	0	0	0	0	0
C	Marios	25	108	9	1	8_____	53964	1	0	0	0	0	0	0	0	0	1	0
C	Marios	25	108	9	1	8_____	53966	1	0	0	0	0	1	0	0	0	0	0
C	Marios	25	108	9	1	8_____	53985	1	0	0	0	0	0	0	0	0	1	0
C	Marios	25	108	9	1	8_____	53987	1	0	0	0	0	1	0	0	0	0	0
C	Marios	25	108	9	1	8_____	54045	1	0	0	0	0	0	0	0	0	1	0
C	Marios	25	108	9	1	8_____	55115	1	0	0	0	0	1	0	0	0	0	0
C	Marios	25	108	9	1	8_____	55192	1	0	0	0	0	0	0	0	0	1	0
C	Marios	25	108	9	1	8_____	56363	1	0	0	0	0	1	0	0	0	0	0
C	Marios	25	108	9	1	8_____	56383	1	0	0	0	0	0	0	0	0	1	0
C	Marios	25	108	9	1	8_____	56394	1	0	0	0	0	1	0	0	0	0	0
C	Marios	25	108	9	1	8_____	56436	1	0	0	0	0	0	0	0	0	1	0
C	Marios	25	108	9	1	8_____	57044	1	0	0	0	0	1	0	0	0	0	0
C	Marios	25	108	9	1	8_____	57066	1	0	0	0	0	0	0	0	0	1	0
C	Marios	25	108	9	1	8_____	57750	1	2	0	0	0	0	0	0	0	0	0
C	Marios	25	108	9	1	8_____	58043	2	0	0	0	0	1	0	0	0	0	0
C	Marios	25	108	9	1	8_____	58048	2	0	0	0	0	0	0	0	0	1	0
C	Marios	25	108	9	1	8_____	58051	2	0	0	0	0	1	0	0	0	0	0
C	Marios	25	108	9	1	8_____	58053	2	0	0	0	0	0	0	0	0	1	0
C	Marios	25	108	9	1	8_____	58250	2	6	0	0	0	0	0	0	0	0	0
C	Marios	25	108	9	1	8_____	58288	6	0	0	0	0	1	0	0	0	0	0
C	Marios	25	108	9	1	8_____	58456	6	0	0	0	0	0	0	0	0	1	0
C	Marios	25	108	9	1	8_____	58482	6	0	0	0	0	1	0	0	0	0	0
C	Marios	25	108	9	1	8_____	58590	6	0	0	0	0	0	0	0	0	1	0
C	Marios	25	108	9	1	8_____	58617	6	0	0	0	0	1	0	0	0	0	0
C	Marios	25	108	9	1	8_____	58662	6	0	0	0	0	0	0	0	0	1	0
C	Marios	25	108	9	1	8_____	58677	6	0	0	0	0	1	0	0	0	0	0
C	Marios	25	108	9	1	8_____	58750	6	11	0	0	0	0	0	0	0	0	0
C	Marios	25	108	9	1	8_____	59115	11	0	0	0	0	0	0	0	0	1	0
C	Marios	25	108	9	1	8_____	59120	11	0	0	0	0	1	0	0	0	0	0
C	Marios	25	108	9	1	8_____	59123	11	0	0	0	0	0	0	0	0	1	0
C	Marios	25	108	9	1	8_____	59183	11	0	0	0	0	1	0	0	0	0	0
C	Marios	25	108	9	1	8_____	59187	11	0	0	0	0	0	0	0	0	1	0
C	Marios	25	108	9	1	8_____	59190	11	0	0	0	0	1	0	0	0	0	0
C	Marios	25	108	9	1	8_____	59197	11	0	0	0	0	0	0	0	0	1	0
C	Marios	25	108	9	1	8_____	59201	11	0	0	0	0	1	0	0	0	0	0
C	Marios	25	108	9	1	8_____	59219	11	0	0	0	0	0	0	0	0	1	0
C	Marios	25	108	9	1	8_____	59250	11	1	0	0	0	0	0	0	0	0	0
C	Marios	25	108	9	1	8_____	59304	1	0	0	0	0	1	0	0	0	0	0
C	Marios	25	108	9	1	8_____	59313	1	0	0	0	0	0	0	0	0	1	0
C	Marios	25	108	9	1	8_____	59403	1	0	0	0	0	1	0	0	0	0	0
C	Marios	25	108	9	1	8_____	59418	1	0	0	0	0	0	0	0	0	1	0
C	Marios	25	108	9	1	8_____	60390	1	0	0	0	0	1	0	0	0	0	0
C	Marios	25	108	9	1	8_____	60552	1	0	0	0	0	0	0	0	0	1	0
C	Marios	25	108	9	1	8_____	62806	1	0	0	0	0	1	0	0	0	0	0
C	Marios	25	108	9	1	8_____	62827	1	0	0	0	0	0	0	0	0	1	0
C	Marios	25	108	9	1	8_____	62828	1	0	0	0	0	1	0	0	0	0	0
C	Marios	25	108	9	1	8_____	62870	1	0	0	0	0	0	0	0	0	1	0
C	Marios	25	108	9	1	8_____	63051	1	0	0	0	0	1	0	0	0	0	0
C	Marios	25	108	9	1	8_____	63104	1	0	0	0	0	0	0	0	0	1	0
C	Marios	25	108	9	1	8_____	63364	1	0	0	0	0	1	0	0	0	0	0
C	Marios	25	108	9	1	8_____	63420	1	0	0	0	0	0	0	0	0	1	0
C	Marios	25	108	9	1	8_____	63512	1	0	0	0	0	1	0	0	0	0	0
C	Marios	25	108	9	1	8_____	63711	1	0	0	0	0	0	0	0	0	1	0
C	Marios	25	108	9	1	8_____	64500	1	2	0	0	0	0	0	0	0	0	0
C	Marios	25	108	9	1	8_____	64606	2	0	0	0	0	1	0	0	0	0	0
C	Marios	25	108	9	1	8_____	64633	2	0	0	0	0	0	0	0	0	1	0
C	Marios	25	108	9	1	8_____	65000	2	16	0	0	0	0	0	0	0	0	0
C	Marios	25	108	9	1	8_____	65500	16	15	0	0	0	0	0	0	0	0	0
C	Marios	25	108	9	1	8_____	66000	15	1	0	0	0	0	0	0	0	0	0
C	Marios	25	108	9	1	8_____	66224	1	0	0	0	0	1	0	0	0	0	0
C	Marios	25	108	9	1	8_____	66251	1	0	0	0	0	0	0	0	0	1	0
C	Marios	25	108	9	1	8_____	66535	1	0	0	0	0	1	0	0	0	0	0
C	Marios	25	108	9	1	8_____	66551	1	0	0	0	0	0	0	0	0	1	0
C	Marios	25	108	9	1	8_____	68180	1	0	0	0	0	1	0	0	0	0	0
C	Marios	25	108	9	1	8_____	68243	1	0	0	0	0	0	0	0	0	1	0
C	Marios	25	108	9	1	8_____	68319	1	0	0	0	0	1	0	0	0	0	0
C	Marios	25	108	9	1	8_____	68453	1	0	0	0	0	0	0	0	0	1	0
C	Marios	25	108	9	1	8_____	68456	1	0	0	0	0	1	0	0	0	0	0
C	Marios	25	108	9	1	8_____	68529	1	0	0	0	0	0	0	0	0	1	0
C	Marios	25	108	9	1	8_____	68543	1	0	0	0	0	1	0	0	0	0	0
C	Marios	25	108	9	1	8_____	68636	1	0	0	0	0	0	0	0	0	1	0
C	Marios	25	108	9	1	8_____	68762	1	0	0	0	0	1	0	0	0	0	0
C	Marios	25	108	9	1	8_____	68772	1	0	0	0	0	0	0	0	0	1	0
C	Marios	25	108	9	1	8_____	68787	1	0	0	0	0	1	0	0	0	0	0
C	Marios	25	108	9	1	8_____	68825	1	0	0	0	0	0	0	0	0	1	0
C	Marios	25	108	9	1	8_____	70500	1	2	0	0	0	0	0	0	0	0	0
C	Marios	25	108	9	1	8_____	71000	2	17	0	0	0	0	0	0	0	0	0
C	Marios	25	108	9	1	8_____	71500	17	15	0	0	0	0	0	0	0	0	0
C	Marios	25	108	9	1	8_____	72000	15	1	0	0	0	0	0	0	0	0	0
C	Marios	25	108	9	1	8_____	72393	1	0	0	0	0	1	0	0	0	0	0
C	Marios	25	108	9	1	8_____	72654	1	0	0	0	0	0	0	0	0	1	0
C	Marios	25	108	9	1	8_____	75937	1	0	0	0	0	1	0	0	0	0	0
C	Marios	25	108	9	1	8_____	75989	1	0	0	0	0	0	0	0	0	1	0
C	Marios	25	108	9	1	8_____	78044	1	0	0	0	0	1	0	0	0	0	0
C	Marios	25	108	9	1	8_____	78053	1	0	0	0	0	0	0	0	0	1	0
C	Marios	25	108	9	1	8_____	78055	1	0	0	0	0	1	0	0	0	0	0
C	Marios	25	108	9	1	8_____	78147	1	0	0	0	0	0	0	0	0	1	0
C	Marios	25	108	9	1	8_____	78223	1	0	0	0	0	1	0	0	0	0	0
C	Marios	25	108	9	1	8_____	78227	1	0	0	0	0	0	0	0	0	1	0
C	Marios	25	108	9	1	8_____	78230	1	0	0	0	0	1	0	0	0	0	0
C	Marios	25	108	9	1	8_____	78232	1	0	0	0	0	0	0	0	0	1	0
C	Marios	25	108	9	1	8_____	78242	1	0	0	0	0	1	0	0	0	0	0
C	Marios	25	108	9	1	8_____	78323	1	0	0	0	0	0	0	0	0	1	0
C	Marios	25	108	9	1	8_____	79500	1	2	0	0	0	0	0	0	0	0	0
C	Marios	25	108	9	1	8_____	80000	2	7	0	0	0	0	0	0	0	0	0
C	Marios	25	108	9	1	8_____	80040	7	0	0	0	0	1	0	0	0	0	0
C	Marios	25	108	9	1	8_____	80103	7	0	0	0	0	0	0	0	0	1	0
C	Marios	25	108	9	1	8_____	80151	7	0	0	0	0	1	0	0	0	0	0
C	Marios	25	108	9	1	8_____	80366	7	0	0	0	0	0	0	0	0	1	0
C	Marios	25	108	9	1	8_____	80500	7	10	0	0	0	0	0	0	0	0	0
C	Marios	25	108	9	1	8_____	80509	10	0	0	0	0	1	0	0	0	0	0
C	Marios	25	108	9	1	8_____	80784	10	0	0	0	0	0	0	0	0	1	0
C	Marios	25	108	9	1	8_____	81000	10	1	0	0	0	0	0	0	0	0	0
C	Marios	25	108	9	1	8_____	81032	1	0	0	0	0	1	0	0	0	0	0
C	Marios	25	108	9	1	8_____	81074	1	0	0	0	0	0	0	0	0	1	0
C	Marios	25	108	9	1	8_____	82784	1	0	0	0	0	1	0	0	0	0	0
C	Marios	25	108	9	1	8_____	82821	1	0	0	0	0	0	0	0	0	1	0
C	Marios	25	108	9	1	8_____	83250	1	2	0	0	0	0	0	0	0	0	0
C	Marios	25	108	9	1	8_____	83750	2	16	0	0	0	0	0	0	0	0	0
C	Marios	25	108	9	1	8_____	83799	16	0	0	0	0	1	0	0	0	0	0
C	Marios	25	108	9	1	8_____	83803	16	0	0	0	0	0	0	0	0	1	0
C	Marios	25	108	9	1	8_____	84017	16	0	0	0	0	1	0	0	0	0	0
C	Marios	25	108	9	1	8_____	84025	16	0	0	0	0	0	0	0	0	1	0
C	Marios	25	108	9	1	8_____	84047	16	0	0	0	0	1	0	0	0	0	0
C	Marios	25	108	9	1	8_____	84074	16	0	0	0	0	0	0	0	0	1	0
C	Marios	25	108	9	1	8_____	84250	16	15	0	0	0	0	0	0	0	0	0
C	Marios	25	108	9	1	8_____	84750	15	1	0	0	0	0	0	0	0	0	0
C	Marios	25	108	9	1	8_____	85206	1	0	0	0	0	1	0	0	0	0	0
C	Marios	25	108	9	1	8_____	85210	1	0	0	0	0	0	0	0	0	1	0
C	Marios	25	108	9	1	8_____	85218	1	0	0	0	0	1	0	0	0	0	0
C	Marios	25	108	9	1	8_____	85227	1	0	0	0	0	0	0	0	0	1	0
C	Marios	25	108	9	1	8_____	85255	1	0	0	0	0	1	0	0	0	0	0
C	Marios	25	108	9	1	8_____	85402	1	0	0	0	0	0	0	0	0	1	0
C	Marios	25	108	9	1	8_____	85441	1	0	0	0	0	1	0	0	0	0	0
C	Marios	25	108	9	1	8_____	85457	1	0	0	0	0	0	0	0	0	1	0
C	Marios	25	108	9	1	8_____	87641	1	0	0	0	0	1	0	0	0	0	0
C	Marios	25	108	9	1	8_____	87753	1	0	0	0	0	0	0	0	0	1	0
C	Marios	25	108	9	1	8_____	88882	1	0	0	0	0	1	0	0	0	0	0
C	Marios	25	108	9	1	8_____	89016	1	0	0	0	0	0	0	0	0	1	0
C	Marios	25	108	9	1	8_____	89250	1	2	0	0	0	0	0	0	0	0	0
C	Marios	25	108	9	1	8_____	89750	2	17	0	0	0	0	0	0	0	0	0
C	Marios	25	108	9	1	8_____	90250	17	15	0	0	0	0	0	0	0	0	0
C	Marios	25	108	9	1	8_____	90750	15	1	0	0	0	0	0	0	0	0	0
C	Marios	25	108	9	1	8_____	93129	1	0	0	0	0	1	0	0	0	0	0
C	Marios	25	108	9	1	8_____	93147	1	0	0	0	0	0	0	0	0	1	0
C	Marios	25	108	9	1	8_____	97500	1	2	0	0	0	0	0	0	0	0	0
C	Marios	25	108	9	1	8_____	97989	2	0	0	0	0	1	0	0	0	0	0
C	Marios	25	108	9	1	8_____	98000	2	17	0	0	0	0	0	0	0	0	0
C	Marios	25	108	9	1	8_____	98005	17	0	0	0	0	0	0	0	0	1	0
C	Marios	25	108	9	1	8_____	98051	17	0	0	0	0	1	0	0	0	0	0
C	Marios	25	108	9	1	8_____	98087	17	0	0	0	0	0	0	0	0	1	0
C	Marios	25	108	9	1	8_____	98500	17	15	0	0	0	0	0	0	0	0	0
C	Marios	25	108	9	1	8_____	99000	15	1	0	0	0	0	0	0	0	0	0
C	Marios	25	108	9	1	8_____	101086	1	0	0	0	0	1	0	0	0	0	0
C	Marios	25	108	9	1	8_____	101258	1	0	0	0	0	0	0	0	0	1	0
C	Marios	25	108	9	1	8_____	101745	1	0	0	0	0	1	0	0	0	0	0
C	Marios	25	108	9	1	8_____	101886	1	0	0	0	0	0	0	0	0	1	0
C	Marios	25	108	9	1	8_____	102543	1	0	0	0	0	1	0	0	0	0	0
C	Marios	25	108	9	1	8_____	102565	1	0	0	0	0	0	0	0	0	1	0
C	Marios	25	108	9	1	8_____	102750	1	2	0	0	0	0	0	0	0	0	0
C	Marios	25	108	9	1	8_____	103250	2	16	0	0	0	0	0	0	0	0	0
C	Marios	25	108	9	1	8_____	103750	16	15	0	0	0	0	0	0	0	0	0
C	Marios	25	108	9	1	8_____	103891	15	0	0	0	0	1	0	0	0	0	0
C	Marios	25	108	9	1	8_____	103999	15	0	0	0	0	0	0	0	0	1	0
C	Marios	25	108	9	1	8_____	104250	15	1	0	0	0	0	0	0	0	0	0
C	Marios	25	108	9	1	8_____	105128	1	0	0	0	0	1	0	0	0	0	0
C	Marios	25	108	9	1	8_____	105155	1	0	0	0	0	0	0	0	0	1	0
C	Marios	25	108	9	1	8_____	106218	1	0	0	0	0	1	0	0	0	0	0
C	Marios	25	108	9	1	8_____	106220	1	0	0	0	0	0	0	0	0	1	0
C	Marios	25	108	9	1	8_____	106230	1	0	0	0	0	1	0	0	0	0	0
C	Marios	25	108	9	1	8_____	106254	1	0	0	0	0	0	0	0	0	1	0
C	Marios	25	108	9	1	8_____	106705	1	0	0	0	0	1	0	0	0	0	0
C	Marios	25	108	9	1	8_____	106812	1	0	0	0	0	0	0	0	0	1	0
C	Marios	25	108	9	1	8_____	108400	1	0	0	0	0	1	0	0	0	0	0
C	Marios	25	108	9	1	8_____	108405	1	0	0	0	0	0	0	0	0	1	0
C	Marios	25	108	9	1	8_____	108534	1	0	0	0	0	1	0	0	0	0	0
C	Marios	25	108	9	1	8_____	108536	1	0	0	0	0	0	0	0	0	1	0
C	Marios	25	108	9	1	8_____	108960	1	0	0	0	0	1	0	0	0	0	0
C	Marios	25	108	9	1	8_____	109107	1	0	0	0	0	0	0	0	0	1	0
C	Marios	25	108	9	1	8_____	109500	1	2	0	0	0	0	0	0	0	0	0
C	Marios	25	108	9	1	8_____	110000	2	6	0	0	0	0	0	0	0	0	0
C	Marios	25	108	9	1	8_____	110187	6	0	0	0	0	1	0	0	0	0	0
C	Marios	25	108	9	1	8_____	110500	6	11	0	0	0	0	0	0	0	0	0
C	Marios	25	108	9	1	8_____	110859	11	0	0	0	0	1	0	0	0	1	0
C	Marios	25	108	9	1	8_____	110876	11	0	0	0	0	0	0	0	0	1	0
C	Marios	25	108	9	1	8_____	110881	11	0	0	0	0	1	0	0	0	0	0
C	Marios	25	108	9	1	8_____	110883	11	0	0	0	0	0	0	0	0	1	0
C	Marios	25	108	9	1	8_____	111000	11	1	0	0	0	0	0	0	0	0	0
C	Marios	25	108	9	1	8_____	111017	1	0	0	0	0	1	0	0	0	0	0
C	Marios	25	108	9	1	8_____	111020	1	0	0	0	0	0	0	0	0	1	0
C	Marios	25	108	9	1	8_____	111044	1	0	0	0	0	1	0	0	0	0	0
C	Marios	25	108	9	1	8_____	111056	1	0	0	0	0	0	0	0	0	1	0
C	Marios	25	108	9	1	8_____	111062	1	0	0	0	0	1	0	0	0	0	0
C	Marios	25	108	9	1	8_____	111068	1	0	0	0	0	0	0	0	0	1	0
C	Marios	25	108	9	1	8_____	111072	1	0	0	0	0	1	0	0	0	0	0
C	Marios	25	108	9	1	8_____	111076	1	0	0	0	0	0	0	0	0	1	0
C	Marios	25	108	9	1	8_____	111717	1	0	0	0	0	1	0	0	0	0	0
C	Marios	25	108	9	1	8_____	111726	1	0	0	0	0	0	0	0	0	1	0
C	Marios	25	108	9	1	8_____	115500	1	2	0	0	0	0	0	0	0	0	0
C	Marios	25	108	9	1	8_____	116000	2	17	0	0	0	0	0	0	0	0	0
C	Marios	25	108	9	1	8_____	116500	17	15	0	0	0	0	0	0	0	0	0
C	Marios	25	108	9	1	8_____	116814	15	0	0	0	0	1	0	0	0	0	0
C	Marios	25	108	9	1	8_____	117000	15	1	0	0	0	0	0	0	0	0	0
C	Marios	25	108	9	1	8_____	117088	1	0	0	0	0	0	0	0	0	1	0
C	Marios	25	108	9	1	8_____	117756	1	0	0	0	0	1	0	0	0	0	0
C	Marios	25	108	9	1	8_____	117873	1	0	0	0	0	0	0	0	0	1	0
C	Marios	25	108	9	1	8_____	118077	1	0	0	0	0	1	0	0	0	0	0
C	Marios	25	108	9	1	8_____	118181	1	0	0	0	0	0	0	0	0	1	0
C	Marios	25	108	9	1	8_____	122348	1	0	0	0	0	1	0	0	0	0	0
C	Marios	25	108	9	1	8_____	122352	1	0	0	0	0	0	0	0	0	1	0
C	Marios	25	108	9	1	8_____	122354	1	0	0	0	0	1	0	0	0	0	0
C	Marios	25	108	9	1	8_____	122364	1	0	0	0	0	0	0	0	0	1	0
C	Marios	25	108	9	1	8_____	122500	1	2	0	0	0	0	0	0	0	0	0
C	Marios	25	108	9	1	8_____	123000	2	17	0	0	0	0	0	0	0	0	0
C	Marios	25	108	9	1	8_____	123038	17	0	0	0	0	1	0	0	0	0	0
C	Marios	25	108	9	1	8_____	123069	17	0	0	0	0	0	0	0	0	1	0
C	Marios	25	108	9	1	8_____	123500	17	15	0	0	0	0	0	0	0	0	0
C	Marios	25	108	9	1	8_____	123873	15	0	0	0	0	1	0	0	0	0	0
C	Marios	25	108	9	1	8_____	123875	15	0	0	0	0	0	0	0	0	1	0
C	Marios	25	108	9	1	8_____	123900	15	0	0	0	0	1	0	0	0	0	0
C	Marios	25	108	9	1	8_____	124000	15	1	0	0	0	0	0	0	0	0	0
C	Marios	25	108	9	1	8_____	124055	1	0	0	0	0	0	0	0	0	1	0
C	Marios	25	108	9	1	8_____	125428	1	0	0	0	0	1	0	0	0	0	0
C	Marios	25	108	9	1	8_____	125447	1	0	0	0	0	0	0	0	0	1	0
C	Marios	25	108	9	1	8_____	125451	1	0	0	0	0	1	0	0	0	0	0
C	Marios	25	108	9	1	8_____	125503	1	0	0	0	0	0	0	0	0	1	0
C	Marios	25	108	9	1	8_____	125547	1	0	0	0	0	1	0	0	0	0	0
C	Marios	25	108	9	1	8_____	125549	1	0	0	0	0	0	0	0	0	1	0
C	Marios	25	108	9	1	8_____	125554	1	0	0	0	0	1	0	0	0	0	0
C	Marios	25	108	9	1	8_____	125603	1	0	0	0	0	0	0	0	0	1	0
C	Marios	25	108	9	1	8_____	125622	1	0	0	0	0	1	0	0	0	0	0
C	Marios	25	108	9	1	8_____	125731	1	0	0	0	0	0	0	0	0	1	0
C	Marios	25	108	9	1	8_____	127000	1	2	0	0	0	0	0	0	0	0	0
C	Marios	25	108	9	1	8_____	127500	2	6	0	0	0	0	0	0	0	0	0
C	Marios	25	108	9	1	8_____	127600	6	0	0	0	0	1	0	0	0	0	0
C	Marios	25	108	9	1	8_____	127777	6	0	0	0	0	0	0	0	0	1	0
C	Marios	25	108	9	1	8_____	127780	6	0	0	0	0	1	0	0	0	0	0
C	Marios	25	108	9	1	8_____	127788	6	0	0	0	0	0	0	0	0	1	0
C	Marios	25	108	9	1	8_____	127843	6	0	0	0	0	1	0	0	0	0	0
C	Marios	25	108	9	1	8_____	127981	6	0	0	0	0	0	0	0	0	1	0
C	Marios	25	108	9	1	8_____	127999	6	0	0	0	0	1	0	0	0	0	0
C	Marios	25	108	9	1	8_____	128000	6	11	0	0	0	0	0	0	0	0	0
C	Marios	25	108	9	1	8_____	128315	11	0	0	0	0	0	0	0	0	1	0
C	Marios	25	108	9	1	8_____	128500	11	1	0	0	0	0	0	0	0	0	0
C	Marios	25	108	9	1	8_____	130039	1	0	0	0	0	1	0	0	0	0	0
C	Marios	25	108	9	1	8_____	130046	1	0	0	0	0	0	0	0	0	1	0
C	Marios	25	108	9	1	8_____	133321	1	0	0	0	0	1	0	0	0	0	0
C	Marios	25	108	9	1	8_____	133429	1	0	0	0	0	0	0	0	0	1	0
C	Marios	25	108	9	1	8_____	134442	1	0	0	0	0	1	0	0	0	0	0
C	Marios	25	108	9	1	8_____	134500	1	2	0	0	0	0	0	0	0	0	0
C	Marios	25	108	9	1	8_____	134610	2	0	0	0	0	0	0	0	0	1	0
C	Marios	25	108	9	1	8_____	134871	2	0	0	0	0	1	0	0	0	0	0
C	Marios	25	108	9	1	8_____	134906	2	0	0	0	0	0	0	0	0	1	0
C	Marios	25	108	9	1	8_____	135000	2	7	0	0	0	0	0	0	0	0	0
C	Marios	25	108	9	1	8_____	135062	7	0	0	0	0	1	0	0	0	0	0
C	Marios	25	108	9	1	8_____	135314	7	0	0	0	0	0	0	0	0	1	0
C	Marios	25	108	9	1	8_____	135373	7	0	0	0	0	1	0	0	0	0	0
C	Marios	25	108	9	1	8_____	135500	7	10	0	0	0	0	0	0	0	0	0
C	Marios	25	108	9	1	8_____	135758	10	0	0	0	0	0	0	0	0	1	0
C	Marios	25	108	9	1	8_____	135777	10	0	0	0	0	1	0	0	0	0	0
C	Marios	25	108	9	1	8_____	135782	10	0	0	0	0	0	0	0	0	1	0
C	Marios	25	108	9	1	8_____	136000	10	1	0	0	0	0	0	0	0	0	0
C	Marios	25	108	9	1	8_____	137173	1	0	0	0	0	1	0	0	0	0	0
C	Marios	25	108	9	1	8_____	137177	1	0	0	0	0	0	0	0	0	1	0
C	Marios	25	108	9	1	8_____	137187	1	0	0	0	0	1	0	0	0	0	0
C	Marios	25	108	9	1	8_____	137189	1	0	0	0	0	0	0	0	0	1	0
C	Marios	25	108	9	1	8_____	137500	1	2	0	0	0	0	0	0	0	0	0
C	Marios	25	108	9	1	8_____	138000	2	16	0	0	0	0	0	0	0	0	0
C	Marios	25	108	9	1	8_____	138310	16	0	0	0	0	1	0	0	0	0	0
C	Marios	25	108	9	1	8_____	138391	16	0	0	0	0	0	0	0	0	1	0
C	Marios	25	108	9	1	8_____	138469	16	0	0	0	0	1	0	0	0	0	0
C	Marios	25	108	9	1	8_____	138500	16	15	0	0	0	0	0	0	0	0	0
C	Marios	25	108	9	1	8_____	138618	15	0	0	0	0	0	0	0	0	1	0
C	Marios	25	108	9	1	8_____	138668	15	0	0	0	0	1	0	0	0	0	0
C	Marios	25	108	9	1	8_____	138734	15	0	0	0	0	0	0	0	0	1	0
C	Marios	25	108	9	1	8_____	138818	15	0	0	0	0	1	0	0	0	0	0
C	Marios	25	108	9	1	8_____	138842	15	0	0	0	0	0	0	0	0	1	0
C	Marios	25	108	9	1	8_____	139000	15	1	0	0	0	0	0	0	0	0	0
C	Marios	25	108	9	1	8_____	139133	1	0	0	0	0	1	0	0	0	0	0
C	Marios	25	108	9	1	8_____	139136	1	0	0	0	0	0	0	0	0	1	0
C	Marios	25	108	9	1	8_____	139141	1	0	0	0	0	1	0	0	0	0	0
C	Marios	25	108	9	1	8_____	139143	1	0	0	0	0	0	0	0	0	1	0
C	Marios	25	108	9	1	8_____	139169	1	0	0	0	0	1	0	0	0	0	0
C	Marios	25	108	9	1	8_____	139174	1	0	0	0	0	0	0	0	0	1	0
C	Marios	25	108	9	1	8_____	139861	1	0	0	0	0	1	0	0	0	0	0
C	Marios	25	108	9	1	8_____	139920	1	0	0	0	0	0	0	0	0	1	0
C	Marios	25	108	9	1	8_____	140658	1	0	0	0	0	1	0	0	0	0	0
C	Marios	25	108	9	1	8_____	140661	1	0	0	0	0	0	0	0	0	1	0
C	Marios	25	108	9	1	8_____	140683	1	0	0	0	0	1	0	0	0	0	0
C	Marios	25	108	9	1	8_____	140691	1	0	0	0	0	0	0	0	0	1	0
C	Marios	25	108	9	1	8_____	141192	1	0	0	0	0	1	0	0	0	0	0
C	Marios	25	108	9	1	8_____	141195	1	0	0	0	0	0	0	0	0	1	0
C	Marios	25	108	9	1	8_____	141207	1	0	0	0	0	1	0	0	0	0	0
C	Marios	25	108	9	1	8_____	141321	1	0	0	0	0	0	0	0	0	1	0
C	Marios	25	108	9	1	8_____	142500	1	2	0	0	0	0	0	0	0	0	0
C	Marios	25	108	9	1	8_____	142872	2	0	0	0	0	1	0	0	0	0	0
C	Marios	25	108	9	1	8_____	142950	2	0	0	0	0	0	0	0	0	1	0
C	Marios	25	108	9	1	8_____	143000	2	16	0	0	0	0	0	0	0	0	0
C	Marios	25	108	9	1	8_____	143189	16	0	0	0	0	1	0	0	0	0	0
C	Marios	25	108	9	1	8_____	143475	16	0	0	0	0	0	0	0	0	1	0
C	Marios	25	108	9	1	8_____	143500	16	15	0	0	0	0	0	0	0	0	0
C	Marios	25	108	9	1	8_____	143658	15	0	0	0	0	1	0	0	0	0	0
C	Marios	25	108	9	1	8_____	143745	15	0	0	0	0	0	0	0	0	1	0
C	Marios	25	108	9	1	8_____	143761	15	0	0	0	0	1	0	0	0	0	0
C	Marios	25	108	9	1	8_____	143801	15	0	0	0	0	0	0	0	0	1	0
C	Marios	25	108	9	1	8_____	143852	15	0	0	0	0	1	0	0	0	0	0
C	Marios	25	108	9	1	8_____	144000	15	14	0	0	0	0	0	0	0	0	0
C	Marios	25	108	9	1	8_____	144023	14	0	0	0	0	0	0	0	0	1	0
C	Marios	25	108	9	1	8_____	144027	14	0	0	0	0	1	0	0	0	0	0
C	Marios	25	108	9	1	8_____	144052	14	0	0	0	0	0	0	0	0	1	0
C	Marios	25	108	9	1	8_____	144334	14	0	0	0	0	1	0	0	0	0	0
C	Marios	25	108	9	1	8_____	144340	14	0	0	0	0	0	0	0	0	1	0
C	Marios	25	108	9	1	8_____	144363	14	0	0	0	0	1	0	0	0	0	0
C	Marios	25	108	9	1	8_____	144386	14	0	0	0	0	0	0	0	0	1	0
C	Marios	25	108	9	1	8_____	144475	14	0	0	0	0	1	0	0	0	0	0
C	Marios	25	108	9	1	8_____	144500	14	0	0	0	0	0	0	0	0	1	0
C	Marios	25	108	9	1	8_____	144513	14	0	0	0	0	1	0	0	0	0	0
C	Marios	25	108	9	1	8_____	144571	14	0	0	0	0	0	0	0	0	1	0
C	Marios	25	108	9	1	8_____	144809	14	0	0	0	0	1	0	0	0	0	0
C	Marios	25	108	9	1	8_____	144820	14	0	0	0	0	0	0	0	0	1	0
C	Marios	25	108	9	1	8_____	144823	14	0	0	0	0	1	0	0	0	0	0
C	Marios	25	108	9	1	8_____	144828	14	0	0	0	0	0	0	0	0	1	0
C	Marios	25	108	9	1	8_____	145582	14	0	0	0	0	1	0	0	0	0	0
C	Marios	25	108	9	1	8_____	145585	14	0	0	0	0	0	0	0	0	1	0
C	Marios	25	108	9	1	8_____	145589	14	0	0	0	0	1	0	0	0	0	0
C	Marios	25	108	9	1	8_____	145591	14	0	0	0	0	1	0	0	0	1	0
C	Marios	25	108	9	1	8_____	145598	14	0	0	0	0	0	0	0	0	1	0
C	Marios	25	108	9	1	8_____	146044	14	0	0	0	0	1	0	0	0	0	0
C	Marios	25	108	9	1	8_____	146066	14	0	0	0	0	0	0	0	0	1	0
C	Marios	25	108	9	1	8_____	147000	14	-1	0	0	0	0	0	0	0	0	0
C	Marios	25	108	13	1	33____	0	0	1	0	0	0	0	0	0	0	0	0
C	Marios	25	108	13	1	33____	2250	1	2	0	0	0	0	0	0	0	0	0
C	Marios	25	108	13	1	33____	2750	2	6	0	0	0	0	0	0	0	0	0
C	Marios	25	108	13	1	33____	3052	6	0	0	0	0	1	0	0	0	0	0
C	Marios	25	108	13	1	33____	3082	6	0	0	0	0	0	0	0	0	1	0
C	Marios	25	108	13	1	33____	3109	6	0	0	0	0	1	0	0	0	0	0
C	Marios	25	108	13	1	33____	3132	6	0	0	0	0	0	0	0	0	1	0
C	Marios	25	108	13	1	33____	3171	6	0	0	0	0	1	0	0	0	0	0
C	Marios	25	108	13	1	33____	3208	6	0	0	0	0	0	0	0	0	1	0
C	Marios	25	108	13	1	33____	3238	6	0	0	0	0	1	0	0	0	0	0
C	Marios	25	108	13	1	33____	3250	6	11	0	0	0	0	0	0	0	0	0
C	Marios	25	108	13	1	33____	3625	11	0	0	0	0	0	0	0	0	1	0
C	Marios	25	108	13	1	33____	3750	11	1	0	0	0	0	0	0	0	0	0
C	Marios	25	108	13	1	33____	4038	1	0	0	0	0	1	0	0	0	0	0
C	Marios	25	108	13	1	33____	4053	1	0	0	0	0	0	0	0	0	1	0
C	Marios	25	108	13	1	33____	4055	1	0	0	0	0	1	0	0	0	0	0
C	Marios	25	108	13	1	33____	4095	1	0	0	0	0	0	0	0	0	1	0
C	Marios	25	108	13	1	33____	4317	1	0	0	0	0	1	0	0	0	0	0
C	Marios	25	108	13	1	33____	4337	1	0	0	0	0	0	0	0	0	1	0
C	Marios	25	108	13	1	33____	4339	1	0	0	0	0	1	0	0	0	0	0
C	Marios	25	108	13	1	33____	4372	1	0	0	0	0	0	0	0	0	1	0
C	Marios	25	108	13	1	33____	6504	1	0	0	0	0	1	0	0	0	0	0
C	Marios	25	108	13	1	33____	6546	1	0	0	0	0	0	0	0	0	1	0
C	Marios	25	108	13	1	33____	7573	1	0	0	0	0	1	0	0	0	0	0
C	Marios	25	108	13	1	33____	7597	1	0	0	0	0	0	0	0	0	1	0
C	Marios	25	108	13	1	33____	7643	1	0	0	0	0	1	0	0	0	0	0
C	Marios	25	108	13	1	33____	7710	1	0	0	0	0	0	0	0	0	1	0
C	Marios	25	108	13	1	33____	9633	1	0	0	0	0	1	0	0	0	0	0
C	Marios	25	108	13	1	33____	9724	1	0	0	0	0	0	0	0	0	1	0
C	Marios	25	108	13	1	33____	9727	1	0	0	0	0	1	0	0	0	0	0
C	Marios	25	108	13	1	33____	9729	1	0	0	0	0	0	0	0	0	1	0
C	Marios	25	108	13	1	33____	9750	1	2	0	0	0	0	0	0	0	0	0
C	Marios	25	108	13	1	33____	9812	2	0	0	0	0	1	0	0	0	0	0
C	Marios	25	108	13	1	33____	9899	2	0	0	0	0	0	0	0	0	1	0
C	Marios	25	108	13	1	33____	9903	2	0	0	0	0	1	0	0	0	0	0
C	Marios	25	108	13	1	33____	9923	2	0	0	0	0	0	0	0	0	1	0
C	Marios	25	108	13	1	33____	9969	2	0	0	0	0	1	0	0	0	0	0
C	Marios	25	108	13	1	33____	9994	2	0	0	0	0	0	0	0	0	1	0
C	Marios	25	108	13	1	33____	10133	2	0	0	0	0	1	0	0	0	0	0
C	Marios	25	108	13	1	33____	10152	2	0	0	0	0	0	0	0	0	1	0
C	Marios	25	108	13	1	33____	10185	2	0	0	0	0	1	0	0	0	0	0
C	Marios	25	108	13	1	33____	10250	2	16	0	0	0	0	0	0	0	0	0
C	Marios	25	108	13	1	33____	10255	16	0	0	0	0	0	0	0	0	1	0
C	Marios	25	108	13	1	33____	10750	16	15	0	0	0	0	0	0	0	0	0
C	Marios	25	108	13	1	33____	10889	15	0	0	0	0	1	0	0	0	0	0
C	Marios	25	108	13	1	33____	10891	15	0	0	0	0	0	0	0	0	1	0
C	Marios	25	108	13	1	33____	10893	15	0	0	0	0	1	0	0	0	0	0
C	Marios	25	108	13	1	33____	10895	15	0	0	0	0	0	0	0	0	1	0
C	Marios	25	108	13	1	33____	11250	15	1	0	0	0	0	0	0	0	0	0
C	Marios	25	108	13	1	33____	12001	1	0	0	0	0	1	0	0	0	0	0
C	Marios	25	108	13	1	33____	12077	1	0	0	0	0	0	0	0	0	1	0
C	Marios	25	108	13	1	33____	12211	1	0	0	0	0	1	0	0	0	0	0
C	Marios	25	108	13	1	33____	12273	1	0	0	0	0	0	0	0	0	1	0
C	Marios	25	108	13	1	33____	12346	1	0	0	0	0	1	0	0	0	0	0
C	Marios	25	108	13	1	33____	12364	1	0	0	0	0	0	0	0	0	1	0
C	Marios	25	108	13	1	33____	12370	1	0	0	0	0	1	0	0	0	0	0
C	Marios	25	108	13	1	33____	12432	1	0	0	0	0	0	0	0	0	1	0
C	Marios	25	108	13	1	33____	12621	1	0	0	0	0	1	0	0	0	0	0
C	Marios	25	108	13	1	33____	12649	1	0	0	0	0	0	0	0	0	1	0
C	Marios	25	108	13	1	33____	12680	1	0	0	0	0	1	0	0	0	0	0
C	Marios	25	108	13	1	33____	12693	1	0	0	0	0	0	0	0	0	1	0
C	Marios	25	108	13	1	33____	12749	1	0	0	0	0	1	0	0	0	0	0
C	Marios	25	108	13	1	33____	12758	1	0	0	0	0	0	0	0	0	1	0
C	Marios	25	108	13	1	33____	12788	1	0	0	0	0	1	0	0	0	0	0
C	Marios	25	108	13	1	33____	12905	1	0	0	0	0	0	0	0	0	1	0
C	Marios	25	108	13	1	33____	13001	1	0	0	0	0	1	0	0	0	0	0
C	Marios	25	108	13	1	33____	13019	1	0	0	0	0	0	0	0	0	1	0
C	Marios	25	108	13	1	33____	13183	1	0	0	0	0	1	0	0	0	0	0
C	Marios	25	108	13	1	33____	13203	1	0	0	0	0	0	0	0	0	1	0
C	Marios	25	108	13	1	33____	15000	1	2	0	0	0	0	0	0	0	0	0
C	Marios	25	108	13	1	33____	15191	2	0	0	0	0	1	0	0	0	0	0
C	Marios	25	108	13	1	33____	15196	2	0	0	0	0	0	0	0	0	1	0
C	Marios	25	108	13	1	33____	15255	2	0	0	0	0	1	0	0	0	0	0
C	Marios	25	108	13	1	33____	15258	2	0	0	0	0	0	0	0	0	1	0
C	Marios	25	108	13	1	33____	15500	2	17	0	0	0	0	0	0	0	0	0
C	Marios	25	108	13	1	33____	16000	17	15	0	0	0	0	0	0	0	0	0
C	Marios	25	108	13	1	33____	16429	15	0	0	0	0	1	0	0	0	0	0
C	Marios	25	108	13	1	33____	16476	15	0	0	0	0	0	0	0	0	1	0
C	Marios	25	108	13	1	33____	16500	15	1	0	0	0	0	0	0	0	0	0
C	Marios	25	108	13	1	33____	16578	1	0	0	0	0	1	0	0	0	0	0
C	Marios	25	108	13	1	33____	16679	1	0	0	0	0	0	0	0	0	1	0
C	Marios	25	108	13	1	33____	17283	1	0	0	0	0	1	0	0	0	0	0
C	Marios	25	108	13	1	33____	17298	1	0	0	0	0	0	0	0	0	1	0
C	Marios	25	108	13	1	33____	18747	1	0	0	0	0	1	0	0	0	0	0
C	Marios	25	108	13	1	33____	18842	1	0	0	0	0	0	0	0	0	1	0
C	Marios	25	108	13	1	33____	18952	1	0	0	0	0	1	0	0	0	0	0
C	Marios	25	108	13	1	33____	18963	1	0	0	0	0	0	0	0	0	1	0
C	Marios	25	108	13	1	33____	20306	1	0	0	0	0	1	0	0	0	0	0
C	Marios	25	108	13	1	33____	20312	1	0	0	0	0	0	0	0	0	1	0
C	Marios	25	108	13	1	33____	23464	1	0	0	0	0	1	0	0	0	0	0
C	Marios	25	108	13	1	33____	23503	1	0	0	0	0	0	0	0	0	1	0
C	Marios	25	108	13	1	33____	23655	1	0	0	0	0	1	0	0	0	0	0
C	Marios	25	108	13	1	33____	23658	1	0	0	0	0	0	0	0	0	1	0
C	Marios	25	108	13	1	33____	24000	1	2	0	0	0	0	0	0	0	0	0
C	Marios	25	108	13	1	33____	24500	2	17	0	0	0	0	0	0	0	0	0
C	Marios	25	108	13	1	33____	25000	17	15	0	0	0	0	0	0	0	0	0
C	Marios	25	108	13	1	33____	25500	15	1	0	0	0	0	0	0	0	0	0
C	Marios	25	108	13	1	33____	26444	1	0	0	0	0	1	0	0	0	0	0
C	Marios	25	108	13	1	33____	26455	1	0	0	0	0	0	0	0	0	1	0
C	Marios	25	108	13	1	33____	26538	1	0	0	0	0	1	0	0	0	0	0
C	Marios	25	108	13	1	33____	26569	1	0	0	0	0	0	0	0	0	1	0
C	Marios	25	108	13	1	33____	26833	1	0	0	0	0	1	0	0	0	0	0
C	Marios	25	108	13	1	33____	26858	1	0	0	0	0	0	0	0	0	1	0
C	Marios	25	108	13	1	33____	29000	1	2	0	0	0	0	0	0	0	0	0
C	Marios	25	108	13	1	33____	29500	2	16	0	0	0	0	0	0	0	0	0
C	Marios	25	108	13	1	33____	29778	16	0	0	0	0	1	0	0	0	0	0
C	Marios	25	108	13	1	33____	29794	16	0	0	0	0	0	0	0	0	1	0
C	Marios	25	108	13	1	33____	29900	16	0	0	0	0	1	0	0	0	0	0
C	Marios	25	108	13	1	33____	29949	16	0	0	0	0	0	0	0	0	1	0
C	Marios	25	108	13	1	33____	30000	16	15	0	0	0	0	0	0	0	0	0
C	Marios	25	108	13	1	33____	30500	15	1	0	0	0	0	0	0	0	0	0
C	Marios	25	108	13	1	33____	34841	1	0	0	0	0	1	0	0	0	0	0
C	Marios	25	108	13	1	33____	34920	1	0	0	0	0	0	0	0	0	1	0
C	Marios	25	108	13	1	33____	37214	1	0	0	0	0	1	0	0	0	0	0
C	Marios	25	108	13	1	33____	37226	1	0	0	0	0	0	0	0	0	1	0
C	Marios	25	108	13	1	33____	37250	1	2	0	0	0	0	0	0	0	0	0
C	Marios	25	108	13	1	33____	37292	2	0	0	0	0	1	0	0	0	0	0
C	Marios	25	108	13	1	33____	37647	2	0	0	0	0	0	0	0	0	1	0
C	Marios	25	108	13	1	33____	37750	2	7	0	0	0	0	0	0	0	0	0
C	Marios	25	108	13	1	33____	37767	7	0	0	0	0	1	0	0	0	0	0
C	Marios	25	108	13	1	33____	37769	7	0	0	0	0	0	0	0	0	1	0
C	Marios	25	108	13	1	33____	37817	7	0	0	0	0	1	0	0	0	0	0
C	Marios	25	108	13	1	33____	37897	7	0	0	0	0	0	0	0	0	1	0
C	Marios	25	108	13	1	33____	37950	7	0	0	0	0	1	0	0	0	0	0
C	Marios	25	108	13	1	33____	38051	7	0	0	0	0	0	0	0	0	1	0
C	Marios	25	108	13	1	33____	38250	7	10	0	0	0	0	0	0	0	0	0
C	Marios	25	108	13	1	33____	38304	10	0	0	0	0	1	0	0	0	0	0
C	Marios	25	108	13	1	33____	38640	10	0	0	0	0	0	0	0	0	1	0
C	Marios	25	108	13	1	33____	38662	10	0	0	0	0	1	0	0	0	0	0
C	Marios	25	108	13	1	33____	38676	10	0	0	0	0	0	0	0	0	1	0
C	Marios	25	108	13	1	33____	38678	10	0	0	0	0	1	0	0	0	0	0
C	Marios	25	108	13	1	33____	38687	10	0	0	0	0	0	0	0	0	1	0
C	Marios	25	108	13	1	33____	38742	10	0	0	0	0	1	0	0	0	0	0
C	Marios	25	108	13	1	33____	38750	10	1	0	0	0	0	0	0	0	0	0
C	Marios	25	108	13	1	33____	38791	1	0	0	0	0	0	0	0	0	1	0
C	Marios	25	108	13	1	33____	39022	1	0	0	0	0	1	0	0	0	0	0
C	Marios	25	108	13	1	33____	39031	1	0	0	0	0	0	0	0	0	1	0
C	Marios	25	108	13	1	33____	40182	1	0	0	0	0	1	0	0	0	0	0
C	Marios	25	108	13	1	33____	40185	1	0	0	0	0	0	0	0	0	1	0
C	Marios	25	108	13	1	33____	41197	1	0	0	0	0	1	0	0	0	0	0
C	Marios	25	108	13	1	33____	41537	1	0	0	0	0	0	0	0	0	1	0
C	Marios	25	108	13	1	33____	41819	1	0	0	0	0	1	0	0	0	0	0
C	Marios	25	108	13	1	33____	41918	1	0	0	0	0	0	0	0	0	1	0
C	Marios	25	108	13	1	33____	43249	1	0	0	0	0	1	0	0	0	0	0
C	Marios	25	108	13	1	33____	43252	1	0	0	0	0	0	0	0	0	1	0
C	Marios	25	108	13	1	33____	43301	1	0	0	0	0	1	0	0	0	0	0
C	Marios	25	108	13	1	33____	43350	1	0	0	0	0	0	0	0	0	1	0
C	Marios	25	108	13	1	33____	44237	1	0	0	0	0	1	0	0	0	0	0
C	Marios	25	108	13	1	33____	44247	1	0	0	0	0	0	0	0	0	1	0
C	Marios	25	108	13	1	33____	44250	1	2	0	0	0	0	0	0	0	0	0
C	Marios	25	108	13	1	33____	44320	2	0	0	0	0	1	0	0	0	0	0
C	Marios	25	108	13	1	33____	44487	2	0	0	0	0	0	0	0	0	1	0
C	Marios	25	108	13	1	33____	44589	2	0	0	0	0	1	0	0	0	0	0
C	Marios	25	108	13	1	33____	44608	2	0	0	0	0	0	0	0	0	1	0
C	Marios	25	108	13	1	33____	44633	2	0	0	0	0	1	0	0	0	0	0
C	Marios	25	108	13	1	33____	44635	2	0	0	0	0	0	0	0	0	1	0
C	Marios	25	108	13	1	33____	44692	2	0	0	0	0	1	0	0	0	0	0
C	Marios	25	108	13	1	33____	44694	2	0	0	0	0	0	0	0	0	1	0
C	Marios	25	108	13	1	33____	44714	2	0	0	0	0	1	0	0	0	0	0
C	Marios	25	108	13	1	33____	44729	2	0	0	0	0	0	0	0	0	1	0
C	Marios	25	108	13	1	33____	44732	2	0	0	0	0	1	0	0	0	0	0
C	Marios	25	108	13	1	33____	44740	2	0	0	0	0	0	0	0	0	1	0
C	Marios	25	108	13	1	33____	44742	2	0	0	0	0	1	0	0	0	0	0
C	Marios	25	108	13	1	33____	44750	2	17	0	0	0	0	0	0	0	0	0
C	Marios	25	108	13	1	33____	44751	17	0	0	0	0	1	0	0	0	1	0
C	Marios	25	108	13	1	33____	44753	17	0	0	0	0	0	0	0	0	1	0
C	Marios	25	108	13	1	33____	45194	17	0	0	0	0	1	0	0	0	0	0
C	Marios	25	108	13	1	33____	45250	17	15	0	0	0	0	0	0	0	0	0
C	Marios	25	108	13	1	33____	45398	15	0	0	0	0	0	0	0	0	1	0
C	Marios	25	108	13	1	33____	45472	15	0	0	0	0	1	0	0	0	0	0
C	Marios	25	108	13	1	33____	45631	15	0	0	0	0	0	0	0	0	1	0
C	Marios	25	108	13	1	33____	45750	15	1	0	0	0	0	0	0	0	0	0
C	Marios	25	108	13	1	33____	46128	1	0	0	0	0	1	0	0	0	0	0
C	Marios	25	108	13	1	33____	46260	1	0	0	0	0	0	0	0	0	1	0
C	Marios	25	108	13	1	33____	46345	1	0	0	0	0	1	0	0	0	0	0
C	Marios	25	108	13	1	33____	46453	1	0	0	0	0	0	0	0	0	1	0
C	Marios	25	108	13	1	33____	46635	1	0	0	0	0	1	0	0	0	0	0
C	Marios	25	108	13	1	33____	46801	1	0	0	0	0	0	0	0	0	1	0
C	Marios	25	108	13	1	33____	47168	1	0	0	0	0	1	0	0	0	0	0
C	Marios	25	108	13	1	33____	47299	1	0	0	0	0	0	0	0	0	1	0
C	Marios	25	108	13	1	33____	49086	1	0	0	0	0	1	0	0	0	0	0
C	Marios	25	108	13	1	33____	49088	1	0	0	0	0	0	0	0	0	1	0
C	Marios	25	108	13	1	33____	49089	1	0	0	0	0	1	0	0	0	0	0
C	Marios	25	108	13	1	33____	49107	1	0	0	0	0	0	0	0	0	1	0
C	Marios	25	108	13	1	33____	50820	1	0	0	0	0	1	0	0	0	0	0
C	Marios	25	108	13	1	33____	50903	1	0	0	0	0	0	0	0	0	1	0
C	Marios	25	108	13	1	33____	51000	1	2	0	0	0	0	0	0	0	0	0
C	Marios	25	108	13	1	33____	51500	2	17	0	0	0	0	0	0	0	0	0
C	Marios	25	108	13	1	33____	52000	17	15	0	0	0	0	0	0	0	0	0
C	Marios	25	108	13	1	33____	52500	15	1	0	0	0	0	0	0	0	0	0
C	Marios	25	108	13	1	33____	52831	1	0	0	0	0	1	0	0	0	0	0
C	Marios	25	108	13	1	33____	52907	1	0	0	0	0	0	0	0	0	1	0
C	Marios	25	108	13	1	33____	53684	1	0	0	0	0	1	0	0	0	0	0
C	Marios	25	108	13	1	33____	53690	1	0	0	0	0	0	0	0	0	1	0
C	Marios	25	108	13	1	33____	53693	1	0	0	0	0	1	0	0	0	0	0
C	Marios	25	108	13	1	33____	53841	1	0	0	0	0	0	0	0	0	1	0
C	Marios	25	108	13	1	33____	55500	1	2	0	0	0	0	0	0	0	0	0
C	Marios	25	108	13	1	33____	55866	2	0	0	0	0	1	0	0	0	0	0
C	Marios	25	108	13	1	33____	55881	2	0	0	0	0	0	0	0	0	1	0
C	Marios	25	108	13	1	33____	56000	2	16	0	0	0	0	0	0	0	0	0
C	Marios	25	108	13	1	33____	56310	16	0	0	0	0	1	0	0	0	0	0
C	Marios	25	108	13	1	33____	56357	16	0	0	0	0	0	0	0	0	1	0
C	Marios	25	108	13	1	33____	56394	16	0	0	0	0	1	0	0	0	0	0
C	Marios	25	108	13	1	33____	56445	16	0	0	0	0	0	0	0	0	1	0
C	Marios	25	108	13	1	33____	56500	16	15	0	0	0	0	0	0	0	0	0
C	Marios	25	108	13	1	33____	56796	15	0	0	0	0	1	0	0	0	0	0
C	Marios	25	108	13	1	33____	56960	15	0	0	0	0	0	0	0	0	1	0
C	Marios	25	108	13	1	33____	57000	15	1	0	0	0	0	0	0	0	0	0
C	Marios	25	108	13	1	33____	57799	1	0	0	0	0	1	0	0	0	0	0
C	Marios	25	108	13	1	33____	57809	1	0	0	0	0	0	0	0	0	1	0
C	Marios	25	108	13	1	33____	57841	1	0	0	0	0	1	0	0	0	0	0
C	Marios	25	108	13	1	33____	58066	1	0	0	0	0	0	0	0	0	1	0
C	Marios	25	108	13	1	33____	58308	1	0	0	0	0	1	0	0	0	0	0
C	Marios	25	108	13	1	33____	58500	1	2	0	0	0	0	0	0	0	0	0
C	Marios	25	108	13	1	33____	58548	2	0	0	0	0	0	0	0	0	1	0
C	Marios	25	108	13	1	33____	59000	2	7	0	0	0	0	0	0	0	0	0
C	Marios	25	108	13	1	33____	59063	7	0	0	0	0	1	0	0	0	0	0
C	Marios	25	108	13	1	33____	59112	7	0	0	0	0	0	0	0	0	1	0
C	Marios	25	108	13	1	33____	59171	7	0	0	0	0	1	0	0	0	0	0
C	Marios	25	108	13	1	33____	59276	7	0	0	0	0	0	0	0	0	1	0
C	Marios	25	108	13	1	33____	59385	7	0	0	0	0	1	0	0	0	0	0
C	Marios	25	108	13	1	33____	59498	7	0	0	0	0	0	0	0	0	1	0
C	Marios	25	108	13	1	33____	59500	7	10	0	0	0	0	0	0	0	0	0
C	Marios	25	108	13	1	33____	59517	10	0	0	0	0	1	0	0	0	0	0
C	Marios	25	108	13	1	33____	59808	10	0	0	0	0	0	0	0	0	1	0
C	Marios	25	108	13	1	33____	59812	10	0	0	0	0	1	0	0	0	0	0
C	Marios	25	108	13	1	33____	59814	10	0	0	0	0	0	0	0	0	1	0
C	Marios	25	108	13	1	33____	59926	10	0	0	0	0	1	0	0	0	0	0
C	Marios	25	108	13	1	33____	60000	10	1	0	0	0	0	0	0	0	0	0
C	Marios	25	108	13	1	33____	60005	1	0	0	0	0	0	0	0	0	1	0
C	Marios	25	108	13	1	33____	62849	1	0	0	0	0	1	0	0	0	0	0
C	Marios	25	108	13	1	33____	62876	1	0	0	0	0	0	0	0	0	1	0
C	Marios	25	108	13	1	33____	64500	1	2	0	0	0	0	0	0	0	0	0
C	Marios	25	108	13	1	33____	65000	2	16	0	0	0	0	0	0	0	0	0
C	Marios	25	108	13	1	33____	65482	16	0	0	0	0	1	0	0	0	0	0
C	Marios	25	108	13	1	33____	65500	16	15	0	0	0	0	0	0	0	0	0
C	Marios	25	108	13	1	33____	65524	15	0	0	0	0	0	0	0	0	1	0
C	Marios	25	108	13	1	33____	66000	15	1	0	0	0	0	0	0	0	0	0
C	Marios	25	108	13	1	33____	66968	1	0	0	0	0	1	0	0	0	0	0
C	Marios	25	108	13	1	33____	66988	1	0	0	0	0	0	0	0	0	1	0
C	Marios	25	108	13	1	33____	67037	1	0	0	0	0	1	0	0	0	0	0
C	Marios	25	108	13	1	33____	67113	1	0	0	0	0	0	0	0	0	1	0
C	Marios	25	108	13	1	33____	69333	1	0	0	0	0	1	0	0	0	0	0
C	Marios	25	108	13	1	33____	69356	1	0	0	0	0	0	0	0	0	1	0
C	Marios	25	108	13	1	33____	70500	1	2	0	0	0	0	0	0	0	0	0
C	Marios	25	108	13	1	33____	71000	2	6	0	0	0	0	0	0	0	0	0
C	Marios	25	108	13	1	33____	71044	6	0	0	0	0	1	0	0	0	0	0
C	Marios	25	108	13	1	33____	71120	6	0	0	0	0	0	0	0	0	1	0
C	Marios	25	108	13	1	33____	71194	6	0	0	0	0	1	0	0	0	0	0
C	Marios	25	108	13	1	33____	71322	6	0	0	0	0	0	0	0	0	1	0
C	Marios	25	108	13	1	33____	71408	6	0	0	0	0	1	0	0	0	0	0
C	Marios	25	108	13	1	33____	71480	6	0	0	0	0	0	0	0	0	1	0
C	Marios	25	108	13	1	33____	71500	6	11	0	0	0	0	0	0	0	0	0
C	Marios	25	108	13	1	33____	71534	11	0	0	0	0	1	0	0	0	0	0
C	Marios	25	108	13	1	33____	71841	11	0	0	0	0	0	0	0	0	1	0
C	Marios	25	108	13	1	33____	71854	11	0	0	0	0	1	0	0	0	0	0
C	Marios	25	108	13	1	33____	71856	11	0	0	0	0	0	0	0	0	1	0
C	Marios	25	108	13	1	33____	71858	11	0	0	0	0	1	0	0	0	0	0
C	Marios	25	108	13	1	33____	71965	11	0	0	0	0	0	0	0	0	1	0
C	Marios	25	108	13	1	33____	71971	11	0	0	0	0	1	0	0	0	0	0
C	Marios	25	108	13	1	33____	71973	11	0	0	0	0	0	0	0	0	1	0
C	Marios	25	108	13	1	33____	71983	11	0	0	0	0	1	0	0	0	0	0
C	Marios	25	108	13	1	33____	72000	11	1	0	0	0	0	0	0	0	1	0
C	Marios	25	108	13	1	33____	72001	1	0	0	0	0	1	0	0	0	0	0
C	Marios	25	108	13	1	33____	72006	1	0	0	0	0	0	0	0	0	1	0
C	Marios	25	108	13	1	33____	72112	1	0	0	0	0	1	0	0	0	0	0
C	Marios	25	108	13	1	33____	72168	1	0	0	0	0	0	0	0	0	1	0
C	Marios	25	108	13	1	33____	76082	1	0	0	0	0	1	0	0	0	0	0
C	Marios	25	108	13	1	33____	76090	1	0	0	0	0	0	0	0	0	1	0
C	Marios	25	108	13	1	33____	76093	1	0	0	0	0	1	0	0	0	0	0
C	Marios	25	108	13	1	33____	76098	1	0	0	0	0	0	0	0	0	1	0
C	Marios	25	108	13	1	33____	76131	1	0	0	0	0	1	0	0	0	0	0
C	Marios	25	108	13	1	33____	76318	1	0	0	0	0	0	0	0	0	1	0
C	Marios	25	108	13	1	33____	76709	1	0	0	0	0	1	0	0	0	0	0
C	Marios	25	108	13	1	33____	76726	1	0	0	0	0	0	0	0	0	1	0
C	Marios	25	108	13	1	33____	76778	1	0	0	0	0	1	0	0	0	0	0
C	Marios	25	108	13	1	33____	77078	1	0	0	0	0	0	0	0	0	1	0
C	Marios	25	108	13	1	33____	77736	1	0	0	0	0	1	0	0	0	0	0
C	Marios	25	108	13	1	33____	77797	1	0	0	0	0	0	0	0	0	1	0
C	Marios	25	108	13	1	33____	77800	1	0	0	0	0	1	0	0	0	0	0
C	Marios	25	108	13	1	33____	77815	1	0	0	0	0	0	0	0	0	1	0
C	Marios	25	108	13	1	33____	77818	1	0	0	0	0	1	0	0	0	0	0
C	Marios	25	108	13	1	33____	77821	1	0	0	0	0	0	0	0	0	1	0
C	Marios	25	108	13	1	33____	77829	1	0	0	0	0	1	0	0	0	0	0
C	Marios	25	108	13	1	33____	77849	1	0	0	0	0	0	0	0	0	1	0
C	Marios	25	108	13	1	33____	77852	1	0	0	0	0	1	0	0	0	0	0
C	Marios	25	108	13	1	33____	77854	1	0	0	0	0	0	0	0	0	1	0
C	Marios	25	108	13	1	33____	77985	1	0	0	0	0	1	0	0	0	0	0
C	Marios	25	108	13	1	33____	78080	1	0	0	0	0	0	0	0	0	1	0
C	Marios	25	108	13	1	33____	78082	1	0	0	0	0	1	0	0	0	0	0
C	Marios	25	108	13	1	33____	78106	1	0	0	0	0	0	0	0	0	1	0
C	Marios	25	108	13	1	33____	78107	1	0	0	0	0	1	0	0	0	0	0
C	Marios	25	108	13	1	33____	78110	1	0	0	0	0	0	0	0	0	1	0
C	Marios	25	108	13	1	33____	78113	1	0	0	0	0	1	0	0	0	0	0
C	Marios	25	108	13	1	33____	78118	1	0	0	0	0	0	0	0	0	1	0
C	Marios	25	108	13	1	33____	78121	1	0	0	0	0	1	0	0	0	0	0
C	Marios	25	108	13	1	33____	78123	1	0	0	0	0	0	0	0	0	1	0
C	Marios	25	108	13	1	33____	78130	1	0	0	0	0	1	0	0	0	0	0
C	Marios	25	108	13	1	33____	78272	1	0	0	0	0	0	0	0	0	1	0
C	Marios	25	108	13	1	33____	78308	1	0	0	0	0	1	0	0	0	0	0
C	Marios	25	108	13	1	33____	78315	1	0	0	0	0	0	0	0	0	1	0
C	Marios	25	108	13	1	33____	79500	1	2	0	0	0	0	0	0	0	0	0
C	Marios	25	108	13	1	33____	80000	2	16	0	0	0	0	0	0	0	0	0
C	Marios	25	108	13	1	33____	80500	16	15	0	0	0	0	0	0	0	0	0
C	Marios	25	108	13	1	33____	80730	15	0	0	0	0	1	0	0	0	0	0
C	Marios	25	108	13	1	33____	80754	15	0	0	0	0	0	0	0	0	1	0
C	Marios	25	108	13	1	33____	81000	15	1	0	0	0	0	0	0	0	0	0
C	Marios	25	108	13	1	33____	81454	1	0	0	0	0	1	0	0	0	0	0
C	Marios	25	108	13	1	33____	81472	1	0	0	0	0	0	0	0	0	1	0
C	Marios	25	108	13	1	33____	81481	1	0	0	0	0	1	0	0	0	0	0
C	Marios	25	108	13	1	33____	81612	1	0	0	0	0	0	0	0	0	1	0
C	Marios	25	108	13	1	33____	81678	1	0	0	0	0	1	0	0	0	0	0
C	Marios	25	108	13	1	33____	82121	1	0	0	0	0	0	0	0	0	1	0
C	Marios	25	108	13	1	33____	82201	1	0	0	0	0	1	0	0	0	0	0
C	Marios	25	108	13	1	33____	82373	1	0	0	0	0	0	0	0	0	1	0
C	Marios	25	108	13	1	33____	82774	1	0	0	0	0	1	0	0	0	0	0
C	Marios	25	108	13	1	33____	83099	1	0	0	0	0	0	0	0	0	1	0
C	Marios	25	108	13	1	33____	84000	1	2	0	0	0	0	0	0	0	0	0
C	Marios	25	108	13	1	33____	84500	2	17	0	0	0	0	0	0	0	0	0
C	Marios	25	108	13	1	33____	85000	17	15	0	0	0	0	0	0	0	0	0
C	Marios	25	108	13	1	33____	85265	15	0	0	0	0	1	0	0	0	0	0
C	Marios	25	108	13	1	33____	85372	15	0	0	0	0	0	0	0	0	1	0
C	Marios	25	108	13	1	33____	85500	15	1	0	0	0	0	0	0	0	0	0
C	Marios	25	108	13	1	33____	85819	1	0	0	0	0	1	0	0	0	0	0
C	Marios	25	108	13	1	33____	85878	1	0	0	0	0	0	0	0	0	1	0
C	Marios	25	108	13	1	33____	89000	1	0	0	0	0	1	0	0	0	0	0
C	Marios	25	108	13	1	33____	89062	1	0	0	0	0	0	0	0	0	1	0
C	Marios	25	108	13	1	33____	89070	1	0	0	0	0	1	0	0	0	0	0
C	Marios	25	108	13	1	33____	89097	1	0	0	0	0	0	0	0	0	1	0
C	Marios	25	108	13	1	33____	90491	1	0	0	0	0	1	0	0	0	0	0
C	Marios	25	108	13	1	33____	90884	1	0	0	0	0	0	0	0	0	1	0
C	Marios	25	108	13	1	33____	92250	1	2	0	0	0	0	0	0	0	0	0
C	Marios	25	108	13	1	33____	92750	2	6	0	0	0	0	0	0	0	0	0
C	Marios	25	108	13	1	33____	92865	6	0	0	0	0	1	0	0	0	0	0
C	Marios	25	108	13	1	33____	93053	6	0	0	0	0	0	0	0	0	1	0
C	Marios	25	108	13	1	33____	93055	6	0	0	0	0	1	0	0	0	0	0
C	Marios	25	108	13	1	33____	93108	6	0	0	0	0	0	0	0	0	1	0
C	Marios	25	108	13	1	33____	93118	6	0	0	0	0	1	0	0	0	0	0
C	Marios	25	108	13	1	33____	93153	6	0	0	0	0	0	0	0	0	1	0
C	Marios	25	108	13	1	33____	93178	6	0	0	0	0	1	0	0	0	0	0
C	Marios	25	108	13	1	33____	93223	6	0	0	0	0	0	0	0	0	1	0
C	Marios	25	108	13	1	33____	93250	6	11	0	0	0	0	0	0	0	0	0
C	Marios	25	108	13	1	33____	93266	11	0	0	0	0	1	0	0	0	0	0
C	Marios	25	108	13	1	33____	93416	11	0	0	0	0	0	0	0	0	1	0
C	Marios	25	108	13	1	33____	93421	11	0	0	0	0	1	0	0	0	0	0
C	Marios	25	108	13	1	33____	93597	11	0	0	0	0	0	0	0	0	1	0
C	Marios	25	108	13	1	33____	93604	11	0	0	0	0	1	0	0	0	0	0
C	Marios	25	108	13	1	33____	93607	11	0	0	0	0	0	0	0	0	1	0
C	Marios	25	108	13	1	33____	93619	11	0	0	0	0	1	0	0	0	0	0
C	Marios	25	108	13	1	33____	93621	11	0	0	0	0	0	0	0	0	1	0
C	Marios	25	108	13	1	33____	93622	11	0	0	0	0	1	0	0	0	0	0
C	Marios	25	108	13	1	33____	93639	11	0	0	0	0	0	0	0	0	1	0
C	Marios	25	108	13	1	33____	93641	11	0	0	0	0	1	0	0	0	0	0
C	Marios	25	108	13	1	33____	93643	11	0	0	0	0	0	0	0	0	1	0
C	Marios	25	108	13	1	33____	93750	11	1	0	0	0	0	0	0	0	0	0
C	Marios	25	108	13	1	33____	93839	1	0	0	0	0	1	0	0	0	0	0
C	Marios	25	108	13	1	33____	93844	1	0	0	0	0	0	0	0	0	1	0
C	Marios	25	108	13	1	33____	96065	1	0	0	0	0	1	0	0	0	0	0
C	Marios	25	108	13	1	33____	96154	1	0	0	0	0	0	0	0	0	1	0
C	Marios	25	108	13	1	33____	96775	1	0	0	0	0	1	0	0	0	0	0
C	Marios	25	108	13	1	33____	96957	1	0	0	0	0	0	0	0	0	1	0
C	Marios	25	108	13	1	33____	97250	1	2	0	0	0	0	0	0	0	0	0
C	Marios	25	108	13	1	33____	97750	2	17	0	0	0	0	0	0	0	0	0
C	Marios	25	108	13	1	33____	98250	17	15	0	0	0	0	0	0	0	0	0
C	Marios	25	108	13	1	33____	98750	15	1	0	0	0	0	0	0	0	0	0
C	Marios	25	108	13	1	33____	99003	1	0	0	0	0	1	0	0	0	0	0
C	Marios	25	108	13	1	33____	99013	1	0	0	0	0	0	0	0	0	1	0
C	Marios	25	108	13	1	33____	99033	1	0	0	0	0	1	0	0	0	0	0
C	Marios	25	108	13	1	33____	99037	1	0	0	0	0	0	0	0	0	1	0
C	Marios	25	108	13	1	33____	99054	1	0	0	0	0	1	0	0	0	0	0
C	Marios	25	108	13	1	33____	99079	1	0	0	0	0	0	0	0	0	1	0
C	Marios	25	108	13	1	33____	99098	1	0	0	0	0	1	0	0	0	0	0
C	Marios	25	108	13	1	33____	99141	1	0	0	0	0	0	0	0	0	1	0
C	Marios	25	108	13	1	33____	101309	1	0	0	0	0	1	0	0	0	0	0
C	Marios	25	108	13	1	33____	101693	1	0	0	0	0	0	0	0	0	1	0
C	Marios	25	108	13	1	33____	102487	1	0	0	0	0	1	0	0	0	0	0
C	Marios	25	108	13	1	33____	102692	1	0	0	0	0	0	0	0	0	1	0
C	Marios	25	108	13	1	33____	103122	1	0	0	0	0	1	0	0	0	0	0
C	Marios	25	108	13	1	33____	103598	1	0	0	0	0	0	0	0	0	1	0
C	Marios	25	108	13	1	33____	103823	1	0	0	0	0	1	0	0	0	0	0
C	Marios	25	108	13	1	33____	104109	1	0	0	0	0	0	0	0	0	1	0
C	Marios	25	108	13	1	33____	104501	1	0	0	0	0	1	0	0	0	0	0
C	Marios	25	108	13	1	33____	104609	1	0	0	0	0	0	0	0	0	1	0
C	Marios	25	108	13	1	33____	104750	1	2	0	0	0	0	0	0	0	0	0
C	Marios	25	108	13	1	33____	104881	2	0	0	0	0	1	0	0	0	0	0
C	Marios	25	108	13	1	33____	105250	2	7	0	0	0	0	0	0	0	0	0
C	Marios	25	108	13	1	33____	105261	7	0	0	0	0	0	0	0	0	1	0
C	Marios	25	108	13	1	33____	105294	7	0	0	0	0	1	0	0	0	0	0
C	Marios	25	108	13	1	33____	105352	7	0	0	0	0	0	0	0	0	1	0
C	Marios	25	108	13	1	33____	105408	7	0	0	0	0	1	0	0	0	0	0
C	Marios	25	108	13	1	33____	105509	7	0	0	0	0	0	0	0	0	1	0
C	Marios	25	108	13	1	33____	105520	7	0	0	0	0	1	0	0	0	0	0
C	Marios	25	108	13	1	33____	105650	7	0	0	0	0	0	0	0	0	1	0
C	Marios	25	108	13	1	33____	105720	7	0	0	0	0	1	0	0	0	0	0
C	Marios	25	108	13	1	33____	105750	7	10	0	0	0	0	0	0	0	0	0
C	Marios	25	108	13	1	33____	105779	10	0	0	0	0	0	0	0	0	1	0
C	Marios	25	108	13	1	33____	106129	10	0	0	0	0	1	0	0	0	0	0
C	Marios	25	108	13	1	33____	106250	10	1	0	0	0	0	0	0	0	0	0
C	Marios	25	108	13	1	33____	106519	1	0	0	0	0	0	0	0	0	1	0
C	Marios	25	108	13	1	33____	106599	1	0	0	0	0	1	0	0	0	0	0
C	Marios	25	108	13	1	33____	106707	1	0	0	0	0	0	0	0	0	1	0
C	Marios	25	108	13	1	33____	110000	1	2	0	0	0	0	0	0	0	0	0
C	Marios	25	108	13	1	33____	110500	2	16	0	0	0	0	0	0	0	0	0
C	Marios	25	108	13	1	33____	111000	16	15	0	0	0	0	0	0	0	0	0
C	Marios	25	108	13	1	33____	111477	15	0	0	0	0	1	0	0	0	0	0
C	Marios	25	108	13	1	33____	111479	15	0	0	0	0	0	0	0	0	1	0
C	Marios	25	108	13	1	33____	111500	15	1	0	0	0	0	0	0	0	0	0
C	Marios	25	108	13	1	33____	111556	1	0	0	0	0	1	0	0	0	0	0
C	Marios	25	108	13	1	33____	111623	1	0	0	0	0	0	0	0	0	1	0
C	Marios	25	108	13	1	33____	112580	1	0	0	0	0	1	0	0	0	0	0
C	Marios	25	108	13	1	33____	112589	1	0	0	0	0	0	0	0	0	1	0
C	Marios	25	108	13	1	33____	112599	1	0	0	0	0	1	0	0	0	0	0
C	Marios	25	108	13	1	33____	112734	1	0	0	0	0	0	0	0	0	1	0
C	Marios	25	108	13	1	33____	116000	1	2	0	0	0	0	0	0	0	0	0
C	Marios	25	108	13	1	33____	116500	2	16	0	0	0	0	0	0	0	0	0
C	Marios	25	108	13	1	33____	116767	16	0	0	0	0	1	0	0	0	0	0
C	Marios	25	108	13	1	33____	117000	16	15	0	0	0	0	0	0	0	0	0
C	Marios	25	108	13	1	33____	117126	15	0	0	0	0	0	0	0	0	1	0
C	Marios	25	108	13	1	33____	117214	15	0	0	0	0	1	0	0	0	0	0
C	Marios	25	108	13	1	33____	117500	15	1	0	0	0	0	0	0	0	0	0
C	Marios	25	108	13	1	33____	117600	1	0	0	0	0	0	0	0	0	1	0
C	Marios	25	108	13	1	33____	119935	1	0	0	0	0	1	0	0	0	0	0
C	Marios	25	108	13	1	33____	119941	1	0	0	0	0	0	0	0	0	1	0
C	Marios	25	108	13	1	33____	119943	1	0	0	0	0	1	0	0	0	0	0
C	Marios	25	108	13	1	33____	119949	1	0	0	0	0	0	0	0	0	1	0
C	Marios	25	108	13	1	33____	119950	1	0	0	0	0	1	0	0	0	0	0
C	Marios	25	108	13	1	33____	120122	1	0	0	0	0	0	0	0	0	1	0
C	Marios	25	108	13	1	33____	122854	1	0	0	0	0	1	0	0	0	0	0
C	Marios	25	108	13	1	33____	123000	1	2	0	0	0	0	0	0	0	0	0
C	Marios	25	108	13	1	33____	123435	2	0	0	0	0	0	0	0	0	1	0
C	Marios	25	108	13	1	33____	123448	2	0	0	0	0	1	0	0	0	0	0
C	Marios	25	108	13	1	33____	123500	2	17	0	0	0	0	0	0	0	0	0
C	Marios	25	108	13	1	33____	123506	17	0	0	0	0	0	0	0	0	1	0
C	Marios	25	108	13	1	33____	124000	17	15	0	0	0	0	0	0	0	0	0
C	Marios	25	108	13	1	33____	124088	15	0	0	0	0	1	0	0	0	0	0
C	Marios	25	108	13	1	33____	124236	15	0	0	0	0	0	0	0	0	1	0
C	Marios	25	108	13	1	33____	124486	15	0	0	0	0	1	0	0	0	0	0
C	Marios	25	108	13	1	33____	124500	15	1	0	0	0	0	0	0	0	0	0
C	Marios	25	108	13	1	33____	124683	1	0	0	0	0	0	0	0	0	1	0
C	Marios	25	108	13	1	33____	127021	1	0	0	0	0	1	0	0	0	0	0
C	Marios	25	108	13	1	33____	127036	1	0	0	0	0	0	0	0	0	1	0
C	Marios	25	108	13	1	33____	127297	1	0	0	0	0	1	0	0	0	0	0
C	Marios	25	108	13	1	33____	127412	1	0	0	0	0	0	0	0	0	1	0
C	Marios	25	108	13	1	33____	127488	1	0	0	0	0	1	0	0	0	0	0
C	Marios	25	108	13	1	33____	127531	1	0	0	0	0	0	0	0	0	1	0
C	Marios	25	108	13	1	33____	127792	1	0	0	0	0	1	0	0	0	0	0
C	Marios	25	108	13	1	33____	127796	1	0	0	0	0	0	0	0	0	1	0
C	Marios	25	108	13	1	33____	129750	1	2	0	0	0	0	0	0	0	0	0
C	Marios	25	108	13	1	33____	130250	2	6	0	0	0	0	0	0	0	0	0
C	Marios	25	108	13	1	33____	130350	6	0	0	0	0	1	0	0	0	0	0
C	Marios	25	108	13	1	33____	130625	6	0	0	0	0	0	0	0	0	1	0
C	Marios	25	108	13	1	33____	130626	6	0	0	0	0	1	0	0	0	0	0
C	Marios	25	108	13	1	33____	130700	6	0	0	0	0	0	0	0	0	1	0
C	Marios	25	108	13	1	33____	130728	6	0	0	0	0	1	0	0	0	0	0
C	Marios	25	108	13	1	33____	130750	6	11	0	0	0	0	0	0	0	0	0
C	Marios	25	108	13	1	33____	131083	11	0	0	0	0	0	0	0	0	1	0
C	Marios	25	108	13	1	33____	131250	11	1	0	0	0	0	0	0	0	0	0
C	Marios	25	108	13	1	33____	131711	1	0	0	0	0	1	0	0	0	0	0
C	Marios	25	108	13	1	33____	131840	1	0	0	0	0	0	0	0	0	1	0
C	Marios	25	108	13	1	33____	132934	1	0	0	0	0	1	0	0	0	0	0
C	Marios	25	108	13	1	33____	132939	1	0	0	0	0	0	0	0	0	1	0
C	Marios	25	108	13	1	33____	132949	1	0	0	0	0	1	0	0	0	0	0
C	Marios	25	108	13	1	33____	133670	1	0	0	0	0	0	0	0	0	1	0
C	Marios	25	108	13	1	33____	134971	1	0	0	0	0	1	0	0	0	0	0
C	Marios	25	108	13	1	33____	134982	1	0	0	0	0	0	0	0	0	1	0
C	Marios	25	108	13	1	33____	134990	1	0	0	0	0	1	0	0	0	0	0
C	Marios	25	108	13	1	33____	135024	1	0	0	0	0	0	0	0	0	1	0
C	Marios	25	108	13	1	33____	135750	1	2	0	0	0	0	0	0	0	0	0
C	Marios	25	108	13	1	33____	136250	2	16	0	0	0	0	0	0	0	0	0
C	Marios	25	108	13	1	33____	136750	16	15	0	0	0	0	0	0	0	0	0
C	Marios	25	108	13	1	33____	137250	15	1	0	0	0	0	0	0	0	0	0
C	Marios	25	108	13	1	33____	138648	1	0	0	0	0	1	0	0	0	0	0
C	Marios	25	108	13	1	33____	138750	1	2	0	0	0	0	0	0	0	0	0
C	Marios	25	108	13	1	33____	139070	2	0	0	0	0	0	0	0	0	1	0
C	Marios	25	108	13	1	33____	139250	2	17	0	0	0	0	0	0	0	0	0
C	Marios	25	108	13	1	33____	139736	17	0	0	0	0	1	0	0	0	0	0
C	Marios	25	108	13	1	33____	139743	17	0	0	0	0	0	0	0	0	1	0
C	Marios	25	108	13	1	33____	139750	17	15	0	0	0	0	0	0	0	0	0
C	Marios	25	108	13	1	33____	140212	15	0	0	0	0	1	0	0	0	0	0
C	Marios	25	108	13	1	33____	140250	15	1	0	0	0	0	0	0	0	0	0
C	Marios	25	108	13	1	33____	140913	1	0	0	0	0	0	0	0	0	1	0
C	Marios	25	108	13	1	33____	141730	1	0	0	0	0	1	0	0	0	0	0
C	Marios	25	108	13	1	33____	141777	1	0	0	0	0	0	0	0	0	1	0
C	Marios	25	108	13	1	33____	142500	1	2	0	0	0	0	0	0	0	0	0
C	Marios	25	108	13	1	33____	143000	2	7	0	0	0	0	0	0	0	0	0
C	Marios	25	108	13	1	33____	143500	7	10	0	0	0	0	0	0	0	0	0
C	Marios	25	108	13	1	33____	143547	10	0	0	0	0	1	0	0	0	0	0
C	Marios	25	108	13	1	33____	143849	10	0	0	0	0	0	0	0	0	1	0
C	Marios	25	108	13	1	33____	143853	10	0	0	0	0	1	0	0	0	0	0
C	Marios	25	108	13	1	33____	143855	10	0	0	0	0	0	0	0	0	1	0
C	Marios	25	108	13	1	33____	143963	10	0	0	0	0	1	0	0	0	0	0
C	Marios	25	108	13	1	33____	143969	10	0	0	0	0	0	0	0	0	1	0
C	Marios	25	108	13	1	33____	144000	10	14	0	0	0	0	0	0	0	0	0
C	Marios	25	108	13	1	33____	147000	14	-1	0	0	0	0	0	0	0	0	0
