Project	UserID	Protocol	Session	Station	Run	Subject	Time	Current State	Transition State	Transition Event	A1 - LLR	A2 - RLR	A3 - MAG	A4 - 	A[1] LLR_OFF	A[2] RLR_OFF	A[3] MAG_OFF	A[4] 
C	Marios	21	107	12	1	6_____	0	0	1	0	0	0	0	0	0	0	0	0
C	Marios	21	107	12	1	6_____	1076	1	0	0	0	0	1	0	0	0	0	0
C	Marios	21	107	12	1	6_____	1125	1	0	0	0	0	0	0	0	0	1	0
C	Marios	21	107	12	1	6_____	5666	1	0	0	0	0	1	0	0	0	0	0
C	Marios	21	107	12	1	6_____	5670	1	0	0	0	0	0	0	0	0	1	0
C	Marios	21	107	12	1	6_____	6388	1	0	0	0	0	1	0	0	0	0	0
C	Marios	21	107	12	1	6_____	6406	1	0	0	0	0	0	0	0	0	1	0
C	Marios	21	107	12	1	6_____	6493	1	0	0	0	0	1	0	0	0	0	0
C	Marios	21	107	12	1	6_____	6499	1	0	0	0	0	0	0	0	0	1	0
C	Marios	21	107	12	1	6_____	7500	1	2	0	0	0	0	0	0	0	0	0
C	Marios	21	107	12	1	6_____	8000	2	17	0	0	0	0	0	0	0	0	0
C	Marios	21	107	12	1	6_____	8500	17	15	0	0	0	0	0	0	0	0	0
C	Marios	21	107	12	1	6_____	9000	15	1	0	0	0	0	0	0	0	0	0
C	Marios	21	107	12	1	6_____	9400	1	0	0	0	0	1	0	0	0	0	0
C	Marios	21	107	12	1	6_____	9422	1	0	0	0	0	0	0	0	0	1	0
C	Marios	21	107	12	1	6_____	9911	1	0	0	0	0	1	0	0	0	0	0
C	Marios	21	107	12	1	6_____	9927	1	0	0	0	0	0	0	0	0	1	0
C	Marios	21	107	12	1	6_____	11974	1	0	0	0	0	1	0	0	0	0	0
C	Marios	21	107	12	1	6_____	11986	1	0	0	0	0	0	0	0	0	1	0
C	Marios	21	107	12	1	6_____	12500	1	2	0	0	0	0	0	0	0	0	0
C	Marios	21	107	12	1	6_____	13000	2	17	0	0	0	0	0	0	0	0	0
C	Marios	21	107	12	1	6_____	13500	17	15	0	0	0	0	0	0	0	0	0
C	Marios	21	107	12	1	6_____	14000	15	1	0	0	0	0	0	0	0	0	0
C	Marios	21	107	12	1	6_____	17750	1	2	0	0	0	0	0	0	0	0	0
C	Marios	21	107	12	1	6_____	18250	2	6	0	0	0	0	0	0	0	0	0
C	Marios	21	107	12	1	6_____	18344	6	0	0	0	0	1	0	0	0	0	0
C	Marios	21	107	12	1	6_____	18361	6	0	0	0	0	0	0	0	0	1	0
C	Marios	21	107	12	1	6_____	18398	6	0	0	0	0	1	0	0	0	0	0
C	Marios	21	107	12	1	6_____	18423	6	0	0	0	0	0	0	0	0	1	0
C	Marios	21	107	12	1	6_____	18457	6	0	0	0	0	1	0	0	0	0	0
C	Marios	21	107	12	1	6_____	18499	6	0	0	0	0	0	0	0	0	1	0
C	Marios	21	107	12	1	6_____	18750	6	10	0	0	0	0	0	0	0	0	0
C	Marios	21	107	12	1	6_____	18789	10	0	0	0	0	1	0	0	0	0	0
C	Marios	21	107	12	1	6_____	18966	10	0	0	0	0	0	0	0	0	1	0
C	Marios	21	107	12	1	6_____	19084	10	0	0	0	0	1	0	0	0	0	0
C	Marios	21	107	12	1	6_____	19086	10	0	0	0	0	0	0	0	0	1	0
C	Marios	21	107	12	1	6_____	19250	10	1	0	0	0	0	0	0	0	0	0
C	Marios	21	107	12	1	6_____	20380	1	0	0	0	0	1	0	0	0	0	0
C	Marios	21	107	12	1	6_____	20383	1	0	0	0	0	0	0	0	0	1	0
C	Marios	21	107	12	1	6_____	20385	1	0	0	0	0	1	0	0	0	0	0
C	Marios	21	107	12	1	6_____	20607	1	0	0	0	0	0	0	0	0	1	0
C	Marios	21	107	12	1	6_____	21500	1	2	0	0	0	0	0	0	0	0	0
C	Marios	21	107	12	1	6_____	22000	2	7	0	0	0	0	0	0	0	0	0
C	Marios	21	107	12	1	6_____	22379	7	0	0	0	0	1	0	0	0	0	0
C	Marios	21	107	12	1	6_____	22391	7	0	0	0	0	0	0	0	0	1	0
C	Marios	21	107	12	1	6_____	22500	7	11	0	0	0	0	0	0	0	0	0
C	Marios	21	107	12	1	6_____	22521	11	0	0	0	0	1	0	0	0	0	0
C	Marios	21	107	12	1	6_____	22641	11	0	0	0	0	0	0	0	0	1	0
C	Marios	21	107	12	1	6_____	22667	11	0	0	0	0	1	0	0	0	0	0
C	Marios	21	107	12	1	6_____	22669	11	0	0	0	0	0	0	0	0	1	0
C	Marios	21	107	12	1	6_____	23000	11	1	0	0	0	0	0	0	0	0	0
C	Marios	21	107	12	1	6_____	26582	1	0	0	0	0	1	0	0	0	0	0
C	Marios	21	107	12	1	6_____	26599	1	0	0	0	0	0	0	0	0	1	0
C	Marios	21	107	12	1	6_____	26676	1	0	0	0	0	1	0	0	0	0	0
C	Marios	21	107	12	1	6_____	26684	1	0	0	0	0	0	0	0	0	1	0
C	Marios	21	107	12	1	6_____	28557	1	0	0	0	0	1	0	0	0	0	0
C	Marios	21	107	12	1	6_____	28735	1	0	0	0	0	0	0	0	0	1	0
C	Marios	21	107	12	1	6_____	28780	1	0	0	0	0	1	0	0	0	0	0
C	Marios	21	107	12	1	6_____	28782	1	0	0	0	0	0	0	0	0	1	0
C	Marios	21	107	12	1	6_____	29750	1	2	0	0	0	0	0	0	0	0	0
C	Marios	21	107	12	1	6_____	30250	2	16	0	0	0	0	0	0	0	0	0
C	Marios	21	107	12	1	6_____	30572	16	0	0	0	0	1	0	0	0	0	0
C	Marios	21	107	12	1	6_____	30575	16	0	0	0	0	0	0	0	0	1	0
C	Marios	21	107	12	1	6_____	30750	16	15	0	0	0	0	0	0	0	0	0
C	Marios	21	107	12	1	6_____	30829	15	0	0	0	0	1	0	0	0	0	0
C	Marios	21	107	12	1	6_____	30835	15	0	0	0	0	0	0	0	0	1	0
C	Marios	21	107	12	1	6_____	31250	15	1	0	0	0	0	0	0	0	0	0
C	Marios	21	107	12	1	6_____	31319	1	0	0	0	0	1	0	0	0	0	0
C	Marios	21	107	12	1	6_____	31327	1	0	0	0	0	0	0	0	0	1	0
C	Marios	21	107	12	1	6_____	36223	1	0	0	0	0	1	0	0	0	0	0
C	Marios	21	107	12	1	6_____	36280	1	0	0	0	0	0	0	0	0	1	0
C	Marios	21	107	12	1	6_____	36288	1	0	0	0	0	1	0	0	0	0	0
C	Marios	21	107	12	1	6_____	36290	1	0	0	0	0	0	0	0	0	1	0
C	Marios	21	107	12	1	6_____	36319	1	0	0	0	0	1	0	0	0	0	0
C	Marios	21	107	12	1	6_____	36359	1	0	0	0	0	0	0	0	0	1	0
C	Marios	21	107	12	1	6_____	37250	1	2	0	0	0	0	0	0	0	0	0
C	Marios	21	107	12	1	6_____	37750	2	16	0	0	0	0	0	0	0	0	0
C	Marios	21	107	12	1	6_____	38250	16	15	0	0	0	0	0	0	0	0	0
C	Marios	21	107	12	1	6_____	38404	15	0	0	0	0	1	0	0	0	0	0
C	Marios	21	107	12	1	6_____	38421	15	0	0	0	0	0	0	0	0	1	0
C	Marios	21	107	12	1	6_____	38750	15	1	0	0	0	0	0	0	0	0	0
C	Marios	21	107	12	1	6_____	40353	1	0	0	0	0	1	0	0	0	0	0
C	Marios	21	107	12	1	6_____	40372	1	0	0	0	0	0	0	0	0	1	0
C	Marios	21	107	12	1	6_____	41304	1	0	0	0	0	1	0	0	0	0	0
C	Marios	21	107	12	1	6_____	41312	1	0	0	0	0	0	0	0	0	1	0
C	Marios	21	107	12	1	6_____	43250	1	2	0	0	0	0	0	0	0	0	0
C	Marios	21	107	12	1	6_____	43750	2	16	0	0	0	0	0	0	0	0	0
C	Marios	21	107	12	1	6_____	44250	16	15	0	0	0	0	0	0	0	0	0
C	Marios	21	107	12	1	6_____	44750	15	1	0	0	0	0	0	0	0	0	0
C	Marios	21	107	12	1	6_____	45628	1	0	0	0	0	1	0	0	0	0	0
C	Marios	21	107	12	1	6_____	45633	1	0	0	0	0	0	0	0	0	1	0
C	Marios	21	107	12	1	6_____	46250	1	2	0	0	0	0	0	0	0	0	0
C	Marios	21	107	12	1	6_____	46750	2	17	0	0	0	0	0	0	0	0	0
C	Marios	21	107	12	1	6_____	47250	17	15	0	0	0	0	0	0	0	0	0
C	Marios	21	107	12	1	6_____	47750	15	1	0	0	0	0	0	0	0	0	0
C	Marios	21	107	12	1	6_____	52250	1	2	0	0	0	0	0	0	0	0	0
C	Marios	21	107	12	1	6_____	52750	2	7	0	0	0	0	0	0	0	0	0
C	Marios	21	107	12	1	6_____	52902	7	0	0	0	0	1	0	0	0	0	0
C	Marios	21	107	12	1	6_____	52926	7	0	0	0	0	0	0	0	0	1	0
C	Marios	21	107	12	1	6_____	53028	7	0	0	0	0	1	0	0	0	0	0
C	Marios	21	107	12	1	6_____	53051	7	0	0	0	0	0	0	0	0	1	0
C	Marios	21	107	12	1	6_____	53080	7	0	0	0	0	1	0	0	0	0	0
C	Marios	21	107	12	1	6_____	53137	7	0	0	0	0	0	0	0	0	1	0
C	Marios	21	107	12	1	6_____	53250	7	11	0	0	0	0	0	0	0	0	0
C	Marios	21	107	12	1	6_____	53291	11	0	0	0	0	1	0	0	0	0	0
C	Marios	21	107	12	1	6_____	53407	11	0	0	0	0	0	0	0	0	1	0
C	Marios	21	107	12	1	6_____	53412	11	0	0	0	0	1	0	0	0	0	0
C	Marios	21	107	12	1	6_____	53424	11	0	0	0	0	0	0	0	0	1	0
C	Marios	21	107	12	1	6_____	53750	11	1	0	0	0	0	0	0	0	0	0
C	Marios	21	107	12	1	6_____	56079	1	0	0	0	0	1	0	0	0	0	0
C	Marios	21	107	12	1	6_____	56175	1	0	0	0	0	0	0	0	0	1	0
C	Marios	21	107	12	1	6_____	56245	1	0	0	0	0	1	0	0	0	0	0
C	Marios	21	107	12	1	6_____	56271	1	0	0	0	0	0	0	0	0	1	0
C	Marios	21	107	12	1	6_____	56272	1	0	0	0	0	1	0	0	0	0	0
C	Marios	21	107	12	1	6_____	56275	1	0	0	0	0	0	0	0	0	1	0
C	Marios	21	107	12	1	6_____	56566	1	0	0	0	0	1	0	0	0	0	0
C	Marios	21	107	12	1	6_____	56631	1	0	0	0	0	0	0	0	0	1	0
C	Marios	21	107	12	1	6_____	56632	1	0	0	0	0	1	0	0	0	0	0
C	Marios	21	107	12	1	6_____	56636	1	0	0	0	0	0	0	0	0	1	0
C	Marios	21	107	12	1	6_____	56656	1	0	0	0	0	1	0	0	0	0	0
C	Marios	21	107	12	1	6_____	56693	1	0	0	0	0	0	0	0	0	1	0
C	Marios	21	107	12	1	6_____	56707	1	0	0	0	0	1	0	0	0	0	0
C	Marios	21	107	12	1	6_____	56780	1	0	0	0	0	0	0	0	0	1	0
C	Marios	21	107	12	1	6_____	56816	1	0	0	0	0	1	0	0	0	0	0
C	Marios	21	107	12	1	6_____	56887	1	0	0	0	0	0	0	0	0	1	0
C	Marios	21	107	12	1	6_____	57029	1	0	0	0	0	1	0	0	0	0	0
C	Marios	21	107	12	1	6_____	57041	1	0	0	0	0	0	0	0	0	1	0
C	Marios	21	107	12	1	6_____	57819	1	0	0	0	0	1	0	0	0	0	0
C	Marios	21	107	12	1	6_____	57824	1	0	0	0	0	0	0	0	0	1	0
C	Marios	21	107	12	1	6_____	58962	1	0	0	0	0	1	0	0	0	0	0
C	Marios	21	107	12	1	6_____	58970	1	0	0	0	0	0	0	0	0	1	0
C	Marios	21	107	12	1	6_____	59000	1	2	0	0	0	0	0	0	0	0	0
C	Marios	21	107	12	1	6_____	59500	2	17	0	0	0	0	0	0	0	0	0
C	Marios	21	107	12	1	6_____	60000	17	15	0	0	0	0	0	0	0	0	0
C	Marios	21	107	12	1	6_____	60216	15	0	0	0	0	1	0	0	0	0	0
C	Marios	21	107	12	1	6_____	60245	15	0	0	0	0	0	0	0	0	1	0
C	Marios	21	107	12	1	6_____	60500	15	1	0	0	0	0	0	0	0	0	0
C	Marios	21	107	12	1	6_____	60703	1	0	0	0	0	1	0	0	0	0	0
C	Marios	21	107	12	1	6_____	60773	1	0	0	0	0	0	0	0	0	1	0
C	Marios	21	107	12	1	6_____	61001	1	0	0	0	0	1	0	0	0	0	0
C	Marios	21	107	12	1	6_____	61037	1	0	0	0	0	0	0	0	0	1	0
C	Marios	21	107	12	1	6_____	61594	1	0	0	0	0	1	0	0	0	0	0
C	Marios	21	107	12	1	6_____	61600	1	0	0	0	0	0	0	0	0	1	0
C	Marios	21	107	12	1	6_____	61675	1	0	0	0	0	1	0	0	0	0	0
C	Marios	21	107	12	1	6_____	61726	1	0	0	0	0	0	0	0	0	1	0
C	Marios	21	107	12	1	6_____	62699	1	0	0	0	0	1	0	0	0	0	0
C	Marios	21	107	12	1	6_____	62708	1	0	0	0	0	0	0	0	0	1	0
C	Marios	21	107	12	1	6_____	63049	1	0	0	0	0	1	0	0	0	0	0
C	Marios	21	107	12	1	6_____	63121	1	0	0	0	0	0	0	0	0	1	0
C	Marios	21	107	12	1	6_____	63215	1	0	0	0	0	1	0	0	0	0	0
C	Marios	21	107	12	1	6_____	63342	1	0	0	0	0	0	0	0	0	1	0
C	Marios	21	107	12	1	6_____	63392	1	0	0	0	0	1	0	0	0	0	0
C	Marios	21	107	12	1	6_____	63403	1	0	0	0	0	0	0	0	0	1	0
C	Marios	21	107	12	1	6_____	63630	1	0	0	0	0	1	0	0	0	0	0
C	Marios	21	107	12	1	6_____	63699	1	0	0	0	0	0	0	0	0	1	0
C	Marios	21	107	12	1	6_____	64037	1	0	0	0	0	1	0	0	0	0	0
C	Marios	21	107	12	1	6_____	64180	1	0	0	0	0	0	0	0	0	1	0
C	Marios	21	107	12	1	6_____	64748	1	0	0	0	0	1	0	0	0	0	0
C	Marios	21	107	12	1	6_____	64766	1	0	0	0	0	0	0	0	0	1	0
C	Marios	21	107	12	1	6_____	64959	1	0	0	0	0	1	0	0	0	0	0
C	Marios	21	107	12	1	6_____	65060	1	0	0	0	0	0	0	0	0	1	0
C	Marios	21	107	12	1	6_____	65063	1	0	0	0	0	1	0	0	0	0	0
C	Marios	21	107	12	1	6_____	65144	1	0	0	0	0	1	0	0	0	1	0
C	Marios	21	107	12	1	6_____	65165	1	0	0	0	0	0	0	0	0	1	0
C	Marios	21	107	12	1	6_____	66000	1	2	0	0	0	0	0	0	0	0	0
C	Marios	21	107	12	1	6_____	66500	2	16	0	0	0	0	0	0	0	0	0
C	Marios	21	107	12	1	6_____	67000	16	15	0	0	0	0	0	0	0	0	0
C	Marios	21	107	12	1	6_____	67044	15	0	0	0	0	1	0	0	0	0	0
C	Marios	21	107	12	1	6_____	67074	15	0	0	0	0	0	0	0	0	1	0
C	Marios	21	107	12	1	6_____	67500	15	1	0	0	0	0	0	0	0	0	0
C	Marios	21	107	12	1	6_____	70500	1	2	0	0	0	0	0	0	0	0	0
C	Marios	21	107	12	1	6_____	71000	2	6	0	0	0	0	0	0	0	0	0
C	Marios	21	107	12	1	6_____	71107	6	0	0	0	0	1	0	0	0	0	0
C	Marios	21	107	12	1	6_____	71127	6	0	0	0	0	0	0	0	0	1	0
C	Marios	21	107	12	1	6_____	71309	6	0	0	0	0	1	0	0	0	0	0
C	Marios	21	107	12	1	6_____	71340	6	0	0	0	0	0	0	0	0	1	0
C	Marios	21	107	12	1	6_____	71484	6	0	0	0	0	1	0	0	0	0	0
C	Marios	21	107	12	1	6_____	71500	6	10	0	0	0	0	0	0	0	0	0
C	Marios	21	107	12	1	6_____	71741	10	0	0	0	0	0	0	0	0	1	0
C	Marios	21	107	12	1	6_____	71747	10	0	0	0	0	1	0	0	0	0	0
C	Marios	21	107	12	1	6_____	71752	10	0	0	0	0	0	0	0	0	1	0
C	Marios	21	107	12	1	6_____	72000	10	1	0	0	0	0	0	0	0	0	0
C	Marios	21	107	12	1	6_____	73332	1	0	0	0	0	1	0	0	0	0	0
C	Marios	21	107	12	1	6_____	73420	1	0	0	0	0	0	0	0	0	1	0
C	Marios	21	107	12	1	6_____	75500	1	2	0	0	0	0	0	0	0	0	0
C	Marios	21	107	12	1	6_____	75800	2	0	0	0	0	1	0	0	0	0	0
C	Marios	21	107	12	1	6_____	76000	2	7	0	0	0	0	0	0	0	0	0
C	Marios	21	107	12	1	6_____	76015	7	0	0	0	0	0	0	0	0	1	0
C	Marios	21	107	12	1	6_____	76151	7	0	0	0	0	1	0	0	0	0	0
C	Marios	21	107	12	1	6_____	76256	7	0	0	0	0	0	0	0	0	1	0
C	Marios	21	107	12	1	6_____	76445	7	0	0	0	0	1	0	0	0	0	0
C	Marios	21	107	12	1	6_____	76488	7	0	0	0	0	0	0	0	0	1	0
C	Marios	21	107	12	1	6_____	76489	7	0	0	0	0	1	0	0	0	0	0
C	Marios	21	107	12	1	6_____	76491	7	0	0	0	0	0	0	0	0	1	0
C	Marios	21	107	12	1	6_____	76500	7	11	0	0	0	0	0	0	0	0	0
C	Marios	21	107	12	1	6_____	76513	11	0	0	0	0	1	0	0	0	0	0
C	Marios	21	107	12	1	6_____	76616	11	0	0	0	0	0	0	0	0	1	0
C	Marios	21	107	12	1	6_____	76935	11	0	0	0	0	1	0	0	0	0	0
C	Marios	21	107	12	1	6_____	76943	11	0	0	0	0	0	0	0	0	1	0
C	Marios	21	107	12	1	6_____	76947	11	0	0	0	0	1	0	0	0	0	0
C	Marios	21	107	12	1	6_____	76952	11	0	0	0	0	0	0	0	0	1	0
C	Marios	21	107	12	1	6_____	76955	11	0	0	0	0	1	0	0	0	0	0
C	Marios	21	107	12	1	6_____	76958	11	0	0	0	0	0	0	0	0	1	0
C	Marios	21	107	12	1	6_____	77000	11	1	0	0	0	0	0	0	0	0	0
C	Marios	21	107	12	1	6_____	77839	1	0	0	0	0	1	0	0	0	0	0
C	Marios	21	107	12	1	6_____	77842	1	0	0	0	0	0	0	0	0	1	0
C	Marios	21	107	12	1	6_____	77849	1	0	0	0	0	1	0	0	0	0	0
C	Marios	21	107	12	1	6_____	77990	1	0	0	0	0	0	0	0	0	1	0
C	Marios	21	107	12	1	6_____	79200	1	0	0	0	0	1	0	0	0	0	0
C	Marios	21	107	12	1	6_____	79293	1	0	0	0	0	0	0	0	0	1	0
C	Marios	21	107	12	1	6_____	79298	1	0	0	0	0	1	0	0	0	0	0
C	Marios	21	107	12	1	6_____	79460	1	0	0	0	0	0	0	0	0	1	0
C	Marios	21	107	12	1	6_____	81050	1	0	0	0	0	1	0	0	0	0	0
C	Marios	21	107	12	1	6_____	81103	1	0	0	0	0	0	0	0	0	1	0
C	Marios	21	107	12	1	6_____	81162	1	0	0	0	0	1	0	0	0	0	0
C	Marios	21	107	12	1	6_____	81210	1	0	0	0	0	0	0	0	0	1	0
C	Marios	21	107	12	1	6_____	81237	1	0	0	0	0	1	0	0	0	0	0
C	Marios	21	107	12	1	6_____	81342	1	0	0	0	0	0	0	0	0	1	0
C	Marios	21	107	12	1	6_____	81654	1	0	0	0	0	1	0	0	0	0	0
C	Marios	21	107	12	1	6_____	81760	1	0	0	0	0	0	0	0	0	1	0
C	Marios	21	107	12	1	6_____	81901	1	0	0	0	0	1	0	0	0	0	0
C	Marios	21	107	12	1	6_____	81911	1	0	0	0	0	0	0	0	0	1	0
C	Marios	21	107	12	1	6_____	82462	1	0	0	0	0	1	0	0	0	0	0
C	Marios	21	107	12	1	6_____	82636	1	0	0	0	0	0	0	0	0	1	0
C	Marios	21	107	12	1	6_____	83283	1	0	0	0	0	1	0	0	0	0	0
C	Marios	21	107	12	1	6_____	83379	1	0	0	0	0	0	0	0	0	1	0
C	Marios	21	107	12	1	6_____	83750	1	2	0	0	0	0	0	0	0	0	0
C	Marios	21	107	12	1	6_____	84007	2	0	0	0	0	1	0	0	0	0	0
C	Marios	21	107	12	1	6_____	84086	2	0	0	0	0	0	0	0	0	1	0
C	Marios	21	107	12	1	6_____	84250	2	17	0	0	0	0	0	0	0	0	0
C	Marios	21	107	12	1	6_____	84750	17	15	0	0	0	0	0	0	0	0	0
C	Marios	21	107	12	1	6_____	85250	15	1	0	0	0	0	0	0	0	0	0
C	Marios	21	107	12	1	6_____	88058	1	0	0	0	0	1	0	0	0	0	0
C	Marios	21	107	12	1	6_____	88062	1	0	0	0	0	0	0	0	0	1	0
C	Marios	21	107	12	1	6_____	88067	1	0	0	0	0	1	0	0	0	0	0
C	Marios	21	107	12	1	6_____	88078	1	0	0	0	0	0	0	0	0	1	0
C	Marios	21	107	12	1	6_____	88111	1	0	0	0	0	1	0	0	0	0	0
C	Marios	21	107	12	1	6_____	88122	1	0	0	0	0	0	0	0	0	1	0
C	Marios	21	107	12	1	6_____	89750	1	2	0	0	0	0	0	0	0	0	0
C	Marios	21	107	12	1	6_____	89987	2	0	0	0	0	1	0	0	0	0	0
C	Marios	21	107	12	1	6_____	90216	2	0	0	0	0	0	0	0	0	1	0
C	Marios	21	107	12	1	6_____	90250	2	16	0	0	0	0	0	0	0	0	0
C	Marios	21	107	12	1	6_____	90750	16	15	0	0	0	0	0	0	0	0	0
C	Marios	21	107	12	1	6_____	90902	15	0	0	0	0	1	0	0	0	0	0
C	Marios	21	107	12	1	6_____	90981	15	0	0	0	0	0	0	0	0	1	0
C	Marios	21	107	12	1	6_____	91075	15	0	0	0	0	1	0	0	0	0	0
C	Marios	21	107	12	1	6_____	91152	15	0	0	0	0	0	0	0	0	1	0
C	Marios	21	107	12	1	6_____	91216	15	0	0	0	0	1	0	0	0	0	0
C	Marios	21	107	12	1	6_____	91250	15	1	0	0	0	0	0	0	0	0	0
C	Marios	21	107	12	1	6_____	91276	1	0	0	0	0	0	0	0	0	1	0
C	Marios	21	107	12	1	6_____	91334	1	0	0	0	0	1	0	0	0	0	0
C	Marios	21	107	12	1	6_____	91352	1	0	0	0	0	0	0	0	0	1	0
C	Marios	21	107	12	1	6_____	93500	1	2	0	0	0	0	0	0	0	0	0
C	Marios	21	107	12	1	6_____	94000	2	17	0	0	0	0	0	0	0	0	0
C	Marios	21	107	12	1	6_____	94500	17	15	0	0	0	0	0	0	0	0	0
C	Marios	21	107	12	1	6_____	94663	15	0	0	0	0	1	0	0	0	0	0
C	Marios	21	107	12	1	6_____	94680	15	0	0	0	0	0	0	0	0	1	0
C	Marios	21	107	12	1	6_____	95000	15	1	0	0	0	0	0	0	0	0	0
C	Marios	21	107	12	1	6_____	96204	1	0	0	0	0	1	0	0	0	0	0
C	Marios	21	107	12	1	6_____	96239	1	0	0	0	0	0	0	0	0	1	0
C	Marios	21	107	12	1	6_____	96241	1	0	0	0	0	1	0	0	0	0	0
C	Marios	21	107	12	1	6_____	96270	1	0	0	0	0	0	0	0	0	1	0
C	Marios	21	107	12	1	6_____	96316	1	0	0	0	0	1	0	0	0	0	0
C	Marios	21	107	12	1	6_____	96318	1	0	0	0	0	0	0	0	0	1	0
C	Marios	21	107	12	1	6_____	97580	1	0	0	0	0	1	0	0	0	0	0
C	Marios	21	107	12	1	6_____	97594	1	0	0	0	0	0	0	0	0	1	0
C	Marios	21	107	12	1	6_____	97697	1	0	0	0	0	1	0	0	0	0	0
C	Marios	21	107	12	1	6_____	97701	1	0	0	0	0	0	0	0	0	1	0
C	Marios	21	107	12	1	6_____	97718	1	0	0	0	0	1	0	0	0	0	0
C	Marios	21	107	12	1	6_____	97721	1	0	0	0	0	0	0	0	0	1	0
C	Marios	21	107	12	1	6_____	97726	1	0	0	0	0	1	0	0	0	0	0
C	Marios	21	107	12	1	6_____	97731	1	0	0	0	0	0	0	0	0	1	0
C	Marios	21	107	12	1	6_____	98000	1	2	0	0	0	0	0	0	0	0	0
C	Marios	21	107	12	1	6_____	98500	2	16	0	0	0	0	0	0	0	0	0
C	Marios	21	107	12	1	6_____	99000	16	15	0	0	0	0	0	0	0	0	0
C	Marios	21	107	12	1	6_____	99500	15	1	0	0	0	0	0	0	0	0	0
C	Marios	21	107	12	1	6_____	101143	1	0	0	0	0	1	0	0	0	0	0
C	Marios	21	107	12	1	6_____	101147	1	0	0	0	0	0	0	0	0	1	0
C	Marios	21	107	12	1	6_____	103167	1	0	0	0	0	1	0	0	0	0	0
C	Marios	21	107	12	1	6_____	103178	1	0	0	0	0	0	0	0	0	1	0
C	Marios	21	107	12	1	6_____	105500	1	2	0	0	0	0	0	0	0	0	0
C	Marios	21	107	12	1	6_____	106000	2	6	0	0	0	0	0	0	0	0	0
C	Marios	21	107	12	1	6_____	106062	6	0	0	0	0	1	0	0	0	0	0
C	Marios	21	107	12	1	6_____	106182	6	0	0	0	0	0	0	0	0	1	0
C	Marios	21	107	12	1	6_____	106224	6	0	0	0	0	1	0	0	0	0	0
C	Marios	21	107	12	1	6_____	106311	6	0	0	0	0	0	0	0	0	1	0
C	Marios	21	107	12	1	6_____	106372	6	0	0	0	0	1	0	0	0	0	0
C	Marios	21	107	12	1	6_____	106410	6	0	0	0	0	0	0	0	0	1	0
C	Marios	21	107	12	1	6_____	106500	6	10	0	0	0	0	0	0	0	0	0
C	Marios	21	107	12	1	6_____	106534	10	0	0	0	0	1	0	0	0	0	0
C	Marios	21	107	12	1	6_____	106640	10	0	0	0	0	0	0	0	0	1	0
C	Marios	21	107	12	1	6_____	107000	10	1	0	0	0	0	0	0	0	0	0
C	Marios	21	107	12	1	6_____	107106	1	0	0	0	0	1	0	0	0	0	0
C	Marios	21	107	12	1	6_____	107233	1	0	0	0	0	0	0	0	0	1	0
C	Marios	21	107	12	1	6_____	109347	1	0	0	0	0	1	0	0	0	0	0
C	Marios	21	107	12	1	6_____	109492	1	0	0	0	0	0	0	0	0	1	0
C	Marios	21	107	12	1	6_____	110158	1	0	0	0	0	1	0	0	0	0	0
C	Marios	21	107	12	1	6_____	110177	1	0	0	0	0	0	0	0	0	1	0
C	Marios	21	107	12	1	6_____	112250	1	2	0	0	0	0	0	0	0	0	0
C	Marios	21	107	12	1	6_____	112750	2	7	0	0	0	0	0	0	0	0	0
C	Marios	21	107	12	1	6_____	112824	7	0	0	0	0	1	0	0	0	0	0
C	Marios	21	107	12	1	6_____	112868	7	0	0	0	0	0	0	0	0	1	0
C	Marios	21	107	12	1	6_____	112905	7	0	0	0	0	1	0	0	0	0	0
C	Marios	21	107	12	1	6_____	112929	7	0	0	0	0	0	0	0	0	1	0
C	Marios	21	107	12	1	6_____	112960	7	0	0	0	0	1	0	0	0	0	0
C	Marios	21	107	12	1	6_____	113062	7	0	0	0	0	0	0	0	0	1	0
C	Marios	21	107	12	1	6_____	113085	7	0	0	0	0	1	0	0	0	0	0
C	Marios	21	107	12	1	6_____	113121	7	0	0	0	0	0	0	0	0	1	0
C	Marios	21	107	12	1	6_____	113146	7	0	0	0	0	1	0	0	0	0	0
C	Marios	21	107	12	1	6_____	113162	7	0	0	0	0	0	0	0	0	1	0
C	Marios	21	107	12	1	6_____	113250	7	11	0	0	0	0	0	0	0	0	0
C	Marios	21	107	12	1	6_____	113274	11	0	0	0	0	1	0	0	0	0	0
C	Marios	21	107	12	1	6_____	113359	11	0	0	0	0	0	0	0	0	1	0
C	Marios	21	107	12	1	6_____	113750	11	1	0	0	0	0	0	0	0	0	0
C	Marios	21	107	12	1	6_____	115358	1	0	0	0	0	1	0	0	0	0	0
C	Marios	21	107	12	1	6_____	115398	1	0	0	0	0	0	0	0	0	1	0
C	Marios	21	107	12	1	6_____	115400	1	0	0	0	0	1	0	0	0	0	0
C	Marios	21	107	12	1	6_____	115491	1	0	0	0	0	0	0	0	0	1	0
C	Marios	21	107	12	1	6_____	117500	1	2	0	0	0	0	0	0	0	0	0
C	Marios	21	107	12	1	6_____	118000	2	17	0	0	0	0	0	0	0	0	0
C	Marios	21	107	12	1	6_____	118161	17	0	0	0	0	1	0	0	0	0	0
C	Marios	21	107	12	1	6_____	118174	17	0	0	0	0	0	0	0	0	1	0
C	Marios	21	107	12	1	6_____	118217	17	0	0	0	0	1	0	0	0	0	0
C	Marios	21	107	12	1	6_____	118234	17	0	0	0	0	0	0	0	0	1	0
C	Marios	21	107	12	1	6_____	118500	17	15	0	0	0	0	0	0	0	0	0
C	Marios	21	107	12	1	6_____	119000	15	1	0	0	0	0	0	0	0	0	0
C	Marios	21	107	12	1	6_____	119923	1	0	0	0	0	1	0	0	0	0	0
C	Marios	21	107	12	1	6_____	120044	1	0	0	0	0	0	0	0	0	1	0
C	Marios	21	107	12	1	6_____	120943	1	0	0	0	0	1	0	0	0	0	0
C	Marios	21	107	12	1	6_____	120949	1	0	0	0	0	0	0	0	0	1	0
C	Marios	21	107	12	1	6_____	122342	1	0	0	0	0	1	0	0	0	0	0
C	Marios	21	107	12	1	6_____	122566	1	0	0	0	0	0	0	0	0	1	0
C	Marios	21	107	12	1	6_____	124500	1	2	0	0	0	0	0	0	0	0	0
C	Marios	21	107	12	1	6_____	125000	2	17	0	0	0	0	0	0	0	0	0
C	Marios	21	107	12	1	6_____	125500	17	15	0	0	0	0	0	0	0	0	0
C	Marios	21	107	12	1	6_____	126000	15	1	0	0	0	0	0	0	0	0	0
C	Marios	21	107	12	1	6_____	127951	1	0	0	0	0	1	0	0	0	0	0
C	Marios	21	107	12	1	6_____	128330	1	0	0	0	0	0	0	0	0	1	0
C	Marios	21	107	12	1	6_____	129084	1	0	0	0	0	1	0	0	0	0	0
C	Marios	21	107	12	1	6_____	129100	1	0	0	0	0	0	0	0	0	1	0
C	Marios	21	107	12	1	6_____	129130	1	0	0	0	0	1	0	0	0	0	0
C	Marios	21	107	12	1	6_____	129139	1	0	0	0	0	0	0	0	0	1	0
C	Marios	21	107	12	1	6_____	129149	1	0	0	0	0	1	0	0	0	0	0
C	Marios	21	107	12	1	6_____	129197	1	0	0	0	0	0	0	0	0	1	0
C	Marios	21	107	12	1	6_____	131987	1	0	0	0	0	1	0	0	0	0	0
C	Marios	21	107	12	1	6_____	132004	1	0	0	0	0	0	0	0	0	1	0
C	Marios	21	107	12	1	6_____	132005	1	0	0	0	0	1	0	0	0	0	0
C	Marios	21	107	12	1	6_____	132115	1	0	0	0	0	0	0	0	0	1	0
C	Marios	21	107	12	1	6_____	133500	1	2	0	0	0	0	0	0	0	0	0
C	Marios	21	107	12	1	6_____	134000	2	6	0	0	0	0	0	0	0	0	0
C	Marios	21	107	12	1	6_____	134025	6	0	0	0	0	1	0	0	0	0	0
C	Marios	21	107	12	1	6_____	134051	6	0	0	0	0	0	0	0	0	1	0
C	Marios	21	107	12	1	6_____	134185	6	0	0	0	0	1	0	0	0	0	0
C	Marios	21	107	12	1	6_____	134267	6	0	0	0	0	0	0	0	0	1	0
C	Marios	21	107	12	1	6_____	134306	6	0	0	0	0	1	0	0	0	0	0
C	Marios	21	107	12	1	6_____	134360	6	0	0	0	0	0	0	0	0	1	0
C	Marios	21	107	12	1	6_____	134392	6	0	0	0	0	1	0	0	0	0	0
C	Marios	21	107	12	1	6_____	134434	6	0	0	0	0	0	0	0	0	1	0
C	Marios	21	107	12	1	6_____	134500	6	10	0	0	0	0	0	0	0	0	0
C	Marios	21	107	12	1	6_____	134533	10	0	0	0	0	1	0	0	0	0	0
C	Marios	21	107	12	1	6_____	134962	10	0	0	0	0	0	0	0	0	1	0
C	Marios	21	107	12	1	6_____	135000	10	1	0	0	0	0	0	0	0	0	0
C	Marios	21	107	12	1	6_____	135023	1	0	0	0	0	1	0	0	0	0	0
C	Marios	21	107	12	1	6_____	135249	1	0	0	0	0	0	0	0	0	1	0
C	Marios	21	107	12	1	6_____	135291	1	0	0	0	0	1	0	0	0	0	0
C	Marios	21	107	12	1	6_____	135390	1	0	0	0	0	0	0	0	0	1	0
C	Marios	21	107	12	1	6_____	135795	1	0	0	0	0	1	0	0	0	0	0
C	Marios	21	107	12	1	6_____	135890	1	0	0	0	0	0	0	0	0	1	0
C	Marios	21	107	12	1	6_____	135895	1	0	0	0	0	1	0	0	0	0	0
C	Marios	21	107	12	1	6_____	135959	1	0	0	0	0	0	0	0	0	1	0
C	Marios	21	107	12	1	6_____	136048	1	0	0	0	0	1	0	0	0	0	0
C	Marios	21	107	12	1	6_____	136114	1	0	0	0	0	0	0	0	0	1	0
C	Marios	21	107	12	1	6_____	138072	1	0	0	0	0	1	0	0	0	0	0
C	Marios	21	107	12	1	6_____	138128	1	0	0	0	0	0	0	0	0	1	0
C	Marios	21	107	12	1	6_____	138285	1	0	0	0	0	1	0	0	0	0	0
C	Marios	21	107	12	1	6_____	138513	1	0	0	0	0	0	0	0	0	1	0
C	Marios	21	107	12	1	6_____	139170	1	0	0	0	0	1	0	0	0	0	0
C	Marios	21	107	12	1	6_____	139334	1	0	0	0	0	1	0	0	0	1	0
C	Marios	21	107	12	1	6_____	139337	1	0	0	0	0	0	0	0	0	1	0
C	Marios	21	107	12	1	6_____	139500	1	2	0	0	0	0	0	0	0	0	0
C	Marios	21	107	12	1	6_____	140000	2	16	0	0	0	0	0	0	0	0	0
C	Marios	21	107	12	1	6_____	140049	16	0	0	0	0	1	0	0	0	0	0
C	Marios	21	107	12	1	6_____	140055	16	0	0	0	0	0	0	0	0	1	0
C	Marios	21	107	12	1	6_____	140125	16	0	0	0	0	1	0	0	0	0	0
C	Marios	21	107	12	1	6_____	140144	16	0	0	0	0	0	0	0	0	1	0
C	Marios	21	107	12	1	6_____	140222	16	0	0	0	0	1	0	0	0	0	0
C	Marios	21	107	12	1	6_____	140247	16	0	0	0	0	0	0	0	0	1	0
C	Marios	21	107	12	1	6_____	140371	16	0	0	0	0	1	0	0	0	0	0
C	Marios	21	107	12	1	6_____	140384	16	0	0	0	0	0	0	0	0	1	0
C	Marios	21	107	12	1	6_____	140475	16	0	0	0	0	1	0	0	0	0	0
C	Marios	21	107	12	1	6_____	140500	16	15	0	0	0	0	0	0	0	0	0
C	Marios	21	107	12	1	6_____	140544	15	0	0	0	0	0	0	0	0	1	0
C	Marios	21	107	12	1	6_____	140620	15	0	0	0	0	1	0	0	0	0	0
C	Marios	21	107	12	1	6_____	140760	15	0	0	0	0	0	0	0	0	1	0
C	Marios	21	107	12	1	6_____	140861	15	0	0	0	0	1	0	0	0	0	0
C	Marios	21	107	12	1	6_____	140887	15	0	0	0	0	0	0	0	0	1	0
C	Marios	21	107	12	1	6_____	141000	15	1	0	0	0	0	0	0	0	0	0
C	Marios	21	107	12	1	6_____	141039	1	0	0	0	0	1	0	0	0	0	0
C	Marios	21	107	12	1	6_____	141075	1	0	0	0	0	0	0	0	0	1	0
C	Marios	21	107	12	1	6_____	141787	1	0	0	0	0	1	0	0	0	0	0
C	Marios	21	107	12	1	6_____	141791	1	0	0	0	0	0	0	0	0	1	0
C	Marios	21	107	12	1	6_____	141952	1	0	0	0	0	1	0	0	0	0	0
C	Marios	21	107	12	1	6_____	142097	1	0	0	0	0	1	0	0	0	1	0
C	Marios	21	107	12	1	6_____	142099	1	0	0	0	0	0	0	0	0	1	0
C	Marios	21	107	12	1	6_____	142500	1	2	0	0	0	0	0	0	0	0	0
C	Marios	21	107	12	1	6_____	142841	2	0	0	0	0	1	0	0	0	0	0
C	Marios	21	107	12	1	6_____	143000	2	16	0	0	0	0	0	0	0	0	0
C	Marios	21	107	12	1	6_____	143006	16	0	0	0	0	0	0	0	0	1	0
C	Marios	21	107	12	1	6_____	143500	16	15	0	0	0	0	0	0	0	0	0
C	Marios	21	107	12	1	6_____	143525	15	0	0	0	0	1	0	0	0	0	0
C	Marios	21	107	12	1	6_____	143631	15	0	0	0	0	0	0	0	0	1	0
C	Marios	21	107	12	1	6_____	143696	15	0	0	0	0	1	0	0	0	0	0
C	Marios	21	107	12	1	6_____	143748	15	0	0	0	0	0	0	0	0	1	0
C	Marios	21	107	12	1	6_____	143842	15	0	0	0	0	1	0	0	0	0	0
C	Marios	21	107	12	1	6_____	143879	15	0	0	0	0	0	0	0	0	1	0
C	Marios	21	107	12	1	6_____	144000	15	14	0	0	0	0	0	0	0	0	0
C	Marios	21	107	12	1	6_____	145341	14	0	0	0	0	1	0	0	0	0	0
C	Marios	21	107	12	1	6_____	145354	14	0	0	0	0	0	0	0	0	1	0
C	Marios	21	107	12	1	6_____	145802	14	0	0	0	0	1	0	0	0	0	0
C	Marios	21	107	12	1	6_____	145814	14	0	0	0	0	0	0	0	0	1	0
C	Marios	21	107	12	1	6_____	145816	14	0	0	0	0	1	0	0	0	0	0
C	Marios	21	107	12	1	6_____	145897	14	0	0	0	0	0	0	0	0	1	0
C	Marios	21	107	12	1	6_____	147000	14	-1	0	0	0	0	0	0	0	0	0
C	Marios	21	107	15	1	31____	0	0	1	0	0	0	0	0	0	0	0	0
C	Marios	21	107	15	1	31____	1105	1	0	0	0	0	1	0	0	0	0	0
C	Marios	21	107	15	1	31____	1110	1	0	0	0	0	0	0	0	0	1	0
C	Marios	21	107	15	1	31____	4898	1	0	0	0	0	1	0	0	0	0	0
C	Marios	21	107	15	1	31____	4991	1	0	0	0	0	0	0	0	0	1	0
C	Marios	21	107	15	1	31____	4993	1	0	0	0	0	1	0	0	0	0	0
C	Marios	21	107	15	1	31____	5028	1	0	0	0	0	0	0	0	0	1	0
C	Marios	21	107	15	1	31____	7500	1	2	0	0	0	0	0	0	0	0	0
C	Marios	21	107	15	1	31____	8000	2	17	0	0	0	0	0	0	0	0	0
C	Marios	21	107	15	1	31____	8500	17	15	0	0	0	0	0	0	0	0	0
C	Marios	21	107	15	1	31____	8687	15	0	0	0	0	1	0	0	0	0	0
C	Marios	21	107	15	1	31____	8709	15	0	0	0	0	0	0	0	0	1	0
C	Marios	21	107	15	1	31____	9000	15	1	0	0	0	0	0	0	0	0	0
C	Marios	21	107	15	1	31____	9850	1	0	0	0	0	1	0	0	0	0	0
C	Marios	21	107	15	1	31____	9863	1	0	0	0	0	0	0	0	0	1	0
C	Marios	21	107	15	1	31____	11578	1	0	0	0	0	1	0	0	0	0	0
C	Marios	21	107	15	1	31____	11584	1	0	0	0	0	0	0	0	0	1	0
C	Marios	21	107	15	1	31____	11602	1	0	0	0	0	1	0	0	0	0	0
C	Marios	21	107	15	1	31____	11618	1	0	0	0	0	0	0	0	0	1	0
C	Marios	21	107	15	1	31____	12750	1	2	0	0	0	0	0	0	0	0	0
C	Marios	21	107	15	1	31____	13250	2	7	0	0	0	0	0	0	0	0	0
C	Marios	21	107	15	1	31____	13340	7	0	0	0	0	1	0	0	0	0	0
C	Marios	21	107	15	1	31____	13369	7	0	0	0	0	0	0	0	0	1	0
C	Marios	21	107	15	1	31____	13410	7	0	0	0	0	1	0	0	0	0	0
C	Marios	21	107	15	1	31____	13450	7	0	0	0	0	0	0	0	0	1	0
C	Marios	21	107	15	1	31____	13476	7	0	0	0	0	1	0	0	0	0	0
C	Marios	21	107	15	1	31____	13629	7	0	0	0	0	0	0	0	0	1	0
C	Marios	21	107	15	1	31____	13651	7	0	0	0	0	1	0	0	0	0	0
C	Marios	21	107	15	1	31____	13750	7	11	0	0	0	0	0	0	0	0	0
C	Marios	21	107	15	1	31____	13981	11	0	0	0	0	0	0	0	0	1	0
C	Marios	21	107	15	1	31____	13987	11	0	0	0	0	1	0	0	0	0	0
C	Marios	21	107	15	1	31____	13989	11	0	0	0	0	0	0	0	0	1	0
C	Marios	21	107	15	1	31____	13991	11	0	0	0	0	1	0	0	0	0	0
C	Marios	21	107	15	1	31____	13993	11	0	0	0	0	0	0	0	0	1	0
C	Marios	21	107	15	1	31____	14040	11	0	0	0	0	1	0	0	0	0	0
C	Marios	21	107	15	1	31____	14066	11	0	0	0	0	0	0	0	0	1	0
C	Marios	21	107	15	1	31____	14250	11	1	0	0	0	0	0	0	0	0	0
C	Marios	21	107	15	1	31____	14791	1	0	0	0	0	1	0	0	0	0	0
C	Marios	21	107	15	1	31____	14803	1	0	0	0	0	0	0	0	0	1	0
C	Marios	21	107	15	1	31____	18160	1	0	0	0	0	1	0	0	0	0	0
C	Marios	21	107	15	1	31____	18205	1	0	0	0	0	0	0	0	0	1	0
C	Marios	21	107	15	1	31____	18750	1	2	0	0	0	0	0	0	0	0	0
C	Marios	21	107	15	1	31____	19181	2	0	0	0	0	1	0	0	0	0	0
C	Marios	21	107	15	1	31____	19231	2	0	0	0	0	0	0	0	0	1	0
C	Marios	21	107	15	1	31____	19250	2	16	0	0	0	0	0	0	0	0	0
C	Marios	21	107	15	1	31____	19750	16	15	0	0	0	0	0	0	0	0	0
C	Marios	21	107	15	1	31____	19992	15	0	0	0	0	1	0	0	0	0	0
C	Marios	21	107	15	1	31____	20007	15	0	0	0	0	0	0	0	0	1	0
C	Marios	21	107	15	1	31____	20250	15	1	0	0	0	0	0	0	0	0	0
C	Marios	21	107	15	1	31____	21302	1	0	0	0	0	1	0	0	0	0	0
C	Marios	21	107	15	1	31____	21375	1	0	0	0	0	0	0	0	0	1	0
C	Marios	21	107	15	1	31____	21397	1	0	0	0	0	1	0	0	0	0	0
C	Marios	21	107	15	1	31____	21477	1	0	0	0	0	1	0	0	0	1	0
C	Marios	21	107	15	1	31____	21498	1	0	0	0	0	0	0	0	0	1	0
C	Marios	21	107	15	1	31____	21524	1	0	0	0	0	1	0	0	0	0	0
C	Marios	21	107	15	1	31____	21671	1	0	0	0	0	0	0	0	0	1	0
C	Marios	21	107	15	1	31____	21684	1	0	0	0	0	1	0	0	0	0	0
C	Marios	21	107	15	1	31____	21750	1	2	0	0	0	0	0	0	0	0	0
C	Marios	21	107	15	1	31____	21873	2	0	0	0	0	0	0	0	0	1	0
C	Marios	21	107	15	1	31____	21962	2	0	0	0	0	1	0	0	0	0	0
C	Marios	21	107	15	1	31____	22026	2	0	0	0	0	0	0	0	0	1	0
C	Marios	21	107	15	1	31____	22117	2	0	0	0	0	1	0	0	0	0	0
C	Marios	21	107	15	1	31____	22222	2	0	0	0	0	0	0	0	0	1	0
C	Marios	21	107	15	1	31____	22250	2	6	0	0	0	0	0	0	0	0	0
C	Marios	21	107	15	1	31____	22265	6	0	0	0	0	1	0	0	0	0	0
C	Marios	21	107	15	1	31____	22282	6	0	0	0	0	0	0	0	0	1	0
C	Marios	21	107	15	1	31____	22321	6	0	0	0	0	1	0	0	0	0	0
C	Marios	21	107	15	1	31____	22342	6	0	0	0	0	0	0	0	0	1	0
C	Marios	21	107	15	1	31____	22371	6	0	0	0	0	1	0	0	0	0	0
C	Marios	21	107	15	1	31____	22575	6	0	0	0	0	0	0	0	0	1	0
C	Marios	21	107	15	1	31____	22576	6	0	0	0	0	1	0	0	0	0	0
C	Marios	21	107	15	1	31____	22598	6	0	0	0	0	0	0	0	0	1	0
C	Marios	21	107	15	1	31____	22634	6	0	0	0	0	1	0	0	0	0	0
C	Marios	21	107	15	1	31____	22689	6	0	0	0	0	0	0	0	0	1	0
C	Marios	21	107	15	1	31____	22709	6	0	0	0	0	1	0	0	0	0	0
C	Marios	21	107	15	1	31____	22750	6	10	0	0	0	0	0	0	0	0	0
C	Marios	21	107	15	1	31____	22983	10	0	0	0	0	1	0	0	0	1	0
C	Marios	21	107	15	1	31____	23054	10	0	0	0	0	0	0	0	0	1	0
C	Marios	21	107	15	1	31____	23250	10	1	0	0	0	0	0	0	0	0	0
C	Marios	21	107	15	1	31____	24736	1	0	0	0	0	1	0	0	0	0	0
C	Marios	21	107	15	1	31____	24746	1	0	0	0	0	0	0	0	0	1	0
C	Marios	21	107	15	1	31____	25735	1	0	0	0	0	1	0	0	0	0	0
C	Marios	21	107	15	1	31____	25810	1	0	0	0	0	0	0	0	0	1	0
C	Marios	21	107	15	1	31____	25904	1	0	0	0	0	1	0	0	0	0	0
C	Marios	21	107	15	1	31____	25957	1	0	0	0	0	0	0	0	0	1	0
C	Marios	21	107	15	1	31____	26020	1	0	0	0	0	1	0	0	0	0	0
C	Marios	21	107	15	1	31____	26037	1	0	0	0	0	0	0	0	0	1	0
C	Marios	21	107	15	1	31____	26039	1	0	0	0	0	1	0	0	0	0	0
C	Marios	21	107	15	1	31____	26125	1	0	0	0	0	0	0	0	0	1	0
C	Marios	21	107	15	1	31____	26289	1	0	0	0	0	1	0	0	0	0	0
C	Marios	21	107	15	1	31____	26413	1	0	0	0	0	0	0	0	0	1	0
C	Marios	21	107	15	1	31____	26464	1	0	0	0	0	1	0	0	0	0	0
C	Marios	21	107	15	1	31____	26523	1	0	0	0	0	0	0	0	0	1	0
C	Marios	21	107	15	1	31____	26628	1	0	0	0	0	1	0	0	0	0	0
C	Marios	21	107	15	1	31____	26730	1	0	0	0	0	0	0	0	0	1	0
C	Marios	21	107	15	1	31____	26750	1	2	0	0	0	0	0	0	0	0	0
C	Marios	21	107	15	1	31____	27250	2	16	0	0	0	0	0	0	0	0	0
C	Marios	21	107	15	1	31____	27750	16	15	0	0	0	0	0	0	0	0	0
C	Marios	21	107	15	1	31____	28250	15	1	0	0	0	0	0	0	0	0	0
C	Marios	21	107	15	1	31____	28280	1	0	0	0	0	1	0	0	0	0	0
C	Marios	21	107	15	1	31____	28282	1	0	0	0	0	0	0	0	0	1	0
C	Marios	21	107	15	1	31____	28320	1	0	0	0	0	1	0	0	0	0	0
C	Marios	21	107	15	1	31____	28333	1	0	0	0	0	0	0	0	0	1	0
C	Marios	21	107	15	1	31____	28970	1	0	0	0	0	1	0	0	0	0	0
C	Marios	21	107	15	1	31____	28991	1	0	0	0	0	0	0	0	0	1	0
C	Marios	21	107	15	1	31____	30533	1	0	0	0	0	1	0	0	0	0	0
C	Marios	21	107	15	1	31____	30559	1	0	0	0	0	0	0	0	0	1	0
C	Marios	21	107	15	1	31____	31433	1	0	0	0	0	1	0	0	0	0	0
C	Marios	21	107	15	1	31____	31445	1	0	0	0	0	0	0	0	0	1	0
C	Marios	21	107	15	1	31____	32750	1	2	0	0	0	0	0	0	0	0	0
C	Marios	21	107	15	1	31____	33250	2	17	0	0	0	0	0	0	0	0	0
C	Marios	21	107	15	1	31____	33750	17	15	0	0	0	0	0	0	0	0	0
C	Marios	21	107	15	1	31____	34115	15	0	0	0	0	1	0	0	0	0	0
C	Marios	21	107	15	1	31____	34128	15	0	0	0	0	0	0	0	0	1	0
C	Marios	21	107	15	1	31____	34250	15	1	0	0	0	0	0	0	0	0	0
C	Marios	21	107	15	1	31____	35405	1	0	0	0	0	1	0	0	0	0	0
C	Marios	21	107	15	1	31____	35411	1	0	0	0	0	0	0	0	0	1	0
C	Marios	21	107	15	1	31____	35416	1	0	0	0	0	1	0	0	0	0	0
C	Marios	21	107	15	1	31____	35462	1	0	0	0	0	0	0	0	0	1	0
C	Marios	21	107	15	1	31____	35534	1	0	0	0	0	1	0	0	0	0	0
C	Marios	21	107	15	1	31____	35609	1	0	0	0	0	0	0	0	0	1	0
C	Marios	21	107	15	1	31____	36538	1	0	0	0	0	1	0	0	0	0	0
C	Marios	21	107	15	1	31____	36544	1	0	0	0	0	0	0	0	0	1	0
C	Marios	21	107	15	1	31____	36697	1	0	0	0	0	1	0	0	0	0	0
C	Marios	21	107	15	1	31____	36738	1	0	0	0	0	0	0	0	0	1	0
C	Marios	21	107	15	1	31____	36886	1	0	0	0	0	1	0	0	0	0	0
C	Marios	21	107	15	1	31____	36900	1	0	0	0	0	0	0	0	0	1	0
C	Marios	21	107	15	1	31____	36909	1	0	0	0	0	1	0	0	0	0	0
C	Marios	21	107	15	1	31____	36969	1	0	0	0	0	0	0	0	0	1	0
C	Marios	21	107	15	1	31____	37250	1	2	0	0	0	0	0	0	0	0	0
C	Marios	21	107	15	1	31____	37397	2	0	0	0	0	1	0	0	0	0	0
C	Marios	21	107	15	1	31____	37402	2	0	0	0	0	0	0	0	0	1	0
C	Marios	21	107	15	1	31____	37750	2	6	0	0	0	0	0	0	0	0	0
C	Marios	21	107	15	1	31____	37821	6	0	0	0	0	1	0	0	0	0	0
C	Marios	21	107	15	1	31____	37872	6	0	0	0	0	0	0	0	0	1	0
C	Marios	21	107	15	1	31____	37977	6	0	0	0	0	1	0	0	0	0	0
C	Marios	21	107	15	1	31____	38045	6	0	0	0	0	0	0	0	0	1	0
C	Marios	21	107	15	1	31____	38075	6	0	0	0	0	1	0	0	0	0	0
C	Marios	21	107	15	1	31____	38207	6	0	0	0	0	0	0	0	0	1	0
C	Marios	21	107	15	1	31____	38209	6	0	0	0	0	1	0	0	0	0	0
C	Marios	21	107	15	1	31____	38250	6	10	0	0	0	0	0	0	0	0	0
C	Marios	21	107	15	1	31____	38583	10	0	0	0	0	0	0	0	0	1	0
C	Marios	21	107	15	1	31____	38750	10	1	0	0	0	0	0	0	0	0	0
C	Marios	21	107	15	1	31____	40670	1	0	0	0	0	1	0	0	0	0	0
C	Marios	21	107	15	1	31____	40679	1	0	0	0	0	0	0	0	0	1	0
C	Marios	21	107	15	1	31____	40688	1	0	0	0	0	1	0	0	0	0	0
C	Marios	21	107	15	1	31____	40702	1	0	0	0	0	0	0	0	0	1	0
C	Marios	21	107	15	1	31____	41000	1	2	0	0	0	0	0	0	0	0	0
C	Marios	21	107	15	1	31____	41500	2	7	0	0	0	0	0	0	0	0	0
C	Marios	21	107	15	1	31____	41652	7	0	0	0	0	1	0	0	0	0	0
C	Marios	21	107	15	1	31____	41686	7	0	0	0	0	0	0	0	0	1	0
C	Marios	21	107	15	1	31____	41705	7	0	0	0	0	1	0	0	0	0	0
C	Marios	21	107	15	1	31____	41778	7	0	0	0	0	0	0	0	0	1	0
C	Marios	21	107	15	1	31____	41781	7	0	0	0	0	1	0	0	0	0	0
C	Marios	21	107	15	1	31____	41829	7	0	0	0	0	0	0	0	0	1	0
C	Marios	21	107	15	1	31____	41860	7	0	0	0	0	1	0	0	0	0	0
C	Marios	21	107	15	1	31____	42000	7	11	0	0	0	0	0	0	0	0	0
C	Marios	21	107	15	1	31____	42154	11	0	0	0	0	0	0	0	0	1	0
C	Marios	21	107	15	1	31____	42156	11	0	0	0	0	1	0	0	0	0	0
C	Marios	21	107	15	1	31____	42161	11	0	0	0	0	0	0	0	0	1	0
C	Marios	21	107	15	1	31____	42163	11	0	0	0	0	1	0	0	0	0	0
C	Marios	21	107	15	1	31____	42167	11	0	0	0	0	0	0	0	0	1	0
C	Marios	21	107	15	1	31____	42181	11	0	0	0	0	1	0	0	0	0	0
C	Marios	21	107	15	1	31____	42183	11	0	0	0	0	0	0	0	0	1	0
C	Marios	21	107	15	1	31____	42191	11	0	0	0	0	1	0	0	0	0	0
C	Marios	21	107	15	1	31____	42270	11	0	0	0	0	0	0	0	0	1	0
C	Marios	21	107	15	1	31____	42500	11	1	0	0	0	0	0	0	0	0	0
C	Marios	21	107	15	1	31____	44386	1	0	0	0	0	1	0	0	0	0	0
C	Marios	21	107	15	1	31____	44416	1	0	0	0	0	0	0	0	0	1	0
C	Marios	21	107	15	1	31____	45055	1	0	0	0	0	1	0	0	0	0	0
C	Marios	21	107	15	1	31____	45058	1	0	0	0	0	0	0	0	0	1	0
C	Marios	21	107	15	1	31____	49250	1	2	0	0	0	0	0	0	0	0	0
C	Marios	21	107	15	1	31____	49750	2	17	0	0	0	0	0	0	0	0	0
C	Marios	21	107	15	1	31____	50250	17	15	0	0	0	0	0	0	0	0	0
C	Marios	21	107	15	1	31____	50420	15	0	0	0	0	1	0	0	0	0	0
C	Marios	21	107	15	1	31____	50469	15	0	0	0	0	0	0	0	0	1	0
C	Marios	21	107	15	1	31____	50714	15	0	0	0	0	1	0	0	0	0	0
C	Marios	21	107	15	1	31____	50750	15	1	0	0	0	0	0	0	0	1	0
C	Marios	21	107	15	1	31____	50752	1	0	0	0	0	1	0	0	0	0	0
C	Marios	21	107	15	1	31____	50758	1	0	0	0	0	0	0	0	0	1	0
C	Marios	21	107	15	1	31____	50766	1	0	0	0	0	1	0	0	0	0	0
C	Marios	21	107	15	1	31____	50939	1	0	0	0	0	0	0	0	0	1	0
C	Marios	21	107	15	1	31____	51259	1	0	0	0	0	1	0	0	0	0	0
C	Marios	21	107	15	1	31____	51350	1	0	0	0	0	0	0	0	0	1	0
C	Marios	21	107	15	1	31____	52057	1	0	0	0	0	1	0	0	0	0	0
C	Marios	21	107	15	1	31____	52239	1	0	0	0	0	0	0	0	0	1	0
C	Marios	21	107	15	1	31____	52346	1	0	0	0	0	1	0	0	0	0	0
C	Marios	21	107	15	1	31____	52565	1	0	0	0	0	0	0	0	0	1	0
C	Marios	21	107	15	1	31____	52609	1	0	0	0	0	1	0	0	0	0	0
C	Marios	21	107	15	1	31____	52742	1	0	0	0	0	0	0	0	0	1	0
C	Marios	21	107	15	1	31____	52793	1	0	0	0	0	1	0	0	0	0	0
C	Marios	21	107	15	1	31____	52891	1	0	0	0	0	0	0	0	0	1	0
C	Marios	21	107	15	1	31____	52895	1	0	0	0	0	1	0	0	0	0	0
C	Marios	21	107	15	1	31____	52984	1	0	0	0	0	0	0	0	0	1	0
C	Marios	21	107	15	1	31____	53025	1	0	0	0	0	1	0	0	0	0	0
C	Marios	21	107	15	1	31____	53201	1	0	0	0	0	0	0	0	0	1	0
C	Marios	21	107	15	1	31____	53271	1	0	0	0	0	1	0	0	0	0	0
C	Marios	21	107	15	1	31____	53302	1	0	0	0	0	0	0	0	0	1	0
C	Marios	21	107	15	1	31____	53367	1	0	0	0	0	1	0	0	0	0	0
C	Marios	21	107	15	1	31____	53402	1	0	0	0	0	0	0	0	0	1	0
C	Marios	21	107	15	1	31____	54852	1	0	0	0	0	1	0	0	0	0	0
C	Marios	21	107	15	1	31____	54898	1	0	0	0	0	0	0	0	0	1	0
C	Marios	21	107	15	1	31____	55739	1	0	0	0	0	1	0	0	0	0	0
C	Marios	21	107	15	1	31____	55798	1	0	0	0	0	0	0	0	0	1	0
C	Marios	21	107	15	1	31____	56000	1	2	0	0	0	0	0	0	0	0	0
C	Marios	21	107	15	1	31____	56306	2	0	0	0	0	1	0	0	0	0	0
C	Marios	21	107	15	1	31____	56388	2	0	0	0	0	0	0	0	0	1	0
C	Marios	21	107	15	1	31____	56500	2	16	0	0	0	0	0	0	0	0	0
C	Marios	21	107	15	1	31____	57000	16	15	0	0	0	0	0	0	0	0	0
C	Marios	21	107	15	1	31____	57294	15	0	0	0	0	1	0	0	0	0	0
C	Marios	21	107	15	1	31____	57317	15	0	0	0	0	0	0	0	0	1	0
C	Marios	21	107	15	1	31____	57500	15	1	0	0	0	0	0	0	0	0	0
C	Marios	21	107	15	1	31____	57756	1	0	0	0	0	1	0	0	0	0	0
C	Marios	21	107	15	1	31____	57761	1	0	0	0	0	0	0	0	0	1	0
C	Marios	21	107	15	1	31____	59307	1	0	0	0	0	1	0	0	0	0	0
C	Marios	21	107	15	1	31____	59485	1	0	0	0	0	0	0	0	0	1	0
C	Marios	21	107	15	1	31____	60930	1	0	0	0	0	1	0	0	0	0	0
C	Marios	21	107	15	1	31____	60960	1	0	0	0	0	0	0	0	0	1	0
C	Marios	21	107	15	1	31____	62898	1	0	0	0	0	1	0	0	0	0	0
C	Marios	21	107	15	1	31____	62988	1	0	0	0	0	0	0	0	0	1	0
C	Marios	21	107	15	1	31____	63106	1	0	0	0	0	1	0	0	0	0	0
C	Marios	21	107	15	1	31____	63410	1	0	0	0	0	0	0	0	0	1	0
C	Marios	21	107	15	1	31____	63500	1	2	0	0	0	0	0	0	0	0	0
C	Marios	21	107	15	1	31____	63730	2	0	0	0	0	1	0	0	0	0	0
C	Marios	21	107	15	1	31____	64000	2	17	0	0	0	0	0	0	0	0	0
C	Marios	21	107	15	1	31____	64005	17	0	0	0	0	0	0	0	0	1	0
C	Marios	21	107	15	1	31____	64500	17	15	0	0	0	0	0	0	0	0	0
C	Marios	21	107	15	1	31____	65000	15	1	0	0	0	0	0	0	0	0	0
C	Marios	21	107	15	1	31____	66552	1	0	0	0	0	1	0	0	0	0	0
C	Marios	21	107	15	1	31____	66704	1	0	0	0	0	0	0	0	0	1	0
C	Marios	21	107	15	1	31____	66708	1	0	0	0	0	1	0	0	0	0	0
C	Marios	21	107	15	1	31____	66859	1	0	0	0	0	0	0	0	0	1	0
C	Marios	21	107	15	1	31____	66861	1	0	0	0	0	1	0	0	0	0	0
C	Marios	21	107	15	1	31____	66926	1	0	0	0	0	0	0	0	0	1	0
C	Marios	21	107	15	1	31____	66988	1	0	0	0	0	1	0	0	0	0	0
C	Marios	21	107	15	1	31____	67080	1	0	0	0	0	0	0	0	0	1	0
C	Marios	21	107	15	1	31____	67082	1	0	0	0	0	1	0	0	0	0	0
C	Marios	21	107	15	1	31____	67089	1	0	0	0	0	0	0	0	0	1	0
C	Marios	21	107	15	1	31____	67351	1	0	0	0	0	1	0	0	0	0	0
C	Marios	21	107	15	1	31____	67434	1	0	0	0	0	0	0	0	0	1	0
C	Marios	21	107	15	1	31____	70500	1	2	0	0	0	0	0	0	0	0	0
C	Marios	21	107	15	1	31____	71000	2	16	0	0	0	0	0	0	0	0	0
C	Marios	21	107	15	1	31____	71104	16	0	0	0	0	1	0	0	0	0	0
C	Marios	21	107	15	1	31____	71140	16	0	0	0	0	0	0	0	0	1	0
C	Marios	21	107	15	1	31____	71500	16	15	0	0	0	0	0	0	0	0	0
C	Marios	21	107	15	1	31____	71766	15	0	0	0	0	1	0	0	0	0	0
C	Marios	21	107	15	1	31____	71865	15	0	0	0	0	0	0	0	0	1	0
C	Marios	21	107	15	1	31____	72000	15	1	0	0	0	0	0	0	0	0	0
C	Marios	21	107	15	1	31____	72579	1	0	0	0	0	1	0	0	0	0	0
C	Marios	21	107	15	1	31____	72771	1	0	0	0	0	0	0	0	0	1	0
C	Marios	21	107	15	1	31____	72849	1	0	0	0	0	1	0	0	0	0	0
C	Marios	21	107	15	1	31____	73181	1	0	0	0	0	0	0	0	0	1	0
C	Marios	21	107	15	1	31____	73193	1	0	0	0	0	1	0	0	0	0	0
C	Marios	21	107	15	1	31____	73199	1	0	0	0	0	0	0	0	0	1	0
C	Marios	21	107	15	1	31____	73789	1	0	0	0	0	1	0	0	0	0	0
C	Marios	21	107	15	1	31____	73799	1	0	0	0	0	0	0	0	0	1	0
C	Marios	21	107	15	1	31____	73803	1	0	0	0	0	1	0	0	0	0	0
C	Marios	21	107	15	1	31____	73811	1	0	0	0	0	0	0	0	0	1	0
C	Marios	21	107	15	1	31____	75156	1	0	0	0	0	1	0	0	0	0	0
C	Marios	21	107	15	1	31____	75170	1	0	0	0	0	0	0	0	0	1	0
C	Marios	21	107	15	1	31____	77200	1	0	0	0	0	1	0	0	0	0	0
C	Marios	21	107	15	1	31____	77392	1	0	0	0	0	0	0	0	0	1	0
C	Marios	21	107	15	1	31____	77500	1	2	0	0	0	0	0	0	0	0	0
C	Marios	21	107	15	1	31____	78000	2	16	0	0	0	0	0	0	0	0	0
C	Marios	21	107	15	1	31____	78067	16	0	0	0	0	1	0	0	0	0	0
C	Marios	21	107	15	1	31____	78078	16	0	0	0	0	0	0	0	0	1	0
C	Marios	21	107	15	1	31____	78500	16	15	0	0	0	0	0	0	0	0	0
C	Marios	21	107	15	1	31____	79000	15	1	0	0	0	0	0	0	0	0	0
C	Marios	21	107	15	1	31____	81026	1	0	0	0	0	1	0	0	0	0	0
C	Marios	21	107	15	1	31____	81038	1	0	0	0	0	0	0	0	0	1	0
C	Marios	21	107	15	1	31____	81056	1	0	0	0	0	1	0	0	0	0	0
C	Marios	21	107	15	1	31____	81069	1	0	0	0	0	0	0	0	0	1	0
C	Marios	21	107	15	1	31____	81070	1	0	0	0	0	1	0	0	0	0	0
C	Marios	21	107	15	1	31____	81072	1	0	0	0	0	0	0	0	0	1	0
C	Marios	21	107	15	1	31____	81073	1	0	0	0	0	1	0	0	0	0	0
C	Marios	21	107	15	1	31____	81077	1	0	0	0	0	0	0	0	0	1	0
C	Marios	21	107	15	1	31____	81079	1	0	0	0	0	1	0	0	0	0	0
C	Marios	21	107	15	1	31____	81081	1	0	0	0	0	0	0	0	0	1	0
C	Marios	21	107	15	1	31____	81112	1	0	0	0	0	1	0	0	0	0	0
C	Marios	21	107	15	1	31____	81114	1	0	0	0	0	0	0	0	0	1	0
C	Marios	21	107	15	1	31____	85750	1	2	0	0	0	0	0	0	0	0	0
C	Marios	21	107	15	1	31____	86250	2	6	0	0	0	0	0	0	0	0	0
C	Marios	21	107	15	1	31____	86281	6	0	0	0	0	1	0	0	0	0	0
C	Marios	21	107	15	1	31____	86341	6	0	0	0	0	0	0	0	0	1	0
C	Marios	21	107	15	1	31____	86370	6	0	0	0	0	1	0	0	0	0	0
C	Marios	21	107	15	1	31____	86725	6	0	0	0	0	0	0	0	0	1	0
C	Marios	21	107	15	1	31____	86739	6	0	0	0	0	1	0	0	0	0	0
C	Marios	21	107	15	1	31____	86750	6	10	0	0	0	0	0	0	0	0	0
C	Marios	21	107	15	1	31____	87220	10	0	0	0	0	0	0	0	0	1	0
C	Marios	21	107	15	1	31____	87250	10	1	0	0	0	0	0	0	0	0	0
C	Marios	21	107	15	1	31____	89873	1	0	0	0	0	1	0	0	0	0	0
C	Marios	21	107	15	1	31____	89885	1	0	0	0	0	0	0	0	0	1	0
C	Marios	21	107	15	1	31____	89887	1	0	0	0	0	1	0	0	0	0	0
C	Marios	21	107	15	1	31____	89990	1	0	0	0	0	0	0	0	0	1	0
C	Marios	21	107	15	1	31____	93245	1	0	0	0	0	1	0	0	0	0	0
C	Marios	21	107	15	1	31____	93376	1	0	0	0	0	0	0	0	0	1	0
C	Marios	21	107	15	1	31____	93610	1	0	0	0	0	1	0	0	0	0	0
C	Marios	21	107	15	1	31____	93883	1	0	0	0	0	0	0	0	0	1	0
C	Marios	21	107	15	1	31____	94750	1	2	0	0	0	0	0	0	0	0	0
C	Marios	21	107	15	1	31____	95250	2	16	0	0	0	0	0	0	0	0	0
C	Marios	21	107	15	1	31____	95370	16	0	0	0	0	1	0	0	0	0	0
C	Marios	21	107	15	1	31____	95435	16	0	0	0	0	0	0	0	0	1	0
C	Marios	21	107	15	1	31____	95472	16	0	0	0	0	1	0	0	0	0	0
C	Marios	21	107	15	1	31____	95523	16	0	0	0	0	0	0	0	0	1	0
C	Marios	21	107	15	1	31____	95579	16	0	0	0	0	1	0	0	0	0	0
C	Marios	21	107	15	1	31____	95638	16	0	0	0	0	0	0	0	0	1	0
C	Marios	21	107	15	1	31____	95674	16	0	0	0	0	1	0	0	0	0	0
C	Marios	21	107	15	1	31____	95750	16	15	0	0	0	0	0	0	0	0	0
C	Marios	21	107	15	1	31____	95756	15	0	0	0	0	0	0	0	0	1	0
C	Marios	21	107	15	1	31____	95810	15	0	0	0	0	1	0	0	0	0	0
C	Marios	21	107	15	1	31____	95963	15	0	0	0	0	0	0	0	0	1	0
C	Marios	21	107	15	1	31____	96005	15	0	0	0	0	1	0	0	0	0	0
C	Marios	21	107	15	1	31____	96113	15	0	0	0	0	0	0	0	0	1	0
C	Marios	21	107	15	1	31____	96250	15	1	0	0	0	0	0	0	0	0	0
C	Marios	21	107	15	1	31____	96291	1	0	0	0	0	1	0	0	0	0	0
C	Marios	21	107	15	1	31____	96394	1	0	0	0	0	0	0	0	0	1	0
C	Marios	21	107	15	1	31____	96453	1	0	0	0	0	1	0	0	0	0	0
C	Marios	21	107	15	1	31____	96528	1	0	0	0	0	0	0	0	0	1	0
C	Marios	21	107	15	1	31____	96531	1	0	0	0	0	1	0	0	0	0	0
C	Marios	21	107	15	1	31____	96638	1	0	0	0	0	0	0	0	0	1	0
C	Marios	21	107	15	1	31____	99750	1	2	0	0	0	0	0	0	0	0	0
C	Marios	21	107	15	1	31____	100052	2	0	0	0	0	1	0	0	0	0	0
C	Marios	21	107	15	1	31____	100063	2	0	0	0	0	0	0	0	0	1	0
C	Marios	21	107	15	1	31____	100250	2	17	0	0	0	0	0	0	0	0	0
C	Marios	21	107	15	1	31____	100342	17	0	0	0	0	1	0	0	0	0	0
C	Marios	21	107	15	1	31____	100369	17	0	0	0	0	0	0	0	0	1	0
C	Marios	21	107	15	1	31____	100750	17	15	0	0	0	0	0	0	0	0	0
C	Marios	21	107	15	1	31____	100902	15	0	0	0	0	1	0	0	0	0	0
C	Marios	21	107	15	1	31____	100966	15	0	0	0	0	0	0	0	0	1	0
C	Marios	21	107	15	1	31____	101250	15	1	0	0	0	0	0	0	0	0	0
C	Marios	21	107	15	1	31____	101602	1	0	0	0	0	1	0	0	0	0	0
C	Marios	21	107	15	1	31____	101693	1	0	0	0	0	0	0	0	0	1	0
C	Marios	21	107	15	1	31____	104571	1	0	0	0	0	1	0	0	0	0	0
C	Marios	21	107	15	1	31____	104580	1	0	0	0	0	0	0	0	0	1	0
C	Marios	21	107	15	1	31____	105000	1	2	0	0	0	0	0	0	0	0	0
C	Marios	21	107	15	1	31____	105500	2	17	0	0	0	0	0	0	0	0	0
C	Marios	21	107	15	1	31____	105572	17	0	0	0	0	1	0	0	0	0	0
C	Marios	21	107	15	1	31____	105600	17	0	0	0	0	0	0	0	0	1	0
C	Marios	21	107	15	1	31____	105692	17	0	0	0	0	1	0	0	0	0	0
C	Marios	21	107	15	1	31____	105736	17	0	0	0	0	0	0	0	0	1	0
C	Marios	21	107	15	1	31____	105789	17	0	0	0	0	1	0	0	0	0	0
C	Marios	21	107	15	1	31____	106000	17	15	0	0	0	0	0	0	0	0	0
C	Marios	21	107	15	1	31____	106226	15	0	0	0	0	0	0	0	0	1	0
C	Marios	21	107	15	1	31____	106286	15	0	0	0	0	1	0	0	0	0	0
C	Marios	21	107	15	1	31____	106401	15	0	0	0	0	0	0	0	0	1	0
C	Marios	21	107	15	1	31____	106500	15	1	0	0	0	0	0	0	0	0	0
C	Marios	21	107	15	1	31____	106581	1	0	0	0	0	1	0	0	0	0	0
C	Marios	21	107	15	1	31____	106647	1	0	0	0	0	0	0	0	0	1	0
C	Marios	21	107	15	1	31____	107770	1	0	0	0	0	1	0	0	0	0	0
C	Marios	21	107	15	1	31____	107775	1	0	0	0	0	0	0	0	0	1	0
C	Marios	21	107	15	1	31____	107809	1	0	0	0	0	1	0	0	0	0	0
C	Marios	21	107	15	1	31____	107834	1	0	0	0	0	0	0	0	0	1	0
C	Marios	21	107	15	1	31____	107838	1	0	0	0	0	1	0	0	0	0	0
C	Marios	21	107	15	1	31____	107854	1	0	0	0	0	0	0	0	0	1	0
C	Marios	21	107	15	1	31____	107857	1	0	0	0	0	1	0	0	0	0	0
C	Marios	21	107	15	1	31____	107912	1	0	0	0	0	0	0	0	0	1	0
C	Marios	21	107	15	1	31____	107936	1	0	0	0	0	1	0	0	0	0	0
C	Marios	21	107	15	1	31____	107938	1	0	0	0	0	0	0	0	0	1	0
C	Marios	21	107	15	1	31____	107943	1	0	0	0	0	1	0	0	0	0	0
C	Marios	21	107	15	1	31____	108199	1	0	0	0	0	0	0	0	0	1	0
C	Marios	21	107	15	1	31____	108214	1	0	0	0	0	1	0	0	0	0	0
C	Marios	21	107	15	1	31____	108218	1	0	0	0	0	0	0	0	0	1	0
C	Marios	21	107	15	1	31____	108229	1	0	0	0	0	1	0	0	0	0	0
C	Marios	21	107	15	1	31____	108302	1	0	0	0	0	0	0	0	0	1	0
C	Marios	21	107	15	1	31____	108304	1	0	0	0	0	1	0	0	0	0	0
C	Marios	21	107	15	1	31____	108425	1	0	0	0	0	0	0	0	0	1	0
C	Marios	21	107	15	1	31____	110566	1	0	0	0	0	1	0	0	0	0	0
C	Marios	21	107	15	1	31____	110614	1	0	0	0	0	0	0	0	0	1	0
C	Marios	21	107	15	1	31____	111000	1	2	0	0	0	0	0	0	0	0	0
C	Marios	21	107	15	1	31____	111500	2	7	0	0	0	0	0	0	0	0	0
C	Marios	21	107	15	1	31____	111548	7	0	0	0	0	1	0	0	0	0	0
C	Marios	21	107	15	1	31____	111575	7	0	0	0	0	0	0	0	0	1	0
C	Marios	21	107	15	1	31____	111614	7	0	0	0	0	1	0	0	0	0	0
C	Marios	21	107	15	1	31____	111699	7	0	0	0	0	0	0	0	0	1	0
C	Marios	21	107	15	1	31____	111720	7	0	0	0	0	1	0	0	0	0	0
C	Marios	21	107	15	1	31____	111814	7	0	0	0	0	0	0	0	0	1	0
C	Marios	21	107	15	1	31____	111876	7	0	0	0	0	1	0	0	0	0	0
C	Marios	21	107	15	1	31____	112000	7	11	0	0	0	0	0	0	0	0	0
C	Marios	21	107	15	1	31____	112128	11	0	0	0	0	0	0	0	0	1	0
C	Marios	21	107	15	1	31____	112151	11	0	0	0	0	1	0	0	0	0	0
C	Marios	21	107	15	1	31____	112276	11	0	0	0	0	0	0	0	0	1	0
C	Marios	21	107	15	1	31____	112283	11	0	0	0	0	1	0	0	0	0	0
C	Marios	21	107	15	1	31____	112286	11	0	0	0	0	0	0	0	0	1	0
C	Marios	21	107	15	1	31____	112293	11	0	0	0	0	1	0	0	0	0	0
C	Marios	21	107	15	1	31____	112296	11	0	0	0	0	0	0	0	0	1	0
C	Marios	21	107	15	1	31____	112299	11	0	0	0	0	1	0	0	0	0	0
C	Marios	21	107	15	1	31____	112500	11	1	0	0	0	0	0	0	0	0	0
C	Marios	21	107	15	1	31____	112535	1	0	0	0	0	0	0	0	0	1	0
C	Marios	21	107	15	1	31____	112829	1	0	0	0	0	1	0	0	0	0	0
C	Marios	21	107	15	1	31____	112831	1	0	0	0	0	0	0	0	0	1	0
C	Marios	21	107	15	1	31____	112832	1	0	0	0	0	1	0	0	0	0	0
C	Marios	21	107	15	1	31____	112844	1	0	0	0	0	0	0	0	0	1	0
C	Marios	21	107	15	1	31____	113781	1	0	0	0	0	1	0	0	0	0	0
C	Marios	21	107	15	1	31____	113787	1	0	0	0	0	0	0	0	0	1	0
C	Marios	21	107	15	1	31____	114000	1	2	0	0	0	0	0	0	0	0	0
C	Marios	21	107	15	1	31____	114500	2	16	0	0	0	0	0	0	0	0	0
C	Marios	21	107	15	1	31____	114578	16	0	0	0	0	1	0	0	0	0	0
C	Marios	21	107	15	1	31____	114633	16	0	0	0	0	0	0	0	0	1	0
C	Marios	21	107	15	1	31____	115000	16	15	0	0	0	0	0	0	0	0	0
C	Marios	21	107	15	1	31____	115172	15	0	0	0	0	1	0	0	0	0	0
C	Marios	21	107	15	1	31____	115210	15	0	0	0	0	0	0	0	0	1	0
C	Marios	21	107	15	1	31____	115307	15	0	0	0	0	1	0	0	0	0	0
C	Marios	21	107	15	1	31____	115380	15	0	0	0	0	0	0	0	0	1	0
C	Marios	21	107	15	1	31____	115434	15	0	0	0	0	1	0	0	0	0	0
C	Marios	21	107	15	1	31____	115500	15	1	0	0	0	0	0	0	0	0	0
C	Marios	21	107	15	1	31____	115506	1	0	0	0	0	0	0	0	0	1	0
C	Marios	21	107	15	1	31____	117750	1	2	0	0	0	0	0	0	0	0	0
C	Marios	21	107	15	1	31____	118199	2	0	0	0	0	1	0	0	0	0	0
C	Marios	21	107	15	1	31____	118250	2	7	0	0	0	0	0	0	0	0	0
C	Marios	21	107	15	1	31____	118255	7	0	0	0	0	0	0	0	0	1	0
C	Marios	21	107	15	1	31____	118296	7	0	0	0	0	1	0	0	0	0	0
C	Marios	21	107	15	1	31____	118345	7	0	0	0	0	0	0	0	0	1	0
C	Marios	21	107	15	1	31____	118371	7	0	0	0	0	1	0	0	0	0	0
C	Marios	21	107	15	1	31____	118698	7	0	0	0	0	0	0	0	0	1	0
C	Marios	21	107	15	1	31____	118705	7	0	0	0	0	1	0	0	0	0	0
C	Marios	21	107	15	1	31____	118750	7	11	0	0	0	0	0	0	0	0	0
C	Marios	21	107	15	1	31____	119128	11	0	0	0	0	0	0	0	0	1	0
C	Marios	21	107	15	1	31____	119134	11	0	0	0	0	1	0	0	0	0	0
C	Marios	21	107	15	1	31____	119138	11	0	0	0	0	0	0	0	0	1	0
C	Marios	21	107	15	1	31____	119250	11	1	0	0	0	0	0	0	0	0	0
C	Marios	21	107	15	1	31____	120921	1	0	0	0	0	1	0	0	0	0	0
C	Marios	21	107	15	1	31____	120945	1	0	0	0	0	0	0	0	0	1	0
C	Marios	21	107	15	1	31____	122322	1	0	0	0	0	1	0	0	0	0	0
C	Marios	21	107	15	1	31____	122347	1	0	0	0	0	0	0	0	0	1	0
C	Marios	21	107	15	1	31____	123276	1	0	0	0	0	1	0	0	0	0	0
C	Marios	21	107	15	1	31____	123282	1	0	0	0	0	0	0	0	0	1	0
C	Marios	21	107	15	1	31____	123283	1	0	0	0	0	1	0	0	0	0	0
C	Marios	21	107	15	1	31____	123287	1	0	0	0	0	0	0	0	0	1	0
C	Marios	21	107	15	1	31____	123329	1	0	0	0	0	1	0	0	0	0	0
C	Marios	21	107	15	1	31____	123332	1	0	0	0	0	0	0	0	0	1	0
C	Marios	21	107	15	1	31____	123808	1	0	0	0	0	1	0	0	0	0	0
C	Marios	21	107	15	1	31____	123848	1	0	0	0	0	0	0	0	0	1	0
C	Marios	21	107	15	1	31____	124500	1	2	0	0	0	0	0	0	0	0	0
C	Marios	21	107	15	1	31____	125000	2	6	0	0	0	0	0	0	0	0	0
C	Marios	21	107	15	1	31____	125019	6	0	0	0	0	1	0	0	0	0	0
C	Marios	21	107	15	1	31____	125081	6	0	0	0	0	0	0	0	0	1	0
C	Marios	21	107	15	1	31____	125104	6	0	0	0	0	1	0	0	0	0	0
C	Marios	21	107	15	1	31____	125432	6	0	0	0	0	0	0	0	0	1	0
C	Marios	21	107	15	1	31____	125500	6	10	0	0	0	0	0	0	0	0	0
C	Marios	21	107	15	1	31____	125506	10	0	0	0	0	1	0	0	0	0	0
C	Marios	21	107	15	1	31____	125622	10	0	0	0	0	0	0	0	0	1	0
C	Marios	21	107	15	1	31____	125623	10	0	0	0	0	1	0	0	0	0	0
C	Marios	21	107	15	1	31____	125765	10	0	0	0	0	0	0	0	0	1	0
C	Marios	21	107	15	1	31____	126000	10	1	0	0	0	0	0	0	0	0	0
C	Marios	21	107	15	1	31____	126551	1	0	0	0	0	1	0	0	0	0	0
C	Marios	21	107	15	1	31____	126569	1	0	0	0	0	0	0	0	0	1	0
C	Marios	21	107	15	1	31____	126588	1	0	0	0	0	1	0	0	0	0	0
C	Marios	21	107	15	1	31____	126676	1	0	0	0	0	0	0	0	0	1	0
C	Marios	21	107	15	1	31____	126912	1	0	0	0	0	1	0	0	0	0	0
C	Marios	21	107	15	1	31____	126926	1	0	0	0	0	0	0	0	0	1	0
C	Marios	21	107	15	1	31____	127914	1	0	0	0	0	1	0	0	0	0	0
C	Marios	21	107	15	1	31____	127916	1	0	0	0	0	0	0	0	0	1	0
C	Marios	21	107	15	1	31____	127919	1	0	0	0	0	1	0	0	0	0	0
C	Marios	21	107	15	1	31____	127945	1	0	0	0	0	0	0	0	0	1	0
C	Marios	21	107	15	1	31____	128584	1	0	0	0	0	1	0	0	0	0	0
C	Marios	21	107	15	1	31____	128611	1	0	0	0	0	0	0	0	0	1	0
C	Marios	21	107	15	1	31____	129120	1	0	0	0	0	1	0	0	0	0	0
C	Marios	21	107	15	1	31____	129166	1	0	0	0	0	0	0	0	0	1	0
C	Marios	21	107	15	1	31____	129214	1	0	0	0	0	1	0	0	0	0	0
C	Marios	21	107	15	1	31____	129313	1	0	0	0	0	0	0	0	0	1	0
C	Marios	21	107	15	1	31____	129840	1	0	0	0	0	1	0	0	0	0	0
C	Marios	21	107	15	1	31____	129868	1	0	0	0	0	0	0	0	0	1	0
C	Marios	21	107	15	1	31____	130219	1	0	0	0	0	1	0	0	0	0	0
C	Marios	21	107	15	1	31____	130358	1	0	0	0	0	0	0	0	0	1	0
C	Marios	21	107	15	1	31____	130500	1	2	0	0	0	0	0	0	0	0	0
C	Marios	21	107	15	1	31____	130955	2	0	0	0	0	1	0	0	0	0	0
C	Marios	21	107	15	1	31____	130993	2	0	0	0	0	0	0	0	0	1	0
C	Marios	21	107	15	1	31____	131000	2	17	0	0	0	0	0	0	0	0	0
C	Marios	21	107	15	1	31____	131375	17	0	0	0	0	1	0	0	0	0	0
C	Marios	21	107	15	1	31____	131385	17	0	0	0	0	0	0	0	0	1	0
C	Marios	21	107	15	1	31____	131500	17	15	0	0	0	0	0	0	0	0	0
C	Marios	21	107	15	1	31____	131573	15	0	0	0	0	1	0	0	0	0	0
C	Marios	21	107	15	1	31____	131635	15	0	0	0	0	0	0	0	0	1	0
C	Marios	21	107	15	1	31____	131752	15	0	0	0	0	1	0	0	0	0	0
C	Marios	21	107	15	1	31____	131855	15	0	0	0	0	0	0	0	0	1	0
C	Marios	21	107	15	1	31____	131937	15	0	0	0	0	1	0	0	0	0	0
C	Marios	21	107	15	1	31____	131985	15	0	0	0	0	0	0	0	0	1	0
C	Marios	21	107	15	1	31____	132000	15	1	0	0	0	0	0	0	0	0	0
C	Marios	21	107	15	1	31____	132119	1	0	0	0	0	1	0	0	0	0	0
C	Marios	21	107	15	1	31____	132207	1	0	0	0	0	0	0	0	0	1	0
C	Marios	21	107	15	1	31____	132404	1	0	0	0	0	1	0	0	0	0	0
C	Marios	21	107	15	1	31____	132529	1	0	0	0	0	0	0	0	0	1	0
C	Marios	21	107	15	1	31____	132558	1	0	0	0	0	1	0	0	0	0	0
C	Marios	21	107	15	1	31____	132874	1	0	0	0	0	1	0	0	0	1	0
C	Marios	21	107	15	1	31____	133017	1	0	0	0	0	0	0	0	0	1	0
C	Marios	21	107	15	1	31____	133034	1	0	0	0	0	1	0	0	0	0	0
C	Marios	21	107	15	1	31____	133171	1	0	0	0	0	0	0	0	0	1	0
C	Marios	21	107	15	1	31____	133241	1	0	0	0	0	1	0	0	0	0	0
C	Marios	21	107	15	1	31____	133359	1	0	0	0	0	0	0	0	0	1	0
C	Marios	21	107	15	1	31____	133417	1	0	0	0	0	1	0	0	0	0	0
C	Marios	21	107	15	1	31____	133459	1	0	0	0	0	0	0	0	0	1	0
C	Marios	21	107	15	1	31____	133720	1	0	0	0	0	1	0	0	0	0	0
C	Marios	21	107	15	1	31____	133738	1	0	0	0	0	0	0	0	0	1	0
C	Marios	21	107	15	1	31____	135000	1	2	0	0	0	0	0	0	0	0	0
C	Marios	21	107	15	1	31____	135031	2	0	0	0	0	1	0	0	0	0	0
C	Marios	21	107	15	1	31____	135084	2	0	0	0	0	0	0	0	0	1	0
C	Marios	21	107	15	1	31____	135482	2	0	0	0	0	1	0	0	0	0	0
C	Marios	21	107	15	1	31____	135490	2	0	0	0	0	0	0	0	0	1	0
C	Marios	21	107	15	1	31____	135500	2	16	0	0	0	0	0	0	0	0	0
C	Marios	21	107	15	1	31____	135558	16	0	0	0	0	1	0	0	0	0	0
C	Marios	21	107	15	1	31____	135571	16	0	0	0	0	0	0	0	0	1	0
C	Marios	21	107	15	1	31____	135626	16	0	0	0	0	1	0	0	0	0	0
C	Marios	21	107	15	1	31____	135678	16	0	0	0	0	0	0	0	0	1	0
C	Marios	21	107	15	1	31____	135781	16	0	0	0	0	1	0	0	0	0	0
C	Marios	21	107	15	1	31____	135838	16	0	0	0	0	0	0	0	0	1	0
C	Marios	21	107	15	1	31____	135960	16	0	0	0	0	1	0	0	0	0	0
C	Marios	21	107	15	1	31____	136000	16	15	0	0	0	0	0	0	0	0	0
C	Marios	21	107	15	1	31____	136103	15	0	0	0	0	0	0	0	0	1	0
C	Marios	21	107	15	1	31____	136225	15	0	0	0	0	1	0	0	0	0	0
C	Marios	21	107	15	1	31____	136347	15	0	0	0	0	0	0	0	0	1	0
C	Marios	21	107	15	1	31____	136500	15	1	0	0	0	0	0	0	0	0	0
C	Marios	21	107	15	1	31____	136530	1	0	0	0	0	1	0	0	0	0	0
C	Marios	21	107	15	1	31____	136579	1	0	0	0	0	0	0	0	0	1	0
C	Marios	21	107	15	1	31____	141935	1	0	0	0	0	1	0	0	0	0	0
C	Marios	21	107	15	1	31____	142204	1	0	0	0	0	0	0	0	0	1	0
C	Marios	21	107	15	1	31____	142500	1	2	0	0	0	0	0	0	0	0	0
C	Marios	21	107	15	1	31____	143000	2	17	0	0	0	0	0	0	0	0	0
C	Marios	21	107	15	1	31____	143051	17	0	0	0	0	1	0	0	0	0	0
C	Marios	21	107	15	1	31____	143078	17	0	0	0	0	0	0	0	0	1	0
C	Marios	21	107	15	1	31____	143170	17	0	0	0	0	1	0	0	0	0	0
C	Marios	21	107	15	1	31____	143188	17	0	0	0	0	0	0	0	0	1	0
C	Marios	21	107	15	1	31____	143213	17	0	0	0	0	1	0	0	0	0	0
C	Marios	21	107	15	1	31____	143259	17	0	0	0	0	0	0	0	0	1	0
C	Marios	21	107	15	1	31____	143293	17	0	0	0	0	1	0	0	0	0	0
C	Marios	21	107	15	1	31____	143458	17	0	0	0	0	0	0	0	0	1	0
C	Marios	21	107	15	1	31____	143469	17	0	0	0	0	1	0	0	0	0	0
C	Marios	21	107	15	1	31____	143500	17	15	0	0	0	0	0	0	0	0	0
C	Marios	21	107	15	1	31____	143844	15	0	0	0	0	0	0	0	0	1	0
C	Marios	21	107	15	1	31____	143937	15	0	0	0	0	1	0	0	0	0	0
C	Marios	21	107	15	1	31____	144000	15	14	0	0	0	0	0	0	0	0	0
C	Marios	21	107	15	1	31____	144014	14	0	0	0	0	0	0	0	0	1	0
C	Marios	21	107	15	1	31____	144169	14	0	0	0	0	1	0	0	0	0	0
C	Marios	21	107	15	1	31____	144181	14	0	0	0	0	0	0	0	0	1	0
C	Marios	21	107	15	1	31____	144326	14	0	0	0	0	1	0	0	0	0	0
C	Marios	21	107	15	1	31____	144354	14	0	0	0	0	0	0	0	0	1	0
C	Marios	21	107	15	1	31____	144551	14	0	0	0	0	1	0	0	0	0	0
C	Marios	21	107	15	1	31____	144588	14	0	0	0	0	0	0	0	0	1	0
C	Marios	21	107	15	1	31____	147000	14	-1	0	0	0	0	0	0	0	0	0
