Project	UserID	Protocol	Session	Station	Run	Subject	Time	Current State	Transition State	Transition Event	A1 - LLR	A2 - RLR	A3 - MAG	A4 - 	A[1] LLR_OFF	A[2] RLR_OFF	A[3] MAG_OFF	A[4] 
C	Marios	24	107	10	1	4_____	0	0	1	0	0	0	0	0	0	0	0	0
C	Marios	24	107	10	1	4_____	99	1	0	0	0	0	1	0	0	0	0	0
C	Marios	24	107	10	1	4_____	133	1	0	0	0	0	0	0	0	0	1	0
C	Marios	24	107	10	1	4_____	1012	1	0	0	0	0	1	0	0	0	0	0
C	Marios	24	107	10	1	4_____	1014	1	0	0	0	0	0	0	0	0	1	0
C	Marios	24	107	10	1	4_____	1016	1	0	0	0	0	1	0	0	0	0	0
C	Marios	24	107	10	1	4_____	1018	1	0	0	0	0	0	0	0	0	1	0
C	Marios	24	107	10	1	4_____	2594	1	0	0	0	0	1	0	0	0	0	0
C	Marios	24	107	10	1	4_____	2599	1	0	0	0	0	0	0	0	0	1	0
C	Marios	24	107	10	1	4_____	2697	1	0	0	0	0	1	0	0	0	0	0
C	Marios	24	107	10	1	4_____	2720	1	0	0	0	0	0	0	0	0	1	0
C	Marios	24	107	10	1	4_____	5268	1	0	0	0	0	1	0	0	0	0	0
C	Marios	24	107	10	1	4_____	5325	1	0	0	0	0	0	0	0	0	1	0
C	Marios	24	107	10	1	4_____	5684	1	0	0	0	0	1	0	0	0	0	0
C	Marios	24	107	10	1	4_____	5696	1	0	0	0	0	0	0	0	0	1	0
C	Marios	24	107	10	1	4_____	6839	1	0	0	0	0	1	0	0	0	0	0
C	Marios	24	107	10	1	4_____	6843	1	0	0	0	0	0	0	0	0	1	0
C	Marios	24	107	10	1	4_____	6887	1	0	0	0	0	1	0	0	0	0	0
C	Marios	24	107	10	1	4_____	6889	1	0	0	0	0	0	0	0	0	1	0
C	Marios	24	107	10	1	4_____	7500	1	2	0	0	0	0	0	0	0	0	0
C	Marios	24	107	10	1	4_____	8000	2	13	0	0	0	0	0	0	0	0	0
C	Marios	24	107	10	1	4_____	8500	13	15	0	0	0	0	0	0	0	0	0
C	Marios	24	107	10	1	4_____	9000	15	1	0	0	0	0	0	0	0	0	0
C	Marios	24	107	10	1	4_____	9685	1	0	0	0	0	1	0	0	0	0	0
C	Marios	24	107	10	1	4_____	9723	1	0	0	0	0	0	0	0	0	1	0
C	Marios	24	107	10	1	4_____	9738	1	0	0	0	0	1	0	0	0	0	0
C	Marios	24	107	10	1	4_____	9741	1	0	0	0	0	0	0	0	0	1	0
C	Marios	24	107	10	1	4_____	10247	1	0	0	0	0	1	0	0	0	0	0
C	Marios	24	107	10	1	4_____	10317	1	0	0	0	0	0	0	0	0	1	0
C	Marios	24	107	10	1	4_____	10329	1	0	0	0	0	1	0	0	0	0	0
C	Marios	24	107	10	1	4_____	10407	1	0	0	0	0	1	0	0	0	1	0
C	Marios	24	107	10	1	4_____	10490	1	0	0	0	0	0	0	0	0	1	0
C	Marios	24	107	10	1	4_____	10529	1	0	0	0	0	1	0	0	0	0	0
C	Marios	24	107	10	1	4_____	10601	1	0	0	0	0	0	0	0	0	1	0
C	Marios	24	107	10	1	4_____	10615	1	0	0	0	0	1	0	0	0	0	0
C	Marios	24	107	10	1	4_____	10699	1	0	0	0	0	0	0	0	0	1	0
C	Marios	24	107	10	1	4_____	10728	1	0	0	0	0	1	0	0	0	0	0
C	Marios	24	107	10	1	4_____	10733	1	0	0	0	0	0	0	0	0	1	0
C	Marios	24	107	10	1	4_____	10771	1	0	0	0	0	1	0	0	0	0	0
C	Marios	24	107	10	1	4_____	10913	1	0	0	0	0	0	0	0	0	1	0
C	Marios	24	107	10	1	4_____	11139	1	0	0	0	0	1	0	0	0	0	0
C	Marios	24	107	10	1	4_____	11173	1	0	0	0	0	0	0	0	0	1	0
C	Marios	24	107	10	1	4_____	12171	1	0	0	0	0	1	0	0	0	0	0
C	Marios	24	107	10	1	4_____	12182	1	0	0	0	0	0	0	0	0	1	0
C	Marios	24	107	10	1	4_____	13961	1	0	0	0	0	1	0	0	0	0	0
C	Marios	24	107	10	1	4_____	13981	1	0	0	0	0	0	0	0	0	1	0
C	Marios	24	107	10	1	4_____	15000	1	2	0	0	0	0	0	0	0	0	0
C	Marios	24	107	10	1	4_____	15500	2	12	0	0	0	0	0	0	0	0	0
C	Marios	24	107	10	1	4_____	16000	12	15	0	0	0	0	0	0	0	0	0
C	Marios	24	107	10	1	4_____	16500	15	1	0	0	0	0	0	0	0	0	0
C	Marios	24	107	10	1	4_____	16856	1	0	0	0	0	1	0	0	0	0	0
C	Marios	24	107	10	1	4_____	16916	1	0	0	0	0	0	0	0	0	1	0
C	Marios	24	107	10	1	4_____	17099	1	0	0	0	0	1	0	0	0	0	0
C	Marios	24	107	10	1	4_____	17117	1	0	0	0	0	0	0	0	0	1	0
C	Marios	24	107	10	1	4_____	17191	1	0	0	0	0	1	0	0	0	0	0
C	Marios	24	107	10	1	4_____	17205	1	0	0	0	0	0	0	0	0	1	0
C	Marios	24	107	10	1	4_____	19009	1	0	0	0	0	1	0	0	0	0	0
C	Marios	24	107	10	1	4_____	19047	1	0	0	0	0	0	0	0	0	1	0
C	Marios	24	107	10	1	4_____	20109	1	0	0	0	0	1	0	0	0	0	0
C	Marios	24	107	10	1	4_____	20147	1	0	0	0	0	0	0	0	0	1	0
C	Marios	24	107	10	1	4_____	21000	1	2	0	0	0	0	0	0	0	0	0
C	Marios	24	107	10	1	4_____	21500	2	6	0	0	0	0	0	0	0	0	0
C	Marios	24	107	10	1	4_____	21774	6	0	0	0	0	1	0	0	0	0	0
C	Marios	24	107	10	1	4_____	21822	6	0	0	0	0	0	0	0	0	1	0
C	Marios	24	107	10	1	4_____	22000	6	11	0	0	0	0	0	0	0	0	0
C	Marios	24	107	10	1	4_____	22020	11	0	0	0	0	1	0	0	0	0	0
C	Marios	24	107	10	1	4_____	22033	11	0	0	0	0	0	0	0	0	1	0
C	Marios	24	107	10	1	4_____	22034	11	0	0	0	0	1	0	0	0	0	0
C	Marios	24	107	10	1	4_____	22205	11	0	0	0	0	0	0	0	0	1	0
C	Marios	24	107	10	1	4_____	22475	11	0	0	0	0	1	0	0	0	0	0
C	Marios	24	107	10	1	4_____	22496	11	0	0	0	0	0	0	0	0	1	0
C	Marios	24	107	10	1	4_____	22500	11	1	0	0	0	0	0	0	0	0	0
C	Marios	24	107	10	1	4_____	24028	1	0	0	0	0	1	0	0	0	0	0
C	Marios	24	107	10	1	4_____	24032	1	0	0	0	0	0	0	0	0	1	0
C	Marios	24	107	10	1	4_____	26107	1	0	0	0	0	1	0	0	0	0	0
C	Marios	24	107	10	1	4_____	26157	1	0	0	0	0	0	0	0	0	1	0
C	Marios	24	107	10	1	4_____	26178	1	0	0	0	0	1	0	0	0	0	0
C	Marios	24	107	10	1	4_____	26196	1	0	0	0	0	0	0	0	0	1	0
C	Marios	24	107	10	1	4_____	28594	1	0	0	0	0	1	0	0	0	0	0
C	Marios	24	107	10	1	4_____	28729	1	0	0	0	0	0	0	0	0	1	0
C	Marios	24	107	10	1	4_____	29250	1	2	0	0	0	0	0	0	0	0	0
C	Marios	24	107	10	1	4_____	29750	2	7	0	0	0	0	0	0	0	0	0
C	Marios	24	107	10	1	4_____	30250	7	10	0	0	0	0	0	0	0	0	0
C	Marios	24	107	10	1	4_____	30546	10	0	0	0	0	1	0	0	0	0	0
C	Marios	24	107	10	1	4_____	30550	10	0	0	0	0	0	0	0	0	1	0
C	Marios	24	107	10	1	4_____	30551	10	0	0	0	0	1	0	0	0	0	0
C	Marios	24	107	10	1	4_____	30554	10	0	0	0	0	0	0	0	0	1	0
C	Marios	24	107	10	1	4_____	30556	10	0	0	0	0	1	0	0	0	0	0
C	Marios	24	107	10	1	4_____	30631	10	0	0	0	0	0	0	0	0	1	0
C	Marios	24	107	10	1	4_____	30750	10	1	0	0	0	0	0	0	0	0	0
C	Marios	24	107	10	1	4_____	30863	1	0	0	0	0	1	0	0	0	0	0
C	Marios	24	107	10	1	4_____	30942	1	0	0	0	0	0	0	0	0	1	0
C	Marios	24	107	10	1	4_____	32268	1	0	0	0	0	1	0	0	0	0	0
C	Marios	24	107	10	1	4_____	32280	1	0	0	0	0	0	0	0	0	1	0
C	Marios	24	107	10	1	4_____	32288	1	0	0	0	0	1	0	0	0	0	0
C	Marios	24	107	10	1	4_____	32313	1	0	0	0	0	0	0	0	0	1	0
C	Marios	24	107	10	1	4_____	32372	1	0	0	0	0	1	0	0	0	0	0
C	Marios	24	107	10	1	4_____	32400	1	0	0	0	0	0	0	0	0	1	0
C	Marios	24	107	10	1	4_____	32485	1	0	0	0	0	1	0	0	0	0	0
C	Marios	24	107	10	1	4_____	32509	1	0	0	0	0	1	0	0	0	1	0
C	Marios	24	107	10	1	4_____	32521	1	0	0	0	0	0	0	0	0	1	0
C	Marios	24	107	10	1	4_____	33563	1	0	0	0	0	1	0	0	0	0	0
C	Marios	24	107	10	1	4_____	33565	1	0	0	0	0	1	0	0	0	1	0
C	Marios	24	107	10	1	4_____	33591	1	0	0	0	0	0	0	0	0	1	0
C	Marios	24	107	10	1	4_____	33750	1	2	0	0	0	0	0	0	0	0	0
C	Marios	24	107	10	1	4_____	34250	2	12	0	0	0	0	0	0	0	0	0
C	Marios	24	107	10	1	4_____	34750	12	15	0	0	0	0	0	0	0	0	0
C	Marios	24	107	10	1	4_____	34801	15	0	0	0	0	1	0	0	0	0	0
C	Marios	24	107	10	1	4_____	34825	15	0	0	0	0	0	0	0	0	1	0
C	Marios	24	107	10	1	4_____	35250	15	1	0	0	0	0	0	0	0	0	0
C	Marios	24	107	10	1	4_____	35411	1	0	0	0	0	1	0	0	0	0	0
C	Marios	24	107	10	1	4_____	35472	1	0	0	0	0	0	0	0	0	1	0
C	Marios	24	107	10	1	4_____	35623	1	0	0	0	0	1	0	0	0	0	0
C	Marios	24	107	10	1	4_____	35690	1	0	0	0	0	0	0	0	0	1	0
C	Marios	24	107	10	1	4_____	35745	1	0	0	0	0	1	0	0	0	0	0
C	Marios	24	107	10	1	4_____	35787	1	0	0	0	0	0	0	0	0	1	0
C	Marios	24	107	10	1	4_____	35792	1	0	0	0	0	1	0	0	0	0	0
C	Marios	24	107	10	1	4_____	35842	1	0	0	0	0	0	0	0	0	1	0
C	Marios	24	107	10	1	4_____	36228	1	0	0	0	0	1	0	0	0	0	0
C	Marios	24	107	10	1	4_____	36336	1	0	0	0	0	0	0	0	0	1	0
C	Marios	24	107	10	1	4_____	36425	1	0	0	0	0	1	0	0	0	0	0
C	Marios	24	107	10	1	4_____	36506	1	0	0	0	0	0	0	0	0	1	0
C	Marios	24	107	10	1	4_____	36771	1	0	0	0	0	1	0	0	0	0	0
C	Marios	24	107	10	1	4_____	36851	1	0	0	0	0	0	0	0	0	1	0
C	Marios	24	107	10	1	4_____	37500	1	2	0	0	0	0	0	0	0	0	0
C	Marios	24	107	10	1	4_____	37598	2	0	0	0	0	1	0	0	0	0	0
C	Marios	24	107	10	1	4_____	37668	2	0	0	0	0	0	0	0	0	1	0
C	Marios	24	107	10	1	4_____	38000	2	13	0	0	0	0	0	0	0	0	0
C	Marios	24	107	10	1	4_____	38500	13	15	0	0	0	0	0	0	0	0	0
C	Marios	24	107	10	1	4_____	38864	15	0	0	0	0	1	0	0	0	0	0
C	Marios	24	107	10	1	4_____	38892	15	0	0	0	0	0	0	0	0	1	0
C	Marios	24	107	10	1	4_____	39000	15	1	0	0	0	0	0	0	0	0	0
C	Marios	24	107	10	1	4_____	39003	1	0	0	0	0	1	0	0	0	0	0
C	Marios	24	107	10	1	4_____	39037	1	0	0	0	0	0	0	0	0	1	0
C	Marios	24	107	10	1	4_____	39235	1	0	0	0	0	1	0	0	0	0	0
C	Marios	24	107	10	1	4_____	39324	1	0	0	0	0	0	0	0	0	1	0
C	Marios	24	107	10	1	4_____	39593	1	0	0	0	0	1	0	0	0	0	0
C	Marios	24	107	10	1	4_____	39665	1	0	0	0	0	0	0	0	0	1	0
C	Marios	24	107	10	1	4_____	41219	1	0	0	0	0	1	0	0	0	0	0
C	Marios	24	107	10	1	4_____	41273	1	0	0	0	0	0	0	0	0	1	0
C	Marios	24	107	10	1	4_____	41695	1	0	0	0	0	1	0	0	0	0	0
C	Marios	24	107	10	1	4_____	41726	1	0	0	0	0	0	0	0	0	1	0
C	Marios	24	107	10	1	4_____	42197	1	0	0	0	0	1	0	0	0	0	0
C	Marios	24	107	10	1	4_____	42289	1	0	0	0	0	0	0	0	0	1	0
C	Marios	24	107	10	1	4_____	42750	1	2	0	0	0	0	0	0	0	0	0
C	Marios	24	107	10	1	4_____	43250	2	13	0	0	0	0	0	0	0	0	0
C	Marios	24	107	10	1	4_____	43750	13	15	0	0	0	0	0	0	0	0	0
C	Marios	24	107	10	1	4_____	44150	15	0	0	0	0	1	0	0	0	0	0
C	Marios	24	107	10	1	4_____	44152	15	0	0	0	0	0	0	0	0	1	0
C	Marios	24	107	10	1	4_____	44250	15	1	0	0	0	0	0	0	0	0	0
C	Marios	24	107	10	1	4_____	44662	1	0	0	0	0	1	0	0	0	0	0
C	Marios	24	107	10	1	4_____	44667	1	0	0	0	0	0	0	0	0	1	0
C	Marios	24	107	10	1	4_____	45567	1	0	0	0	0	1	0	0	0	0	0
C	Marios	24	107	10	1	4_____	45597	1	0	0	0	0	0	0	0	0	1	0
C	Marios	24	107	10	1	4_____	47074	1	0	0	0	0	1	0	0	0	0	0
C	Marios	24	107	10	1	4_____	47142	1	0	0	0	0	0	0	0	0	1	0
C	Marios	24	107	10	1	4_____	47454	1	0	0	0	0	1	0	0	0	0	0
C	Marios	24	107	10	1	4_____	47483	1	0	0	0	0	0	0	0	0	1	0
C	Marios	24	107	10	1	4_____	49371	1	0	0	0	0	1	0	0	0	0	0
C	Marios	24	107	10	1	4_____	49375	1	0	0	0	0	0	0	0	0	1	0
C	Marios	24	107	10	1	4_____	49750	1	2	0	0	0	0	0	0	0	0	0
C	Marios	24	107	10	1	4_____	49995	2	0	0	0	0	1	0	0	0	0	0
C	Marios	24	107	10	1	4_____	50250	2	6	0	0	0	0	0	0	0	0	0
C	Marios	24	107	10	1	4_____	50255	6	0	0	0	0	0	0	0	0	1	0
C	Marios	24	107	10	1	4_____	50357	6	0	0	0	0	1	0	0	0	0	0
C	Marios	24	107	10	1	4_____	50427	6	0	0	0	0	0	0	0	0	1	0
C	Marios	24	107	10	1	4_____	50595	6	0	0	0	0	1	0	0	0	0	0
C	Marios	24	107	10	1	4_____	50652	6	0	0	0	0	0	0	0	0	1	0
C	Marios	24	107	10	1	4_____	50654	6	0	0	0	0	1	0	0	0	0	0
C	Marios	24	107	10	1	4_____	50674	6	0	0	0	0	0	0	0	0	1	0
C	Marios	24	107	10	1	4_____	50723	6	0	0	0	0	1	0	0	0	0	0
C	Marios	24	107	10	1	4_____	50747	6	0	0	0	0	0	0	0	0	1	0
C	Marios	24	107	10	1	4_____	50750	6	11	0	0	0	0	0	0	0	0	0
C	Marios	24	107	10	1	4_____	50775	11	0	0	0	0	1	0	0	0	0	0
C	Marios	24	107	10	1	4_____	50934	11	0	0	0	0	0	0	0	0	1	0
C	Marios	24	107	10	1	4_____	51250	11	1	0	0	0	0	0	0	0	0	0
C	Marios	24	107	10	1	4_____	51750	1	0	0	0	0	1	0	0	0	0	0
C	Marios	24	107	10	1	4_____	51787	1	0	0	0	0	0	0	0	0	1	0
C	Marios	24	107	10	1	4_____	54077	1	0	0	0	0	1	0	0	0	0	0
C	Marios	24	107	10	1	4_____	54136	1	0	0	0	0	0	0	0	0	1	0
C	Marios	24	107	10	1	4_____	55018	1	0	0	0	0	1	0	0	0	0	0
C	Marios	24	107	10	1	4_____	55072	1	0	0	0	0	0	0	0	0	1	0
C	Marios	24	107	10	1	4_____	55344	1	0	0	0	0	1	0	0	0	0	0
C	Marios	24	107	10	1	4_____	55356	1	0	0	0	0	0	0	0	0	1	0
C	Marios	24	107	10	1	4_____	56163	1	0	0	0	0	1	0	0	0	0	0
C	Marios	24	107	10	1	4_____	56167	1	0	0	0	0	0	0	0	0	1	0
C	Marios	24	107	10	1	4_____	56500	1	2	0	0	0	0	0	0	0	0	0
C	Marios	24	107	10	1	4_____	57000	2	12	0	0	0	0	0	0	0	0	0
C	Marios	24	107	10	1	4_____	57500	12	15	0	0	0	0	0	0	0	0	0
C	Marios	24	107	10	1	4_____	57545	15	0	0	0	0	1	0	0	0	0	0
C	Marios	24	107	10	1	4_____	57568	15	0	0	0	0	0	0	0	0	1	0
C	Marios	24	107	10	1	4_____	57698	15	0	0	0	0	1	0	0	0	0	0
C	Marios	24	107	10	1	4_____	57735	15	0	0	0	0	0	0	0	0	1	0
C	Marios	24	107	10	1	4_____	57826	15	0	0	0	0	1	0	0	0	0	0
C	Marios	24	107	10	1	4_____	57878	15	0	0	0	0	0	0	0	0	1	0
C	Marios	24	107	10	1	4_____	57951	15	0	0	0	0	1	0	0	0	0	0
C	Marios	24	107	10	1	4_____	58000	15	1	0	0	0	0	0	0	0	0	0
C	Marios	24	107	10	1	4_____	58029	1	0	0	0	0	0	0	0	0	1	0
C	Marios	24	107	10	1	4_____	58601	1	0	0	0	0	1	0	0	0	0	0
C	Marios	24	107	10	1	4_____	58663	1	0	0	0	0	0	0	0	0	1	0
C	Marios	24	107	10	1	4_____	58820	1	0	0	0	0	1	0	0	0	0	0
C	Marios	24	107	10	1	4_____	58989	1	0	0	0	0	0	0	0	0	1	0
C	Marios	24	107	10	1	4_____	59277	1	0	0	0	0	1	0	0	0	0	0
C	Marios	24	107	10	1	4_____	59293	1	0	0	0	0	0	0	0	0	1	0
C	Marios	24	107	10	1	4_____	60030	1	0	0	0	0	1	0	0	0	0	0
C	Marios	24	107	10	1	4_____	60106	1	0	0	0	0	0	0	0	0	1	0
C	Marios	24	107	10	1	4_____	60884	1	0	0	0	0	1	0	0	0	0	0
C	Marios	24	107	10	1	4_____	61064	1	0	0	0	0	0	0	0	0	1	0
C	Marios	24	107	10	1	4_____	61762	1	0	0	0	0	1	0	0	0	0	0
C	Marios	24	107	10	1	4_____	61764	1	0	0	0	0	0	0	0	0	1	0
C	Marios	24	107	10	1	4_____	61767	1	0	0	0	0	1	0	0	0	0	0
C	Marios	24	107	10	1	4_____	61802	1	0	0	0	0	0	0	0	0	1	0
C	Marios	24	107	10	1	4_____	62500	1	2	0	0	0	0	0	0	0	0	0
C	Marios	24	107	10	1	4_____	63000	2	7	0	0	0	0	0	0	0	0	0
C	Marios	24	107	10	1	4_____	63159	7	0	0	0	0	1	0	0	0	0	0
C	Marios	24	107	10	1	4_____	63223	7	0	0	0	0	0	0	0	0	1	0
C	Marios	24	107	10	1	4_____	63297	7	0	0	0	0	1	0	0	0	0	0
C	Marios	24	107	10	1	4_____	63438	7	0	0	0	0	0	0	0	0	1	0
C	Marios	24	107	10	1	4_____	63485	7	0	0	0	0	1	0	0	0	0	0
C	Marios	24	107	10	1	4_____	63500	7	10	0	0	0	0	0	0	0	0	0
C	Marios	24	107	10	1	4_____	63683	10	0	0	0	0	0	0	0	0	1	0
C	Marios	24	107	10	1	4_____	63841	10	0	0	0	0	1	0	0	0	0	0
C	Marios	24	107	10	1	4_____	63964	10	0	0	0	0	0	0	0	0	1	0
C	Marios	24	107	10	1	4_____	64000	10	1	0	0	0	0	0	0	0	0	0
C	Marios	24	107	10	1	4_____	64351	1	0	0	0	0	1	0	0	0	0	0
C	Marios	24	107	10	1	4_____	64466	1	0	0	0	0	0	0	0	0	1	0
C	Marios	24	107	10	1	4_____	66988	1	0	0	0	0	1	0	0	0	0	0
C	Marios	24	107	10	1	4_____	67157	1	0	0	0	0	0	0	0	0	1	0
C	Marios	24	107	10	1	4_____	67500	1	2	0	0	0	0	0	0	0	0	0
C	Marios	24	107	10	1	4_____	68000	2	13	0	0	0	0	0	0	0	0	0
C	Marios	24	107	10	1	4_____	68500	13	15	0	0	0	0	0	0	0	0	0
C	Marios	24	107	10	1	4_____	68808	15	0	0	0	0	1	0	0	0	0	0
C	Marios	24	107	10	1	4_____	68848	15	0	0	0	0	0	0	0	0	1	0
C	Marios	24	107	10	1	4_____	69000	15	1	0	0	0	0	0	0	0	0	0
C	Marios	24	107	10	1	4_____	70190	1	0	0	0	0	1	0	0	0	0	0
C	Marios	24	107	10	1	4_____	70245	1	0	0	0	0	0	0	0	0	1	0
C	Marios	24	107	10	1	4_____	70500	1	2	0	0	0	0	0	0	0	0	0
C	Marios	24	107	10	1	4_____	70746	2	0	0	0	0	1	0	0	0	0	0
C	Marios	24	107	10	1	4_____	70774	2	0	0	0	0	0	0	0	0	1	0
C	Marios	24	107	10	1	4_____	71000	2	12	0	0	0	0	0	0	0	0	0
C	Marios	24	107	10	1	4_____	71500	12	15	0	0	0	0	0	0	0	0	0
C	Marios	24	107	10	1	4_____	71948	15	0	0	0	0	1	0	0	0	0	0
C	Marios	24	107	10	1	4_____	72000	15	1	0	0	0	0	0	0	0	0	0
C	Marios	24	107	10	1	4_____	72002	1	0	0	0	0	0	0	0	0	1	0
C	Marios	24	107	10	1	4_____	72423	1	0	0	0	0	1	0	0	0	0	0
C	Marios	24	107	10	1	4_____	72435	1	0	0	0	0	0	0	0	0	1	0
C	Marios	24	107	10	1	4_____	72547	1	0	0	0	0	1	0	0	0	0	0
C	Marios	24	107	10	1	4_____	72577	1	0	0	0	0	0	0	0	0	1	0
C	Marios	24	107	10	1	4_____	72909	1	0	0	0	0	1	0	0	0	0	0
C	Marios	24	107	10	1	4_____	72961	1	0	0	0	0	0	0	0	0	1	0
C	Marios	24	107	10	1	4_____	72966	1	0	0	0	0	1	0	0	0	0	0
C	Marios	24	107	10	1	4_____	72968	1	0	0	0	0	0	0	0	0	1	0
C	Marios	24	107	10	1	4_____	73019	1	0	0	0	0	1	0	0	0	0	0
C	Marios	24	107	10	1	4_____	73046	1	0	0	0	0	0	0	0	0	1	0
C	Marios	24	107	10	1	4_____	73903	1	0	0	0	0	1	0	0	0	0	0
C	Marios	24	107	10	1	4_____	73918	1	0	0	0	0	0	0	0	0	1	0
C	Marios	24	107	10	1	4_____	73919	1	0	0	0	0	1	0	0	0	0	0
C	Marios	24	107	10	1	4_____	73922	1	0	0	0	0	0	0	0	0	1	0
C	Marios	24	107	10	1	4_____	73945	1	0	0	0	0	1	0	0	0	0	0
C	Marios	24	107	10	1	4_____	73961	1	0	0	0	0	0	0	0	0	1	0
C	Marios	24	107	10	1	4_____	73963	1	0	0	0	0	1	0	0	0	0	0
C	Marios	24	107	10	1	4_____	73977	1	0	0	0	0	0	0	0	0	1	0
C	Marios	24	107	10	1	4_____	73979	1	0	0	0	0	1	0	0	0	0	0
C	Marios	24	107	10	1	4_____	74108	1	0	0	0	0	0	0	0	0	1	0
C	Marios	24	107	10	1	4_____	74991	1	0	0	0	0	1	0	0	0	0	0
C	Marios	24	107	10	1	4_____	74999	1	0	0	0	0	0	0	0	0	1	0
C	Marios	24	107	10	1	4_____	75000	1	0	0	0	0	1	0	0	0	0	0
C	Marios	24	107	10	1	4_____	75109	1	0	0	0	0	0	0	0	0	1	0
C	Marios	24	107	10	1	4_____	78750	1	2	0	0	0	0	0	0	0	0	0
C	Marios	24	107	10	1	4_____	79166	2	0	0	0	0	1	0	0	0	0	0
C	Marios	24	107	10	1	4_____	79226	2	0	0	0	0	0	0	0	0	1	0
C	Marios	24	107	10	1	4_____	79250	2	7	0	0	0	0	0	0	0	0	0
C	Marios	24	107	10	1	4_____	79376	7	0	0	0	0	1	0	0	0	0	0
C	Marios	24	107	10	1	4_____	79491	7	0	0	0	0	0	0	0	0	1	0
C	Marios	24	107	10	1	4_____	79666	7	0	0	0	0	1	0	0	0	0	0
C	Marios	24	107	10	1	4_____	79699	7	0	0	0	0	0	0	0	0	1	0
C	Marios	24	107	10	1	4_____	79750	7	10	0	0	0	0	0	0	0	0	0
C	Marios	24	107	10	1	4_____	79762	10	0	0	0	0	1	0	0	0	0	0
C	Marios	24	107	10	1	4_____	79775	10	0	0	0	0	0	0	0	0	1	0
C	Marios	24	107	10	1	4_____	79776	10	0	0	0	0	1	0	0	0	0	0
C	Marios	24	107	10	1	4_____	80023	10	0	0	0	0	0	0	0	0	1	0
C	Marios	24	107	10	1	4_____	80250	10	1	0	0	0	0	0	0	0	0	0
C	Marios	24	107	10	1	4_____	80437	1	0	0	0	0	1	0	0	0	0	0
C	Marios	24	107	10	1	4_____	80489	1	0	0	0	0	0	0	0	0	1	0
C	Marios	24	107	10	1	4_____	81648	1	0	0	0	0	1	0	0	0	0	0
C	Marios	24	107	10	1	4_____	81651	1	0	0	0	0	0	0	0	0	1	0
C	Marios	24	107	10	1	4_____	81653	1	0	0	0	0	1	0	0	0	0	0
C	Marios	24	107	10	1	4_____	81680	1	0	0	0	0	0	0	0	0	1	0
C	Marios	24	107	10	1	4_____	82926	1	0	0	0	0	1	0	0	0	0	0
C	Marios	24	107	10	1	4_____	83071	1	0	0	0	0	0	0	0	0	1	0
C	Marios	24	107	10	1	4_____	83333	1	0	0	0	0	1	0	0	0	0	0
C	Marios	24	107	10	1	4_____	83383	1	0	0	0	0	0	0	0	0	1	0
C	Marios	24	107	10	1	4_____	83408	1	0	0	0	0	1	0	0	0	0	0
C	Marios	24	107	10	1	4_____	83410	1	0	0	0	0	0	0	0	0	1	0
C	Marios	24	107	10	1	4_____	83833	1	0	0	0	0	1	0	0	0	0	0
C	Marios	24	107	10	1	4_____	83850	1	0	0	0	0	0	0	0	0	1	0
C	Marios	24	107	10	1	4_____	85500	1	2	0	0	0	0	0	0	0	0	0
C	Marios	24	107	10	1	4_____	86000	2	13	0	0	0	0	0	0	0	0	0
C	Marios	24	107	10	1	4_____	86500	13	15	0	0	0	0	0	0	0	0	0
C	Marios	24	107	10	1	4_____	86744	15	0	0	0	0	1	0	0	0	0	0
C	Marios	24	107	10	1	4_____	86754	15	0	0	0	0	0	0	0	0	1	0
C	Marios	24	107	10	1	4_____	86755	15	0	0	0	0	1	0	0	0	0	0
C	Marios	24	107	10	1	4_____	86763	15	0	0	0	0	0	0	0	0	1	0
C	Marios	24	107	10	1	4_____	86770	15	0	0	0	0	1	0	0	0	0	0
C	Marios	24	107	10	1	4_____	86795	15	0	0	0	0	0	0	0	0	1	0
C	Marios	24	107	10	1	4_____	86866	15	0	0	0	0	1	0	0	0	0	0
C	Marios	24	107	10	1	4_____	86889	15	0	0	0	0	0	0	0	0	1	0
C	Marios	24	107	10	1	4_____	87000	15	1	0	0	0	0	0	0	0	0	0
C	Marios	24	107	10	1	4_____	87084	1	0	0	0	0	1	0	0	0	0	0
C	Marios	24	107	10	1	4_____	87092	1	0	0	0	0	0	0	0	0	1	0
C	Marios	24	107	10	1	4_____	88301	1	0	0	0	0	1	0	0	0	0	0
C	Marios	24	107	10	1	4_____	88305	1	0	0	0	0	0	0	0	0	1	0
C	Marios	24	107	10	1	4_____	89456	1	0	0	0	0	1	0	0	0	0	0
C	Marios	24	107	10	1	4_____	89467	1	0	0	0	0	0	0	0	0	1	0
C	Marios	24	107	10	1	4_____	90060	1	0	0	0	0	1	0	0	0	0	0
C	Marios	24	107	10	1	4_____	90127	1	0	0	0	0	0	0	0	0	1	0
C	Marios	24	107	10	1	4_____	90139	1	0	0	0	0	1	0	0	0	0	0
C	Marios	24	107	10	1	4_____	90141	1	0	0	0	0	0	0	0	0	1	0
C	Marios	24	107	10	1	4_____	90307	1	0	0	0	0	1	0	0	0	0	0
C	Marios	24	107	10	1	4_____	90312	1	0	0	0	0	0	0	0	0	1	0
C	Marios	24	107	10	1	4_____	90500	1	2	0	0	0	0	0	0	0	0	0
C	Marios	24	107	10	1	4_____	90741	2	0	0	0	0	1	0	0	0	0	0
C	Marios	24	107	10	1	4_____	90838	2	0	0	0	0	0	0	0	0	1	0
C	Marios	24	107	10	1	4_____	91000	2	6	0	0	0	0	0	0	0	0	0
C	Marios	24	107	10	1	4_____	91041	6	0	0	0	0	1	0	0	0	0	0
C	Marios	24	107	10	1	4_____	91073	6	0	0	0	0	0	0	0	0	1	0
C	Marios	24	107	10	1	4_____	91088	6	0	0	0	0	1	0	0	0	0	0
C	Marios	24	107	10	1	4_____	91158	6	0	0	0	0	0	0	0	0	1	0
C	Marios	24	107	10	1	4_____	91263	6	0	0	0	0	1	0	0	0	0	0
C	Marios	24	107	10	1	4_____	91301	6	0	0	0	0	0	0	0	0	1	0
C	Marios	24	107	10	1	4_____	91307	6	0	0	0	0	1	0	0	0	0	0
C	Marios	24	107	10	1	4_____	91337	6	0	0	0	0	0	0	0	0	1	0
C	Marios	24	107	10	1	4_____	91338	6	0	0	0	0	1	0	0	0	0	0
C	Marios	24	107	10	1	4_____	91362	6	0	0	0	0	0	0	0	0	1	0
C	Marios	24	107	10	1	4_____	91409	6	0	0	0	0	1	0	0	0	0	0
C	Marios	24	107	10	1	4_____	91435	6	0	0	0	0	0	0	0	0	1	0
C	Marios	24	107	10	1	4_____	91439	6	0	0	0	0	1	0	0	0	0	0
C	Marios	24	107	10	1	4_____	91500	6	11	0	0	0	0	0	0	0	0	0
C	Marios	24	107	10	1	4_____	91700	11	0	0	0	0	0	0	0	0	1	0
C	Marios	24	107	10	1	4_____	91830	11	0	0	0	0	1	0	0	0	0	0
C	Marios	24	107	10	1	4_____	91876	11	0	0	0	0	0	0	0	0	1	0
C	Marios	24	107	10	1	4_____	92000	11	1	0	0	0	0	0	0	0	0	0
C	Marios	24	107	10	1	4_____	93596	1	0	0	0	0	1	0	0	0	0	0
C	Marios	24	107	10	1	4_____	93599	1	0	0	0	0	0	0	0	0	1	0
C	Marios	24	107	10	1	4_____	93751	1	0	0	0	0	1	0	0	0	0	0
C	Marios	24	107	10	1	4_____	93758	1	0	0	0	0	0	0	0	0	1	0
C	Marios	24	107	10	1	4_____	96500	1	2	0	0	0	0	0	0	0	0	0
C	Marios	24	107	10	1	4_____	97000	2	13	0	0	0	0	0	0	0	0	0
C	Marios	24	107	10	1	4_____	97369	13	0	0	0	0	1	0	0	0	0	0
C	Marios	24	107	10	1	4_____	97383	13	0	0	0	0	0	0	0	0	1	0
C	Marios	24	107	10	1	4_____	97500	13	15	0	0	0	0	0	0	0	0	0
C	Marios	24	107	10	1	4_____	97931	15	0	0	0	0	1	0	0	0	0	0
C	Marios	24	107	10	1	4_____	98000	15	1	0	0	0	0	0	0	0	0	0
C	Marios	24	107	10	1	4_____	98140	1	0	0	0	0	0	0	0	0	1	0
C	Marios	24	107	10	1	4_____	98209	1	0	0	0	0	1	0	0	0	0	0
C	Marios	24	107	10	1	4_____	98297	1	0	0	0	0	0	0	0	0	1	0
C	Marios	24	107	10	1	4_____	98410	1	0	0	0	0	1	0	0	0	0	0
C	Marios	24	107	10	1	4_____	98412	1	0	0	0	0	0	0	0	0	1	0
C	Marios	24	107	10	1	4_____	98419	1	0	0	0	0	1	0	0	0	0	0
C	Marios	24	107	10	1	4_____	98455	1	0	0	0	0	0	0	0	0	1	0
C	Marios	24	107	10	1	4_____	98913	1	0	0	0	0	1	0	0	0	0	0
C	Marios	24	107	10	1	4_____	99038	1	0	0	0	0	0	0	0	0	1	0
C	Marios	24	107	10	1	4_____	99330	1	0	0	0	0	1	0	0	0	0	0
C	Marios	24	107	10	1	4_____	99363	1	0	0	0	0	0	0	0	0	1	0
C	Marios	24	107	10	1	4_____	99367	1	0	0	0	0	1	0	0	0	0	0
C	Marios	24	107	10	1	4_____	99373	1	0	0	0	0	0	0	0	0	1	0
C	Marios	24	107	10	1	4_____	101000	1	2	0	0	0	0	0	0	0	0	0
C	Marios	24	107	10	1	4_____	101500	2	12	0	0	0	0	0	0	0	0	0
C	Marios	24	107	10	1	4_____	102000	12	15	0	0	0	0	0	0	0	0	0
C	Marios	24	107	10	1	4_____	102060	15	0	0	0	0	1	0	0	0	0	0
C	Marios	24	107	10	1	4_____	102136	15	0	0	0	0	0	0	0	0	1	0
C	Marios	24	107	10	1	4_____	102173	15	0	0	0	0	1	0	0	0	0	0
C	Marios	24	107	10	1	4_____	102198	15	0	0	0	0	0	0	0	0	1	0
C	Marios	24	107	10	1	4_____	102228	15	0	0	0	0	1	0	0	0	0	0
C	Marios	24	107	10	1	4_____	102262	15	0	0	0	0	1	0	0	0	1	0
C	Marios	24	107	10	1	4_____	102291	15	0	0	0	0	0	0	0	0	1	0
C	Marios	24	107	10	1	4_____	102294	15	0	0	0	0	1	0	0	0	0	0
C	Marios	24	107	10	1	4_____	102338	15	0	0	0	0	0	0	0	0	1	0
C	Marios	24	107	10	1	4_____	102343	15	0	0	0	0	1	0	0	0	0	0
C	Marios	24	107	10	1	4_____	102411	15	0	0	0	0	0	0	0	0	1	0
C	Marios	24	107	10	1	4_____	102421	15	0	0	0	0	1	0	0	0	0	0
C	Marios	24	107	10	1	4_____	102427	15	0	0	0	0	0	0	0	0	1	0
C	Marios	24	107	10	1	4_____	102466	15	0	0	0	0	1	0	0	0	0	0
C	Marios	24	107	10	1	4_____	102500	15	1	0	0	0	0	0	0	0	0	0
C	Marios	24	107	10	1	4_____	102599	1	0	0	0	0	0	0	0	0	1	0
C	Marios	24	107	10	1	4_____	102793	1	0	0	0	0	1	0	0	0	0	0
C	Marios	24	107	10	1	4_____	102883	1	0	0	0	0	0	0	0	0	1	0
C	Marios	24	107	10	1	4_____	104750	1	2	0	0	0	0	0	0	0	0	0
C	Marios	24	107	10	1	4_____	105250	2	12	0	0	0	0	0	0	0	0	0
C	Marios	24	107	10	1	4_____	105715	12	0	0	0	0	1	0	0	0	0	0
C	Marios	24	107	10	1	4_____	105750	12	15	0	0	0	0	0	0	0	0	0
C	Marios	24	107	10	1	4_____	105921	15	0	0	0	0	0	0	0	0	1	0
C	Marios	24	107	10	1	4_____	106250	15	1	0	0	0	0	0	0	0	0	0
C	Marios	24	107	10	1	4_____	106467	1	0	0	0	0	1	0	0	0	0	0
C	Marios	24	107	10	1	4_____	106470	1	0	0	0	0	0	0	0	0	1	0
C	Marios	24	107	10	1	4_____	108607	1	0	0	0	0	1	0	0	0	0	0
C	Marios	24	107	10	1	4_____	108621	1	0	0	0	0	0	0	0	0	1	0
C	Marios	24	107	10	1	4_____	108839	1	0	0	0	0	1	0	0	0	0	0
C	Marios	24	107	10	1	4_____	108841	1	0	0	0	0	1	0	0	0	1	0
C	Marios	24	107	10	1	4_____	108899	1	0	0	0	0	0	0	0	0	1	0
C	Marios	24	107	10	1	4_____	110000	1	2	0	0	0	0	0	0	0	0	0
C	Marios	24	107	10	1	4_____	110500	2	13	0	0	0	0	0	0	0	0	0
C	Marios	24	107	10	1	4_____	111000	13	15	0	0	0	0	0	0	0	0	0
C	Marios	24	107	10	1	4_____	111437	15	0	0	0	0	1	0	0	0	0	0
C	Marios	24	107	10	1	4_____	111475	15	0	0	0	0	0	0	0	0	1	0
C	Marios	24	107	10	1	4_____	111500	15	1	0	0	0	0	0	0	0	0	0
C	Marios	24	107	10	1	4_____	111560	1	0	0	0	0	1	0	0	0	0	0
C	Marios	24	107	10	1	4_____	111564	1	0	0	0	0	0	0	0	0	1	0
C	Marios	24	107	10	1	4_____	112442	1	0	0	0	0	1	0	0	0	0	0
C	Marios	24	107	10	1	4_____	112447	1	0	0	0	0	0	0	0	0	1	0
C	Marios	24	107	10	1	4_____	112681	1	0	0	0	0	1	0	0	0	0	0
C	Marios	24	107	10	1	4_____	112686	1	0	0	0	0	0	0	0	0	1	0
C	Marios	24	107	10	1	4_____	112687	1	0	0	0	0	1	0	0	0	0	0
C	Marios	24	107	10	1	4_____	112710	1	0	0	0	0	0	0	0	0	1	0
C	Marios	24	107	10	1	4_____	113000	1	2	0	0	0	0	0	0	0	0	0
C	Marios	24	107	10	1	4_____	113407	2	0	0	0	0	1	0	0	0	0	0
C	Marios	24	107	10	1	4_____	113418	2	0	0	0	0	0	0	0	0	1	0
C	Marios	24	107	10	1	4_____	113489	2	0	0	0	0	1	0	0	0	0	0
C	Marios	24	107	10	1	4_____	113491	2	0	0	0	0	0	0	0	0	1	0
C	Marios	24	107	10	1	4_____	113500	2	12	0	0	0	0	0	0	0	0	0
C	Marios	24	107	10	1	4_____	114000	12	15	0	0	0	0	0	0	0	0	0
C	Marios	24	107	10	1	4_____	114500	15	1	0	0	0	0	0	0	0	0	0
C	Marios	24	107	10	1	4_____	114868	1	0	0	0	0	1	0	0	0	0	0
C	Marios	24	107	10	1	4_____	114914	1	0	0	0	0	0	0	0	0	1	0
C	Marios	24	107	10	1	4_____	114945	1	0	0	0	0	1	0	0	0	0	0
C	Marios	24	107	10	1	4_____	114947	1	0	0	0	0	0	0	0	0	1	0
C	Marios	24	107	10	1	4_____	114999	1	0	0	0	0	1	0	0	0	0	0
C	Marios	24	107	10	1	4_____	115025	1	0	0	0	0	0	0	0	0	1	0
C	Marios	24	107	10	1	4_____	115169	1	0	0	0	0	1	0	0	0	0	0
C	Marios	24	107	10	1	4_____	115171	1	0	0	0	0	0	0	0	0	1	0
C	Marios	24	107	10	1	4_____	115173	1	0	0	0	0	1	0	0	0	0	0
C	Marios	24	107	10	1	4_____	115216	1	0	0	0	0	0	0	0	0	1	0
C	Marios	24	107	10	1	4_____	116660	1	0	0	0	0	1	0	0	0	0	0
C	Marios	24	107	10	1	4_____	116772	1	0	0	0	0	0	0	0	0	1	0
C	Marios	24	107	10	1	4_____	119000	1	2	0	0	0	0	0	0	0	0	0
C	Marios	24	107	10	1	4_____	119500	2	13	0	0	0	0	0	0	0	0	0
C	Marios	24	107	10	1	4_____	120000	13	15	0	0	0	0	0	0	0	0	0
C	Marios	24	107	10	1	4_____	120043	15	0	0	0	0	1	0	0	0	0	0
C	Marios	24	107	10	1	4_____	120161	15	0	0	0	0	0	0	0	0	1	0
C	Marios	24	107	10	1	4_____	120285	15	0	0	0	0	1	0	0	0	0	0
C	Marios	24	107	10	1	4_____	120355	15	0	0	0	0	0	0	0	0	1	0
C	Marios	24	107	10	1	4_____	120500	15	1	0	0	0	0	0	0	0	0	0
C	Marios	24	107	10	1	4_____	121074	1	0	0	0	0	1	0	0	0	0	0
C	Marios	24	107	10	1	4_____	121080	1	0	0	0	0	0	0	0	0	1	0
C	Marios	24	107	10	1	4_____	121131	1	0	0	0	0	1	0	0	0	0	0
C	Marios	24	107	10	1	4_____	121137	1	0	0	0	0	0	0	0	0	1	0
C	Marios	24	107	10	1	4_____	121302	1	0	0	0	0	1	0	0	0	0	0
C	Marios	24	107	10	1	4_____	121424	1	0	0	0	0	0	0	0	0	1	0
C	Marios	24	107	10	1	4_____	121468	1	0	0	0	0	1	0	0	0	0	0
C	Marios	24	107	10	1	4_____	121473	1	0	0	0	0	0	0	0	0	1	0
C	Marios	24	107	10	1	4_____	122027	1	0	0	0	0	1	0	0	0	0	0
C	Marios	24	107	10	1	4_____	122044	1	0	0	0	0	0	0	0	0	1	0
C	Marios	24	107	10	1	4_____	122049	1	0	0	0	0	1	0	0	0	0	0
C	Marios	24	107	10	1	4_____	122056	1	0	0	0	0	0	0	0	0	1	0
C	Marios	24	107	10	1	4_____	122057	1	0	0	0	0	1	0	0	0	0	0
C	Marios	24	107	10	1	4_____	122062	1	0	0	0	0	0	0	0	0	1	0
C	Marios	24	107	10	1	4_____	122064	1	0	0	0	0	1	0	0	0	0	0
C	Marios	24	107	10	1	4_____	122077	1	0	0	0	0	0	0	0	0	1	0
C	Marios	24	107	10	1	4_____	122085	1	0	0	0	0	1	0	0	0	0	0
C	Marios	24	107	10	1	4_____	122155	1	0	0	0	0	0	0	0	0	1	0
C	Marios	24	107	10	1	4_____	125863	1	0	0	0	0	1	0	0	0	0	0
C	Marios	24	107	10	1	4_____	125943	1	0	0	0	0	0	0	0	0	1	0
C	Marios	24	107	10	1	4_____	126000	1	2	0	0	0	0	0	0	0	0	0
C	Marios	24	107	10	1	4_____	126500	2	7	0	0	0	0	0	0	0	0	0
C	Marios	24	107	10	1	4_____	126590	7	0	0	0	0	1	0	0	0	0	0
C	Marios	24	107	10	1	4_____	126624	7	0	0	0	0	0	0	0	0	1	0
C	Marios	24	107	10	1	4_____	126786	7	0	0	0	0	1	0	0	0	0	0
C	Marios	24	107	10	1	4_____	126892	7	0	0	0	0	0	0	0	0	1	0
C	Marios	24	107	10	1	4_____	126896	7	0	0	0	0	1	0	0	0	0	0
C	Marios	24	107	10	1	4_____	126949	7	0	0	0	0	0	0	0	0	1	0
C	Marios	24	107	10	1	4_____	126976	7	0	0	0	0	1	0	0	0	0	0
C	Marios	24	107	10	1	4_____	127000	7	10	0	0	0	0	0	0	0	0	0
C	Marios	24	107	10	1	4_____	127236	10	0	0	0	0	0	0	0	0	1	0
C	Marios	24	107	10	1	4_____	127414	10	0	0	0	0	1	0	0	0	0	0
C	Marios	24	107	10	1	4_____	127437	10	0	0	0	0	0	0	0	0	1	0
C	Marios	24	107	10	1	4_____	127440	10	0	0	0	0	1	0	0	0	0	0
C	Marios	24	107	10	1	4_____	127472	10	0	0	0	0	0	0	0	0	1	0
C	Marios	24	107	10	1	4_____	127500	10	1	0	0	0	0	0	0	0	0	0
C	Marios	24	107	10	1	4_____	131255	1	0	0	0	0	1	0	0	0	0	0
C	Marios	24	107	10	1	4_____	131270	1	0	0	0	0	0	0	0	0	1	0
C	Marios	24	107	10	1	4_____	131271	1	0	0	0	0	1	0	0	0	0	0
C	Marios	24	107	10	1	4_____	131322	1	0	0	0	0	0	0	0	0	1	0
C	Marios	24	107	10	1	4_____	131950	1	0	0	0	0	1	0	0	0	0	0
C	Marios	24	107	10	1	4_____	131971	1	0	0	0	0	1	0	0	0	1	0
C	Marios	24	107	10	1	4_____	131978	1	0	0	0	0	0	0	0	0	1	0
C	Marios	24	107	10	1	4_____	133500	1	2	0	0	0	0	0	0	0	0	0
C	Marios	24	107	10	1	4_____	133647	2	0	0	0	0	1	0	0	0	0	0
C	Marios	24	107	10	1	4_____	133674	2	0	0	0	0	0	0	0	0	1	0
C	Marios	24	107	10	1	4_____	133717	2	0	0	0	0	1	0	0	0	0	0
C	Marios	24	107	10	1	4_____	134000	2	12	0	0	0	0	0	0	0	0	0
C	Marios	24	107	10	1	4_____	134011	12	0	0	0	0	0	0	0	0	1	0
C	Marios	24	107	10	1	4_____	134207	12	0	0	0	0	1	0	0	0	0	0
C	Marios	24	107	10	1	4_____	134269	12	0	0	0	0	0	0	0	0	1	0
C	Marios	24	107	10	1	4_____	134273	12	0	0	0	0	1	0	0	0	0	0
C	Marios	24	107	10	1	4_____	134304	12	0	0	0	0	0	0	0	0	1	0
C	Marios	24	107	10	1	4_____	134443	12	0	0	0	0	1	0	0	0	0	0
C	Marios	24	107	10	1	4_____	134495	12	0	0	0	0	0	0	0	0	1	0
C	Marios	24	107	10	1	4_____	134500	12	15	0	0	0	1	0	0	0	0	0
C	Marios	24	107	10	1	4_____	134518	15	0	0	0	0	0	0	0	0	1	0
C	Marios	24	107	10	1	4_____	134520	15	0	0	0	0	1	0	0	0	0	0
C	Marios	24	107	10	1	4_____	134545	15	0	0	0	0	0	0	0	0	1	0
C	Marios	24	107	10	1	4_____	134548	15	0	0	0	0	1	0	0	0	0	0
C	Marios	24	107	10	1	4_____	134598	15	0	0	0	0	0	0	0	0	1	0
C	Marios	24	107	10	1	4_____	134632	15	0	0	0	0	1	0	0	0	0	0
C	Marios	24	107	10	1	4_____	134671	15	0	0	0	0	0	0	0	0	1	0
C	Marios	24	107	10	1	4_____	134688	15	0	0	0	0	1	0	0	0	0	0
C	Marios	24	107	10	1	4_____	134771	15	0	0	0	0	0	0	0	0	1	0
C	Marios	24	107	10	1	4_____	134904	15	0	0	0	0	1	0	0	0	0	0
C	Marios	24	107	10	1	4_____	134938	15	0	0	0	0	0	0	0	0	1	0
C	Marios	24	107	10	1	4_____	134939	15	0	0	0	0	1	0	0	0	0	0
C	Marios	24	107	10	1	4_____	134952	15	0	0	0	0	0	0	0	0	1	0
C	Marios	24	107	10	1	4_____	134954	15	0	0	0	0	1	0	0	0	0	0
C	Marios	24	107	10	1	4_____	134968	15	0	0	0	0	0	0	0	0	1	0
C	Marios	24	107	10	1	4_____	134969	15	0	0	0	0	1	0	0	0	0	0
C	Marios	24	107	10	1	4_____	135000	15	1	0	0	0	0	0	0	0	0	0
C	Marios	24	107	10	1	4_____	135193	1	0	0	0	0	0	0	0	0	1	0
C	Marios	24	107	10	1	4_____	135195	1	0	0	0	0	1	0	0	0	0	0
C	Marios	24	107	10	1	4_____	135300	1	0	0	0	0	0	0	0	0	1	0
C	Marios	24	107	10	1	4_____	136973	1	0	0	0	0	1	0	0	0	0	0
C	Marios	24	107	10	1	4_____	137066	1	0	0	0	0	0	0	0	0	1	0
C	Marios	24	107	10	1	4_____	137069	1	0	0	0	0	1	0	0	0	0	0
C	Marios	24	107	10	1	4_____	137252	1	0	0	0	0	0	0	0	0	1	0
C	Marios	24	107	10	1	4_____	139395	1	0	0	0	0	1	0	0	0	0	0
C	Marios	24	107	10	1	4_____	139398	1	0	0	0	0	0	0	0	0	1	0
C	Marios	24	107	10	1	4_____	139946	1	0	0	0	0	1	0	0	0	0	0
C	Marios	24	107	10	1	4_____	139976	1	0	0	0	0	0	0	0	0	1	0
C	Marios	24	107	10	1	4_____	140489	1	0	0	0	0	1	0	0	0	0	0
C	Marios	24	107	10	1	4_____	140535	1	0	0	0	0	0	0	0	0	1	0
C	Marios	24	107	10	1	4_____	142500	1	2	0	0	0	0	0	0	0	0	0
C	Marios	24	107	10	1	4_____	143000	2	6	0	0	0	0	0	0	0	0	0
C	Marios	24	107	10	1	4_____	143118	6	0	0	0	0	1	0	0	0	0	0
C	Marios	24	107	10	1	4_____	143217	6	0	0	0	0	0	0	0	0	1	0
C	Marios	24	107	10	1	4_____	143320	6	0	0	0	0	1	0	0	0	0	0
C	Marios	24	107	10	1	4_____	143334	6	0	0	0	0	0	0	0	0	1	0
C	Marios	24	107	10	1	4_____	143337	6	0	0	0	0	1	0	0	0	0	0
C	Marios	24	107	10	1	4_____	143440	6	0	0	0	0	0	0	0	0	1	0
C	Marios	24	107	10	1	4_____	143500	6	11	0	0	0	0	0	0	0	0	0
C	Marios	24	107	10	1	4_____	143536	11	0	0	0	0	1	0	0	0	0	0
C	Marios	24	107	10	1	4_____	143775	11	0	0	0	0	1	0	0	0	1	0
C	Marios	24	107	10	1	4_____	143781	11	0	0	0	0	0	0	0	0	1	0
C	Marios	24	107	10	1	4_____	143784	11	0	0	0	0	1	0	0	0	0	0
C	Marios	24	107	10	1	4_____	143842	11	0	0	0	0	0	0	0	0	1	0
C	Marios	24	107	10	1	4_____	144000	11	14	0	0	0	0	0	0	0	0	0
C	Marios	24	107	10	1	4_____	144106	14	0	0	0	0	1	0	0	0	0	0
C	Marios	24	107	10	1	4_____	144139	14	0	0	0	0	0	0	0	0	1	0
C	Marios	24	107	10	1	4_____	145359	14	0	0	0	0	1	0	0	0	0	0
C	Marios	24	107	10	1	4_____	145448	14	0	0	0	0	0	0	0	0	1	0
C	Marios	24	107	10	1	4_____	146461	14	0	0	0	0	1	0	0	0	0	0
C	Marios	24	107	10	1	4_____	146493	14	0	0	0	0	0	0	0	0	1	0
C	Marios	24	107	10	1	4_____	146555	14	0	0	0	0	1	0	0	0	0	0
C	Marios	24	107	10	1	4_____	146557	14	0	0	0	0	0	0	0	0	1	0
C	Marios	24	107	10	1	4_____	147000	14	-1	0	0	0	0	0	0	0	0	0
C	Marios	24	107	14	1	29____	0	0	1	0	0	0	0	0	0	0	0	0
C	Marios	24	107	14	1	29____	611	1	0	0	0	0	1	0	0	0	0	0
C	Marios	24	107	14	1	29____	643	1	0	0	0	0	0	0	0	0	1	0
C	Marios	24	107	14	1	29____	761	1	0	0	0	0	1	0	0	0	0	0
C	Marios	24	107	14	1	29____	769	1	0	0	0	0	0	0	0	0	1	0
C	Marios	24	107	14	1	29____	5861	1	0	0	0	0	1	0	0	0	0	0
C	Marios	24	107	14	1	29____	5938	1	0	0	0	0	0	0	0	0	1	0
C	Marios	24	107	14	1	29____	5948	1	0	0	0	0	1	0	0	0	0	0
C	Marios	24	107	14	1	29____	5960	1	0	0	0	0	0	0	0	0	1	0
C	Marios	24	107	14	1	29____	7500	1	2	0	0	0	0	0	0	0	0	0
C	Marios	24	107	14	1	29____	8000	2	13	0	0	0	0	0	0	0	0	0
C	Marios	24	107	14	1	29____	8500	13	15	0	0	0	0	0	0	0	0	0
C	Marios	24	107	14	1	29____	9000	15	1	0	0	0	0	0	0	0	0	0
C	Marios	24	107	14	1	29____	9206	1	0	0	0	0	1	0	0	0	0	0
C	Marios	24	107	14	1	29____	9227	1	0	0	0	0	0	0	0	0	1	0
C	Marios	24	107	14	1	29____	9617	1	0	0	0	0	1	0	0	0	0	0
C	Marios	24	107	14	1	29____	9635	1	0	0	0	0	0	0	0	0	1	0
C	Marios	24	107	14	1	29____	10770	1	0	0	0	0	1	0	0	0	0	0
C	Marios	24	107	14	1	29____	10783	1	0	0	0	0	0	0	0	0	1	0
C	Marios	24	107	14	1	29____	10816	1	0	0	0	0	1	0	0	0	0	0
C	Marios	24	107	14	1	29____	10829	1	0	0	0	0	0	0	0	0	1	0
C	Marios	24	107	14	1	29____	10953	1	0	0	0	0	1	0	0	0	0	0
C	Marios	24	107	14	1	29____	10962	1	0	0	0	0	0	0	0	0	1	0
C	Marios	24	107	14	1	29____	12000	1	2	0	0	0	0	0	0	0	0	0
C	Marios	24	107	14	1	29____	12500	2	7	0	0	0	0	0	0	0	0	0
C	Marios	24	107	14	1	29____	12766	7	0	0	0	0	1	0	0	0	0	0
C	Marios	24	107	14	1	29____	12768	7	0	0	0	0	0	0	0	0	1	0
C	Marios	24	107	14	1	29____	13000	7	10	0	0	0	0	0	0	0	0	0
C	Marios	24	107	14	1	29____	13216	10	0	0	0	0	1	0	0	0	0	0
C	Marios	24	107	14	1	29____	13370	10	0	0	0	0	0	0	0	0	1	0
C	Marios	24	107	14	1	29____	13371	10	0	0	0	0	1	0	0	0	0	0
C	Marios	24	107	14	1	29____	13373	10	0	0	0	0	0	0	0	0	1	0
C	Marios	24	107	14	1	29____	13394	10	0	0	0	0	1	0	0	0	0	0
C	Marios	24	107	14	1	29____	13411	10	0	0	0	0	0	0	0	0	1	0
C	Marios	24	107	14	1	29____	13475	10	0	0	0	0	1	0	0	0	0	0
C	Marios	24	107	14	1	29____	13486	10	0	0	0	0	0	0	0	0	1	0
C	Marios	24	107	14	1	29____	13495	10	0	0	0	0	1	0	0	0	0	0
C	Marios	24	107	14	1	29____	13500	10	1	0	0	0	0	0	0	0	1	0
C	Marios	24	107	14	1	29____	13503	1	0	0	0	0	1	0	0	0	0	0
C	Marios	24	107	14	1	29____	13509	1	0	0	0	0	0	0	0	0	1	0
C	Marios	24	107	14	1	29____	14973	1	0	0	0	0	1	0	0	0	0	0
C	Marios	24	107	14	1	29____	14989	1	0	0	0	0	0	0	0	0	1	0
C	Marios	24	107	14	1	29____	14990	1	0	0	0	0	1	0	0	0	0	0
C	Marios	24	107	14	1	29____	15255	1	0	0	0	0	0	0	0	0	1	0
C	Marios	24	107	14	1	29____	15405	1	0	0	0	0	1	0	0	0	0	0
C	Marios	24	107	14	1	29____	15417	1	0	0	0	0	0	0	0	0	1	0
C	Marios	24	107	14	1	29____	15443	1	0	0	0	0	1	0	0	0	0	0
C	Marios	24	107	14	1	29____	15445	1	0	0	0	0	0	0	0	0	1	0
C	Marios	24	107	14	1	29____	15448	1	0	0	0	0	1	0	0	0	0	0
C	Marios	24	107	14	1	29____	15451	1	0	0	0	0	0	0	0	0	1	0
C	Marios	24	107	14	1	29____	15453	1	0	0	0	0	1	0	0	0	0	0
C	Marios	24	107	14	1	29____	15522	1	0	0	0	0	0	0	0	0	1	0
C	Marios	24	107	14	1	29____	15529	1	0	0	0	0	1	0	0	0	0	0
C	Marios	24	107	14	1	29____	15531	1	0	0	0	0	0	0	0	0	1	0
C	Marios	24	107	14	1	29____	15533	1	0	0	0	0	1	0	0	0	0	0
C	Marios	24	107	14	1	29____	15638	1	0	0	0	0	0	0	0	0	1	0
C	Marios	24	107	14	1	29____	15729	1	0	0	0	0	1	0	0	0	0	0
C	Marios	24	107	14	1	29____	15739	1	0	0	0	0	0	0	0	0	1	0
C	Marios	24	107	14	1	29____	15740	1	0	0	0	0	1	0	0	0	0	0
C	Marios	24	107	14	1	29____	15751	1	0	0	0	0	0	0	0	0	1	0
C	Marios	24	107	14	1	29____	15753	1	0	0	0	0	1	0	0	0	0	0
C	Marios	24	107	14	1	29____	15762	1	0	0	0	0	0	0	0	0	1	0
C	Marios	24	107	14	1	29____	15772	1	0	0	0	0	1	0	0	0	0	0
C	Marios	24	107	14	1	29____	15813	1	0	0	0	0	0	0	0	0	1	0
C	Marios	24	107	14	1	29____	15814	1	0	0	0	0	1	0	0	0	0	0
C	Marios	24	107	14	1	29____	15857	1	0	0	0	0	0	0	0	0	1	0
C	Marios	24	107	14	1	29____	16282	1	0	0	0	0	1	0	0	0	0	0
C	Marios	24	107	14	1	29____	16285	1	0	0	0	0	0	0	0	0	1	0
C	Marios	24	107	14	1	29____	17284	1	0	0	0	0	1	0	0	0	0	0
C	Marios	24	107	14	1	29____	17330	1	0	0	0	0	0	0	0	0	1	0
C	Marios	24	107	14	1	29____	17475	1	0	0	0	0	1	0	0	0	0	0
C	Marios	24	107	14	1	29____	17483	1	0	0	0	0	0	0	0	0	1	0
C	Marios	24	107	14	1	29____	17485	1	0	0	0	0	1	0	0	0	0	0
C	Marios	24	107	14	1	29____	17541	1	0	0	0	0	0	0	0	0	1	0
C	Marios	24	107	14	1	29____	17999	1	0	0	0	0	1	0	0	0	0	0
C	Marios	24	107	14	1	29____	18004	1	0	0	0	0	0	0	0	0	1	0
C	Marios	24	107	14	1	29____	19500	1	2	0	0	0	0	0	0	0	0	0
C	Marios	24	107	14	1	29____	19780	2	0	0	0	0	1	0	0	0	0	0
C	Marios	24	107	14	1	29____	19808	2	0	0	0	0	0	0	0	0	1	0
C	Marios	24	107	14	1	29____	19810	2	0	0	0	0	1	0	0	0	0	0
C	Marios	24	107	14	1	29____	19812	2	0	0	0	0	0	0	0	0	1	0
C	Marios	24	107	14	1	29____	19814	2	0	0	0	0	1	0	0	0	0	0
C	Marios	24	107	14	1	29____	19857	2	0	0	0	0	0	0	0	0	1	0
C	Marios	24	107	14	1	29____	20000	2	13	0	0	0	0	0	0	0	0	0
C	Marios	24	107	14	1	29____	20500	13	15	0	0	0	0	0	0	0	0	0
C	Marios	24	107	14	1	29____	20688	15	0	0	0	0	1	0	0	0	0	0
C	Marios	24	107	14	1	29____	20698	15	0	0	0	0	0	0	0	0	1	0
C	Marios	24	107	14	1	29____	20699	15	0	0	0	0	1	0	0	0	0	0
C	Marios	24	107	14	1	29____	20708	15	0	0	0	0	0	0	0	0	1	0
C	Marios	24	107	14	1	29____	20857	15	0	0	0	0	1	0	0	0	0	0
C	Marios	24	107	14	1	29____	20876	15	0	0	0	0	0	0	0	0	1	0
C	Marios	24	107	14	1	29____	21000	15	1	0	0	0	0	0	0	0	0	0
C	Marios	24	107	14	1	29____	22179	1	0	0	0	0	1	0	0	0	0	0
C	Marios	24	107	14	1	29____	22181	1	0	0	0	0	0	0	0	0	1	0
C	Marios	24	107	14	1	29____	22182	1	0	0	0	0	1	0	0	0	0	0
C	Marios	24	107	14	1	29____	22189	1	0	0	0	0	0	0	0	0	1	0
C	Marios	24	107	14	1	29____	22966	1	0	0	0	0	1	0	0	0	0	0
C	Marios	24	107	14	1	29____	22969	1	0	0	0	0	0	0	0	0	1	0
C	Marios	24	107	14	1	29____	23138	1	0	0	0	0	1	0	0	0	0	0
C	Marios	24	107	14	1	29____	23174	1	0	0	0	0	0	0	0	0	1	0
C	Marios	24	107	14	1	29____	24766	1	0	0	0	0	1	0	0	0	0	0
C	Marios	24	107	14	1	29____	24781	1	0	0	0	0	0	0	0	0	1	0
C	Marios	24	107	14	1	29____	26500	1	2	0	0	0	0	0	0	0	0	0
C	Marios	24	107	14	1	29____	26553	2	0	0	0	0	1	0	0	0	0	0
C	Marios	24	107	14	1	29____	26575	2	0	0	0	0	0	0	0	0	1	0
C	Marios	24	107	14	1	29____	26601	2	0	0	0	0	1	0	0	0	0	0
C	Marios	24	107	14	1	29____	26638	2	0	0	0	0	0	0	0	0	1	0
C	Marios	24	107	14	1	29____	27000	2	12	0	0	0	0	0	0	0	0	0
C	Marios	24	107	14	1	29____	27500	12	15	0	0	0	0	0	0	0	0	0
C	Marios	24	107	14	1	29____	27997	15	0	0	0	0	1	0	0	0	0	0
C	Marios	24	107	14	1	29____	28000	15	1	0	0	0	0	0	0	0	0	0
C	Marios	24	107	14	1	29____	28004	1	0	0	0	0	0	0	0	0	1	0
C	Marios	24	107	14	1	29____	28501	1	0	0	0	0	1	0	0	0	0	0
C	Marios	24	107	14	1	29____	28503	1	0	0	0	0	1	0	0	0	1	0
C	Marios	24	107	14	1	29____	28518	1	0	0	0	0	0	0	0	0	1	0
C	Marios	24	107	14	1	29____	28707	1	0	0	0	0	1	0	0	0	0	0
C	Marios	24	107	14	1	29____	28713	1	0	0	0	0	0	0	0	0	1	0
C	Marios	24	107	14	1	29____	30180	1	0	0	0	0	1	0	0	0	0	0
C	Marios	24	107	14	1	29____	30194	1	0	0	0	0	0	0	0	0	1	0
C	Marios	24	107	14	1	29____	31500	1	2	0	0	0	0	0	0	0	0	0
C	Marios	24	107	14	1	29____	32000	2	6	0	0	0	0	0	0	0	0	0
C	Marios	24	107	14	1	29____	32125	6	0	0	0	0	1	0	0	0	0	0
C	Marios	24	107	14	1	29____	32169	6	0	0	0	0	0	0	0	0	1	0
C	Marios	24	107	14	1	29____	32192	6	0	0	0	0	1	0	0	0	0	0
C	Marios	24	107	14	1	29____	32242	6	0	0	0	0	0	0	0	0	1	0
C	Marios	24	107	14	1	29____	32371	6	0	0	0	0	1	0	0	0	0	0
C	Marios	24	107	14	1	29____	32440	6	0	0	0	0	0	0	0	0	1	0
C	Marios	24	107	14	1	29____	32500	6	11	0	0	0	0	0	0	0	0	0
C	Marios	24	107	14	1	29____	32506	11	0	0	0	0	1	0	0	0	0	0
C	Marios	24	107	14	1	29____	32712	11	0	0	0	0	0	0	0	0	1	0
C	Marios	24	107	14	1	29____	32764	11	0	0	0	0	1	0	0	0	0	0
C	Marios	24	107	14	1	29____	32779	11	0	0	0	0	0	0	0	0	1	0
C	Marios	24	107	14	1	29____	33000	11	1	0	0	0	0	0	0	0	0	0
C	Marios	24	107	14	1	29____	36857	1	0	0	0	0	1	0	0	0	0	0
C	Marios	24	107	14	1	29____	36858	1	0	0	0	0	0	0	0	0	1	0
C	Marios	24	107	14	1	29____	37416	1	0	0	0	0	1	0	0	0	0	0
C	Marios	24	107	14	1	29____	37418	1	0	0	0	0	0	0	0	0	1	0
C	Marios	24	107	14	1	29____	37500	1	2	0	0	0	0	0	0	0	0	0
C	Marios	24	107	14	1	29____	37710	2	0	0	0	0	1	0	0	0	0	0
C	Marios	24	107	14	1	29____	37728	2	0	0	0	0	0	0	0	0	1	0
C	Marios	24	107	14	1	29____	38000	2	12	0	0	0	0	0	0	0	0	0
C	Marios	24	107	14	1	29____	38500	12	15	0	0	0	0	0	0	0	0	0
C	Marios	24	107	14	1	29____	39000	15	1	0	0	0	0	0	0	0	0	0
C	Marios	24	107	14	1	29____	40168	1	0	0	0	0	1	0	0	0	0	0
C	Marios	24	107	14	1	29____	40181	1	0	0	0	0	0	0	0	0	1	0
C	Marios	24	107	14	1	29____	40500	1	2	0	0	0	0	0	0	0	0	0
C	Marios	24	107	14	1	29____	40700	2	0	0	0	0	1	0	0	0	0	0
C	Marios	24	107	14	1	29____	40721	2	0	0	0	0	0	0	0	0	1	0
C	Marios	24	107	14	1	29____	40747	2	0	0	0	0	1	0	0	0	0	0
C	Marios	24	107	14	1	29____	40762	2	0	0	0	0	0	0	0	0	1	0
C	Marios	24	107	14	1	29____	41000	2	13	0	0	0	0	0	0	0	0	0
C	Marios	24	107	14	1	29____	41500	13	15	0	0	0	0	0	0	0	0	0
C	Marios	24	107	14	1	29____	42000	15	1	0	0	0	0	0	0	0	0	0
C	Marios	24	107	14	1	29____	42683	1	0	0	0	0	1	0	0	0	0	0
C	Marios	24	107	14	1	29____	42695	1	0	0	0	0	0	0	0	0	1	0
C	Marios	24	107	14	1	29____	42710	1	0	0	0	0	1	0	0	0	0	0
C	Marios	24	107	14	1	29____	42737	1	0	0	0	0	0	0	0	0	1	0
C	Marios	24	107	14	1	29____	43252	1	0	0	0	0	1	0	0	0	0	0
C	Marios	24	107	14	1	29____	43257	1	0	0	0	0	0	0	0	0	1	0
C	Marios	24	107	14	1	29____	44100	1	0	0	0	0	1	0	0	0	0	0
C	Marios	24	107	14	1	29____	44109	1	0	0	0	0	0	0	0	0	1	0
C	Marios	24	107	14	1	29____	44726	1	0	0	0	0	1	0	0	0	0	0
C	Marios	24	107	14	1	29____	44754	1	0	0	0	0	0	0	0	0	1	0
C	Marios	24	107	14	1	29____	45443	1	0	0	0	0	1	0	0	0	0	0
C	Marios	24	107	14	1	29____	45479	1	0	0	0	0	0	0	0	0	1	0
C	Marios	24	107	14	1	29____	47250	1	2	0	0	0	0	0	0	0	0	0
C	Marios	24	107	14	1	29____	47750	2	6	0	0	0	0	0	0	0	0	0
C	Marios	24	107	14	1	29____	47829	6	0	0	0	0	1	0	0	0	0	0
C	Marios	24	107	14	1	29____	47837	6	0	0	0	0	0	0	0	0	1	0
C	Marios	24	107	14	1	29____	47844	6	0	0	0	0	1	0	0	0	0	0
C	Marios	24	107	14	1	29____	47861	6	0	0	0	0	0	0	0	0	1	0
C	Marios	24	107	14	1	29____	47862	6	0	0	0	0	1	0	0	0	0	0
C	Marios	24	107	14	1	29____	47864	6	0	0	0	0	0	0	0	0	1	0
C	Marios	24	107	14	1	29____	48011	6	0	0	0	0	1	0	0	0	0	0
C	Marios	24	107	14	1	29____	48042	6	0	0	0	0	0	0	0	0	1	0
C	Marios	24	107	14	1	29____	48106	6	0	0	0	0	1	0	0	0	0	0
C	Marios	24	107	14	1	29____	48120	6	0	0	0	0	0	0	0	0	1	0
C	Marios	24	107	14	1	29____	48216	6	0	0	0	0	1	0	0	0	0	0
C	Marios	24	107	14	1	29____	48250	6	11	0	0	0	0	0	0	0	0	0
C	Marios	24	107	14	1	29____	48398	11	0	0	0	0	0	0	0	0	1	0
C	Marios	24	107	14	1	29____	48400	11	0	0	0	0	1	0	0	0	0	0
C	Marios	24	107	14	1	29____	48410	11	0	0	0	0	0	0	0	0	1	0
C	Marios	24	107	14	1	29____	48451	11	0	0	0	0	1	0	0	0	0	0
C	Marios	24	107	14	1	29____	48466	11	0	0	0	0	0	0	0	0	1	0
C	Marios	24	107	14	1	29____	48750	11	1	0	0	0	0	0	0	0	0	0
C	Marios	24	107	14	1	29____	51841	1	0	0	0	0	1	0	0	0	0	0
C	Marios	24	107	14	1	29____	51886	1	0	0	0	0	0	0	0	0	1	0
C	Marios	24	107	14	1	29____	52116	1	0	0	0	0	1	0	0	0	0	0
C	Marios	24	107	14	1	29____	52165	1	0	0	0	0	0	0	0	0	1	0
C	Marios	24	107	14	1	29____	52696	1	0	0	0	0	1	0	0	0	0	0
C	Marios	24	107	14	1	29____	52701	1	0	0	0	0	0	0	0	0	1	0
C	Marios	24	107	14	1	29____	53775	1	0	0	0	0	1	0	0	0	0	0
C	Marios	24	107	14	1	29____	53782	1	0	0	0	0	0	0	0	0	1	0
C	Marios	24	107	14	1	29____	55500	1	2	0	0	0	0	0	0	0	0	0
C	Marios	24	107	14	1	29____	56000	2	13	0	0	0	0	0	0	0	0	0
C	Marios	24	107	14	1	29____	56231	13	0	0	0	0	1	0	0	0	0	0
C	Marios	24	107	14	1	29____	56237	13	0	0	0	0	0	0	0	0	1	0
C	Marios	24	107	14	1	29____	56500	13	15	0	0	0	0	0	0	0	0	0
C	Marios	24	107	14	1	29____	57000	15	1	0	0	0	0	0	0	0	0	0
C	Marios	24	107	14	1	29____	57284	1	0	0	0	0	1	0	0	0	0	0
C	Marios	24	107	14	1	29____	57289	1	0	0	0	0	0	0	0	0	1	0
C	Marios	24	107	14	1	29____	58694	1	0	0	0	0	1	0	0	0	0	0
C	Marios	24	107	14	1	29____	58701	1	0	0	0	0	1	0	0	0	1	0
C	Marios	24	107	14	1	29____	58703	1	0	0	0	0	0	0	0	0	1	0
C	Marios	24	107	14	1	29____	59719	1	0	0	0	0	1	0	0	0	0	0
C	Marios	24	107	14	1	29____	59721	1	0	0	0	0	0	0	0	0	1	0
C	Marios	24	107	14	1	29____	59816	1	0	0	0	0	1	0	0	0	0	0
C	Marios	24	107	14	1	29____	59845	1	0	0	0	0	0	0	0	0	1	0
C	Marios	24	107	14	1	29____	60088	1	0	0	0	0	1	0	0	0	0	0
C	Marios	24	107	14	1	29____	60091	1	0	0	0	0	0	0	0	0	1	0
C	Marios	24	107	14	1	29____	60750	1	2	0	0	0	0	0	0	0	0	0
C	Marios	24	107	14	1	29____	61250	2	12	0	0	0	0	0	0	0	0	0
C	Marios	24	107	14	1	29____	61277	12	0	0	0	0	1	0	0	0	0	0
C	Marios	24	107	14	1	29____	61279	12	0	0	0	0	0	0	0	0	1	0
C	Marios	24	107	14	1	29____	61750	12	15	0	0	0	0	0	0	0	0	0
C	Marios	24	107	14	1	29____	62250	15	1	0	0	0	0	0	0	0	0	0
C	Marios	24	107	14	1	29____	62815	1	0	0	0	0	1	0	0	0	0	0
C	Marios	24	107	14	1	29____	62891	1	0	0	0	0	0	0	0	0	1	0
C	Marios	24	107	14	1	29____	62984	1	0	0	0	0	1	0	0	0	0	0
C	Marios	24	107	14	1	29____	63012	1	0	0	0	0	0	0	0	0	1	0
C	Marios	24	107	14	1	29____	63017	1	0	0	0	0	1	0	0	0	0	0
C	Marios	24	107	14	1	29____	63037	1	0	0	0	0	0	0	0	0	1	0
C	Marios	24	107	14	1	29____	63046	1	0	0	0	0	1	0	0	0	0	0
C	Marios	24	107	14	1	29____	63106	1	0	0	0	0	0	0	0	0	1	0
C	Marios	24	107	14	1	29____	63242	1	0	0	0	0	1	0	0	0	0	0
C	Marios	24	107	14	1	29____	63259	1	0	0	0	0	0	0	0	0	1	0
C	Marios	24	107	14	1	29____	63746	1	0	0	0	0	1	0	0	0	0	0
C	Marios	24	107	14	1	29____	63785	1	0	0	0	0	0	0	0	0	1	0
C	Marios	24	107	14	1	29____	63801	1	0	0	0	0	1	0	0	0	0	0
C	Marios	24	107	14	1	29____	63941	1	0	0	0	0	0	0	0	0	1	0
C	Marios	24	107	14	1	29____	64500	1	2	0	0	0	0	0	0	0	0	0
C	Marios	24	107	14	1	29____	64530	2	0	0	0	0	1	0	0	0	0	0
C	Marios	24	107	14	1	29____	64536	2	0	0	0	0	0	0	0	0	1	0
C	Marios	24	107	14	1	29____	65000	2	12	0	0	0	0	0	0	0	0	0
C	Marios	24	107	14	1	29____	65500	12	15	0	0	0	0	0	0	0	0	0
C	Marios	24	107	14	1	29____	66000	15	1	0	0	0	0	0	0	0	0	0
C	Marios	24	107	14	1	29____	67080	1	0	0	0	0	1	0	0	0	0	0
C	Marios	24	107	14	1	29____	67116	1	0	0	0	0	0	0	0	0	1	0
C	Marios	24	107	14	1	29____	67121	1	0	0	0	0	1	0	0	0	0	0
C	Marios	24	107	14	1	29____	67138	1	0	0	0	0	0	0	0	0	1	0
C	Marios	24	107	14	1	29____	67140	1	0	0	0	0	1	0	0	0	0	0
C	Marios	24	107	14	1	29____	67142	1	0	0	0	0	0	0	0	0	1	0
C	Marios	24	107	14	1	29____	67493	1	0	0	0	0	1	0	0	0	0	0
C	Marios	24	107	14	1	29____	67522	1	0	0	0	0	0	0	0	0	1	0
C	Marios	24	107	14	1	29____	67523	1	0	0	0	0	1	0	0	0	0	0
C	Marios	24	107	14	1	29____	67532	1	0	0	0	0	0	0	0	0	1	0
C	Marios	24	107	14	1	29____	70500	1	2	0	0	0	0	0	0	0	0	0
C	Marios	24	107	14	1	29____	71000	2	7	0	0	0	0	0	0	0	0	0
C	Marios	24	107	14	1	29____	71402	7	0	0	0	0	1	0	0	0	0	0
C	Marios	24	107	14	1	29____	71465	7	0	0	0	0	0	0	0	0	1	0
C	Marios	24	107	14	1	29____	71500	7	10	0	0	0	0	0	0	0	0	0
C	Marios	24	107	14	1	29____	71515	10	0	0	0	0	1	0	0	0	0	0
C	Marios	24	107	14	1	29____	71714	10	0	0	0	0	0	0	0	0	1	0
C	Marios	24	107	14	1	29____	71788	10	0	0	0	0	1	0	0	0	0	0
C	Marios	24	107	14	1	29____	71802	10	0	0	0	0	0	0	0	0	1	0
C	Marios	24	107	14	1	29____	72000	10	1	0	0	0	0	0	0	0	0	0
C	Marios	24	107	14	1	29____	75000	1	2	0	0	0	0	0	0	0	0	0
C	Marios	24	107	14	1	29____	75500	2	6	0	0	0	0	0	0	0	0	0
C	Marios	24	107	14	1	29____	75725	6	0	0	0	0	1	0	0	0	0	0
C	Marios	24	107	14	1	29____	75830	6	0	0	0	0	0	0	0	0	1	0
C	Marios	24	107	14	1	29____	75925	6	0	0	0	0	1	0	0	0	0	0
C	Marios	24	107	14	1	29____	75937	6	0	0	0	0	0	0	0	0	1	0
C	Marios	24	107	14	1	29____	75943	6	0	0	0	0	1	0	0	0	0	0
C	Marios	24	107	14	1	29____	75998	6	0	0	0	0	0	0	0	0	1	0
C	Marios	24	107	14	1	29____	76000	6	11	0	0	0	0	0	0	0	0	0
C	Marios	24	107	14	1	29____	76018	11	0	0	0	0	1	0	0	0	0	0
C	Marios	24	107	14	1	29____	76152	11	0	0	0	0	0	0	0	0	1	0
C	Marios	24	107	14	1	29____	76500	11	1	0	0	0	0	0	0	0	0	0
C	Marios	24	107	14	1	29____	76828	1	0	0	0	0	1	0	0	0	0	0
C	Marios	24	107	14	1	29____	76830	1	0	0	0	0	0	0	0	0	1	0
C	Marios	24	107	14	1	29____	81000	1	2	0	0	0	0	0	0	0	0	0
C	Marios	24	107	14	1	29____	81048	2	0	0	0	0	1	0	0	0	0	0
C	Marios	24	107	14	1	29____	81052	2	0	0	0	0	0	0	0	0	1	0
C	Marios	24	107	14	1	29____	81500	2	7	0	0	0	0	0	0	0	0	0
C	Marios	24	107	14	1	29____	81708	7	0	0	0	0	1	0	0	0	0	0
C	Marios	24	107	14	1	29____	81757	7	0	0	0	0	0	0	0	0	1	0
C	Marios	24	107	14	1	29____	81859	7	0	0	0	0	1	0	0	0	0	0
C	Marios	24	107	14	1	29____	81965	7	0	0	0	0	0	0	0	0	1	0
C	Marios	24	107	14	1	29____	82000	7	10	0	0	0	0	0	0	0	0	0
C	Marios	24	107	14	1	29____	82013	10	0	0	0	0	1	0	0	0	0	0
C	Marios	24	107	14	1	29____	82202	10	0	0	0	0	0	0	0	0	1	0
C	Marios	24	107	14	1	29____	82500	10	1	0	0	0	0	0	0	0	0	0
C	Marios	24	107	14	1	29____	88456	1	0	0	0	0	1	0	0	0	0	0
C	Marios	24	107	14	1	29____	88475	1	0	0	0	0	0	0	0	0	1	0
C	Marios	24	107	14	1	29____	88483	1	0	0	0	0	1	0	0	0	0	0
C	Marios	24	107	14	1	29____	88515	1	0	0	0	0	0	0	0	0	1	0
C	Marios	24	107	14	1	29____	89250	1	2	0	0	0	0	0	0	0	0	0
C	Marios	24	107	14	1	29____	89750	2	12	0	0	0	0	0	0	0	0	0
C	Marios	24	107	14	1	29____	90250	12	15	0	0	0	0	0	0	0	0	0
C	Marios	24	107	14	1	29____	90685	15	0	0	0	0	1	0	0	0	0	0
C	Marios	24	107	14	1	29____	90724	15	0	0	0	0	0	0	0	0	1	0
C	Marios	24	107	14	1	29____	90750	15	1	0	0	0	0	0	0	0	0	0
C	Marios	24	107	14	1	29____	91073	1	0	0	0	0	1	0	0	0	0	0
C	Marios	24	107	14	1	29____	91086	1	0	0	0	0	0	0	0	0	1	0
C	Marios	24	107	14	1	29____	91202	1	0	0	0	0	1	0	0	0	0	0
C	Marios	24	107	14	1	29____	91237	1	0	0	0	0	0	0	0	0	1	0
C	Marios	24	107	14	1	29____	91350	1	0	0	0	0	1	0	0	0	0	0
C	Marios	24	107	14	1	29____	91355	1	0	0	0	0	0	0	0	0	1	0
C	Marios	24	107	14	1	29____	91386	1	0	0	0	0	1	0	0	0	0	0
C	Marios	24	107	14	1	29____	91444	1	0	0	0	0	0	0	0	0	1	0
C	Marios	24	107	14	1	29____	94250	1	2	0	0	0	0	0	0	0	0	0
C	Marios	24	107	14	1	29____	94750	2	12	0	0	0	0	0	0	0	0	0
C	Marios	24	107	14	1	29____	94940	12	0	0	0	0	1	0	0	0	0	0
C	Marios	24	107	14	1	29____	94974	12	0	0	0	0	0	0	0	0	1	0
C	Marios	24	107	14	1	29____	95115	12	0	0	0	0	1	0	0	0	0	0
C	Marios	24	107	14	1	29____	95228	12	0	0	0	0	0	0	0	0	1	0
C	Marios	24	107	14	1	29____	95250	12	15	0	0	0	0	0	0	0	0	0
C	Marios	24	107	14	1	29____	95560	15	0	0	0	0	1	0	0	0	0	0
C	Marios	24	107	14	1	29____	95638	15	0	0	0	0	0	0	0	0	1	0
C	Marios	24	107	14	1	29____	95680	15	0	0	0	0	1	0	0	0	0	0
C	Marios	24	107	14	1	29____	95750	15	1	0	0	0	0	0	0	0	0	0
C	Marios	24	107	14	1	29____	95759	1	0	0	0	0	0	0	0	0	1	0
C	Marios	24	107	14	1	29____	95842	1	0	0	0	0	1	0	0	0	0	0
C	Marios	24	107	14	1	29____	95917	1	0	0	0	0	0	0	0	0	1	0
C	Marios	24	107	14	1	29____	96096	1	0	0	0	0	1	0	0	0	0	0
C	Marios	24	107	14	1	29____	96152	1	0	0	0	0	0	0	0	0	1	0
C	Marios	24	107	14	1	29____	96246	1	0	0	0	0	1	0	0	0	0	0
C	Marios	24	107	14	1	29____	96400	1	0	0	0	0	0	0	0	0	1	0
C	Marios	24	107	14	1	29____	96428	1	0	0	0	0	1	0	0	0	0	0
C	Marios	24	107	14	1	29____	96430	1	0	0	0	0	0	0	0	0	1	0
C	Marios	24	107	14	1	29____	96670	1	0	0	0	0	1	0	0	0	0	0
C	Marios	24	107	14	1	29____	96767	1	0	0	0	0	0	0	0	0	1	0
C	Marios	24	107	14	1	29____	96954	1	0	0	0	0	1	0	0	0	0	0
C	Marios	24	107	14	1	29____	96988	1	0	0	0	0	0	0	0	0	1	0
C	Marios	24	107	14	1	29____	97250	1	2	0	0	0	0	0	0	0	0	0
C	Marios	24	107	14	1	29____	97750	2	13	0	0	0	0	0	0	0	0	0
C	Marios	24	107	14	1	29____	98250	13	15	0	0	0	0	0	0	0	0	0
C	Marios	24	107	14	1	29____	98750	15	1	0	0	0	0	0	0	0	0	0
C	Marios	24	107	14	1	29____	99041	1	0	0	0	0	1	0	0	0	0	0
C	Marios	24	107	14	1	29____	99046	1	0	0	0	0	0	0	0	0	1	0
C	Marios	24	107	14	1	29____	100446	1	0	0	0	0	1	0	0	0	0	0
C	Marios	24	107	14	1	29____	100543	1	0	0	0	0	0	0	0	0	1	0
C	Marios	24	107	14	1	29____	100548	1	0	0	0	0	1	0	0	0	0	0
C	Marios	24	107	14	1	29____	100551	1	0	0	0	0	0	0	0	0	1	0
C	Marios	24	107	14	1	29____	101301	1	0	0	0	0	1	0	0	0	0	0
C	Marios	24	107	14	1	29____	101303	1	0	0	0	0	0	0	0	0	1	0
C	Marios	24	107	14	1	29____	103173	1	0	0	0	0	1	0	0	0	0	0
C	Marios	24	107	14	1	29____	103225	1	0	0	0	0	0	0	0	0	1	0
C	Marios	24	107	14	1	29____	104140	1	0	0	0	0	1	0	0	0	0	0
C	Marios	24	107	14	1	29____	104184	1	0	0	0	0	0	0	0	0	1	0
C	Marios	24	107	14	1	29____	104750	1	2	0	0	0	0	0	0	0	0	0
C	Marios	24	107	14	1	29____	105250	2	13	0	0	0	0	0	0	0	0	0
C	Marios	24	107	14	1	29____	105750	13	15	0	0	0	0	0	0	0	0	0
C	Marios	24	107	14	1	29____	106250	15	1	0	0	0	0	0	0	0	0	0
C	Marios	24	107	14	1	29____	107613	1	0	0	0	0	1	0	0	0	0	0
C	Marios	24	107	14	1	29____	107622	1	0	0	0	0	0	0	0	0	1	0
C	Marios	24	107	14	1	29____	107636	1	0	0	0	0	1	0	0	0	0	0
C	Marios	24	107	14	1	29____	107814	1	0	0	0	0	0	0	0	0	1	0
C	Marios	24	107	14	1	29____	107827	1	0	0	0	0	1	0	0	0	0	0
C	Marios	24	107	14	1	29____	107893	1	0	0	0	0	0	0	0	0	1	0
C	Marios	24	107	14	1	29____	107913	1	0	0	0	0	1	0	0	0	0	0
C	Marios	24	107	14	1	29____	107923	1	0	0	0	0	0	0	0	0	1	0
C	Marios	24	107	14	1	29____	109728	1	0	0	0	0	1	0	0	0	0	0
C	Marios	24	107	14	1	29____	109743	1	0	0	0	0	0	0	0	0	1	0
C	Marios	24	107	14	1	29____	109759	1	0	0	0	0	1	0	0	0	0	0
C	Marios	24	107	14	1	29____	109761	1	0	0	0	0	0	0	0	0	1	0
C	Marios	24	107	14	1	29____	109872	1	0	0	0	0	1	0	0	0	0	0
C	Marios	24	107	14	1	29____	109878	1	0	0	0	0	0	0	0	0	1	0
C	Marios	24	107	14	1	29____	109880	1	0	0	0	0	1	0	0	0	0	0
C	Marios	24	107	14	1	29____	109882	1	0	0	0	0	0	0	0	0	1	0
C	Marios	24	107	14	1	29____	109893	1	0	0	0	0	1	0	0	0	0	0
C	Marios	24	107	14	1	29____	109908	1	0	0	0	0	0	0	0	0	1	0
C	Marios	24	107	14	1	29____	109912	1	0	0	0	0	1	0	0	0	0	0
C	Marios	24	107	14	1	29____	109924	1	0	0	0	0	0	0	0	0	1	0
C	Marios	24	107	14	1	29____	109934	1	0	0	0	0	1	0	0	0	0	0
C	Marios	24	107	14	1	29____	109987	1	0	0	0	0	0	0	0	0	1	0
C	Marios	24	107	14	1	29____	109995	1	0	0	0	0	1	0	0	0	0	0
C	Marios	24	107	14	1	29____	110021	1	0	0	0	0	0	0	0	0	1	0
C	Marios	24	107	14	1	29____	110029	1	0	0	0	0	1	0	0	0	0	0
C	Marios	24	107	14	1	29____	110036	1	0	0	0	0	0	0	0	0	1	0
C	Marios	24	107	14	1	29____	110750	1	2	0	0	0	0	0	0	0	0	0
C	Marios	24	107	14	1	29____	111250	2	13	0	0	0	0	0	0	0	0	0
C	Marios	24	107	14	1	29____	111750	13	15	0	0	0	0	0	0	0	0	0
C	Marios	24	107	14	1	29____	112250	15	1	0	0	0	0	0	0	0	0	0
C	Marios	24	107	14	1	29____	114192	1	0	0	0	0	1	0	0	0	0	0
C	Marios	24	107	14	1	29____	114219	1	0	0	0	0	0	0	0	0	1	0
C	Marios	24	107	14	1	29____	116264	1	0	0	0	0	1	0	0	0	0	0
C	Marios	24	107	14	1	29____	116363	1	0	0	0	0	0	0	0	0	1	0
C	Marios	24	107	14	1	29____	119750	1	2	0	0	0	0	0	0	0	0	0
C	Marios	24	107	14	1	29____	120250	2	12	0	0	0	0	0	0	0	0	0
C	Marios	24	107	14	1	29____	120750	12	15	0	0	0	0	0	0	0	0	0
C	Marios	24	107	14	1	29____	121250	15	1	0	0	0	0	0	0	0	0	0
C	Marios	24	107	14	1	29____	124712	1	0	0	0	0	1	0	0	0	0	0
C	Marios	24	107	14	1	29____	124816	1	0	0	0	0	0	0	0	0	1	0
C	Marios	24	107	14	1	29____	124820	1	0	0	0	0	1	0	0	0	0	0
C	Marios	24	107	14	1	29____	124839	1	0	0	0	0	0	0	0	0	1	0
C	Marios	24	107	14	1	29____	125000	1	2	0	0	0	0	0	0	0	0	0
C	Marios	24	107	14	1	29____	125500	2	12	0	0	0	0	0	0	0	0	0
C	Marios	24	107	14	1	29____	125999	12	0	0	0	0	1	0	0	0	0	0
C	Marios	24	107	14	1	29____	126000	12	15	0	0	0	0	0	0	0	0	0
C	Marios	24	107	14	1	29____	126029	15	0	0	0	0	0	0	0	0	1	0
C	Marios	24	107	14	1	29____	126500	15	1	0	0	0	0	0	0	0	0	0
C	Marios	24	107	14	1	29____	127097	1	0	0	0	0	1	0	0	0	0	0
C	Marios	24	107	14	1	29____	127108	1	0	0	0	0	0	0	0	0	1	0
C	Marios	24	107	14	1	29____	127119	1	0	0	0	0	1	0	0	0	0	0
C	Marios	24	107	14	1	29____	127147	1	0	0	0	0	1	0	0	0	1	0
C	Marios	24	107	14	1	29____	127149	1	0	0	0	0	0	0	0	0	1	0
C	Marios	24	107	14	1	29____	127159	1	0	0	0	0	1	0	0	0	0	0
C	Marios	24	107	14	1	29____	127161	1	0	0	0	0	0	0	0	0	1	0
C	Marios	24	107	14	1	29____	130427	1	0	0	0	0	1	0	0	0	0	0
C	Marios	24	107	14	1	29____	130430	1	0	0	0	0	0	0	0	0	1	0
C	Marios	24	107	14	1	29____	130431	1	0	0	0	0	1	0	0	0	0	0
C	Marios	24	107	14	1	29____	130443	1	0	0	0	0	0	0	0	0	1	0
C	Marios	24	107	14	1	29____	130461	1	0	0	0	0	1	0	0	0	0	0
C	Marios	24	107	14	1	29____	130544	1	0	0	0	0	0	0	0	0	1	0
C	Marios	24	107	14	1	29____	130806	1	0	0	0	0	1	0	0	0	0	0
C	Marios	24	107	14	1	29____	130983	1	0	0	0	0	0	0	0	0	1	0
C	Marios	24	107	14	1	29____	131247	1	0	0	0	0	1	0	0	0	0	0
C	Marios	24	107	14	1	29____	131346	1	0	0	0	0	0	0	0	0	1	0
C	Marios	24	107	14	1	29____	131553	1	0	0	0	0	1	0	0	0	0	0
C	Marios	24	107	14	1	29____	131562	1	0	0	0	0	0	0	0	0	1	0
C	Marios	24	107	14	1	29____	131750	1	2	0	0	0	0	0	0	0	0	0
C	Marios	24	107	14	1	29____	132250	2	6	0	0	0	0	0	0	0	0	0
C	Marios	24	107	14	1	29____	132472	6	0	0	0	0	1	0	0	0	0	0
C	Marios	24	107	14	1	29____	132538	6	0	0	0	0	0	0	0	0	1	0
C	Marios	24	107	14	1	29____	132618	6	0	0	0	0	1	0	0	0	0	0
C	Marios	24	107	14	1	29____	132750	6	11	0	0	0	0	0	0	0	0	0
C	Marios	24	107	14	1	29____	132885	11	0	0	0	0	0	0	0	0	1	0
C	Marios	24	107	14	1	29____	132903	11	0	0	0	0	1	0	0	0	0	0
C	Marios	24	107	14	1	29____	132905	11	0	0	0	0	0	0	0	0	1	0
C	Marios	24	107	14	1	29____	132910	11	0	0	0	0	1	0	0	0	0	0
C	Marios	24	107	14	1	29____	132919	11	0	0	0	0	0	0	0	0	1	0
C	Marios	24	107	14	1	29____	132923	11	0	0	0	0	1	0	0	0	0	0
C	Marios	24	107	14	1	29____	132928	11	0	0	0	0	0	0	0	0	1	0
C	Marios	24	107	14	1	29____	132933	11	0	0	0	0	1	0	0	0	0	0
C	Marios	24	107	14	1	29____	132937	11	0	0	0	0	0	0	0	0	1	0
C	Marios	24	107	14	1	29____	132940	11	0	0	0	0	1	0	0	0	0	0
C	Marios	24	107	14	1	29____	132947	11	0	0	0	0	0	0	0	0	1	0
C	Marios	24	107	14	1	29____	132952	11	0	0	0	0	1	0	0	0	0	0
C	Marios	24	107	14	1	29____	132954	11	0	0	0	0	0	0	0	0	1	0
C	Marios	24	107	14	1	29____	132956	11	0	0	0	0	1	0	0	0	0	0
C	Marios	24	107	14	1	29____	132961	11	0	0	0	0	0	0	0	0	1	0
C	Marios	24	107	14	1	29____	132964	11	0	0	0	0	1	0	0	0	0	0
C	Marios	24	107	14	1	29____	132966	11	0	0	0	0	0	0	0	0	1	0
C	Marios	24	107	14	1	29____	133250	11	1	0	0	0	0	0	0	0	0	0
C	Marios	24	107	14	1	29____	133321	1	0	0	0	0	1	0	0	0	0	0
C	Marios	24	107	14	1	29____	133327	1	0	0	0	0	1	0	0	0	1	0
C	Marios	24	107	14	1	29____	133335	1	0	0	0	0	0	0	0	0	1	0
C	Marios	24	107	14	1	29____	133483	1	0	0	0	0	1	0	0	0	0	0
C	Marios	24	107	14	1	29____	133506	1	0	0	0	0	0	0	0	0	1	0
C	Marios	24	107	14	1	29____	134495	1	0	0	0	0	1	0	0	0	0	0
C	Marios	24	107	14	1	29____	134573	1	0	0	0	0	0	0	0	0	1	0
C	Marios	24	107	14	1	29____	138750	1	2	0	0	0	0	0	0	0	0	0
C	Marios	24	107	14	1	29____	138991	2	0	0	0	0	1	0	0	0	0	0
C	Marios	24	107	14	1	29____	139162	2	0	0	0	0	0	0	0	0	1	0
C	Marios	24	107	14	1	29____	139219	2	0	0	0	0	1	0	0	0	0	0
C	Marios	24	107	14	1	29____	139249	2	0	0	0	0	0	0	0	0	1	0
C	Marios	24	107	14	1	29____	139250	2	7	0	0	0	0	0	0	0	0	0
C	Marios	24	107	14	1	29____	139561	7	0	0	0	0	1	0	0	0	0	0
C	Marios	24	107	14	1	29____	139613	7	0	0	0	0	0	0	0	0	1	0
C	Marios	24	107	14	1	29____	139741	7	0	0	0	0	1	0	0	0	0	0
C	Marios	24	107	14	1	29____	139750	7	10	0	0	0	0	0	0	0	0	0
C	Marios	24	107	14	1	29____	139952	10	0	0	0	0	0	0	0	0	1	0
C	Marios	24	107	14	1	29____	140250	10	1	0	0	0	0	0	0	0	0	0
C	Marios	24	107	14	1	29____	142500	1	2	0	0	0	0	0	0	0	0	0
C	Marios	24	107	14	1	29____	142646	2	0	0	0	0	1	0	0	0	0	0
C	Marios	24	107	14	1	29____	142651	2	0	0	0	0	0	0	0	0	1	0
C	Marios	24	107	14	1	29____	142675	2	0	0	0	0	1	0	0	0	0	0
C	Marios	24	107	14	1	29____	142684	2	0	0	0	0	0	0	0	0	1	0
C	Marios	24	107	14	1	29____	143000	2	13	0	0	0	0	0	0	0	0	0
C	Marios	24	107	14	1	29____	143500	13	15	0	0	0	0	0	0	0	0	0
C	Marios	24	107	14	1	29____	144000	15	14	0	0	0	0	0	0	0	0	0
C	Marios	24	107	14	1	29____	144296	14	0	0	0	0	1	0	0	0	0	0
C	Marios	24	107	14	1	29____	144358	14	0	0	0	0	0	0	0	0	1	0
C	Marios	24	107	14	1	29____	145954	14	0	0	0	0	1	0	0	0	0	0
C	Marios	24	107	14	1	29____	146002	14	0	0	0	0	0	0	0	0	1	0
C	Marios	24	107	14	1	29____	147000	14	-1	0	0	0	0	0	0	0	0	0
