Project	UserID	Protocol	Session	Station	Run	Subject	Time	Current State	Transition State	Transition Event	A1 - LLR	A2 - RLR	A3 - MAG	A4 - 	A[1] LLR_OFF	A[2] RLR_OFF	A[3] MAG_OFF	A[4] 
C	Marios	23	108	1	1	7_____	0	0	1	0	0	0	0	0	0	0	0	0
C	Marios	23	108	1	1	7_____	1812	1	0	0	0	0	1	0	0	0	0	0
C	Marios	23	108	1	1	7_____	1815	1	0	0	0	0	0	0	0	0	1	0
C	Marios	23	108	1	1	7_____	1819	1	0	0	0	0	1	0	0	0	0	0
C	Marios	23	108	1	1	7_____	1858	1	0	0	0	0	0	0	0	0	1	0
C	Marios	23	108	1	1	7_____	3161	1	0	0	0	0	1	0	0	0	0	0
C	Marios	23	108	1	1	7_____	3173	1	0	0	0	0	1	0	0	0	1	0
C	Marios	23	108	1	1	7_____	3181	1	0	0	0	0	0	0	0	0	1	0
C	Marios	23	108	1	1	7_____	4186	1	0	0	0	0	1	0	0	0	0	0
C	Marios	23	108	1	1	7_____	4247	1	0	0	0	0	0	0	0	0	1	0
C	Marios	23	108	1	1	7_____	6088	1	0	0	0	0	1	0	0	0	0	0
C	Marios	23	108	1	1	7_____	6162	1	0	0	0	0	0	0	0	0	1	0
C	Marios	23	108	1	1	7_____	6750	1	2	0	0	0	0	0	0	0	0	0
C	Marios	23	108	1	1	7_____	7250	2	17	0	0	0	0	0	0	0	0	0
C	Marios	23	108	1	1	7_____	7750	17	15	0	0	0	0	0	0	0	0	0
C	Marios	23	108	1	1	7_____	7962	15	0	0	0	0	1	0	0	0	0	0
C	Marios	23	108	1	1	7_____	7987	15	0	0	0	0	0	0	0	0	1	0
C	Marios	23	108	1	1	7_____	8250	15	1	0	0	0	0	0	0	0	0	0
C	Marios	23	108	1	1	7_____	8330	1	0	0	0	0	1	0	0	0	0	0
C	Marios	23	108	1	1	7_____	8356	1	0	0	0	0	0	0	0	0	1	0
C	Marios	23	108	1	1	7_____	8538	1	0	0	0	0	1	0	0	0	0	0
C	Marios	23	108	1	1	7_____	8570	1	0	0	0	0	0	0	0	0	1	0
C	Marios	23	108	1	1	7_____	8591	1	0	0	0	0	1	0	0	0	0	0
C	Marios	23	108	1	1	7_____	8687	1	0	0	0	0	0	0	0	0	1	0
C	Marios	23	108	1	1	7_____	8919	1	0	0	0	0	1	0	0	0	0	0
C	Marios	23	108	1	1	7_____	8929	1	0	0	0	0	0	0	0	0	1	0
C	Marios	23	108	1	1	7_____	9824	1	0	0	0	0	1	0	0	0	0	0
C	Marios	23	108	1	1	7_____	9849	1	0	0	0	0	0	0	0	0	1	0
C	Marios	23	108	1	1	7_____	10786	1	0	0	0	0	1	0	0	0	0	0
C	Marios	23	108	1	1	7_____	10854	1	0	0	0	0	0	0	0	0	1	0
C	Marios	23	108	1	1	7_____	11054	1	0	0	0	0	1	0	0	0	0	0
C	Marios	23	108	1	1	7_____	11071	1	0	0	0	0	0	0	0	0	1	0
C	Marios	23	108	1	1	7_____	11654	1	0	0	0	0	1	0	0	0	0	0
C	Marios	23	108	1	1	7_____	11693	1	0	0	0	0	0	0	0	0	1	0
C	Marios	23	108	1	1	7_____	12747	1	0	0	0	0	1	0	0	0	0	0
C	Marios	23	108	1	1	7_____	12750	1	2	0	0	0	0	0	0	0	0	0
C	Marios	23	108	1	1	7_____	12834	2	0	0	0	0	0	0	0	0	1	0
C	Marios	23	108	1	1	7_____	12841	2	0	0	0	0	1	0	0	0	0	0
C	Marios	23	108	1	1	7_____	12843	2	0	0	0	0	0	0	0	0	1	0
C	Marios	23	108	1	1	7_____	13250	2	7	0	0	0	0	0	0	0	0	0
C	Marios	23	108	1	1	7_____	13287	7	0	0	0	0	1	0	0	0	0	0
C	Marios	23	108	1	1	7_____	13297	7	0	0	0	0	0	0	0	0	1	0
C	Marios	23	108	1	1	7_____	13367	7	0	0	0	0	1	0	0	0	0	0
C	Marios	23	108	1	1	7_____	13398	7	0	0	0	0	0	0	0	0	1	0
C	Marios	23	108	1	1	7_____	13408	7	0	0	0	0	1	0	0	0	0	0
C	Marios	23	108	1	1	7_____	13460	7	0	0	0	0	0	0	0	0	1	0
C	Marios	23	108	1	1	7_____	13483	7	0	0	0	0	1	0	0	0	0	0
C	Marios	23	108	1	1	7_____	13501	7	0	0	0	0	0	0	0	0	1	0
C	Marios	23	108	1	1	7_____	13531	7	0	0	0	0	1	0	0	0	0	0
C	Marios	23	108	1	1	7_____	13566	7	0	0	0	0	0	0	0	0	1	0
C	Marios	23	108	1	1	7_____	13579	7	0	0	0	0	1	0	0	0	0	0
C	Marios	23	108	1	1	7_____	13750	7	10	0	0	0	0	0	0	0	0	0
C	Marios	23	108	1	1	7_____	13906	10	0	0	0	0	0	0	0	0	1	0
C	Marios	23	108	1	1	7_____	14094	10	0	0	0	0	1	0	0	0	0	0
C	Marios	23	108	1	1	7_____	14123	10	0	0	0	0	0	0	0	0	1	0
C	Marios	23	108	1	1	7_____	14250	10	1	0	0	0	0	0	0	0	0	0
C	Marios	23	108	1	1	7_____	15144	1	0	0	0	0	1	0	0	0	0	0
C	Marios	23	108	1	1	7_____	15148	1	0	0	0	0	0	0	0	0	1	0
C	Marios	23	108	1	1	7_____	16724	1	0	0	0	0	1	0	0	0	0	0
C	Marios	23	108	1	1	7_____	16813	1	0	0	0	0	0	0	0	0	1	0
C	Marios	23	108	1	1	7_____	17750	1	2	0	0	0	0	0	0	0	0	0
C	Marios	23	108	1	1	7_____	17778	2	0	0	0	0	1	0	0	0	0	0
C	Marios	23	108	1	1	7_____	17789	2	0	0	0	0	0	0	0	0	1	0
C	Marios	23	108	1	1	7_____	17792	2	0	0	0	0	1	0	0	0	0	0
C	Marios	23	108	1	1	7_____	17795	2	0	0	0	0	0	0	0	0	1	0
C	Marios	23	108	1	1	7_____	17930	2	0	0	0	0	1	0	0	0	0	0
C	Marios	23	108	1	1	7_____	17980	2	0	0	0	0	0	0	0	0	1	0
C	Marios	23	108	1	1	7_____	18250	2	17	0	0	0	0	0	0	0	0	0
C	Marios	23	108	1	1	7_____	18750	17	15	0	0	0	0	0	0	0	0	0
C	Marios	23	108	1	1	7_____	19212	15	0	0	0	0	1	0	0	0	0	0
C	Marios	23	108	1	1	7_____	19244	15	0	0	0	0	0	0	0	0	1	0
C	Marios	23	108	1	1	7_____	19250	15	1	0	0	0	0	0	0	0	0	0
C	Marios	23	108	1	1	7_____	20274	1	0	0	0	0	1	0	0	0	0	0
C	Marios	23	108	1	1	7_____	20319	1	0	0	0	0	0	0	0	0	1	0
C	Marios	23	108	1	1	7_____	20363	1	0	0	0	0	1	0	0	0	0	0
C	Marios	23	108	1	1	7_____	20395	1	0	0	0	0	0	0	0	0	1	0
C	Marios	23	108	1	1	7_____	20583	1	0	0	0	0	1	0	0	0	0	0
C	Marios	23	108	1	1	7_____	20633	1	0	0	0	0	0	0	0	0	1	0
C	Marios	23	108	1	1	7_____	20645	1	0	0	0	0	1	0	0	0	0	0
C	Marios	23	108	1	1	7_____	20671	1	0	0	0	0	0	0	0	0	1	0
C	Marios	23	108	1	1	7_____	20712	1	0	0	0	0	1	0	0	0	0	0
C	Marios	23	108	1	1	7_____	20750	1	0	0	0	0	0	0	0	0	1	0
C	Marios	23	108	1	1	7_____	20851	1	0	0	0	0	1	0	0	0	0	0
C	Marios	23	108	1	1	7_____	20885	1	0	0	0	0	0	0	0	0	1	0
C	Marios	23	108	1	1	7_____	20923	1	0	0	0	0	1	0	0	0	0	0
C	Marios	23	108	1	1	7_____	20941	1	0	0	0	0	0	0	0	0	1	0
C	Marios	23	108	1	1	7_____	21070	1	0	0	0	0	1	0	0	0	0	0
C	Marios	23	108	1	1	7_____	21081	1	0	0	0	0	0	0	0	0	1	0
C	Marios	23	108	1	1	7_____	21136	1	0	0	0	0	1	0	0	0	0	0
C	Marios	23	108	1	1	7_____	21187	1	0	0	0	0	0	0	0	0	1	0
C	Marios	23	108	1	1	7_____	21406	1	0	0	0	0	1	0	0	0	0	0
C	Marios	23	108	1	1	7_____	21435	1	0	0	0	0	0	0	0	0	1	0
C	Marios	23	108	1	1	7_____	24361	1	0	0	0	0	1	0	0	0	0	0
C	Marios	23	108	1	1	7_____	24402	1	0	0	0	0	0	0	0	0	1	0
C	Marios	23	108	1	1	7_____	24500	1	2	0	0	0	0	0	0	0	0	0
C	Marios	23	108	1	1	7_____	25000	2	6	0	0	0	0	0	0	0	0	0
C	Marios	23	108	1	1	7_____	25088	6	0	0	0	0	1	0	0	0	0	0
C	Marios	23	108	1	1	7_____	25092	6	0	0	0	0	0	0	0	0	1	0
C	Marios	23	108	1	1	7_____	25223	6	0	0	0	0	1	0	0	0	0	0
C	Marios	23	108	1	1	7_____	25247	6	0	0	0	0	0	0	0	0	1	0
C	Marios	23	108	1	1	7_____	25315	6	0	0	0	0	1	0	0	0	0	0
C	Marios	23	108	1	1	7_____	25334	6	0	0	0	0	0	0	0	0	1	0
C	Marios	23	108	1	1	7_____	25360	6	0	0	0	0	1	0	0	0	0	0
C	Marios	23	108	1	1	7_____	25380	6	0	0	0	0	0	0	0	0	1	0
C	Marios	23	108	1	1	7_____	25412	6	0	0	0	0	1	0	0	0	0	0
C	Marios	23	108	1	1	7_____	25500	6	11	0	0	0	0	0	0	0	0	0
C	Marios	23	108	1	1	7_____	25786	11	0	0	0	0	0	0	0	0	1	0
C	Marios	23	108	1	1	7_____	25793	11	0	0	0	0	1	0	0	0	0	0
C	Marios	23	108	1	1	7_____	25804	11	0	0	0	0	0	0	0	0	1	0
C	Marios	23	108	1	1	7_____	25837	11	0	0	0	0	1	0	0	0	0	0
C	Marios	23	108	1	1	7_____	25861	11	0	0	0	0	0	0	0	0	1	0
C	Marios	23	108	1	1	7_____	25873	11	0	0	0	0	1	0	0	0	0	0
C	Marios	23	108	1	1	7_____	25875	11	0	0	0	0	0	0	0	0	1	0
C	Marios	23	108	1	1	7_____	25882	11	0	0	0	0	1	0	0	0	0	0
C	Marios	23	108	1	1	7_____	25885	11	0	0	0	0	0	0	0	0	1	0
C	Marios	23	108	1	1	7_____	25893	11	0	0	0	0	1	0	0	0	0	0
C	Marios	23	108	1	1	7_____	25897	11	0	0	0	0	0	0	0	0	1	0
C	Marios	23	108	1	1	7_____	25912	11	0	0	0	0	1	0	0	0	0	0
C	Marios	23	108	1	1	7_____	25915	11	0	0	0	0	0	0	0	0	1	0
C	Marios	23	108	1	1	7_____	26000	11	1	0	0	0	0	0	0	0	0	0
C	Marios	23	108	1	1	7_____	26223	1	0	0	0	0	1	0	0	0	0	0
C	Marios	23	108	1	1	7_____	26301	1	0	0	0	0	0	0	0	0	1	0
C	Marios	23	108	1	1	7_____	26302	1	0	0	0	0	1	0	0	0	0	0
C	Marios	23	108	1	1	7_____	26304	1	0	0	0	0	0	0	0	0	1	0
C	Marios	23	108	1	1	7_____	26310	1	0	0	0	0	1	0	0	0	0	0
C	Marios	23	108	1	1	7_____	26312	1	0	0	0	0	0	0	0	0	1	0
C	Marios	23	108	1	1	7_____	26315	1	0	0	0	0	1	0	0	0	0	0
C	Marios	23	108	1	1	7_____	26319	1	0	0	0	0	0	0	0	0	1	0
C	Marios	23	108	1	1	7_____	26331	1	0	0	0	0	1	0	0	0	0	0
C	Marios	23	108	1	1	7_____	26338	1	0	0	0	0	0	0	0	0	1	0
C	Marios	23	108	1	1	7_____	26347	1	0	0	0	0	1	0	0	0	0	0
C	Marios	23	108	1	1	7_____	26367	1	0	0	0	0	0	0	0	0	1	0
C	Marios	23	108	1	1	7_____	27470	1	0	0	0	0	1	0	0	0	0	0
C	Marios	23	108	1	1	7_____	27485	1	0	0	0	0	0	0	0	0	1	0
C	Marios	23	108	1	1	7_____	28360	1	0	0	0	0	1	0	0	0	0	0
C	Marios	23	108	1	1	7_____	28542	1	0	0	0	0	0	0	0	0	1	0
C	Marios	23	108	1	1	7_____	29750	1	2	0	0	0	0	0	0	0	0	0
C	Marios	23	108	1	1	7_____	30250	2	16	0	0	0	0	0	0	0	0	0
C	Marios	23	108	1	1	7_____	30750	16	15	0	0	0	0	0	0	0	0	0
C	Marios	23	108	1	1	7_____	31250	15	1	0	0	0	0	0	0	0	0	0
C	Marios	23	108	1	1	7_____	31686	1	0	0	0	0	1	0	0	0	0	0
C	Marios	23	108	1	1	7_____	31735	1	0	0	0	0	0	0	0	0	1	0
C	Marios	23	108	1	1	7_____	32094	1	0	0	0	0	1	0	0	0	0	0
C	Marios	23	108	1	1	7_____	32127	1	0	0	0	0	0	0	0	0	1	0
C	Marios	23	108	1	1	7_____	33221	1	0	0	0	0	1	0	0	0	0	0
C	Marios	23	108	1	1	7_____	33326	1	0	0	0	0	0	0	0	0	1	0
C	Marios	23	108	1	1	7_____	33519	1	0	0	0	0	1	0	0	0	0	0
C	Marios	23	108	1	1	7_____	33525	1	0	0	0	0	0	0	0	0	1	0
C	Marios	23	108	1	1	7_____	34310	1	0	0	0	0	1	0	0	0	0	0
C	Marios	23	108	1	1	7_____	34321	1	0	0	0	0	0	0	0	0	1	0
C	Marios	23	108	1	1	7_____	36133	1	0	0	0	0	1	0	0	0	0	0
C	Marios	23	108	1	1	7_____	36139	1	0	0	0	0	0	0	0	0	1	0
C	Marios	23	108	1	1	7_____	36181	1	0	0	0	0	1	0	0	0	0	0
C	Marios	23	108	1	1	7_____	36204	1	0	0	0	0	0	0	0	0	1	0
C	Marios	23	108	1	1	7_____	36263	1	0	0	0	0	1	0	0	0	0	0
C	Marios	23	108	1	1	7_____	36302	1	0	0	0	0	0	0	0	0	1	0
C	Marios	23	108	1	1	7_____	37843	1	0	0	0	0	1	0	0	0	0	0
C	Marios	23	108	1	1	7_____	37900	1	0	0	0	0	0	0	0	0	1	0
C	Marios	23	108	1	1	7_____	38750	1	2	0	0	0	0	0	0	0	0	0
C	Marios	23	108	1	1	7_____	39250	2	16	0	0	0	0	0	0	0	0	0
C	Marios	23	108	1	1	7_____	39750	16	15	0	0	0	0	0	0	0	0	0
C	Marios	23	108	1	1	7_____	40250	15	1	0	0	0	0	0	0	0	0	0
C	Marios	23	108	1	1	7_____	40403	1	0	0	0	0	1	0	0	0	0	0
C	Marios	23	108	1	1	7_____	40452	1	0	0	0	0	0	0	0	0	1	0
C	Marios	23	108	1	1	7_____	41088	1	0	0	0	0	1	0	0	0	0	0
C	Marios	23	108	1	1	7_____	41138	1	0	0	0	0	0	0	0	0	1	0
C	Marios	23	108	1	1	7_____	41353	1	0	0	0	0	1	0	0	0	0	0
C	Marios	23	108	1	1	7_____	41355	1	0	0	0	0	0	0	0	0	1	0
C	Marios	23	108	1	1	7_____	41393	1	0	0	0	0	1	0	0	0	0	0
C	Marios	23	108	1	1	7_____	41395	1	0	0	0	0	0	0	0	0	1	0
C	Marios	23	108	1	1	7_____	41496	1	0	0	0	0	1	0	0	0	0	0
C	Marios	23	108	1	1	7_____	41505	1	0	0	0	0	0	0	0	0	1	0
C	Marios	23	108	1	1	7_____	41518	1	0	0	0	0	1	0	0	0	0	0
C	Marios	23	108	1	1	7_____	41520	1	0	0	0	0	0	0	0	0	1	0
C	Marios	23	108	1	1	7_____	42253	1	0	0	0	0	1	0	0	0	0	0
C	Marios	23	108	1	1	7_____	42256	1	0	0	0	0	0	0	0	0	1	0
C	Marios	23	108	1	1	7_____	42574	1	0	0	0	0	1	0	0	0	0	0
C	Marios	23	108	1	1	7_____	42628	1	0	0	0	0	0	0	0	0	1	0
C	Marios	23	108	1	1	7_____	43094	1	0	0	0	0	1	0	0	0	0	0
C	Marios	23	108	1	1	7_____	43160	1	0	0	0	0	0	0	0	0	1	0
C	Marios	23	108	1	1	7_____	43180	1	0	0	0	0	1	0	0	0	0	0
C	Marios	23	108	1	1	7_____	43183	1	0	0	0	0	0	0	0	0	1	0
C	Marios	23	108	1	1	7_____	45750	1	2	0	0	0	0	0	0	0	0	0
C	Marios	23	108	1	1	7_____	46250	2	16	0	0	0	0	0	0	0	0	0
C	Marios	23	108	1	1	7_____	46750	16	15	0	0	0	0	0	0	0	0	0
C	Marios	23	108	1	1	7_____	47250	15	1	0	0	0	0	0	0	0	0	0
C	Marios	23	108	1	1	7_____	47576	1	0	0	0	0	1	0	0	0	0	0
C	Marios	23	108	1	1	7_____	47649	1	0	0	0	0	0	0	0	0	1	0
C	Marios	23	108	1	1	7_____	47828	1	0	0	0	0	1	0	0	0	0	0
C	Marios	23	108	1	1	7_____	47872	1	0	0	0	0	0	0	0	0	1	0
C	Marios	23	108	1	1	7_____	48121	1	0	0	0	0	1	0	0	0	0	0
C	Marios	23	108	1	1	7_____	48187	1	0	0	0	0	0	0	0	0	1	0
C	Marios	23	108	1	1	7_____	48412	1	0	0	0	0	1	0	0	0	0	0
C	Marios	23	108	1	1	7_____	48565	1	0	0	0	0	0	0	0	0	1	0
C	Marios	23	108	1	1	7_____	48583	1	0	0	0	0	1	0	0	0	0	0
C	Marios	23	108	1	1	7_____	48649	1	0	0	0	0	0	0	0	0	1	0
C	Marios	23	108	1	1	7_____	48743	1	0	0	0	0	1	0	0	0	0	0
C	Marios	23	108	1	1	7_____	48777	1	0	0	0	0	0	0	0	0	1	0
C	Marios	23	108	1	1	7_____	49367	1	0	0	0	0	1	0	0	0	0	0
C	Marios	23	108	1	1	7_____	49441	1	0	0	0	0	0	0	0	0	1	0
C	Marios	23	108	1	1	7_____	49500	1	2	0	0	0	0	0	0	0	0	0
C	Marios	23	108	1	1	7_____	49717	2	0	0	0	0	1	0	0	0	0	0
C	Marios	23	108	1	1	7_____	49723	2	0	0	0	0	0	0	0	0	1	0
C	Marios	23	108	1	1	7_____	49822	2	0	0	0	0	1	0	0	0	0	0
C	Marios	23	108	1	1	7_____	49860	2	0	0	0	0	0	0	0	0	1	0
C	Marios	23	108	1	1	7_____	49954	2	0	0	0	0	1	0	0	0	0	0
C	Marios	23	108	1	1	7_____	50000	2	6	0	0	0	0	0	0	0	0	0
C	Marios	23	108	1	1	7_____	50003	6	0	0	0	0	0	0	0	0	1	0
C	Marios	23	108	1	1	7_____	50044	6	0	0	0	0	1	0	0	0	0	0
C	Marios	23	108	1	1	7_____	50164	6	0	0	0	0	0	0	0	0	1	0
C	Marios	23	108	1	1	7_____	50194	6	0	0	0	0	1	0	0	0	0	0
C	Marios	23	108	1	1	7_____	50217	6	0	0	0	0	0	0	0	0	1	0
C	Marios	23	108	1	1	7_____	50288	6	0	0	0	0	1	0	0	0	0	0
C	Marios	23	108	1	1	7_____	50315	6	0	0	0	0	0	0	0	0	1	0
C	Marios	23	108	1	1	7_____	50352	6	0	0	0	0	1	0	0	0	0	0
C	Marios	23	108	1	1	7_____	50366	6	0	0	0	0	0	0	0	0	1	0
C	Marios	23	108	1	1	7_____	50500	6	11	0	0	0	1	0	0	0	0	0
C	Marios	23	108	1	1	7_____	50712	11	0	0	0	0	0	0	0	0	1	0
C	Marios	23	108	1	1	7_____	51000	11	1	0	0	0	0	0	0	0	0	0
C	Marios	23	108	1	1	7_____	54000	1	2	0	0	0	0	0	0	0	0	0
C	Marios	23	108	1	1	7_____	54500	2	16	0	0	0	0	0	0	0	0	0
C	Marios	23	108	1	1	7_____	54907	16	0	0	0	0	1	0	0	0	0	0
C	Marios	23	108	1	1	7_____	54912	16	0	0	0	0	1	0	0	0	1	0
C	Marios	23	108	1	1	7_____	54915	16	0	0	0	0	0	0	0	0	1	0
C	Marios	23	108	1	1	7_____	55000	16	15	0	0	0	0	0	0	0	0	0
C	Marios	23	108	1	1	7_____	55453	15	0	0	0	0	1	0	0	0	0	0
C	Marios	23	108	1	1	7_____	55481	15	0	0	0	0	0	0	0	0	1	0
C	Marios	23	108	1	1	7_____	55500	15	1	0	0	0	0	0	0	0	0	0
C	Marios	23	108	1	1	7_____	56506	1	0	0	0	0	1	0	0	0	0	0
C	Marios	23	108	1	1	7_____	56531	1	0	0	0	0	0	0	0	0	1	0
C	Marios	23	108	1	1	7_____	58070	1	0	0	0	0	1	0	0	0	0	0
C	Marios	23	108	1	1	7_____	58073	1	0	0	0	0	0	0	0	0	1	0
C	Marios	23	108	1	1	7_____	59438	1	0	0	0	0	1	0	0	0	0	0
C	Marios	23	108	1	1	7_____	59443	1	0	0	0	0	0	0	0	0	1	0
C	Marios	23	108	1	1	7_____	59993	1	0	0	0	0	1	0	0	0	0	0
C	Marios	23	108	1	1	7_____	60000	1	2	0	0	0	0	0	0	0	0	0
C	Marios	23	108	1	1	7_____	60035	2	0	0	0	0	0	0	0	0	1	0
C	Marios	23	108	1	1	7_____	60500	2	17	0	0	0	0	0	0	0	0	0
C	Marios	23	108	1	1	7_____	61000	17	15	0	0	0	0	0	0	0	0	0
C	Marios	23	108	1	1	7_____	61424	15	0	0	0	0	1	0	0	0	0	0
C	Marios	23	108	1	1	7_____	61441	15	0	0	0	0	0	0	0	0	1	0
C	Marios	23	108	1	1	7_____	61500	15	1	0	0	0	0	0	0	0	0	0
C	Marios	23	108	1	1	7_____	62539	1	0	0	0	0	1	0	0	0	0	0
C	Marios	23	108	1	1	7_____	62570	1	0	0	0	0	0	0	0	0	1	0
C	Marios	23	108	1	1	7_____	62615	1	0	0	0	0	1	0	0	0	0	0
C	Marios	23	108	1	1	7_____	62710	1	0	0	0	0	0	0	0	0	1	0
C	Marios	23	108	1	1	7_____	62736	1	0	0	0	0	1	0	0	0	0	0
C	Marios	23	108	1	1	7_____	62742	1	0	0	0	0	0	0	0	0	1	0
C	Marios	23	108	1	1	7_____	63000	1	2	0	0	0	0	0	0	0	0	0
C	Marios	23	108	1	1	7_____	63347	2	0	0	0	0	1	0	0	0	0	0
C	Marios	23	108	1	1	7_____	63377	2	0	0	0	0	0	0	0	0	1	0
C	Marios	23	108	1	1	7_____	63383	2	0	0	0	0	1	0	0	0	0	0
C	Marios	23	108	1	1	7_____	63385	2	0	0	0	0	0	0	0	0	1	0
C	Marios	23	108	1	1	7_____	63386	2	0	0	0	0	1	0	0	0	0	0
C	Marios	23	108	1	1	7_____	63422	2	0	0	0	0	0	0	0	0	1	0
C	Marios	23	108	1	1	7_____	63500	2	17	0	0	0	0	0	0	0	0	0
C	Marios	23	108	1	1	7_____	64000	17	15	0	0	0	0	0	0	0	0	0
C	Marios	23	108	1	1	7_____	64500	15	1	0	0	0	0	0	0	0	0	0
C	Marios	23	108	1	1	7_____	67215	1	0	0	0	0	1	0	0	0	0	0
C	Marios	23	108	1	1	7_____	67228	1	0	0	0	0	0	0	0	0	1	0
C	Marios	23	108	1	1	7_____	68166	1	0	0	0	0	1	0	0	0	0	0
C	Marios	23	108	1	1	7_____	68180	1	0	0	0	0	0	0	0	0	1	0
C	Marios	23	108	1	1	7_____	70500	1	2	0	0	0	0	0	0	0	0	0
C	Marios	23	108	1	1	7_____	71000	2	7	0	0	0	0	0	0	0	0	0
C	Marios	23	108	1	1	7_____	71068	7	0	0	0	0	1	0	0	0	0	0
C	Marios	23	108	1	1	7_____	71089	7	0	0	0	0	0	0	0	0	1	0
C	Marios	23	108	1	1	7_____	71199	7	0	0	0	0	1	0	0	0	0	0
C	Marios	23	108	1	1	7_____	71254	7	0	0	0	0	0	0	0	0	1	0
C	Marios	23	108	1	1	7_____	71357	7	0	0	0	0	1	0	0	0	0	0
C	Marios	23	108	1	1	7_____	71384	7	0	0	0	0	0	0	0	0	1	0
C	Marios	23	108	1	1	7_____	71395	7	0	0	0	0	1	0	0	0	0	0
C	Marios	23	108	1	1	7_____	71500	7	10	0	0	0	0	0	0	0	0	0
C	Marios	23	108	1	1	7_____	71684	10	0	0	0	0	0	0	0	0	1	0
C	Marios	23	108	1	1	7_____	72000	10	1	0	0	0	0	0	0	0	0	0
C	Marios	23	108	1	1	7_____	72397	1	0	0	0	0	1	0	0	0	0	0
C	Marios	23	108	1	1	7_____	72410	1	0	0	0	0	0	0	0	0	1	0
C	Marios	23	108	1	1	7_____	73544	1	0	0	0	0	1	0	0	0	0	0
C	Marios	23	108	1	1	7_____	73547	1	0	0	0	0	0	0	0	0	1	0
C	Marios	23	108	1	1	7_____	73552	1	0	0	0	0	1	0	0	0	0	0
C	Marios	23	108	1	1	7_____	73557	1	0	0	0	0	0	0	0	0	1	0
C	Marios	23	108	1	1	7_____	73562	1	0	0	0	0	1	0	0	0	0	0
C	Marios	23	108	1	1	7_____	73590	1	0	0	0	0	0	0	0	0	1	0
C	Marios	23	108	1	1	7_____	75413	1	0	0	0	0	1	0	0	0	0	0
C	Marios	23	108	1	1	7_____	75431	1	0	0	0	0	0	0	0	0	1	0
C	Marios	23	108	1	1	7_____	75750	1	2	0	0	0	0	0	0	0	0	0
C	Marios	23	108	1	1	7_____	76250	2	17	0	0	0	0	0	0	0	0	0
C	Marios	23	108	1	1	7_____	76750	17	15	0	0	0	0	0	0	0	0	0
C	Marios	23	108	1	1	7_____	77250	15	1	0	0	0	0	0	0	0	0	0
C	Marios	23	108	1	1	7_____	78616	1	0	0	0	0	1	0	0	0	0	0
C	Marios	23	108	1	1	7_____	78691	1	0	0	0	0	0	0	0	0	1	0
C	Marios	23	108	1	1	7_____	79200	1	0	0	0	0	1	0	0	0	0	0
C	Marios	23	108	1	1	7_____	79241	1	0	0	0	0	0	0	0	0	1	0
C	Marios	23	108	1	1	7_____	79317	1	0	0	0	0	1	0	0	0	0	0
C	Marios	23	108	1	1	7_____	79367	1	0	0	0	0	1	0	0	0	1	0
C	Marios	23	108	1	1	7_____	79386	1	0	0	0	0	0	0	0	0	1	0
C	Marios	23	108	1	1	7_____	80354	1	0	0	0	0	1	0	0	0	0	0
C	Marios	23	108	1	1	7_____	80368	1	0	0	0	0	0	0	0	0	1	0
C	Marios	23	108	1	1	7_____	81724	1	0	0	0	0	1	0	0	0	0	0
C	Marios	23	108	1	1	7_____	81734	1	0	0	0	0	0	0	0	0	1	0
C	Marios	23	108	1	1	7_____	82750	1	2	0	0	0	0	0	0	0	0	0
C	Marios	23	108	1	1	7_____	82917	2	0	0	0	0	1	0	0	0	0	0
C	Marios	23	108	1	1	7_____	82961	2	0	0	0	0	0	0	0	0	1	0
C	Marios	23	108	1	1	7_____	83250	2	17	0	0	0	0	0	0	0	0	0
C	Marios	23	108	1	1	7_____	83252	17	0	0	0	0	1	0	0	0	0	0
C	Marios	23	108	1	1	7_____	83254	17	0	0	0	0	0	0	0	0	1	0
C	Marios	23	108	1	1	7_____	83750	17	15	0	0	0	0	0	0	0	0	0
C	Marios	23	108	1	1	7_____	84250	15	1	0	0	0	0	0	0	0	0	0
C	Marios	23	108	1	1	7_____	84833	1	0	0	0	0	1	0	0	0	0	0
C	Marios	23	108	1	1	7_____	84854	1	0	0	0	0	0	0	0	0	1	0
C	Marios	23	108	1	1	7_____	86808	1	0	0	0	0	1	0	0	0	0	0
C	Marios	23	108	1	1	7_____	86938	1	0	0	0	0	0	0	0	0	1	0
C	Marios	23	108	1	1	7_____	86980	1	0	0	0	0	1	0	0	0	0	0
C	Marios	23	108	1	1	7_____	87004	1	0	0	0	0	0	0	0	0	1	0
C	Marios	23	108	1	1	7_____	88750	1	2	0	0	0	0	0	0	0	0	0
C	Marios	23	108	1	1	7_____	89250	2	16	0	0	0	0	0	0	0	0	0
C	Marios	23	108	1	1	7_____	89355	16	0	0	0	0	1	0	0	0	0	0
C	Marios	23	108	1	1	7_____	89381	16	0	0	0	0	0	0	0	0	1	0
C	Marios	23	108	1	1	7_____	89588	16	0	0	0	0	1	0	0	0	0	0
C	Marios	23	108	1	1	7_____	89594	16	0	0	0	0	0	0	0	0	1	0
C	Marios	23	108	1	1	7_____	89709	16	0	0	0	0	1	0	0	0	0	0
C	Marios	23	108	1	1	7_____	89745	16	0	0	0	0	0	0	0	0	1	0
C	Marios	23	108	1	1	7_____	89750	16	15	0	0	0	0	0	0	0	0	0
C	Marios	23	108	1	1	7_____	89894	15	0	0	0	0	1	0	0	0	0	0
C	Marios	23	108	1	1	7_____	89948	15	0	0	0	0	0	0	0	0	1	0
C	Marios	23	108	1	1	7_____	90044	15	0	0	0	0	1	0	0	0	0	0
C	Marios	23	108	1	1	7_____	90091	15	0	0	0	0	0	0	0	0	1	0
C	Marios	23	108	1	1	7_____	90250	15	1	0	0	0	0	0	0	0	0	0
C	Marios	23	108	1	1	7_____	90475	1	0	0	0	0	1	0	0	0	0	0
C	Marios	23	108	1	1	7_____	90480	1	0	0	0	0	1	0	0	0	1	0
C	Marios	23	108	1	1	7_____	90513	1	0	0	0	0	0	0	0	0	1	0
C	Marios	23	108	1	1	7_____	92500	1	2	0	0	0	0	0	0	0	0	0
C	Marios	23	108	1	1	7_____	93000	2	16	0	0	0	0	0	0	0	0	0
C	Marios	23	108	1	1	7_____	93500	16	15	0	0	0	0	0	0	0	0	0
C	Marios	23	108	1	1	7_____	93837	15	0	0	0	0	1	0	0	0	0	0
C	Marios	23	108	1	1	7_____	93873	15	0	0	0	0	0	0	0	0	1	0
C	Marios	23	108	1	1	7_____	94000	15	1	0	0	0	0	0	0	0	0	0
C	Marios	23	108	1	1	7_____	100750	1	2	0	0	0	0	0	0	0	0	0
C	Marios	23	108	1	1	7_____	101250	2	6	0	0	0	0	0	0	0	0	0
C	Marios	23	108	1	1	7_____	101411	6	0	0	0	0	1	0	0	0	0	0
C	Marios	23	108	1	1	7_____	101481	6	0	0	0	0	0	0	0	0	1	0
C	Marios	23	108	1	1	7_____	101538	6	0	0	0	0	1	0	0	0	0	0
C	Marios	23	108	1	1	7_____	101564	6	0	0	0	0	0	0	0	0	1	0
C	Marios	23	108	1	1	7_____	101601	6	0	0	0	0	1	0	0	0	0	0
C	Marios	23	108	1	1	7_____	101628	6	0	0	0	0	0	0	0	0	1	0
C	Marios	23	108	1	1	7_____	101655	6	0	0	0	0	1	0	0	0	0	0
C	Marios	23	108	1	1	7_____	101659	6	0	0	0	0	0	0	0	0	1	0
C	Marios	23	108	1	1	7_____	101674	6	0	0	0	0	1	0	0	0	0	0
C	Marios	23	108	1	1	7_____	101708	6	0	0	0	0	0	0	0	0	1	0
C	Marios	23	108	1	1	7_____	101746	6	0	0	0	0	1	0	0	0	0	0
C	Marios	23	108	1	1	7_____	101750	6	11	0	0	0	0	0	0	0	0	0
C	Marios	23	108	1	1	7_____	101917	11	0	0	0	0	0	0	0	0	1	0
C	Marios	23	108	1	1	7_____	101928	11	0	0	0	0	1	0	0	0	0	0
C	Marios	23	108	1	1	7_____	101955	11	0	0	0	0	0	0	0	0	1	0
C	Marios	23	108	1	1	7_____	101956	11	0	0	0	0	1	0	0	0	0	0
C	Marios	23	108	1	1	7_____	101958	11	0	0	0	0	0	0	0	0	1	0
C	Marios	23	108	1	1	7_____	101964	11	0	0	0	0	1	0	0	0	0	0
C	Marios	23	108	1	1	7_____	101990	11	0	0	0	0	0	0	0	0	1	0
C	Marios	23	108	1	1	7_____	101991	11	0	0	0	0	1	0	0	0	0	0
C	Marios	23	108	1	1	7_____	101994	11	0	0	0	0	0	0	0	0	1	0
C	Marios	23	108	1	1	7_____	101999	11	0	0	0	0	1	0	0	0	0	0
C	Marios	23	108	1	1	7_____	102018	11	0	0	0	0	0	0	0	0	1	0
C	Marios	23	108	1	1	7_____	102021	11	0	0	0	0	1	0	0	0	0	0
C	Marios	23	108	1	1	7_____	102034	11	0	0	0	0	0	0	0	0	1	0
C	Marios	23	108	1	1	7_____	102044	11	0	0	0	0	1	0	0	0	0	0
C	Marios	23	108	1	1	7_____	102052	11	0	0	0	0	0	0	0	0	1	0
C	Marios	23	108	1	1	7_____	102056	11	0	0	0	0	1	0	0	0	0	0
C	Marios	23	108	1	1	7_____	102059	11	0	0	0	0	0	0	0	0	1	0
C	Marios	23	108	1	1	7_____	102069	11	0	0	0	0	1	0	0	0	0	0
C	Marios	23	108	1	1	7_____	102080	11	0	0	0	0	0	0	0	0	1	0
C	Marios	23	108	1	1	7_____	102085	11	0	0	0	0	1	0	0	0	0	0
C	Marios	23	108	1	1	7_____	102093	11	0	0	0	0	0	0	0	0	1	0
C	Marios	23	108	1	1	7_____	102094	11	0	0	0	0	1	0	0	0	0	0
C	Marios	23	108	1	1	7_____	102106	11	0	0	0	0	0	0	0	0	1	0
C	Marios	23	108	1	1	7_____	102117	11	0	0	0	0	1	0	0	0	0	0
C	Marios	23	108	1	1	7_____	102125	11	0	0	0	0	0	0	0	0	1	0
C	Marios	23	108	1	1	7_____	102143	11	0	0	0	0	1	0	0	0	0	0
C	Marios	23	108	1	1	7_____	102146	11	0	0	0	0	0	0	0	0	1	0
C	Marios	23	108	1	1	7_____	102193	11	0	0	0	0	1	0	0	0	0	0
C	Marios	23	108	1	1	7_____	102200	11	0	0	0	0	0	0	0	0	1	0
C	Marios	23	108	1	1	7_____	102250	11	1	0	0	0	0	0	0	0	0	0
C	Marios	23	108	1	1	7_____	103750	1	2	0	0	0	0	0	0	0	0	0
C	Marios	23	108	1	1	7_____	104162	2	0	0	0	0	1	0	0	0	0	0
C	Marios	23	108	1	1	7_____	104175	2	0	0	0	0	0	0	0	0	1	0
C	Marios	23	108	1	1	7_____	104250	2	7	0	0	0	0	0	0	0	0	0
C	Marios	23	108	1	1	7_____	104750	7	10	0	0	0	1	0	0	0	0	0
C	Marios	23	108	1	1	7_____	104909	10	0	0	0	0	0	0	0	0	1	0
C	Marios	23	108	1	1	7_____	105116	10	0	0	0	0	1	0	0	0	0	0
C	Marios	23	108	1	1	7_____	105128	10	0	0	0	0	0	0	0	0	1	0
C	Marios	23	108	1	1	7_____	105250	10	1	0	0	0	0	0	0	0	0	0
C	Marios	23	108	1	1	7_____	106238	1	0	0	0	0	1	0	0	0	0	0
C	Marios	23	108	1	1	7_____	106357	1	0	0	0	0	0	0	0	0	1	0
C	Marios	23	108	1	1	7_____	107647	1	0	0	0	0	1	0	0	0	0	0
C	Marios	23	108	1	1	7_____	107721	1	0	0	0	0	0	0	0	0	1	0
C	Marios	23	108	1	1	7_____	107748	1	0	0	0	0	1	0	0	0	0	0
C	Marios	23	108	1	1	7_____	107804	1	0	0	0	0	0	0	0	0	1	0
C	Marios	23	108	1	1	7_____	107873	1	0	0	0	0	1	0	0	0	0	0
C	Marios	23	108	1	1	7_____	107912	1	0	0	0	0	0	0	0	0	1	0
C	Marios	23	108	1	1	7_____	107935	1	0	0	0	0	1	0	0	0	0	0
C	Marios	23	108	1	1	7_____	107991	1	0	0	0	0	0	0	0	0	1	0
C	Marios	23	108	1	1	7_____	108008	1	0	0	0	0	1	0	0	0	0	0
C	Marios	23	108	1	1	7_____	108048	1	0	0	0	0	0	0	0	0	1	0
C	Marios	23	108	1	1	7_____	108207	1	0	0	0	0	1	0	0	0	0	0
C	Marios	23	108	1	1	7_____	108232	1	0	0	0	0	0	0	0	0	1	0
C	Marios	23	108	1	1	7_____	108303	1	0	0	0	0	1	0	0	0	0	0
C	Marios	23	108	1	1	7_____	108379	1	0	0	0	0	0	0	0	0	1	0
C	Marios	23	108	1	1	7_____	108452	1	0	0	0	0	1	0	0	0	0	0
C	Marios	23	108	1	1	7_____	108477	1	0	0	0	0	0	0	0	0	1	0
C	Marios	23	108	1	1	7_____	108541	1	0	0	0	0	1	0	0	0	0	0
C	Marios	23	108	1	1	7_____	108569	1	0	0	0	0	0	0	0	0	1	0
C	Marios	23	108	1	1	7_____	108639	1	0	0	0	0	1	0	0	0	0	0
C	Marios	23	108	1	1	7_____	108661	1	0	0	0	0	0	0	0	0	1	0
C	Marios	23	108	1	1	7_____	109750	1	2	0	0	0	0	0	0	0	0	0
C	Marios	23	108	1	1	7_____	109942	2	0	0	0	0	1	0	0	0	0	0
C	Marios	23	108	1	1	7_____	109988	2	0	0	0	0	0	0	0	0	1	0
C	Marios	23	108	1	1	7_____	110065	2	0	0	0	0	1	0	0	0	0	0
C	Marios	23	108	1	1	7_____	110165	2	0	0	0	0	0	0	0	0	1	0
C	Marios	23	108	1	1	7_____	110214	2	0	0	0	0	1	0	0	0	0	0
C	Marios	23	108	1	1	7_____	110216	2	0	0	0	0	0	0	0	0	1	0
C	Marios	23	108	1	1	7_____	110218	2	0	0	0	0	1	0	0	0	0	0
C	Marios	23	108	1	1	7_____	110246	2	0	0	0	0	0	0	0	0	1	0
C	Marios	23	108	1	1	7_____	110250	2	7	0	0	0	0	0	0	0	0	0
C	Marios	23	108	1	1	7_____	110373	7	0	0	0	0	1	0	0	0	0	0
C	Marios	23	108	1	1	7_____	110396	7	0	0	0	0	0	0	0	0	1	0
C	Marios	23	108	1	1	7_____	110491	7	0	0	0	0	1	0	0	0	0	0
C	Marios	23	108	1	1	7_____	110516	7	0	0	0	0	0	0	0	0	1	0
C	Marios	23	108	1	1	7_____	110537	7	0	0	0	0	1	0	0	0	0	0
C	Marios	23	108	1	1	7_____	110665	7	0	0	0	0	0	0	0	0	1	0
C	Marios	23	108	1	1	7_____	110750	7	10	0	0	0	0	0	0	0	0	0
C	Marios	23	108	1	1	7_____	110762	10	0	0	0	0	1	0	0	0	0	0
C	Marios	23	108	1	1	7_____	110878	10	0	0	0	0	0	0	0	0	1	0
C	Marios	23	108	1	1	7_____	111250	10	1	0	0	0	0	0	0	0	0	0
C	Marios	23	108	1	1	7_____	114750	1	2	0	0	0	0	0	0	0	0	0
C	Marios	23	108	1	1	7_____	115250	2	17	0	0	0	0	0	0	0	0	0
C	Marios	23	108	1	1	7_____	115731	17	0	0	0	0	1	0	0	0	0	0
C	Marios	23	108	1	1	7_____	115734	17	0	0	0	0	0	0	0	0	1	0
C	Marios	23	108	1	1	7_____	115750	17	15	0	0	0	0	0	0	0	0	0
C	Marios	23	108	1	1	7_____	115794	15	0	0	0	0	1	0	0	0	0	0
C	Marios	23	108	1	1	7_____	115797	15	0	0	0	0	0	0	0	0	1	0
C	Marios	23	108	1	1	7_____	116250	15	1	0	0	0	0	0	0	0	0	0
C	Marios	23	108	1	1	7_____	117094	1	0	0	0	0	1	0	0	0	0	0
C	Marios	23	108	1	1	7_____	117099	1	0	0	0	0	0	0	0	0	1	0
C	Marios	23	108	1	1	7_____	117102	1	0	0	0	0	1	0	0	0	0	0
C	Marios	23	108	1	1	7_____	117106	1	0	0	0	0	0	0	0	0	1	0
C	Marios	23	108	1	1	7_____	118099	1	0	0	0	0	1	0	0	0	0	0
C	Marios	23	108	1	1	7_____	118151	1	0	0	0	0	0	0	0	0	1	0
C	Marios	23	108	1	1	7_____	118290	1	0	0	0	0	1	0	0	0	0	0
C	Marios	23	108	1	1	7_____	118320	1	0	0	0	0	0	0	0	0	1	0
C	Marios	23	108	1	1	7_____	118338	1	0	0	0	0	1	0	0	0	0	0
C	Marios	23	108	1	1	7_____	118341	1	0	0	0	0	0	0	0	0	1	0
C	Marios	23	108	1	1	7_____	119760	1	0	0	0	0	1	0	0	0	0	0
C	Marios	23	108	1	1	7_____	119765	1	0	0	0	0	0	0	0	0	1	0
C	Marios	23	108	1	1	7_____	119771	1	0	0	0	0	1	0	0	0	0	0
C	Marios	23	108	1	1	7_____	119843	1	0	0	0	0	0	0	0	0	1	0
C	Marios	23	108	1	1	7_____	121297	1	0	0	0	0	1	0	0	0	0	0
C	Marios	23	108	1	1	7_____	121382	1	0	0	0	0	0	0	0	0	1	0
C	Marios	23	108	1	1	7_____	123750	1	2	0	0	0	0	0	0	0	0	0
C	Marios	23	108	1	1	7_____	124250	2	16	0	0	0	0	0	0	0	0	0
C	Marios	23	108	1	1	7_____	124320	16	0	0	0	0	1	0	0	0	0	0
C	Marios	23	108	1	1	7_____	124345	16	0	0	0	0	0	0	0	0	1	0
C	Marios	23	108	1	1	7_____	124416	16	0	0	0	0	1	0	0	0	0	0
C	Marios	23	108	1	1	7_____	124454	16	0	0	0	0	0	0	0	0	1	0
C	Marios	23	108	1	1	7_____	124576	16	0	0	0	0	1	0	0	0	0	0
C	Marios	23	108	1	1	7_____	124644	16	0	0	0	0	0	0	0	0	1	0
C	Marios	23	108	1	1	7_____	124750	16	15	0	0	0	0	0	0	0	0	0
C	Marios	23	108	1	1	7_____	124950	15	0	0	0	0	1	0	0	0	0	0
C	Marios	23	108	1	1	7_____	125047	15	0	0	0	0	0	0	0	0	1	0
C	Marios	23	108	1	1	7_____	125123	15	0	0	0	0	1	0	0	0	0	0
C	Marios	23	108	1	1	7_____	125126	15	0	0	0	0	0	0	0	0	1	0
C	Marios	23	108	1	1	7_____	125169	15	0	0	0	0	1	0	0	0	0	0
C	Marios	23	108	1	1	7_____	125250	15	1	0	0	0	0	0	0	0	0	0
C	Marios	23	108	1	1	7_____	125322	1	0	0	0	0	0	0	0	0	1	0
C	Marios	23	108	1	1	7_____	125596	1	0	0	0	0	1	0	0	0	0	0
C	Marios	23	108	1	1	7_____	125721	1	0	0	0	0	0	0	0	0	1	0
C	Marios	23	108	1	1	7_____	125754	1	0	0	0	0	1	0	0	0	0	0
C	Marios	23	108	1	1	7_____	125836	1	0	0	0	0	0	0	0	0	1	0
C	Marios	23	108	1	1	7_____	128250	1	2	0	0	0	0	0	0	0	0	0
C	Marios	23	108	1	1	7_____	128470	2	0	0	0	0	1	0	0	0	0	0
C	Marios	23	108	1	1	7_____	128656	2	0	0	0	0	0	0	0	0	1	0
C	Marios	23	108	1	1	7_____	128750	2	17	0	0	0	0	0	0	0	0	0
C	Marios	23	108	1	1	7_____	129250	17	15	0	0	0	0	0	0	0	0	0
C	Marios	23	108	1	1	7_____	129750	15	1	0	0	0	0	0	0	0	0	0
C	Marios	23	108	1	1	7_____	131353	1	0	0	0	0	1	0	0	0	0	0
C	Marios	23	108	1	1	7_____	131355	1	0	0	0	0	0	0	0	0	1	0
C	Marios	23	108	1	1	7_____	135049	1	0	0	0	0	1	0	0	0	0	0
C	Marios	23	108	1	1	7_____	135056	1	0	0	0	0	0	0	0	0	1	0
C	Marios	23	108	1	1	7_____	135750	1	2	0	0	0	0	0	0	0	0	0
C	Marios	23	108	1	1	7_____	136250	2	16	0	0	0	0	0	0	0	0	0
C	Marios	23	108	1	1	7_____	136750	16	15	0	0	0	0	0	0	0	0	0
C	Marios	23	108	1	1	7_____	137250	15	1	0	0	0	0	0	0	0	0	0
C	Marios	23	108	1	1	7_____	139890	1	0	0	0	0	1	0	0	0	0	0
C	Marios	23	108	1	1	7_____	139930	1	0	0	0	0	0	0	0	0	1	0
C	Marios	23	108	1	1	7_____	139996	1	0	0	0	0	1	0	0	0	0	0
C	Marios	23	108	1	1	7_____	140048	1	0	0	0	0	0	0	0	0	1	0
C	Marios	23	108	1	1	7_____	141239	1	0	0	0	0	1	0	0	0	0	0
C	Marios	23	108	1	1	7_____	141244	1	0	0	0	0	0	0	0	0	1	0
C	Marios	23	108	1	1	7_____	141252	1	0	0	0	0	1	0	0	0	0	0
C	Marios	23	108	1	1	7_____	141400	1	0	0	0	0	0	0	0	0	1	0
C	Marios	23	108	1	1	7_____	142500	1	2	0	0	0	0	0	0	0	0	0
C	Marios	23	108	1	1	7_____	142876	2	0	0	0	0	1	0	0	0	0	0
C	Marios	23	108	1	1	7_____	142880	2	0	0	0	0	0	0	0	0	1	0
C	Marios	23	108	1	1	7_____	142888	2	0	0	0	0	1	0	0	0	0	0
C	Marios	23	108	1	1	7_____	142897	2	0	0	0	0	0	0	0	0	1	0
C	Marios	23	108	1	1	7_____	143000	2	6	0	0	0	0	0	0	0	0	0
C	Marios	23	108	1	1	7_____	143108	6	0	0	0	0	1	0	0	0	0	0
C	Marios	23	108	1	1	7_____	143208	6	0	0	0	0	0	0	0	0	1	0
C	Marios	23	108	1	1	7_____	143291	6	0	0	0	0	1	0	0	0	0	0
C	Marios	23	108	1	1	7_____	143343	6	0	0	0	0	0	0	0	0	1	0
C	Marios	23	108	1	1	7_____	143385	6	0	0	0	0	1	0	0	0	0	0
C	Marios	23	108	1	1	7_____	143413	6	0	0	0	0	0	0	0	0	1	0
C	Marios	23	108	1	1	7_____	143490	6	0	0	0	0	1	0	0	0	0	0
C	Marios	23	108	1	1	7_____	143500	6	11	0	0	0	0	0	0	0	0	0
C	Marios	23	108	1	1	7_____	143705	11	0	0	0	0	0	0	0	0	1	0
C	Marios	23	108	1	1	7_____	143798	11	0	0	0	0	1	0	0	0	0	0
C	Marios	23	108	1	1	7_____	143801	11	0	0	0	0	0	0	0	0	1	0
C	Marios	23	108	1	1	7_____	143811	11	0	0	0	0	1	0	0	0	0	0
C	Marios	23	108	1	1	7_____	143816	11	0	0	0	0	0	0	0	0	1	0
C	Marios	23	108	1	1	7_____	144000	11	14	0	0	0	0	0	0	0	0	0
C	Marios	23	108	1	1	7_____	145315	14	0	0	0	0	1	0	0	0	0	0
C	Marios	23	108	1	1	7_____	145358	14	0	0	0	0	0	0	0	0	1	0
C	Marios	23	108	1	1	7_____	145471	14	0	0	0	0	1	0	0	0	0	0
C	Marios	23	108	1	1	7_____	145494	14	0	0	0	0	0	0	0	0	1	0
C	Marios	23	108	1	1	7_____	145495	14	0	0	0	0	1	0	0	0	0	0
C	Marios	23	108	1	1	7_____	145497	14	0	0	0	0	0	0	0	0	1	0
C	Marios	23	108	1	1	7_____	145560	14	0	0	0	0	1	0	0	0	0	0
C	Marios	23	108	1	1	7_____	145563	14	0	0	0	0	0	0	0	0	1	0
C	Marios	23	108	1	1	7_____	145592	14	0	0	0	0	1	0	0	0	0	0
C	Marios	23	108	1	1	7_____	145595	14	0	0	0	0	0	0	0	0	1	0
C	Marios	23	108	1	1	7_____	145624	14	0	0	0	0	1	0	0	0	0	0
C	Marios	23	108	1	1	7_____	145626	14	0	0	0	0	0	0	0	0	1	0
C	Marios	23	108	1	1	7_____	146429	14	0	0	0	0	1	0	0	0	0	0
C	Marios	23	108	1	1	7_____	146540	14	0	0	0	0	0	0	0	0	1	0
C	Marios	23	108	1	1	7_____	146563	14	0	0	0	0	1	0	0	0	0	0
C	Marios	23	108	1	1	7_____	146574	14	0	0	0	0	0	0	0	0	1	0
C	Marios	23	108	1	1	7_____	147000	14	-1	0	0	0	0	0	0	0	0	0
C	Marios	23	108	5	1	32____	0	0	1	0	0	0	0	0	0	0	0	0
C	Marios	23	108	5	1	32____	2250	1	2	0	0	0	0	0	0	0	0	0
C	Marios	23	108	5	1	32____	2750	2	17	0	0	0	0	0	0	0	0	0
C	Marios	23	108	5	1	32____	3250	17	15	0	0	0	0	0	0	0	0	0
C	Marios	23	108	5	1	32____	3750	15	1	0	0	0	0	0	0	0	0	0
C	Marios	23	108	5	1	32____	4555	1	0	0	0	0	1	0	0	0	0	0
C	Marios	23	108	5	1	32____	4573	1	0	0	0	0	0	0	0	0	1	0
C	Marios	23	108	5	1	32____	4577	1	0	0	0	0	1	0	0	0	0	0
C	Marios	23	108	5	1	32____	4580	1	0	0	0	0	0	0	0	0	1	0
C	Marios	23	108	5	1	32____	6750	1	2	0	0	0	0	0	0	0	0	0
C	Marios	23	108	5	1	32____	6803	2	0	0	0	0	1	0	0	0	0	0
C	Marios	23	108	5	1	32____	6808	2	0	0	0	0	0	0	0	0	1	0
C	Marios	23	108	5	1	32____	7250	2	16	0	0	0	0	0	0	0	0	0
C	Marios	23	108	5	1	32____	7750	16	15	0	0	0	0	0	0	0	0	0
C	Marios	23	108	5	1	32____	8250	15	1	0	0	0	0	0	0	0	0	0
C	Marios	23	108	5	1	32____	8446	1	0	0	0	0	1	0	0	0	0	0
C	Marios	23	108	5	1	32____	8449	1	0	0	0	0	0	0	0	0	1	0
C	Marios	23	108	5	1	32____	10227	1	0	0	0	0	1	0	0	0	0	0
C	Marios	23	108	5	1	32____	10230	1	0	0	0	0	0	0	0	0	1	0
C	Marios	23	108	5	1	32____	10237	1	0	0	0	0	1	0	0	0	0	0
C	Marios	23	108	5	1	32____	10252	1	0	0	0	0	0	0	0	0	1	0
C	Marios	23	108	5	1	32____	10344	1	0	0	0	0	1	0	0	0	0	0
C	Marios	23	108	5	1	32____	10377	1	0	0	0	0	0	0	0	0	1	0
C	Marios	23	108	5	1	32____	11474	1	0	0	0	0	1	0	0	0	0	0
C	Marios	23	108	5	1	32____	11493	1	0	0	0	0	0	0	0	0	1	0
C	Marios	23	108	5	1	32____	11722	1	0	0	0	0	1	0	0	0	0	0
C	Marios	23	108	5	1	32____	11764	1	0	0	0	0	0	0	0	0	1	0
C	Marios	23	108	5	1	32____	12889	1	0	0	0	0	1	0	0	0	0	0
C	Marios	23	108	5	1	32____	12914	1	0	0	0	0	0	0	0	0	1	0
C	Marios	23	108	5	1	32____	13750	1	2	0	0	0	0	0	0	0	0	0
C	Marios	23	108	5	1	32____	14249	2	0	0	0	0	1	0	0	0	0	0
C	Marios	23	108	5	1	32____	14250	2	17	0	0	0	0	0	0	0	0	0
C	Marios	23	108	5	1	32____	14251	17	0	0	0	0	0	0	0	0	1	0
C	Marios	23	108	5	1	32____	14750	17	15	0	0	0	0	0	0	0	0	0
C	Marios	23	108	5	1	32____	15250	15	1	0	0	0	0	0	0	0	0	0
C	Marios	23	108	5	1	32____	15631	1	0	0	0	0	1	0	0	0	0	0
C	Marios	23	108	5	1	32____	15659	1	0	0	0	0	0	0	0	0	1	0
C	Marios	23	108	5	1	32____	15940	1	0	0	0	0	1	0	0	0	0	0
C	Marios	23	108	5	1	32____	15948	1	0	0	0	0	0	0	0	0	1	0
C	Marios	23	108	5	1	32____	16775	1	0	0	0	0	1	0	0	0	0	0
C	Marios	23	108	5	1	32____	16793	1	0	0	0	0	0	0	0	0	1	0
C	Marios	23	108	5	1	32____	17479	1	0	0	0	0	1	0	0	0	0	0
C	Marios	23	108	5	1	32____	17489	1	0	0	0	0	0	0	0	0	1	0
C	Marios	23	108	5	1	32____	18101	1	0	0	0	0	1	0	0	0	0	0
C	Marios	23	108	5	1	32____	18145	1	0	0	0	0	0	0	0	0	1	0
C	Marios	23	108	5	1	32____	18750	1	2	0	0	0	0	0	0	0	0	0
C	Marios	23	108	5	1	32____	19250	2	6	0	0	0	0	0	0	0	0	0
C	Marios	23	108	5	1	32____	19456	6	0	0	0	0	1	0	0	0	0	0
C	Marios	23	108	5	1	32____	19475	6	0	0	0	0	0	0	0	0	1	0
C	Marios	23	108	5	1	32____	19495	6	0	0	0	0	1	0	0	0	0	0
C	Marios	23	108	5	1	32____	19504	6	0	0	0	0	0	0	0	0	1	0
C	Marios	23	108	5	1	32____	19639	6	0	0	0	0	1	0	0	0	0	0
C	Marios	23	108	5	1	32____	19701	6	0	0	0	0	0	0	0	0	1	0
C	Marios	23	108	5	1	32____	19750	6	11	0	0	0	0	0	0	0	0	0
C	Marios	23	108	5	1	32____	19764	11	0	0	0	0	1	0	0	0	0	0
C	Marios	23	108	5	1	32____	19876	11	0	0	0	0	0	0	0	0	1	0
C	Marios	23	108	5	1	32____	19886	11	0	0	0	0	1	0	0	0	0	0
C	Marios	23	108	5	1	32____	19888	11	0	0	0	0	0	0	0	0	1	0
C	Marios	23	108	5	1	32____	19890	11	0	0	0	0	1	0	0	0	0	0
C	Marios	23	108	5	1	32____	19897	11	0	0	0	0	0	0	0	0	1	0
C	Marios	23	108	5	1	32____	19962	11	0	0	0	0	1	0	0	0	0	0
C	Marios	23	108	5	1	32____	19965	11	0	0	0	0	0	0	0	0	1	0
C	Marios	23	108	5	1	32____	20034	11	0	0	0	0	1	0	0	0	0	0
C	Marios	23	108	5	1	32____	20052	11	0	0	0	0	0	0	0	0	1	0
C	Marios	23	108	5	1	32____	20250	11	1	0	0	0	0	0	0	0	0	0
C	Marios	23	108	5	1	32____	21644	1	0	0	0	0	1	0	0	0	0	0
C	Marios	23	108	5	1	32____	21689	1	0	0	0	0	0	0	0	0	1	0
C	Marios	23	108	5	1	32____	23352	1	0	0	0	0	1	0	0	0	0	0
C	Marios	23	108	5	1	32____	23374	1	0	0	0	0	1	0	0	0	1	0
C	Marios	23	108	5	1	32____	23381	1	0	0	0	0	0	0	0	0	1	0
C	Marios	23	108	5	1	32____	23417	1	0	0	0	0	1	0	0	0	0	0
C	Marios	23	108	5	1	32____	23425	1	0	0	0	0	0	0	0	0	1	0
C	Marios	23	108	5	1	32____	24591	1	0	0	0	0	1	0	0	0	0	0
C	Marios	23	108	5	1	32____	24599	1	0	0	0	0	0	0	0	0	1	0
C	Marios	23	108	5	1	32____	24687	1	0	0	0	0	1	0	0	0	0	0
C	Marios	23	108	5	1	32____	24693	1	0	0	0	0	0	0	0	0	1	0
C	Marios	23	108	5	1	32____	24723	1	0	0	0	0	1	0	0	0	0	0
C	Marios	23	108	5	1	32____	24726	1	0	0	0	0	0	0	0	0	1	0
C	Marios	23	108	5	1	32____	24727	1	0	0	0	0	1	0	0	0	0	0
C	Marios	23	108	5	1	32____	24747	1	0	0	0	0	0	0	0	0	1	0
C	Marios	23	108	5	1	32____	24750	1	2	0	0	0	0	0	0	0	0	0
C	Marios	23	108	5	1	32____	24936	2	0	0	0	0	1	0	0	0	0	0
C	Marios	23	108	5	1	32____	24983	2	0	0	0	0	0	0	0	0	1	0
C	Marios	23	108	5	1	32____	25046	2	0	0	0	0	1	0	0	0	0	0
C	Marios	23	108	5	1	32____	25056	2	0	0	0	0	0	0	0	0	1	0
C	Marios	23	108	5	1	32____	25086	2	0	0	0	0	1	0	0	0	0	0
C	Marios	23	108	5	1	32____	25102	2	0	0	0	0	0	0	0	0	1	0
C	Marios	23	108	5	1	32____	25198	2	0	0	0	0	1	0	0	0	0	0
C	Marios	23	108	5	1	32____	25201	2	0	0	0	0	0	0	0	0	1	0
C	Marios	23	108	5	1	32____	25250	2	7	0	0	0	0	0	0	0	0	0
C	Marios	23	108	5	1	32____	25410	7	0	0	0	0	1	0	0	0	0	0
C	Marios	23	108	5	1	32____	25412	7	0	0	0	0	0	0	0	0	1	0
C	Marios	23	108	5	1	32____	25642	7	0	0	0	0	1	0	0	0	0	0
C	Marios	23	108	5	1	32____	25648	7	0	0	0	0	0	0	0	0	1	0
C	Marios	23	108	5	1	32____	25694	7	0	0	0	0	1	0	0	0	0	0
C	Marios	23	108	5	1	32____	25733	7	0	0	0	0	0	0	0	0	1	0
C	Marios	23	108	5	1	32____	25750	7	10	0	0	0	0	0	0	0	0	0
C	Marios	23	108	5	1	32____	25766	10	0	0	0	0	1	0	0	0	0	0
C	Marios	23	108	5	1	32____	25965	10	0	0	0	0	0	0	0	0	1	0
C	Marios	23	108	5	1	32____	25968	10	0	0	0	0	1	0	0	0	0	0
C	Marios	23	108	5	1	32____	25999	10	0	0	0	0	0	0	0	0	1	0
C	Marios	23	108	5	1	32____	26250	10	1	0	0	0	0	0	0	0	0	0
C	Marios	23	108	5	1	32____	26970	1	0	0	0	0	1	0	0	0	0	0
C	Marios	23	108	5	1	32____	26976	1	0	0	0	0	0	0	0	0	1	0
C	Marios	23	108	5	1	32____	26997	1	0	0	0	0	1	0	0	0	0	0
C	Marios	23	108	5	1	32____	27012	1	0	0	0	0	0	0	0	0	1	0
C	Marios	23	108	5	1	32____	27960	1	0	0	0	0	1	0	0	0	0	0
C	Marios	23	108	5	1	32____	28064	1	0	0	0	0	0	0	0	0	1	0
C	Marios	23	108	5	1	32____	28166	1	0	0	0	0	1	0	0	0	0	0
C	Marios	23	108	5	1	32____	28259	1	0	0	0	0	0	0	0	0	1	0
C	Marios	23	108	5	1	32____	28288	1	0	0	0	0	1	0	0	0	0	0
C	Marios	23	108	5	1	32____	28299	1	0	0	0	0	0	0	0	0	1	0
C	Marios	23	108	5	1	32____	28420	1	0	0	0	0	1	0	0	0	0	0
C	Marios	23	108	5	1	32____	28473	1	0	0	0	0	0	0	0	0	1	0
C	Marios	23	108	5	1	32____	28533	1	0	0	0	0	1	0	0	0	0	0
C	Marios	23	108	5	1	32____	28535	1	0	0	0	0	0	0	0	0	1	0
C	Marios	23	108	5	1	32____	28663	1	0	0	0	0	1	0	0	0	0	0
C	Marios	23	108	5	1	32____	28723	1	0	0	0	0	0	0	0	0	1	0
C	Marios	23	108	5	1	32____	28851	1	0	0	0	0	1	0	0	0	0	0
C	Marios	23	108	5	1	32____	28856	1	0	0	0	0	0	0	0	0	1	0
C	Marios	23	108	5	1	32____	28926	1	0	0	0	0	1	0	0	0	0	0
C	Marios	23	108	5	1	32____	29022	1	0	0	0	0	0	0	0	0	1	0
C	Marios	23	108	5	1	32____	29129	1	0	0	0	0	1	0	0	0	0	0
C	Marios	23	108	5	1	32____	29197	1	0	0	0	0	0	0	0	0	1	0
C	Marios	23	108	5	1	32____	29201	1	0	0	0	0	1	0	0	0	0	0
C	Marios	23	108	5	1	32____	29254	1	0	0	0	0	0	0	0	0	1	0
C	Marios	23	108	5	1	32____	29386	1	0	0	0	0	1	0	0	0	0	0
C	Marios	23	108	5	1	32____	29411	1	0	0	0	0	0	0	0	0	1	0
C	Marios	23	108	5	1	32____	29466	1	0	0	0	0	1	0	0	0	0	0
C	Marios	23	108	5	1	32____	29497	1	0	0	0	0	0	0	0	0	1	0
C	Marios	23	108	5	1	32____	29955	1	0	0	0	0	1	0	0	0	0	0
C	Marios	23	108	5	1	32____	29960	1	0	0	0	0	0	0	0	0	1	0
C	Marios	23	108	5	1	32____	29999	1	0	0	0	0	1	0	0	0	0	0
C	Marios	23	108	5	1	32____	30019	1	0	0	0	0	0	0	0	0	1	0
C	Marios	23	108	5	1	32____	30135	1	0	0	0	0	1	0	0	0	0	0
C	Marios	23	108	5	1	32____	30321	1	0	0	0	0	0	0	0	0	1	0
C	Marios	23	108	5	1	32____	30640	1	0	0	0	0	1	0	0	0	0	0
C	Marios	23	108	5	1	32____	30652	1	0	0	0	0	0	0	0	0	1	0
C	Marios	23	108	5	1	32____	31518	1	0	0	0	0	1	0	0	0	0	0
C	Marios	23	108	5	1	32____	31523	1	0	0	0	0	0	0	0	0	1	0
C	Marios	23	108	5	1	32____	32463	1	0	0	0	0	1	0	0	0	0	0
C	Marios	23	108	5	1	32____	32556	1	0	0	0	0	0	0	0	0	1	0
C	Marios	23	108	5	1	32____	33000	1	2	0	0	0	0	0	0	0	0	0
C	Marios	23	108	5	1	32____	33500	2	16	0	0	0	0	0	0	0	0	0
C	Marios	23	108	5	1	32____	34000	16	15	0	0	0	0	0	0	0	0	0
C	Marios	23	108	5	1	32____	34413	15	0	0	0	0	1	0	0	0	0	0
C	Marios	23	108	5	1	32____	34455	15	0	0	0	0	0	0	0	0	1	0
C	Marios	23	108	5	1	32____	34500	15	1	0	0	0	0	0	0	0	0	0
C	Marios	23	108	5	1	32____	35172	1	0	0	0	0	1	0	0	0	0	0
C	Marios	23	108	5	1	32____	35210	1	0	0	0	0	0	0	0	0	1	0
C	Marios	23	108	5	1	32____	36029	1	0	0	0	0	1	0	0	0	0	0
C	Marios	23	108	5	1	32____	36051	1	0	0	0	0	0	0	0	0	1	0
C	Marios	23	108	5	1	32____	36944	1	0	0	0	0	1	0	0	0	0	0
C	Marios	23	108	5	1	32____	36966	1	0	0	0	0	0	0	0	0	1	0
C	Marios	23	108	5	1	32____	39750	1	2	0	0	0	0	0	0	0	0	0
C	Marios	23	108	5	1	32____	39873	2	0	0	0	0	1	0	0	0	0	0
C	Marios	23	108	5	1	32____	39920	2	0	0	0	0	0	0	0	0	1	0
C	Marios	23	108	5	1	32____	40250	2	17	0	0	0	0	0	0	0	0	0
C	Marios	23	108	5	1	32____	40750	17	15	0	0	0	0	0	0	0	0	0
C	Marios	23	108	5	1	32____	41250	15	1	0	0	0	0	0	0	0	0	0
C	Marios	23	108	5	1	32____	42009	1	0	0	0	0	1	0	0	0	0	0
C	Marios	23	108	5	1	32____	42067	1	0	0	0	0	0	0	0	0	1	0
C	Marios	23	108	5	1	32____	43468	1	0	0	0	0	1	0	0	0	0	0
C	Marios	23	108	5	1	32____	43556	1	0	0	0	0	0	0	0	0	1	0
C	Marios	23	108	5	1	32____	44906	1	0	0	0	0	1	0	0	0	0	0
C	Marios	23	108	5	1	32____	45000	1	2	0	0	0	0	0	0	0	0	0
C	Marios	23	108	5	1	32____	45032	2	0	0	0	0	0	0	0	0	1	0
C	Marios	23	108	5	1	32____	45500	2	16	0	0	0	0	0	0	0	0	0
C	Marios	23	108	5	1	32____	46000	16	15	0	0	0	0	0	0	0	0	0
C	Marios	23	108	5	1	32____	46280	15	0	0	0	0	1	0	0	0	0	0
C	Marios	23	108	5	1	32____	46350	15	0	0	0	0	0	0	0	0	1	0
C	Marios	23	108	5	1	32____	46500	15	1	0	0	0	0	0	0	0	0	0
C	Marios	23	108	5	1	32____	46794	1	0	0	0	0	1	0	0	0	0	0
C	Marios	23	108	5	1	32____	46916	1	0	0	0	0	0	0	0	0	1	0
C	Marios	23	108	5	1	32____	47068	1	0	0	0	0	1	0	0	0	0	0
C	Marios	23	108	5	1	32____	47135	1	0	0	0	0	0	0	0	0	1	0
C	Marios	23	108	5	1	32____	47267	1	0	0	0	0	1	0	0	0	0	0
C	Marios	23	108	5	1	32____	47269	1	0	0	0	0	0	0	0	0	1	0
C	Marios	23	108	5	1	32____	47289	1	0	0	0	0	1	0	0	0	0	0
C	Marios	23	108	5	1	32____	47329	1	0	0	0	0	0	0	0	0	1	0
C	Marios	23	108	5	1	32____	47534	1	0	0	0	0	1	0	0	0	0	0
C	Marios	23	108	5	1	32____	47595	1	0	0	0	0	0	0	0	0	1	0
C	Marios	23	108	5	1	32____	47876	1	0	0	0	0	1	0	0	0	0	0
C	Marios	23	108	5	1	32____	47917	1	0	0	0	0	0	0	0	0	1	0
C	Marios	23	108	5	1	32____	48103	1	0	0	0	0	1	0	0	0	0	0
C	Marios	23	108	5	1	32____	48179	1	0	0	0	0	0	0	0	0	1	0
C	Marios	23	108	5	1	32____	48335	1	0	0	0	0	1	0	0	0	0	0
C	Marios	23	108	5	1	32____	48587	1	0	0	0	0	0	0	0	0	1	0
C	Marios	23	108	5	1	32____	52228	1	0	0	0	0	1	0	0	0	0	0
C	Marios	23	108	5	1	32____	52274	1	0	0	0	0	0	0	0	0	1	0
C	Marios	23	108	5	1	32____	53546	1	0	0	0	0	1	0	0	0	0	0
C	Marios	23	108	5	1	32____	53584	1	0	0	0	0	0	0	0	0	1	0
C	Marios	23	108	5	1	32____	54000	1	2	0	0	0	0	0	0	0	0	0
C	Marios	23	108	5	1	32____	54156	2	0	0	0	0	1	0	0	0	0	0
C	Marios	23	108	5	1	32____	54500	2	7	0	0	0	0	0	0	0	0	0
C	Marios	23	108	5	1	32____	54506	7	0	0	0	0	0	0	0	0	1	0
C	Marios	23	108	5	1	32____	54574	7	0	0	0	0	1	0	0	0	0	0
C	Marios	23	108	5	1	32____	54668	7	0	0	0	0	0	0	0	0	1	0
C	Marios	23	108	5	1	32____	54745	7	0	0	0	0	1	0	0	0	0	0
C	Marios	23	108	5	1	32____	54782	7	0	0	0	0	0	0	0	0	1	0
C	Marios	23	108	5	1	32____	54874	7	0	0	0	0	1	0	0	0	0	0
C	Marios	23	108	5	1	32____	54918	7	0	0	0	0	0	0	0	0	1	0
C	Marios	23	108	5	1	32____	54985	7	0	0	0	0	1	0	0	0	0	0
C	Marios	23	108	5	1	32____	55000	7	10	0	0	0	0	0	0	0	0	0
C	Marios	23	108	5	1	32____	55324	10	0	0	0	0	0	0	0	0	1	0
C	Marios	23	108	5	1	32____	55326	10	0	0	0	0	1	0	0	0	0	0
C	Marios	23	108	5	1	32____	55331	10	0	0	0	0	0	0	0	0	1	0
C	Marios	23	108	5	1	32____	55335	10	0	0	0	0	1	0	0	0	0	0
C	Marios	23	108	5	1	32____	55340	10	0	0	0	0	0	0	0	0	1	0
C	Marios	23	108	5	1	32____	55348	10	0	0	0	0	1	0	0	0	0	0
C	Marios	23	108	5	1	32____	55350	10	0	0	0	0	0	0	0	0	1	0
C	Marios	23	108	5	1	32____	55500	10	1	0	0	0	0	0	0	0	0	0
C	Marios	23	108	5	1	32____	56147	1	0	0	0	0	1	0	0	0	0	0
C	Marios	23	108	5	1	32____	56150	1	0	0	0	0	0	0	0	0	1	0
C	Marios	23	108	5	1	32____	56155	1	0	0	0	0	1	0	0	0	0	0
C	Marios	23	108	5	1	32____	56172	1	0	0	0	0	0	0	0	0	1	0
C	Marios	23	108	5	1	32____	56180	1	0	0	0	0	1	0	0	0	0	0
C	Marios	23	108	5	1	32____	56219	1	0	0	0	0	0	0	0	0	1	0
C	Marios	23	108	5	1	32____	57812	1	0	0	0	0	1	0	0	0	0	0
C	Marios	23	108	5	1	32____	57858	1	0	0	0	0	0	0	0	0	1	0
C	Marios	23	108	5	1	32____	58726	1	0	0	0	0	1	0	0	0	0	0
C	Marios	23	108	5	1	32____	58839	1	0	0	0	0	0	0	0	0	1	0
C	Marios	23	108	5	1	32____	59628	1	0	0	0	0	1	0	0	0	0	0
C	Marios	23	108	5	1	32____	59661	1	0	0	0	0	0	0	0	0	1	0
C	Marios	23	108	5	1	32____	60517	1	0	0	0	0	1	0	0	0	0	0
C	Marios	23	108	5	1	32____	60534	1	0	0	0	0	0	0	0	0	1	0
C	Marios	23	108	5	1	32____	60546	1	0	0	0	0	1	0	0	0	0	0
C	Marios	23	108	5	1	32____	60548	1	0	0	0	0	0	0	0	0	1	0
C	Marios	23	108	5	1	32____	60549	1	0	0	0	0	1	0	0	0	0	0
C	Marios	23	108	5	1	32____	60552	1	0	0	0	0	1	0	0	0	1	0
C	Marios	23	108	5	1	32____	60569	1	0	0	0	0	0	0	0	0	1	0
C	Marios	23	108	5	1	32____	60571	1	0	0	0	0	1	0	0	0	0	0
C	Marios	23	108	5	1	32____	60688	1	0	0	0	0	0	0	0	0	1	0
C	Marios	23	108	5	1	32____	60692	1	0	0	0	0	1	0	0	0	0	0
C	Marios	23	108	5	1	32____	60710	1	0	0	0	0	0	0	0	0	1	0
C	Marios	23	108	5	1	32____	61500	1	2	0	0	0	0	0	0	0	0	0
C	Marios	23	108	5	1	32____	61700	2	0	0	0	0	1	0	0	0	0	0
C	Marios	23	108	5	1	32____	61773	2	0	0	0	0	0	0	0	0	1	0
C	Marios	23	108	5	1	32____	61840	2	0	0	0	0	1	0	0	0	0	0
C	Marios	23	108	5	1	32____	61878	2	0	0	0	0	0	0	0	0	1	0
C	Marios	23	108	5	1	32____	62000	2	16	0	0	0	0	0	0	0	0	0
C	Marios	23	108	5	1	32____	62500	16	15	0	0	0	0	0	0	0	0	0
C	Marios	23	108	5	1	32____	62657	15	0	0	0	0	1	0	0	0	0	0
C	Marios	23	108	5	1	32____	62676	15	0	0	0	0	0	0	0	0	1	0
C	Marios	23	108	5	1	32____	63000	15	1	0	0	0	0	0	0	0	0	0
C	Marios	23	108	5	1	32____	64087	1	0	0	0	0	1	0	0	0	0	0
C	Marios	23	108	5	1	32____	64096	1	0	0	0	0	0	0	0	0	1	0
C	Marios	23	108	5	1	32____	64108	1	0	0	0	0	1	0	0	0	0	0
C	Marios	23	108	5	1	32____	64123	1	0	0	0	0	0	0	0	0	1	0
C	Marios	23	108	5	1	32____	64500	1	2	0	0	0	0	0	0	0	0	0
C	Marios	23	108	5	1	32____	65000	2	17	0	0	0	0	0	0	0	0	0
C	Marios	23	108	5	1	32____	65500	17	15	0	0	0	0	0	0	0	0	0
C	Marios	23	108	5	1	32____	65551	15	0	0	0	0	1	0	0	0	0	0
C	Marios	23	108	5	1	32____	65608	15	0	0	0	0	0	0	0	0	1	0
C	Marios	23	108	5	1	32____	66000	15	1	0	0	0	0	0	0	0	0	0
C	Marios	23	108	5	1	32____	66226	1	0	0	0	0	1	0	0	0	0	0
C	Marios	23	108	5	1	32____	66233	1	0	0	0	0	0	0	0	0	1	0
C	Marios	23	108	5	1	32____	66236	1	0	0	0	0	1	0	0	0	0	0
C	Marios	23	108	5	1	32____	66259	1	0	0	0	0	0	0	0	0	1	0
C	Marios	23	108	5	1	32____	66262	1	0	0	0	0	1	0	0	0	0	0
C	Marios	23	108	5	1	32____	66271	1	0	0	0	0	0	0	0	0	1	0
C	Marios	23	108	5	1	32____	66720	1	0	0	0	0	1	0	0	0	0	0
C	Marios	23	108	5	1	32____	66760	1	0	0	0	0	0	0	0	0	1	0
C	Marios	23	108	5	1	32____	67456	1	0	0	0	0	1	0	0	0	0	0
C	Marios	23	108	5	1	32____	67564	1	0	0	0	0	0	0	0	0	1	0
C	Marios	23	108	5	1	32____	67578	1	0	0	0	0	1	0	0	0	0	0
C	Marios	23	108	5	1	32____	67602	1	0	0	0	0	0	0	0	0	1	0
C	Marios	23	108	5	1	32____	67691	1	0	0	0	0	1	0	0	0	0	0
C	Marios	23	108	5	1	32____	67844	1	0	0	0	0	0	0	0	0	1	0
C	Marios	23	108	5	1	32____	67993	1	0	0	0	0	1	0	0	0	0	0
C	Marios	23	108	5	1	32____	68099	1	0	0	0	0	0	0	0	0	1	0
C	Marios	23	108	5	1	32____	68206	1	0	0	0	0	1	0	0	0	0	0
C	Marios	23	108	5	1	32____	68233	1	0	0	0	0	0	0	0	0	1	0
C	Marios	23	108	5	1	32____	68652	1	0	0	0	0	1	0	0	0	0	0
C	Marios	23	108	5	1	32____	68717	1	0	0	0	0	1	0	0	0	1	0
C	Marios	23	108	5	1	32____	68719	1	0	0	0	0	0	0	0	0	1	0
C	Marios	23	108	5	1	32____	69358	1	0	0	0	0	1	0	0	0	0	0
C	Marios	23	108	5	1	32____	69518	1	0	0	0	0	0	0	0	0	1	0
C	Marios	23	108	5	1	32____	69957	1	0	0	0	0	1	0	0	0	0	0
C	Marios	23	108	5	1	32____	69964	1	0	0	0	0	0	0	0	0	1	0
C	Marios	23	108	5	1	32____	70039	1	0	0	0	0	1	0	0	0	0	0
C	Marios	23	108	5	1	32____	70041	1	0	0	0	0	1	0	0	0	1	0
C	Marios	23	108	5	1	32____	70114	1	0	0	0	0	0	0	0	0	1	0
C	Marios	23	108	5	1	32____	70500	1	2	0	0	0	0	0	0	0	0	0
C	Marios	23	108	5	1	32____	71000	2	6	0	0	0	0	0	0	0	0	0
C	Marios	23	108	5	1	32____	71077	6	0	0	0	0	1	0	0	0	0	0
C	Marios	23	108	5	1	32____	71185	6	0	0	0	0	0	0	0	0	1	0
C	Marios	23	108	5	1	32____	71193	6	0	0	0	0	1	0	0	0	0	0
C	Marios	23	108	5	1	32____	71260	6	0	0	0	0	0	0	0	0	1	0
C	Marios	23	108	5	1	32____	71278	6	0	0	0	0	1	0	0	0	0	0
C	Marios	23	108	5	1	32____	71338	6	0	0	0	0	0	0	0	0	1	0
C	Marios	23	108	5	1	32____	71363	6	0	0	0	0	1	0	0	0	0	0
C	Marios	23	108	5	1	32____	71385	6	0	0	0	0	0	0	0	0	1	0
C	Marios	23	108	5	1	32____	71395	6	0	0	0	0	1	0	0	0	0	0
C	Marios	23	108	5	1	32____	71500	6	11	0	0	0	0	0	0	0	0	0
C	Marios	23	108	5	1	32____	71901	11	0	0	0	0	0	0	0	0	1	0
C	Marios	23	108	5	1	32____	72000	11	1	0	0	0	0	0	0	0	0	0
C	Marios	23	108	5	1	32____	72722	1	0	0	0	0	1	0	0	0	0	0
C	Marios	23	108	5	1	32____	72770	1	0	0	0	0	0	0	0	0	1	0
C	Marios	23	108	5	1	32____	73342	1	0	0	0	0	1	0	0	0	0	0
C	Marios	23	108	5	1	32____	73437	1	0	0	0	0	0	0	0	0	1	0
C	Marios	23	108	5	1	32____	74527	1	0	0	0	0	1	0	0	0	0	0
C	Marios	23	108	5	1	32____	74937	1	0	0	0	0	0	0	0	0	1	0
C	Marios	23	108	5	1	32____	75071	1	0	0	0	0	1	0	0	0	0	0
C	Marios	23	108	5	1	32____	75245	1	0	0	0	0	0	0	0	0	1	0
C	Marios	23	108	5	1	32____	76500	1	2	0	0	0	0	0	0	0	0	0
C	Marios	23	108	5	1	32____	76519	2	0	0	0	0	1	0	0	0	0	0
C	Marios	23	108	5	1	32____	76586	2	0	0	0	0	0	0	0	0	1	0
C	Marios	23	108	5	1	32____	76841	2	0	0	0	0	1	0	0	0	0	0
C	Marios	23	108	5	1	32____	76951	2	0	0	0	0	0	0	0	0	1	0
C	Marios	23	108	5	1	32____	77000	2	17	0	0	0	0	0	0	0	0	0
C	Marios	23	108	5	1	32____	77500	17	15	0	0	0	0	0	0	0	0	0
C	Marios	23	108	5	1	32____	78000	15	1	0	0	0	0	0	0	0	0	0
C	Marios	23	108	5	1	32____	78063	1	0	0	0	0	1	0	0	0	0	0
C	Marios	23	108	5	1	32____	78078	1	0	0	0	0	0	0	0	0	1	0
C	Marios	23	108	5	1	32____	79194	1	0	0	0	0	1	0	0	0	0	0
C	Marios	23	108	5	1	32____	79290	1	0	0	0	0	0	0	0	0	1	0
C	Marios	23	108	5	1	32____	79575	1	0	0	0	0	1	0	0	0	0	0
C	Marios	23	108	5	1	32____	79654	1	0	0	0	0	0	0	0	0	1	0
C	Marios	23	108	5	1	32____	79709	1	0	0	0	0	1	0	0	0	0	0
C	Marios	23	108	5	1	32____	79830	1	0	0	0	0	0	0	0	0	1	0
C	Marios	23	108	5	1	32____	80250	1	2	0	0	0	0	0	0	0	0	0
C	Marios	23	108	5	1	32____	80332	2	0	0	0	0	1	0	0	0	0	0
C	Marios	23	108	5	1	32____	80410	2	0	0	0	0	0	0	0	0	1	0
C	Marios	23	108	5	1	32____	80750	2	6	0	0	0	0	0	0	0	0	0
C	Marios	23	108	5	1	32____	80799	6	0	0	0	0	1	0	0	0	0	0
C	Marios	23	108	5	1	32____	80802	6	0	0	0	0	0	0	0	0	1	0
C	Marios	23	108	5	1	32____	80846	6	0	0	0	0	1	0	0	0	0	0
C	Marios	23	108	5	1	32____	80863	6	0	0	0	0	0	0	0	0	1	0
C	Marios	23	108	5	1	32____	80891	6	0	0	0	0	1	0	0	0	0	0
C	Marios	23	108	5	1	32____	81088	6	0	0	0	0	0	0	0	0	1	0
C	Marios	23	108	5	1	32____	81123	6	0	0	0	0	1	0	0	0	0	0
C	Marios	23	108	5	1	32____	81214	6	0	0	0	0	0	0	0	0	1	0
C	Marios	23	108	5	1	32____	81250	6	11	0	0	0	0	0	0	0	0	0
C	Marios	23	108	5	1	32____	81263	11	0	0	0	0	1	0	0	0	0	0
C	Marios	23	108	5	1	32____	81603	11	0	0	0	0	0	0	0	0	1	0
C	Marios	23	108	5	1	32____	81606	11	0	0	0	0	1	0	0	0	0	0
C	Marios	23	108	5	1	32____	81611	11	0	0	0	0	0	0	0	0	1	0
C	Marios	23	108	5	1	32____	81614	11	0	0	0	0	1	0	0	0	0	0
C	Marios	23	108	5	1	32____	81619	11	0	0	0	0	0	0	0	0	1	0
C	Marios	23	108	5	1	32____	81620	11	0	0	0	0	1	0	0	0	0	0
C	Marios	23	108	5	1	32____	81632	11	0	0	0	0	0	0	0	0	1	0
C	Marios	23	108	5	1	32____	81634	11	0	0	0	0	1	0	0	0	0	0
C	Marios	23	108	5	1	32____	81636	11	0	0	0	0	0	0	0	0	1	0
C	Marios	23	108	5	1	32____	81750	11	1	0	0	0	0	0	0	0	0	0
C	Marios	23	108	5	1	32____	82330	1	0	0	0	0	1	0	0	0	0	0
C	Marios	23	108	5	1	32____	82782	1	0	0	0	0	0	0	0	0	1	0
C	Marios	23	108	5	1	32____	83853	1	0	0	0	0	1	0	0	0	0	0
C	Marios	23	108	5	1	32____	83900	1	0	0	0	0	0	0	0	0	1	0
C	Marios	23	108	5	1	32____	84604	1	0	0	0	0	1	0	0	0	0	0
C	Marios	23	108	5	1	32____	84619	1	0	0	0	0	0	0	0	0	1	0
C	Marios	23	108	5	1	32____	84671	1	0	0	0	0	1	0	0	0	0	0
C	Marios	23	108	5	1	32____	84717	1	0	0	0	0	0	0	0	0	1	0
C	Marios	23	108	5	1	32____	85849	1	0	0	0	0	1	0	0	0	0	0
C	Marios	23	108	5	1	32____	85868	1	0	0	0	0	0	0	0	0	1	0
C	Marios	23	108	5	1	32____	87295	1	0	0	0	0	1	0	0	0	0	0
C	Marios	23	108	5	1	32____	87351	1	0	0	0	0	0	0	0	0	1	0
C	Marios	23	108	5	1	32____	87750	1	2	0	0	0	0	0	0	0	0	0
C	Marios	23	108	5	1	32____	88250	2	16	0	0	0	0	0	0	0	0	0
C	Marios	23	108	5	1	32____	88397	16	0	0	0	0	1	0	0	0	0	0
C	Marios	23	108	5	1	32____	88413	16	0	0	0	0	0	0	0	0	1	0
C	Marios	23	108	5	1	32____	88463	16	0	0	0	0	1	0	0	0	0	0
C	Marios	23	108	5	1	32____	88516	16	0	0	0	0	0	0	0	0	1	0
C	Marios	23	108	5	1	32____	88750	16	15	0	0	0	0	0	0	0	0	0
C	Marios	23	108	5	1	32____	89116	15	0	0	0	0	1	0	0	0	0	0
C	Marios	23	108	5	1	32____	89153	15	0	0	0	0	0	0	0	0	1	0
C	Marios	23	108	5	1	32____	89250	15	1	0	0	0	0	0	0	0	0	0
C	Marios	23	108	5	1	32____	89897	1	0	0	0	0	1	0	0	0	0	0
C	Marios	23	108	5	1	32____	90000	1	0	0	0	0	0	0	0	0	1	0
C	Marios	23	108	5	1	32____	90837	1	0	0	0	0	1	0	0	0	0	0
C	Marios	23	108	5	1	32____	90944	1	0	0	0	0	0	0	0	0	1	0
C	Marios	23	108	5	1	32____	91771	1	0	0	0	0	1	0	0	0	0	0
C	Marios	23	108	5	1	32____	91799	1	0	0	0	0	0	0	0	0	1	0
C	Marios	23	108	5	1	32____	92385	1	0	0	0	0	1	0	0	0	0	0
C	Marios	23	108	5	1	32____	92490	1	0	0	0	0	0	0	0	0	1	0
C	Marios	23	108	5	1	32____	93191	1	0	0	0	0	1	0	0	0	0	0
C	Marios	23	108	5	1	32____	93285	1	0	0	0	0	0	0	0	0	1	0
C	Marios	23	108	5	1	32____	93828	1	0	0	0	0	1	0	0	0	0	0
C	Marios	23	108	5	1	32____	94073	1	0	0	0	0	0	0	0	0	1	0
C	Marios	23	108	5	1	32____	94452	1	0	0	0	0	1	0	0	0	0	0
C	Marios	23	108	5	1	32____	94635	1	0	0	0	0	0	0	0	0	1	0
C	Marios	23	108	5	1	32____	94656	1	0	0	0	0	1	0	0	0	0	0
C	Marios	23	108	5	1	32____	94664	1	0	0	0	0	0	0	0	0	1	0
C	Marios	23	108	5	1	32____	94665	1	0	0	0	0	1	0	0	0	0	0
C	Marios	23	108	5	1	32____	94668	1	0	0	0	0	0	0	0	0	1	0
C	Marios	23	108	5	1	32____	94702	1	0	0	0	0	1	0	0	0	0	0
C	Marios	23	108	5	1	32____	94708	1	0	0	0	0	0	0	0	0	1	0
C	Marios	23	108	5	1	32____	94709	1	0	0	0	0	1	0	0	0	0	0
C	Marios	23	108	5	1	32____	94712	1	0	0	0	0	0	0	0	0	1	0
C	Marios	23	108	5	1	32____	94734	1	0	0	0	0	1	0	0	0	0	0
C	Marios	23	108	5	1	32____	94740	1	0	0	0	0	0	0	0	0	1	0
C	Marios	23	108	5	1	32____	94750	1	2	0	0	0	0	0	0	0	0	0
C	Marios	23	108	5	1	32____	94781	2	0	0	0	0	1	0	0	0	0	0
C	Marios	23	108	5	1	32____	94786	2	0	0	0	0	0	0	0	0	1	0
C	Marios	23	108	5	1	32____	94805	2	0	0	0	0	1	0	0	0	0	0
C	Marios	23	108	5	1	32____	94807	2	0	0	0	0	0	0	0	0	1	0
C	Marios	23	108	5	1	32____	94912	2	0	0	0	0	1	0	0	0	0	0
C	Marios	23	108	5	1	32____	94923	2	0	0	0	0	0	0	0	0	1	0
C	Marios	23	108	5	1	32____	95083	2	0	0	0	0	1	0	0	0	0	0
C	Marios	23	108	5	1	32____	95107	2	0	0	0	0	0	0	0	0	1	0
C	Marios	23	108	5	1	32____	95130	2	0	0	0	0	1	0	0	0	0	0
C	Marios	23	108	5	1	32____	95165	2	0	0	0	0	0	0	0	0	1	0
C	Marios	23	108	5	1	32____	95250	2	7	0	0	0	0	0	0	0	0	0
C	Marios	23	108	5	1	32____	95441	7	0	0	0	0	1	0	0	0	0	0
C	Marios	23	108	5	1	32____	95451	7	0	0	0	0	0	0	0	0	1	0
C	Marios	23	108	5	1	32____	95514	7	0	0	0	0	1	0	0	0	0	0
C	Marios	23	108	5	1	32____	95585	7	0	0	0	0	0	0	0	0	1	0
C	Marios	23	108	5	1	32____	95616	7	0	0	0	0	1	0	0	0	0	0
C	Marios	23	108	5	1	32____	95648	7	0	0	0	0	0	0	0	0	1	0
C	Marios	23	108	5	1	32____	95704	7	0	0	0	0	1	0	0	0	0	0
C	Marios	23	108	5	1	32____	95750	7	10	0	0	0	0	0	0	0	0	0
C	Marios	23	108	5	1	32____	96086	10	0	0	0	0	0	0	0	0	1	0
C	Marios	23	108	5	1	32____	96159	10	0	0	0	0	1	0	0	0	0	0
C	Marios	23	108	5	1	32____	96250	10	1	0	0	0	0	0	0	0	0	0
C	Marios	23	108	5	1	32____	96337	1	0	0	0	0	0	0	0	0	1	0
C	Marios	23	108	5	1	32____	96720	1	0	0	0	0	1	0	0	0	0	0
C	Marios	23	108	5	1	32____	96738	1	0	0	0	0	0	0	0	0	1	0
C	Marios	23	108	5	1	32____	96748	1	0	0	0	0	1	0	0	0	0	0
C	Marios	23	108	5	1	32____	96768	1	0	0	0	0	0	0	0	0	1	0
C	Marios	23	108	5	1	32____	96776	1	0	0	0	0	1	0	0	0	0	0
C	Marios	23	108	5	1	32____	96804	1	0	0	0	0	0	0	0	0	1	0
C	Marios	23	108	5	1	32____	98143	1	0	0	0	0	1	0	0	0	0	0
C	Marios	23	108	5	1	32____	98164	1	0	0	0	0	0	0	0	0	1	0
C	Marios	23	108	5	1	32____	98185	1	0	0	0	0	1	0	0	0	0	0
C	Marios	23	108	5	1	32____	98192	1	0	0	0	0	0	0	0	0	1	0
C	Marios	23	108	5	1	32____	98197	1	0	0	0	0	1	0	0	0	0	0
C	Marios	23	108	5	1	32____	98206	1	0	0	0	0	0	0	0	0	1	0
C	Marios	23	108	5	1	32____	98247	1	0	0	0	0	1	0	0	0	0	0
C	Marios	23	108	5	1	32____	98249	1	0	0	0	0	0	0	0	0	1	0
C	Marios	23	108	5	1	32____	98264	1	0	0	0	0	1	0	0	0	0	0
C	Marios	23	108	5	1	32____	98274	1	0	0	0	0	0	0	0	0	1	0
C	Marios	23	108	5	1	32____	98281	1	0	0	0	0	1	0	0	0	0	0
C	Marios	23	108	5	1	32____	98295	1	0	0	0	0	0	0	0	0	1	0
C	Marios	23	108	5	1	32____	98315	1	0	0	0	0	1	0	0	0	0	0
C	Marios	23	108	5	1	32____	98318	1	0	0	0	0	0	0	0	0	1	0
C	Marios	23	108	5	1	32____	98628	1	0	0	0	0	1	0	0	0	0	0
C	Marios	23	108	5	1	32____	98634	1	0	0	0	0	0	0	0	0	1	0
C	Marios	23	108	5	1	32____	98745	1	0	0	0	0	1	0	0	0	0	0
C	Marios	23	108	5	1	32____	98747	1	0	0	0	0	0	0	0	0	1	0
C	Marios	23	108	5	1	32____	98823	1	0	0	0	0	1	0	0	0	0	0
C	Marios	23	108	5	1	32____	98904	1	0	0	0	0	0	0	0	0	1	0
C	Marios	23	108	5	1	32____	98913	1	0	0	0	0	1	0	0	0	0	0
C	Marios	23	108	5	1	32____	98920	1	0	0	0	0	0	0	0	0	1	0
C	Marios	23	108	5	1	32____	100750	1	2	0	0	0	0	0	0	0	0	0
C	Marios	23	108	5	1	32____	101203	2	0	0	0	0	1	0	0	0	0	0
C	Marios	23	108	5	1	32____	101236	2	0	0	0	0	0	0	0	0	1	0
C	Marios	23	108	5	1	32____	101250	2	16	0	0	0	0	0	0	0	0	0
C	Marios	23	108	5	1	32____	101305	16	0	0	0	0	1	0	0	0	0	0
C	Marios	23	108	5	1	32____	101341	16	0	0	0	0	0	0	0	0	1	0
C	Marios	23	108	5	1	32____	101750	16	15	0	0	0	0	0	0	0	0	0
C	Marios	23	108	5	1	32____	102250	15	1	0	0	0	0	0	0	0	0	0
C	Marios	23	108	5	1	32____	102296	1	0	0	0	0	1	0	0	0	0	0
C	Marios	23	108	5	1	32____	102381	1	0	0	0	0	0	0	0	0	1	0
C	Marios	23	108	5	1	32____	102713	1	0	0	0	0	1	0	0	0	0	0
C	Marios	23	108	5	1	32____	102720	1	0	0	0	0	0	0	0	0	1	0
C	Marios	23	108	5	1	32____	102761	1	0	0	0	0	1	0	0	0	0	0
C	Marios	23	108	5	1	32____	102773	1	0	0	0	0	0	0	0	0	1	0
C	Marios	23	108	5	1	32____	104446	1	0	0	0	0	1	0	0	0	0	0
C	Marios	23	108	5	1	32____	104511	1	0	0	0	0	0	0	0	0	1	0
C	Marios	23	108	5	1	32____	106379	1	0	0	0	0	1	0	0	0	0	0
C	Marios	23	108	5	1	32____	106404	1	0	0	0	0	0	0	0	0	1	0
C	Marios	23	108	5	1	32____	106534	1	0	0	0	0	1	0	0	0	0	0
C	Marios	23	108	5	1	32____	106597	1	0	0	0	0	0	0	0	0	1	0
C	Marios	23	108	5	1	32____	106706	1	0	0	0	0	1	0	0	0	0	0
C	Marios	23	108	5	1	32____	106732	1	0	0	0	0	0	0	0	0	1	0
C	Marios	23	108	5	1	32____	106756	1	0	0	0	0	1	0	0	0	0	0
C	Marios	23	108	5	1	32____	106802	1	0	0	0	0	0	0	0	0	1	0
C	Marios	23	108	5	1	32____	109000	1	2	0	0	0	0	0	0	0	0	0
C	Marios	23	108	5	1	32____	109500	2	17	0	0	0	0	0	0	0	0	0
C	Marios	23	108	5	1	32____	110000	17	15	0	0	0	0	0	0	0	0	0
C	Marios	23	108	5	1	32____	110234	15	0	0	0	0	1	0	0	0	0	0
C	Marios	23	108	5	1	32____	110267	15	0	0	0	0	0	0	0	0	1	0
C	Marios	23	108	5	1	32____	110281	15	0	0	0	0	1	0	0	0	0	0
C	Marios	23	108	5	1	32____	110288	15	0	0	0	0	0	0	0	0	1	0
C	Marios	23	108	5	1	32____	110500	15	1	0	0	0	0	0	0	0	0	0
C	Marios	23	108	5	1	32____	112890	1	0	0	0	0	1	0	0	0	0	0
C	Marios	23	108	5	1	32____	112911	1	0	0	0	0	0	0	0	0	1	0
C	Marios	23	108	5	1	32____	114000	1	2	0	0	0	0	0	0	0	0	0
C	Marios	23	108	5	1	32____	114205	2	0	0	0	0	1	0	0	0	0	0
C	Marios	23	108	5	1	32____	114268	2	0	0	0	0	0	0	0	0	1	0
C	Marios	23	108	5	1	32____	114500	2	16	0	0	0	0	0	0	0	0	0
C	Marios	23	108	5	1	32____	115000	16	15	0	0	0	0	0	0	0	0	0
C	Marios	23	108	5	1	32____	115500	15	1	0	0	0	0	0	0	0	0	0
C	Marios	23	108	5	1	32____	116618	1	0	0	0	0	1	0	0	0	0	0
C	Marios	23	108	5	1	32____	116676	1	0	0	0	0	0	0	0	0	1	0
C	Marios	23	108	5	1	32____	117520	1	0	0	0	0	1	0	0	0	0	0
C	Marios	23	108	5	1	32____	117579	1	0	0	0	0	0	0	0	0	1	0
C	Marios	23	108	5	1	32____	117584	1	0	0	0	0	1	0	0	0	0	0
C	Marios	23	108	5	1	32____	117616	1	0	0	0	0	1	0	0	0	1	0
C	Marios	23	108	5	1	32____	117617	1	0	0	0	0	0	0	0	0	1	0
C	Marios	23	108	5	1	32____	118500	1	2	0	0	0	0	0	0	0	0	0
C	Marios	23	108	5	1	32____	119000	2	16	0	0	0	0	0	0	0	0	0
C	Marios	23	108	5	1	32____	119424	16	0	0	0	0	1	0	0	0	0	0
C	Marios	23	108	5	1	32____	119500	16	15	0	0	0	0	0	0	0	0	0
C	Marios	23	108	5	1	32____	119598	15	0	0	0	0	0	0	0	0	1	0
C	Marios	23	108	5	1	32____	119647	15	0	0	0	0	1	0	0	0	0	0
C	Marios	23	108	5	1	32____	119676	15	0	0	0	0	0	0	0	0	1	0
C	Marios	23	108	5	1	32____	119741	15	0	0	0	0	1	0	0	0	0	0
C	Marios	23	108	5	1	32____	119996	15	0	0	0	0	0	0	0	0	1	0
C	Marios	23	108	5	1	32____	120000	15	1	0	0	0	0	0	0	0	0	0
C	Marios	23	108	5	1	32____	120074	1	0	0	0	0	1	0	0	0	0	0
C	Marios	23	108	5	1	32____	120077	1	0	0	0	0	1	0	0	0	1	0
C	Marios	23	108	5	1	32____	120079	1	0	0	0	0	0	0	0	0	1	0
C	Marios	23	108	5	1	32____	120180	1	0	0	0	0	1	0	0	0	0	0
C	Marios	23	108	5	1	32____	120193	1	0	0	0	0	0	0	0	0	1	0
C	Marios	23	108	5	1	32____	120237	1	0	0	0	0	1	0	0	0	0	0
C	Marios	23	108	5	1	32____	120251	1	0	0	0	0	0	0	0	0	1	0
C	Marios	23	108	5	1	32____	120851	1	0	0	0	0	1	0	0	0	0	0
C	Marios	23	108	5	1	32____	120947	1	0	0	0	0	0	0	0	0	1	0
C	Marios	23	108	5	1	32____	121500	1	2	0	0	0	0	0	0	0	0	0
C	Marios	23	108	5	1	32____	121770	2	0	0	0	0	1	0	0	0	0	0
C	Marios	23	108	5	1	32____	121840	2	0	0	0	0	0	0	0	0	1	0
C	Marios	23	108	5	1	32____	121843	2	0	0	0	0	1	0	0	0	0	0
C	Marios	23	108	5	1	32____	121941	2	0	0	0	0	0	0	0	0	1	0
C	Marios	23	108	5	1	32____	122000	2	17	0	0	0	0	0	0	0	0	0
C	Marios	23	108	5	1	32____	122109	17	0	0	0	0	1	0	0	0	0	0
C	Marios	23	108	5	1	32____	122114	17	0	0	0	0	0	0	0	0	1	0
C	Marios	23	108	5	1	32____	122500	17	15	0	0	0	0	0	0	0	0	0
C	Marios	23	108	5	1	32____	122583	15	0	0	0	0	1	0	0	0	0	0
C	Marios	23	108	5	1	32____	122700	15	0	0	0	0	0	0	0	0	1	0
C	Marios	23	108	5	1	32____	123000	15	1	0	0	0	0	0	0	0	0	0
C	Marios	23	108	5	1	32____	123343	1	0	0	0	0	1	0	0	0	0	0
C	Marios	23	108	5	1	32____	123406	1	0	0	0	0	0	0	0	0	1	0
C	Marios	23	108	5	1	32____	123834	1	0	0	0	0	1	0	0	0	0	0
C	Marios	23	108	5	1	32____	123912	1	0	0	0	0	0	0	0	0	1	0
C	Marios	23	108	5	1	32____	124116	1	0	0	0	0	1	0	0	0	0	0
C	Marios	23	108	5	1	32____	124475	1	0	0	0	0	0	0	0	0	1	0
C	Marios	23	108	5	1	32____	124556	1	0	0	0	0	1	0	0	0	0	0
C	Marios	23	108	5	1	32____	124582	1	0	0	0	0	0	0	0	0	1	0
C	Marios	23	108	5	1	32____	124729	1	0	0	0	0	1	0	0	0	0	0
C	Marios	23	108	5	1	32____	124953	1	0	0	0	0	0	0	0	0	1	0
C	Marios	23	108	5	1	32____	124969	1	0	0	0	0	1	0	0	0	0	0
C	Marios	23	108	5	1	32____	125038	1	0	0	0	0	0	0	0	0	1	0
C	Marios	23	108	5	1	32____	125981	1	0	0	0	0	1	0	0	0	0	0
C	Marios	23	108	5	1	32____	126039	1	0	0	0	0	0	0	0	0	1	0
C	Marios	23	108	5	1	32____	127221	1	0	0	0	0	1	0	0	0	0	0
C	Marios	23	108	5	1	32____	127236	1	0	0	0	0	0	0	0	0	1	0
C	Marios	23	108	5	1	32____	127369	1	0	0	0	0	1	0	0	0	0	0
C	Marios	23	108	5	1	32____	127404	1	0	0	0	0	0	0	0	0	1	0
C	Marios	23	108	5	1	32____	128410	1	0	0	0	0	1	0	0	0	0	0
C	Marios	23	108	5	1	32____	128464	1	0	0	0	0	0	0	0	0	1	0
C	Marios	23	108	5	1	32____	130314	1	0	0	0	0	1	0	0	0	0	0
C	Marios	23	108	5	1	32____	130318	1	0	0	0	0	0	0	0	0	1	0
C	Marios	23	108	5	1	32____	130500	1	2	0	0	0	0	0	0	0	0	0
C	Marios	23	108	5	1	32____	131000	2	17	0	0	0	0	0	0	0	0	0
C	Marios	23	108	5	1	32____	131500	17	15	0	0	0	0	0	0	0	0	0
C	Marios	23	108	5	1	32____	131916	15	0	0	0	0	1	0	0	0	0	0
C	Marios	23	108	5	1	32____	131998	15	0	0	0	0	0	0	0	0	1	0
C	Marios	23	108	5	1	32____	132000	15	1	0	0	0	0	0	0	0	0	0
C	Marios	23	108	5	1	32____	133742	1	0	0	0	0	1	0	0	0	0	0
C	Marios	23	108	5	1	32____	134018	1	0	0	0	0	0	0	0	0	1	0
C	Marios	23	108	5	1	32____	135750	1	2	0	0	0	0	0	0	0	0	0
C	Marios	23	108	5	1	32____	136250	2	6	0	0	0	0	0	0	0	0	0
C	Marios	23	108	5	1	32____	136416	6	0	0	0	0	1	0	0	0	0	0
C	Marios	23	108	5	1	32____	136646	6	0	0	0	0	0	0	0	0	1	0
C	Marios	23	108	5	1	32____	136661	6	0	0	0	0	1	0	0	0	0	0
C	Marios	23	108	5	1	32____	136739	6	0	0	0	0	0	0	0	0	1	0
C	Marios	23	108	5	1	32____	136750	6	11	0	0	0	0	0	0	0	0	0
C	Marios	23	108	5	1	32____	136763	11	0	0	0	0	1	0	0	0	0	0
C	Marios	23	108	5	1	32____	137153	11	0	0	0	0	0	0	0	0	1	0
C	Marios	23	108	5	1	32____	137181	11	0	0	0	0	1	0	0	0	0	0
C	Marios	23	108	5	1	32____	137184	11	0	0	0	0	0	0	0	0	1	0
C	Marios	23	108	5	1	32____	137188	11	0	0	0	0	1	0	0	0	0	0
C	Marios	23	108	5	1	32____	137190	11	0	0	0	0	0	0	0	0	1	0
C	Marios	23	108	5	1	32____	137202	11	0	0	0	0	1	0	0	0	0	0
C	Marios	23	108	5	1	32____	137206	11	0	0	0	0	0	0	0	0	1	0
C	Marios	23	108	5	1	32____	137207	11	0	0	0	0	1	0	0	0	0	0
C	Marios	23	108	5	1	32____	137214	11	0	0	0	0	0	0	0	0	1	0
C	Marios	23	108	5	1	32____	137215	11	0	0	0	0	1	0	0	0	0	0
C	Marios	23	108	5	1	32____	137224	11	0	0	0	0	0	0	0	0	1	0
C	Marios	23	108	5	1	32____	137230	11	0	0	0	0	1	0	0	0	0	0
C	Marios	23	108	5	1	32____	137232	11	0	0	0	0	0	0	0	0	1	0
C	Marios	23	108	5	1	32____	137241	11	0	0	0	0	1	0	0	0	0	0
C	Marios	23	108	5	1	32____	137250	11	1	0	0	0	0	0	0	0	0	0
C	Marios	23	108	5	1	32____	137276	1	0	0	0	0	0	0	0	0	1	0
C	Marios	23	108	5	1	32____	137277	1	0	0	0	0	1	0	0	0	0	0
C	Marios	23	108	5	1	32____	137285	1	0	0	0	0	0	0	0	0	1	0
C	Marios	23	108	5	1	32____	137311	1	0	0	0	0	1	0	0	0	0	0
C	Marios	23	108	5	1	32____	137318	1	0	0	0	0	0	0	0	0	1	0
C	Marios	23	108	5	1	32____	138448	1	0	0	0	0	1	0	0	0	0	0
C	Marios	23	108	5	1	32____	138766	1	0	0	0	0	1	0	0	0	1	0
C	Marios	23	108	5	1	32____	138788	1	0	0	0	0	0	0	0	0	1	0
C	Marios	23	108	5	1	32____	138794	1	0	0	0	0	1	0	0	0	0	0
C	Marios	23	108	5	1	32____	138801	1	0	0	0	0	0	0	0	0	1	0
C	Marios	23	108	5	1	32____	138811	1	0	0	0	0	1	0	0	0	0	0
C	Marios	23	108	5	1	32____	138814	1	0	0	0	0	0	0	0	0	1	0
C	Marios	23	108	5	1	32____	138819	1	0	0	0	0	1	0	0	0	0	0
C	Marios	23	108	5	1	32____	138846	1	0	0	0	0	1	0	0	0	1	0
C	Marios	23	108	5	1	32____	138947	1	0	0	0	0	0	0	0	0	1	0
C	Marios	23	108	5	1	32____	140395	1	0	0	0	0	1	0	0	0	0	0
C	Marios	23	108	5	1	32____	140519	1	0	0	0	0	0	0	0	0	1	0
C	Marios	23	108	5	1	32____	141105	1	0	0	0	0	1	0	0	0	0	0
C	Marios	23	108	5	1	32____	141109	1	0	0	0	0	0	0	0	0	1	0
C	Marios	23	108	5	1	32____	141119	1	0	0	0	0	1	0	0	0	0	0
C	Marios	23	108	5	1	32____	141125	1	0	0	0	0	0	0	0	0	1	0
C	Marios	23	108	5	1	32____	141139	1	0	0	0	0	1	0	0	0	0	0
C	Marios	23	108	5	1	32____	141165	1	0	0	0	0	0	0	0	0	1	0
C	Marios	23	108	5	1	32____	141169	1	0	0	0	0	1	0	0	0	0	0
C	Marios	23	108	5	1	32____	141200	1	0	0	0	0	0	0	0	0	1	0
C	Marios	23	108	5	1	32____	141205	1	0	0	0	0	1	0	0	0	0	0
C	Marios	23	108	5	1	32____	141207	1	0	0	0	0	0	0	0	0	1	0
C	Marios	23	108	5	1	32____	141212	1	0	0	0	0	1	0	0	0	0	0
C	Marios	23	108	5	1	32____	141215	1	0	0	0	0	0	0	0	0	1	0
C	Marios	23	108	5	1	32____	141216	1	0	0	0	0	1	0	0	0	0	0
C	Marios	23	108	5	1	32____	141274	1	0	0	0	0	0	0	0	0	1	0
C	Marios	23	108	5	1	32____	141630	1	0	0	0	0	1	0	0	0	0	0
C	Marios	23	108	5	1	32____	141737	1	0	0	0	0	0	0	0	0	1	0
C	Marios	23	108	5	1	32____	142500	1	2	0	0	0	0	0	0	0	0	0
C	Marios	23	108	5	1	32____	143000	2	7	0	0	0	0	0	0	0	0	0
C	Marios	23	108	5	1	32____	143368	7	0	0	0	0	1	0	0	0	0	0
C	Marios	23	108	5	1	32____	143379	7	0	0	0	0	0	0	0	0	1	0
C	Marios	23	108	5	1	32____	143500	7	10	0	0	0	0	0	0	0	0	0
C	Marios	23	108	5	1	32____	143514	10	0	0	0	0	1	0	0	0	0	0
C	Marios	23	108	5	1	32____	143923	10	0	0	0	0	0	0	0	0	1	0
C	Marios	23	108	5	1	32____	143930	10	0	0	0	0	1	0	0	0	0	0
C	Marios	23	108	5	1	32____	143935	10	0	0	0	0	0	0	0	0	1	0
C	Marios	23	108	5	1	32____	143939	10	0	0	0	0	1	0	0	0	0	0
C	Marios	23	108	5	1	32____	143965	10	0	0	0	0	0	0	0	0	1	0
C	Marios	23	108	5	1	32____	144000	10	14	0	0	0	0	0	0	0	0	0
C	Marios	23	108	5	1	32____	144225	14	0	0	0	0	1	0	0	0	0	0
C	Marios	23	108	5	1	32____	144241	14	0	0	0	0	0	0	0	0	1	0
C	Marios	23	108	5	1	32____	145394	14	0	0	0	0	1	0	0	0	0	0
C	Marios	23	108	5	1	32____	145407	14	0	0	0	0	0	0	0	0	1	0
C	Marios	23	108	5	1	32____	145434	14	0	0	0	0	1	0	0	0	0	0
C	Marios	23	108	5	1	32____	145483	14	0	0	0	0	0	0	0	0	1	0
C	Marios	23	108	5	1	32____	146683	14	0	0	0	0	1	0	0	0	0	0
C	Marios	23	108	5	1	32____	147000	14	-1	0	0	0	0	0	0	0	0	0
