Project	UserID	Protocol	Session	Station	Run	Subject	Time	Current State	Transition State	Transition Event	A1 - LLR	A2 - RLR	A3 - MAG	A4 - 	A[1] LLR_OFF	A[2] RLR_OFF	A[3] MAG_OFF	A[4] 
C	Marios	18	107	1	1	1_____	0	0	1	0	0	0	0	0	0	0	0	0
C	Marios	18	107	1	1	1_____	5309	1	0	0	0	0	1	0	0	0	0	0
C	Marios	18	107	1	1	1_____	5314	1	0	0	0	0	0	0	0	0	1	0
C	Marios	18	107	1	1	1_____	5333	1	0	0	0	0	1	0	0	0	0	0
C	Marios	18	107	1	1	1_____	5500	1	2	0	0	0	0	0	0	0	0	0
C	Marios	18	107	1	1	1_____	5534	2	0	0	0	0	0	0	0	0	1	0
C	Marios	18	107	1	1	1_____	5642	2	0	0	0	0	1	0	0	0	0	0
C	Marios	18	107	1	1	1_____	5655	2	0	0	0	0	0	0	0	0	1	0
C	Marios	18	107	1	1	1_____	5667	2	0	0	0	0	1	0	0	0	0	0
C	Marios	18	107	1	1	1_____	5671	2	0	0	0	0	0	0	0	0	1	0
C	Marios	18	107	1	1	1_____	5673	2	0	0	0	0	1	0	0	0	0	0
C	Marios	18	107	1	1	1_____	5814	2	0	0	0	0	0	0	0	0	1	0
C	Marios	18	107	1	1	1_____	5827	2	0	0	0	0	1	0	0	0	0	0
C	Marios	18	107	1	1	1_____	5834	2	0	0	0	0	0	0	0	0	1	0
C	Marios	18	107	1	1	1_____	5846	2	0	0	0	0	1	0	0	0	0	0
C	Marios	18	107	1	1	1_____	5855	2	0	0	0	0	0	0	0	0	1	0
C	Marios	18	107	1	1	1_____	6000	2	6	0	0	0	0	0	0	0	0	0
C	Marios	18	107	1	1	1_____	6044	6	0	0	0	0	1	0	0	0	0	0
C	Marios	18	107	1	1	1_____	6073	6	0	0	0	0	0	0	0	0	1	0
C	Marios	18	107	1	1	1_____	6084	6	0	0	0	0	1	0	0	0	0	0
C	Marios	18	107	1	1	1_____	6115	6	0	0	0	0	0	0	0	0	1	0
C	Marios	18	107	1	1	1_____	6135	6	0	0	0	0	1	0	0	0	0	0
C	Marios	18	107	1	1	1_____	6218	6	0	0	0	0	0	0	0	0	1	0
C	Marios	18	107	1	1	1_____	6241	6	0	0	0	0	1	0	0	0	0	0
C	Marios	18	107	1	1	1_____	6258	6	0	0	0	0	0	0	0	0	1	0
C	Marios	18	107	1	1	1_____	6307	6	0	0	0	0	1	0	0	0	0	0
C	Marios	18	107	1	1	1_____	6339	6	0	0	0	0	0	0	0	0	1	0
C	Marios	18	107	1	1	1_____	6350	6	0	0	0	0	1	0	0	0	0	0
C	Marios	18	107	1	1	1_____	6407	6	0	0	0	0	0	0	0	0	1	0
C	Marios	18	107	1	1	1_____	6433	6	0	0	0	0	1	0	0	0	0	0
C	Marios	18	107	1	1	1_____	6435	6	0	0	0	0	0	0	0	0	1	0
C	Marios	18	107	1	1	1_____	6438	6	0	0	0	0	1	0	0	0	0	0
C	Marios	18	107	1	1	1_____	6472	6	0	0	0	0	1	0	0	0	1	0
C	Marios	18	107	1	1	1_____	6476	6	0	0	0	0	0	0	0	0	1	0
C	Marios	18	107	1	1	1_____	6484	6	0	0	0	0	1	0	0	0	0	0
C	Marios	18	107	1	1	1_____	6486	6	0	0	0	0	0	0	0	0	1	0
C	Marios	18	107	1	1	1_____	6496	6	0	0	0	0	1	0	0	0	0	0
C	Marios	18	107	1	1	1_____	6500	6	10	0	0	0	0	0	0	0	0	0
C	Marios	18	107	1	1	1_____	6533	10	0	0	0	0	0	0	0	0	1	0
C	Marios	18	107	1	1	1_____	6537	10	0	0	0	0	1	0	0	0	0	0
C	Marios	18	107	1	1	1_____	6667	10	0	0	0	0	0	0	0	0	1	0
C	Marios	18	107	1	1	1_____	7000	10	1	0	0	0	0	0	0	0	0	0
C	Marios	18	107	1	1	1_____	7151	1	0	0	0	0	1	0	0	0	0	0
C	Marios	18	107	1	1	1_____	7158	1	0	0	0	0	0	0	0	0	1	0
C	Marios	18	107	1	1	1_____	7472	1	0	0	0	0	1	0	0	0	0	0
C	Marios	18	107	1	1	1_____	7600	1	0	0	0	0	0	0	0	0	1	0
C	Marios	18	107	1	1	1_____	8090	1	0	0	0	0	1	0	0	0	0	0
C	Marios	18	107	1	1	1_____	8144	1	0	0	0	0	0	0	0	0	1	0
C	Marios	18	107	1	1	1_____	8428	1	0	0	0	0	1	0	0	0	0	0
C	Marios	18	107	1	1	1_____	8433	1	0	0	0	0	0	0	0	0	1	0
C	Marios	18	107	1	1	1_____	8444	1	0	0	0	0	1	0	0	0	0	0
C	Marios	18	107	1	1	1_____	8480	1	0	0	0	0	0	0	0	0	1	0
C	Marios	18	107	1	1	1_____	9461	1	0	0	0	0	1	0	0	0	0	0
C	Marios	18	107	1	1	1_____	9486	1	0	0	0	0	0	0	0	0	1	0
C	Marios	18	107	1	1	1_____	9677	1	0	0	0	0	1	0	0	0	0	0
C	Marios	18	107	1	1	1_____	9767	1	0	0	0	0	0	0	0	0	1	0
C	Marios	18	107	1	1	1_____	9825	1	0	0	0	0	1	0	0	0	0	0
C	Marios	18	107	1	1	1_____	9867	1	0	0	0	0	0	0	0	0	1	0
C	Marios	18	107	1	1	1_____	10175	1	0	0	0	0	1	0	0	0	0	0
C	Marios	18	107	1	1	1_____	10353	1	0	0	0	0	0	0	0	0	1	0
C	Marios	18	107	1	1	1_____	10530	1	0	0	0	0	1	0	0	0	0	0
C	Marios	18	107	1	1	1_____	10545	1	0	0	0	0	0	0	0	0	1	0
C	Marios	18	107	1	1	1_____	10796	1	0	0	0	0	1	0	0	0	0	0
C	Marios	18	107	1	1	1_____	10918	1	0	0	0	0	0	0	0	0	1	0
C	Marios	18	107	1	1	1_____	11350	1	0	0	0	0	1	0	0	0	0	0
C	Marios	18	107	1	1	1_____	11353	1	0	0	0	0	0	0	0	0	1	0
C	Marios	18	107	1	1	1_____	11378	1	0	0	0	0	1	0	0	0	0	0
C	Marios	18	107	1	1	1_____	11399	1	0	0	0	0	0	0	0	0	1	0
C	Marios	18	107	1	1	1_____	11950	1	0	0	0	0	1	0	0	0	0	0
C	Marios	18	107	1	1	1_____	11956	1	0	0	0	0	0	0	0	0	1	0
C	Marios	18	107	1	1	1_____	12152	1	0	0	0	0	1	0	0	0	0	0
C	Marios	18	107	1	1	1_____	12154	1	0	0	0	0	0	0	0	0	1	0
C	Marios	18	107	1	1	1_____	12165	1	0	0	0	0	1	0	0	0	0	0
C	Marios	18	107	1	1	1_____	12189	1	0	0	0	0	0	0	0	0	1	0
C	Marios	18	107	1	1	1_____	12700	1	0	0	0	0	1	0	0	0	0	0
C	Marios	18	107	1	1	1_____	12749	1	0	0	0	0	0	0	0	0	1	0
C	Marios	18	107	1	1	1_____	13737	1	0	0	0	0	1	0	0	0	0	0
C	Marios	18	107	1	1	1_____	13785	1	0	0	0	0	0	0	0	0	1	0
C	Marios	18	107	1	1	1_____	13940	1	0	0	0	0	1	0	0	0	0	0
C	Marios	18	107	1	1	1_____	13978	1	0	0	0	0	0	0	0	0	1	0
C	Marios	18	107	1	1	1_____	14045	1	0	0	0	0	1	0	0	0	0	0
C	Marios	18	107	1	1	1_____	14062	1	0	0	0	0	0	0	0	0	1	0
C	Marios	18	107	1	1	1_____	14067	1	0	0	0	0	1	0	0	0	0	0
C	Marios	18	107	1	1	1_____	14122	1	0	0	0	0	0	0	0	0	1	0
C	Marios	18	107	1	1	1_____	14148	1	0	0	0	0	1	0	0	0	0	0
C	Marios	18	107	1	1	1_____	14155	1	0	0	0	0	0	0	0	0	1	0
C	Marios	18	107	1	1	1_____	14286	1	0	0	0	0	1	0	0	0	0	0
C	Marios	18	107	1	1	1_____	14442	1	0	0	0	0	0	0	0	0	1	0
C	Marios	18	107	1	1	1_____	14500	1	2	0	0	0	0	0	0	0	0	0
C	Marios	18	107	1	1	1_____	14509	2	0	0	0	0	1	0	0	0	0	0
C	Marios	18	107	1	1	1_____	14515	2	0	0	0	0	0	0	0	0	1	0
C	Marios	18	107	1	1	1_____	14807	2	0	0	0	0	1	0	0	0	0	0
C	Marios	18	107	1	1	1_____	14809	2	0	0	0	0	0	0	0	0	1	0
C	Marios	18	107	1	1	1_____	15000	2	13	0	0	0	0	0	0	0	0	0
C	Marios	18	107	1	1	1_____	15500	13	15	0	0	0	0	0	0	0	0	0
C	Marios	18	107	1	1	1_____	15757	15	0	0	0	0	1	0	0	0	0	0
C	Marios	18	107	1	1	1_____	15775	15	0	0	0	0	0	0	0	0	1	0
C	Marios	18	107	1	1	1_____	16000	15	1	0	0	0	0	0	0	0	0	0
C	Marios	18	107	1	1	1_____	17078	1	0	0	0	0	1	0	0	0	0	0
C	Marios	18	107	1	1	1_____	17108	1	0	0	0	0	0	0	0	0	1	0
C	Marios	18	107	1	1	1_____	17237	1	0	0	0	0	1	0	0	0	0	0
C	Marios	18	107	1	1	1_____	17269	1	0	0	0	0	0	0	0	0	1	0
C	Marios	18	107	1	1	1_____	17500	1	2	0	0	0	0	0	0	0	0	0
C	Marios	18	107	1	1	1_____	17711	2	0	0	0	0	1	0	0	0	0	0
C	Marios	18	107	1	1	1_____	17746	2	0	0	0	0	0	0	0	0	1	0
C	Marios	18	107	1	1	1_____	17949	2	0	0	0	0	1	0	0	0	0	0
C	Marios	18	107	1	1	1_____	17971	2	0	0	0	0	0	0	0	0	1	0
C	Marios	18	107	1	1	1_____	18000	2	13	0	0	0	0	0	0	0	0	0
C	Marios	18	107	1	1	1_____	18500	13	15	0	0	0	0	0	0	0	0	0
C	Marios	18	107	1	1	1_____	18783	15	0	0	0	0	1	0	0	0	0	0
C	Marios	18	107	1	1	1_____	18809	15	0	0	0	0	0	0	0	0	1	0
C	Marios	18	107	1	1	1_____	19000	15	1	0	0	0	0	0	0	0	0	0
C	Marios	18	107	1	1	1_____	19037	1	0	0	0	0	1	0	0	0	0	0
C	Marios	18	107	1	1	1_____	19069	1	0	0	0	0	0	0	0	0	1	0
C	Marios	18	107	1	1	1_____	19431	1	0	0	0	0	1	0	0	0	0	0
C	Marios	18	107	1	1	1_____	19503	1	0	0	0	0	0	0	0	0	1	0
C	Marios	18	107	1	1	1_____	22750	1	2	0	0	0	0	0	0	0	0	0
C	Marios	18	107	1	1	1_____	23250	2	12	0	0	0	0	0	0	0	0	0
C	Marios	18	107	1	1	1_____	23630	12	0	0	0	0	1	0	0	0	0	0
C	Marios	18	107	1	1	1_____	23632	12	0	0	0	0	0	0	0	0	1	0
C	Marios	18	107	1	1	1_____	23750	12	15	0	0	0	0	0	0	0	0	0
C	Marios	18	107	1	1	1_____	23954	15	0	0	0	0	1	0	0	0	0	0
C	Marios	18	107	1	1	1_____	23989	15	0	0	0	0	0	0	0	0	1	0
C	Marios	18	107	1	1	1_____	24250	15	1	0	0	0	0	0	0	0	0	0
C	Marios	18	107	1	1	1_____	24278	1	0	0	0	0	1	0	0	0	0	0
C	Marios	18	107	1	1	1_____	24308	1	0	0	0	0	0	0	0	0	1	0
C	Marios	18	107	1	1	1_____	24774	1	0	0	0	0	1	0	0	0	0	0
C	Marios	18	107	1	1	1_____	24787	1	0	0	0	0	0	0	0	0	1	0
C	Marios	18	107	1	1	1_____	25328	1	0	0	0	0	1	0	0	0	0	0
C	Marios	18	107	1	1	1_____	25332	1	0	0	0	0	1	0	0	0	1	0
C	Marios	18	107	1	1	1_____	25334	1	0	0	0	0	0	0	0	0	1	0
C	Marios	18	107	1	1	1_____	27175	1	0	0	0	0	1	0	0	0	0	0
C	Marios	18	107	1	1	1_____	27234	1	0	0	0	0	0	0	0	0	1	0
C	Marios	18	107	1	1	1_____	27936	1	0	0	0	0	1	0	0	0	0	0
C	Marios	18	107	1	1	1_____	27942	1	0	0	0	0	0	0	0	0	1	0
C	Marios	18	107	1	1	1_____	28375	1	0	0	0	0	1	0	0	0	0	0
C	Marios	18	107	1	1	1_____	28426	1	0	0	0	0	0	0	0	0	1	0
C	Marios	18	107	1	1	1_____	29726	1	0	0	0	0	1	0	0	0	0	0
C	Marios	18	107	1	1	1_____	29752	1	0	0	0	0	0	0	0	0	1	0
C	Marios	18	107	1	1	1_____	30250	1	2	0	0	0	0	0	0	0	0	0
C	Marios	18	107	1	1	1_____	30750	2	7	0	0	0	0	0	0	0	0	0
C	Marios	18	107	1	1	1_____	30907	7	0	0	0	0	1	0	0	0	0	0
C	Marios	18	107	1	1	1_____	30939	7	0	0	0	0	0	0	0	0	1	0
C	Marios	18	107	1	1	1_____	31129	7	0	0	0	0	1	0	0	0	0	0
C	Marios	18	107	1	1	1_____	31197	7	0	0	0	0	0	0	0	0	1	0
C	Marios	18	107	1	1	1_____	31250	7	11	0	0	0	0	0	0	0	0	0
C	Marios	18	107	1	1	1_____	31270	11	0	0	0	0	1	0	0	0	0	0
C	Marios	18	107	1	1	1_____	31423	11	0	0	0	0	0	0	0	0	1	0
C	Marios	18	107	1	1	1_____	31490	11	0	0	0	0	1	0	0	0	0	0
C	Marios	18	107	1	1	1_____	31555	11	0	0	0	0	0	0	0	0	1	0
C	Marios	18	107	1	1	1_____	31556	11	0	0	0	0	1	0	0	0	0	0
C	Marios	18	107	1	1	1_____	31594	11	0	0	0	0	0	0	0	0	1	0
C	Marios	18	107	1	1	1_____	31750	11	1	0	0	0	0	0	0	0	0	0
C	Marios	18	107	1	1	1_____	32178	1	0	0	0	0	1	0	0	0	0	0
C	Marios	18	107	1	1	1_____	32190	1	0	0	0	0	0	0	0	0	1	0
C	Marios	18	107	1	1	1_____	33154	1	0	0	0	0	1	0	0	0	0	0
C	Marios	18	107	1	1	1_____	33167	1	0	0	0	0	0	0	0	0	1	0
C	Marios	18	107	1	1	1_____	34000	1	2	0	0	0	0	0	0	0	0	0
C	Marios	18	107	1	1	1_____	34500	2	12	0	0	0	0	0	0	0	0	0
C	Marios	18	107	1	1	1_____	34958	12	0	0	0	0	1	0	0	0	0	0
C	Marios	18	107	1	1	1_____	35000	12	15	0	0	0	0	0	0	0	0	0
C	Marios	18	107	1	1	1_____	35001	15	0	0	0	0	0	0	0	0	1	0
C	Marios	18	107	1	1	1_____	35344	15	0	0	0	0	1	0	0	0	0	0
C	Marios	18	107	1	1	1_____	35369	15	0	0	0	0	0	0	0	0	1	0
C	Marios	18	107	1	1	1_____	35500	15	1	0	0	0	0	0	0	0	0	0
C	Marios	18	107	1	1	1_____	38500	1	2	0	0	0	0	0	0	0	0	0
C	Marios	18	107	1	1	1_____	38783	2	0	0	0	0	1	0	0	0	0	0
C	Marios	18	107	1	1	1_____	38863	2	0	0	0	0	0	0	0	0	1	0
C	Marios	18	107	1	1	1_____	39000	2	12	0	0	0	0	0	0	0	0	0
C	Marios	18	107	1	1	1_____	39085	12	0	0	0	0	1	0	0	0	0	0
C	Marios	18	107	1	1	1_____	39099	12	0	0	0	0	0	0	0	0	1	0
C	Marios	18	107	1	1	1_____	39500	12	15	0	0	0	0	0	0	0	0	0
C	Marios	18	107	1	1	1_____	40000	15	1	0	0	0	0	0	0	0	0	0
C	Marios	18	107	1	1	1_____	40023	1	0	0	0	0	1	0	0	0	0	0
C	Marios	18	107	1	1	1_____	40050	1	0	0	0	0	0	0	0	0	1	0
C	Marios	18	107	1	1	1_____	40443	1	0	0	0	0	1	0	0	0	0	0
C	Marios	18	107	1	1	1_____	40526	1	0	0	0	0	0	0	0	0	1	0
C	Marios	18	107	1	1	1_____	40687	1	0	0	0	0	1	0	0	0	0	0
C	Marios	18	107	1	1	1_____	40783	1	0	0	0	0	0	0	0	0	1	0
C	Marios	18	107	1	1	1_____	40981	1	0	0	0	0	1	0	0	0	0	0
C	Marios	18	107	1	1	1_____	41020	1	0	0	0	0	0	0	0	0	1	0
C	Marios	18	107	1	1	1_____	41628	1	0	0	0	0	1	0	0	0	0	0
C	Marios	18	107	1	1	1_____	41630	1	0	0	0	0	0	0	0	0	1	0
C	Marios	18	107	1	1	1_____	41635	1	0	0	0	0	1	0	0	0	0	0
C	Marios	18	107	1	1	1_____	41650	1	0	0	0	0	0	0	0	0	1	0
C	Marios	18	107	1	1	1_____	43068	1	0	0	0	0	1	0	0	0	0	0
C	Marios	18	107	1	1	1_____	43071	1	0	0	0	0	0	0	0	0	1	0
C	Marios	18	107	1	1	1_____	43073	1	0	0	0	0	1	0	0	0	0	0
C	Marios	18	107	1	1	1_____	43088	1	0	0	0	0	0	0	0	0	1	0
C	Marios	18	107	1	1	1_____	43842	1	0	0	0	0	1	0	0	0	0	0
C	Marios	18	107	1	1	1_____	43896	1	0	0	0	0	0	0	0	0	1	0
C	Marios	18	107	1	1	1_____	44190	1	0	0	0	0	1	0	0	0	0	0
C	Marios	18	107	1	1	1_____	44233	1	0	0	0	0	0	0	0	0	1	0
C	Marios	18	107	1	1	1_____	44500	1	2	0	0	0	0	0	0	0	0	0
C	Marios	18	107	1	1	1_____	45000	2	6	0	0	0	0	0	0	0	0	0
C	Marios	18	107	1	1	1_____	45032	6	0	0	0	0	1	0	0	0	0	0
C	Marios	18	107	1	1	1_____	45097	6	0	0	0	0	0	0	0	0	1	0
C	Marios	18	107	1	1	1_____	45161	6	0	0	0	0	1	0	0	0	0	0
C	Marios	18	107	1	1	1_____	45201	6	0	0	0	0	0	0	0	0	1	0
C	Marios	18	107	1	1	1_____	45272	6	0	0	0	0	1	0	0	0	0	0
C	Marios	18	107	1	1	1_____	45286	6	0	0	0	0	0	0	0	0	1	0
C	Marios	18	107	1	1	1_____	45295	6	0	0	0	0	1	0	0	0	0	0
C	Marios	18	107	1	1	1_____	45308	6	0	0	0	0	0	0	0	0	1	0
C	Marios	18	107	1	1	1_____	45321	6	0	0	0	0	1	0	0	0	0	0
C	Marios	18	107	1	1	1_____	45362	6	0	0	0	0	0	0	0	0	1	0
C	Marios	18	107	1	1	1_____	45367	6	0	0	0	0	1	0	0	0	0	0
C	Marios	18	107	1	1	1_____	45377	6	0	0	0	0	0	0	0	0	1	0
C	Marios	18	107	1	1	1_____	45388	6	0	0	0	0	1	0	0	0	0	0
C	Marios	18	107	1	1	1_____	45438	6	0	0	0	0	0	0	0	0	1	0
C	Marios	18	107	1	1	1_____	45448	6	0	0	0	0	1	0	0	0	0	0
C	Marios	18	107	1	1	1_____	45464	6	0	0	0	0	0	0	0	0	1	0
C	Marios	18	107	1	1	1_____	45470	6	0	0	0	0	1	0	0	0	0	0
C	Marios	18	107	1	1	1_____	45483	6	0	0	0	0	0	0	0	0	1	0
C	Marios	18	107	1	1	1_____	45491	6	0	0	0	0	1	0	0	0	0	0
C	Marios	18	107	1	1	1_____	45500	6	10	0	0	0	0	0	0	0	0	0
C	Marios	18	107	1	1	1_____	45542	10	0	0	0	0	0	0	0	0	1	0
C	Marios	18	107	1	1	1_____	45549	10	0	0	0	0	1	0	0	0	0	0
C	Marios	18	107	1	1	1_____	45782	10	0	0	0	0	0	0	0	0	1	0
C	Marios	18	107	1	1	1_____	45818	10	0	0	0	0	1	0	0	0	0	0
C	Marios	18	107	1	1	1_____	45819	10	0	0	0	0	0	0	0	0	1	0
C	Marios	18	107	1	1	1_____	46000	10	1	0	0	0	0	0	0	0	0	0
C	Marios	18	107	1	1	1_____	48073	1	0	0	0	0	1	0	0	0	0	0
C	Marios	18	107	1	1	1_____	48077	1	0	0	0	0	0	0	0	0	1	0
C	Marios	18	107	1	1	1_____	50500	1	2	0	0	0	0	0	0	0	0	0
C	Marios	18	107	1	1	1_____	51000	2	7	0	0	0	0	0	0	0	0	0
C	Marios	18	107	1	1	1_____	51106	7	0	0	0	0	1	0	0	0	0	0
C	Marios	18	107	1	1	1_____	51143	7	0	0	0	0	0	0	0	0	1	0
C	Marios	18	107	1	1	1_____	51156	7	0	0	0	0	1	0	0	0	0	0
C	Marios	18	107	1	1	1_____	51174	7	0	0	0	0	0	0	0	0	1	0
C	Marios	18	107	1	1	1_____	51398	7	0	0	0	0	1	0	0	0	0	0
C	Marios	18	107	1	1	1_____	51413	7	0	0	0	0	0	0	0	0	1	0
C	Marios	18	107	1	1	1_____	51463	7	0	0	0	0	1	0	0	0	0	0
C	Marios	18	107	1	1	1_____	51500	7	11	0	0	0	0	0	0	0	0	0
C	Marios	18	107	1	1	1_____	51676	11	0	0	0	0	0	0	0	0	1	0
C	Marios	18	107	1	1	1_____	51701	11	0	0	0	0	1	0	0	0	0	0
C	Marios	18	107	1	1	1_____	51704	11	0	0	0	0	0	0	0	0	1	0
C	Marios	18	107	1	1	1_____	51706	11	0	0	0	0	1	0	0	0	0	0
C	Marios	18	107	1	1	1_____	51712	11	0	0	0	0	0	0	0	0	1	0
C	Marios	18	107	1	1	1_____	51917	11	0	0	0	0	1	0	0	0	0	0
C	Marios	18	107	1	1	1_____	52000	11	1	0	0	0	0	0	0	0	0	0
C	Marios	18	107	1	1	1_____	52004	1	0	0	0	0	0	0	0	0	1	0
C	Marios	18	107	1	1	1_____	53223	1	0	0	0	0	1	0	0	0	0	0
C	Marios	18	107	1	1	1_____	53231	1	0	0	0	0	0	0	0	0	1	0
C	Marios	18	107	1	1	1_____	53232	1	0	0	0	0	1	0	0	0	0	0
C	Marios	18	107	1	1	1_____	53243	1	0	0	0	0	0	0	0	0	1	0
C	Marios	18	107	1	1	1_____	55029	1	0	0	0	0	1	0	0	0	0	0
C	Marios	18	107	1	1	1_____	55075	1	0	0	0	0	0	0	0	0	1	0
C	Marios	18	107	1	1	1_____	56416	1	0	0	0	0	1	0	0	0	0	0
C	Marios	18	107	1	1	1_____	56480	1	0	0	0	0	0	0	0	0	1	0
C	Marios	18	107	1	1	1_____	57005	1	0	0	0	0	1	0	0	0	0	0
C	Marios	18	107	1	1	1_____	57161	1	0	0	0	0	0	0	0	0	1	0
C	Marios	18	107	1	1	1_____	57763	1	0	0	0	0	1	0	0	0	0	0
C	Marios	18	107	1	1	1_____	57802	1	0	0	0	0	0	0	0	0	1	0
C	Marios	18	107	1	1	1_____	58750	1	2	0	0	0	0	0	0	0	0	0
C	Marios	18	107	1	1	1_____	59250	2	12	0	0	0	0	0	0	0	0	0
C	Marios	18	107	1	1	1_____	59750	12	15	0	0	0	0	0	0	0	0	0
C	Marios	18	107	1	1	1_____	60250	15	1	0	0	0	0	0	0	0	0	0
C	Marios	18	107	1	1	1_____	61504	1	0	0	0	0	1	0	0	0	0	0
C	Marios	18	107	1	1	1_____	61533	1	0	0	0	0	0	0	0	0	1	0
C	Marios	18	107	1	1	1_____	61923	1	0	0	0	0	1	0	0	0	0	0
C	Marios	18	107	1	1	1_____	61928	1	0	0	0	0	0	0	0	0	1	0
C	Marios	18	107	1	1	1_____	61971	1	0	0	0	0	1	0	0	0	0	0
C	Marios	18	107	1	1	1_____	62010	1	0	0	0	0	1	0	0	0	1	0
C	Marios	18	107	1	1	1_____	62013	1	0	0	0	0	1	0	0	0	1	0
C	Marios	18	107	1	1	1_____	62041	1	0	0	0	0	0	0	0	0	1	0
C	Marios	18	107	1	1	1_____	62047	1	0	0	0	0	1	0	0	0	0	0
C	Marios	18	107	1	1	1_____	62083	1	0	0	0	0	0	0	0	0	1	0
C	Marios	18	107	1	1	1_____	62091	1	0	0	0	0	1	0	0	0	0	0
C	Marios	18	107	1	1	1_____	62102	1	0	0	0	0	0	0	0	0	1	0
C	Marios	18	107	1	1	1_____	62104	1	0	0	0	0	1	0	0	0	0	0
C	Marios	18	107	1	1	1_____	62188	1	0	0	0	0	0	0	0	0	1	0
C	Marios	18	107	1	1	1_____	62199	1	0	0	0	0	1	0	0	0	0	0
C	Marios	18	107	1	1	1_____	62227	1	0	0	0	0	0	0	0	0	1	0
C	Marios	18	107	1	1	1_____	62241	1	0	0	0	0	1	0	0	0	0	0
C	Marios	18	107	1	1	1_____	62307	1	0	0	0	0	0	0	0	0	1	0
C	Marios	18	107	1	1	1_____	62313	1	0	0	0	0	1	0	0	0	0	0
C	Marios	18	107	1	1	1_____	62351	1	0	0	0	0	0	0	0	0	1	0
C	Marios	18	107	1	1	1_____	62358	1	0	0	0	0	1	0	0	0	0	0
C	Marios	18	107	1	1	1_____	62377	1	0	0	0	0	0	0	0	0	1	0
C	Marios	18	107	1	1	1_____	62391	1	0	0	0	0	1	0	0	0	0	0
C	Marios	18	107	1	1	1_____	62399	1	0	0	0	0	0	0	0	0	1	0
C	Marios	18	107	1	1	1_____	62403	1	0	0	0	0	1	0	0	0	0	0
C	Marios	18	107	1	1	1_____	62482	1	0	0	0	0	0	0	0	0	1	0
C	Marios	18	107	1	1	1_____	62643	1	0	0	0	0	1	0	0	0	0	0
C	Marios	18	107	1	1	1_____	62719	1	0	0	0	0	0	0	0	0	1	0
C	Marios	18	107	1	1	1_____	62726	1	0	0	0	0	1	0	0	0	0	0
C	Marios	18	107	1	1	1_____	62738	1	0	0	0	0	0	0	0	0	1	0
C	Marios	18	107	1	1	1_____	62743	1	0	0	0	0	1	0	0	0	0	0
C	Marios	18	107	1	1	1_____	62745	1	0	0	0	0	0	0	0	0	1	0
C	Marios	18	107	1	1	1_____	62775	1	0	0	0	0	1	0	0	0	0	0
C	Marios	18	107	1	1	1_____	62801	1	0	0	0	0	0	0	0	0	1	0
C	Marios	18	107	1	1	1_____	62804	1	0	0	0	0	1	0	0	0	0	0
C	Marios	18	107	1	1	1_____	62878	1	0	0	0	0	0	0	0	0	1	0
C	Marios	18	107	1	1	1_____	63001	1	0	0	0	0	1	0	0	0	0	0
C	Marios	18	107	1	1	1_____	63019	1	0	0	0	0	0	0	0	0	1	0
C	Marios	18	107	1	1	1_____	65210	1	0	0	0	0	1	0	0	0	0	0
C	Marios	18	107	1	1	1_____	65283	1	0	0	0	0	0	0	0	0	1	0
C	Marios	18	107	1	1	1_____	65500	1	2	0	0	0	0	0	0	0	0	0
C	Marios	18	107	1	1	1_____	66000	2	13	0	0	0	0	0	0	0	0	0
C	Marios	18	107	1	1	1_____	66500	13	15	0	0	0	0	0	0	0	0	0
C	Marios	18	107	1	1	1_____	67000	15	1	0	0	0	0	0	0	0	0	0
C	Marios	18	107	1	1	1_____	68293	1	0	0	0	0	1	0	0	0	0	0
C	Marios	18	107	1	1	1_____	68353	1	0	0	0	0	0	0	0	0	1	0
C	Marios	18	107	1	1	1_____	68814	1	0	0	0	0	1	0	0	0	0	0
C	Marios	18	107	1	1	1_____	68844	1	0	0	0	0	0	0	0	0	1	0
C	Marios	18	107	1	1	1_____	70009	1	0	0	0	0	1	0	0	0	0	0
C	Marios	18	107	1	1	1_____	70119	1	0	0	0	0	0	0	0	0	1	0
C	Marios	18	107	1	1	1_____	70500	1	2	0	0	0	0	0	0	0	0	0
C	Marios	18	107	1	1	1_____	70968	2	0	0	0	0	1	0	0	0	0	0
C	Marios	18	107	1	1	1_____	71000	2	13	0	0	0	0	0	0	0	0	0
C	Marios	18	107	1	1	1_____	71017	13	0	0	0	0	0	0	0	0	1	0
C	Marios	18	107	1	1	1_____	71500	13	15	0	0	0	0	0	0	0	0	0
C	Marios	18	107	1	1	1_____	71761	15	0	0	0	0	1	0	0	0	0	0
C	Marios	18	107	1	1	1_____	71825	15	0	0	0	0	0	0	0	0	1	0
C	Marios	18	107	1	1	1_____	71858	15	0	0	0	0	1	0	0	0	0	0
C	Marios	18	107	1	1	1_____	71888	15	0	0	0	0	0	0	0	0	1	0
C	Marios	18	107	1	1	1_____	71913	15	0	0	0	0	1	0	0	0	0	0
C	Marios	18	107	1	1	1_____	71966	15	0	0	0	0	0	0	0	0	1	0
C	Marios	18	107	1	1	1_____	71984	15	0	0	0	0	1	0	0	0	0	0
C	Marios	18	107	1	1	1_____	72000	15	1	0	0	0	0	0	0	0	0	0
C	Marios	18	107	1	1	1_____	72023	1	0	0	0	0	0	0	0	0	1	0
C	Marios	18	107	1	1	1_____	72984	1	0	0	0	0	1	0	0	0	0	0
C	Marios	18	107	1	1	1_____	73000	1	0	0	0	0	0	0	0	0	1	0
C	Marios	18	107	1	1	1_____	73343	1	0	0	0	0	1	0	0	0	0	0
C	Marios	18	107	1	1	1_____	73366	1	0	0	0	0	0	0	0	0	1	0
C	Marios	18	107	1	1	1_____	74553	1	0	0	0	0	1	0	0	0	0	0
C	Marios	18	107	1	1	1_____	74564	1	0	0	0	0	0	0	0	0	1	0
C	Marios	18	107	1	1	1_____	74566	1	0	0	0	0	1	0	0	0	0	0
C	Marios	18	107	1	1	1_____	74585	1	0	0	0	0	1	0	0	0	1	0
C	Marios	18	107	1	1	1_____	74628	1	0	0	0	0	0	0	0	0	1	0
C	Marios	18	107	1	1	1_____	75839	1	0	0	0	0	1	0	0	0	0	0
C	Marios	18	107	1	1	1_____	75890	1	0	0	0	0	0	0	0	0	1	0
C	Marios	18	107	1	1	1_____	76649	1	0	0	0	0	1	0	0	0	0	0
C	Marios	18	107	1	1	1_____	76667	1	0	0	0	0	0	0	0	0	1	0
C	Marios	18	107	1	1	1_____	76784	1	0	0	0	0	1	0	0	0	0	0
C	Marios	18	107	1	1	1_____	76786	1	0	0	0	0	0	0	0	0	1	0
C	Marios	18	107	1	1	1_____	77500	1	2	0	0	0	0	0	0	0	0	0
C	Marios	18	107	1	1	1_____	78000	2	6	0	0	0	0	0	0	0	0	0
C	Marios	18	107	1	1	1_____	78069	6	0	0	0	0	1	0	0	0	0	0
C	Marios	18	107	1	1	1_____	78099	6	0	0	0	0	0	0	0	0	1	0
C	Marios	18	107	1	1	1_____	78128	6	0	0	0	0	1	0	0	0	0	0
C	Marios	18	107	1	1	1_____	78184	6	0	0	0	0	0	0	0	0	1	0
C	Marios	18	107	1	1	1_____	78186	6	0	0	0	0	1	0	0	0	0	0
C	Marios	18	107	1	1	1_____	78235	6	0	0	0	0	0	0	0	0	1	0
C	Marios	18	107	1	1	1_____	78280	6	0	0	0	0	1	0	0	0	0	0
C	Marios	18	107	1	1	1_____	78394	6	0	0	0	0	0	0	0	0	1	0
C	Marios	18	107	1	1	1_____	78500	6	10	0	0	0	0	0	0	0	0	0
C	Marios	18	107	1	1	1_____	78576	10	0	0	0	0	1	0	0	0	0	0
C	Marios	18	107	1	1	1_____	78657	10	0	0	0	0	0	0	0	0	1	0
C	Marios	18	107	1	1	1_____	79000	10	1	0	0	0	0	0	0	0	0	0
C	Marios	18	107	1	1	1_____	79170	1	0	0	0	0	1	0	0	0	0	0
C	Marios	18	107	1	1	1_____	79193	1	0	0	0	0	0	0	0	0	1	0
C	Marios	18	107	1	1	1_____	80326	1	0	0	0	0	1	0	0	0	0	0
C	Marios	18	107	1	1	1_____	80334	1	0	0	0	0	0	0	0	0	1	0
C	Marios	18	107	1	1	1_____	81912	1	0	0	0	0	1	0	0	0	0	0
C	Marios	18	107	1	1	1_____	81924	1	0	0	0	0	0	0	0	0	1	0
C	Marios	18	107	1	1	1_____	82222	1	0	0	0	0	1	0	0	0	0	0
C	Marios	18	107	1	1	1_____	82225	1	0	0	0	0	0	0	0	0	1	0
C	Marios	18	107	1	1	1_____	82226	1	0	0	0	0	1	0	0	0	0	0
C	Marios	18	107	1	1	1_____	82244	1	0	0	0	0	0	0	0	0	1	0
C	Marios	18	107	1	1	1_____	83641	1	0	0	0	0	1	0	0	0	0	0
C	Marios	18	107	1	1	1_____	83645	1	0	0	0	0	0	0	0	0	1	0
C	Marios	18	107	1	1	1_____	83868	1	0	0	0	0	1	0	0	0	0	0
C	Marios	18	107	1	1	1_____	83946	1	0	0	0	0	0	0	0	0	1	0
C	Marios	18	107	1	1	1_____	84250	1	2	0	0	0	0	0	0	0	0	0
C	Marios	18	107	1	1	1_____	84750	2	13	0	0	0	0	0	0	0	0	0
C	Marios	18	107	1	1	1_____	85027	13	0	0	0	0	1	0	0	0	0	0
C	Marios	18	107	1	1	1_____	85042	13	0	0	0	0	0	0	0	0	1	0
C	Marios	18	107	1	1	1_____	85250	13	15	0	0	0	0	0	0	0	0	0
C	Marios	18	107	1	1	1_____	85534	15	0	0	0	0	1	0	0	0	0	0
C	Marios	18	107	1	1	1_____	85590	15	0	0	0	0	0	0	0	0	1	0
C	Marios	18	107	1	1	1_____	85750	15	1	0	0	0	0	0	0	0	0	0
C	Marios	18	107	1	1	1_____	86053	1	0	0	0	0	1	0	0	0	0	0
C	Marios	18	107	1	1	1_____	86055	1	0	0	0	0	0	0	0	0	1	0
C	Marios	18	107	1	1	1_____	86084	1	0	0	0	0	1	0	0	0	0	0
C	Marios	18	107	1	1	1_____	86135	1	0	0	0	0	0	0	0	0	1	0
C	Marios	18	107	1	1	1_____	86525	1	0	0	0	0	1	0	0	0	0	0
C	Marios	18	107	1	1	1_____	86562	1	0	0	0	0	0	0	0	0	1	0
C	Marios	18	107	1	1	1_____	87079	1	0	0	0	0	1	0	0	0	0	0
C	Marios	18	107	1	1	1_____	87092	1	0	0	0	0	0	0	0	0	1	0
C	Marios	18	107	1	1	1_____	87104	1	0	0	0	0	1	0	0	0	0	0
C	Marios	18	107	1	1	1_____	87110	1	0	0	0	0	0	0	0	0	1	0
C	Marios	18	107	1	1	1_____	87487	1	0	0	0	0	1	0	0	0	0	0
C	Marios	18	107	1	1	1_____	87547	1	0	0	0	0	0	0	0	0	1	0
C	Marios	18	107	1	1	1_____	88179	1	0	0	0	0	1	0	0	0	0	0
C	Marios	18	107	1	1	1_____	88344	1	0	0	0	0	0	0	0	0	1	0
C	Marios	18	107	1	1	1_____	88730	1	0	0	0	0	1	0	0	0	0	0
C	Marios	18	107	1	1	1_____	88789	1	0	0	0	0	0	0	0	0	1	0
C	Marios	18	107	1	1	1_____	90250	1	2	0	0	0	0	0	0	0	0	0
C	Marios	18	107	1	1	1_____	90750	2	12	0	0	0	0	0	0	0	0	0
C	Marios	18	107	1	1	1_____	90870	12	0	0	0	0	1	0	0	0	0	0
C	Marios	18	107	1	1	1_____	90892	12	0	0	0	0	0	0	0	0	1	0
C	Marios	18	107	1	1	1_____	91110	12	0	0	0	0	1	0	0	0	0	0
C	Marios	18	107	1	1	1_____	91150	12	0	0	0	0	0	0	0	0	1	0
C	Marios	18	107	1	1	1_____	91237	12	0	0	0	0	1	0	0	0	0	0
C	Marios	18	107	1	1	1_____	91250	12	15	0	0	0	0	0	0	0	0	0
C	Marios	18	107	1	1	1_____	91278	15	0	0	0	0	0	0	0	0	1	0
C	Marios	18	107	1	1	1_____	91279	15	0	0	0	0	1	0	0	0	0	0
C	Marios	18	107	1	1	1_____	91292	15	0	0	0	0	0	0	0	0	1	0
C	Marios	18	107	1	1	1_____	91300	15	0	0	0	0	1	0	0	0	0	0
C	Marios	18	107	1	1	1_____	91364	15	0	0	0	0	0	0	0	0	1	0
C	Marios	18	107	1	1	1_____	91539	15	0	0	0	0	1	0	0	0	0	0
C	Marios	18	107	1	1	1_____	91570	15	0	0	0	0	0	0	0	0	1	0
C	Marios	18	107	1	1	1_____	91571	15	0	0	0	0	1	0	0	0	0	0
C	Marios	18	107	1	1	1_____	91582	15	0	0	0	0	0	0	0	0	1	0
C	Marios	18	107	1	1	1_____	91587	15	0	0	0	0	1	0	0	0	0	0
C	Marios	18	107	1	1	1_____	91722	15	0	0	0	0	0	0	0	0	1	0
C	Marios	18	107	1	1	1_____	91745	15	0	0	0	0	1	0	0	0	0	0
C	Marios	18	107	1	1	1_____	91748	15	0	0	0	0	0	0	0	0	1	0
C	Marios	18	107	1	1	1_____	91750	15	1	0	0	0	0	0	0	0	0	0
C	Marios	18	107	1	1	1_____	91765	1	0	0	0	0	1	0	0	0	0	0
C	Marios	18	107	1	1	1_____	91807	1	0	0	0	0	0	0	0	0	1	0
C	Marios	18	107	1	1	1_____	91821	1	0	0	0	0	1	0	0	0	0	0
C	Marios	18	107	1	1	1_____	91832	1	0	0	0	0	0	0	0	0	1	0
C	Marios	18	107	1	1	1_____	91837	1	0	0	0	0	1	0	0	0	0	0
C	Marios	18	107	1	1	1_____	91839	1	0	0	0	0	0	0	0	0	1	0
C	Marios	18	107	1	1	1_____	91840	1	0	0	0	0	1	0	0	0	0	0
C	Marios	18	107	1	1	1_____	91880	1	0	0	0	0	0	0	0	0	1	0
C	Marios	18	107	1	1	1_____	91888	1	0	0	0	0	1	0	0	0	0	0
C	Marios	18	107	1	1	1_____	91931	1	0	0	0	0	0	0	0	0	1	0
C	Marios	18	107	1	1	1_____	92948	1	0	0	0	0	1	0	0	0	0	0
C	Marios	18	107	1	1	1_____	93186	1	0	0	0	0	0	0	0	0	1	0
C	Marios	18	107	1	1	1_____	93911	1	0	0	0	0	1	0	0	0	0	0
C	Marios	18	107	1	1	1_____	93978	1	0	0	0	0	0	0	0	0	1	0
C	Marios	18	107	1	1	1_____	94078	1	0	0	0	0	1	0	0	0	0	0
C	Marios	18	107	1	1	1_____	94137	1	0	0	0	0	0	0	0	0	1	0
C	Marios	18	107	1	1	1_____	94686	1	0	0	0	0	1	0	0	0	0	0
C	Marios	18	107	1	1	1_____	94699	1	0	0	0	0	0	0	0	0	1	0
C	Marios	18	107	1	1	1_____	94756	1	0	0	0	0	1	0	0	0	0	0
C	Marios	18	107	1	1	1_____	95098	1	0	0	0	0	0	0	0	0	1	0
C	Marios	18	107	1	1	1_____	95174	1	0	0	0	0	1	0	0	0	0	0
C	Marios	18	107	1	1	1_____	95255	1	0	0	0	0	0	0	0	0	1	0
C	Marios	18	107	1	1	1_____	98500	1	2	0	0	0	0	0	0	0	0	0
C	Marios	18	107	1	1	1_____	99000	2	12	0	0	0	0	0	0	0	0	0
C	Marios	18	107	1	1	1_____	99113	12	0	0	0	0	1	0	0	0	0	0
C	Marios	18	107	1	1	1_____	99131	12	0	0	0	0	0	0	0	0	1	0
C	Marios	18	107	1	1	1_____	99389	12	0	0	0	0	1	0	0	0	0	0
C	Marios	18	107	1	1	1_____	99415	12	0	0	0	0	0	0	0	0	1	0
C	Marios	18	107	1	1	1_____	99500	12	15	0	0	0	0	0	0	0	0	0
C	Marios	18	107	1	1	1_____	99606	15	0	0	0	0	1	0	0	0	0	0
C	Marios	18	107	1	1	1_____	99762	15	0	0	0	0	0	0	0	0	1	0
C	Marios	18	107	1	1	1_____	100000	15	1	0	0	0	0	0	0	0	0	0
C	Marios	18	107	1	1	1_____	100600	1	0	0	0	0	1	0	0	0	0	0
C	Marios	18	107	1	1	1_____	100677	1	0	0	0	0	0	0	0	0	1	0
C	Marios	18	107	1	1	1_____	101611	1	0	0	0	0	1	0	0	0	0	0
C	Marios	18	107	1	1	1_____	101811	1	0	0	0	0	0	0	0	0	1	0
C	Marios	18	107	1	1	1_____	101981	1	0	0	0	0	1	0	0	0	0	0
C	Marios	18	107	1	1	1_____	102008	1	0	0	0	0	0	0	0	0	1	0
C	Marios	18	107	1	1	1_____	102013	1	0	0	0	0	1	0	0	0	0	0
C	Marios	18	107	1	1	1_____	102135	1	0	0	0	0	0	0	0	0	1	0
C	Marios	18	107	1	1	1_____	103500	1	2	0	0	0	0	0	0	0	0	0
C	Marios	18	107	1	1	1_____	103613	2	0	0	0	0	1	0	0	0	0	0
C	Marios	18	107	1	1	1_____	103640	2	0	0	0	0	0	0	0	0	1	0
C	Marios	18	107	1	1	1_____	104000	2	7	0	0	0	0	0	0	0	0	0
C	Marios	18	107	1	1	1_____	104061	7	0	0	0	0	1	0	0	0	0	0
C	Marios	18	107	1	1	1_____	104098	7	0	0	0	0	0	0	0	0	1	0
C	Marios	18	107	1	1	1_____	104294	7	0	0	0	0	1	0	0	0	0	0
C	Marios	18	107	1	1	1_____	104460	7	0	0	0	0	0	0	0	0	1	0
C	Marios	18	107	1	1	1_____	104500	7	11	0	0	0	0	0	0	0	0	0
C	Marios	18	107	1	1	1_____	104537	11	0	0	0	0	1	0	0	0	0	0
C	Marios	18	107	1	1	1_____	104813	11	0	0	0	0	0	0	0	0	1	0
C	Marios	18	107	1	1	1_____	104827	11	0	0	0	0	1	0	0	0	0	0
C	Marios	18	107	1	1	1_____	104886	11	0	0	0	0	0	0	0	0	1	0
C	Marios	18	107	1	1	1_____	105000	11	1	0	0	0	0	0	0	0	0	0
C	Marios	18	107	1	1	1_____	105462	1	0	0	0	0	1	0	0	0	0	0
C	Marios	18	107	1	1	1_____	105548	1	0	0	0	0	0	0	0	0	1	0
C	Marios	18	107	1	1	1_____	105559	1	0	0	0	0	1	0	0	0	0	0
C	Marios	18	107	1	1	1_____	105742	1	0	0	0	0	0	0	0	0	1	0
C	Marios	18	107	1	1	1_____	105752	1	0	0	0	0	1	0	0	0	0	0
C	Marios	18	107	1	1	1_____	105762	1	0	0	0	0	0	0	0	0	1	0
C	Marios	18	107	1	1	1_____	106734	1	0	0	0	0	1	0	0	0	0	0
C	Marios	18	107	1	1	1_____	106781	1	0	0	0	0	0	0	0	0	1	0
C	Marios	18	107	1	1	1_____	107250	1	2	0	0	0	0	0	0	0	0	0
C	Marios	18	107	1	1	1_____	107750	2	13	0	0	0	0	0	0	0	0	0
C	Marios	18	107	1	1	1_____	108250	13	15	0	0	0	0	0	0	0	0	0
C	Marios	18	107	1	1	1_____	108464	15	0	0	0	0	1	0	0	0	0	0
C	Marios	18	107	1	1	1_____	108541	15	0	0	0	0	0	0	0	0	1	0
C	Marios	18	107	1	1	1_____	108750	15	1	0	0	0	0	0	0	0	0	0
C	Marios	18	107	1	1	1_____	108976	1	0	0	0	0	1	0	0	0	0	0
C	Marios	18	107	1	1	1_____	109031	1	0	0	0	0	0	0	0	0	1	0
C	Marios	18	107	1	1	1_____	109459	1	0	0	0	0	1	0	0	0	0	0
C	Marios	18	107	1	1	1_____	109462	1	0	0	0	0	0	0	0	0	1	0
C	Marios	18	107	1	1	1_____	109784	1	0	0	0	0	1	0	0	0	0	0
C	Marios	18	107	1	1	1_____	109836	1	0	0	0	0	0	0	0	0	1	0
C	Marios	18	107	1	1	1_____	110588	1	0	0	0	0	1	0	0	0	0	0
C	Marios	18	107	1	1	1_____	110625	1	0	0	0	0	0	0	0	0	1	0
C	Marios	18	107	1	1	1_____	110646	1	0	0	0	0	1	0	0	0	0	0
C	Marios	18	107	1	1	1_____	110648	1	0	0	0	0	0	0	0	0	1	0
C	Marios	18	107	1	1	1_____	110654	1	0	0	0	0	1	0	0	0	0	0
C	Marios	18	107	1	1	1_____	110656	1	0	0	0	0	0	0	0	0	1	0
C	Marios	18	107	1	1	1_____	110658	1	0	0	0	0	1	0	0	0	0	0
C	Marios	18	107	1	1	1_____	110662	1	0	0	0	0	0	0	0	0	1	0
C	Marios	18	107	1	1	1_____	110665	1	0	0	0	0	1	0	0	0	0	0
C	Marios	18	107	1	1	1_____	110667	1	0	0	0	0	0	0	0	0	1	0
C	Marios	18	107	1	1	1_____	111514	1	0	0	0	0	1	0	0	0	0	0
C	Marios	18	107	1	1	1_____	111576	1	0	0	0	0	0	0	0	0	1	0
C	Marios	18	107	1	1	1_____	111750	1	2	0	0	0	0	0	0	0	0	0
C	Marios	18	107	1	1	1_____	112250	2	13	0	0	0	0	0	0	0	0	0
C	Marios	18	107	1	1	1_____	112750	13	15	0	0	0	0	0	0	0	0	0
C	Marios	18	107	1	1	1_____	113250	15	1	0	0	0	0	0	0	0	0	0
C	Marios	18	107	1	1	1_____	114842	1	0	0	0	0	1	0	0	0	0	0
C	Marios	18	107	1	1	1_____	114948	1	0	0	0	0	0	0	0	0	1	0
C	Marios	18	107	1	1	1_____	115546	1	0	0	0	0	1	0	0	0	0	0
C	Marios	18	107	1	1	1_____	115576	1	0	0	0	0	0	0	0	0	1	0
C	Marios	18	107	1	1	1_____	116103	1	0	0	0	0	1	0	0	0	0	0
C	Marios	18	107	1	1	1_____	116106	1	0	0	0	0	0	0	0	0	1	0
C	Marios	18	107	1	1	1_____	116119	1	0	0	0	0	1	0	0	0	0	0
C	Marios	18	107	1	1	1_____	116299	1	0	0	0	0	0	0	0	0	1	0
C	Marios	18	107	1	1	1_____	118105	1	0	0	0	0	1	0	0	0	0	0
C	Marios	18	107	1	1	1_____	118118	1	0	0	0	0	0	0	0	0	1	0
C	Marios	18	107	1	1	1_____	119203	1	0	0	0	0	1	0	0	0	0	0
C	Marios	18	107	1	1	1_____	119221	1	0	0	0	0	0	0	0	0	1	0
C	Marios	18	107	1	1	1_____	119250	1	2	0	0	0	0	0	0	0	0	0
C	Marios	18	107	1	1	1_____	119750	2	12	0	0	0	0	0	0	0	0	0
C	Marios	18	107	1	1	1_____	120071	12	0	0	0	0	1	0	0	0	0	0
C	Marios	18	107	1	1	1_____	120095	12	0	0	0	0	0	0	0	0	1	0
C	Marios	18	107	1	1	1_____	120233	12	0	0	0	0	1	0	0	0	0	0
C	Marios	18	107	1	1	1_____	120250	12	15	0	0	0	0	0	0	0	0	0
C	Marios	18	107	1	1	1_____	120287	15	0	0	0	0	0	0	0	0	1	0
C	Marios	18	107	1	1	1_____	120588	15	0	0	0	0	1	0	0	0	0	0
C	Marios	18	107	1	1	1_____	120617	15	0	0	0	0	0	0	0	0	1	0
C	Marios	18	107	1	1	1_____	120750	15	1	0	0	0	0	0	0	0	0	0
C	Marios	18	107	1	1	1_____	123753	1	0	0	0	0	1	0	0	0	0	0
C	Marios	18	107	1	1	1_____	123794	1	0	0	0	0	0	0	0	0	1	0
C	Marios	18	107	1	1	1_____	124500	1	2	0	0	0	0	0	0	0	0	0
C	Marios	18	107	1	1	1_____	124748	2	0	0	0	0	1	0	0	0	0	0
C	Marios	18	107	1	1	1_____	124805	2	0	0	0	0	0	0	0	0	1	0
C	Marios	18	107	1	1	1_____	125000	2	7	0	0	0	0	0	0	0	0	0
C	Marios	18	107	1	1	1_____	125047	7	0	0	0	0	1	0	0	0	0	0
C	Marios	18	107	1	1	1_____	125094	7	0	0	0	0	0	0	0	0	1	0
C	Marios	18	107	1	1	1_____	125179	7	0	0	0	0	1	0	0	0	0	0
C	Marios	18	107	1	1	1_____	125413	7	0	0	0	0	0	0	0	0	1	0
C	Marios	18	107	1	1	1_____	125490	7	0	0	0	0	1	0	0	0	0	0
C	Marios	18	107	1	1	1_____	125500	7	11	0	0	0	0	0	0	0	0	0
C	Marios	18	107	1	1	1_____	125534	11	0	0	0	0	0	0	0	0	1	0
C	Marios	18	107	1	1	1_____	125536	11	0	0	0	0	1	0	0	0	0	0
C	Marios	18	107	1	1	1_____	125655	11	0	0	0	0	0	0	0	0	1	0
C	Marios	18	107	1	1	1_____	125780	11	0	0	0	0	1	0	0	0	0	0
C	Marios	18	107	1	1	1_____	125786	11	0	0	0	0	0	0	0	0	1	0
C	Marios	18	107	1	1	1_____	125843	11	0	0	0	0	1	0	0	0	0	0
C	Marios	18	107	1	1	1_____	125845	11	0	0	0	0	0	0	0	0	1	0
C	Marios	18	107	1	1	1_____	125893	11	0	0	0	0	1	0	0	0	0	0
C	Marios	18	107	1	1	1_____	125897	11	0	0	0	0	0	0	0	0	1	0
C	Marios	18	107	1	1	1_____	125909	11	0	0	0	0	1	0	0	0	0	0
C	Marios	18	107	1	1	1_____	125911	11	0	0	0	0	0	0	0	0	1	0
C	Marios	18	107	1	1	1_____	125915	11	0	0	0	0	1	0	0	0	0	0
C	Marios	18	107	1	1	1_____	125921	11	0	0	0	0	0	0	0	0	1	0
C	Marios	18	107	1	1	1_____	125924	11	0	0	0	0	1	0	0	0	0	0
C	Marios	18	107	1	1	1_____	125930	11	0	0	0	0	0	0	0	0	1	0
C	Marios	18	107	1	1	1_____	125937	11	0	0	0	0	1	0	0	0	0	0
C	Marios	18	107	1	1	1_____	125939	11	0	0	0	0	0	0	0	0	1	0
C	Marios	18	107	1	1	1_____	125959	11	0	0	0	0	1	0	0	0	0	0
C	Marios	18	107	1	1	1_____	125961	11	0	0	0	0	0	0	0	0	1	0
C	Marios	18	107	1	1	1_____	125989	11	0	0	0	0	1	0	0	0	0	0
C	Marios	18	107	1	1	1_____	125990	11	0	0	0	0	0	0	0	0	1	0
C	Marios	18	107	1	1	1_____	126000	11	1	0	0	0	0	0	0	0	0	0
C	Marios	18	107	1	1	1_____	126044	1	0	0	0	0	1	0	0	0	0	0
C	Marios	18	107	1	1	1_____	126046	1	0	0	0	0	0	0	0	0	1	0
C	Marios	18	107	1	1	1_____	126058	1	0	0	0	0	1	0	0	0	0	0
C	Marios	18	107	1	1	1_____	126060	1	0	0	0	0	0	0	0	0	1	0
C	Marios	18	107	1	1	1_____	126074	1	0	0	0	0	1	0	0	0	0	0
C	Marios	18	107	1	1	1_____	126189	1	0	0	0	0	0	0	0	0	1	0
C	Marios	18	107	1	1	1_____	130525	1	0	0	0	0	1	0	0	0	0	0
C	Marios	18	107	1	1	1_____	130548	1	0	0	0	0	0	0	0	0	1	0
C	Marios	18	107	1	1	1_____	130733	1	0	0	0	0	1	0	0	0	0	0
C	Marios	18	107	1	1	1_____	130756	1	0	0	0	0	0	0	0	0	1	0
C	Marios	18	107	1	1	1_____	133500	1	2	0	0	0	0	0	0	0	0	0
C	Marios	18	107	1	1	1_____	134000	2	12	0	0	0	0	0	0	0	0	0
C	Marios	18	107	1	1	1_____	134057	12	0	0	0	0	1	0	0	0	0	0
C	Marios	18	107	1	1	1_____	134080	12	0	0	0	0	0	0	0	0	1	0
C	Marios	18	107	1	1	1_____	134087	12	0	0	0	0	1	0	0	0	0	0
C	Marios	18	107	1	1	1_____	134094	12	0	0	0	0	0	0	0	0	1	0
C	Marios	18	107	1	1	1_____	134326	12	0	0	0	0	1	0	0	0	0	0
C	Marios	18	107	1	1	1_____	134386	12	0	0	0	0	0	0	0	0	1	0
C	Marios	18	107	1	1	1_____	134473	12	0	0	0	0	1	0	0	0	0	0
C	Marios	18	107	1	1	1_____	134500	12	15	0	0	0	0	0	0	0	0	0
C	Marios	18	107	1	1	1_____	134523	15	0	0	0	0	0	0	0	0	1	0
C	Marios	18	107	1	1	1_____	134602	15	0	0	0	0	1	0	0	0	0	0
C	Marios	18	107	1	1	1_____	134631	15	0	0	0	0	0	0	0	0	1	0
C	Marios	18	107	1	1	1_____	134765	15	0	0	0	0	1	0	0	0	0	0
C	Marios	18	107	1	1	1_____	134787	15	0	0	0	0	0	0	0	0	1	0
C	Marios	18	107	1	1	1_____	134788	15	0	0	0	0	1	0	0	0	0	0
C	Marios	18	107	1	1	1_____	134855	15	0	0	0	0	0	0	0	0	1	0
C	Marios	18	107	1	1	1_____	135000	15	1	0	0	0	0	0	0	0	0	0
C	Marios	18	107	1	1	1_____	135459	1	0	0	0	0	1	0	0	0	0	0
C	Marios	18	107	1	1	1_____	135496	1	0	0	0	0	0	0	0	0	1	0
C	Marios	18	107	1	1	1_____	135498	1	0	0	0	0	1	0	0	0	0	0
C	Marios	18	107	1	1	1_____	135677	1	0	0	0	0	0	0	0	0	1	0
C	Marios	18	107	1	1	1_____	135761	1	0	0	0	0	1	0	0	0	0	0
C	Marios	18	107	1	1	1_____	135801	1	0	0	0	0	0	0	0	0	1	0
C	Marios	18	107	1	1	1_____	135802	1	0	0	0	0	1	0	0	0	0	0
C	Marios	18	107	1	1	1_____	135804	1	0	0	0	0	0	0	0	0	1	0
C	Marios	18	107	1	1	1_____	135805	1	0	0	0	0	1	0	0	0	0	0
C	Marios	18	107	1	1	1_____	135849	1	0	0	0	0	0	0	0	0	1	0
C	Marios	18	107	1	1	1_____	136214	1	0	0	0	0	1	0	0	0	0	0
C	Marios	18	107	1	1	1_____	136262	1	0	0	0	0	0	0	0	0	1	0
C	Marios	18	107	1	1	1_____	136287	1	0	0	0	0	1	0	0	0	0	0
C	Marios	18	107	1	1	1_____	136315	1	0	0	0	0	0	0	0	0	1	0
C	Marios	18	107	1	1	1_____	136500	1	2	0	0	0	0	0	0	0	0	0
C	Marios	18	107	1	1	1_____	137000	2	13	0	0	0	0	0	0	0	0	0
C	Marios	18	107	1	1	1_____	137500	13	15	0	0	0	0	0	0	0	0	0
C	Marios	18	107	1	1	1_____	137836	15	0	0	0	0	1	0	0	0	0	0
C	Marios	18	107	1	1	1_____	137850	15	0	0	0	0	0	0	0	0	1	0
C	Marios	18	107	1	1	1_____	138000	15	1	0	0	0	0	0	0	0	0	0
C	Marios	18	107	1	1	1_____	138677	1	0	0	0	0	1	0	0	0	0	0
C	Marios	18	107	1	1	1_____	138703	1	0	0	0	0	0	0	0	0	1	0
C	Marios	18	107	1	1	1_____	138973	1	0	0	0	0	1	0	0	0	0	0
C	Marios	18	107	1	1	1_____	138992	1	0	0	0	0	0	0	0	0	1	0
C	Marios	18	107	1	1	1_____	140749	1	0	0	0	0	1	0	0	0	0	0
C	Marios	18	107	1	1	1_____	140815	1	0	0	0	0	0	0	0	0	1	0
C	Marios	18	107	1	1	1_____	140819	1	0	0	0	0	1	0	0	0	0	0
C	Marios	18	107	1	1	1_____	140917	1	0	0	0	0	0	0	0	0	1	0
C	Marios	18	107	1	1	1_____	141194	1	0	0	0	0	1	0	0	0	0	0
C	Marios	18	107	1	1	1_____	141238	1	0	0	0	0	0	0	0	0	1	0
C	Marios	18	107	1	1	1_____	141760	1	0	0	0	0	1	0	0	0	0	0
C	Marios	18	107	1	1	1_____	141783	1	0	0	0	0	0	0	0	0	1	0
C	Marios	18	107	1	1	1_____	141826	1	0	0	0	0	1	0	0	0	0	0
C	Marios	18	107	1	1	1_____	141848	1	0	0	0	0	0	0	0	0	1	0
C	Marios	18	107	1	1	1_____	141850	1	0	0	0	0	1	0	0	0	0	0
C	Marios	18	107	1	1	1_____	141946	1	0	0	0	0	0	0	0	0	1	0
C	Marios	18	107	1	1	1_____	141986	1	0	0	0	0	1	0	0	0	0	0
C	Marios	18	107	1	1	1_____	141990	1	0	0	0	0	0	0	0	0	1	0
C	Marios	18	107	1	1	1_____	142500	1	2	0	0	0	0	0	0	0	0	0
C	Marios	18	107	1	1	1_____	142692	2	0	0	0	0	1	0	0	0	0	0
C	Marios	18	107	1	1	1_____	142698	2	0	0	0	0	0	0	0	0	1	0
C	Marios	18	107	1	1	1_____	143000	2	6	0	0	0	0	0	0	0	0	0
C	Marios	18	107	1	1	1_____	143031	6	0	0	0	0	1	0	0	0	0	0
C	Marios	18	107	1	1	1_____	143036	6	0	0	0	0	0	0	0	0	1	0
C	Marios	18	107	1	1	1_____	143135	6	0	0	0	0	1	0	0	0	0	0
C	Marios	18	107	1	1	1_____	143210	6	0	0	0	0	0	0	0	0	1	0
C	Marios	18	107	1	1	1_____	143269	6	0	0	0	0	1	0	0	0	0	0
C	Marios	18	107	1	1	1_____	143331	6	0	0	0	0	0	0	0	0	1	0
C	Marios	18	107	1	1	1_____	143408	6	0	0	0	0	1	0	0	0	0	0
C	Marios	18	107	1	1	1_____	143500	6	10	0	0	0	0	0	0	0	0	0
C	Marios	18	107	1	1	1_____	143748	10	0	0	0	0	0	0	0	0	1	0
C	Marios	18	107	1	1	1_____	143783	10	0	0	0	0	1	0	0	0	0	0
C	Marios	18	107	1	1	1_____	143891	10	0	0	0	0	0	0	0	0	1	0
C	Marios	18	107	1	1	1_____	143924	10	0	0	0	0	1	0	0	0	0	0
C	Marios	18	107	1	1	1_____	143926	10	0	0	0	0	0	0	0	0	1	0
C	Marios	18	107	1	1	1_____	144000	10	14	0	0	0	0	0	0	0	0	0
C	Marios	18	107	1	1	1_____	144564	14	0	0	0	0	1	0	0	0	0	0
C	Marios	18	107	1	1	1_____	144606	14	0	0	0	0	0	0	0	0	1	0
C	Marios	18	107	1	1	1_____	145868	14	0	0	0	0	1	0	0	0	0	0
C	Marios	18	107	1	1	1_____	145898	14	0	0	0	0	0	0	0	0	1	0
C	Marios	18	107	1	1	1_____	146672	14	0	0	0	0	1	0	0	0	0	0
C	Marios	18	107	1	1	1_____	146698	14	0	0	0	0	0	0	0	0	1	0
C	Marios	18	107	1	1	1_____	147000	14	-1	0	0	0	0	0	0	0	0	0
C	Marios	18	107	5	1	26____	0	0	1	0	0	0	0	0	0	0	0	0
C	Marios	18	107	5	1	26____	656	1	0	0	0	0	1	0	0	0	0	0
C	Marios	18	107	5	1	26____	661	1	0	0	0	0	0	0	0	0	1	0
C	Marios	18	107	5	1	26____	662	1	0	0	0	0	1	0	0	0	0	0
C	Marios	18	107	5	1	26____	731	1	0	0	0	0	0	0	0	0	1	0
C	Marios	18	107	5	1	26____	741	1	0	0	0	0	1	0	0	0	0	0
C	Marios	18	107	5	1	26____	744	1	0	0	0	0	0	0	0	0	1	0
C	Marios	18	107	5	1	26____	3163	1	0	0	0	0	1	0	0	0	0	0
C	Marios	18	107	5	1	26____	3193	1	0	0	0	0	0	0	0	0	1	0
C	Marios	18	107	5	1	26____	7500	1	2	0	0	0	0	0	0	0	0	0
C	Marios	18	107	5	1	26____	8000	2	12	0	0	0	0	0	0	0	0	0
C	Marios	18	107	5	1	26____	8500	12	15	0	0	0	0	0	0	0	0	0
C	Marios	18	107	5	1	26____	9000	15	1	0	0	0	0	0	0	0	0	0
C	Marios	18	107	5	1	26____	9265	1	0	0	0	0	1	0	0	0	0	0
C	Marios	18	107	5	1	26____	9365	1	0	0	0	0	0	0	0	0	1	0
C	Marios	18	107	5	1	26____	9399	1	0	0	0	0	1	0	0	0	0	0
C	Marios	18	107	5	1	26____	9441	1	0	0	0	0	0	0	0	0	1	0
C	Marios	18	107	5	1	26____	9542	1	0	0	0	0	1	0	0	0	0	0
C	Marios	18	107	5	1	26____	9659	1	0	0	0	0	0	0	0	0	1	0
C	Marios	18	107	5	1	26____	9697	1	0	0	0	0	1	0	0	0	0	0
C	Marios	18	107	5	1	26____	9771	1	0	0	0	0	0	0	0	0	1	0
C	Marios	18	107	5	1	26____	9876	1	0	0	0	0	1	0	0	0	0	0
C	Marios	18	107	5	1	26____	9893	1	0	0	0	0	0	0	0	0	1	0
C	Marios	18	107	5	1	26____	9929	1	0	0	0	0	1	0	0	0	0	0
C	Marios	18	107	5	1	26____	9949	1	0	0	0	0	0	0	0	0	1	0
C	Marios	18	107	5	1	26____	10228	1	0	0	0	0	1	0	0	0	0	0
C	Marios	18	107	5	1	26____	10238	1	0	0	0	0	0	0	0	0	1	0
C	Marios	18	107	5	1	26____	12500	1	2	0	0	0	0	0	0	0	0	0
C	Marios	18	107	5	1	26____	13000	2	6	0	0	0	0	0	0	0	0	0
C	Marios	18	107	5	1	26____	13197	6	0	0	0	0	1	0	0	0	0	0
C	Marios	18	107	5	1	26____	13217	6	0	0	0	0	0	0	0	0	1	0
C	Marios	18	107	5	1	26____	13288	6	0	0	0	0	1	0	0	0	0	0
C	Marios	18	107	5	1	26____	13341	6	0	0	0	0	0	0	0	0	1	0
C	Marios	18	107	5	1	26____	13385	6	0	0	0	0	1	0	0	0	0	0
C	Marios	18	107	5	1	26____	13425	6	0	0	0	0	0	0	0	0	1	0
C	Marios	18	107	5	1	26____	13468	6	0	0	0	0	1	0	0	0	0	0
C	Marios	18	107	5	1	26____	13500	6	10	0	0	0	0	0	0	0	0	0
C	Marios	18	107	5	1	26____	13700	10	0	0	0	0	0	0	0	0	1	0
C	Marios	18	107	5	1	26____	13702	10	0	0	0	0	1	0	0	0	0	0
C	Marios	18	107	5	1	26____	13712	10	0	0	0	0	0	0	0	0	1	0
C	Marios	18	107	5	1	26____	13814	10	0	0	0	0	1	0	0	0	0	0
C	Marios	18	107	5	1	26____	13827	10	0	0	0	0	0	0	0	0	1	0
C	Marios	18	107	5	1	26____	14000	10	1	0	0	0	0	0	0	0	0	0
C	Marios	18	107	5	1	26____	15430	1	0	0	0	0	1	0	0	0	0	0
C	Marios	18	107	5	1	26____	15433	1	0	0	0	0	0	0	0	0	1	0
C	Marios	18	107	5	1	26____	18005	1	0	0	0	0	1	0	0	0	0	0
C	Marios	18	107	5	1	26____	18029	1	0	0	0	0	0	0	0	0	1	0
C	Marios	18	107	5	1	26____	18232	1	0	0	0	0	1	0	0	0	0	0
C	Marios	18	107	5	1	26____	18295	1	0	0	0	0	0	0	0	0	1	0
C	Marios	18	107	5	1	26____	18337	1	0	0	0	0	1	0	0	0	0	0
C	Marios	18	107	5	1	26____	18361	1	0	0	0	0	0	0	0	0	1	0
C	Marios	18	107	5	1	26____	18478	1	0	0	0	0	1	0	0	0	0	0
C	Marios	18	107	5	1	26____	18485	1	0	0	0	0	0	0	0	0	1	0
C	Marios	18	107	5	1	26____	18798	1	0	0	0	0	1	0	0	0	0	0
C	Marios	18	107	5	1	26____	18812	1	0	0	0	0	0	0	0	0	1	0
C	Marios	18	107	5	1	26____	19500	1	2	0	0	0	0	0	0	0	0	0
C	Marios	18	107	5	1	26____	20000	2	13	0	0	0	0	0	0	0	0	0
C	Marios	18	107	5	1	26____	20500	13	15	0	0	0	0	0	0	0	0	0
C	Marios	18	107	5	1	26____	21000	15	1	0	0	0	0	0	0	0	0	0
C	Marios	18	107	5	1	26____	22228	1	0	0	0	0	1	0	0	0	0	0
C	Marios	18	107	5	1	26____	22257	1	0	0	0	0	0	0	0	0	1	0
C	Marios	18	107	5	1	26____	24545	1	0	0	0	0	1	0	0	0	0	0
C	Marios	18	107	5	1	26____	24580	1	0	0	0	0	0	0	0	0	1	0
C	Marios	18	107	5	1	26____	25251	1	0	0	0	0	1	0	0	0	0	0
C	Marios	18	107	5	1	26____	25277	1	0	0	0	0	0	0	0	0	1	0
C	Marios	18	107	5	1	26____	25500	1	2	0	0	0	0	0	0	0	0	0
C	Marios	18	107	5	1	26____	25959	2	0	0	0	0	1	0	0	0	0	0
C	Marios	18	107	5	1	26____	25968	2	0	0	0	0	1	0	0	0	1	0
C	Marios	18	107	5	1	26____	26000	2	7	0	0	0	0	0	0	0	0	0
C	Marios	18	107	5	1	26____	26002	7	0	0	0	0	0	0	0	0	1	0
C	Marios	18	107	5	1	26____	26102	7	0	0	0	0	1	0	0	0	0	0
C	Marios	18	107	5	1	26____	26111	7	0	0	0	0	0	0	0	0	1	0
C	Marios	18	107	5	1	26____	26124	7	0	0	0	0	1	0	0	0	0	0
C	Marios	18	107	5	1	26____	26161	7	0	0	0	0	0	0	0	0	1	0
C	Marios	18	107	5	1	26____	26197	7	0	0	0	0	1	0	0	0	0	0
C	Marios	18	107	5	1	26____	26342	7	0	0	0	0	0	0	0	0	1	0
C	Marios	18	107	5	1	26____	26397	7	0	0	0	0	1	0	0	0	0	0
C	Marios	18	107	5	1	26____	26453	7	0	0	0	0	0	0	0	0	1	0
C	Marios	18	107	5	1	26____	26500	7	11	0	0	0	0	0	0	0	0	0
C	Marios	18	107	5	1	26____	26518	11	0	0	0	0	1	0	0	0	0	0
C	Marios	18	107	5	1	26____	26699	11	0	0	0	0	0	0	0	0	1	0
C	Marios	18	107	5	1	26____	26704	11	0	0	0	0	1	0	0	0	0	0
C	Marios	18	107	5	1	26____	26761	11	0	0	0	0	0	0	0	0	1	0
C	Marios	18	107	5	1	26____	26789	11	0	0	0	0	1	0	0	0	0	0
C	Marios	18	107	5	1	26____	26809	11	0	0	0	0	0	0	0	0	1	0
C	Marios	18	107	5	1	26____	26871	11	0	0	0	0	1	0	0	0	0	0
C	Marios	18	107	5	1	26____	26900	11	0	0	0	0	0	0	0	0	1	0
C	Marios	18	107	5	1	26____	27000	11	1	0	0	0	0	0	0	0	0	0
C	Marios	18	107	5	1	26____	27635	1	0	0	0	0	1	0	0	0	0	0
C	Marios	18	107	5	1	26____	27649	1	0	0	0	0	0	0	0	0	1	0
C	Marios	18	107	5	1	26____	29250	1	2	0	0	0	0	0	0	0	0	0
C	Marios	18	107	5	1	26____	29686	2	0	0	0	0	1	0	0	0	0	0
C	Marios	18	107	5	1	26____	29689	2	0	0	0	0	0	0	0	0	1	0
C	Marios	18	107	5	1	26____	29690	2	0	0	0	0	1	0	0	0	0	0
C	Marios	18	107	5	1	26____	29750	2	12	0	0	0	0	0	0	0	0	0
C	Marios	18	107	5	1	26____	29754	12	0	0	0	0	0	0	0	0	1	0
C	Marios	18	107	5	1	26____	30250	12	15	0	0	0	0	0	0	0	0	0
C	Marios	18	107	5	1	26____	30415	15	0	0	0	0	1	0	0	0	0	0
C	Marios	18	107	5	1	26____	30432	15	0	0	0	0	0	0	0	0	1	0
C	Marios	18	107	5	1	26____	30536	15	0	0	0	0	1	0	0	0	0	0
C	Marios	18	107	5	1	26____	30670	15	0	0	0	0	0	0	0	0	1	0
C	Marios	18	107	5	1	26____	30712	15	0	0	0	0	1	0	0	0	0	0
C	Marios	18	107	5	1	26____	30745	15	0	0	0	0	0	0	0	0	1	0
C	Marios	18	107	5	1	26____	30750	15	1	0	0	0	0	0	0	0	0	0
C	Marios	18	107	5	1	26____	30762	1	0	0	0	0	1	0	0	0	0	0
C	Marios	18	107	5	1	26____	30875	1	0	0	0	0	0	0	0	0	1	0
C	Marios	18	107	5	1	26____	30889	1	0	0	0	0	1	0	0	0	0	0
C	Marios	18	107	5	1	26____	30902	1	0	0	0	0	0	0	0	0	1	0
C	Marios	18	107	5	1	26____	30941	1	0	0	0	0	1	0	0	0	0	0
C	Marios	18	107	5	1	26____	30986	1	0	0	0	0	0	0	0	0	1	0
C	Marios	18	107	5	1	26____	31029	1	0	0	0	0	1	0	0	0	0	0
C	Marios	18	107	5	1	26____	31109	1	0	0	0	0	0	0	0	0	1	0
C	Marios	18	107	5	1	26____	31146	1	0	0	0	0	1	0	0	0	0	0
C	Marios	18	107	5	1	26____	31206	1	0	0	0	0	0	0	0	0	1	0
C	Marios	18	107	5	1	26____	31438	1	0	0	0	0	1	0	0	0	0	0
C	Marios	18	107	5	1	26____	31473	1	0	0	0	0	0	0	0	0	1	0
C	Marios	18	107	5	1	26____	31556	1	0	0	0	0	1	0	0	0	0	0
C	Marios	18	107	5	1	26____	31558	1	0	0	0	0	0	0	0	0	1	0
C	Marios	18	107	5	1	26____	31563	1	0	0	0	0	1	0	0	0	0	0
C	Marios	18	107	5	1	26____	31564	1	0	0	0	0	0	0	0	0	1	0
C	Marios	18	107	5	1	26____	31569	1	0	0	0	0	1	0	0	0	0	0
C	Marios	18	107	5	1	26____	31571	1	0	0	0	0	0	0	0	0	1	0
C	Marios	18	107	5	1	26____	31604	1	0	0	0	0	1	0	0	0	0	0
C	Marios	18	107	5	1	26____	31618	1	0	0	0	0	0	0	0	0	1	0
C	Marios	18	107	5	1	26____	31743	1	0	0	0	0	1	0	0	0	0	0
C	Marios	18	107	5	1	26____	31773	1	0	0	0	0	0	0	0	0	1	0
C	Marios	18	107	5	1	26____	31805	1	0	0	0	0	1	0	0	0	0	0
C	Marios	18	107	5	1	26____	31807	1	0	0	0	0	0	0	0	0	1	0
C	Marios	18	107	5	1	26____	31824	1	0	0	0	0	1	0	0	0	0	0
C	Marios	18	107	5	1	26____	31826	1	0	0	0	0	0	0	0	0	1	0
C	Marios	18	107	5	1	26____	31829	1	0	0	0	0	1	0	0	0	0	0
C	Marios	18	107	5	1	26____	31888	1	0	0	0	0	0	0	0	0	1	0
C	Marios	18	107	5	1	26____	32156	1	0	0	0	0	1	0	0	0	0	0
C	Marios	18	107	5	1	26____	32202	1	0	0	0	0	0	0	0	0	1	0
C	Marios	18	107	5	1	26____	32627	1	0	0	0	0	1	0	0	0	0	0
C	Marios	18	107	5	1	26____	32679	1	0	0	0	0	0	0	0	0	1	0
C	Marios	18	107	5	1	26____	32759	1	0	0	0	0	1	0	0	0	0	0
C	Marios	18	107	5	1	26____	32874	1	0	0	0	0	0	0	0	0	1	0
C	Marios	18	107	5	1	26____	32910	1	0	0	0	0	1	0	0	0	0	0
C	Marios	18	107	5	1	26____	33131	1	0	0	0	0	0	0	0	0	1	0
C	Marios	18	107	5	1	26____	33164	1	0	0	0	0	1	0	0	0	0	0
C	Marios	18	107	5	1	26____	33272	1	0	0	0	0	0	0	0	0	1	0
C	Marios	18	107	5	1	26____	33381	1	0	0	0	0	1	0	0	0	0	0
C	Marios	18	107	5	1	26____	33439	1	0	0	0	0	0	0	0	0	1	0
C	Marios	18	107	5	1	26____	33616	1	0	0	0	0	1	0	0	0	0	0
C	Marios	18	107	5	1	26____	33646	1	0	0	0	0	0	0	0	0	1	0
C	Marios	18	107	5	1	26____	34173	1	0	0	0	0	1	0	0	0	0	0
C	Marios	18	107	5	1	26____	34251	1	0	0	0	0	0	0	0	0	1	0
C	Marios	18	107	5	1	26____	34286	1	0	0	0	0	1	0	0	0	0	0
C	Marios	18	107	5	1	26____	34306	1	0	0	0	0	0	0	0	0	1	0
C	Marios	18	107	5	1	26____	35940	1	0	0	0	0	1	0	0	0	0	0
C	Marios	18	107	5	1	26____	35977	1	0	0	0	0	0	0	0	0	1	0
C	Marios	18	107	5	1	26____	36000	1	2	0	0	0	0	0	0	0	0	0
C	Marios	18	107	5	1	26____	36500	2	13	0	0	0	0	0	0	0	0	0
C	Marios	18	107	5	1	26____	37000	13	15	0	0	0	0	0	0	0	0	0
C	Marios	18	107	5	1	26____	37123	15	0	0	0	0	1	0	0	0	0	0
C	Marios	18	107	5	1	26____	37154	15	0	0	0	0	0	0	0	0	1	0
C	Marios	18	107	5	1	26____	37253	15	0	0	0	0	1	0	0	0	0	0
C	Marios	18	107	5	1	26____	37278	15	0	0	0	0	0	0	0	0	1	0
C	Marios	18	107	5	1	26____	37500	15	1	0	0	0	0	0	0	0	0	0
C	Marios	18	107	5	1	26____	38276	1	0	0	0	0	1	0	0	0	0	0
C	Marios	18	107	5	1	26____	38339	1	0	0	0	0	0	0	0	0	1	0
C	Marios	18	107	5	1	26____	38372	1	0	0	0	0	1	0	0	0	0	0
C	Marios	18	107	5	1	26____	38391	1	0	0	0	0	0	0	0	0	1	0
C	Marios	18	107	5	1	26____	38446	1	0	0	0	0	1	0	0	0	0	0
C	Marios	18	107	5	1	26____	38542	1	0	0	0	0	0	0	0	0	1	0
C	Marios	18	107	5	1	26____	38546	1	0	0	0	0	1	0	0	0	0	0
C	Marios	18	107	5	1	26____	38606	1	0	0	0	0	0	0	0	0	1	0
C	Marios	18	107	5	1	26____	38819	1	0	0	0	0	1	0	0	0	0	0
C	Marios	18	107	5	1	26____	38842	1	0	0	0	0	0	0	0	0	1	0
C	Marios	18	107	5	1	26____	39968	1	0	0	0	0	1	0	0	0	0	0
C	Marios	18	107	5	1	26____	39973	1	0	0	0	0	0	0	0	0	1	0
C	Marios	18	107	5	1	26____	39975	1	0	0	0	0	1	0	0	0	0	0
C	Marios	18	107	5	1	26____	40019	1	0	0	0	0	0	0	0	0	1	0
C	Marios	18	107	5	1	26____	40570	1	0	0	0	0	1	0	0	0	0	0
C	Marios	18	107	5	1	26____	40626	1	0	0	0	0	1	0	0	0	1	0
C	Marios	18	107	5	1	26____	40658	1	0	0	0	0	0	0	0	0	1	0
C	Marios	18	107	5	1	26____	40724	1	0	0	0	0	1	0	0	0	0	0
C	Marios	18	107	5	1	26____	40779	1	0	0	0	0	0	0	0	0	1	0
C	Marios	18	107	5	1	26____	42000	1	2	0	0	0	0	0	0	0	0	0
C	Marios	18	107	5	1	26____	42113	2	0	0	0	0	1	0	0	0	0	0
C	Marios	18	107	5	1	26____	42133	2	0	0	0	0	0	0	0	0	1	0
C	Marios	18	107	5	1	26____	42265	2	0	0	0	0	1	0	0	0	0	0
C	Marios	18	107	5	1	26____	42325	2	0	0	0	0	0	0	0	0	1	0
C	Marios	18	107	5	1	26____	42500	2	12	0	0	0	0	0	0	0	0	0
C	Marios	18	107	5	1	26____	43000	12	15	0	0	0	0	0	0	0	0	0
C	Marios	18	107	5	1	26____	43110	15	0	0	0	0	1	0	0	0	0	0
C	Marios	18	107	5	1	26____	43156	15	0	0	0	0	0	0	0	0	1	0
C	Marios	18	107	5	1	26____	43183	15	0	0	0	0	1	0	0	0	0	0
C	Marios	18	107	5	1	26____	43321	15	0	0	0	0	0	0	0	0	1	0
C	Marios	18	107	5	1	26____	43337	15	0	0	0	0	1	0	0	0	0	0
C	Marios	18	107	5	1	26____	43346	15	0	0	0	0	0	0	0	0	1	0
C	Marios	18	107	5	1	26____	43387	15	0	0	0	0	1	0	0	0	0	0
C	Marios	18	107	5	1	26____	43434	15	0	0	0	0	0	0	0	0	1	0
C	Marios	18	107	5	1	26____	43469	15	0	0	0	0	1	0	0	0	0	0
C	Marios	18	107	5	1	26____	43500	15	1	0	0	0	0	0	0	0	0	0
C	Marios	18	107	5	1	26____	43557	1	0	0	0	0	0	0	0	0	1	0
C	Marios	18	107	5	1	26____	43790	1	0	0	0	0	1	0	0	0	0	0
C	Marios	18	107	5	1	26____	43956	1	0	0	0	0	0	0	0	0	1	0
C	Marios	18	107	5	1	26____	44073	1	0	0	0	0	1	0	0	0	0	0
C	Marios	18	107	5	1	26____	44255	1	0	0	0	0	0	0	0	0	1	0
C	Marios	18	107	5	1	26____	46876	1	0	0	0	0	1	0	0	0	0	0
C	Marios	18	107	5	1	26____	46897	1	0	0	0	0	0	0	0	0	1	0
C	Marios	18	107	5	1	26____	46935	1	0	0	0	0	1	0	0	0	0	0
C	Marios	18	107	5	1	26____	47030	1	0	0	0	0	0	0	0	0	1	0
C	Marios	18	107	5	1	26____	47250	1	2	0	0	0	0	0	0	0	0	0
C	Marios	18	107	5	1	26____	47750	2	13	0	0	0	0	0	0	0	0	0
C	Marios	18	107	5	1	26____	48250	13	15	0	0	0	0	0	0	0	0	0
C	Marios	18	107	5	1	26____	48708	15	0	0	0	0	1	0	0	0	0	0
C	Marios	18	107	5	1	26____	48711	15	0	0	0	0	0	0	0	0	1	0
C	Marios	18	107	5	1	26____	48712	15	0	0	0	0	1	0	0	0	0	0
C	Marios	18	107	5	1	26____	48745	15	0	0	0	0	0	0	0	0	1	0
C	Marios	18	107	5	1	26____	48750	15	1	0	0	0	0	0	0	0	0	0
C	Marios	18	107	5	1	26____	48839	1	0	0	0	0	1	0	0	0	0	0
C	Marios	18	107	5	1	26____	48844	1	0	0	0	0	0	0	0	0	1	0
C	Marios	18	107	5	1	26____	50331	1	0	0	0	0	1	0	0	0	0	0
C	Marios	18	107	5	1	26____	50339	1	0	0	0	0	0	0	0	0	1	0
C	Marios	18	107	5	1	26____	50343	1	0	0	0	0	1	0	0	0	0	0
C	Marios	18	107	5	1	26____	50429	1	0	0	0	0	0	0	0	0	1	0
C	Marios	18	107	5	1	26____	50442	1	0	0	0	0	1	0	0	0	0	0
C	Marios	18	107	5	1	26____	50473	1	0	0	0	0	1	0	0	0	1	0
C	Marios	18	107	5	1	26____	50530	1	0	0	0	0	0	0	0	0	1	0
C	Marios	18	107	5	1	26____	50858	1	0	0	0	0	1	0	0	0	0	0
C	Marios	18	107	5	1	26____	50896	1	0	0	0	0	1	0	0	0	1	0
C	Marios	18	107	5	1	26____	50922	1	0	0	0	0	0	0	0	0	1	0
C	Marios	18	107	5	1	26____	51677	1	0	0	0	0	1	0	0	0	0	0
C	Marios	18	107	5	1	26____	51759	1	0	0	0	0	0	0	0	0	1	0
C	Marios	18	107	5	1	26____	52548	1	0	0	0	0	1	0	0	0	0	0
C	Marios	18	107	5	1	26____	52568	1	0	0	0	0	0	0	0	0	1	0
C	Marios	18	107	5	1	26____	53136	1	0	0	0	0	1	0	0	0	0	0
C	Marios	18	107	5	1	26____	53395	1	0	0	0	0	0	0	0	0	1	0
C	Marios	18	107	5	1	26____	55389	1	0	0	0	0	1	0	0	0	0	0
C	Marios	18	107	5	1	26____	55500	1	2	0	0	0	0	0	0	0	0	0
C	Marios	18	107	5	1	26____	55532	2	0	0	0	0	0	0	0	0	1	0
C	Marios	18	107	5	1	26____	55635	2	0	0	0	0	1	0	0	0	0	0
C	Marios	18	107	5	1	26____	55773	2	0	0	0	0	0	0	0	0	1	0
C	Marios	18	107	5	1	26____	55821	2	0	0	0	0	1	0	0	0	0	0
C	Marios	18	107	5	1	26____	55925	2	0	0	0	0	0	0	0	0	1	0
C	Marios	18	107	5	1	26____	56000	2	7	0	0	0	0	0	0	0	0	0
C	Marios	18	107	5	1	26____	56108	7	0	0	0	0	1	0	0	0	0	0
C	Marios	18	107	5	1	26____	56339	7	0	0	0	0	0	0	0	0	1	0
C	Marios	18	107	5	1	26____	56395	7	0	0	0	0	1	0	0	0	0	0
C	Marios	18	107	5	1	26____	56421	7	0	0	0	0	0	0	0	0	1	0
C	Marios	18	107	5	1	26____	56439	7	0	0	0	0	1	0	0	0	0	0
C	Marios	18	107	5	1	26____	56500	7	11	0	0	0	0	0	0	0	0	0
C	Marios	18	107	5	1	26____	56745	11	0	0	0	0	0	0	0	0	1	0
C	Marios	18	107	5	1	26____	56758	11	0	0	0	0	1	0	0	0	0	0
C	Marios	18	107	5	1	26____	56762	11	0	0	0	0	0	0	0	0	1	0
C	Marios	18	107	5	1	26____	56765	11	0	0	0	0	1	0	0	0	0	0
C	Marios	18	107	5	1	26____	56767	11	0	0	0	0	0	0	0	0	1	0
C	Marios	18	107	5	1	26____	56770	11	0	0	0	0	1	0	0	0	0	0
C	Marios	18	107	5	1	26____	56774	11	0	0	0	0	0	0	0	0	1	0
C	Marios	18	107	5	1	26____	56779	11	0	0	0	0	1	0	0	0	0	0
C	Marios	18	107	5	1	26____	56781	11	0	0	0	0	0	0	0	0	1	0
C	Marios	18	107	5	1	26____	56808	11	0	0	0	0	1	0	0	0	0	0
C	Marios	18	107	5	1	26____	56810	11	0	0	0	0	0	0	0	0	1	0
C	Marios	18	107	5	1	26____	56837	11	0	0	0	0	1	0	0	0	0	0
C	Marios	18	107	5	1	26____	56838	11	0	0	0	0	0	0	0	0	1	0
C	Marios	18	107	5	1	26____	56893	11	0	0	0	0	1	0	0	0	0	0
C	Marios	18	107	5	1	26____	56895	11	0	0	0	0	0	0	0	0	1	0
C	Marios	18	107	5	1	26____	57000	11	1	0	0	0	0	0	0	0	0	0
C	Marios	18	107	5	1	26____	57071	1	0	0	0	0	1	0	0	0	0	0
C	Marios	18	107	5	1	26____	57080	1	0	0	0	0	0	0	0	0	1	0
C	Marios	18	107	5	1	26____	57082	1	0	0	0	0	1	0	0	0	0	0
C	Marios	18	107	5	1	26____	57083	1	0	0	0	0	0	0	0	0	1	0
C	Marios	18	107	5	1	26____	57084	1	0	0	0	0	1	0	0	0	0	0
C	Marios	18	107	5	1	26____	57086	1	0	0	0	0	0	0	0	0	1	0
C	Marios	18	107	5	1	26____	57121	1	0	0	0	0	1	0	0	0	0	0
C	Marios	18	107	5	1	26____	57151	1	0	0	0	0	0	0	0	0	1	0
C	Marios	18	107	5	1	26____	59351	1	0	0	0	0	1	0	0	0	0	0
C	Marios	18	107	5	1	26____	59358	1	0	0	0	0	0	0	0	0	1	0
C	Marios	18	107	5	1	26____	59438	1	0	0	0	0	1	0	0	0	0	0
C	Marios	18	107	5	1	26____	59461	1	0	0	0	0	0	0	0	0	1	0
C	Marios	18	107	5	1	26____	59557	1	0	0	0	0	1	0	0	0	0	0
C	Marios	18	107	5	1	26____	59562	1	0	0	0	0	0	0	0	0	1	0
C	Marios	18	107	5	1	26____	59564	1	0	0	0	0	1	0	0	0	0	0
C	Marios	18	107	5	1	26____	59607	1	0	0	0	0	0	0	0	0	1	0
C	Marios	18	107	5	1	26____	60057	1	0	0	0	0	1	0	0	0	0	0
C	Marios	18	107	5	1	26____	60189	1	0	0	0	0	0	0	0	0	1	0
C	Marios	18	107	5	1	26____	60587	1	0	0	0	0	1	0	0	0	0	0
C	Marios	18	107	5	1	26____	60594	1	0	0	0	0	0	0	0	0	1	0
C	Marios	18	107	5	1	26____	60601	1	0	0	0	0	1	0	0	0	0	0
C	Marios	18	107	5	1	26____	60610	1	0	0	0	0	0	0	0	0	1	0
C	Marios	18	107	5	1	26____	60638	1	0	0	0	0	1	0	0	0	0	0
C	Marios	18	107	5	1	26____	60698	1	0	0	0	0	0	0	0	0	1	0
C	Marios	18	107	5	1	26____	60872	1	0	0	0	0	1	0	0	0	0	0
C	Marios	18	107	5	1	26____	60886	1	0	0	0	0	0	0	0	0	1	0
C	Marios	18	107	5	1	26____	60922	1	0	0	0	0	1	0	0	0	0	0
C	Marios	18	107	5	1	26____	61068	1	0	0	0	0	0	0	0	0	1	0
C	Marios	18	107	5	1	26____	61413	1	0	0	0	0	1	0	0	0	0	0
C	Marios	18	107	5	1	26____	61582	1	0	0	0	0	0	0	0	0	1	0
C	Marios	18	107	5	1	26____	61586	1	0	0	0	0	1	0	0	0	0	0
C	Marios	18	107	5	1	26____	61663	1	0	0	0	0	0	0	0	0	1	0
C	Marios	18	107	5	1	26____	61751	1	0	0	0	0	1	0	0	0	0	0
C	Marios	18	107	5	1	26____	61754	1	0	0	0	0	0	0	0	0	1	0
C	Marios	18	107	5	1	26____	61804	1	0	0	0	0	1	0	0	0	0	0
C	Marios	18	107	5	1	26____	61903	1	0	0	0	0	0	0	0	0	1	0
C	Marios	18	107	5	1	26____	61973	1	0	0	0	0	1	0	0	0	0	0
C	Marios	18	107	5	1	26____	62294	1	0	0	0	0	0	0	0	0	1	0
C	Marios	18	107	5	1	26____	62409	1	0	0	0	0	1	0	0	0	0	0
C	Marios	18	107	5	1	26____	62564	1	0	0	0	0	0	0	0	0	1	0
C	Marios	18	107	5	1	26____	62638	1	0	0	0	0	1	0	0	0	0	0
C	Marios	18	107	5	1	26____	62825	1	0	0	0	0	0	0	0	0	1	0
C	Marios	18	107	5	1	26____	62983	1	0	0	0	0	1	0	0	0	0	0
C	Marios	18	107	5	1	26____	63000	1	2	0	0	0	0	0	0	0	0	0
C	Marios	18	107	5	1	26____	63083	2	0	0	0	0	0	0	0	0	1	0
C	Marios	18	107	5	1	26____	63401	2	0	0	0	0	1	0	0	0	0	0
C	Marios	18	107	5	1	26____	63478	2	0	0	0	0	0	0	0	0	1	0
C	Marios	18	107	5	1	26____	63500	2	6	0	0	0	0	0	0	0	0	0
C	Marios	18	107	5	1	26____	63545	6	0	0	0	0	1	0	0	0	0	0
C	Marios	18	107	5	1	26____	63678	6	0	0	0	0	0	0	0	0	1	0
C	Marios	18	107	5	1	26____	63709	6	0	0	0	0	1	0	0	0	0	0
C	Marios	18	107	5	1	26____	63818	6	0	0	0	0	0	0	0	0	1	0
C	Marios	18	107	5	1	26____	63871	6	0	0	0	0	1	0	0	0	0	0
C	Marios	18	107	5	1	26____	63954	6	0	0	0	0	0	0	0	0	1	0
C	Marios	18	107	5	1	26____	64000	6	10	0	0	0	0	0	0	0	0	0
C	Marios	18	107	5	1	26____	64021	10	0	0	0	0	1	0	0	0	0	0
C	Marios	18	107	5	1	26____	64262	10	0	0	0	0	0	0	0	0	1	0
C	Marios	18	107	5	1	26____	64500	10	1	0	0	0	0	0	0	0	0	0
C	Marios	18	107	5	1	26____	64896	1	0	0	0	0	1	0	0	0	0	0
C	Marios	18	107	5	1	26____	64905	1	0	0	0	0	0	0	0	0	1	0
C	Marios	18	107	5	1	26____	65998	1	0	0	0	0	1	0	0	0	0	0
C	Marios	18	107	5	1	26____	66015	1	0	0	0	0	0	0	0	0	1	0
C	Marios	18	107	5	1	26____	66074	1	0	0	0	0	1	0	0	0	0	0
C	Marios	18	107	5	1	26____	66120	1	0	0	0	0	0	0	0	0	1	0
C	Marios	18	107	5	1	26____	66218	1	0	0	0	0	1	0	0	0	0	0
C	Marios	18	107	5	1	26____	66266	1	0	0	0	0	0	0	0	0	1	0
C	Marios	18	107	5	1	26____	66379	1	0	0	0	0	1	0	0	0	0	0
C	Marios	18	107	5	1	26____	66443	1	0	0	0	0	0	0	0	0	1	0
C	Marios	18	107	5	1	26____	66567	1	0	0	0	0	1	0	0	0	0	0
C	Marios	18	107	5	1	26____	66695	1	0	0	0	0	0	0	0	0	1	0
C	Marios	18	107	5	1	26____	67242	1	0	0	0	0	1	0	0	0	0	0
C	Marios	18	107	5	1	26____	67335	1	0	0	0	0	0	0	0	0	1	0
C	Marios	18	107	5	1	26____	67431	1	0	0	0	0	1	0	0	0	0	0
C	Marios	18	107	5	1	26____	67500	1	2	0	0	0	0	0	0	0	0	0
C	Marios	18	107	5	1	26____	67547	2	0	0	0	0	0	0	0	0	1	0
C	Marios	18	107	5	1	26____	67703	2	0	0	0	0	1	0	0	0	0	0
C	Marios	18	107	5	1	26____	67812	2	0	0	0	0	0	0	0	0	1	0
C	Marios	18	107	5	1	26____	67897	2	0	0	0	0	1	0	0	0	0	0
C	Marios	18	107	5	1	26____	67925	2	0	0	0	0	0	0	0	0	1	0
C	Marios	18	107	5	1	26____	67931	2	0	0	0	0	1	0	0	0	0	0
C	Marios	18	107	5	1	26____	67983	2	0	0	0	0	0	0	0	0	1	0
C	Marios	18	107	5	1	26____	68000	2	12	0	0	0	0	0	0	0	0	0
C	Marios	18	107	5	1	26____	68430	12	0	0	0	0	1	0	0	0	0	0
C	Marios	18	107	5	1	26____	68500	12	15	0	0	0	0	0	0	0	0	0
C	Marios	18	107	5	1	26____	68566	15	0	0	0	0	0	0	0	0	1	0
C	Marios	18	107	5	1	26____	68618	15	0	0	0	0	1	0	0	0	0	0
C	Marios	18	107	5	1	26____	68669	15	0	0	0	0	0	0	0	0	1	0
C	Marios	18	107	5	1	26____	68688	15	0	0	0	0	1	0	0	0	0	0
C	Marios	18	107	5	1	26____	68772	15	0	0	0	0	0	0	0	0	1	0
C	Marios	18	107	5	1	26____	68810	15	0	0	0	0	1	0	0	0	0	0
C	Marios	18	107	5	1	26____	68860	15	0	0	0	0	0	0	0	0	1	0
C	Marios	18	107	5	1	26____	68909	15	0	0	0	0	1	0	0	0	0	0
C	Marios	18	107	5	1	26____	68983	15	0	0	0	0	0	0	0	0	1	0
C	Marios	18	107	5	1	26____	69000	15	1	0	0	0	0	0	0	0	0	0
C	Marios	18	107	5	1	26____	69044	1	0	0	0	0	1	0	0	0	0	0
C	Marios	18	107	5	1	26____	69087	1	0	0	0	0	0	0	0	0	1	0
C	Marios	18	107	5	1	26____	69094	1	0	0	0	0	1	0	0	0	0	0
C	Marios	18	107	5	1	26____	69175	1	0	0	0	0	0	0	0	0	1	0
C	Marios	18	107	5	1	26____	69338	1	0	0	0	0	1	0	0	0	0	0
C	Marios	18	107	5	1	26____	69346	1	0	0	0	0	0	0	0	0	1	0
C	Marios	18	107	5	1	26____	69370	1	0	0	0	0	1	0	0	0	0	0
C	Marios	18	107	5	1	26____	69373	1	0	0	0	0	0	0	0	0	1	0
C	Marios	18	107	5	1	26____	69425	1	0	0	0	0	1	0	0	0	0	0
C	Marios	18	107	5	1	26____	69536	1	0	0	0	0	0	0	0	0	1	0
C	Marios	18	107	5	1	26____	69538	1	0	0	0	0	1	0	0	0	0	0
C	Marios	18	107	5	1	26____	69567	1	0	0	0	0	0	0	0	0	1	0
C	Marios	18	107	5	1	26____	69675	1	0	0	0	0	1	0	0	0	0	0
C	Marios	18	107	5	1	26____	69711	1	0	0	0	0	0	0	0	0	1	0
C	Marios	18	107	5	1	26____	70213	1	0	0	0	0	1	0	0	0	0	0
C	Marios	18	107	5	1	26____	70283	1	0	0	0	0	0	0	0	0	1	0
C	Marios	18	107	5	1	26____	70500	1	2	0	0	0	0	0	0	0	0	0
C	Marios	18	107	5	1	26____	70531	2	0	0	0	0	1	0	0	0	0	0
C	Marios	18	107	5	1	26____	70626	2	0	0	0	0	0	0	0	0	1	0
C	Marios	18	107	5	1	26____	71000	2	13	0	0	0	0	0	0	0	0	0
C	Marios	18	107	5	1	26____	71500	13	15	0	0	0	0	0	0	0	0	0
C	Marios	18	107	5	1	26____	72000	15	1	0	0	0	0	0	0	0	0	0
C	Marios	18	107	5	1	26____	72955	1	0	0	0	0	1	0	0	0	0	0
C	Marios	18	107	5	1	26____	72958	1	0	0	0	0	1	0	0	0	1	0
C	Marios	18	107	5	1	26____	72961	1	0	0	0	0	1	0	0	0	1	0
C	Marios	18	107	5	1	26____	72973	1	0	0	0	0	0	0	0	0	1	0
C	Marios	18	107	5	1	26____	73325	1	0	0	0	0	1	0	0	0	0	0
C	Marios	18	107	5	1	26____	73399	1	0	0	0	0	0	0	0	0	1	0
C	Marios	18	107	5	1	26____	73463	1	0	0	0	0	1	0	0	0	0	0
C	Marios	18	107	5	1	26____	73469	1	0	0	0	0	0	0	0	0	1	0
C	Marios	18	107	5	1	26____	73516	1	0	0	0	0	1	0	0	0	0	0
C	Marios	18	107	5	1	26____	73625	1	0	0	0	0	0	0	0	0	1	0
C	Marios	18	107	5	1	26____	73675	1	0	0	0	0	1	0	0	0	0	0
C	Marios	18	107	5	1	26____	73679	1	0	0	0	0	0	0	0	0	1	0
C	Marios	18	107	5	1	26____	73786	1	0	0	0	0	1	0	0	0	0	0
C	Marios	18	107	5	1	26____	73802	1	0	0	0	0	0	0	0	0	1	0
C	Marios	18	107	5	1	26____	74521	1	0	0	0	0	1	0	0	0	0	0
C	Marios	18	107	5	1	26____	74576	1	0	0	0	0	0	0	0	0	1	0
C	Marios	18	107	5	1	26____	75391	1	0	0	0	0	1	0	0	0	0	0
C	Marios	18	107	5	1	26____	75500	1	2	0	0	0	0	0	0	0	0	0
C	Marios	18	107	5	1	26____	75513	2	0	0	0	0	0	0	0	0	1	0
C	Marios	18	107	5	1	26____	76000	2	12	0	0	0	0	0	0	0	0	0
C	Marios	18	107	5	1	26____	76500	12	15	0	0	0	0	0	0	0	0	0
C	Marios	18	107	5	1	26____	77000	15	1	0	0	0	0	0	0	0	0	0
C	Marios	18	107	5	1	26____	77613	1	0	0	0	0	1	0	0	0	0	0
C	Marios	18	107	5	1	26____	77673	1	0	0	0	0	0	0	0	0	1	0
C	Marios	18	107	5	1	26____	77783	1	0	0	0	0	1	0	0	0	0	0
C	Marios	18	107	5	1	26____	77844	1	0	0	0	0	0	0	0	0	1	0
C	Marios	18	107	5	1	26____	77849	1	0	0	0	0	1	0	0	0	0	0
C	Marios	18	107	5	1	26____	77852	1	0	0	0	0	0	0	0	0	1	0
C	Marios	18	107	5	1	26____	77855	1	0	0	0	0	1	0	0	0	0	0
C	Marios	18	107	5	1	26____	77860	1	0	0	0	0	0	0	0	0	1	0
C	Marios	18	107	5	1	26____	77863	1	0	0	0	0	1	0	0	0	0	0
C	Marios	18	107	5	1	26____	77871	1	0	0	0	0	0	0	0	0	1	0
C	Marios	18	107	5	1	26____	77892	1	0	0	0	0	1	0	0	0	0	0
C	Marios	18	107	5	1	26____	77894	1	0	0	0	0	0	0	0	0	1	0
C	Marios	18	107	5	1	26____	80000	1	2	0	0	0	0	0	0	0	0	0
C	Marios	18	107	5	1	26____	80060	2	0	0	0	0	1	0	0	0	0	0
C	Marios	18	107	5	1	26____	80146	2	0	0	0	0	0	0	0	0	1	0
C	Marios	18	107	5	1	26____	80228	2	0	0	0	0	1	0	0	0	0	0
C	Marios	18	107	5	1	26____	80339	2	0	0	0	0	0	0	0	0	1	0
C	Marios	18	107	5	1	26____	80416	2	0	0	0	0	1	0	0	0	0	0
C	Marios	18	107	5	1	26____	80500	2	12	0	0	0	0	0	0	0	0	0
C	Marios	18	107	5	1	26____	80504	12	0	0	0	0	0	0	0	0	1	0
C	Marios	18	107	5	1	26____	80555	12	0	0	0	0	1	0	0	0	0	0
C	Marios	18	107	5	1	26____	80597	12	0	0	0	0	0	0	0	0	1	0
C	Marios	18	107	5	1	26____	80621	12	0	0	0	0	1	0	0	0	0	0
C	Marios	18	107	5	1	26____	80654	12	0	0	0	0	0	0	0	0	1	0
C	Marios	18	107	5	1	26____	80736	12	0	0	0	0	1	0	0	0	0	0
C	Marios	18	107	5	1	26____	80874	12	0	0	0	0	0	0	0	0	1	0
C	Marios	18	107	5	1	26____	81000	12	15	0	0	0	0	0	0	0	0	0
C	Marios	18	107	5	1	26____	81074	15	0	0	0	0	1	0	0	0	0	0
C	Marios	18	107	5	1	26____	81172	15	0	0	0	0	0	0	0	0	1	0
C	Marios	18	107	5	1	26____	81206	15	0	0	0	0	1	0	0	0	0	0
C	Marios	18	107	5	1	26____	81246	15	0	0	0	0	0	0	0	0	1	0
C	Marios	18	107	5	1	26____	81305	15	0	0	0	0	1	0	0	0	0	0
C	Marios	18	107	5	1	26____	81399	15	0	0	0	0	0	0	0	0	1	0
C	Marios	18	107	5	1	26____	81500	15	1	0	0	0	0	0	0	0	0	0
C	Marios	18	107	5	1	26____	81541	1	0	0	0	0	1	0	0	0	0	0
C	Marios	18	107	5	1	26____	81554	1	0	0	0	0	0	0	0	0	1	0
C	Marios	18	107	5	1	26____	81560	1	0	0	0	0	1	0	0	0	0	0
C	Marios	18	107	5	1	26____	81684	1	0	0	0	0	0	0	0	0	1	0
C	Marios	18	107	5	1	26____	81786	1	0	0	0	0	1	0	0	0	0	0
C	Marios	18	107	5	1	26____	81788	1	0	0	0	0	0	0	0	0	1	0
C	Marios	18	107	5	1	26____	81904	1	0	0	0	0	1	0	0	0	0	0
C	Marios	18	107	5	1	26____	81922	1	0	0	0	0	0	0	0	0	1	0
C	Marios	18	107	5	1	26____	81924	1	0	0	0	0	1	0	0	0	0	0
C	Marios	18	107	5	1	26____	81946	1	0	0	0	0	0	0	0	0	1	0
C	Marios	18	107	5	1	26____	81947	1	0	0	0	0	1	0	0	0	0	0
C	Marios	18	107	5	1	26____	81967	1	0	0	0	0	0	0	0	0	1	0
C	Marios	18	107	5	1	26____	82033	1	0	0	0	0	1	0	0	0	0	0
C	Marios	18	107	5	1	26____	82288	1	0	0	0	0	0	0	0	0	1	0
C	Marios	18	107	5	1	26____	82367	1	0	0	0	0	1	0	0	0	0	0
C	Marios	18	107	5	1	26____	82436	1	0	0	0	0	0	0	0	0	1	0
C	Marios	18	107	5	1	26____	82717	1	0	0	0	0	1	0	0	0	0	0
C	Marios	18	107	5	1	26____	82780	1	0	0	0	0	0	0	0	0	1	0
C	Marios	18	107	5	1	26____	82880	1	0	0	0	0	1	0	0	0	0	0
C	Marios	18	107	5	1	26____	82908	1	0	0	0	0	0	0	0	0	1	0
C	Marios	18	107	5	1	26____	82911	1	0	0	0	0	1	0	0	0	0	0
C	Marios	18	107	5	1	26____	82928	1	0	0	0	0	0	0	0	0	1	0
C	Marios	18	107	5	1	26____	83079	1	0	0	0	0	1	0	0	0	0	0
C	Marios	18	107	5	1	26____	83244	1	0	0	0	0	0	0	0	0	1	0
C	Marios	18	107	5	1	26____	83532	1	0	0	0	0	1	0	0	0	0	0
C	Marios	18	107	5	1	26____	83533	1	0	0	0	0	0	0	0	0	1	0
C	Marios	18	107	5	1	26____	83611	1	0	0	0	0	1	0	0	0	0	0
C	Marios	18	107	5	1	26____	83613	1	0	0	0	0	0	0	0	0	1	0
C	Marios	18	107	5	1	26____	83635	1	0	0	0	0	1	0	0	0	0	0
C	Marios	18	107	5	1	26____	83807	1	0	0	0	0	0	0	0	0	1	0
C	Marios	18	107	5	1	26____	83919	1	0	0	0	0	1	0	0	0	0	0
C	Marios	18	107	5	1	26____	83921	1	0	0	0	0	0	0	0	0	1	0
C	Marios	18	107	5	1	26____	84279	1	0	0	0	0	1	0	0	0	0	0
C	Marios	18	107	5	1	26____	84418	1	0	0	0	0	0	0	0	0	1	0
C	Marios	18	107	5	1	26____	84574	1	0	0	0	0	1	0	0	0	0	0
C	Marios	18	107	5	1	26____	84660	1	0	0	0	0	0	0	0	0	1	0
C	Marios	18	107	5	1	26____	84783	1	0	0	0	0	1	0	0	0	0	0
C	Marios	18	107	5	1	26____	84917	1	0	0	0	0	0	0	0	0	1	0
C	Marios	18	107	5	1	26____	85250	1	2	0	0	0	0	0	0	0	0	0
C	Marios	18	107	5	1	26____	85750	2	13	0	0	0	0	0	0	0	0	0
C	Marios	18	107	5	1	26____	86250	13	15	0	0	0	0	0	0	0	0	0
C	Marios	18	107	5	1	26____	86750	15	1	0	0	0	0	0	0	0	0	0
C	Marios	18	107	5	1	26____	87309	1	0	0	0	0	1	0	0	0	0	0
C	Marios	18	107	5	1	26____	87476	1	0	0	0	0	0	0	0	0	1	0
C	Marios	18	107	5	1	26____	87556	1	0	0	0	0	1	0	0	0	0	0
C	Marios	18	107	5	1	26____	87637	1	0	0	0	0	0	0	0	0	1	0
C	Marios	18	107	5	1	26____	87666	1	0	0	0	0	1	0	0	0	0	0
C	Marios	18	107	5	1	26____	87680	1	0	0	0	0	0	0	0	0	1	0
C	Marios	18	107	5	1	26____	87880	1	0	0	0	0	1	0	0	0	0	0
C	Marios	18	107	5	1	26____	87994	1	0	0	0	0	0	0	0	0	1	0
C	Marios	18	107	5	1	26____	88171	1	0	0	0	0	1	0	0	0	0	0
C	Marios	18	107	5	1	26____	88241	1	0	0	0	0	0	0	0	0	1	0
C	Marios	18	107	5	1	26____	88532	1	0	0	0	0	1	0	0	0	0	0
C	Marios	18	107	5	1	26____	88954	1	0	0	0	0	0	0	0	0	1	0
C	Marios	18	107	5	1	26____	89007	1	0	0	0	0	1	0	0	0	0	0
C	Marios	18	107	5	1	26____	89127	1	0	0	0	0	0	0	0	0	1	0
C	Marios	18	107	5	1	26____	89174	1	0	0	0	0	1	0	0	0	0	0
C	Marios	18	107	5	1	26____	89312	1	0	0	0	0	0	0	0	0	1	0
C	Marios	18	107	5	1	26____	89429	1	0	0	0	0	1	0	0	0	0	0
C	Marios	18	107	5	1	26____	89565	1	0	0	0	0	1	0	0	0	1	0
C	Marios	18	107	5	1	26____	89580	1	0	0	0	0	0	0	0	0	1	0
C	Marios	18	107	5	1	26____	89696	1	0	0	0	0	1	0	0	0	0	0
C	Marios	18	107	5	1	26____	89975	1	0	0	0	0	0	0	0	0	1	0
C	Marios	18	107	5	1	26____	90293	1	0	0	0	0	1	0	0	0	0	0
C	Marios	18	107	5	1	26____	90361	1	0	0	0	0	0	0	0	0	1	0
C	Marios	18	107	5	1	26____	90459	1	0	0	0	0	1	0	0	0	0	0
C	Marios	18	107	5	1	26____	90774	1	0	0	0	0	0	0	0	0	1	0
C	Marios	18	107	5	1	26____	90941	1	0	0	0	0	1	0	0	0	0	0
C	Marios	18	107	5	1	26____	91173	1	0	0	0	0	0	0	0	0	1	0
C	Marios	18	107	5	1	26____	91210	1	0	0	0	0	1	0	0	0	0	0
C	Marios	18	107	5	1	26____	91337	1	0	0	0	0	0	0	0	0	1	0
C	Marios	18	107	5	1	26____	91479	1	0	0	0	0	1	0	0	0	0	0
C	Marios	18	107	5	1	26____	91796	1	0	0	0	0	0	0	0	0	1	0
C	Marios	18	107	5	1	26____	92579	1	0	0	0	0	1	0	0	0	0	0
C	Marios	18	107	5	1	26____	92695	1	0	0	0	0	0	0	0	0	1	0
C	Marios	18	107	5	1	26____	92700	1	0	0	0	0	1	0	0	0	0	0
C	Marios	18	107	5	1	26____	92959	1	0	0	0	0	0	0	0	0	1	0
C	Marios	18	107	5	1	26____	93088	1	0	0	0	0	1	0	0	0	0	0
C	Marios	18	107	5	1	26____	93280	1	0	0	0	0	0	0	0	0	1	0
C	Marios	18	107	5	1	26____	93397	1	0	0	0	0	1	0	0	0	0	0
C	Marios	18	107	5	1	26____	93425	1	0	0	0	0	0	0	0	0	1	0
C	Marios	18	107	5	1	26____	93500	1	2	0	0	0	0	0	0	0	0	0
C	Marios	18	107	5	1	26____	94000	2	6	0	0	0	0	0	0	0	0	0
C	Marios	18	107	5	1	26____	94066	6	0	0	0	0	1	0	0	0	0	0
C	Marios	18	107	5	1	26____	94240	6	0	0	0	0	0	0	0	0	1	0
C	Marios	18	107	5	1	26____	94277	6	0	0	0	0	1	0	0	0	0	0
C	Marios	18	107	5	1	26____	94443	6	0	0	0	0	0	0	0	0	1	0
C	Marios	18	107	5	1	26____	94500	6	10	0	0	0	0	0	0	0	0	0
C	Marios	18	107	5	1	26____	94520	10	0	0	0	0	1	0	0	0	0	0
C	Marios	18	107	5	1	26____	94744	10	0	0	0	0	0	0	0	0	1	0
C	Marios	18	107	5	1	26____	94765	10	0	0	0	0	1	0	0	0	0	0
C	Marios	18	107	5	1	26____	94795	10	0	0	0	0	0	0	0	0	1	0
C	Marios	18	107	5	1	26____	94799	10	0	0	0	0	1	0	0	0	0	0
C	Marios	18	107	5	1	26____	94801	10	0	0	0	0	0	0	0	0	1	0
C	Marios	18	107	5	1	26____	95000	10	1	0	0	0	0	0	0	0	0	0
C	Marios	18	107	5	1	26____	96123	1	0	0	0	0	1	0	0	0	0	0
C	Marios	18	107	5	1	26____	96282	1	0	0	0	0	0	0	0	0	1	0
C	Marios	18	107	5	1	26____	96317	1	0	0	0	0	1	0	0	0	0	0
C	Marios	18	107	5	1	26____	96614	1	0	0	0	0	0	0	0	0	1	0
C	Marios	18	107	5	1	26____	96646	1	0	0	0	0	1	0	0	0	0	0
C	Marios	18	107	5	1	26____	96702	1	0	0	0	0	0	0	0	0	1	0
C	Marios	18	107	5	1	26____	96717	1	0	0	0	0	1	0	0	0	0	0
C	Marios	18	107	5	1	26____	96821	1	0	0	0	0	0	0	0	0	1	0
C	Marios	18	107	5	1	26____	96923	1	0	0	0	0	1	0	0	0	0	0
C	Marios	18	107	5	1	26____	96962	1	0	0	0	0	0	0	0	0	1	0
C	Marios	18	107	5	1	26____	97066	1	0	0	0	0	1	0	0	0	0	0
C	Marios	18	107	5	1	26____	97170	1	0	0	0	0	0	0	0	0	1	0
C	Marios	18	107	5	1	26____	98675	1	0	0	0	0	1	0	0	0	0	0
C	Marios	18	107	5	1	26____	98739	1	0	0	0	0	0	0	0	0	1	0
C	Marios	18	107	5	1	26____	99225	1	0	0	0	0	1	0	0	0	0	0
C	Marios	18	107	5	1	26____	99257	1	0	0	0	0	1	0	0	0	1	0
C	Marios	18	107	5	1	26____	99260	1	0	0	0	0	0	0	0	0	1	0
C	Marios	18	107	5	1	26____	99269	1	0	0	0	0	1	0	0	0	0	0
C	Marios	18	107	5	1	26____	99328	1	0	0	0	0	0	0	0	0	1	0
C	Marios	18	107	5	1	26____	100250	1	2	0	0	0	0	0	0	0	0	0
C	Marios	18	107	5	1	26____	100750	2	7	0	0	0	0	0	0	0	0	0
C	Marios	18	107	5	1	26____	100900	7	0	0	0	0	1	0	0	0	0	0
C	Marios	18	107	5	1	26____	101020	7	0	0	0	0	0	0	0	0	1	0
C	Marios	18	107	5	1	26____	101066	7	0	0	0	0	1	0	0	0	0	0
C	Marios	18	107	5	1	26____	101239	7	0	0	0	0	0	0	0	0	1	0
C	Marios	18	107	5	1	26____	101250	7	11	0	0	0	0	0	0	0	0	0
C	Marios	18	107	5	1	26____	101276	11	0	0	0	0	1	0	0	0	0	0
C	Marios	18	107	5	1	26____	101438	11	0	0	0	0	0	0	0	0	1	0
C	Marios	18	107	5	1	26____	101440	11	0	0	0	0	1	0	0	0	0	0
C	Marios	18	107	5	1	26____	101442	11	0	0	0	0	0	0	0	0	1	0
C	Marios	18	107	5	1	26____	101445	11	0	0	0	0	1	0	0	0	0	0
C	Marios	18	107	5	1	26____	101494	11	0	0	0	0	0	0	0	0	1	0
C	Marios	18	107	5	1	26____	101496	11	0	0	0	0	1	0	0	0	0	0
C	Marios	18	107	5	1	26____	101499	11	0	0	0	0	0	0	0	0	1	0
C	Marios	18	107	5	1	26____	101502	11	0	0	0	0	1	0	0	0	0	0
C	Marios	18	107	5	1	26____	101505	11	0	0	0	0	0	0	0	0	1	0
C	Marios	18	107	5	1	26____	101506	11	0	0	0	0	1	0	0	0	0	0
C	Marios	18	107	5	1	26____	101522	11	0	0	0	0	0	0	0	0	1	0
C	Marios	18	107	5	1	26____	101733	11	0	0	0	0	1	0	0	0	0	0
C	Marios	18	107	5	1	26____	101750	11	1	0	0	0	0	0	0	0	0	0
C	Marios	18	107	5	1	26____	101772	1	0	0	0	0	0	0	0	0	1	0
C	Marios	18	107	5	1	26____	103576	1	0	0	0	0	1	0	0	0	0	0
C	Marios	18	107	5	1	26____	103776	1	0	0	0	0	0	0	0	0	1	0
C	Marios	18	107	5	1	26____	103807	1	0	0	0	0	1	0	0	0	0	0
C	Marios	18	107	5	1	26____	103886	1	0	0	0	0	0	0	0	0	1	0
C	Marios	18	107	5	1	26____	103963	1	0	0	0	0	1	0	0	0	0	0
C	Marios	18	107	5	1	26____	104014	1	0	0	0	0	0	0	0	0	1	0
C	Marios	18	107	5	1	26____	104056	1	0	0	0	0	1	0	0	0	0	0
C	Marios	18	107	5	1	26____	104112	1	0	0	0	0	0	0	0	0	1	0
C	Marios	18	107	5	1	26____	104272	1	0	0	0	0	1	0	0	0	0	0
C	Marios	18	107	5	1	26____	104446	1	0	0	0	0	0	0	0	0	1	0
C	Marios	18	107	5	1	26____	105549	1	0	0	0	0	1	0	0	0	0	0
C	Marios	18	107	5	1	26____	105658	1	0	0	0	0	0	0	0	0	1	0
C	Marios	18	107	5	1	26____	105762	1	0	0	0	0	1	0	0	0	0	0
C	Marios	18	107	5	1	26____	105850	1	0	0	0	0	0	0	0	0	1	0
C	Marios	18	107	5	1	26____	106054	1	0	0	0	0	1	0	0	0	0	0
C	Marios	18	107	5	1	26____	106057	1	0	0	0	0	0	0	0	0	1	0
C	Marios	18	107	5	1	26____	106070	1	0	0	0	0	1	0	0	0	0	0
C	Marios	18	107	5	1	26____	106231	1	0	0	0	0	0	0	0	0	1	0
C	Marios	18	107	5	1	26____	106437	1	0	0	0	0	1	0	0	0	0	0
C	Marios	18	107	5	1	26____	106450	1	0	0	0	0	0	0	0	0	1	0
C	Marios	18	107	5	1	26____	107604	1	0	0	0	0	1	0	0	0	0	0
C	Marios	18	107	5	1	26____	107750	1	2	0	0	0	0	0	0	0	0	0
C	Marios	18	107	5	1	26____	107781	2	0	0	0	0	0	0	0	0	1	0
C	Marios	18	107	5	1	26____	108250	2	13	0	0	0	0	0	0	0	0	0
C	Marios	18	107	5	1	26____	108651	13	0	0	0	0	1	0	0	0	0	0
C	Marios	18	107	5	1	26____	108665	13	0	0	0	0	0	0	0	0	1	0
C	Marios	18	107	5	1	26____	108750	13	15	0	0	0	0	0	0	0	0	0
C	Marios	18	107	5	1	26____	108782	15	0	0	0	0	1	0	0	0	0	0
C	Marios	18	107	5	1	26____	108842	15	0	0	0	0	0	0	0	0	1	0
C	Marios	18	107	5	1	26____	108879	15	0	0	0	0	1	0	0	0	0	0
C	Marios	18	107	5	1	26____	108903	15	0	0	0	0	0	0	0	0	1	0
C	Marios	18	107	5	1	26____	108932	15	0	0	0	0	1	0	0	0	0	0
C	Marios	18	107	5	1	26____	108968	15	0	0	0	0	0	0	0	0	1	0
C	Marios	18	107	5	1	26____	109054	15	0	0	0	0	1	0	0	0	0	0
C	Marios	18	107	5	1	26____	109062	15	0	0	0	0	0	0	0	0	1	0
C	Marios	18	107	5	1	26____	109110	15	0	0	0	0	1	0	0	0	0	0
C	Marios	18	107	5	1	26____	109144	15	0	0	0	0	0	0	0	0	1	0
C	Marios	18	107	5	1	26____	109250	15	1	0	0	0	0	0	0	0	0	0
C	Marios	18	107	5	1	26____	109327	1	0	0	0	0	1	0	0	0	0	0
C	Marios	18	107	5	1	26____	109417	1	0	0	0	0	0	0	0	0	1	0
C	Marios	18	107	5	1	26____	109548	1	0	0	0	0	1	0	0	0	0	0
C	Marios	18	107	5	1	26____	109604	1	0	0	0	0	0	0	0	0	1	0
C	Marios	18	107	5	1	26____	110638	1	0	0	0	0	1	0	0	0	0	0
C	Marios	18	107	5	1	26____	110641	1	0	0	0	0	0	0	0	0	1	0
C	Marios	18	107	5	1	26____	110645	1	0	0	0	0	1	0	0	0	0	0
C	Marios	18	107	5	1	26____	110707	1	0	0	0	0	0	0	0	0	1	0
C	Marios	18	107	5	1	26____	112108	1	0	0	0	0	1	0	0	0	0	0
C	Marios	18	107	5	1	26____	112114	1	0	0	0	0	0	0	0	0	1	0
C	Marios	18	107	5	1	26____	113058	1	0	0	0	0	1	0	0	0	0	0
C	Marios	18	107	5	1	26____	113179	1	0	0	0	0	0	0	0	0	1	0
C	Marios	18	107	5	1	26____	113332	1	0	0	0	0	1	0	0	0	0	0
C	Marios	18	107	5	1	26____	113341	1	0	0	0	0	0	0	0	0	1	0
C	Marios	18	107	5	1	26____	113353	1	0	0	0	0	1	0	0	0	0	0
C	Marios	18	107	5	1	26____	113357	1	0	0	0	0	1	0	0	0	1	0
C	Marios	18	107	5	1	26____	113361	1	0	0	0	0	0	0	0	0	1	0
C	Marios	18	107	5	1	26____	113362	1	0	0	0	0	1	0	0	0	0	0
C	Marios	18	107	5	1	26____	113366	1	0	0	0	0	0	0	0	0	1	0
C	Marios	18	107	5	1	26____	113383	1	0	0	0	0	1	0	0	0	0	0
C	Marios	18	107	5	1	26____	113390	1	0	0	0	0	0	0	0	0	1	0
C	Marios	18	107	5	1	26____	113403	1	0	0	0	0	1	0	0	0	0	0
C	Marios	18	107	5	1	26____	113426	1	0	0	0	0	0	0	0	0	1	0
C	Marios	18	107	5	1	26____	114750	1	2	0	0	0	0	0	0	0	0	0
C	Marios	18	107	5	1	26____	115250	2	12	0	0	0	0	0	0	0	0	0
C	Marios	18	107	5	1	26____	115695	12	0	0	0	0	1	0	0	0	0	0
C	Marios	18	107	5	1	26____	115750	12	15	0	0	0	0	0	0	0	0	0
C	Marios	18	107	5	1	26____	115816	15	0	0	0	0	0	0	0	0	1	0
C	Marios	18	107	5	1	26____	115867	15	0	0	0	0	1	0	0	0	0	0
C	Marios	18	107	5	1	26____	115979	15	0	0	0	0	0	0	0	0	1	0
C	Marios	18	107	5	1	26____	116022	15	0	0	0	0	1	0	0	0	0	0
C	Marios	18	107	5	1	26____	116128	15	0	0	0	0	0	0	0	0	1	0
C	Marios	18	107	5	1	26____	116235	15	0	0	0	0	1	0	0	0	0	0
C	Marios	18	107	5	1	26____	116250	15	1	0	0	0	0	0	0	0	0	0
C	Marios	18	107	5	1	26____	116315	1	0	0	0	0	0	0	0	0	1	0
C	Marios	18	107	5	1	26____	116425	1	0	0	0	0	1	0	0	0	0	0
C	Marios	18	107	5	1	26____	116454	1	0	0	0	0	0	0	0	0	1	0
C	Marios	18	107	5	1	26____	117318	1	0	0	0	0	1	0	0	0	0	0
C	Marios	18	107	5	1	26____	117394	1	0	0	0	0	0	0	0	0	1	0
C	Marios	18	107	5	1	26____	117714	1	0	0	0	0	1	0	0	0	0	0
C	Marios	18	107	5	1	26____	117800	1	0	0	0	0	0	0	0	0	1	0
C	Marios	18	107	5	1	26____	117845	1	0	0	0	0	1	0	0	0	0	0
C	Marios	18	107	5	1	26____	118031	1	0	0	0	0	0	0	0	0	1	0
C	Marios	18	107	5	1	26____	118141	1	0	0	0	0	1	0	0	0	0	0
C	Marios	18	107	5	1	26____	118353	1	0	0	0	0	0	0	0	0	1	0
C	Marios	18	107	5	1	26____	118418	1	0	0	0	0	1	0	0	0	0	0
C	Marios	18	107	5	1	26____	118448	1	0	0	0	0	0	0	0	0	1	0
C	Marios	18	107	5	1	26____	119244	1	0	0	0	0	1	0	0	0	0	0
C	Marios	18	107	5	1	26____	119273	1	0	0	0	0	0	0	0	0	1	0
C	Marios	18	107	5	1	26____	119925	1	0	0	0	0	1	0	0	0	0	0
C	Marios	18	107	5	1	26____	119964	1	0	0	0	0	0	0	0	0	1	0
C	Marios	18	107	5	1	26____	120750	1	2	0	0	0	0	0	0	0	0	0
C	Marios	18	107	5	1	26____	120788	2	0	0	0	0	1	0	0	0	0	0
C	Marios	18	107	5	1	26____	120805	2	0	0	0	0	0	0	0	0	1	0
C	Marios	18	107	5	1	26____	120808	2	0	0	0	0	1	0	0	0	0	0
C	Marios	18	107	5	1	26____	120813	2	0	0	0	0	0	0	0	0	1	0
C	Marios	18	107	5	1	26____	121250	2	13	0	0	0	0	0	0	0	0	0
C	Marios	18	107	5	1	26____	121750	13	15	0	0	0	0	0	0	0	0	0
C	Marios	18	107	5	1	26____	122200	15	0	0	0	0	1	0	0	0	0	0
C	Marios	18	107	5	1	26____	122203	15	0	0	0	0	0	0	0	0	1	0
C	Marios	18	107	5	1	26____	122210	15	0	0	0	0	1	0	0	0	0	0
C	Marios	18	107	5	1	26____	122222	15	0	0	0	0	0	0	0	0	1	0
C	Marios	18	107	5	1	26____	122250	15	1	0	0	0	0	0	0	0	0	0
C	Marios	18	107	5	1	26____	122615	1	0	0	0	0	1	0	0	0	0	0
C	Marios	18	107	5	1	26____	122626	1	0	0	0	0	0	0	0	0	1	0
C	Marios	18	107	5	1	26____	122628	1	0	0	0	0	1	0	0	0	0	0
C	Marios	18	107	5	1	26____	122637	1	0	0	0	0	0	0	0	0	1	0
C	Marios	18	107	5	1	26____	124500	1	2	0	0	0	0	0	0	0	0	0
C	Marios	18	107	5	1	26____	125000	2	7	0	0	0	0	0	0	0	0	0
C	Marios	18	107	5	1	26____	125044	7	0	0	0	0	1	0	0	0	0	0
C	Marios	18	107	5	1	26____	125139	7	0	0	0	0	0	0	0	0	1	0
C	Marios	18	107	5	1	26____	125162	7	0	0	0	0	1	0	0	0	0	0
C	Marios	18	107	5	1	26____	125202	7	0	0	0	0	0	0	0	0	1	0
C	Marios	18	107	5	1	26____	125265	7	0	0	0	0	1	0	0	0	0	0
C	Marios	18	107	5	1	26____	125338	7	0	0	0	0	0	0	0	0	1	0
C	Marios	18	107	5	1	26____	125384	7	0	0	0	0	1	0	0	0	0	0
C	Marios	18	107	5	1	26____	125483	7	0	0	0	0	0	0	0	0	1	0
C	Marios	18	107	5	1	26____	125500	7	11	0	0	0	0	0	0	0	0	0
C	Marios	18	107	5	1	26____	125527	11	0	0	0	0	1	0	0	0	0	0
C	Marios	18	107	5	1	26____	125734	11	0	0	0	0	0	0	0	0	1	0
C	Marios	18	107	5	1	26____	125735	11	0	0	0	0	1	0	0	0	0	0
C	Marios	18	107	5	1	26____	125738	11	0	0	0	0	0	0	0	0	1	0
C	Marios	18	107	5	1	26____	125739	11	0	0	0	0	1	0	0	0	0	0
C	Marios	18	107	5	1	26____	125864	11	0	0	0	0	0	0	0	0	1	0
C	Marios	18	107	5	1	26____	125883	11	0	0	0	0	1	0	0	0	0	0
C	Marios	18	107	5	1	26____	125907	11	0	0	0	0	0	0	0	0	1	0
C	Marios	18	107	5	1	26____	125999	11	0	0	0	0	1	0	0	0	0	0
C	Marios	18	107	5	1	26____	126000	11	1	0	0	0	0	0	0	0	0	0
C	Marios	18	107	5	1	26____	126061	1	0	0	0	0	0	0	0	0	1	0
C	Marios	18	107	5	1	26____	126075	1	0	0	0	0	1	0	0	0	0	0
C	Marios	18	107	5	1	26____	126126	1	0	0	0	0	0	0	0	0	1	0
C	Marios	18	107	5	1	26____	127500	1	2	0	0	0	0	0	0	0	0	0
C	Marios	18	107	5	1	26____	127504	2	0	0	0	0	1	0	0	0	0	0
C	Marios	18	107	5	1	26____	127508	2	0	0	0	0	0	0	0	0	1	0
C	Marios	18	107	5	1	26____	128000	2	6	0	0	0	0	0	0	0	0	0
C	Marios	18	107	5	1	26____	128122	6	0	0	0	0	1	0	0	0	0	0
C	Marios	18	107	5	1	26____	128176	6	0	0	0	0	0	0	0	0	1	0
C	Marios	18	107	5	1	26____	128213	6	0	0	0	0	1	0	0	0	0	0
C	Marios	18	107	5	1	26____	128261	6	0	0	0	0	0	0	0	0	1	0
C	Marios	18	107	5	1	26____	128302	6	0	0	0	0	1	0	0	0	0	0
C	Marios	18	107	5	1	26____	128352	6	0	0	0	0	0	0	0	0	1	0
C	Marios	18	107	5	1	26____	128402	6	0	0	0	0	1	0	0	0	0	0
C	Marios	18	107	5	1	26____	128474	6	0	0	0	0	0	0	0	0	1	0
C	Marios	18	107	5	1	26____	128500	6	10	0	0	0	0	0	0	0	0	0
C	Marios	18	107	5	1	26____	128522	10	0	0	0	0	1	0	0	0	0	0
C	Marios	18	107	5	1	26____	128792	10	0	0	0	0	0	0	0	0	1	0
C	Marios	18	107	5	1	26____	128811	10	0	0	0	0	1	0	0	0	0	0
C	Marios	18	107	5	1	26____	128813	10	0	0	0	0	0	0	0	0	1	0
C	Marios	18	107	5	1	26____	129000	10	1	0	0	0	0	0	0	0	0	0
C	Marios	18	107	5	1	26____	129379	1	0	0	0	0	1	0	0	0	0	0
C	Marios	18	107	5	1	26____	129384	1	0	0	0	0	0	0	0	0	1	0
C	Marios	18	107	5	1	26____	130511	1	0	0	0	0	1	0	0	0	0	0
C	Marios	18	107	5	1	26____	130544	1	0	0	0	0	0	0	0	0	1	0
C	Marios	18	107	5	1	26____	133099	1	0	0	0	0	1	0	0	0	0	0
C	Marios	18	107	5	1	26____	133133	1	0	0	0	0	0	0	0	0	1	0
C	Marios	18	107	5	1	26____	135695	1	0	0	0	0	1	0	0	0	0	0
C	Marios	18	107	5	1	26____	135697	1	0	0	0	0	0	0	0	0	1	0
C	Marios	18	107	5	1	26____	136500	1	2	0	0	0	0	0	0	0	0	0
C	Marios	18	107	5	1	26____	136647	2	0	0	0	0	1	0	0	0	0	0
C	Marios	18	107	5	1	26____	136713	2	0	0	0	0	0	0	0	0	1	0
C	Marios	18	107	5	1	26____	136760	2	0	0	0	0	1	0	0	0	0	0
C	Marios	18	107	5	1	26____	136819	2	0	0	0	0	0	0	0	0	1	0
C	Marios	18	107	5	1	26____	137000	2	12	0	0	0	0	0	0	0	0	0
C	Marios	18	107	5	1	26____	137404	12	0	0	0	0	1	0	0	0	0	0
C	Marios	18	107	5	1	26____	137456	12	0	0	0	0	0	0	0	0	1	0
C	Marios	18	107	5	1	26____	137500	12	15	0	0	0	0	0	0	0	0	0
C	Marios	18	107	5	1	26____	137529	15	0	0	0	0	1	0	0	0	0	0
C	Marios	18	107	5	1	26____	137597	15	0	0	0	0	0	0	0	0	1	0
C	Marios	18	107	5	1	26____	137664	15	0	0	0	0	1	0	0	0	0	0
C	Marios	18	107	5	1	26____	137742	15	0	0	0	0	0	0	0	0	1	0
C	Marios	18	107	5	1	26____	137745	15	0	0	0	0	1	0	0	0	0	0
C	Marios	18	107	5	1	26____	137747	15	0	0	0	0	0	0	0	0	1	0
C	Marios	18	107	5	1	26____	137750	15	0	0	0	0	1	0	0	0	0	0
C	Marios	18	107	5	1	26____	137772	15	0	0	0	0	0	0	0	0	1	0
C	Marios	18	107	5	1	26____	137832	15	0	0	0	0	1	0	0	0	0	0
C	Marios	18	107	5	1	26____	137888	15	0	0	0	0	0	0	0	0	1	0
C	Marios	18	107	5	1	26____	137960	15	0	0	0	0	1	0	0	0	0	0
C	Marios	18	107	5	1	26____	138000	15	1	0	0	0	0	0	0	0	0	0
C	Marios	18	107	5	1	26____	138061	1	0	0	0	0	0	0	0	0	1	0
C	Marios	18	107	5	1	26____	138120	1	0	0	0	0	1	0	0	0	0	0
C	Marios	18	107	5	1	26____	138187	1	0	0	0	0	0	0	0	0	1	0
C	Marios	18	107	5	1	26____	139147	1	0	0	0	0	1	0	0	0	0	0
C	Marios	18	107	5	1	26____	139249	1	0	0	0	0	0	0	0	0	1	0
C	Marios	18	107	5	1	26____	139475	1	0	0	0	0	1	0	0	0	0	0
C	Marios	18	107	5	1	26____	139529	1	0	0	0	0	0	0	0	0	1	0
C	Marios	18	107	5	1	26____	142333	1	0	0	0	0	1	0	0	0	0	0
C	Marios	18	107	5	1	26____	142338	1	0	0	0	0	0	0	0	0	1	0
C	Marios	18	107	5	1	26____	142342	1	0	0	0	0	1	0	0	0	0	0
C	Marios	18	107	5	1	26____	142347	1	0	0	0	0	0	0	0	0	1	0
C	Marios	18	107	5	1	26____	142361	1	0	0	0	0	1	0	0	0	0	0
C	Marios	18	107	5	1	26____	142500	1	2	0	0	0	0	0	0	0	0	0
C	Marios	18	107	5	1	26____	142524	2	0	0	0	0	0	0	0	0	1	0
C	Marios	18	107	5	1	26____	143000	2	13	0	0	0	0	0	0	0	0	0
C	Marios	18	107	5	1	26____	143187	13	0	0	0	0	1	0	0	0	0	0
C	Marios	18	107	5	1	26____	143229	13	0	0	0	0	0	0	0	0	1	0
C	Marios	18	107	5	1	26____	143327	13	0	0	0	0	1	0	0	0	0	0
C	Marios	18	107	5	1	26____	143411	13	0	0	0	0	0	0	0	0	1	0
C	Marios	18	107	5	1	26____	143500	13	15	0	0	0	0	0	0	0	0	0
C	Marios	18	107	5	1	26____	143562	15	0	0	0	0	1	0	0	0	0	0
C	Marios	18	107	5	1	26____	143657	15	0	0	0	0	0	0	0	0	1	0
C	Marios	18	107	5	1	26____	144000	15	14	0	0	0	0	0	0	0	0	0
C	Marios	18	107	5	1	26____	144206	14	0	0	0	0	1	0	0	0	0	0
C	Marios	18	107	5	1	26____	144469	14	0	0	0	0	0	0	0	0	1	0
C	Marios	18	107	5	1	26____	144729	14	0	0	0	0	1	0	0	0	0	0
C	Marios	18	107	5	1	26____	144785	14	0	0	0	0	0	0	0	0	1	0
C	Marios	18	107	5	1	26____	147000	14	-1	0	0	0	0	0	0	0	0	0
