Project	UserID	Protocol	Session	Station	Run	Subject	Time	Current State	Transition State	Transition Event	A1 - LLR	A2 - RLR	A3 - MAG	A4 - 	A[1] LLR_OFF	A[2] RLR_OFF	A[3] MAG_OFF	A[4] 
C	Marios	24	125	10	1	4_____	0	0	1	0	0	0	0	0	0	0	0	0
C	Marios	24	125	10	1	4_____	676	1	0	0	0	0	1	0	0	0	0	0
C	Marios	24	125	10	1	4_____	696	1	0	0	0	0	0	0	0	0	1	0
C	Marios	24	125	10	1	4_____	700	1	0	0	0	0	1	0	0	0	0	0
C	Marios	24	125	10	1	4_____	706	1	0	0	0	0	0	0	0	0	1	0
C	Marios	24	125	10	1	4_____	912	1	0	0	0	0	1	0	0	0	0	0
C	Marios	24	125	10	1	4_____	925	1	0	0	0	0	0	0	0	0	1	0
C	Marios	24	125	10	1	4_____	2250	1	2	0	0	0	0	0	0	0	0	0
C	Marios	24	125	10	1	4_____	2565	2	0	0	0	0	1	0	0	0	0	0
C	Marios	24	125	10	1	4_____	2573	2	0	0	0	0	0	0	0	0	1	0
C	Marios	24	125	10	1	4_____	2750	2	13	0	0	0	0	0	0	0	0	0
C	Marios	24	125	10	1	4_____	2805	13	0	0	0	0	1	0	0	0	0	0
C	Marios	24	125	10	1	4_____	2819	13	0	0	0	0	0	0	0	0	1	0
C	Marios	24	125	10	1	4_____	3250	13	15	0	0	0	0	0	0	0	0	0
C	Marios	24	125	10	1	4_____	3695	15	0	0	0	0	1	0	0	0	0	0
C	Marios	24	125	10	1	4_____	3725	15	0	0	0	0	0	0	0	0	1	0
C	Marios	24	125	10	1	4_____	3750	15	1	0	0	0	0	0	0	0	0	0
C	Marios	24	125	10	1	4_____	3940	1	0	0	0	0	1	0	0	0	0	0
C	Marios	24	125	10	1	4_____	3997	1	0	0	0	0	0	0	0	0	1	0
C	Marios	24	125	10	1	4_____	4203	1	0	0	0	0	1	0	0	0	0	0
C	Marios	24	125	10	1	4_____	4336	1	0	0	0	0	0	0	0	0	1	0
C	Marios	24	125	10	1	4_____	4515	1	0	0	0	0	1	0	0	0	0	0
C	Marios	24	125	10	1	4_____	4558	1	0	0	0	0	0	0	0	0	1	0
C	Marios	24	125	10	1	4_____	4621	1	0	0	0	0	1	0	0	0	0	0
C	Marios	24	125	10	1	4_____	4660	1	0	0	0	0	0	0	0	0	1	0
C	Marios	24	125	10	1	4_____	5659	1	0	0	0	0	1	0	0	0	0	0
C	Marios	24	125	10	1	4_____	5667	1	0	0	0	0	0	0	0	0	1	0
C	Marios	24	125	10	1	4_____	6585	1	0	0	0	0	1	0	0	0	0	0
C	Marios	24	125	10	1	4_____	6592	1	0	0	0	0	0	0	0	0	1	0
C	Marios	24	125	10	1	4_____	6649	1	0	0	0	0	1	0	0	0	0	0
C	Marios	24	125	10	1	4_____	6676	1	0	0	0	0	0	0	0	0	1	0
C	Marios	24	125	10	1	4_____	7306	1	0	0	0	0	1	0	0	0	0	0
C	Marios	24	125	10	1	4_____	7434	1	0	0	0	0	0	0	0	0	1	0
C	Marios	24	125	10	1	4_____	7544	1	0	0	0	0	1	0	0	0	0	0
C	Marios	24	125	10	1	4_____	7581	1	0	0	0	0	0	0	0	0	1	0
C	Marios	24	125	10	1	4_____	7609	1	0	0	0	0	1	0	0	0	0	0
C	Marios	24	125	10	1	4_____	7719	1	0	0	0	0	0	0	0	0	1	0
C	Marios	24	125	10	1	4_____	7723	1	0	0	0	0	1	0	0	0	0	0
C	Marios	24	125	10	1	4_____	7791	1	0	0	0	0	0	0	0	0	1	0
C	Marios	24	125	10	1	4_____	8827	1	0	0	0	0	1	0	0	0	0	0
C	Marios	24	125	10	1	4_____	8903	1	0	0	0	0	0	0	0	0	1	0
C	Marios	24	125	10	1	4_____	10500	1	2	0	0	0	0	0	0	0	0	0
C	Marios	24	125	10	1	4_____	10759	2	0	0	0	0	1	0	0	0	0	0
C	Marios	24	125	10	1	4_____	10761	2	0	0	0	0	0	0	0	0	1	0
C	Marios	24	125	10	1	4_____	11000	2	7	0	0	0	0	0	0	0	0	0
C	Marios	24	125	10	1	4_____	11348	7	0	0	0	0	1	0	0	0	0	0
C	Marios	24	125	10	1	4_____	11500	7	10	0	0	0	0	0	0	0	0	0
C	Marios	24	125	10	1	4_____	11733	10	0	0	0	0	0	0	0	0	1	0
C	Marios	24	125	10	1	4_____	11899	10	0	0	0	0	1	0	0	0	0	0
C	Marios	24	125	10	1	4_____	11902	10	0	0	0	0	0	0	0	0	1	0
C	Marios	24	125	10	1	4_____	12000	10	1	0	0	0	0	0	0	0	0	0
C	Marios	24	125	10	1	4_____	12346	1	0	0	0	0	1	0	0	0	0	0
C	Marios	24	125	10	1	4_____	12349	1	0	0	0	0	0	0	0	0	1	0
C	Marios	24	125	10	1	4_____	12780	1	0	0	0	0	1	0	0	0	0	0
C	Marios	24	125	10	1	4_____	12810	1	0	0	0	0	0	0	0	0	1	0
C	Marios	24	125	10	1	4_____	15588	1	0	0	0	0	1	0	0	0	0	0
C	Marios	24	125	10	1	4_____	15620	1	0	0	0	0	0	0	0	0	1	0
C	Marios	24	125	10	1	4_____	15769	1	0	0	0	0	1	0	0	0	0	0
C	Marios	24	125	10	1	4_____	15807	1	0	0	0	0	0	0	0	0	1	0
C	Marios	24	125	10	1	4_____	17250	1	2	0	0	0	0	0	0	0	0	0
C	Marios	24	125	10	1	4_____	17750	2	12	0	0	0	0	0	0	0	0	0
C	Marios	24	125	10	1	4_____	18250	12	15	0	0	0	0	0	0	0	0	0
C	Marios	24	125	10	1	4_____	18254	15	0	0	0	0	1	0	0	0	0	0
C	Marios	24	125	10	1	4_____	18270	15	0	0	0	0	0	0	0	0	1	0
C	Marios	24	125	10	1	4_____	18750	15	1	0	0	0	0	0	0	0	0	0
C	Marios	24	125	10	1	4_____	20631	1	0	0	0	0	1	0	0	0	0	0
C	Marios	24	125	10	1	4_____	20674	1	0	0	0	0	0	0	0	0	1	0
C	Marios	24	125	10	1	4_____	21750	1	2	0	0	0	0	0	0	0	0	0
C	Marios	24	125	10	1	4_____	22250	2	13	0	0	0	0	0	0	0	0	0
C	Marios	24	125	10	1	4_____	22750	13	15	0	0	0	0	0	0	0	0	0
C	Marios	24	125	10	1	4_____	23250	15	1	0	0	0	0	0	0	0	0	0
C	Marios	24	125	10	1	4_____	25322	1	0	0	0	0	1	0	0	0	0	0
C	Marios	24	125	10	1	4_____	25345	1	0	0	0	0	0	0	0	0	1	0
C	Marios	24	125	10	1	4_____	26748	1	0	0	0	0	1	0	0	0	0	0
C	Marios	24	125	10	1	4_____	26788	1	0	0	0	0	0	0	0	0	1	0
C	Marios	24	125	10	1	4_____	27573	1	0	0	0	0	1	0	0	0	0	0
C	Marios	24	125	10	1	4_____	27578	1	0	0	0	0	0	0	0	0	1	0
C	Marios	24	125	10	1	4_____	27690	1	0	0	0	0	1	0	0	0	0	0
C	Marios	24	125	10	1	4_____	27717	1	0	0	0	0	0	0	0	0	1	0
C	Marios	24	125	10	1	4_____	27750	1	2	0	0	0	0	0	0	0	0	0
C	Marios	24	125	10	1	4_____	28250	2	6	0	0	0	0	0	0	0	0	0
C	Marios	24	125	10	1	4_____	28344	6	0	0	0	0	1	0	0	0	0	0
C	Marios	24	125	10	1	4_____	28479	6	0	0	0	0	0	0	0	0	1	0
C	Marios	24	125	10	1	4_____	28559	6	0	0	0	0	1	0	0	0	0	0
C	Marios	24	125	10	1	4_____	28615	6	0	0	0	0	0	0	0	0	1	0
C	Marios	24	125	10	1	4_____	28644	6	0	0	0	0	1	0	0	0	0	0
C	Marios	24	125	10	1	4_____	28748	6	0	0	0	0	0	0	0	0	1	0
C	Marios	24	125	10	1	4_____	28750	6	11	0	0	0	0	0	0	0	0	0
C	Marios	24	125	10	1	4_____	28761	11	0	0	0	0	1	0	0	0	0	0
C	Marios	24	125	10	1	4_____	28966	11	0	0	0	0	1	0	0	0	1	0
C	Marios	24	125	10	1	4_____	28974	11	0	0	0	0	0	0	0	0	1	0
C	Marios	24	125	10	1	4_____	29170	11	0	0	0	0	1	0	0	0	0	0
C	Marios	24	125	10	1	4_____	29192	11	0	0	0	0	0	0	0	0	1	0
C	Marios	24	125	10	1	4_____	29250	11	1	0	0	0	0	0	0	0	0	0
C	Marios	24	125	10	1	4_____	31125	1	0	0	0	0	1	0	0	0	0	0
C	Marios	24	125	10	1	4_____	31129	1	0	0	0	0	0	0	0	0	1	0
C	Marios	24	125	10	1	4_____	31136	1	0	0	0	0	1	0	0	0	0	0
C	Marios	24	125	10	1	4_____	31161	1	0	0	0	0	0	0	0	0	1	0
C	Marios	24	125	10	1	4_____	31611	1	0	0	0	0	1	0	0	0	0	0
C	Marios	24	125	10	1	4_____	31638	1	0	0	0	0	0	0	0	0	1	0
C	Marios	24	125	10	1	4_____	33000	1	2	0	0	0	0	0	0	0	0	0
C	Marios	24	125	10	1	4_____	33329	2	0	0	0	0	1	0	0	0	0	0
C	Marios	24	125	10	1	4_____	33359	2	0	0	0	0	1	0	0	0	1	0
C	Marios	24	125	10	1	4_____	33500	2	12	0	0	0	0	0	0	0	0	0
C	Marios	24	125	10	1	4_____	33506	12	0	0	0	0	0	0	0	0	1	0
C	Marios	24	125	10	1	4_____	33541	12	0	0	0	0	1	0	0	0	0	0
C	Marios	24	125	10	1	4_____	33568	12	0	0	0	0	0	0	0	0	1	0
C	Marios	24	125	10	1	4_____	33651	12	0	0	0	0	1	0	0	0	0	0
C	Marios	24	125	10	1	4_____	33653	12	0	0	0	0	1	0	0	0	1	0
C	Marios	24	125	10	1	4_____	33697	12	0	0	0	0	0	0	0	0	1	0
C	Marios	24	125	10	1	4_____	33700	12	0	0	0	0	1	0	0	0	0	0
C	Marios	24	125	10	1	4_____	33759	12	0	0	0	0	0	0	0	0	1	0
C	Marios	24	125	10	1	4_____	33761	12	0	0	0	0	1	0	0	0	0	0
C	Marios	24	125	10	1	4_____	33782	12	0	0	0	0	0	0	0	0	1	0
C	Marios	24	125	10	1	4_____	34000	12	15	0	0	0	0	0	0	0	0	0
C	Marios	24	125	10	1	4_____	34339	15	0	0	0	0	1	0	0	0	0	0
C	Marios	24	125	10	1	4_____	34434	15	0	0	0	0	0	0	0	0	1	0
C	Marios	24	125	10	1	4_____	34500	15	1	0	0	0	0	0	0	0	0	0
C	Marios	24	125	10	1	4_____	34843	1	0	0	0	0	1	0	0	0	0	0
C	Marios	24	125	10	1	4_____	34852	1	0	0	0	0	1	0	0	0	1	0
C	Marios	24	125	10	1	4_____	34959	1	0	0	0	0	0	0	0	0	1	0
C	Marios	24	125	10	1	4_____	37537	1	0	0	0	0	1	0	0	0	0	0
C	Marios	24	125	10	1	4_____	37694	1	0	0	0	0	0	0	0	0	1	0
C	Marios	24	125	10	1	4_____	37795	1	0	0	0	0	1	0	0	0	0	0
C	Marios	24	125	10	1	4_____	37807	1	0	0	0	0	0	0	0	0	1	0
C	Marios	24	125	10	1	4_____	37838	1	0	0	0	0	1	0	0	0	0	0
C	Marios	24	125	10	1	4_____	37853	1	0	0	0	0	0	0	0	0	1	0
C	Marios	24	125	10	1	4_____	38000	1	2	0	0	0	0	0	0	0	0	0
C	Marios	24	125	10	1	4_____	38500	2	7	0	0	0	0	0	0	0	0	0
C	Marios	24	125	10	1	4_____	38536	7	0	0	0	0	1	0	0	0	0	0
C	Marios	24	125	10	1	4_____	38588	7	0	0	0	0	0	0	0	0	1	0
C	Marios	24	125	10	1	4_____	38749	7	0	0	0	0	1	0	0	0	0	0
C	Marios	24	125	10	1	4_____	38922	7	0	0	0	0	0	0	0	0	1	0
C	Marios	24	125	10	1	4_____	38963	7	0	0	0	0	1	0	0	0	0	0
C	Marios	24	125	10	1	4_____	39000	7	10	0	0	0	0	0	0	0	0	0
C	Marios	24	125	10	1	4_____	39218	10	0	0	0	0	0	0	0	0	1	0
C	Marios	24	125	10	1	4_____	39240	10	0	0	0	0	1	0	0	0	0	0
C	Marios	24	125	10	1	4_____	39290	10	0	0	0	0	0	0	0	0	1	0
C	Marios	24	125	10	1	4_____	39292	10	0	0	0	0	1	0	0	0	0	0
C	Marios	24	125	10	1	4_____	39301	10	0	0	0	0	0	0	0	0	1	0
C	Marios	24	125	10	1	4_____	39500	10	1	0	0	0	0	0	0	0	0	0
C	Marios	24	125	10	1	4_____	41695	1	0	0	0	0	1	0	0	0	0	0
C	Marios	24	125	10	1	4_____	41745	1	0	0	0	0	0	0	0	0	1	0
C	Marios	24	125	10	1	4_____	42868	1	0	0	0	0	1	0	0	0	0	0
C	Marios	24	125	10	1	4_____	42907	1	0	0	0	0	0	0	0	0	1	0
C	Marios	24	125	10	1	4_____	43703	1	0	0	0	0	1	0	0	0	0	0
C	Marios	24	125	10	1	4_____	43707	1	0	0	0	0	0	0	0	0	1	0
C	Marios	24	125	10	1	4_____	43818	1	0	0	0	0	1	0	0	0	0	0
C	Marios	24	125	10	1	4_____	43822	1	0	0	0	0	0	0	0	0	1	0
C	Marios	24	125	10	1	4_____	44000	1	2	0	0	0	0	0	0	0	0	0
C	Marios	24	125	10	1	4_____	44500	2	13	0	0	0	0	0	0	0	0	0
C	Marios	24	125	10	1	4_____	45000	13	15	0	0	0	0	0	0	0	0	0
C	Marios	24	125	10	1	4_____	45198	15	0	0	0	0	1	0	0	0	0	0
C	Marios	24	125	10	1	4_____	45257	15	0	0	0	0	0	0	0	0	1	0
C	Marios	24	125	10	1	4_____	45500	15	1	0	0	0	0	0	0	0	0	0
C	Marios	24	125	10	1	4_____	46888	1	0	0	0	0	1	0	0	0	0	0
C	Marios	24	125	10	1	4_____	47037	1	0	0	0	0	0	0	0	0	1	0
C	Marios	24	125	10	1	4_____	50794	1	0	0	0	0	1	0	0	0	0	0
C	Marios	24	125	10	1	4_____	50966	1	0	0	0	0	0	0	0	0	1	0
C	Marios	24	125	10	1	4_____	51500	1	2	0	0	0	0	0	0	0	0	0
C	Marios	24	125	10	1	4_____	51955	2	0	0	0	0	1	0	0	0	0	0
C	Marios	24	125	10	1	4_____	51957	2	0	0	0	0	0	0	0	0	1	0
C	Marios	24	125	10	1	4_____	51961	2	0	0	0	0	1	0	0	0	0	0
C	Marios	24	125	10	1	4_____	52000	2	12	0	0	0	0	0	0	0	0	0
C	Marios	24	125	10	1	4_____	52003	12	0	0	0	0	0	0	0	0	1	0
C	Marios	24	125	10	1	4_____	52273	12	0	0	0	0	1	0	0	0	0	0
C	Marios	24	125	10	1	4_____	52421	12	0	0	0	0	0	0	0	0	1	0
C	Marios	24	125	10	1	4_____	52500	12	15	0	0	0	0	0	0	0	0	0
C	Marios	24	125	10	1	4_____	52525	15	0	0	0	0	1	0	0	0	0	0
C	Marios	24	125	10	1	4_____	52571	15	0	0	0	0	0	0	0	0	1	0
C	Marios	24	125	10	1	4_____	52574	15	0	0	0	0	1	0	0	0	0	0
C	Marios	24	125	10	1	4_____	52624	15	0	0	0	0	0	0	0	0	1	0
C	Marios	24	125	10	1	4_____	52630	15	0	0	0	0	1	0	0	0	0	0
C	Marios	24	125	10	1	4_____	52641	15	0	0	0	0	0	0	0	0	1	0
C	Marios	24	125	10	1	4_____	52686	15	0	0	0	0	1	0	0	0	0	0
C	Marios	24	125	10	1	4_____	52693	15	0	0	0	0	0	0	0	0	1	0
C	Marios	24	125	10	1	4_____	52769	15	0	0	0	0	1	0	0	0	0	0
C	Marios	24	125	10	1	4_____	52843	15	0	0	0	0	0	0	0	0	1	0
C	Marios	24	125	10	1	4_____	53000	15	1	0	0	0	0	0	0	0	0	0
C	Marios	24	125	10	1	4_____	53018	1	0	0	0	0	1	0	0	0	0	0
C	Marios	24	125	10	1	4_____	53155	1	0	0	0	0	0	0	0	0	1	0
C	Marios	24	125	10	1	4_____	53505	1	0	0	0	0	1	0	0	0	0	0
C	Marios	24	125	10	1	4_____	53523	1	0	0	0	0	0	0	0	0	1	0
C	Marios	24	125	10	1	4_____	54500	1	2	0	0	0	0	0	0	0	0	0
C	Marios	24	125	10	1	4_____	55000	2	12	0	0	0	0	0	0	0	0	0
C	Marios	24	125	10	1	4_____	55500	12	15	0	0	0	0	0	0	0	0	0
C	Marios	24	125	10	1	4_____	55541	15	0	0	0	0	1	0	0	0	0	0
C	Marios	24	125	10	1	4_____	55562	15	0	0	0	0	0	0	0	0	1	0
C	Marios	24	125	10	1	4_____	55568	15	0	0	0	0	1	0	0	0	0	0
C	Marios	24	125	10	1	4_____	55577	15	0	0	0	0	0	0	0	0	1	0
C	Marios	24	125	10	1	4_____	56000	15	1	0	0	0	0	0	0	0	0	0
C	Marios	24	125	10	1	4_____	59711	1	0	0	0	0	1	0	0	0	0	0
C	Marios	24	125	10	1	4_____	59730	1	0	0	0	0	0	0	0	0	1	0
C	Marios	24	125	10	1	4_____	59735	1	0	0	0	0	1	0	0	0	0	0
C	Marios	24	125	10	1	4_____	59848	1	0	0	0	0	0	0	0	0	1	0
C	Marios	24	125	10	1	4_____	60645	1	0	0	0	0	1	0	0	0	0	0
C	Marios	24	125	10	1	4_____	60654	1	0	0	0	0	0	0	0	0	1	0
C	Marios	24	125	10	1	4_____	60658	1	0	0	0	0	1	0	0	0	0	0
C	Marios	24	125	10	1	4_____	60689	1	0	0	0	0	0	0	0	0	1	0
C	Marios	24	125	10	1	4_____	62139	1	0	0	0	0	1	0	0	0	0	0
C	Marios	24	125	10	1	4_____	62290	1	0	0	0	0	0	0	0	0	1	0
C	Marios	24	125	10	1	4_____	63267	1	0	0	0	0	1	0	0	0	0	0
C	Marios	24	125	10	1	4_____	63271	1	0	0	0	0	0	0	0	0	1	0
C	Marios	24	125	10	1	4_____	63381	1	0	0	0	0	1	0	0	0	0	0
C	Marios	24	125	10	1	4_____	63387	1	0	0	0	0	0	0	0	0	1	0
C	Marios	24	125	10	1	4_____	63441	1	0	0	0	0	1	0	0	0	0	0
C	Marios	24	125	10	1	4_____	63500	1	2	0	0	0	0	0	0	0	1	0
C	Marios	24	125	10	1	4_____	64000	2	6	0	0	0	0	0	0	0	0	0
C	Marios	24	125	10	1	4_____	64269	6	0	0	0	0	1	0	0	0	0	0
C	Marios	24	125	10	1	4_____	64355	6	0	0	0	0	0	0	0	0	1	0
C	Marios	24	125	10	1	4_____	64369	6	0	0	0	0	1	0	0	0	0	0
C	Marios	24	125	10	1	4_____	64500	6	11	0	0	0	0	0	0	0	0	0
C	Marios	24	125	10	1	4_____	64771	11	0	0	0	0	0	0	0	0	1	0
C	Marios	24	125	10	1	4_____	64792	11	0	0	0	0	1	0	0	0	0	0
C	Marios	24	125	10	1	4_____	64833	11	0	0	0	0	0	0	0	0	1	0
C	Marios	24	125	10	1	4_____	64965	11	0	0	0	0	1	0	0	0	0	0
C	Marios	24	125	10	1	4_____	65000	11	1	0	0	0	0	0	0	0	0	0
C	Marios	24	125	10	1	4_____	65066	1	0	0	0	0	0	0	0	0	1	0
C	Marios	24	125	10	1	4_____	67588	1	0	0	0	0	1	0	0	0	0	0
C	Marios	24	125	10	1	4_____	67670	1	0	0	0	0	0	0	0	0	1	0
C	Marios	24	125	10	1	4_____	69133	1	0	0	0	0	1	0	0	0	0	0
C	Marios	24	125	10	1	4_____	69275	1	0	0	0	0	0	0	0	0	1	0
C	Marios	24	125	10	1	4_____	70500	1	2	0	0	0	0	0	0	0	0	0
C	Marios	24	125	10	1	4_____	71000	2	13	0	0	0	0	0	0	0	0	0
C	Marios	24	125	10	1	4_____	71279	13	0	0	0	0	1	0	0	0	0	0
C	Marios	24	125	10	1	4_____	71309	13	0	0	0	0	0	0	0	0	1	0
C	Marios	24	125	10	1	4_____	71400	13	0	0	0	0	1	0	0	0	0	0
C	Marios	24	125	10	1	4_____	71500	13	15	0	0	0	0	0	0	0	0	0
C	Marios	24	125	10	1	4_____	71504	15	0	0	0	0	0	0	0	0	1	0
C	Marios	24	125	10	1	4_____	71508	15	0	0	0	0	1	0	0	0	0	0
C	Marios	24	125	10	1	4_____	71561	15	0	0	0	0	0	0	0	0	1	0
C	Marios	24	125	10	1	4_____	71583	15	0	0	0	0	1	0	0	0	0	0
C	Marios	24	125	10	1	4_____	71612	15	0	0	0	0	0	0	0	0	1	0
C	Marios	24	125	10	1	4_____	71734	15	0	0	0	0	1	0	0	0	0	0
C	Marios	24	125	10	1	4_____	71826	15	0	0	0	0	0	0	0	0	1	0
C	Marios	24	125	10	1	4_____	71858	15	0	0	0	0	1	0	0	0	0	0
C	Marios	24	125	10	1	4_____	71910	15	0	0	0	0	0	0	0	0	1	0
C	Marios	24	125	10	1	4_____	72000	15	1	0	0	0	0	0	0	0	0	0
C	Marios	24	125	10	1	4_____	72770	1	0	0	0	0	1	0	0	0	0	0
C	Marios	24	125	10	1	4_____	72837	1	0	0	0	0	0	0	0	0	1	0
C	Marios	24	125	10	1	4_____	73131	1	0	0	0	0	1	0	0	0	0	0
C	Marios	24	125	10	1	4_____	73667	1	0	0	0	0	0	0	0	0	1	0
C	Marios	24	125	10	1	4_____	74068	1	0	0	0	0	1	0	0	0	0	0
C	Marios	24	125	10	1	4_____	74257	1	0	0	0	0	0	0	0	0	1	0
C	Marios	24	125	10	1	4_____	75000	1	0	0	0	0	1	0	0	0	0	0
C	Marios	24	125	10	1	4_____	75273	1	0	0	0	0	0	0	0	0	1	0
C	Marios	24	125	10	1	4_____	78000	1	2	0	0	0	0	0	0	0	0	0
C	Marios	24	125	10	1	4_____	78500	2	7	0	0	0	0	0	0	0	0	0
C	Marios	24	125	10	1	4_____	78531	7	0	0	0	0	1	0	0	0	0	0
C	Marios	24	125	10	1	4_____	78632	7	0	0	0	0	0	0	0	0	1	0
C	Marios	24	125	10	1	4_____	78643	7	0	0	0	0	1	0	0	0	0	0
C	Marios	24	125	10	1	4_____	78719	7	0	0	0	0	0	0	0	0	1	0
C	Marios	24	125	10	1	4_____	78791	7	0	0	0	0	1	0	0	0	0	0
C	Marios	24	125	10	1	4_____	78915	7	0	0	0	0	0	0	0	0	1	0
C	Marios	24	125	10	1	4_____	78961	7	0	0	0	0	1	0	0	0	0	0
C	Marios	24	125	10	1	4_____	79000	7	10	0	0	0	0	0	0	0	0	0
C	Marios	24	125	10	1	4_____	79248	10	0	0	0	0	0	0	0	0	1	0
C	Marios	24	125	10	1	4_____	79266	10	0	0	0	0	1	0	0	0	0	0
C	Marios	24	125	10	1	4_____	79268	10	0	0	0	0	0	0	0	0	1	0
C	Marios	24	125	10	1	4_____	79271	10	0	0	0	0	1	0	0	0	0	0
C	Marios	24	125	10	1	4_____	79274	10	0	0	0	0	0	0	0	0	1	0
C	Marios	24	125	10	1	4_____	79278	10	0	0	0	0	1	0	0	0	0	0
C	Marios	24	125	10	1	4_____	79282	10	0	0	0	0	0	0	0	0	1	0
C	Marios	24	125	10	1	4_____	79287	10	0	0	0	0	1	0	0	0	0	0
C	Marios	24	125	10	1	4_____	79290	10	0	0	0	0	0	0	0	0	1	0
C	Marios	24	125	10	1	4_____	79294	10	0	0	0	0	1	0	0	0	0	0
C	Marios	24	125	10	1	4_____	79296	10	0	0	0	0	0	0	0	0	1	0
C	Marios	24	125	10	1	4_____	79300	10	0	0	0	0	1	0	0	0	0	0
C	Marios	24	125	10	1	4_____	79304	10	0	0	0	0	0	0	0	0	1	0
C	Marios	24	125	10	1	4_____	79307	10	0	0	0	0	1	0	0	0	0	0
C	Marios	24	125	10	1	4_____	79345	10	0	0	0	0	0	0	0	0	1	0
C	Marios	24	125	10	1	4_____	79370	10	0	0	0	0	1	0	0	0	0	0
C	Marios	24	125	10	1	4_____	79372	10	0	0	0	0	0	0	0	0	1	0
C	Marios	24	125	10	1	4_____	79500	10	1	0	0	0	0	0	0	0	0	0
C	Marios	24	125	10	1	4_____	79577	1	0	0	0	0	1	0	0	0	0	0
C	Marios	24	125	10	1	4_____	79638	1	0	0	0	0	0	0	0	0	1	0
C	Marios	24	125	10	1	4_____	83000	1	2	0	0	0	0	0	0	0	0	0
C	Marios	24	125	10	1	4_____	83500	2	13	0	0	0	0	0	0	0	0	0
C	Marios	24	125	10	1	4_____	83798	13	0	0	0	0	1	0	0	0	0	0
C	Marios	24	125	10	1	4_____	83840	13	0	0	0	0	0	0	0	0	1	0
C	Marios	24	125	10	1	4_____	84000	13	15	0	0	0	0	0	0	0	0	0
C	Marios	24	125	10	1	4_____	84231	15	0	0	0	0	1	0	0	0	0	0
C	Marios	24	125	10	1	4_____	84359	15	0	0	0	0	0	0	0	0	1	0
C	Marios	24	125	10	1	4_____	84500	15	1	0	0	0	0	0	0	0	0	0
C	Marios	24	125	10	1	4_____	87614	1	0	0	0	0	1	0	0	0	0	0
C	Marios	24	125	10	1	4_____	87685	1	0	0	0	0	0	0	0	0	1	0
C	Marios	24	125	10	1	4_____	88250	1	2	0	0	0	0	0	0	0	0	0
C	Marios	24	125	10	1	4_____	88750	2	13	0	0	0	0	0	0	0	0	0
C	Marios	24	125	10	1	4_____	89039	13	0	0	0	0	1	0	0	0	0	0
C	Marios	24	125	10	1	4_____	89250	13	15	0	0	0	0	0	0	0	0	0
C	Marios	24	125	10	1	4_____	89320	15	0	0	0	0	0	0	0	0	1	0
C	Marios	24	125	10	1	4_____	89472	15	0	0	0	0	1	0	0	0	0	0
C	Marios	24	125	10	1	4_____	89551	15	0	0	0	0	0	0	0	0	1	0
C	Marios	24	125	10	1	4_____	89580	15	0	0	0	0	1	0	0	0	0	0
C	Marios	24	125	10	1	4_____	89617	15	0	0	0	0	0	0	0	0	1	0
C	Marios	24	125	10	1	4_____	89750	15	1	0	0	0	0	0	0	0	0	0
C	Marios	24	125	10	1	4_____	92680	1	0	0	0	0	1	0	0	0	0	0
C	Marios	24	125	10	1	4_____	92762	1	0	0	0	0	0	0	0	0	1	0
C	Marios	24	125	10	1	4_____	96938	1	0	0	0	0	1	0	0	0	0	0
C	Marios	24	125	10	1	4_____	97010	1	0	0	0	0	0	0	0	0	1	0
C	Marios	24	125	10	1	4_____	97250	1	2	0	0	0	0	0	0	0	0	0
C	Marios	24	125	10	1	4_____	97750	2	6	0	0	0	0	0	0	0	0	0
C	Marios	24	125	10	1	4_____	97873	6	0	0	0	0	1	0	0	0	0	0
C	Marios	24	125	10	1	4_____	97965	6	0	0	0	0	0	0	0	0	1	0
C	Marios	24	125	10	1	4_____	97967	6	0	0	0	0	1	0	0	0	0	0
C	Marios	24	125	10	1	4_____	97999	6	0	0	0	0	0	0	0	0	1	0
C	Marios	24	125	10	1	4_____	98005	6	0	0	0	0	1	0	0	0	0	0
C	Marios	24	125	10	1	4_____	98045	6	0	0	0	0	0	0	0	0	1	0
C	Marios	24	125	10	1	4_____	98084	6	0	0	0	0	1	0	0	0	0	0
C	Marios	24	125	10	1	4_____	98100	6	0	0	0	0	1	0	0	0	1	0
C	Marios	24	125	10	1	4_____	98102	6	0	0	0	0	1	0	0	0	1	0
C	Marios	24	125	10	1	4_____	98116	6	0	0	0	0	0	0	0	0	1	0
C	Marios	24	125	10	1	4_____	98127	6	0	0	0	0	1	0	0	0	0	0
C	Marios	24	125	10	1	4_____	98197	6	0	0	0	0	0	0	0	0	1	0
C	Marios	24	125	10	1	4_____	98199	6	0	0	0	0	1	0	0	0	0	0
C	Marios	24	125	10	1	4_____	98205	6	0	0	0	0	0	0	0	0	1	0
C	Marios	24	125	10	1	4_____	98206	6	0	0	0	0	1	0	0	0	0	0
C	Marios	24	125	10	1	4_____	98236	6	0	0	0	0	0	0	0	0	1	0
C	Marios	24	125	10	1	4_____	98239	6	0	0	0	0	1	0	0	0	0	0
C	Marios	24	125	10	1	4_____	98250	6	11	0	0	0	0	0	0	0	0	0
C	Marios	24	125	10	1	4_____	98597	11	0	0	0	0	1	0	0	0	1	0
C	Marios	24	125	10	1	4_____	98656	11	0	0	0	0	0	0	0	0	1	0
C	Marios	24	125	10	1	4_____	98750	11	1	0	0	0	0	0	0	0	0	0
C	Marios	24	125	10	1	4_____	103250	1	2	0	0	0	0	0	0	0	0	0
C	Marios	24	125	10	1	4_____	103750	2	12	0	0	0	0	0	0	0	0	0
C	Marios	24	125	10	1	4_____	104191	12	0	0	0	0	1	0	0	0	0	0
C	Marios	24	125	10	1	4_____	104245	12	0	0	0	0	0	0	0	0	1	0
C	Marios	24	125	10	1	4_____	104248	12	0	0	0	0	1	0	0	0	0	0
C	Marios	24	125	10	1	4_____	104250	12	15	0	0	0	0	0	0	0	0	0
C	Marios	24	125	10	1	4_____	104251	15	0	0	0	0	0	0	0	0	1	0
C	Marios	24	125	10	1	4_____	104284	15	0	0	0	0	1	0	0	0	0	0
C	Marios	24	125	10	1	4_____	104376	15	0	0	0	0	0	0	0	0	1	0
C	Marios	24	125	10	1	4_____	104750	15	1	0	0	0	0	0	0	0	0	0
C	Marios	24	125	10	1	4_____	105405	1	0	0	0	0	1	0	0	0	0	0
C	Marios	24	125	10	1	4_____	105445	1	0	0	0	0	0	0	0	0	1	0
C	Marios	24	125	10	1	4_____	105982	1	0	0	0	0	1	0	0	0	0	0
C	Marios	24	125	10	1	4_____	105990	1	0	0	0	0	0	0	0	0	1	0
C	Marios	24	125	10	1	4_____	106265	1	0	0	0	0	1	0	0	0	0	0
C	Marios	24	125	10	1	4_____	106383	1	0	0	0	0	0	0	0	0	1	0
C	Marios	24	125	10	1	4_____	106602	1	0	0	0	0	1	0	0	0	0	0
C	Marios	24	125	10	1	4_____	106607	1	0	0	0	0	0	0	0	0	1	0
C	Marios	24	125	10	1	4_____	106612	1	0	0	0	0	1	0	0	0	0	0
C	Marios	24	125	10	1	4_____	106801	1	0	0	0	0	0	0	0	0	1	0
C	Marios	24	125	10	1	4_____	106842	1	0	0	0	0	1	0	0	0	0	0
C	Marios	24	125	10	1	4_____	106925	1	0	0	0	0	0	0	0	0	1	0
C	Marios	24	125	10	1	4_____	110030	1	0	0	0	0	1	0	0	0	0	0
C	Marios	24	125	10	1	4_____	110048	1	0	0	0	0	0	0	0	0	1	0
C	Marios	24	125	10	1	4_____	110250	1	2	0	0	0	0	0	0	0	0	0
C	Marios	24	125	10	1	4_____	110750	2	12	0	0	0	0	0	0	0	0	0
C	Marios	24	125	10	1	4_____	110858	12	0	0	0	0	1	0	0	0	0	0
C	Marios	24	125	10	1	4_____	110896	12	0	0	0	0	0	0	0	0	1	0
C	Marios	24	125	10	1	4_____	110919	12	0	0	0	0	1	0	0	0	0	0
C	Marios	24	125	10	1	4_____	111052	12	0	0	0	0	1	0	0	0	1	0
C	Marios	24	125	10	1	4_____	111054	12	0	0	0	0	0	0	0	0	1	0
C	Marios	24	125	10	1	4_____	111055	12	0	0	0	0	1	0	0	0	0	0
C	Marios	24	125	10	1	4_____	111132	12	0	0	0	0	0	0	0	0	1	0
C	Marios	24	125	10	1	4_____	111163	12	0	0	0	0	1	0	0	0	0	0
C	Marios	24	125	10	1	4_____	111250	12	15	0	0	0	0	0	0	0	0	0
C	Marios	24	125	10	1	4_____	111332	15	0	0	0	0	0	0	0	0	1	0
C	Marios	24	125	10	1	4_____	111523	15	0	0	0	0	1	0	0	0	0	0
C	Marios	24	125	10	1	4_____	111655	15	0	0	0	0	0	0	0	0	1	0
C	Marios	24	125	10	1	4_____	111724	15	0	0	0	0	1	0	0	0	0	0
C	Marios	24	125	10	1	4_____	111747	15	0	0	0	0	0	0	0	0	1	0
C	Marios	24	125	10	1	4_____	111750	15	1	0	0	0	0	0	0	0	0	0
C	Marios	24	125	10	1	4_____	111877	1	0	0	0	0	1	0	0	0	0	0
C	Marios	24	125	10	1	4_____	112082	1	0	0	0	0	0	0	0	0	1	0
C	Marios	24	125	10	1	4_____	113387	1	0	0	0	0	1	0	0	0	0	0
C	Marios	24	125	10	1	4_____	113480	1	0	0	0	0	0	0	0	0	1	0
C	Marios	24	125	10	1	4_____	116250	1	2	0	0	0	0	0	0	0	0	0
C	Marios	24	125	10	1	4_____	116750	2	12	0	0	0	0	0	0	0	0	0
C	Marios	24	125	10	1	4_____	116752	12	0	0	0	0	1	0	0	0	0	0
C	Marios	24	125	10	1	4_____	116753	12	0	0	0	0	0	0	0	0	1	0
C	Marios	24	125	10	1	4_____	116830	12	0	0	0	0	1	0	0	0	0	0
C	Marios	24	125	10	1	4_____	116887	12	0	0	0	0	0	0	0	0	1	0
C	Marios	24	125	10	1	4_____	116960	12	0	0	0	0	1	0	0	0	0	0
C	Marios	24	125	10	1	4_____	117109	12	0	0	0	0	0	0	0	0	1	0
C	Marios	24	125	10	1	4_____	117123	12	0	0	0	0	1	0	0	0	0	0
C	Marios	24	125	10	1	4_____	117209	12	0	0	0	0	0	0	0	0	1	0
C	Marios	24	125	10	1	4_____	117250	12	15	0	0	0	0	0	0	0	0	0
C	Marios	24	125	10	1	4_____	117280	15	0	0	0	0	1	0	0	0	0	0
C	Marios	24	125	10	1	4_____	117316	15	0	0	0	0	0	0	0	0	1	0
C	Marios	24	125	10	1	4_____	117750	15	1	0	0	0	0	0	0	0	0	0
C	Marios	24	125	10	1	4_____	118205	1	0	0	0	0	1	0	0	0	0	0
C	Marios	24	125	10	1	4_____	118256	1	0	0	0	0	0	0	0	0	1	0
C	Marios	24	125	10	1	4_____	119786	1	0	0	0	0	1	0	0	0	0	0
C	Marios	24	125	10	1	4_____	119827	1	0	0	0	0	0	0	0	0	1	0
C	Marios	24	125	10	1	4_____	120750	1	2	0	0	0	0	0	0	0	0	0
C	Marios	24	125	10	1	4_____	121250	2	13	0	0	0	0	0	0	0	0	0
C	Marios	24	125	10	1	4_____	121750	13	15	0	0	0	0	0	0	0	0	0
C	Marios	24	125	10	1	4_____	121922	15	0	0	0	0	1	0	0	0	0	0
C	Marios	24	125	10	1	4_____	121928	15	0	0	0	0	0	0	0	0	1	0
C	Marios	24	125	10	1	4_____	121930	15	0	0	0	0	1	0	0	0	0	0
C	Marios	24	125	10	1	4_____	121952	15	0	0	0	0	0	0	0	0	1	0
C	Marios	24	125	10	1	4_____	122250	15	1	0	0	0	0	0	0	0	0	0
C	Marios	24	125	10	1	4_____	123270	1	0	0	0	0	1	0	0	0	0	0
C	Marios	24	125	10	1	4_____	123397	1	0	0	0	0	0	0	0	0	1	0
C	Marios	24	125	10	1	4_____	126621	1	0	0	0	0	1	0	0	0	0	0
C	Marios	24	125	10	1	4_____	126734	1	0	0	0	0	0	0	0	0	1	0
C	Marios	24	125	10	1	4_____	126782	1	0	0	0	0	1	0	0	0	0	0
C	Marios	24	125	10	1	4_____	126784	1	0	0	0	0	0	0	0	0	1	0
C	Marios	24	125	10	1	4_____	127500	1	2	0	0	0	0	0	0	0	0	0
C	Marios	24	125	10	1	4_____	128000	2	7	0	0	0	0	0	0	0	0	0
C	Marios	24	125	10	1	4_____	128105	7	0	0	0	0	1	0	0	0	0	0
C	Marios	24	125	10	1	4_____	128180	7	0	0	0	0	0	0	0	0	1	0
C	Marios	24	125	10	1	4_____	128202	7	0	0	0	0	1	0	0	0	0	0
C	Marios	24	125	10	1	4_____	128291	7	0	0	0	0	0	0	0	0	1	0
C	Marios	24	125	10	1	4_____	128301	7	0	0	0	0	1	0	0	0	0	0
C	Marios	24	125	10	1	4_____	128428	7	0	0	0	0	0	0	0	0	1	0
C	Marios	24	125	10	1	4_____	128477	7	0	0	0	0	1	0	0	0	0	0
C	Marios	24	125	10	1	4_____	128500	7	10	0	0	0	0	0	0	0	0	0
C	Marios	24	125	10	1	4_____	128701	10	0	0	0	0	0	0	0	0	1	0
C	Marios	24	125	10	1	4_____	128760	10	0	0	0	0	1	0	0	0	0	0
C	Marios	24	125	10	1	4_____	128805	10	0	0	0	0	0	0	0	0	1	0
C	Marios	24	125	10	1	4_____	128815	10	0	0	0	0	1	0	0	0	0	0
C	Marios	24	125	10	1	4_____	128845	10	0	0	0	0	0	0	0	0	1	0
C	Marios	24	125	10	1	4_____	129000	10	1	0	0	0	0	0	0	0	0	0
C	Marios	24	125	10	1	4_____	129018	1	0	0	0	0	1	0	0	0	0	0
C	Marios	24	125	10	1	4_____	129029	1	0	0	0	0	0	0	0	0	1	0
C	Marios	24	125	10	1	4_____	130037	1	0	0	0	0	1	0	0	0	0	0
C	Marios	24	125	10	1	4_____	130048	1	0	0	0	0	0	0	0	0	1	0
C	Marios	24	125	10	1	4_____	131190	1	0	0	0	0	1	0	0	0	0	0
C	Marios	24	125	10	1	4_____	131214	1	0	0	0	0	0	0	0	0	1	0
C	Marios	24	125	10	1	4_____	131215	1	0	0	0	0	1	0	0	0	0	0
C	Marios	24	125	10	1	4_____	131249	1	0	0	0	0	0	0	0	0	1	0
C	Marios	24	125	10	1	4_____	131250	1	2	0	0	0	0	0	0	0	0	0
C	Marios	24	125	10	1	4_____	131750	2	13	0	0	0	0	0	0	0	0	0
C	Marios	24	125	10	1	4_____	131914	13	0	0	0	0	1	0	0	0	0	0
C	Marios	24	125	10	1	4_____	131952	13	0	0	0	0	0	0	0	0	1	0
C	Marios	24	125	10	1	4_____	132054	13	0	0	0	0	1	0	0	0	0	0
C	Marios	24	125	10	1	4_____	132158	13	0	0	0	0	0	0	0	0	1	0
C	Marios	24	125	10	1	4_____	132246	13	0	0	0	0	1	0	0	0	0	0
C	Marios	24	125	10	1	4_____	132250	13	15	0	0	0	0	0	0	0	0	0
C	Marios	24	125	10	1	4_____	132363	15	0	0	0	0	0	0	0	0	1	0
C	Marios	24	125	10	1	4_____	132750	15	1	0	0	0	0	0	0	0	0	0
C	Marios	24	125	10	1	4_____	134250	1	2	0	0	0	0	0	0	0	0	0
C	Marios	24	125	10	1	4_____	134750	2	12	0	0	0	0	0	0	0	0	0
C	Marios	24	125	10	1	4_____	134847	12	0	0	0	0	1	0	0	0	0	0
C	Marios	24	125	10	1	4_____	134954	12	0	0	0	0	0	0	0	0	1	0
C	Marios	24	125	10	1	4_____	135143	12	0	0	0	0	1	0	0	0	0	0
C	Marios	24	125	10	1	4_____	135250	12	15	0	0	0	0	0	0	0	0	0
C	Marios	24	125	10	1	4_____	135404	15	0	0	0	0	0	0	0	0	1	0
C	Marios	24	125	10	1	4_____	135750	15	1	0	0	0	0	0	0	0	0	0
C	Marios	24	125	10	1	4_____	136286	1	0	0	0	0	1	0	0	0	0	0
C	Marios	24	125	10	1	4_____	136288	1	0	0	0	0	0	0	0	0	1	0
C	Marios	24	125	10	1	4_____	136289	1	0	0	0	0	1	0	0	0	0	0
C	Marios	24	125	10	1	4_____	136324	1	0	0	0	0	0	0	0	0	1	0
C	Marios	24	125	10	1	4_____	142500	1	2	0	0	0	0	0	0	0	0	0
C	Marios	24	125	10	1	4_____	143000	2	6	0	0	0	0	0	0	0	0	0
C	Marios	24	125	10	1	4_____	143056	6	0	0	0	0	1	0	0	0	0	0
C	Marios	24	125	10	1	4_____	143191	6	0	0	0	0	0	0	0	0	1	0
C	Marios	24	125	10	1	4_____	143294	6	0	0	0	0	1	0	0	0	0	0
C	Marios	24	125	10	1	4_____	143395	6	0	0	0	0	0	0	0	0	1	0
C	Marios	24	125	10	1	4_____	143407	6	0	0	0	0	1	0	0	0	0	0
C	Marios	24	125	10	1	4_____	143433	6	0	0	0	0	0	0	0	0	1	0
C	Marios	24	125	10	1	4_____	143462	6	0	0	0	0	1	0	0	0	0	0
C	Marios	24	125	10	1	4_____	143500	6	11	0	0	0	0	0	0	0	0	0
C	Marios	24	125	10	1	4_____	143871	11	0	0	0	0	0	0	0	0	1	0
C	Marios	24	125	10	1	4_____	143872	11	0	0	0	0	1	0	0	0	0	0
C	Marios	24	125	10	1	4_____	143876	11	0	0	0	0	0	0	0	0	1	0
C	Marios	24	125	10	1	4_____	143881	11	0	0	0	0	1	0	0	0	0	0
C	Marios	24	125	10	1	4_____	143989	11	0	0	0	0	0	0	0	0	1	0
C	Marios	24	125	10	1	4_____	143994	11	0	0	0	0	1	0	0	0	0	0
C	Marios	24	125	10	1	4_____	144000	11	14	0	0	0	0	0	0	0	0	0
C	Marios	24	125	10	1	4_____	144003	14	0	0	0	0	0	0	0	0	1	0
C	Marios	24	125	10	1	4_____	144010	14	0	0	0	0	1	0	0	0	0	0
C	Marios	24	125	10	1	4_____	144016	14	0	0	0	0	1	0	0	0	1	0
C	Marios	24	125	10	1	4_____	144024	14	0	0	0	0	0	0	0	0	1	0
C	Marios	24	125	10	1	4_____	144036	14	0	0	0	0	1	0	0	0	0	0
C	Marios	24	125	10	1	4_____	144049	14	0	0	0	0	0	0	0	0	1	0
C	Marios	24	125	10	1	4_____	144051	14	0	0	0	0	1	0	0	0	0	0
C	Marios	24	125	10	1	4_____	144055	14	0	0	0	0	0	0	0	0	1	0
C	Marios	24	125	10	1	4_____	144058	14	0	0	0	0	1	0	0	0	0	0
C	Marios	24	125	10	1	4_____	144062	14	0	0	0	0	0	0	0	0	1	0
C	Marios	24	125	10	1	4_____	144073	14	0	0	0	0	1	0	0	0	0	0
C	Marios	24	125	10	1	4_____	144088	14	0	0	0	0	0	0	0	0	1	0
C	Marios	24	125	10	1	4_____	147000	14	-1	0	0	0	0	0	0	0	0	0
C	Marios	24	125	14	1	29____	0	0	1	0	0	0	0	0	0	0	0	0
C	Marios	24	125	14	1	29____	2250	1	2	0	0	0	0	0	0	0	0	0
C	Marios	24	125	14	1	29____	2750	2	13	0	0	0	0	0	0	0	0	0
C	Marios	24	125	14	1	29____	3250	13	15	0	0	0	0	0	0	0	0	0
C	Marios	24	125	14	1	29____	3750	15	1	0	0	0	0	0	0	0	0	0
C	Marios	24	125	14	1	29____	5744	1	0	0	0	0	1	0	0	0	0	0
C	Marios	24	125	14	1	29____	5783	1	0	0	0	0	0	0	0	0	1	0
C	Marios	24	125	14	1	29____	7497	1	0	0	0	0	1	0	0	0	0	0
C	Marios	24	125	14	1	29____	7532	1	0	0	0	0	0	0	0	0	1	0
C	Marios	24	125	14	1	29____	7625	1	0	0	0	0	1	0	0	0	0	0
C	Marios	24	125	14	1	29____	7676	1	0	0	0	0	0	0	0	0	1	0
C	Marios	24	125	14	1	29____	7974	1	0	0	0	0	1	0	0	0	0	0
C	Marios	24	125	14	1	29____	8012	1	0	0	0	0	0	0	0	0	1	0
C	Marios	24	125	14	1	29____	9000	1	2	0	0	0	0	0	0	0	0	0
C	Marios	24	125	14	1	29____	9404	2	0	0	0	0	1	0	0	0	0	0
C	Marios	24	125	14	1	29____	9500	2	7	0	0	0	0	0	0	0	0	0
C	Marios	24	125	14	1	29____	9507	7	0	0	0	0	0	0	0	0	1	0
C	Marios	24	125	14	1	29____	9591	7	0	0	0	0	1	0	0	0	0	0
C	Marios	24	125	14	1	29____	9597	7	0	0	0	0	0	0	0	0	1	0
C	Marios	24	125	14	1	29____	9732	7	0	0	0	0	1	0	0	0	0	0
C	Marios	24	125	14	1	29____	9757	7	0	0	0	0	0	0	0	0	1	0
C	Marios	24	125	14	1	29____	9988	7	0	0	0	0	1	0	0	0	0	0
C	Marios	24	125	14	1	29____	9992	7	0	0	0	0	0	0	0	0	1	0
C	Marios	24	125	14	1	29____	10000	7	10	0	0	0	0	0	0	0	0	0
C	Marios	24	125	14	1	29____	10009	10	0	0	0	0	1	0	0	0	0	0
C	Marios	24	125	14	1	29____	10128	10	0	0	0	0	0	0	0	0	1	0
C	Marios	24	125	14	1	29____	10166	10	0	0	0	0	1	0	0	0	0	0
C	Marios	24	125	14	1	29____	10186	10	0	0	0	0	0	0	0	0	1	0
C	Marios	24	125	14	1	29____	10500	10	1	0	0	0	0	0	0	0	0	0
C	Marios	24	125	14	1	29____	13995	1	0	0	0	0	1	0	0	0	0	0
C	Marios	24	125	14	1	29____	14000	1	2	0	0	0	0	0	0	0	0	0
C	Marios	24	125	14	1	29____	14038	2	0	0	0	0	0	0	0	0	1	0
C	Marios	24	125	14	1	29____	14062	2	0	0	0	0	1	0	0	0	0	0
C	Marios	24	125	14	1	29____	14122	2	0	0	0	0	0	0	0	0	1	0
C	Marios	24	125	14	1	29____	14451	2	0	0	0	0	1	0	0	0	0	0
C	Marios	24	125	14	1	29____	14457	2	0	0	0	0	0	0	0	0	1	0
C	Marios	24	125	14	1	29____	14500	2	6	0	0	0	0	0	0	0	0	0
C	Marios	24	125	14	1	29____	14549	6	0	0	0	0	1	0	0	0	0	0
C	Marios	24	125	14	1	29____	14707	6	0	0	0	0	0	0	0	0	1	0
C	Marios	24	125	14	1	29____	14732	6	0	0	0	0	1	0	0	0	0	0
C	Marios	24	125	14	1	29____	14755	6	0	0	0	0	0	0	0	0	1	0
C	Marios	24	125	14	1	29____	14797	6	0	0	0	0	1	0	0	0	0	0
C	Marios	24	125	14	1	29____	14837	6	0	0	0	0	0	0	0	0	1	0
C	Marios	24	125	14	1	29____	14931	6	0	0	0	0	1	0	0	0	0	0
C	Marios	24	125	14	1	29____	14945	6	0	0	0	0	0	0	0	0	1	0
C	Marios	24	125	14	1	29____	14958	6	0	0	0	0	1	0	0	0	0	0
C	Marios	24	125	14	1	29____	15000	6	11	0	0	0	0	0	0	0	0	0
C	Marios	24	125	14	1	29____	15166	11	0	0	0	0	0	0	0	0	1	0
C	Marios	24	125	14	1	29____	15294	11	0	0	0	0	1	0	0	0	0	0
C	Marios	24	125	14	1	29____	15300	11	0	0	0	0	0	0	0	0	1	0
C	Marios	24	125	14	1	29____	15500	11	1	0	0	0	0	0	0	0	0	0
C	Marios	24	125	14	1	29____	17000	1	2	0	0	0	0	0	0	0	0	0
C	Marios	24	125	14	1	29____	17500	2	12	0	0	0	0	0	0	0	0	0
C	Marios	24	125	14	1	29____	17848	12	0	0	0	0	1	0	0	0	0	0
C	Marios	24	125	14	1	29____	17859	12	0	0	0	0	0	0	0	0	1	0
C	Marios	24	125	14	1	29____	17862	12	0	0	0	0	1	0	0	0	0	0
C	Marios	24	125	14	1	29____	17882	12	0	0	0	0	0	0	0	0	1	0
C	Marios	24	125	14	1	29____	18000	12	15	0	0	0	0	0	0	0	0	0
C	Marios	24	125	14	1	29____	18289	15	0	0	0	0	1	0	0	0	0	0
C	Marios	24	125	14	1	29____	18444	15	0	0	0	0	0	0	0	0	1	0
C	Marios	24	125	14	1	29____	18500	15	1	0	0	0	0	0	0	0	0	0
C	Marios	24	125	14	1	29____	18512	1	0	0	0	0	1	0	0	0	0	0
C	Marios	24	125	14	1	29____	18590	1	0	0	0	0	0	0	0	0	1	0
C	Marios	24	125	14	1	29____	18765	1	0	0	0	0	1	0	0	0	0	0
C	Marios	24	125	14	1	29____	18852	1	0	0	0	0	0	0	0	0	1	0
C	Marios	24	125	14	1	29____	18944	1	0	0	0	0	1	0	0	0	0	0
C	Marios	24	125	14	1	29____	19025	1	0	0	0	0	0	0	0	0	1	0
C	Marios	24	125	14	1	29____	19098	1	0	0	0	0	1	0	0	0	0	0
C	Marios	24	125	14	1	29____	19143	1	0	0	0	0	0	0	0	0	1	0
C	Marios	24	125	14	1	29____	19332	1	0	0	0	0	1	0	0	0	0	0
C	Marios	24	125	14	1	29____	19364	1	0	0	0	0	0	0	0	0	1	0
C	Marios	24	125	14	1	29____	19377	1	0	0	0	0	1	0	0	0	0	0
C	Marios	24	125	14	1	29____	19437	1	0	0	0	0	0	0	0	0	1	0
C	Marios	24	125	14	1	29____	19607	1	0	0	0	0	1	0	0	0	0	0
C	Marios	24	125	14	1	29____	19624	1	0	0	0	0	0	0	0	0	1	0
C	Marios	24	125	14	1	29____	19714	1	0	0	0	0	1	0	0	0	0	0
C	Marios	24	125	14	1	29____	19738	1	0	0	0	0	0	0	0	0	1	0
C	Marios	24	125	14	1	29____	19749	1	0	0	0	0	1	0	0	0	0	0
C	Marios	24	125	14	1	29____	19815	1	0	0	0	0	0	0	0	0	1	0
C	Marios	24	125	14	1	29____	19916	1	0	0	0	0	1	0	0	0	0	0
C	Marios	24	125	14	1	29____	19939	1	0	0	0	0	0	0	0	0	1	0
C	Marios	24	125	14	1	29____	22211	1	0	0	0	0	1	0	0	0	0	0
C	Marios	24	125	14	1	29____	22216	1	0	0	0	0	0	0	0	0	1	0
C	Marios	24	125	14	1	29____	22217	1	0	0	0	0	1	0	0	0	0	0
C	Marios	24	125	14	1	29____	22276	1	0	0	0	0	0	0	0	0	1	0
C	Marios	24	125	14	1	29____	22295	1	0	0	0	0	1	0	0	0	0	0
C	Marios	24	125	14	1	29____	22315	1	0	0	0	0	0	0	0	0	1	0
C	Marios	24	125	14	1	29____	22456	1	0	0	0	0	1	0	0	0	0	0
C	Marios	24	125	14	1	29____	22474	1	0	0	0	0	0	0	0	0	1	0
C	Marios	24	125	14	1	29____	23000	1	2	0	0	0	0	0	0	0	0	0
C	Marios	24	125	14	1	29____	23142	2	0	0	0	0	1	0	0	0	0	0
C	Marios	24	125	14	1	29____	23261	2	0	0	0	0	0	0	0	0	1	0
C	Marios	24	125	14	1	29____	23269	2	0	0	0	0	1	0	0	0	0	0
C	Marios	24	125	14	1	29____	23302	2	0	0	0	0	0	0	0	0	1	0
C	Marios	24	125	14	1	29____	23361	2	0	0	0	0	1	0	0	0	0	0
C	Marios	24	125	14	1	29____	23369	2	0	0	0	0	0	0	0	0	1	0
C	Marios	24	125	14	1	29____	23500	2	13	0	0	0	0	0	0	0	0	0
C	Marios	24	125	14	1	29____	23627	13	0	0	0	0	1	0	0	0	0	0
C	Marios	24	125	14	1	29____	23635	13	0	0	0	0	0	0	0	0	1	0
C	Marios	24	125	14	1	29____	24000	13	15	0	0	0	0	0	0	0	0	0
C	Marios	24	125	14	1	29____	24500	15	1	0	0	0	0	0	0	0	0	0
C	Marios	24	125	14	1	29____	25765	1	0	0	0	0	1	0	0	0	0	0
C	Marios	24	125	14	1	29____	25767	1	0	0	0	0	0	0	0	0	1	0
C	Marios	24	125	14	1	29____	25768	1	0	0	0	0	1	0	0	0	0	0
C	Marios	24	125	14	1	29____	25770	1	0	0	0	0	0	0	0	0	1	0
C	Marios	24	125	14	1	29____	26061	1	0	0	0	0	1	0	0	0	0	0
C	Marios	24	125	14	1	29____	26063	1	0	0	0	0	0	0	0	0	1	0
C	Marios	24	125	14	1	29____	26835	1	0	0	0	0	1	0	0	0	0	0
C	Marios	24	125	14	1	29____	26845	1	0	0	0	0	0	0	0	0	1	0
C	Marios	24	125	14	1	29____	26855	1	0	0	0	0	1	0	0	0	0	0
C	Marios	24	125	14	1	29____	26862	1	0	0	0	0	0	0	0	0	1	0
C	Marios	24	125	14	1	29____	28737	1	0	0	0	0	1	0	0	0	0	0
C	Marios	24	125	14	1	29____	28776	1	0	0	0	0	0	0	0	0	1	0
C	Marios	24	125	14	1	29____	28833	1	0	0	0	0	1	0	0	0	0	0
C	Marios	24	125	14	1	29____	28840	1	0	0	0	0	0	0	0	0	1	0
C	Marios	24	125	14	1	29____	28852	1	0	0	0	0	1	0	0	0	0	0
C	Marios	24	125	14	1	29____	28855	1	0	0	0	0	0	0	0	0	1	0
C	Marios	24	125	14	1	29____	28890	1	0	0	0	0	1	0	0	0	0	0
C	Marios	24	125	14	1	29____	29045	1	0	0	0	0	0	0	0	0	1	0
C	Marios	24	125	14	1	29____	29059	1	0	0	0	0	1	0	0	0	0	0
C	Marios	24	125	14	1	29____	29173	1	0	0	0	0	0	0	0	0	1	0
C	Marios	24	125	14	1	29____	29252	1	0	0	0	0	1	0	0	0	0	0
C	Marios	24	125	14	1	29____	29265	1	0	0	0	0	0	0	0	0	1	0
C	Marios	24	125	14	1	29____	29540	1	0	0	0	0	1	0	0	0	0	0
C	Marios	24	125	14	1	29____	29586	1	0	0	0	0	0	0	0	0	1	0
C	Marios	24	125	14	1	29____	29644	1	0	0	0	0	1	0	0	0	0	0
C	Marios	24	125	14	1	29____	29653	1	0	0	0	0	0	0	0	0	1	0
C	Marios	24	125	14	1	29____	29670	1	0	0	0	0	1	0	0	0	0	0
C	Marios	24	125	14	1	29____	29677	1	0	0	0	0	0	0	0	0	1	0
C	Marios	24	125	14	1	29____	29679	1	0	0	0	0	1	0	0	0	0	0
C	Marios	24	125	14	1	29____	29687	1	0	0	0	0	0	0	0	0	1	0
C	Marios	24	125	14	1	29____	29862	1	0	0	0	0	1	0	0	0	0	0
C	Marios	24	125	14	1	29____	29899	1	0	0	0	0	0	0	0	0	1	0
C	Marios	24	125	14	1	29____	30500	1	2	0	0	0	0	0	0	0	0	0
C	Marios	24	125	14	1	29____	31000	2	12	0	0	0	0	0	0	0	0	0
C	Marios	24	125	14	1	29____	31500	12	15	0	0	0	0	0	0	0	0	0
C	Marios	24	125	14	1	29____	32000	15	1	0	0	0	0	0	0	0	0	0
C	Marios	24	125	14	1	29____	32762	1	0	0	0	0	1	0	0	0	0	0
C	Marios	24	125	14	1	29____	32772	1	0	0	0	0	0	0	0	0	1	0
C	Marios	24	125	14	1	29____	32810	1	0	0	0	0	1	0	0	0	0	0
C	Marios	24	125	14	1	29____	32854	1	0	0	0	0	0	0	0	0	1	0
C	Marios	24	125	14	1	29____	35346	1	0	0	0	0	1	0	0	0	0	0
C	Marios	24	125	14	1	29____	35639	1	0	0	0	0	0	0	0	0	1	0
C	Marios	24	125	14	1	29____	36583	1	0	0	0	0	1	0	0	0	0	0
C	Marios	24	125	14	1	29____	36587	1	0	0	0	0	0	0	0	0	1	0
C	Marios	24	125	14	1	29____	36610	1	0	0	0	0	1	0	0	0	0	0
C	Marios	24	125	14	1	29____	36666	1	0	0	0	0	0	0	0	0	1	0
C	Marios	24	125	14	1	29____	37500	1	2	0	0	0	0	0	0	0	0	0
C	Marios	24	125	14	1	29____	38000	2	6	0	0	0	0	0	0	0	0	0
C	Marios	24	125	14	1	29____	38194	6	0	0	0	0	1	0	0	0	0	0
C	Marios	24	125	14	1	29____	38199	6	0	0	0	0	0	0	0	0	1	0
C	Marios	24	125	14	1	29____	38217	6	0	0	0	0	1	0	0	0	0	0
C	Marios	24	125	14	1	29____	38219	6	0	0	0	0	0	0	0	0	1	0
C	Marios	24	125	14	1	29____	38269	6	0	0	0	0	1	0	0	0	0	0
C	Marios	24	125	14	1	29____	38500	6	11	0	0	0	0	0	0	0	0	0
C	Marios	24	125	14	1	29____	38706	11	0	0	0	0	0	0	0	0	1	0
C	Marios	24	125	14	1	29____	38738	11	0	0	0	0	1	0	0	0	0	0
C	Marios	24	125	14	1	29____	38799	11	0	0	0	0	0	0	0	0	1	0
C	Marios	24	125	14	1	29____	39000	11	1	0	0	0	0	0	0	0	0	0
C	Marios	24	125	14	1	29____	42168	1	0	0	0	0	1	0	0	0	0	0
C	Marios	24	125	14	1	29____	42270	1	0	0	0	0	0	0	0	0	1	0
C	Marios	24	125	14	1	29____	45232	1	0	0	0	0	1	0	0	0	0	0
C	Marios	24	125	14	1	29____	45236	1	0	0	0	0	0	0	0	0	1	0
C	Marios	24	125	14	1	29____	46500	1	2	0	0	0	0	0	0	0	0	0
C	Marios	24	125	14	1	29____	47000	2	12	0	0	0	0	0	0	0	0	0
C	Marios	24	125	14	1	29____	47266	12	0	0	0	0	1	0	0	0	0	0
C	Marios	24	125	14	1	29____	47323	12	0	0	0	0	0	0	0	0	1	0
C	Marios	24	125	14	1	29____	47500	12	15	0	0	0	0	0	0	0	0	0
C	Marios	24	125	14	1	29____	47554	15	0	0	0	0	1	0	0	0	0	0
C	Marios	24	125	14	1	29____	47588	15	0	0	0	0	0	0	0	0	1	0
C	Marios	24	125	14	1	29____	47651	15	0	0	0	0	1	0	0	0	0	0
C	Marios	24	125	14	1	29____	47660	15	0	0	0	0	0	0	0	0	1	0
C	Marios	24	125	14	1	29____	47671	15	0	0	0	0	1	0	0	0	0	0
C	Marios	24	125	14	1	29____	47944	15	0	0	0	0	0	0	0	0	1	0
C	Marios	24	125	14	1	29____	47992	15	0	0	0	0	1	0	0	0	0	0
C	Marios	24	125	14	1	29____	48000	15	1	0	0	0	0	0	0	0	1	0
C	Marios	24	125	14	1	29____	48040	1	0	0	0	0	1	0	0	0	0	0
C	Marios	24	125	14	1	29____	48495	1	0	0	0	0	0	0	0	0	1	0
C	Marios	24	125	14	1	29____	48663	1	0	0	0	0	1	0	0	0	0	0
C	Marios	24	125	14	1	29____	48701	1	0	0	0	0	0	0	0	0	1	0
C	Marios	24	125	14	1	29____	49703	1	0	0	0	0	1	0	0	0	0	0
C	Marios	24	125	14	1	29____	49711	1	0	0	0	0	0	0	0	0	1	0
C	Marios	24	125	14	1	29____	50819	1	0	0	0	0	1	0	0	0	0	0
C	Marios	24	125	14	1	29____	50863	1	0	0	0	0	0	0	0	0	1	0
C	Marios	24	125	14	1	29____	51254	1	0	0	0	0	1	0	0	0	0	0
C	Marios	24	125	14	1	29____	51256	1	0	0	0	0	0	0	0	0	1	0
C	Marios	24	125	14	1	29____	52500	1	2	0	0	0	0	0	0	0	0	0
C	Marios	24	125	14	1	29____	53000	2	12	0	0	0	0	0	0	0	0	0
C	Marios	24	125	14	1	29____	53170	12	0	0	0	0	1	0	0	0	0	0
C	Marios	24	125	14	1	29____	53176	12	0	0	0	0	0	0	0	0	1	0
C	Marios	24	125	14	1	29____	53182	12	0	0	0	0	1	0	0	0	0	0
C	Marios	24	125	14	1	29____	53213	12	0	0	0	0	0	0	0	0	1	0
C	Marios	24	125	14	1	29____	53500	12	15	0	0	0	0	0	0	0	0	0
C	Marios	24	125	14	1	29____	54000	15	1	0	0	0	0	0	0	0	0	0
C	Marios	24	125	14	1	29____	54532	1	0	0	0	0	1	0	0	0	0	0
C	Marios	24	125	14	1	29____	54673	1	0	0	0	0	0	0	0	0	1	0
C	Marios	24	125	14	1	29____	54982	1	0	0	0	0	1	0	0	0	0	0
C	Marios	24	125	14	1	29____	54999	1	0	0	0	0	0	0	0	0	1	0
C	Marios	24	125	14	1	29____	55164	1	0	0	0	0	1	0	0	0	0	0
C	Marios	24	125	14	1	29____	55182	1	0	0	0	0	0	0	0	0	1	0
C	Marios	24	125	14	1	29____	55205	1	0	0	0	0	1	0	0	0	0	0
C	Marios	24	125	14	1	29____	55228	1	0	0	0	0	0	0	0	0	1	0
C	Marios	24	125	14	1	29____	57750	1	2	0	0	0	0	0	0	0	0	0
C	Marios	24	125	14	1	29____	58250	2	13	0	0	0	0	0	0	0	0	0
C	Marios	24	125	14	1	29____	58750	13	15	0	0	0	0	0	0	0	0	0
C	Marios	24	125	14	1	29____	59048	15	0	0	0	0	1	0	0	0	0	0
C	Marios	24	125	14	1	29____	59051	15	0	0	0	0	0	0	0	0	1	0
C	Marios	24	125	14	1	29____	59054	15	0	0	0	0	1	0	0	0	0	0
C	Marios	24	125	14	1	29____	59067	15	0	0	0	0	0	0	0	0	1	0
C	Marios	24	125	14	1	29____	59250	15	1	0	0	0	0	0	0	0	0	0
C	Marios	24	125	14	1	29____	62166	1	0	0	0	0	1	0	0	0	0	0
C	Marios	24	125	14	1	29____	62250	1	2	0	0	0	0	0	0	0	0	0
C	Marios	24	125	14	1	29____	62348	2	0	0	0	0	0	0	0	0	1	0
C	Marios	24	125	14	1	29____	62750	2	13	0	0	0	0	0	0	0	0	0
C	Marios	24	125	14	1	29____	62819	13	0	0	0	0	1	0	0	0	0	0
C	Marios	24	125	14	1	29____	62881	13	0	0	0	0	0	0	0	0	1	0
C	Marios	24	125	14	1	29____	62940	13	0	0	0	0	1	0	0	0	0	0
C	Marios	24	125	14	1	29____	63111	13	0	0	0	0	0	0	0	0	1	0
C	Marios	24	125	14	1	29____	63250	13	15	0	0	0	1	0	0	0	0	0
C	Marios	24	125	14	1	29____	63313	15	0	0	0	0	0	0	0	0	1	0
C	Marios	24	125	14	1	29____	63357	15	0	0	0	0	1	0	0	0	0	0
C	Marios	24	125	14	1	29____	63363	15	0	0	0	0	0	0	0	0	1	0
C	Marios	24	125	14	1	29____	63364	15	0	0	0	0	1	0	0	0	0	0
C	Marios	24	125	14	1	29____	63391	15	0	0	0	0	0	0	0	0	1	0
C	Marios	24	125	14	1	29____	63625	15	0	0	0	0	1	0	0	0	0	0
C	Marios	24	125	14	1	29____	63750	15	1	0	0	0	0	0	0	0	0	0
C	Marios	24	125	14	1	29____	63896	1	0	0	0	0	0	0	0	0	1	0
C	Marios	24	125	14	1	29____	64114	1	0	0	0	0	1	0	0	0	0	0
C	Marios	24	125	14	1	29____	64287	1	0	0	0	0	0	0	0	0	1	0
C	Marios	24	125	14	1	29____	64693	1	0	0	0	0	1	0	0	0	0	0
C	Marios	24	125	14	1	29____	64850	1	0	0	0	0	0	0	0	0	1	0
C	Marios	24	125	14	1	29____	66999	1	0	0	0	0	1	0	0	0	0	0
C	Marios	24	125	14	1	29____	67144	1	0	0	0	0	0	0	0	0	1	0
C	Marios	24	125	14	1	29____	69086	1	0	0	0	0	1	0	0	0	0	0
C	Marios	24	125	14	1	29____	69103	1	0	0	0	0	0	0	0	0	1	0
C	Marios	24	125	14	1	29____	69133	1	0	0	0	0	1	0	0	0	0	0
C	Marios	24	125	14	1	29____	69136	1	0	0	0	0	0	0	0	0	1	0
C	Marios	24	125	14	1	29____	69152	1	0	0	0	0	1	0	0	0	0	0
C	Marios	24	125	14	1	29____	69203	1	0	0	0	0	0	0	0	0	1	0
C	Marios	24	125	14	1	29____	69663	1	0	0	0	0	1	0	0	0	0	0
C	Marios	24	125	14	1	29____	69667	1	0	0	0	0	0	0	0	0	1	0
C	Marios	24	125	14	1	29____	70500	1	2	0	0	0	0	0	0	0	0	0
C	Marios	24	125	14	1	29____	71000	2	7	0	0	0	0	0	0	0	0	0
C	Marios	24	125	14	1	29____	71175	7	0	0	0	0	1	0	0	0	0	0
C	Marios	24	125	14	1	29____	71192	7	0	0	0	0	0	0	0	0	1	0
C	Marios	24	125	14	1	29____	71282	7	0	0	0	0	1	0	0	0	0	0
C	Marios	24	125	14	1	29____	71358	7	0	0	0	0	0	0	0	0	1	0
C	Marios	24	125	14	1	29____	71407	7	0	0	0	0	1	0	0	0	0	0
C	Marios	24	125	14	1	29____	71442	7	0	0	0	0	0	0	0	0	1	0
C	Marios	24	125	14	1	29____	71478	7	0	0	0	0	1	0	0	0	0	0
C	Marios	24	125	14	1	29____	71500	7	10	0	0	0	0	0	0	0	0	0
C	Marios	24	125	14	1	29____	71775	10	0	0	0	0	0	0	0	0	1	0
C	Marios	24	125	14	1	29____	72000	10	1	0	0	0	0	0	0	0	0	0
C	Marios	24	125	14	1	29____	75669	1	0	0	0	0	1	0	0	0	0	0
C	Marios	24	125	14	1	29____	75706	1	0	0	0	0	0	0	0	0	1	0
C	Marios	24	125	14	1	29____	75709	1	0	0	0	0	1	0	0	0	0	0
C	Marios	24	125	14	1	29____	75729	1	0	0	0	0	0	0	0	0	1	0
C	Marios	24	125	14	1	29____	75730	1	0	0	0	0	1	0	0	0	0	0
C	Marios	24	125	14	1	29____	75732	1	0	0	0	0	0	0	0	0	1	0
C	Marios	24	125	14	1	29____	76012	1	0	0	0	0	1	0	0	0	0	0
C	Marios	24	125	14	1	29____	76016	1	0	0	0	0	0	0	0	0	1	0
C	Marios	24	125	14	1	29____	76152	1	0	0	0	0	1	0	0	0	0	0
C	Marios	24	125	14	1	29____	76154	1	0	0	0	0	0	0	0	0	1	0
C	Marios	24	125	14	1	29____	76240	1	0	0	0	0	1	0	0	0	0	0
C	Marios	24	125	14	1	29____	76244	1	0	0	0	0	0	0	0	0	1	0
C	Marios	24	125	14	1	29____	76263	1	0	0	0	0	1	0	0	0	0	0
C	Marios	24	125	14	1	29____	76282	1	0	0	0	0	0	0	0	0	1	0
C	Marios	24	125	14	1	29____	77295	1	0	0	0	0	1	0	0	0	0	0
C	Marios	24	125	14	1	29____	77500	1	2	0	0	0	0	0	0	0	0	0
C	Marios	24	125	14	1	29____	77582	2	0	0	0	0	0	0	0	0	1	0
C	Marios	24	125	14	1	29____	77704	2	0	0	0	0	1	0	0	0	0	0
C	Marios	24	125	14	1	29____	77880	2	0	0	0	0	0	0	0	0	1	0
C	Marios	24	125	14	1	29____	78000	2	7	0	0	0	0	0	0	0	0	0
C	Marios	24	125	14	1	29____	78094	7	0	0	0	0	1	0	0	0	0	0
C	Marios	24	125	14	1	29____	78150	7	0	0	0	0	0	0	0	0	1	0
C	Marios	24	125	14	1	29____	78200	7	0	0	0	0	1	0	0	0	0	0
C	Marios	24	125	14	1	29____	78476	7	0	0	0	0	0	0	0	0	1	0
C	Marios	24	125	14	1	29____	78496	7	0	0	0	0	1	0	0	0	0	0
C	Marios	24	125	14	1	29____	78500	7	10	0	0	0	0	0	0	0	0	0
C	Marios	24	125	14	1	29____	78799	10	0	0	0	0	0	0	0	0	1	0
C	Marios	24	125	14	1	29____	79000	10	1	0	0	0	0	0	0	0	0	0
C	Marios	24	125	14	1	29____	83288	1	0	0	0	0	1	0	0	0	0	0
C	Marios	24	125	14	1	29____	83298	1	0	0	0	0	0	0	0	0	1	0
C	Marios	24	125	14	1	29____	83309	1	0	0	0	0	1	0	0	0	0	0
C	Marios	24	125	14	1	29____	83348	1	0	0	0	0	0	0	0	0	1	0
C	Marios	24	125	14	1	29____	84429	1	0	0	0	0	1	0	0	0	0	0
C	Marios	24	125	14	1	29____	84518	1	0	0	0	0	0	0	0	0	1	0
C	Marios	24	125	14	1	29____	84811	1	0	0	0	0	1	0	0	0	0	0
C	Marios	24	125	14	1	29____	85042	1	0	0	0	0	0	0	0	0	1	0
C	Marios	24	125	14	1	29____	85099	1	0	0	0	0	1	0	0	0	0	0
C	Marios	24	125	14	1	29____	85169	1	0	0	0	0	0	0	0	0	1	0
C	Marios	24	125	14	1	29____	85276	1	0	0	0	0	1	0	0	0	0	0
C	Marios	24	125	14	1	29____	85343	1	0	0	0	0	0	0	0	0	1	0
C	Marios	24	125	14	1	29____	85350	1	0	0	0	0	1	0	0	0	0	0
C	Marios	24	125	14	1	29____	85403	1	0	0	0	0	0	0	0	0	1	0
C	Marios	24	125	14	1	29____	85471	1	0	0	0	0	1	0	0	0	0	0
C	Marios	24	125	14	1	29____	85532	1	0	0	0	0	0	0	0	0	1	0
C	Marios	24	125	14	1	29____	85548	1	0	0	0	0	1	0	0	0	0	0
C	Marios	24	125	14	1	29____	85662	1	0	0	0	0	0	0	0	0	1	0
C	Marios	24	125	14	1	29____	85750	1	2	0	0	0	0	0	0	0	0	0
C	Marios	24	125	14	1	29____	85764	2	0	0	0	0	1	0	0	0	0	0
C	Marios	24	125	14	1	29____	85915	2	0	0	0	0	0	0	0	0	1	0
C	Marios	24	125	14	1	29____	85951	2	0	0	0	0	1	0	0	0	0	0
C	Marios	24	125	14	1	29____	85981	2	0	0	0	0	0	0	0	0	1	0
C	Marios	24	125	14	1	29____	86077	2	0	0	0	0	1	0	0	0	0	0
C	Marios	24	125	14	1	29____	86119	2	0	0	0	0	0	0	0	0	1	0
C	Marios	24	125	14	1	29____	86250	2	13	0	0	0	0	0	0	0	0	0
C	Marios	24	125	14	1	29____	86309	13	0	0	0	0	1	0	0	0	0	0
C	Marios	24	125	14	1	29____	86364	13	0	0	0	0	0	0	0	0	1	0
C	Marios	24	125	14	1	29____	86398	13	0	0	0	0	1	0	0	0	0	0
C	Marios	24	125	14	1	29____	86609	13	0	0	0	0	0	0	0	0	1	0
C	Marios	24	125	14	1	29____	86750	13	15	0	0	0	0	0	0	0	0	0
C	Marios	24	125	14	1	29____	86863	15	0	0	0	0	1	0	0	0	0	0
C	Marios	24	125	14	1	29____	86870	15	0	0	0	0	0	0	0	0	1	0
C	Marios	24	125	14	1	29____	87077	15	0	0	0	0	1	0	0	0	0	0
C	Marios	24	125	14	1	29____	87086	15	0	0	0	0	0	0	0	0	1	0
C	Marios	24	125	14	1	29____	87250	15	1	0	0	0	0	0	0	0	0	0
C	Marios	24	125	14	1	29____	90310	1	0	0	0	0	1	0	0	0	0	0
C	Marios	24	125	14	1	29____	90319	1	0	0	0	0	0	0	0	0	1	0
C	Marios	24	125	14	1	29____	90324	1	0	0	0	0	1	0	0	0	0	0
C	Marios	24	125	14	1	29____	90392	1	0	0	0	0	0	0	0	0	1	0
C	Marios	24	125	14	1	29____	91750	1	2	0	0	0	0	0	0	0	0	0
C	Marios	24	125	14	1	29____	92250	2	6	0	0	0	0	0	0	0	0	0
C	Marios	24	125	14	1	29____	92289	6	0	0	0	0	1	0	0	0	0	0
C	Marios	24	125	14	1	29____	92414	6	0	0	0	0	0	0	0	0	1	0
C	Marios	24	125	14	1	29____	92446	6	0	0	0	0	1	0	0	0	0	0
C	Marios	24	125	14	1	29____	92594	6	0	0	0	0	0	0	0	0	1	0
C	Marios	24	125	14	1	29____	92640	6	0	0	0	0	1	0	0	0	0	0
C	Marios	24	125	14	1	29____	92750	6	11	0	0	0	0	0	0	0	0	0
C	Marios	24	125	14	1	29____	93134	11	0	0	0	0	0	0	0	0	1	0
C	Marios	24	125	14	1	29____	93137	11	0	0	0	0	1	0	0	0	0	0
C	Marios	24	125	14	1	29____	93250	11	1	0	0	0	0	0	0	0	0	0
C	Marios	24	125	14	1	29____	93386	1	0	0	0	0	0	0	0	0	1	0
C	Marios	24	125	14	1	29____	93398	1	0	0	0	0	1	0	0	0	0	0
C	Marios	24	125	14	1	29____	93599	1	0	0	0	0	0	0	0	0	1	0
C	Marios	24	125	14	1	29____	97128	1	0	0	0	0	1	0	0	0	0	0
C	Marios	24	125	14	1	29____	97135	1	0	0	0	0	0	0	0	0	1	0
C	Marios	24	125	14	1	29____	99250	1	2	0	0	0	0	0	0	0	0	0
C	Marios	24	125	14	1	29____	99501	2	0	0	0	0	1	0	0	0	0	0
C	Marios	24	125	14	1	29____	99605	2	0	0	0	0	0	0	0	0	1	0
C	Marios	24	125	14	1	29____	99625	2	0	0	0	0	1	0	0	0	0	0
C	Marios	24	125	14	1	29____	99626	2	0	0	0	0	0	0	0	0	1	0
C	Marios	24	125	14	1	29____	99750	2	13	0	0	0	0	0	0	0	0	0
C	Marios	24	125	14	1	29____	100250	13	15	0	0	0	0	0	0	0	0	0
C	Marios	24	125	14	1	29____	100750	15	1	0	0	0	0	0	0	0	0	0
C	Marios	24	125	14	1	29____	101463	1	0	0	0	0	1	0	0	0	0	0
C	Marios	24	125	14	1	29____	101498	1	0	0	0	0	0	0	0	0	1	0
C	Marios	24	125	14	1	29____	101692	1	0	0	0	0	1	0	0	0	0	0
C	Marios	24	125	14	1	29____	101726	1	0	0	0	0	0	0	0	0	1	0
C	Marios	24	125	14	1	29____	103158	1	0	0	0	0	1	0	0	0	0	0
C	Marios	24	125	14	1	29____	103512	1	0	0	0	0	0	0	0	0	1	0
C	Marios	24	125	14	1	29____	103750	1	2	0	0	0	0	0	0	0	0	0
C	Marios	24	125	14	1	29____	104250	2	12	0	0	0	0	0	0	0	0	0
C	Marios	24	125	14	1	29____	104340	12	0	0	0	0	1	0	0	0	0	0
C	Marios	24	125	14	1	29____	104430	12	0	0	0	0	0	0	0	0	1	0
C	Marios	24	125	14	1	29____	104490	12	0	0	0	0	1	0	0	0	0	0
C	Marios	24	125	14	1	29____	104506	12	0	0	0	0	0	0	0	0	1	0
C	Marios	24	125	14	1	29____	104511	12	0	0	0	0	1	0	0	0	0	0
C	Marios	24	125	14	1	29____	104579	12	0	0	0	0	0	0	0	0	1	0
C	Marios	24	125	14	1	29____	104703	12	0	0	0	0	1	0	0	0	0	0
C	Marios	24	125	14	1	29____	104750	12	15	0	0	0	0	0	0	0	0	0
C	Marios	24	125	14	1	29____	104930	15	0	0	0	0	0	0	0	0	1	0
C	Marios	24	125	14	1	29____	104995	15	0	0	0	0	1	0	0	0	0	0
C	Marios	24	125	14	1	29____	105194	15	0	0	0	0	0	0	0	0	1	0
C	Marios	24	125	14	1	29____	105250	15	1	0	0	0	0	0	0	0	0	0
C	Marios	24	125	14	1	29____	106002	1	0	0	0	0	1	0	0	0	0	0
C	Marios	24	125	14	1	29____	106058	1	0	0	0	0	0	0	0	0	1	0
C	Marios	24	125	14	1	29____	106410	1	0	0	0	0	1	0	0	0	0	0
C	Marios	24	125	14	1	29____	106752	1	0	0	0	0	0	0	0	0	1	0
C	Marios	24	125	14	1	29____	107500	1	2	0	0	0	0	0	0	0	0	0
C	Marios	24	125	14	1	29____	108000	2	12	0	0	0	0	0	0	0	0	0
C	Marios	24	125	14	1	29____	108169	12	0	0	0	0	1	0	0	0	0	0
C	Marios	24	125	14	1	29____	108204	12	0	0	0	0	0	0	0	0	1	0
C	Marios	24	125	14	1	29____	108344	12	0	0	0	0	1	0	0	0	0	0
C	Marios	24	125	14	1	29____	108407	12	0	0	0	0	0	0	0	0	1	0
C	Marios	24	125	14	1	29____	108500	12	15	0	0	0	0	0	0	0	0	0
C	Marios	24	125	14	1	29____	108549	15	0	0	0	0	1	0	0	0	0	0
C	Marios	24	125	14	1	29____	108780	15	0	0	0	0	0	0	0	0	1	0
C	Marios	24	125	14	1	29____	108913	15	0	0	0	0	1	0	0	0	0	0
C	Marios	24	125	14	1	29____	109000	15	1	0	0	0	0	0	0	0	0	0
C	Marios	24	125	14	1	29____	109264	1	0	0	0	0	0	0	0	0	1	0
C	Marios	24	125	14	1	29____	110006	1	0	0	0	0	1	0	0	0	0	0
C	Marios	24	125	14	1	29____	110009	1	0	0	0	0	0	0	0	0	1	0
C	Marios	24	125	14	1	29____	114563	1	0	0	0	0	1	0	0	0	0	0
C	Marios	24	125	14	1	29____	114766	1	0	0	0	0	0	0	0	0	1	0
C	Marios	24	125	14	1	29____	116500	1	2	0	0	0	0	0	0	0	0	0
C	Marios	24	125	14	1	29____	116989	2	0	0	0	0	1	0	0	0	0	0
C	Marios	24	125	14	1	29____	116992	2	0	0	0	0	0	0	0	0	1	0
C	Marios	24	125	14	1	29____	117000	2	13	0	0	0	0	0	0	0	0	0
C	Marios	24	125	14	1	29____	117500	13	15	0	0	0	0	0	0	0	0	0
C	Marios	24	125	14	1	29____	118000	15	1	0	0	0	0	0	0	0	0	0
C	Marios	24	125	14	1	29____	118917	1	0	0	0	0	1	0	0	0	0	0
C	Marios	24	125	14	1	29____	119006	1	0	0	0	0	0	0	0	0	1	0
C	Marios	24	125	14	1	29____	119510	1	0	0	0	0	1	0	0	0	0	0
C	Marios	24	125	14	1	29____	119617	1	0	0	0	0	0	0	0	0	1	0
C	Marios	24	125	14	1	29____	122477	1	0	0	0	0	1	0	0	0	0	0
C	Marios	24	125	14	1	29____	122483	1	0	0	0	0	0	0	0	0	1	0
C	Marios	24	125	14	1	29____	122500	1	2	0	0	0	0	0	0	0	0	0
C	Marios	24	125	14	1	29____	122574	2	0	0	0	0	1	0	0	0	0	0
C	Marios	24	125	14	1	29____	122662	2	0	0	0	0	0	0	0	0	1	0
C	Marios	24	125	14	1	29____	123000	2	12	0	0	0	0	0	0	0	0	0
C	Marios	24	125	14	1	29____	123031	12	0	0	0	0	1	0	0	0	0	0
C	Marios	24	125	14	1	29____	123346	12	0	0	0	0	0	0	0	0	1	0
C	Marios	24	125	14	1	29____	123349	12	0	0	0	0	1	0	0	0	0	0
C	Marios	24	125	14	1	29____	123389	12	0	0	0	0	0	0	0	0	1	0
C	Marios	24	125	14	1	29____	123500	12	15	0	0	0	0	0	0	0	0	0
C	Marios	24	125	14	1	29____	123542	15	0	0	0	0	1	0	0	0	0	0
C	Marios	24	125	14	1	29____	123662	15	0	0	0	0	0	0	0	0	1	0
C	Marios	24	125	14	1	29____	123811	15	0	0	0	0	1	0	0	0	0	0
C	Marios	24	125	14	1	29____	123824	15	0	0	0	0	0	0	0	0	1	0
C	Marios	24	125	14	1	29____	123968	15	0	0	0	0	1	0	0	0	0	0
C	Marios	24	125	14	1	29____	123981	15	0	0	0	0	0	0	0	0	1	0
C	Marios	24	125	14	1	29____	123983	15	0	0	0	0	1	0	0	0	0	0
C	Marios	24	125	14	1	29____	124000	15	1	0	0	0	0	0	0	0	0	0
C	Marios	24	125	14	1	29____	124031	1	0	0	0	0	0	0	0	0	1	0
C	Marios	24	125	14	1	29____	124035	1	0	0	0	0	1	0	0	0	0	0
C	Marios	24	125	14	1	29____	124048	1	0	0	0	0	0	0	0	0	1	0
C	Marios	24	125	14	1	29____	124055	1	0	0	0	0	1	0	0	0	0	0
C	Marios	24	125	14	1	29____	124057	1	0	0	0	0	0	0	0	0	1	0
C	Marios	24	125	14	1	29____	124073	1	0	0	0	0	1	0	0	0	0	0
C	Marios	24	125	14	1	29____	124075	1	0	0	0	0	0	0	0	0	1	0
C	Marios	24	125	14	1	29____	124079	1	0	0	0	0	1	0	0	0	0	0
C	Marios	24	125	14	1	29____	124084	1	0	0	0	0	0	0	0	0	1	0
C	Marios	24	125	14	1	29____	124092	1	0	0	0	0	1	0	0	0	0	0
C	Marios	24	125	14	1	29____	124097	1	0	0	0	0	0	0	0	0	1	0
C	Marios	24	125	14	1	29____	124115	1	0	0	0	0	1	0	0	0	0	0
C	Marios	24	125	14	1	29____	124142	1	0	0	0	0	0	0	0	0	1	0
C	Marios	24	125	14	1	29____	124145	1	0	0	0	0	1	0	0	0	0	0
C	Marios	24	125	14	1	29____	124150	1	0	0	0	0	0	0	0	0	1	0
C	Marios	24	125	14	1	29____	124402	1	0	0	0	0	1	0	0	0	0	0
C	Marios	24	125	14	1	29____	124532	1	0	0	0	0	0	0	0	0	1	0
C	Marios	24	125	14	1	29____	124725	1	0	0	0	0	1	0	0	0	0	0
C	Marios	24	125	14	1	29____	124766	1	0	0	0	0	0	0	0	0	1	0
C	Marios	24	125	14	1	29____	124767	1	0	0	0	0	1	0	0	0	0	0
C	Marios	24	125	14	1	29____	124769	1	0	0	0	0	0	0	0	0	1	0
C	Marios	24	125	14	1	29____	124770	1	0	0	0	0	1	0	0	0	0	0
C	Marios	24	125	14	1	29____	124772	1	0	0	0	0	0	0	0	0	1	0
C	Marios	24	125	14	1	29____	124773	1	0	0	0	0	1	0	0	0	0	0
C	Marios	24	125	14	1	29____	124785	1	0	0	0	0	0	0	0	0	1	0
C	Marios	24	125	14	1	29____	124798	1	0	0	0	0	1	0	0	0	0	0
C	Marios	24	125	14	1	29____	124881	1	0	0	0	0	0	0	0	0	1	0
C	Marios	24	125	14	1	29____	129250	1	2	0	0	0	0	0	0	0	0	0
C	Marios	24	125	14	1	29____	129750	2	13	0	0	0	0	0	0	0	0	0
C	Marios	24	125	14	1	29____	130250	13	15	0	0	0	0	0	0	0	0	0
C	Marios	24	125	14	1	29____	130623	15	0	0	0	0	1	0	0	0	0	0
C	Marios	24	125	14	1	29____	130750	15	1	0	0	0	0	0	0	0	0	0
C	Marios	24	125	14	1	29____	130846	1	0	0	0	0	0	0	0	0	1	0
C	Marios	24	125	14	1	29____	131046	1	0	0	0	0	1	0	0	0	0	0
C	Marios	24	125	14	1	29____	131063	1	0	0	0	0	0	0	0	0	1	0
C	Marios	24	125	14	1	29____	131066	1	0	0	0	0	1	0	0	0	0	0
C	Marios	24	125	14	1	29____	131068	1	0	0	0	0	0	0	0	0	1	0
C	Marios	24	125	14	1	29____	131071	1	0	0	0	0	1	0	0	0	0	0
C	Marios	24	125	14	1	29____	131163	1	0	0	0	0	0	0	0	0	1	0
C	Marios	24	125	14	1	29____	131164	1	0	0	0	0	1	0	0	0	0	0
C	Marios	24	125	14	1	29____	131165	1	0	0	0	0	0	0	0	0	1	0
C	Marios	24	125	14	1	29____	131168	1	0	0	0	0	1	0	0	0	0	0
C	Marios	24	125	14	1	29____	131271	1	0	0	0	0	0	0	0	0	1	0
C	Marios	24	125	14	1	29____	132076	1	0	0	0	0	1	0	0	0	0	0
C	Marios	24	125	14	1	29____	132090	1	0	0	0	0	0	0	0	0	1	0
C	Marios	24	125	14	1	29____	132250	1	2	0	0	0	0	0	0	0	0	0
C	Marios	24	125	14	1	29____	132750	2	12	0	0	0	0	0	0	0	0	0
C	Marios	24	125	14	1	29____	132832	12	0	0	0	0	1	0	0	0	0	0
C	Marios	24	125	14	1	29____	133083	12	0	0	0	0	0	0	0	0	1	0
C	Marios	24	125	14	1	29____	133250	12	15	0	0	0	0	0	0	0	0	0
C	Marios	24	125	14	1	29____	133300	15	0	0	0	0	1	0	0	0	0	0
C	Marios	24	125	14	1	29____	133344	15	0	0	0	0	0	0	0	0	1	0
C	Marios	24	125	14	1	29____	133407	15	0	0	0	0	1	0	0	0	0	0
C	Marios	24	125	14	1	29____	133410	15	0	0	0	0	0	0	0	0	1	0
C	Marios	24	125	14	1	29____	133422	15	0	0	0	0	1	0	0	0	0	0
C	Marios	24	125	14	1	29____	133750	15	1	0	0	0	0	0	0	0	0	0
C	Marios	24	125	14	1	29____	133817	1	0	0	0	0	0	0	0	0	1	0
C	Marios	24	125	14	1	29____	133820	1	0	0	0	0	1	0	0	0	0	0
C	Marios	24	125	14	1	29____	133822	1	0	0	0	0	0	0	0	0	1	0
C	Marios	24	125	14	1	29____	133930	1	0	0	0	0	1	0	0	0	0	0
C	Marios	24	125	14	1	29____	133987	1	0	0	0	0	0	0	0	0	1	0
C	Marios	24	125	14	1	29____	134244	1	0	0	0	0	1	0	0	0	0	0
C	Marios	24	125	14	1	29____	134300	1	0	0	0	0	0	0	0	0	1	0
C	Marios	24	125	14	1	29____	137250	1	2	0	0	0	0	0	0	0	0	0
C	Marios	24	125	14	1	29____	137750	2	7	0	0	0	0	0	0	0	0	0
C	Marios	24	125	14	1	29____	137890	7	0	0	0	0	1	0	0	0	0	0
C	Marios	24	125	14	1	29____	137986	7	0	0	0	0	0	0	0	0	1	0
C	Marios	24	125	14	1	29____	138040	7	0	0	0	0	1	0	0	0	0	0
C	Marios	24	125	14	1	29____	138222	7	0	0	0	0	0	0	0	0	1	0
C	Marios	24	125	14	1	29____	138250	7	10	0	0	0	0	0	0	0	0	0
C	Marios	24	125	14	1	29____	138267	10	0	0	0	0	1	0	0	0	0	0
C	Marios	24	125	14	1	29____	138427	10	0	0	0	0	0	0	0	0	1	0
C	Marios	24	125	14	1	29____	138441	10	0	0	0	0	1	0	0	0	0	0
C	Marios	24	125	14	1	29____	138466	10	0	0	0	0	0	0	0	0	1	0
C	Marios	24	125	14	1	29____	138467	10	0	0	0	0	1	0	0	0	0	0
C	Marios	24	125	14	1	29____	138470	10	0	0	0	0	0	0	0	0	1	0
C	Marios	24	125	14	1	29____	138495	10	0	0	0	0	1	0	0	0	0	0
C	Marios	24	125	14	1	29____	138498	10	0	0	0	0	0	0	0	0	1	0
C	Marios	24	125	14	1	29____	138500	10	0	0	0	0	1	0	0	0	0	0
C	Marios	24	125	14	1	29____	138502	10	0	0	0	0	0	0	0	0	1	0
C	Marios	24	125	14	1	29____	138750	10	1	0	0	0	0	0	0	0	0	0
C	Marios	24	125	14	1	29____	139679	1	0	0	0	0	1	0	0	0	0	0
C	Marios	24	125	14	1	29____	139699	1	0	0	0	0	0	0	0	0	1	0
C	Marios	24	125	14	1	29____	139708	1	0	0	0	0	1	0	0	0	0	0
C	Marios	24	125	14	1	29____	139767	1	0	0	0	0	0	0	0	0	1	0
C	Marios	24	125	14	1	29____	142500	1	2	0	0	0	0	0	0	0	0	0
C	Marios	24	125	14	1	29____	143000	2	6	0	0	0	0	0	0	0	0	0
C	Marios	24	125	14	1	29____	143073	6	0	0	0	0	1	0	0	0	0	0
C	Marios	24	125	14	1	29____	143140	6	0	0	0	0	0	0	0	0	1	0
C	Marios	24	125	14	1	29____	143177	6	0	0	0	0	1	0	0	0	0	0
C	Marios	24	125	14	1	29____	143312	6	0	0	0	0	0	0	0	0	1	0
C	Marios	24	125	14	1	29____	143365	6	0	0	0	0	1	0	0	0	0	0
C	Marios	24	125	14	1	29____	143483	6	0	0	0	0	0	0	0	0	1	0
C	Marios	24	125	14	1	29____	143500	6	11	0	0	0	0	0	0	0	0	0
C	Marios	24	125	14	1	29____	143516	11	0	0	0	0	1	0	0	0	0	0
C	Marios	24	125	14	1	29____	143562	11	0	0	0	0	0	0	0	0	1	0
C	Marios	24	125	14	1	29____	143577	11	0	0	0	0	1	0	0	0	0	0
C	Marios	24	125	14	1	29____	143717	11	0	0	0	0	0	0	0	0	1	0
C	Marios	24	125	14	1	29____	143723	11	0	0	0	0	1	0	0	0	0	0
C	Marios	24	125	14	1	29____	143727	11	0	0	0	0	0	0	0	0	1	0
C	Marios	24	125	14	1	29____	143771	11	0	0	0	0	1	0	0	0	0	0
C	Marios	24	125	14	1	29____	143773	11	0	0	0	0	0	0	0	0	1	0
C	Marios	24	125	14	1	29____	143794	11	0	0	0	0	1	0	0	0	0	0
C	Marios	24	125	14	1	29____	143976	11	0	0	0	0	0	0	0	0	1	0
C	Marios	24	125	14	1	29____	143978	11	0	0	0	0	1	0	0	0	0	0
C	Marios	24	125	14	1	29____	143981	11	0	0	0	0	0	0	0	0	1	0
C	Marios	24	125	14	1	29____	144000	11	14	0	0	0	0	0	0	0	0	0
C	Marios	24	125	14	1	29____	144055	14	0	0	0	0	1	0	0	0	0	0
C	Marios	24	125	14	1	29____	144060	14	0	0	0	0	0	0	0	0	1	0
C	Marios	24	125	14	1	29____	144069	14	0	0	0	0	1	0	0	0	0	0
C	Marios	24	125	14	1	29____	144089	14	0	0	0	0	0	0	0	0	1	0
C	Marios	24	125	14	1	29____	144241	14	0	0	0	0	1	0	0	0	0	0
C	Marios	24	125	14	1	29____	144350	14	0	0	0	0	0	0	0	0	1	0
C	Marios	24	125	14	1	29____	144355	14	0	0	0	0	1	0	0	0	0	0
C	Marios	24	125	14	1	29____	144357	14	0	0	0	0	0	0	0	0	1	0
C	Marios	24	125	14	1	29____	144364	14	0	0	0	0	1	0	0	0	0	0
C	Marios	24	125	14	1	29____	144445	14	0	0	0	0	0	0	0	0	1	0
C	Marios	24	125	14	1	29____	144451	14	0	0	0	0	1	0	0	0	0	0
C	Marios	24	125	14	1	29____	144457	14	0	0	0	0	0	0	0	0	1	0
C	Marios	24	125	14	1	29____	144553	14	0	0	0	0	1	0	0	0	0	0
C	Marios	24	125	14	1	29____	144578	14	0	0	0	0	0	0	0	0	1	0
C	Marios	24	125	14	1	29____	144580	14	0	0	0	0	1	0	0	0	0	0
C	Marios	24	125	14	1	29____	144625	14	0	0	0	0	0	0	0	0	1	0
C	Marios	24	125	14	1	29____	147000	14	-1	0	0	0	0	0	0	0	0	0
