Project	UserID	Protocol	Session	Station	Run	Subject	Time	Current State	Transition State	Transition Event	A1 - LLR	A2 - RLR	A3 - MAG	A4 - 	A[1] LLR_OFF	A[2] RLR_OFF	A[3] MAG_OFF	A[4] 
C	Marios	19	125	4	1	5_____	0	0	1	0	0	0	0	0	0	0	0	0
C	Marios	19	125	4	1	5_____	2250	1	2	0	0	0	0	0	0	0	0	0
C	Marios	19	125	4	1	5_____	2687	2	0	0	0	0	1	0	0	0	0	0
C	Marios	19	125	4	1	5_____	2689	2	0	0	0	0	0	0	0	0	1	0
C	Marios	19	125	4	1	5_____	2697	2	0	0	0	0	1	0	0	0	0	0
C	Marios	19	125	4	1	5_____	2741	2	0	0	0	0	0	0	0	0	1	0
C	Marios	19	125	4	1	5_____	2747	2	0	0	0	0	1	0	0	0	0	0
C	Marios	19	125	4	1	5_____	2750	2	17	0	0	0	0	0	0	0	1	0
C	Marios	19	125	4	1	5_____	3250	17	15	0	0	0	0	0	0	0	0	0
C	Marios	19	125	4	1	5_____	3750	15	1	0	0	0	0	0	0	0	0	0
C	Marios	19	125	4	1	5_____	3869	1	0	0	0	0	1	0	0	0	0	0
C	Marios	19	125	4	1	5_____	3883	1	0	0	0	0	0	0	0	0	1	0
C	Marios	19	125	4	1	5_____	4109	1	0	0	0	0	1	0	0	0	0	0
C	Marios	19	125	4	1	5_____	4111	1	0	0	0	0	0	0	0	0	1	0
C	Marios	19	125	4	1	5_____	6604	1	0	0	0	0	1	0	0	0	0	0
C	Marios	19	125	4	1	5_____	6609	1	0	0	0	0	0	0	0	0	1	0
C	Marios	19	125	4	1	5_____	6612	1	0	0	0	0	1	0	0	0	0	0
C	Marios	19	125	4	1	5_____	6668	1	0	0	0	0	0	0	0	0	1	0
C	Marios	19	125	4	1	5_____	6706	1	0	0	0	0	1	0	0	0	0	0
C	Marios	19	125	4	1	5_____	6709	1	0	0	0	0	0	0	0	0	1	0
C	Marios	19	125	4	1	5_____	6750	1	2	0	0	0	0	0	0	0	0	0
C	Marios	19	125	4	1	5_____	6826	2	0	0	0	0	1	0	0	0	0	0
C	Marios	19	125	4	1	5_____	6828	2	0	0	0	0	0	0	0	0	1	0
C	Marios	19	125	4	1	5_____	7250	2	16	0	0	0	0	0	0	0	0	0
C	Marios	19	125	4	1	5_____	7480	16	0	0	0	0	1	0	0	0	0	0
C	Marios	19	125	4	1	5_____	7485	16	0	0	0	0	0	0	0	0	1	0
C	Marios	19	125	4	1	5_____	7750	16	15	0	0	0	0	0	0	0	0	0
C	Marios	19	125	4	1	5_____	8250	15	1	0	0	0	0	0	0	0	0	0
C	Marios	19	125	4	1	5_____	8406	1	0	0	0	0	1	0	0	0	0	0
C	Marios	19	125	4	1	5_____	8414	1	0	0	0	0	1	0	0	0	1	0
C	Marios	19	125	4	1	5_____	8429	1	0	0	0	0	0	0	0	0	1	0
C	Marios	19	125	4	1	5_____	8440	1	0	0	0	0	1	0	0	0	0	0
C	Marios	19	125	4	1	5_____	8499	1	0	0	0	0	0	0	0	0	1	0
C	Marios	19	125	4	1	5_____	8640	1	0	0	0	0	1	0	0	0	0	0
C	Marios	19	125	4	1	5_____	8651	1	0	0	0	0	0	0	0	0	1	0
C	Marios	19	125	4	1	5_____	8658	1	0	0	0	0	1	0	0	0	0	0
C	Marios	19	125	4	1	5_____	8733	1	0	0	0	0	0	0	0	0	1	0
C	Marios	19	125	4	1	5_____	9611	1	0	0	0	0	1	0	0	0	0	0
C	Marios	19	125	4	1	5_____	9625	1	0	0	0	0	0	0	0	0	1	0
C	Marios	19	125	4	1	5_____	11570	1	0	0	0	0	1	0	0	0	0	0
C	Marios	19	125	4	1	5_____	11647	1	0	0	0	0	0	0	0	0	1	0
C	Marios	19	125	4	1	5_____	11824	1	0	0	0	0	1	0	0	0	0	0
C	Marios	19	125	4	1	5_____	11837	1	0	0	0	0	0	0	0	0	1	0
C	Marios	19	125	4	1	5_____	11924	1	0	0	0	0	1	0	0	0	0	0
C	Marios	19	125	4	1	5_____	11963	1	0	0	0	0	0	0	0	0	1	0
C	Marios	19	125	4	1	5_____	14250	1	2	0	0	0	0	0	0	0	0	0
C	Marios	19	125	4	1	5_____	14750	2	17	0	0	0	0	0	0	0	0	0
C	Marios	19	125	4	1	5_____	15250	17	15	0	0	0	0	0	0	0	0	0
C	Marios	19	125	4	1	5_____	15750	15	1	0	0	0	0	0	0	0	0	0
C	Marios	19	125	4	1	5_____	15954	1	0	0	0	0	1	0	0	0	0	0
C	Marios	19	125	4	1	5_____	15973	1	0	0	0	0	0	0	0	0	1	0
C	Marios	19	125	4	1	5_____	16356	1	0	0	0	0	1	0	0	0	0	0
C	Marios	19	125	4	1	5_____	16372	1	0	0	0	0	0	0	0	0	1	0
C	Marios	19	125	4	1	5_____	16382	1	0	0	0	0	1	0	0	0	0	0
C	Marios	19	125	4	1	5_____	16400	1	0	0	0	0	0	0	0	0	1	0
C	Marios	19	125	4	1	5_____	19500	1	2	0	0	0	0	0	0	0	0	0
C	Marios	19	125	4	1	5_____	20000	2	7	0	0	0	0	0	0	0	0	0
C	Marios	19	125	4	1	5_____	20280	7	0	0	0	0	1	0	0	0	0	0
C	Marios	19	125	4	1	5_____	20420	7	0	0	0	0	0	0	0	0	1	0
C	Marios	19	125	4	1	5_____	20491	7	0	0	0	0	1	0	0	0	0	0
C	Marios	19	125	4	1	5_____	20500	7	11	0	0	0	0	0	0	0	0	0
C	Marios	19	125	4	1	5_____	20752	11	0	0	0	0	0	0	0	0	1	0
C	Marios	19	125	4	1	5_____	20754	11	0	0	0	0	1	0	0	0	0	0
C	Marios	19	125	4	1	5_____	20782	11	0	0	0	0	0	0	0	0	1	0
C	Marios	19	125	4	1	5_____	20783	11	0	0	0	0	1	0	0	0	0	0
C	Marios	19	125	4	1	5_____	20786	11	0	0	0	0	0	0	0	0	1	0
C	Marios	19	125	4	1	5_____	20788	11	0	0	0	0	1	0	0	0	0	0
C	Marios	19	125	4	1	5_____	20842	11	0	0	0	0	0	0	0	0	1	0
C	Marios	19	125	4	1	5_____	20844	11	0	0	0	0	1	0	0	0	0	0
C	Marios	19	125	4	1	5_____	20848	11	0	0	0	0	0	0	0	0	1	0
C	Marios	19	125	4	1	5_____	20852	11	0	0	0	0	1	0	0	0	0	0
C	Marios	19	125	4	1	5_____	20855	11	0	0	0	0	0	0	0	0	1	0
C	Marios	19	125	4	1	5_____	20857	11	0	0	0	0	1	0	0	0	0	0
C	Marios	19	125	4	1	5_____	20902	11	0	0	0	0	0	0	0	0	1	0
C	Marios	19	125	4	1	5_____	20913	11	0	0	0	0	1	0	0	0	0	0
C	Marios	19	125	4	1	5_____	20934	11	0	0	0	0	0	0	0	0	1	0
C	Marios	19	125	4	1	5_____	21000	11	1	0	0	0	0	0	0	0	0	0
C	Marios	19	125	4	1	5_____	21753	1	0	0	0	0	1	0	0	0	0	0
C	Marios	19	125	4	1	5_____	21763	1	0	0	0	0	0	0	0	0	1	0
C	Marios	19	125	4	1	5_____	23139	1	0	0	0	0	1	0	0	0	0	0
C	Marios	19	125	4	1	5_____	23246	1	0	0	0	0	0	0	0	0	1	0
C	Marios	19	125	4	1	5_____	23286	1	0	0	0	0	1	0	0	0	0	0
C	Marios	19	125	4	1	5_____	23391	1	0	0	0	0	0	0	0	0	1	0
C	Marios	19	125	4	1	5_____	23524	1	0	0	0	0	1	0	0	0	0	0
C	Marios	19	125	4	1	5_____	23551	1	0	0	0	0	0	0	0	0	1	0
C	Marios	19	125	4	1	5_____	23556	1	0	0	0	0	1	0	0	0	0	0
C	Marios	19	125	4	1	5_____	23592	1	0	0	0	0	0	0	0	0	1	0
C	Marios	19	125	4	1	5_____	25194	1	0	0	0	0	1	0	0	0	0	0
C	Marios	19	125	4	1	5_____	25210	1	0	0	0	0	0	0	0	0	1	0
C	Marios	19	125	4	1	5_____	26343	1	0	0	0	0	1	0	0	0	0	0
C	Marios	19	125	4	1	5_____	26529	1	0	0	0	0	0	0	0	0	1	0
C	Marios	19	125	4	1	5_____	26546	1	0	0	0	0	1	0	0	0	0	0
C	Marios	19	125	4	1	5_____	26556	1	0	0	0	0	1	0	0	0	1	0
C	Marios	19	125	4	1	5_____	26568	1	0	0	0	0	0	0	0	0	1	0
C	Marios	19	125	4	1	5_____	27750	1	2	0	0	0	0	0	0	0	0	0
C	Marios	19	125	4	1	5_____	28059	2	0	0	0	0	1	0	0	0	0	0
C	Marios	19	125	4	1	5_____	28080	2	0	0	0	0	0	0	0	0	1	0
C	Marios	19	125	4	1	5_____	28250	2	16	0	0	0	0	0	0	0	0	0
C	Marios	19	125	4	1	5_____	28253	16	0	0	0	0	1	0	0	0	0	0
C	Marios	19	125	4	1	5_____	28255	16	0	0	0	0	0	0	0	0	1	0
C	Marios	19	125	4	1	5_____	28273	16	0	0	0	0	1	0	0	0	0	0
C	Marios	19	125	4	1	5_____	28290	16	0	0	0	0	0	0	0	0	1	0
C	Marios	19	125	4	1	5_____	28376	16	0	0	0	0	1	0	0	0	0	0
C	Marios	19	125	4	1	5_____	28452	16	0	0	0	0	0	0	0	0	1	0
C	Marios	19	125	4	1	5_____	28725	16	0	0	0	0	1	0	0	0	0	0
C	Marios	19	125	4	1	5_____	28750	16	15	0	0	0	0	0	0	0	0	0
C	Marios	19	125	4	1	5_____	28826	15	0	0	0	0	0	0	0	0	1	0
C	Marios	19	125	4	1	5_____	28835	15	0	0	0	0	1	0	0	0	0	0
C	Marios	19	125	4	1	5_____	28878	15	0	0	0	0	0	0	0	0	1	0
C	Marios	19	125	4	1	5_____	29250	15	1	0	0	0	0	0	0	0	0	0
C	Marios	19	125	4	1	5_____	29767	1	0	0	0	0	1	0	0	0	0	0
C	Marios	19	125	4	1	5_____	29775	1	0	0	0	0	0	0	0	0	1	0
C	Marios	19	125	4	1	5_____	29782	1	0	0	0	0	1	0	0	0	0	0
C	Marios	19	125	4	1	5_____	29801	1	0	0	0	0	0	0	0	0	1	0
C	Marios	19	125	4	1	5_____	30092	1	0	0	0	0	1	0	0	0	0	0
C	Marios	19	125	4	1	5_____	30132	1	0	0	0	0	0	0	0	0	1	0
C	Marios	19	125	4	1	5_____	30133	1	0	0	0	0	1	0	0	0	0	0
C	Marios	19	125	4	1	5_____	30196	1	0	0	0	0	0	0	0	0	1	0
C	Marios	19	125	4	1	5_____	30232	1	0	0	0	0	1	0	0	0	0	0
C	Marios	19	125	4	1	5_____	30241	1	0	0	0	0	0	0	0	0	1	0
C	Marios	19	125	4	1	5_____	30245	1	0	0	0	0	1	0	0	0	0	0
C	Marios	19	125	4	1	5_____	30315	1	0	0	0	0	0	0	0	0	1	0
C	Marios	19	125	4	1	5_____	32031	1	0	0	0	0	1	0	0	0	0	0
C	Marios	19	125	4	1	5_____	32036	1	0	0	0	0	0	0	0	0	1	0
C	Marios	19	125	4	1	5_____	32041	1	0	0	0	0	1	0	0	0	0	0
C	Marios	19	125	4	1	5_____	32328	1	0	0	0	0	0	0	0	0	1	0
C	Marios	19	125	4	1	5_____	32797	1	0	0	0	0	1	0	0	0	0	0
C	Marios	19	125	4	1	5_____	32975	1	0	0	0	0	0	0	0	0	1	0
C	Marios	19	125	4	1	5_____	33373	1	0	0	0	0	1	0	0	0	0	0
C	Marios	19	125	4	1	5_____	33374	1	0	0	0	0	0	0	0	0	1	0
C	Marios	19	125	4	1	5_____	33375	1	0	0	0	0	1	0	0	0	0	0
C	Marios	19	125	4	1	5_____	33381	1	0	0	0	0	0	0	0	0	1	0
C	Marios	19	125	4	1	5_____	34750	1	2	0	0	0	0	0	0	0	0	0
C	Marios	19	125	4	1	5_____	35250	2	6	0	0	0	0	0	0	0	0	0
C	Marios	19	125	4	1	5_____	35402	6	0	0	0	0	1	0	0	0	0	0
C	Marios	19	125	4	1	5_____	35542	6	0	0	0	0	0	0	0	0	1	0
C	Marios	19	125	4	1	5_____	35586	6	0	0	0	0	1	0	0	0	0	0
C	Marios	19	125	4	1	5_____	35647	6	0	0	0	0	0	0	0	0	1	0
C	Marios	19	125	4	1	5_____	35728	6	0	0	0	0	1	0	0	0	0	0
C	Marios	19	125	4	1	5_____	35750	6	10	0	0	0	0	0	0	0	0	0
C	Marios	19	125	4	1	5_____	36097	10	0	0	0	0	0	0	0	0	1	0
C	Marios	19	125	4	1	5_____	36099	10	0	0	0	0	1	0	0	0	0	0
C	Marios	19	125	4	1	5_____	36217	10	0	0	0	0	0	0	0	0	1	0
C	Marios	19	125	4	1	5_____	36250	10	1	0	0	0	0	0	0	0	0	0
C	Marios	19	125	4	1	5_____	36507	1	0	0	0	0	1	0	0	0	0	0
C	Marios	19	125	4	1	5_____	36520	1	0	0	0	0	0	0	0	0	1	0
C	Marios	19	125	4	1	5_____	36521	1	0	0	0	0	1	0	0	0	0	0
C	Marios	19	125	4	1	5_____	36682	1	0	0	0	0	0	0	0	0	1	0
C	Marios	19	125	4	1	5_____	37006	1	0	0	0	0	1	0	0	0	0	0
C	Marios	19	125	4	1	5_____	37017	1	0	0	0	0	0	0	0	0	1	0
C	Marios	19	125	4	1	5_____	38889	1	0	0	0	0	1	0	0	0	0	0
C	Marios	19	125	4	1	5_____	39142	1	0	0	0	0	0	0	0	0	1	0
C	Marios	19	125	4	1	5_____	39228	1	0	0	0	0	1	0	0	0	0	0
C	Marios	19	125	4	1	5_____	39231	1	0	0	0	0	0	0	0	0	1	0
C	Marios	19	125	4	1	5_____	39235	1	0	0	0	0	1	0	0	0	0	0
C	Marios	19	125	4	1	5_____	39382	1	0	0	0	0	0	0	0	0	1	0
C	Marios	19	125	4	1	5_____	40062	1	0	0	0	0	1	0	0	0	0	0
C	Marios	19	125	4	1	5_____	40069	1	0	0	0	0	0	0	0	0	1	0
C	Marios	19	125	4	1	5_____	40191	1	0	0	0	0	1	0	0	0	0	0
C	Marios	19	125	4	1	5_____	40441	1	0	0	0	0	0	0	0	0	1	0
C	Marios	19	125	4	1	5_____	40496	1	0	0	0	0	1	0	0	0	0	0
C	Marios	19	125	4	1	5_____	40685	1	0	0	0	0	0	0	0	0	1	0
C	Marios	19	125	4	1	5_____	40750	1	2	0	0	0	0	0	0	0	0	0
C	Marios	19	125	4	1	5_____	41250	2	16	0	0	0	0	0	0	0	0	0
C	Marios	19	125	4	1	5_____	41351	16	0	0	0	0	1	0	0	0	0	0
C	Marios	19	125	4	1	5_____	41363	16	0	0	0	0	0	0	0	0	1	0
C	Marios	19	125	4	1	5_____	41750	16	15	0	0	0	0	0	0	0	0	0
C	Marios	19	125	4	1	5_____	42187	15	0	0	0	0	1	0	0	0	0	0
C	Marios	19	125	4	1	5_____	42194	15	0	0	0	0	0	0	0	0	1	0
C	Marios	19	125	4	1	5_____	42250	15	1	0	0	0	0	0	0	0	0	0
C	Marios	19	125	4	1	5_____	43327	1	0	0	0	0	1	0	0	0	0	0
C	Marios	19	125	4	1	5_____	43628	1	0	0	0	0	0	0	0	0	1	0
C	Marios	19	125	4	1	5_____	46815	1	0	0	0	0	1	0	0	0	0	0
C	Marios	19	125	4	1	5_____	46893	1	0	0	0	0	0	0	0	0	1	0
C	Marios	19	125	4	1	5_____	46993	1	0	0	0	0	1	0	0	0	0	0
C	Marios	19	125	4	1	5_____	47204	1	0	0	0	0	0	0	0	0	1	0
C	Marios	19	125	4	1	5_____	47339	1	0	0	0	0	1	0	0	0	0	0
C	Marios	19	125	4	1	5_____	47382	1	0	0	0	0	0	0	0	0	1	0
C	Marios	19	125	4	1	5_____	47559	1	0	0	0	0	1	0	0	0	0	0
C	Marios	19	125	4	1	5_____	47579	1	0	0	0	0	0	0	0	0	1	0
C	Marios	19	125	4	1	5_____	47620	1	0	0	0	0	1	0	0	0	0	0
C	Marios	19	125	4	1	5_____	47657	1	0	0	0	0	0	0	0	0	1	0
C	Marios	19	125	4	1	5_____	47772	1	0	0	0	0	1	0	0	0	0	0
C	Marios	19	125	4	1	5_____	47794	1	0	0	0	0	0	0	0	0	1	0
C	Marios	19	125	4	1	5_____	47828	1	0	0	0	0	1	0	0	0	0	0
C	Marios	19	125	4	1	5_____	47925	1	0	0	0	0	0	0	0	0	1	0
C	Marios	19	125	4	1	5_____	48124	1	0	0	0	0	1	0	0	0	0	0
C	Marios	19	125	4	1	5_____	48529	1	0	0	0	0	0	0	0	0	1	0
C	Marios	19	125	4	1	5_____	48701	1	0	0	0	0	1	0	0	0	0	0
C	Marios	19	125	4	1	5_____	48717	1	0	0	0	0	0	0	0	0	1	0
C	Marios	19	125	4	1	5_____	48980	1	0	0	0	0	1	0	0	0	0	0
C	Marios	19	125	4	1	5_____	49270	1	0	0	0	0	0	0	0	0	1	0
C	Marios	19	125	4	1	5_____	49280	1	0	0	0	0	1	0	0	0	0	0
C	Marios	19	125	4	1	5_____	49287	1	0	0	0	0	0	0	0	0	1	0
C	Marios	19	125	4	1	5_____	49750	1	2	0	0	0	0	0	0	0	0	0
C	Marios	19	125	4	1	5_____	49924	2	0	0	0	0	1	0	0	0	0	0
C	Marios	19	125	4	1	5_____	50250	2	16	0	0	0	0	0	0	0	0	0
C	Marios	19	125	4	1	5_____	50254	16	0	0	0	0	0	0	0	0	1	0
C	Marios	19	125	4	1	5_____	50335	16	0	0	0	0	1	0	0	0	0	0
C	Marios	19	125	4	1	5_____	50424	16	0	0	0	0	0	0	0	0	1	0
C	Marios	19	125	4	1	5_____	50478	16	0	0	0	0	1	0	0	0	0	0
C	Marios	19	125	4	1	5_____	50482	16	0	0	0	0	0	0	0	0	1	0
C	Marios	19	125	4	1	5_____	50623	16	0	0	0	0	1	0	0	0	0	0
C	Marios	19	125	4	1	5_____	50750	16	15	0	0	0	0	0	0	0	0	0
C	Marios	19	125	4	1	5_____	50907	15	0	0	0	0	0	0	0	0	1	0
C	Marios	19	125	4	1	5_____	50962	15	0	0	0	0	1	0	0	0	0	0
C	Marios	19	125	4	1	5_____	51143	15	0	0	0	0	0	0	0	0	1	0
C	Marios	19	125	4	1	5_____	51173	15	0	0	0	0	1	0	0	0	0	0
C	Marios	19	125	4	1	5_____	51213	15	0	0	0	0	0	0	0	0	1	0
C	Marios	19	125	4	1	5_____	51214	15	0	0	0	0	1	0	0	0	0	0
C	Marios	19	125	4	1	5_____	51225	15	0	0	0	0	0	0	0	0	1	0
C	Marios	19	125	4	1	5_____	51250	15	1	0	0	0	0	0	0	0	0	0
C	Marios	19	125	4	1	5_____	51258	1	0	0	0	0	1	0	0	0	0	0
C	Marios	19	125	4	1	5_____	51289	1	0	0	0	0	0	0	0	0	1	0
C	Marios	19	125	4	1	5_____	51354	1	0	0	0	0	1	0	0	0	0	0
C	Marios	19	125	4	1	5_____	51385	1	0	0	0	0	0	0	0	0	1	0
C	Marios	19	125	4	1	5_____	51554	1	0	0	0	0	1	0	0	0	0	0
C	Marios	19	125	4	1	5_____	51567	1	0	0	0	0	0	0	0	0	1	0
C	Marios	19	125	4	1	5_____	51583	1	0	0	0	0	1	0	0	0	0	0
C	Marios	19	125	4	1	5_____	51584	1	0	0	0	0	0	0	0	0	1	0
C	Marios	19	125	4	1	5_____	51596	1	0	0	0	0	1	0	0	0	0	0
C	Marios	19	125	4	1	5_____	51717	1	0	0	0	0	0	0	0	0	1	0
C	Marios	19	125	4	1	5_____	55682	1	0	0	0	0	1	0	0	0	0	0
C	Marios	19	125	4	1	5_____	55750	1	2	0	0	0	0	0	0	0	0	0
C	Marios	19	125	4	1	5_____	55770	2	0	0	0	0	0	0	0	0	1	0
C	Marios	19	125	4	1	5_____	56250	2	17	0	0	0	0	0	0	0	0	0
C	Marios	19	125	4	1	5_____	56750	17	15	0	0	0	0	0	0	0	0	0
C	Marios	19	125	4	1	5_____	56759	15	0	0	0	0	1	0	0	0	0	0
C	Marios	19	125	4	1	5_____	56775	15	0	0	0	0	0	0	0	0	1	0
C	Marios	19	125	4	1	5_____	57250	15	1	0	0	0	0	0	0	0	0	0
C	Marios	19	125	4	1	5_____	58228	1	0	0	0	0	1	0	0	0	0	0
C	Marios	19	125	4	1	5_____	58261	1	0	0	0	0	0	0	0	0	1	0
C	Marios	19	125	4	1	5_____	58661	1	0	0	0	0	1	0	0	0	0	0
C	Marios	19	125	4	1	5_____	58690	1	0	0	0	0	0	0	0	0	1	0
C	Marios	19	125	4	1	5_____	59521	1	0	0	0	0	1	0	0	0	0	0
C	Marios	19	125	4	1	5_____	59535	1	0	0	0	0	0	0	0	0	1	0
C	Marios	19	125	4	1	5_____	60124	1	0	0	0	0	1	0	0	0	0	0
C	Marios	19	125	4	1	5_____	60150	1	0	0	0	0	0	0	0	0	1	0
C	Marios	19	125	4	1	5_____	60158	1	0	0	0	0	1	0	0	0	0	0
C	Marios	19	125	4	1	5_____	60159	1	0	0	0	0	0	0	0	0	1	0
C	Marios	19	125	4	1	5_____	60348	1	0	0	0	0	1	0	0	0	0	0
C	Marios	19	125	4	1	5_____	60525	1	0	0	0	0	0	0	0	0	1	0
C	Marios	19	125	4	1	5_____	60750	1	2	0	0	0	0	0	0	0	0	0
C	Marios	19	125	4	1	5_____	61243	2	0	0	0	0	1	0	0	0	0	0
C	Marios	19	125	4	1	5_____	61250	2	17	0	0	0	0	0	0	0	0	0
C	Marios	19	125	4	1	5_____	61255	17	0	0	0	0	0	0	0	0	1	0
C	Marios	19	125	4	1	5_____	61257	17	0	0	0	0	1	0	0	0	0	0
C	Marios	19	125	4	1	5_____	61356	17	0	0	0	0	0	0	0	0	1	0
C	Marios	19	125	4	1	5_____	61405	17	0	0	0	0	1	0	0	0	0	0
C	Marios	19	125	4	1	5_____	61407	17	0	0	0	0	0	0	0	0	1	0
C	Marios	19	125	4	1	5_____	61424	17	0	0	0	0	1	0	0	0	0	0
C	Marios	19	125	4	1	5_____	61433	17	0	0	0	0	0	0	0	0	1	0
C	Marios	19	125	4	1	5_____	61438	17	0	0	0	0	1	0	0	0	0	0
C	Marios	19	125	4	1	5_____	61440	17	0	0	0	0	0	0	0	0	1	0
C	Marios	19	125	4	1	5_____	61446	17	0	0	0	0	1	0	0	0	0	0
C	Marios	19	125	4	1	5_____	61459	17	0	0	0	0	0	0	0	0	1	0
C	Marios	19	125	4	1	5_____	61750	17	15	0	0	0	0	0	0	0	0	0
C	Marios	19	125	4	1	5_____	61797	15	0	0	0	0	1	0	0	0	0	0
C	Marios	19	125	4	1	5_____	61903	15	0	0	0	0	0	0	0	0	1	0
C	Marios	19	125	4	1	5_____	62250	15	1	0	0	0	0	0	0	0	0	0
C	Marios	19	125	4	1	5_____	67500	1	2	0	0	0	0	0	0	0	0	0
C	Marios	19	125	4	1	5_____	68000	2	7	0	0	0	0	0	0	0	0	0
C	Marios	19	125	4	1	5_____	68223	7	0	0	0	0	1	0	0	0	0	0
C	Marios	19	125	4	1	5_____	68334	7	0	0	0	0	0	0	0	0	1	0
C	Marios	19	125	4	1	5_____	68390	7	0	0	0	0	1	0	0	0	0	0
C	Marios	19	125	4	1	5_____	68471	7	0	0	0	0	0	0	0	0	1	0
C	Marios	19	125	4	1	5_____	68500	7	11	0	0	0	0	0	0	0	0	0
C	Marios	19	125	4	1	5_____	68518	11	0	0	0	0	1	0	0	0	0	0
C	Marios	19	125	4	1	5_____	69000	11	1	0	0	0	0	0	0	0	0	0
C	Marios	19	125	4	1	5_____	69108	1	0	0	0	0	0	0	0	0	1	0
C	Marios	19	125	4	1	5_____	69146	1	0	0	0	0	1	0	0	0	0	0
C	Marios	19	125	4	1	5_____	69179	1	0	0	0	0	0	0	0	0	1	0
C	Marios	19	125	4	1	5_____	69184	1	0	0	0	0	1	0	0	0	0	0
C	Marios	19	125	4	1	5_____	69186	1	0	0	0	0	0	0	0	0	1	0
C	Marios	19	125	4	1	5_____	69196	1	0	0	0	0	1	0	0	0	0	0
C	Marios	19	125	4	1	5_____	69200	1	0	0	0	0	0	0	0	0	1	0
C	Marios	19	125	4	1	5_____	69229	1	0	0	0	0	1	0	0	0	0	0
C	Marios	19	125	4	1	5_____	69261	1	0	0	0	0	0	0	0	0	1	0
C	Marios	19	125	4	1	5_____	70500	1	2	0	0	0	0	0	0	0	0	0
C	Marios	19	125	4	1	5_____	71000	2	6	0	0	0	0	0	0	0	0	0
C	Marios	19	125	4	1	5_____	71041	6	0	0	0	0	1	0	0	0	0	0
C	Marios	19	125	4	1	5_____	71136	6	0	0	0	0	0	0	0	0	1	0
C	Marios	19	125	4	1	5_____	71199	6	0	0	0	0	1	0	0	0	0	0
C	Marios	19	125	4	1	5_____	71224	6	0	0	0	0	0	0	0	0	1	0
C	Marios	19	125	4	1	5_____	71263	6	0	0	0	0	1	0	0	0	0	0
C	Marios	19	125	4	1	5_____	71372	6	0	0	0	0	0	0	0	0	1	0
C	Marios	19	125	4	1	5_____	71451	6	0	0	0	0	1	0	0	0	0	0
C	Marios	19	125	4	1	5_____	71473	6	0	0	0	0	0	0	0	0	1	0
C	Marios	19	125	4	1	5_____	71480	6	0	0	0	0	1	0	0	0	0	0
C	Marios	19	125	4	1	5_____	71500	6	10	0	0	0	0	0	0	0	0	0
C	Marios	19	125	4	1	5_____	71522	10	0	0	0	0	0	0	0	0	1	0
C	Marios	19	125	4	1	5_____	71535	10	0	0	0	0	1	0	0	0	0	0
C	Marios	19	125	4	1	5_____	72000	10	1	0	0	0	0	0	0	0	0	0
C	Marios	19	125	4	1	5_____	72051	1	0	0	0	0	0	0	0	0	1	0
C	Marios	19	125	4	1	5_____	73500	1	2	0	0	0	0	0	0	0	0	0
C	Marios	19	125	4	1	5_____	74000	2	16	0	0	0	0	0	0	0	0	0
C	Marios	19	125	4	1	5_____	74168	16	0	0	0	0	1	0	0	0	0	0
C	Marios	19	125	4	1	5_____	74338	16	0	0	0	0	0	0	0	0	1	0
C	Marios	19	125	4	1	5_____	74359	16	0	0	0	0	1	0	0	0	0	0
C	Marios	19	125	4	1	5_____	74451	16	0	0	0	0	0	0	0	0	1	0
C	Marios	19	125	4	1	5_____	74500	16	15	0	0	0	0	0	0	0	0	0
C	Marios	19	125	4	1	5_____	74871	15	0	0	0	0	1	0	0	0	0	0
C	Marios	19	125	4	1	5_____	74888	15	0	0	0	0	0	0	0	0	1	0
C	Marios	19	125	4	1	5_____	74939	15	0	0	0	0	1	0	0	0	0	0
C	Marios	19	125	4	1	5_____	74941	15	0	0	0	0	0	0	0	0	1	0
C	Marios	19	125	4	1	5_____	74943	15	0	0	0	0	1	0	0	0	0	0
C	Marios	19	125	4	1	5_____	74945	15	0	0	0	0	0	0	0	0	1	0
C	Marios	19	125	4	1	5_____	75000	15	1	0	0	0	0	0	0	0	0	0
C	Marios	19	125	4	1	5_____	75134	1	0	0	0	0	1	0	0	0	0	0
C	Marios	19	125	4	1	5_____	75192	1	0	0	0	0	0	0	0	0	1	0
C	Marios	19	125	4	1	5_____	75205	1	0	0	0	0	1	0	0	0	0	0
C	Marios	19	125	4	1	5_____	75208	1	0	0	0	0	0	0	0	0	1	0
C	Marios	19	125	4	1	5_____	75215	1	0	0	0	0	1	0	0	0	0	0
C	Marios	19	125	4	1	5_____	75350	1	0	0	0	0	0	0	0	0	1	0
C	Marios	19	125	4	1	5_____	75436	1	0	0	0	0	1	0	0	0	0	0
C	Marios	19	125	4	1	5_____	75570	1	0	0	0	0	0	0	0	0	1	0
C	Marios	19	125	4	1	5_____	76106	1	0	0	0	0	1	0	0	0	0	0
C	Marios	19	125	4	1	5_____	76154	1	0	0	0	0	0	0	0	0	1	0
C	Marios	19	125	4	1	5_____	77401	1	0	0	0	0	1	0	0	0	0	0
C	Marios	19	125	4	1	5_____	77660	1	0	0	0	0	0	0	0	0	1	0
C	Marios	19	125	4	1	5_____	78466	1	0	0	0	0	1	0	0	0	0	0
C	Marios	19	125	4	1	5_____	78622	1	0	0	0	0	0	0	0	0	1	0
C	Marios	19	125	4	1	5_____	81884	1	0	0	0	0	1	0	0	0	0	0
C	Marios	19	125	4	1	5_____	82026	1	0	0	0	0	0	0	0	0	1	0
C	Marios	19	125	4	1	5_____	82500	1	2	0	0	0	0	0	0	0	0	0
C	Marios	19	125	4	1	5_____	83000	2	16	0	0	0	0	0	0	0	0	0
C	Marios	19	125	4	1	5_____	83424	16	0	0	0	0	1	0	0	0	0	0
C	Marios	19	125	4	1	5_____	83500	16	15	0	0	0	0	0	0	0	0	0
C	Marios	19	125	4	1	5_____	83511	15	0	0	0	0	0	0	0	0	1	0
C	Marios	19	125	4	1	5_____	84000	15	1	0	0	0	0	0	0	0	0	0
C	Marios	19	125	4	1	5_____	85925	1	0	0	0	0	1	0	0	0	0	0
C	Marios	19	125	4	1	5_____	85976	1	0	0	0	0	0	0	0	0	1	0
C	Marios	19	125	4	1	5_____	87000	1	2	0	0	0	0	0	0	0	0	0
C	Marios	19	125	4	1	5_____	87378	2	0	0	0	0	1	0	0	0	0	0
C	Marios	19	125	4	1	5_____	87397	2	0	0	0	0	0	0	0	0	1	0
C	Marios	19	125	4	1	5_____	87500	2	17	0	0	0	0	0	0	0	0	0
C	Marios	19	125	4	1	5_____	88000	17	15	0	0	0	0	0	0	0	0	0
C	Marios	19	125	4	1	5_____	88029	15	0	0	0	0	1	0	0	0	0	0
C	Marios	19	125	4	1	5_____	88084	15	0	0	0	0	0	0	0	0	1	0
C	Marios	19	125	4	1	5_____	88500	15	1	0	0	0	0	0	0	0	0	0
C	Marios	19	125	4	1	5_____	89117	1	0	0	0	0	1	0	0	0	0	0
C	Marios	19	125	4	1	5_____	89381	1	0	0	0	0	0	0	0	0	1	0
C	Marios	19	125	4	1	5_____	89488	1	0	0	0	0	1	0	0	0	0	0
C	Marios	19	125	4	1	5_____	89693	1	0	0	0	0	0	0	0	0	1	0
C	Marios	19	125	4	1	5_____	89858	1	0	0	0	0	1	0	0	0	0	0
C	Marios	19	125	4	1	5_____	89882	1	0	0	0	0	0	0	0	0	1	0
C	Marios	19	125	4	1	5_____	89897	1	0	0	0	0	1	0	0	0	0	0
C	Marios	19	125	4	1	5_____	90205	1	0	0	0	0	0	0	0	0	1	0
C	Marios	19	125	4	1	5_____	90966	1	0	0	0	0	1	0	0	0	0	0
C	Marios	19	125	4	1	5_____	91058	1	0	0	0	0	0	0	0	0	1	0
C	Marios	19	125	4	1	5_____	93750	1	2	0	0	0	0	0	0	0	0	0
C	Marios	19	125	4	1	5_____	94250	2	6	0	0	0	0	0	0	0	0	0
C	Marios	19	125	4	1	5_____	94277	6	0	0	0	0	1	0	0	0	0	0
C	Marios	19	125	4	1	5_____	94396	6	0	0	0	0	0	0	0	0	1	0
C	Marios	19	125	4	1	5_____	94650	6	0	0	0	0	1	0	0	0	0	0
C	Marios	19	125	4	1	5_____	94750	6	10	0	0	0	0	0	0	0	0	0
C	Marios	19	125	4	1	5_____	95094	10	0	0	0	0	0	0	0	0	1	0
C	Marios	19	125	4	1	5_____	95099	10	0	0	0	0	1	0	0	0	0	0
C	Marios	19	125	4	1	5_____	95103	10	0	0	0	0	0	0	0	0	1	0
C	Marios	19	125	4	1	5_____	95107	10	0	0	0	0	1	0	0	0	0	0
C	Marios	19	125	4	1	5_____	95167	10	0	0	0	0	0	0	0	0	1	0
C	Marios	19	125	4	1	5_____	95250	10	1	0	0	0	0	0	0	0	0	0
C	Marios	19	125	4	1	5_____	98175	1	0	0	0	0	1	0	0	0	0	0
C	Marios	19	125	4	1	5_____	98223	1	0	0	0	0	0	0	0	0	1	0
C	Marios	19	125	4	1	5_____	98554	1	0	0	0	0	1	0	0	0	0	0
C	Marios	19	125	4	1	5_____	98572	1	0	0	0	0	0	0	0	0	1	0
C	Marios	19	125	4	1	5_____	99598	1	0	0	0	0	1	0	0	0	0	0
C	Marios	19	125	4	1	5_____	99786	1	0	0	0	0	0	0	0	0	1	0
C	Marios	19	125	4	1	5_____	101438	1	0	0	0	0	1	0	0	0	0	0
C	Marios	19	125	4	1	5_____	101488	1	0	0	0	0	0	0	0	0	1	0
C	Marios	19	125	4	1	5_____	102000	1	2	0	0	0	0	0	0	0	0	0
C	Marios	19	125	4	1	5_____	102473	2	0	0	0	0	1	0	0	0	0	0
C	Marios	19	125	4	1	5_____	102500	2	7	0	0	0	0	0	0	0	0	0
C	Marios	19	125	4	1	5_____	102507	7	0	0	0	0	0	0	0	0	1	0
C	Marios	19	125	4	1	5_____	102625	7	0	0	0	0	1	0	0	0	0	0
C	Marios	19	125	4	1	5_____	102730	7	0	0	0	0	0	0	0	0	1	0
C	Marios	19	125	4	1	5_____	102758	7	0	0	0	0	1	0	0	0	0	0
C	Marios	19	125	4	1	5_____	102939	7	0	0	0	0	0	0	0	0	1	0
C	Marios	19	125	4	1	5_____	102992	7	0	0	0	0	1	0	0	0	0	0
C	Marios	19	125	4	1	5_____	103000	7	11	0	0	0	0	0	0	0	1	0
C	Marios	19	125	4	1	5_____	103027	11	0	0	0	0	1	0	0	0	0	0
C	Marios	19	125	4	1	5_____	103400	11	0	0	0	0	0	0	0	0	1	0
C	Marios	19	125	4	1	5_____	103500	11	1	0	0	0	0	0	0	0	0	0
C	Marios	19	125	4	1	5_____	104438	1	0	0	0	0	1	0	0	0	0	0
C	Marios	19	125	4	1	5_____	104459	1	0	0	0	0	0	0	0	0	1	0
C	Marios	19	125	4	1	5_____	104460	1	0	0	0	0	1	0	0	0	0	0
C	Marios	19	125	4	1	5_____	104856	1	0	0	0	0	0	0	0	0	1	0
C	Marios	19	125	4	1	5_____	104863	1	0	0	0	0	1	0	0	0	0	0
C	Marios	19	125	4	1	5_____	104887	1	0	0	0	0	0	0	0	0	1	0
C	Marios	19	125	4	1	5_____	104915	1	0	0	0	0	1	0	0	0	0	0
C	Marios	19	125	4	1	5_____	105020	1	0	0	0	0	0	0	0	0	1	0
C	Marios	19	125	4	1	5_____	106420	1	0	0	0	0	1	0	0	0	0	0
C	Marios	19	125	4	1	5_____	106519	1	0	0	0	0	0	0	0	0	1	0
C	Marios	19	125	4	1	5_____	107000	1	2	0	0	0	0	0	0	0	0	0
C	Marios	19	125	4	1	5_____	107500	2	17	0	0	0	0	0	0	0	0	0
C	Marios	19	125	4	1	5_____	107704	17	0	0	0	0	1	0	0	0	0	0
C	Marios	19	125	4	1	5_____	107907	17	0	0	0	0	0	0	0	0	1	0
C	Marios	19	125	4	1	5_____	107915	17	0	0	0	0	1	0	0	0	0	0
C	Marios	19	125	4	1	5_____	108000	17	15	0	0	0	0	0	0	0	0	0
C	Marios	19	125	4	1	5_____	108082	15	0	0	0	0	0	0	0	0	1	0
C	Marios	19	125	4	1	5_____	108500	15	1	0	0	0	0	0	0	0	0	0
C	Marios	19	125	4	1	5_____	111577	1	0	0	0	0	1	0	0	0	0	0
C	Marios	19	125	4	1	5_____	112173	1	0	0	0	0	0	0	0	0	1	0
C	Marios	19	125	4	1	5_____	112684	1	0	0	0	0	1	0	0	0	0	0
C	Marios	19	125	4	1	5_____	112948	1	0	0	0	0	0	0	0	0	1	0
C	Marios	19	125	4	1	5_____	113000	1	2	0	0	0	0	0	0	0	0	0
C	Marios	19	125	4	1	5_____	113500	2	16	0	0	0	0	0	0	0	0	0
C	Marios	19	125	4	1	5_____	113560	16	0	0	0	0	1	0	0	0	0	0
C	Marios	19	125	4	1	5_____	113787	16	0	0	0	0	0	0	0	0	1	0
C	Marios	19	125	4	1	5_____	113831	16	0	0	0	0	1	0	0	0	0	0
C	Marios	19	125	4	1	5_____	113856	16	0	0	0	0	0	0	0	0	1	0
C	Marios	19	125	4	1	5_____	113885	16	0	0	0	0	1	0	0	0	0	0
C	Marios	19	125	4	1	5_____	114000	16	15	0	0	0	0	0	0	0	0	0
C	Marios	19	125	4	1	5_____	114075	15	0	0	0	0	0	0	0	0	1	0
C	Marios	19	125	4	1	5_____	114132	15	0	0	0	0	1	0	0	0	0	0
C	Marios	19	125	4	1	5_____	114172	15	0	0	0	0	0	0	0	0	1	0
C	Marios	19	125	4	1	5_____	114500	15	1	0	0	0	0	0	0	0	0	0
C	Marios	19	125	4	1	5_____	114823	1	0	0	0	0	1	0	0	0	0	0
C	Marios	19	125	4	1	5_____	114868	1	0	0	0	0	0	0	0	0	1	0
C	Marios	19	125	4	1	5_____	117734	1	0	0	0	0	1	0	0	0	0	0
C	Marios	19	125	4	1	5_____	117960	1	0	0	0	0	0	0	0	0	1	0
C	Marios	19	125	4	1	5_____	118801	1	0	0	0	0	1	0	0	0	0	0
C	Marios	19	125	4	1	5_____	118822	1	0	0	0	0	0	0	0	0	1	0
C	Marios	19	125	4	1	5_____	118825	1	0	0	0	0	1	0	0	0	0	0
C	Marios	19	125	4	1	5_____	118983	1	0	0	0	0	0	0	0	0	1	0
C	Marios	19	125	4	1	5_____	120000	1	2	0	0	0	0	0	0	0	0	0
C	Marios	19	125	4	1	5_____	120500	2	7	0	0	0	0	0	0	0	0	0
C	Marios	19	125	4	1	5_____	120580	7	0	0	0	0	1	0	0	0	0	0
C	Marios	19	125	4	1	5_____	120845	7	0	0	0	0	0	0	0	0	1	0
C	Marios	19	125	4	1	5_____	120925	7	0	0	0	0	1	0	0	0	0	0
C	Marios	19	125	4	1	5_____	121000	7	11	0	0	0	0	0	0	0	0	0
C	Marios	19	125	4	1	5_____	121500	11	1	0	0	0	0	0	0	0	0	0
C	Marios	19	125	4	1	5_____	121875	1	0	0	0	0	0	0	0	0	1	0
C	Marios	19	125	4	1	5_____	121880	1	0	0	0	0	1	0	0	0	0	0
C	Marios	19	125	4	1	5_____	121883	1	0	0	0	0	0	0	0	0	1	0
C	Marios	19	125	4	1	5_____	121892	1	0	0	0	0	1	0	0	0	0	0
C	Marios	19	125	4	1	5_____	121907	1	0	0	0	0	0	0	0	0	1	0
C	Marios	19	125	4	1	5_____	124349	1	0	0	0	0	1	0	0	0	0	0
C	Marios	19	125	4	1	5_____	124529	1	0	0	0	0	0	0	0	0	1	0
C	Marios	19	125	4	1	5_____	124532	1	0	0	0	0	1	0	0	0	0	0
C	Marios	19	125	4	1	5_____	124857	1	0	0	0	0	0	0	0	0	1	0
C	Marios	19	125	4	1	5_____	124878	1	0	0	0	0	1	0	0	0	0	0
C	Marios	19	125	4	1	5_____	125004	1	0	0	0	0	0	0	0	0	1	0
C	Marios	19	125	4	1	5_____	125346	1	0	0	0	0	1	0	0	0	0	0
C	Marios	19	125	4	1	5_____	125451	1	0	0	0	0	0	0	0	0	1	0
C	Marios	19	125	4	1	5_____	127500	1	2	0	0	0	0	0	0	0	0	0
C	Marios	19	125	4	1	5_____	128000	2	17	0	0	0	0	0	0	0	0	0
C	Marios	19	125	4	1	5_____	128068	17	0	0	0	0	1	0	0	0	0	0
C	Marios	19	125	4	1	5_____	128092	17	0	0	0	0	0	0	0	0	1	0
C	Marios	19	125	4	1	5_____	128427	17	0	0	0	0	1	0	0	0	0	0
C	Marios	19	125	4	1	5_____	128500	17	15	0	0	0	0	0	0	0	0	0
C	Marios	19	125	4	1	5_____	128650	15	0	0	0	0	0	0	0	0	1	0
C	Marios	19	125	4	1	5_____	129000	15	1	0	0	0	0	0	0	0	0	0
C	Marios	19	125	4	1	5_____	129367	1	0	0	0	0	1	0	0	0	0	0
C	Marios	19	125	4	1	5_____	129384	1	0	0	0	0	0	0	0	0	1	0
C	Marios	19	125	4	1	5_____	131925	1	0	0	0	0	1	0	0	0	0	0
C	Marios	19	125	4	1	5_____	132134	1	0	0	0	0	0	0	0	0	1	0
C	Marios	19	125	4	1	5_____	132863	1	0	0	0	0	1	0	0	0	0	0
C	Marios	19	125	4	1	5_____	133448	1	0	0	0	0	0	0	0	0	1	0
C	Marios	19	125	4	1	5_____	133500	1	2	0	0	0	0	0	0	0	0	0
C	Marios	19	125	4	1	5_____	134000	2	17	0	0	0	0	0	0	0	0	0
C	Marios	19	125	4	1	5_____	134103	17	0	0	0	0	1	0	0	0	0	0
C	Marios	19	125	4	1	5_____	134270	17	0	0	0	0	0	0	0	0	1	0
C	Marios	19	125	4	1	5_____	134332	17	0	0	0	0	1	0	0	0	0	0
C	Marios	19	125	4	1	5_____	134484	17	0	0	0	0	0	0	0	0	1	0
C	Marios	19	125	4	1	5_____	134486	17	0	0	0	0	1	0	0	0	0	0
C	Marios	19	125	4	1	5_____	134500	17	15	0	0	0	0	0	0	0	0	0
C	Marios	19	125	4	1	5_____	134587	15	0	0	0	0	0	0	0	0	1	0
C	Marios	19	125	4	1	5_____	134649	15	0	0	0	0	1	0	0	0	0	0
C	Marios	19	125	4	1	5_____	134692	15	0	0	0	0	0	0	0	0	1	0
C	Marios	19	125	4	1	5_____	134723	15	0	0	0	0	1	0	0	0	0	0
C	Marios	19	125	4	1	5_____	134929	15	0	0	0	0	0	0	0	0	1	0
C	Marios	19	125	4	1	5_____	135000	15	1	0	0	0	0	0	0	0	0	0
C	Marios	19	125	4	1	5_____	136126	1	0	0	0	0	1	0	0	0	0	0
C	Marios	19	125	4	1	5_____	136581	1	0	0	0	0	0	0	0	0	1	0
C	Marios	19	125	4	1	5_____	137250	1	2	0	0	0	0	0	0	0	0	0
C	Marios	19	125	4	1	5_____	137750	2	6	0	0	0	0	0	0	0	0	0
C	Marios	19	125	4	1	5_____	137770	6	0	0	0	0	1	0	0	0	0	0
C	Marios	19	125	4	1	5_____	137933	6	0	0	0	0	0	0	0	0	1	0
C	Marios	19	125	4	1	5_____	137979	6	0	0	0	0	1	0	0	0	0	0
C	Marios	19	125	4	1	5_____	138027	6	0	0	0	0	0	0	0	0	1	0
C	Marios	19	125	4	1	5_____	138030	6	0	0	0	0	1	0	0	0	0	0
C	Marios	19	125	4	1	5_____	138096	6	0	0	0	0	0	0	0	0	1	0
C	Marios	19	125	4	1	5_____	138143	6	0	0	0	0	1	0	0	0	0	0
C	Marios	19	125	4	1	5_____	138169	6	0	0	0	0	0	0	0	0	1	0
C	Marios	19	125	4	1	5_____	138179	6	0	0	0	0	1	0	0	0	0	0
C	Marios	19	125	4	1	5_____	138181	6	0	0	0	0	0	0	0	0	1	0
C	Marios	19	125	4	1	5_____	138196	6	0	0	0	0	1	0	0	0	0	0
C	Marios	19	125	4	1	5_____	138250	6	10	0	0	0	0	0	0	0	0	0
C	Marios	19	125	4	1	5_____	138258	10	0	0	0	0	0	0	0	0	1	0
C	Marios	19	125	4	1	5_____	138278	10	0	0	0	0	1	0	0	0	0	0
C	Marios	19	125	4	1	5_____	138292	10	0	0	0	0	0	0	0	0	1	0
C	Marios	19	125	4	1	5_____	138300	10	0	0	0	0	1	0	0	0	0	0
C	Marios	19	125	4	1	5_____	138741	10	0	0	0	0	0	0	0	0	1	0
C	Marios	19	125	4	1	5_____	138750	10	1	0	0	0	0	0	0	0	0	0
C	Marios	19	125	4	1	5_____	138916	1	0	0	0	0	1	0	0	0	0	0
C	Marios	19	125	4	1	5_____	139000	1	0	0	0	0	0	0	0	0	1	0
C	Marios	19	125	4	1	5_____	140124	1	0	0	0	0	1	0	0	0	0	0
C	Marios	19	125	4	1	5_____	140511	1	0	0	0	0	0	0	0	0	1	0
C	Marios	19	125	4	1	5_____	140526	1	0	0	0	0	1	0	0	0	0	0
C	Marios	19	125	4	1	5_____	140543	1	0	0	0	0	0	0	0	0	1	0
C	Marios	19	125	4	1	5_____	142500	1	2	0	0	0	0	0	0	0	0	0
C	Marios	19	125	4	1	5_____	143000	2	16	0	0	0	0	0	0	0	0	0
C	Marios	19	125	4	1	5_____	143465	16	0	0	0	0	1	0	0	0	0	0
C	Marios	19	125	4	1	5_____	143500	16	15	0	0	0	0	0	0	0	0	0
C	Marios	19	125	4	1	5_____	143548	15	0	0	0	0	0	0	0	0	1	0
C	Marios	19	125	4	1	5_____	144000	15	14	0	0	0	0	0	0	0	0	0
C	Marios	19	125	4	1	5_____	147000	14	-1	0	0	0	0	0	0	0	0	0
C	Marios	19	125	7	1	30____	0	0	1	0	0	0	0	0	0	0	0	0
C	Marios	19	125	7	1	30____	1226	1	0	0	0	0	1	0	0	0	0	0
C	Marios	19	125	7	1	30____	1231	1	0	0	0	0	0	0	0	0	1	0
C	Marios	19	125	7	1	30____	1236	1	0	0	0	0	1	0	0	0	0	0
C	Marios	19	125	7	1	30____	1334	1	0	0	0	0	0	0	0	0	1	0
C	Marios	19	125	7	1	30____	2047	1	0	0	0	0	1	0	0	0	0	0
C	Marios	19	125	7	1	30____	2050	1	0	0	0	0	0	0	0	0	1	0
C	Marios	19	125	7	1	30____	2052	1	0	0	0	0	1	0	0	0	0	0
C	Marios	19	125	7	1	30____	2055	1	0	0	0	0	0	0	0	0	1	0
C	Marios	19	125	7	1	30____	2060	1	0	0	0	0	1	0	0	0	0	0
C	Marios	19	125	7	1	30____	2062	1	0	0	0	0	0	0	0	0	1	0
C	Marios	19	125	7	1	30____	2077	1	0	0	0	0	1	0	0	0	0	0
C	Marios	19	125	7	1	30____	2092	1	0	0	0	0	0	0	0	0	1	0
C	Marios	19	125	7	1	30____	2250	1	2	0	0	0	0	0	0	0	0	0
C	Marios	19	125	7	1	30____	2345	2	0	0	0	0	1	0	0	0	0	0
C	Marios	19	125	7	1	30____	2349	2	0	0	0	0	0	0	0	0	1	0
C	Marios	19	125	7	1	30____	2386	2	0	0	0	0	1	0	0	0	0	0
C	Marios	19	125	7	1	30____	2392	2	0	0	0	0	0	0	0	0	1	0
C	Marios	19	125	7	1	30____	2750	2	7	0	0	0	0	0	0	0	0	0
C	Marios	19	125	7	1	30____	2887	7	0	0	0	0	1	0	0	0	0	0
C	Marios	19	125	7	1	30____	2902	7	0	0	0	0	0	0	0	0	1	0
C	Marios	19	125	7	1	30____	2936	7	0	0	0	0	1	0	0	0	0	0
C	Marios	19	125	7	1	30____	2946	7	0	0	0	0	0	0	0	0	1	0
C	Marios	19	125	7	1	30____	2965	7	0	0	0	0	1	0	0	0	0	0
C	Marios	19	125	7	1	30____	2968	7	0	0	0	0	1	0	0	0	1	0
C	Marios	19	125	7	1	30____	2997	7	0	0	0	0	0	0	0	0	1	0
C	Marios	19	125	7	1	30____	3009	7	0	0	0	0	1	0	0	0	0	0
C	Marios	19	125	7	1	30____	3035	7	0	0	0	0	0	0	0	0	1	0
C	Marios	19	125	7	1	30____	3037	7	0	0	0	0	1	0	0	0	0	0
C	Marios	19	125	7	1	30____	3076	7	0	0	0	0	0	0	0	0	1	0
C	Marios	19	125	7	1	30____	3087	7	0	0	0	0	1	0	0	0	0	0
C	Marios	19	125	7	1	30____	3103	7	0	0	0	0	0	0	0	0	1	0
C	Marios	19	125	7	1	30____	3108	7	0	0	0	0	1	0	0	0	0	0
C	Marios	19	125	7	1	30____	3111	7	0	0	0	0	0	0	0	0	1	0
C	Marios	19	125	7	1	30____	3113	7	0	0	0	0	1	0	0	0	0	0
C	Marios	19	125	7	1	30____	3158	7	0	0	0	0	0	0	0	0	1	0
C	Marios	19	125	7	1	30____	3167	7	0	0	0	0	1	0	0	0	0	0
C	Marios	19	125	7	1	30____	3187	7	0	0	0	0	0	0	0	0	1	0
C	Marios	19	125	7	1	30____	3209	7	0	0	0	0	1	0	0	0	0	0
C	Marios	19	125	7	1	30____	3227	7	0	0	0	0	0	0	0	0	1	0
C	Marios	19	125	7	1	30____	3228	7	0	0	0	0	1	0	0	0	0	0
C	Marios	19	125	7	1	30____	3250	7	11	0	0	0	0	0	0	0	0	0
C	Marios	19	125	7	1	30____	3273	11	0	0	0	0	0	0	0	0	1	0
C	Marios	19	125	7	1	30____	3276	11	0	0	0	0	1	0	0	0	0	0
C	Marios	19	125	7	1	30____	3426	11	0	0	0	0	0	0	0	0	1	0
C	Marios	19	125	7	1	30____	3750	11	1	0	0	0	0	0	0	0	0	0
C	Marios	19	125	7	1	30____	5867	1	0	0	0	0	1	0	0	0	0	0
C	Marios	19	125	7	1	30____	5887	1	0	0	0	0	0	0	0	0	1	0
C	Marios	19	125	7	1	30____	5923	1	0	0	0	0	1	0	0	0	0	0
C	Marios	19	125	7	1	30____	5974	1	0	0	0	0	0	0	0	0	1	0
C	Marios	19	125	7	1	30____	8014	1	0	0	0	0	1	0	0	0	0	0
C	Marios	19	125	7	1	30____	8016	1	0	0	0	0	0	0	0	0	1	0
C	Marios	19	125	7	1	30____	8237	1	0	0	0	0	1	0	0	0	0	0
C	Marios	19	125	7	1	30____	8251	1	0	0	0	0	0	0	0	0	1	0
C	Marios	19	125	7	1	30____	8957	1	0	0	0	0	1	0	0	0	0	0
C	Marios	19	125	7	1	30____	8972	1	0	0	0	0	0	0	0	0	1	0
C	Marios	19	125	7	1	30____	9250	1	2	0	0	0	0	0	0	0	0	0
C	Marios	19	125	7	1	30____	9750	2	17	0	0	0	0	0	0	0	0	0
C	Marios	19	125	7	1	30____	10250	17	15	0	0	0	0	0	0	0	0	0
C	Marios	19	125	7	1	30____	10750	15	1	0	0	0	0	0	0	0	0	0
C	Marios	19	125	7	1	30____	11123	1	0	0	0	0	1	0	0	0	0	0
C	Marios	19	125	7	1	30____	11144	1	0	0	0	0	0	0	0	0	1	0
C	Marios	19	125	7	1	30____	11145	1	0	0	0	0	1	0	0	0	0	0
C	Marios	19	125	7	1	30____	11181	1	0	0	0	0	0	0	0	0	1	0
C	Marios	19	125	7	1	30____	13462	1	0	0	0	0	1	0	0	0	0	0
C	Marios	19	125	7	1	30____	13513	1	0	0	0	0	0	0	0	0	1	0
C	Marios	19	125	7	1	30____	14187	1	0	0	0	0	1	0	0	0	0	0
C	Marios	19	125	7	1	30____	14253	1	0	0	0	0	0	0	0	0	1	0
C	Marios	19	125	7	1	30____	15250	1	2	0	0	0	0	0	0	0	0	0
C	Marios	19	125	7	1	30____	15750	2	6	0	0	0	0	0	0	0	0	0
C	Marios	19	125	7	1	30____	15897	6	0	0	0	0	1	0	0	0	0	0
C	Marios	19	125	7	1	30____	15912	6	0	0	0	0	0	0	0	0	1	0
C	Marios	19	125	7	1	30____	15951	6	0	0	0	0	1	0	0	0	0	0
C	Marios	19	125	7	1	30____	15973	6	0	0	0	0	0	0	0	0	1	0
C	Marios	19	125	7	1	30____	15996	6	0	0	0	0	1	0	0	0	0	0
C	Marios	19	125	7	1	30____	16025	6	0	0	0	0	0	0	0	0	1	0
C	Marios	19	125	7	1	30____	16029	6	0	0	0	0	1	0	0	0	0	0
C	Marios	19	125	7	1	30____	16050	6	0	0	0	0	0	0	0	0	1	0
C	Marios	19	125	7	1	30____	16061	6	0	0	0	0	1	0	0	0	0	0
C	Marios	19	125	7	1	30____	16245	6	0	0	0	0	0	0	0	0	1	0
C	Marios	19	125	7	1	30____	16248	6	0	0	0	0	1	0	0	0	0	0
C	Marios	19	125	7	1	30____	16250	6	10	0	0	0	0	0	0	0	0	0
C	Marios	19	125	7	1	30____	16252	10	0	0	0	0	0	0	0	0	1	0
C	Marios	19	125	7	1	30____	16255	10	0	0	0	0	1	0	0	0	0	0
C	Marios	19	125	7	1	30____	16417	10	0	0	0	0	0	0	0	0	1	0
C	Marios	19	125	7	1	30____	16628	10	0	0	0	0	1	0	0	0	0	0
C	Marios	19	125	7	1	30____	16641	10	0	0	0	0	0	0	0	0	1	0
C	Marios	19	125	7	1	30____	16750	10	1	0	0	0	0	0	0	0	0	0
C	Marios	19	125	7	1	30____	18851	1	0	0	0	0	1	0	0	0	0	0
C	Marios	19	125	7	1	30____	18874	1	0	0	0	0	0	0	0	0	1	0
C	Marios	19	125	7	1	30____	18892	1	0	0	0	0	1	0	0	0	0	0
C	Marios	19	125	7	1	30____	18900	1	0	0	0	0	0	0	0	0	1	0
C	Marios	19	125	7	1	30____	18928	1	0	0	0	0	1	0	0	0	0	0
C	Marios	19	125	7	1	30____	18930	1	0	0	0	0	0	0	0	0	1	0
C	Marios	19	125	7	1	30____	18941	1	0	0	0	0	1	0	0	0	0	0
C	Marios	19	125	7	1	30____	18943	1	0	0	0	0	0	0	0	0	1	0
C	Marios	19	125	7	1	30____	18963	1	0	0	0	0	1	0	0	0	0	0
C	Marios	19	125	7	1	30____	18965	1	0	0	0	0	0	0	0	0	1	0
C	Marios	19	125	7	1	30____	18968	1	0	0	0	0	1	0	0	0	0	0
C	Marios	19	125	7	1	30____	18969	1	0	0	0	0	0	0	0	0	1	0
C	Marios	19	125	7	1	30____	18974	1	0	0	0	0	1	0	0	0	0	0
C	Marios	19	125	7	1	30____	19007	1	0	0	0	0	0	0	0	0	1	0
C	Marios	19	125	7	1	30____	19010	1	0	0	0	0	1	0	0	0	0	0
C	Marios	19	125	7	1	30____	19056	1	0	0	0	0	0	0	0	0	1	0
C	Marios	19	125	7	1	30____	19452	1	0	0	0	0	1	0	0	0	0	0
C	Marios	19	125	7	1	30____	19477	1	0	0	0	0	0	0	0	0	1	0
C	Marios	19	125	7	1	30____	19711	1	0	0	0	0	1	0	0	0	0	0
C	Marios	19	125	7	1	30____	19750	1	2	0	0	0	0	0	0	0	0	0
C	Marios	19	125	7	1	30____	19787	2	0	0	0	0	0	0	0	0	1	0
C	Marios	19	125	7	1	30____	20250	2	16	0	0	0	0	0	0	0	0	0
C	Marios	19	125	7	1	30____	20750	16	15	0	0	0	0	0	0	0	0	0
C	Marios	19	125	7	1	30____	21250	15	1	0	0	0	0	0	0	0	0	0
C	Marios	19	125	7	1	30____	22471	1	0	0	0	0	1	0	0	0	0	0
C	Marios	19	125	7	1	30____	22481	1	0	0	0	0	0	0	0	0	1	0
C	Marios	19	125	7	1	30____	25000	1	2	0	0	0	0	0	0	0	0	0
C	Marios	19	125	7	1	30____	25123	2	0	0	0	0	1	0	0	0	0	0
C	Marios	19	125	7	1	30____	25176	2	0	0	0	0	0	0	0	0	1	0
C	Marios	19	125	7	1	30____	25355	2	0	0	0	0	1	0	0	0	0	0
C	Marios	19	125	7	1	30____	25379	2	0	0	0	0	0	0	0	0	1	0
C	Marios	19	125	7	1	30____	25381	2	0	0	0	0	1	0	0	0	0	0
C	Marios	19	125	7	1	30____	25385	2	0	0	0	0	0	0	0	0	1	0
C	Marios	19	125	7	1	30____	25386	2	0	0	0	0	1	0	0	0	0	0
C	Marios	19	125	7	1	30____	25500	2	17	0	0	0	0	0	0	0	0	0
C	Marios	19	125	7	1	30____	25512	17	0	0	0	0	0	0	0	0	1	0
C	Marios	19	125	7	1	30____	25529	17	0	0	0	0	1	0	0	0	0	0
C	Marios	19	125	7	1	30____	25570	17	0	0	0	0	0	0	0	0	1	0
C	Marios	19	125	7	1	30____	25571	17	0	0	0	0	1	0	0	0	0	0
C	Marios	19	125	7	1	30____	25731	17	0	0	0	0	0	0	0	0	1	0
C	Marios	19	125	7	1	30____	25732	17	0	0	0	0	1	0	0	0	0	0
C	Marios	19	125	7	1	30____	25740	17	0	0	0	0	0	0	0	0	1	0
C	Marios	19	125	7	1	30____	25752	17	0	0	0	0	1	0	0	0	0	0
C	Marios	19	125	7	1	30____	25834	17	0	0	0	0	0	0	0	0	1	0
C	Marios	19	125	7	1	30____	25835	17	0	0	0	0	1	0	0	0	0	0
C	Marios	19	125	7	1	30____	25934	17	0	0	0	0	0	0	0	0	1	0
C	Marios	19	125	7	1	30____	25938	17	0	0	0	0	1	0	0	0	0	0
C	Marios	19	125	7	1	30____	25949	17	0	0	0	0	0	0	0	0	1	0
C	Marios	19	125	7	1	30____	25950	17	0	0	0	0	1	0	0	0	0	0
C	Marios	19	125	7	1	30____	25969	17	0	0	0	0	0	0	0	0	1	0
C	Marios	19	125	7	1	30____	25972	17	0	0	0	0	1	0	0	0	0	0
C	Marios	19	125	7	1	30____	26000	17	15	0	0	0	0	0	0	0	0	0
C	Marios	19	125	7	1	30____	26106	15	0	0	0	0	0	0	0	0	1	0
C	Marios	19	125	7	1	30____	26122	15	0	0	0	0	1	0	0	0	0	0
C	Marios	19	125	7	1	30____	26133	15	0	0	0	0	0	0	0	0	1	0
C	Marios	19	125	7	1	30____	26172	15	0	0	0	0	1	0	0	0	0	0
C	Marios	19	125	7	1	30____	26265	15	0	0	0	0	0	0	0	0	1	0
C	Marios	19	125	7	1	30____	26266	15	0	0	0	0	1	0	0	0	0	0
C	Marios	19	125	7	1	30____	26269	15	0	0	0	0	0	0	0	0	1	0
C	Marios	19	125	7	1	30____	26271	15	0	0	0	0	1	0	0	0	0	0
C	Marios	19	125	7	1	30____	26378	15	0	0	0	0	0	0	0	0	1	0
C	Marios	19	125	7	1	30____	26500	15	1	0	0	0	0	0	0	0	0	0
C	Marios	19	125	7	1	30____	27464	1	0	0	0	0	1	0	0	0	0	0
C	Marios	19	125	7	1	30____	27466	1	0	0	0	0	0	0	0	0	1	0
C	Marios	19	125	7	1	30____	27513	1	0	0	0	0	1	0	0	0	0	0
C	Marios	19	125	7	1	30____	27533	1	0	0	0	0	0	0	0	0	1	0
C	Marios	19	125	7	1	30____	27567	1	0	0	0	0	1	0	0	0	0	0
C	Marios	19	125	7	1	30____	27590	1	0	0	0	0	0	0	0	0	1	0
C	Marios	19	125	7	1	30____	28000	1	2	0	0	0	0	0	0	0	0	0
C	Marios	19	125	7	1	30____	28380	2	0	0	0	0	1	0	0	0	0	0
C	Marios	19	125	7	1	30____	28479	2	0	0	0	0	0	0	0	0	1	0
C	Marios	19	125	7	1	30____	28500	2	16	0	0	0	0	0	0	0	0	0
C	Marios	19	125	7	1	30____	28652	16	0	0	0	0	1	0	0	0	0	0
C	Marios	19	125	7	1	30____	28658	16	0	0	0	0	0	0	0	0	1	0
C	Marios	19	125	7	1	30____	29000	16	15	0	0	0	0	0	0	0	0	0
C	Marios	19	125	7	1	30____	29140	15	0	0	0	0	1	0	0	0	0	0
C	Marios	19	125	7	1	30____	29144	15	0	0	0	0	0	0	0	0	1	0
C	Marios	19	125	7	1	30____	29500	15	1	0	0	0	0	0	0	0	0	0
C	Marios	19	125	7	1	30____	29672	1	0	0	0	0	1	0	0	0	0	0
C	Marios	19	125	7	1	30____	29683	1	0	0	0	0	0	0	0	0	1	0
C	Marios	19	125	7	1	30____	29733	1	0	0	0	0	1	0	0	0	0	0
C	Marios	19	125	7	1	30____	29748	1	0	0	0	0	0	0	0	0	1	0
C	Marios	19	125	7	1	30____	29765	1	0	0	0	0	1	0	0	0	0	0
C	Marios	19	125	7	1	30____	29845	1	0	0	0	0	0	0	0	0	1	0
C	Marios	19	125	7	1	30____	29938	1	0	0	0	0	1	0	0	0	0	0
C	Marios	19	125	7	1	30____	29944	1	0	0	0	0	0	0	0	0	1	0
C	Marios	19	125	7	1	30____	30429	1	0	0	0	0	1	0	0	0	0	0
C	Marios	19	125	7	1	30____	30433	1	0	0	0	0	0	0	0	0	1	0
C	Marios	19	125	7	1	30____	30437	1	0	0	0	0	1	0	0	0	0	0
C	Marios	19	125	7	1	30____	30457	1	0	0	0	0	0	0	0	0	1	0
C	Marios	19	125	7	1	30____	30462	1	0	0	0	0	1	0	0	0	0	0
C	Marios	19	125	7	1	30____	30561	1	0	0	0	0	0	0	0	0	1	0
C	Marios	19	125	7	1	30____	30566	1	0	0	0	0	1	0	0	0	0	0
C	Marios	19	125	7	1	30____	30578	1	0	0	0	0	0	0	0	0	1	0
C	Marios	19	125	7	1	30____	30749	1	0	0	0	0	1	0	0	0	0	0
C	Marios	19	125	7	1	30____	30792	1	0	0	0	0	0	0	0	0	1	0
C	Marios	19	125	7	1	30____	30797	1	0	0	0	0	1	0	0	0	0	0
C	Marios	19	125	7	1	30____	30862	1	0	0	0	0	0	0	0	0	1	0
C	Marios	19	125	7	1	30____	31956	1	0	0	0	0	1	0	0	0	0	0
C	Marios	19	125	7	1	30____	31968	1	0	0	0	0	0	0	0	0	1	0
C	Marios	19	125	7	1	30____	32014	1	0	0	0	0	1	0	0	0	0	0
C	Marios	19	125	7	1	30____	32034	1	0	0	0	0	0	0	0	0	1	0
C	Marios	19	125	7	1	30____	32066	1	0	0	0	0	1	0	0	0	0	0
C	Marios	19	125	7	1	30____	32089	1	0	0	0	0	0	0	0	0	1	0
C	Marios	19	125	7	1	30____	32115	1	0	0	0	0	1	0	0	0	0	0
C	Marios	19	125	7	1	30____	32124	1	0	0	0	0	0	0	0	0	1	0
C	Marios	19	125	7	1	30____	33246	1	0	0	0	0	1	0	0	0	0	0
C	Marios	19	125	7	1	30____	33258	1	0	0	0	0	0	0	0	0	1	0
C	Marios	19	125	7	1	30____	37000	1	2	0	0	0	0	0	0	0	0	0
C	Marios	19	125	7	1	30____	37500	2	17	0	0	0	0	0	0	0	0	0
C	Marios	19	125	7	1	30____	38000	17	15	0	0	0	0	0	0	0	0	0
C	Marios	19	125	7	1	30____	38500	15	1	0	0	0	0	0	0	0	0	0
C	Marios	19	125	7	1	30____	38618	1	0	0	0	0	1	0	0	0	0	0
C	Marios	19	125	7	1	30____	38656	1	0	0	0	0	0	0	0	0	1	0
C	Marios	19	125	7	1	30____	39030	1	0	0	0	0	1	0	0	0	0	0
C	Marios	19	125	7	1	30____	39034	1	0	0	0	0	0	0	0	0	1	0
C	Marios	19	125	7	1	30____	39997	1	0	0	0	0	1	0	0	0	0	0
C	Marios	19	125	7	1	30____	40029	1	0	0	0	0	0	0	0	0	1	0
C	Marios	19	125	7	1	30____	40030	1	0	0	0	0	1	0	0	0	0	0
C	Marios	19	125	7	1	30____	40110	1	0	0	0	0	0	0	0	0	1	0
C	Marios	19	125	7	1	30____	40112	1	0	0	0	0	1	0	0	0	0	0
C	Marios	19	125	7	1	30____	40115	1	0	0	0	0	0	0	0	0	1	0
C	Marios	19	125	7	1	30____	40117	1	0	0	0	0	1	0	0	0	0	0
C	Marios	19	125	7	1	30____	40186	1	0	0	0	0	0	0	0	0	1	0
C	Marios	19	125	7	1	30____	40187	1	0	0	0	0	1	0	0	0	0	0
C	Marios	19	125	7	1	30____	40190	1	0	0	0	0	0	0	0	0	1	0
C	Marios	19	125	7	1	30____	40192	1	0	0	0	0	1	0	0	0	0	0
C	Marios	19	125	7	1	30____	40268	1	0	0	0	0	0	0	0	0	1	0
C	Marios	19	125	7	1	30____	40270	1	0	0	0	0	1	0	0	0	0	0
C	Marios	19	125	7	1	30____	40275	1	0	0	0	0	0	0	0	0	1	0
C	Marios	19	125	7	1	30____	40279	1	0	0	0	0	1	0	0	0	0	0
C	Marios	19	125	7	1	30____	40414	1	0	0	0	0	0	0	0	0	1	0
C	Marios	19	125	7	1	30____	40419	1	0	0	0	0	1	0	0	0	0	0
C	Marios	19	125	7	1	30____	40451	1	0	0	0	0	0	0	0	0	1	0
C	Marios	19	125	7	1	30____	40452	1	0	0	0	0	1	0	0	0	0	0
C	Marios	19	125	7	1	30____	40454	1	0	0	0	0	0	0	0	0	1	0
C	Marios	19	125	7	1	30____	43750	1	2	0	0	0	0	0	0	0	0	0
C	Marios	19	125	7	1	30____	44250	2	16	0	0	0	0	0	0	0	0	0
C	Marios	19	125	7	1	30____	44690	16	0	0	0	0	1	0	0	0	0	0
C	Marios	19	125	7	1	30____	44697	16	0	0	0	0	0	0	0	0	1	0
C	Marios	19	125	7	1	30____	44701	16	0	0	0	0	1	0	0	0	0	0
C	Marios	19	125	7	1	30____	44708	16	0	0	0	0	0	0	0	0	1	0
C	Marios	19	125	7	1	30____	44750	16	15	0	0	0	0	0	0	0	0	0
C	Marios	19	125	7	1	30____	45250	15	1	0	0	0	0	0	0	0	0	0
C	Marios	19	125	7	1	30____	45272	1	0	0	0	0	1	0	0	0	0	0
C	Marios	19	125	7	1	30____	45304	1	0	0	0	0	0	0	0	0	1	0
C	Marios	19	125	7	1	30____	45779	1	0	0	0	0	1	0	0	0	0	0
C	Marios	19	125	7	1	30____	45804	1	0	0	0	0	0	0	0	0	1	0
C	Marios	19	125	7	1	30____	45870	1	0	0	0	0	1	0	0	0	0	0
C	Marios	19	125	7	1	30____	45874	1	0	0	0	0	0	0	0	0	1	0
C	Marios	19	125	7	1	30____	45875	1	0	0	0	0	1	0	0	0	0	0
C	Marios	19	125	7	1	30____	45880	1	0	0	0	0	0	0	0	0	1	0
C	Marios	19	125	7	1	30____	46109	1	0	0	0	0	1	0	0	0	0	0
C	Marios	19	125	7	1	30____	46131	1	0	0	0	0	0	0	0	0	1	0
C	Marios	19	125	7	1	30____	47562	1	0	0	0	0	1	0	0	0	0	0
C	Marios	19	125	7	1	30____	47565	1	0	0	0	0	0	0	0	0	1	0
C	Marios	19	125	7	1	30____	48211	1	0	0	0	0	1	0	0	0	0	0
C	Marios	19	125	7	1	30____	48232	1	0	0	0	0	0	0	0	0	1	0
C	Marios	19	125	7	1	30____	49750	1	2	0	0	0	0	0	0	0	0	0
C	Marios	19	125	7	1	30____	50250	2	16	0	0	0	0	0	0	0	0	0
C	Marios	19	125	7	1	30____	50750	16	15	0	0	0	0	0	0	0	0	0
C	Marios	19	125	7	1	30____	51250	15	1	0	0	0	0	0	0	0	0	0
C	Marios	19	125	7	1	30____	52838	1	0	0	0	0	1	0	0	0	0	0
C	Marios	19	125	7	1	30____	52855	1	0	0	0	0	0	0	0	0	1	0
C	Marios	19	125	7	1	30____	55896	1	0	0	0	0	1	0	0	0	0	0
C	Marios	19	125	7	1	30____	55916	1	0	0	0	0	0	0	0	0	1	0
C	Marios	19	125	7	1	30____	57106	1	0	0	0	0	1	0	0	0	0	0
C	Marios	19	125	7	1	30____	57163	1	0	0	0	0	0	0	0	0	1	0
C	Marios	19	125	7	1	30____	57217	1	0	0	0	0	1	0	0	0	0	0
C	Marios	19	125	7	1	30____	57219	1	0	0	0	0	0	0	0	0	1	0
C	Marios	19	125	7	1	30____	57250	1	2	0	0	0	1	0	0	0	0	0
C	Marios	19	125	7	1	30____	57256	2	0	0	0	0	0	0	0	0	1	0
C	Marios	19	125	7	1	30____	57263	2	0	0	0	0	1	0	0	0	0	0
C	Marios	19	125	7	1	30____	57270	2	0	0	0	0	0	0	0	0	1	0
C	Marios	19	125	7	1	30____	57403	2	0	0	0	0	1	0	0	0	0	0
C	Marios	19	125	7	1	30____	57422	2	0	0	0	0	0	0	0	0	1	0
C	Marios	19	125	7	1	30____	57426	2	0	0	0	0	1	0	0	0	0	0
C	Marios	19	125	7	1	30____	57467	2	0	0	0	0	0	0	0	0	1	0
C	Marios	19	125	7	1	30____	57750	2	7	0	0	0	0	0	0	0	0	0
C	Marios	19	125	7	1	30____	57877	7	0	0	0	0	1	0	0	0	0	0
C	Marios	19	125	7	1	30____	57901	7	0	0	0	0	0	0	0	0	1	0
C	Marios	19	125	7	1	30____	57902	7	0	0	0	0	1	0	0	0	0	0
C	Marios	19	125	7	1	30____	57959	7	0	0	0	0	0	0	0	0	1	0
C	Marios	19	125	7	1	30____	57961	7	0	0	0	0	1	0	0	0	0	0
C	Marios	19	125	7	1	30____	57963	7	0	0	0	0	0	0	0	0	1	0
C	Marios	19	125	7	1	30____	57964	7	0	0	0	0	1	0	0	0	0	0
C	Marios	19	125	7	1	30____	58126	7	0	0	0	0	0	0	0	0	1	0
C	Marios	19	125	7	1	30____	58127	7	0	0	0	0	1	0	0	0	0	0
C	Marios	19	125	7	1	30____	58129	7	0	0	0	0	0	0	0	0	1	0
C	Marios	19	125	7	1	30____	58132	7	0	0	0	0	1	0	0	0	0	0
C	Marios	19	125	7	1	30____	58155	7	0	0	0	0	1	0	0	0	1	0
C	Marios	19	125	7	1	30____	58250	7	11	0	0	0	0	0	0	0	0	0
C	Marios	19	125	7	1	30____	58699	11	0	0	0	0	0	0	0	0	1	0
C	Marios	19	125	7	1	30____	58700	11	0	0	0	0	1	0	0	0	0	0
C	Marios	19	125	7	1	30____	58706	11	0	0	0	0	0	0	0	0	1	0
C	Marios	19	125	7	1	30____	58710	11	0	0	0	0	1	0	0	0	0	0
C	Marios	19	125	7	1	30____	58714	11	0	0	0	0	0	0	0	0	1	0
C	Marios	19	125	7	1	30____	58720	11	0	0	0	0	1	0	0	0	0	0
C	Marios	19	125	7	1	30____	58721	11	0	0	0	0	0	0	0	0	1	0
C	Marios	19	125	7	1	30____	58750	11	1	0	0	0	0	0	0	0	0	0
C	Marios	19	125	7	1	30____	58890	1	0	0	0	0	1	0	0	0	0	0
C	Marios	19	125	7	1	30____	58913	1	0	0	0	0	0	0	0	0	1	0
C	Marios	19	125	7	1	30____	58915	1	0	0	0	0	1	0	0	0	0	0
C	Marios	19	125	7	1	30____	58918	1	0	0	0	0	0	0	0	0	1	0
C	Marios	19	125	7	1	30____	58922	1	0	0	0	0	1	0	0	0	0	0
C	Marios	19	125	7	1	30____	58926	1	0	0	0	0	0	0	0	0	1	0
C	Marios	19	125	7	1	30____	58928	1	0	0	0	0	1	0	0	0	0	0
C	Marios	19	125	7	1	30____	58931	1	0	0	0	0	0	0	0	0	1	0
C	Marios	19	125	7	1	30____	59069	1	0	0	0	0	1	0	0	0	0	0
C	Marios	19	125	7	1	30____	59071	1	0	0	0	0	0	0	0	0	1	0
C	Marios	19	125	7	1	30____	59079	1	0	0	0	0	1	0	0	0	0	0
C	Marios	19	125	7	1	30____	59081	1	0	0	0	0	0	0	0	0	1	0
C	Marios	19	125	7	1	30____	59159	1	0	0	0	0	1	0	0	0	0	0
C	Marios	19	125	7	1	30____	59172	1	0	0	0	0	0	0	0	0	1	0
C	Marios	19	125	7	1	30____	59175	1	0	0	0	0	1	0	0	0	0	0
C	Marios	19	125	7	1	30____	59190	1	0	0	0	0	1	0	0	0	1	0
C	Marios	19	125	7	1	30____	59194	1	0	0	0	0	0	0	0	0	1	0
C	Marios	19	125	7	1	30____	59209	1	0	0	0	0	1	0	0	0	0	0
C	Marios	19	125	7	1	30____	59214	1	0	0	0	0	0	0	0	0	1	0
C	Marios	19	125	7	1	30____	59215	1	0	0	0	0	1	0	0	0	0	0
C	Marios	19	125	7	1	30____	59396	1	0	0	0	0	0	0	0	0	1	0
C	Marios	19	125	7	1	30____	59397	1	0	0	0	0	1	0	0	0	0	0
C	Marios	19	125	7	1	30____	59490	1	0	0	0	0	1	0	0	0	1	0
C	Marios	19	125	7	1	30____	59506	1	0	0	0	0	0	0	0	0	1	0
C	Marios	19	125	7	1	30____	59521	1	0	0	0	0	1	0	0	0	0	0
C	Marios	19	125	7	1	30____	59522	1	0	0	0	0	0	0	0	0	1	0
C	Marios	19	125	7	1	30____	59541	1	0	0	0	0	1	0	0	0	0	0
C	Marios	19	125	7	1	30____	59549	1	0	0	0	0	0	0	0	0	1	0
C	Marios	19	125	7	1	30____	59550	1	0	0	0	0	1	0	0	0	0	0
C	Marios	19	125	7	1	30____	59554	1	0	0	0	0	0	0	0	0	1	0
C	Marios	19	125	7	1	30____	59613	1	0	0	0	0	1	0	0	0	0	0
C	Marios	19	125	7	1	30____	59616	1	0	0	0	0	0	0	0	0	1	0
C	Marios	19	125	7	1	30____	60452	1	0	0	0	0	1	0	0	0	0	0
C	Marios	19	125	7	1	30____	60484	1	0	0	0	0	0	0	0	0	1	0
C	Marios	19	125	7	1	30____	60485	1	0	0	0	0	1	0	0	0	0	0
C	Marios	19	125	7	1	30____	60487	1	0	0	0	0	0	0	0	0	1	0
C	Marios	19	125	7	1	30____	60491	1	0	0	0	0	1	0	0	0	0	0
C	Marios	19	125	7	1	30____	60496	1	0	0	0	0	1	0	0	0	1	0
C	Marios	19	125	7	1	30____	60563	1	0	0	0	0	0	0	0	0	1	0
C	Marios	19	125	7	1	30____	60564	1	0	0	0	0	1	0	0	0	0	0
C	Marios	19	125	7	1	30____	60610	1	0	0	0	0	0	0	0	0	1	0
C	Marios	19	125	7	1	30____	61370	1	0	0	0	0	1	0	0	0	0	0
C	Marios	19	125	7	1	30____	61385	1	0	0	0	0	0	0	0	0	1	0
C	Marios	19	125	7	1	30____	61412	1	0	0	0	0	1	0	0	0	0	0
C	Marios	19	125	7	1	30____	61414	1	0	0	0	0	0	0	0	0	1	0
C	Marios	19	125	7	1	30____	61448	1	0	0	0	0	1	0	0	0	0	0
C	Marios	19	125	7	1	30____	61460	1	0	0	0	0	0	0	0	0	1	0
C	Marios	19	125	7	1	30____	61563	1	0	0	0	0	1	0	0	0	0	0
C	Marios	19	125	7	1	30____	61591	1	0	0	0	0	0	0	0	0	1	0
C	Marios	19	125	7	1	30____	61593	1	0	0	0	0	1	0	0	0	0	0
C	Marios	19	125	7	1	30____	61668	1	0	0	0	0	0	0	0	0	1	0
C	Marios	19	125	7	1	30____	61724	1	0	0	0	0	1	0	0	0	0	0
C	Marios	19	125	7	1	30____	61769	1	0	0	0	0	0	0	0	0	1	0
C	Marios	19	125	7	1	30____	62250	1	2	0	0	0	0	0	0	0	0	0
C	Marios	19	125	7	1	30____	62719	2	0	0	0	0	1	0	0	0	0	0
C	Marios	19	125	7	1	30____	62722	2	0	0	0	0	0	0	0	0	1	0
C	Marios	19	125	7	1	30____	62735	2	0	0	0	0	1	0	0	0	0	0
C	Marios	19	125	7	1	30____	62750	2	17	0	0	0	0	0	0	0	0	0
C	Marios	19	125	7	1	30____	62753	17	0	0	0	0	0	0	0	0	1	0
C	Marios	19	125	7	1	30____	62795	17	0	0	0	0	1	0	0	0	0	0
C	Marios	19	125	7	1	30____	62837	17	0	0	0	0	0	0	0	0	1	0
C	Marios	19	125	7	1	30____	62844	17	0	0	0	0	1	0	0	0	0	0
C	Marios	19	125	7	1	30____	62849	17	0	0	0	0	0	0	0	0	1	0
C	Marios	19	125	7	1	30____	62865	17	0	0	0	0	1	0	0	0	0	0
C	Marios	19	125	7	1	30____	62876	17	0	0	0	0	0	0	0	0	1	0
C	Marios	19	125	7	1	30____	62880	17	0	0	0	0	1	0	0	0	0	0
C	Marios	19	125	7	1	30____	62883	17	0	0	0	0	0	0	0	0	1	0
C	Marios	19	125	7	1	30____	62885	17	0	0	0	0	1	0	0	0	0	0
C	Marios	19	125	7	1	30____	63049	17	0	0	0	0	0	0	0	0	1	0
C	Marios	19	125	7	1	30____	63050	17	0	0	0	0	1	0	0	0	0	0
C	Marios	19	125	7	1	30____	63053	17	0	0	0	0	0	0	0	0	1	0
C	Marios	19	125	7	1	30____	63054	17	0	0	0	0	1	0	0	0	0	0
C	Marios	19	125	7	1	30____	63200	17	0	0	0	0	0	0	0	0	1	0
C	Marios	19	125	7	1	30____	63203	17	0	0	0	0	1	0	0	0	0	0
C	Marios	19	125	7	1	30____	63250	17	15	0	0	0	0	0	0	0	0	0
C	Marios	19	125	7	1	30____	63285	15	0	0	0	0	0	0	0	0	1	0
C	Marios	19	125	7	1	30____	63286	15	0	0	0	0	1	0	0	0	0	0
C	Marios	19	125	7	1	30____	63475	15	0	0	0	0	0	0	0	0	1	0
C	Marios	19	125	7	1	30____	63750	15	1	0	0	0	0	0	0	0	0	0
C	Marios	19	125	7	1	30____	63854	1	0	0	0	0	1	0	0	0	0	0
C	Marios	19	125	7	1	30____	63870	1	0	0	0	0	0	0	0	0	1	0
C	Marios	19	125	7	1	30____	63875	1	0	0	0	0	1	0	0	0	0	0
C	Marios	19	125	7	1	30____	63937	1	0	0	0	0	0	0	0	0	1	0
C	Marios	19	125	7	1	30____	64571	1	0	0	0	0	1	0	0	0	0	0
C	Marios	19	125	7	1	30____	64596	1	0	0	0	0	0	0	0	0	1	0
C	Marios	19	125	7	1	30____	64602	1	0	0	0	0	1	0	0	0	0	0
C	Marios	19	125	7	1	30____	64656	1	0	0	0	0	0	0	0	0	1	0
C	Marios	19	125	7	1	30____	64658	1	0	0	0	0	1	0	0	0	0	0
C	Marios	19	125	7	1	30____	64661	1	0	0	0	0	0	0	0	0	1	0
C	Marios	19	125	7	1	30____	65504	1	0	0	0	0	1	0	0	0	0	0
C	Marios	19	125	7	1	30____	65600	1	0	0	0	0	0	0	0	0	1	0
C	Marios	19	125	7	1	30____	66262	1	0	0	0	0	1	0	0	0	0	0
C	Marios	19	125	7	1	30____	66361	1	0	0	0	0	0	0	0	0	1	0
C	Marios	19	125	7	1	30____	66406	1	0	0	0	0	1	0	0	0	0	0
C	Marios	19	125	7	1	30____	66425	1	0	0	0	0	0	0	0	0	1	0
C	Marios	19	125	7	1	30____	66488	1	0	0	0	0	1	0	0	0	0	0
C	Marios	19	125	7	1	30____	66613	1	0	0	0	0	0	0	0	0	1	0
C	Marios	19	125	7	1	30____	66746	1	0	0	0	0	1	0	0	0	0	0
C	Marios	19	125	7	1	30____	66924	1	0	0	0	0	0	0	0	0	1	0
C	Marios	19	125	7	1	30____	66926	1	0	0	0	0	1	0	0	0	0	0
C	Marios	19	125	7	1	30____	66930	1	0	0	0	0	0	0	0	0	1	0
C	Marios	19	125	7	1	30____	66942	1	0	0	0	0	1	0	0	0	0	0
C	Marios	19	125	7	1	30____	67105	1	0	0	0	0	0	0	0	0	1	0
C	Marios	19	125	7	1	30____	67423	1	0	0	0	0	1	0	0	0	0	0
C	Marios	19	125	7	1	30____	67468	1	0	0	0	0	0	0	0	0	1	0
C	Marios	19	125	7	1	30____	68217	1	0	0	0	0	1	0	0	0	0	0
C	Marios	19	125	7	1	30____	68228	1	0	0	0	0	0	0	0	0	1	0
C	Marios	19	125	7	1	30____	68245	1	0	0	0	0	1	0	0	0	0	0
C	Marios	19	125	7	1	30____	68289	1	0	0	0	0	0	0	0	0	1	0
C	Marios	19	125	7	1	30____	68327	1	0	0	0	0	1	0	0	0	0	0
C	Marios	19	125	7	1	30____	68346	1	0	0	0	0	0	0	0	0	1	0
C	Marios	19	125	7	1	30____	68697	1	0	0	0	0	1	0	0	0	0	0
C	Marios	19	125	7	1	30____	68700	1	0	0	0	0	0	0	0	0	1	0
C	Marios	19	125	7	1	30____	68901	1	0	0	0	0	1	0	0	0	0	0
C	Marios	19	125	7	1	30____	68904	1	0	0	0	0	0	0	0	0	1	0
C	Marios	19	125	7	1	30____	68907	1	0	0	0	0	1	0	0	0	0	0
C	Marios	19	125	7	1	30____	68911	1	0	0	0	0	0	0	0	0	1	0
C	Marios	19	125	7	1	30____	68925	1	0	0	0	0	1	0	0	0	0	0
C	Marios	19	125	7	1	30____	69091	1	0	0	0	0	1	0	0	0	1	0
C	Marios	19	125	7	1	30____	69093	1	0	0	0	0	0	0	0	0	1	0
C	Marios	19	125	7	1	30____	69094	1	0	0	0	0	1	0	0	0	0	0
C	Marios	19	125	7	1	30____	69095	1	0	0	0	0	0	0	0	0	1	0
C	Marios	19	125	7	1	30____	70500	1	2	0	0	0	0	0	0	0	0	0
C	Marios	19	125	7	1	30____	70615	2	0	0	0	0	1	0	0	0	0	0
C	Marios	19	125	7	1	30____	70639	2	0	0	0	0	0	0	0	0	1	0
C	Marios	19	125	7	1	30____	70854	2	0	0	0	0	1	0	0	0	0	0
C	Marios	19	125	7	1	30____	70901	2	0	0	0	0	0	0	0	0	1	0
C	Marios	19	125	7	1	30____	71000	2	6	0	0	0	0	0	0	0	0	0
C	Marios	19	125	7	1	30____	71038	6	0	0	0	0	1	0	0	0	0	0
C	Marios	19	125	7	1	30____	71053	6	0	0	0	0	0	0	0	0	1	0
C	Marios	19	125	7	1	30____	71065	6	0	0	0	0	1	0	0	0	0	0
C	Marios	19	125	7	1	30____	71067	6	0	0	0	0	0	0	0	0	1	0
C	Marios	19	125	7	1	30____	71070	6	0	0	0	0	1	0	0	0	0	0
C	Marios	19	125	7	1	30____	71094	6	0	0	0	0	0	0	0	0	1	0
C	Marios	19	125	7	1	30____	71101	6	0	0	0	0	1	0	0	0	0	0
C	Marios	19	125	7	1	30____	71126	6	0	0	0	0	0	0	0	0	1	0
C	Marios	19	125	7	1	30____	71137	6	0	0	0	0	1	0	0	0	0	0
C	Marios	19	125	7	1	30____	71149	6	0	0	0	0	0	0	0	0	1	0
C	Marios	19	125	7	1	30____	71158	6	0	0	0	0	1	0	0	0	0	0
C	Marios	19	125	7	1	30____	71162	6	0	0	0	0	0	0	0	0	1	0
C	Marios	19	125	7	1	30____	71163	6	0	0	0	0	1	0	0	0	0	0
C	Marios	19	125	7	1	30____	71230	6	0	0	0	0	0	0	0	0	1	0
C	Marios	19	125	7	1	30____	71238	6	0	0	0	0	1	0	0	0	0	0
C	Marios	19	125	7	1	30____	71293	6	0	0	0	0	0	0	0	0	1	0
C	Marios	19	125	7	1	30____	71294	6	0	0	0	0	1	0	0	0	0	0
C	Marios	19	125	7	1	30____	71299	6	0	0	0	0	0	0	0	0	1	0
C	Marios	19	125	7	1	30____	71306	6	0	0	0	0	1	0	0	0	0	0
C	Marios	19	125	7	1	30____	71379	6	0	0	0	0	0	0	0	0	1	0
C	Marios	19	125	7	1	30____	71380	6	0	0	0	0	1	0	0	0	0	0
C	Marios	19	125	7	1	30____	71442	6	0	0	0	0	0	0	0	0	1	0
C	Marios	19	125	7	1	30____	71443	6	0	0	0	0	1	0	0	0	0	0
C	Marios	19	125	7	1	30____	71500	6	10	0	0	0	0	0	0	0	0	0
C	Marios	19	125	7	1	30____	71874	10	0	0	0	0	0	0	0	0	1	0
C	Marios	19	125	7	1	30____	72000	10	1	0	0	0	0	0	0	0	0	0
C	Marios	19	125	7	1	30____	72267	1	0	0	0	0	1	0	0	0	0	0
C	Marios	19	125	7	1	30____	72269	1	0	0	0	0	0	0	0	0	1	0
C	Marios	19	125	7	1	30____	72274	1	0	0	0	0	1	0	0	0	0	0
C	Marios	19	125	7	1	30____	72285	1	0	0	0	0	0	0	0	0	1	0
C	Marios	19	125	7	1	30____	72810	1	0	0	0	0	1	0	0	0	0	0
C	Marios	19	125	7	1	30____	72848	1	0	0	0	0	0	0	0	0	1	0
C	Marios	19	125	7	1	30____	72852	1	0	0	0	0	1	0	0	0	0	0
C	Marios	19	125	7	1	30____	72883	1	0	0	0	0	0	0	0	0	1	0
C	Marios	19	125	7	1	30____	72908	1	0	0	0	0	1	0	0	0	0	0
C	Marios	19	125	7	1	30____	72970	1	0	0	0	0	0	0	0	0	1	0
C	Marios	19	125	7	1	30____	73319	1	0	0	0	0	1	0	0	0	0	0
C	Marios	19	125	7	1	30____	73355	1	0	0	0	0	0	0	0	0	1	0
C	Marios	19	125	7	1	30____	73400	1	0	0	0	0	1	0	0	0	0	0
C	Marios	19	125	7	1	30____	73439	1	0	0	0	0	0	0	0	0	1	0
C	Marios	19	125	7	1	30____	73469	1	0	0	0	0	1	0	0	0	0	0
C	Marios	19	125	7	1	30____	73471	1	0	0	0	0	0	0	0	0	1	0
C	Marios	19	125	7	1	30____	73488	1	0	0	0	0	1	0	0	0	0	0
C	Marios	19	125	7	1	30____	73491	1	0	0	0	0	0	0	0	0	1	0
C	Marios	19	125	7	1	30____	73518	1	0	0	0	0	1	0	0	0	0	0
C	Marios	19	125	7	1	30____	73525	1	0	0	0	0	0	0	0	0	1	0
C	Marios	19	125	7	1	30____	73544	1	0	0	0	0	1	0	0	0	0	0
C	Marios	19	125	7	1	30____	73545	1	0	0	0	0	0	0	0	0	1	0
C	Marios	19	125	7	1	30____	73600	1	0	0	0	0	1	0	0	0	0	0
C	Marios	19	125	7	1	30____	73616	1	0	0	0	0	0	0	0	0	1	0
C	Marios	19	125	7	1	30____	73695	1	0	0	0	0	1	0	0	0	0	0
C	Marios	19	125	7	1	30____	73733	1	0	0	0	0	0	0	0	0	1	0
C	Marios	19	125	7	1	30____	74269	1	0	0	0	0	1	0	0	0	0	0
C	Marios	19	125	7	1	30____	74296	1	0	0	0	0	0	0	0	0	1	0
C	Marios	19	125	7	1	30____	74677	1	0	0	0	0	1	0	0	0	0	0
C	Marios	19	125	7	1	30____	74716	1	0	0	0	0	0	0	0	0	1	0
C	Marios	19	125	7	1	30____	75030	1	0	0	0	0	1	0	0	0	0	0
C	Marios	19	125	7	1	30____	75180	1	0	0	0	0	0	0	0	0	1	0
C	Marios	19	125	7	1	30____	75184	1	0	0	0	0	1	0	0	0	0	0
C	Marios	19	125	7	1	30____	75190	1	0	0	0	0	0	0	0	0	1	0
C	Marios	19	125	7	1	30____	75191	1	0	0	0	0	1	0	0	0	0	0
C	Marios	19	125	7	1	30____	75226	1	0	0	0	0	0	0	0	0	1	0
C	Marios	19	125	7	1	30____	75383	1	0	0	0	0	1	0	0	0	0	0
C	Marios	19	125	7	1	30____	75413	1	0	0	0	0	0	0	0	0	1	0
C	Marios	19	125	7	1	30____	75418	1	0	0	0	0	1	0	0	0	0	0
C	Marios	19	125	7	1	30____	75423	1	0	0	0	0	0	0	0	0	1	0
C	Marios	19	125	7	1	30____	75427	1	0	0	0	0	1	0	0	0	0	0
C	Marios	19	125	7	1	30____	75477	1	0	0	0	0	0	0	0	0	1	0
C	Marios	19	125	7	1	30____	75484	1	0	0	0	0	1	0	0	0	0	0
C	Marios	19	125	7	1	30____	75525	1	0	0	0	0	0	0	0	0	1	0
C	Marios	19	125	7	1	30____	75526	1	0	0	0	0	1	0	0	0	0	0
C	Marios	19	125	7	1	30____	75588	1	0	0	0	0	0	0	0	0	1	0
C	Marios	19	125	7	1	30____	75589	1	0	0	0	0	1	0	0	0	0	0
C	Marios	19	125	7	1	30____	75591	1	0	0	0	0	0	0	0	0	1	0
C	Marios	19	125	7	1	30____	75593	1	0	0	0	0	1	0	0	0	0	0
C	Marios	19	125	7	1	30____	75663	1	0	0	0	0	0	0	0	0	1	0
C	Marios	19	125	7	1	30____	76420	1	0	0	0	0	1	0	0	0	0	0
C	Marios	19	125	7	1	30____	76497	1	0	0	0	0	0	0	0	0	1	0
C	Marios	19	125	7	1	30____	76500	1	2	0	0	0	0	0	0	0	0	0
C	Marios	19	125	7	1	30____	76765	2	0	0	0	0	1	0	0	0	0	0
C	Marios	19	125	7	1	30____	76778	2	0	0	0	0	0	0	0	0	1	0
C	Marios	19	125	7	1	30____	77000	2	7	0	0	0	0	0	0	0	0	0
C	Marios	19	125	7	1	30____	77070	7	0	0	0	0	1	0	0	0	0	0
C	Marios	19	125	7	1	30____	77089	7	0	0	0	0	0	0	0	0	1	0
C	Marios	19	125	7	1	30____	77103	7	0	0	0	0	1	0	0	0	0	0
C	Marios	19	125	7	1	30____	77129	7	0	0	0	0	0	0	0	0	1	0
C	Marios	19	125	7	1	30____	77130	7	0	0	0	0	1	0	0	0	0	0
C	Marios	19	125	7	1	30____	77147	7	0	0	0	0	0	0	0	0	1	0
C	Marios	19	125	7	1	30____	77156	7	0	0	0	0	1	0	0	0	0	0
C	Marios	19	125	7	1	30____	77171	7	0	0	0	0	0	0	0	0	1	0
C	Marios	19	125	7	1	30____	77184	7	0	0	0	0	1	0	0	0	0	0
C	Marios	19	125	7	1	30____	77213	7	0	0	0	0	0	0	0	0	1	0
C	Marios	19	125	7	1	30____	77215	7	0	0	0	0	1	0	0	0	0	0
C	Marios	19	125	7	1	30____	77219	7	0	0	0	0	0	0	0	0	1	0
C	Marios	19	125	7	1	30____	77220	7	0	0	0	0	1	0	0	0	0	0
C	Marios	19	125	7	1	30____	77337	7	0	0	0	0	0	0	0	0	1	0
C	Marios	19	125	7	1	30____	77338	7	0	0	0	0	1	0	0	0	0	0
C	Marios	19	125	7	1	30____	77500	7	11	0	0	0	0	0	0	0	0	0
C	Marios	19	125	7	1	30____	77881	11	0	0	0	0	0	0	0	0	1	0
C	Marios	19	125	7	1	30____	77906	11	0	0	0	0	1	0	0	0	0	0
C	Marios	19	125	7	1	30____	77908	11	0	0	0	0	0	0	0	0	1	0
C	Marios	19	125	7	1	30____	77941	11	0	0	0	0	1	0	0	0	0	0
C	Marios	19	125	7	1	30____	77942	11	0	0	0	0	0	0	0	0	1	0
C	Marios	19	125	7	1	30____	77946	11	0	0	0	0	1	0	0	0	0	0
C	Marios	19	125	7	1	30____	77949	11	0	0	0	0	0	0	0	0	1	0
C	Marios	19	125	7	1	30____	77951	11	0	0	0	0	1	0	0	0	0	0
C	Marios	19	125	7	1	30____	77962	11	0	0	0	0	1	0	0	0	1	0
C	Marios	19	125	7	1	30____	78000	11	1	0	0	0	0	0	0	0	0	0
C	Marios	19	125	7	1	30____	78031	1	0	0	0	0	0	0	0	0	1	0
C	Marios	19	125	7	1	30____	80358	1	0	0	0	0	1	0	0	0	0	0
C	Marios	19	125	7	1	30____	80372	1	0	0	0	0	0	0	0	0	1	0
C	Marios	19	125	7	1	30____	80374	1	0	0	0	0	1	0	0	0	0	0
C	Marios	19	125	7	1	30____	80408	1	0	0	0	0	0	0	0	0	1	0
C	Marios	19	125	7	1	30____	80423	1	0	0	0	0	1	0	0	0	0	0
C	Marios	19	125	7	1	30____	80471	1	0	0	0	0	0	0	0	0	1	0
C	Marios	19	125	7	1	30____	80859	1	0	0	0	0	1	0	0	0	0	0
C	Marios	19	125	7	1	30____	80892	1	0	0	0	0	0	0	0	0	1	0
C	Marios	19	125	7	1	30____	80898	1	0	0	0	0	1	0	0	0	0	0
C	Marios	19	125	7	1	30____	80997	1	0	0	0	0	0	0	0	0	1	0
C	Marios	19	125	7	1	30____	81041	1	0	0	0	0	1	0	0	0	0	0
C	Marios	19	125	7	1	30____	81074	1	0	0	0	0	0	0	0	0	1	0
C	Marios	19	125	7	1	30____	81107	1	0	0	0	0	1	0	0	0	0	0
C	Marios	19	125	7	1	30____	81144	1	0	0	0	0	0	0	0	0	1	0
C	Marios	19	125	7	1	30____	81952	1	0	0	0	0	1	0	0	0	0	0
C	Marios	19	125	7	1	30____	81964	1	0	0	0	0	0	0	0	0	1	0
C	Marios	19	125	7	1	30____	81976	1	0	0	0	0	1	0	0	0	0	0
C	Marios	19	125	7	1	30____	81977	1	0	0	0	0	0	0	0	0	1	0
C	Marios	19	125	7	1	30____	81994	1	0	0	0	0	1	0	0	0	0	0
C	Marios	19	125	7	1	30____	81996	1	0	0	0	0	0	0	0	0	1	0
C	Marios	19	125	7	1	30____	82024	1	0	0	0	0	1	0	0	0	0	0
C	Marios	19	125	7	1	30____	82026	1	0	0	0	0	0	0	0	0	1	0
C	Marios	19	125	7	1	30____	82101	1	0	0	0	0	1	0	0	0	0	0
C	Marios	19	125	7	1	30____	82135	1	0	0	0	0	0	0	0	0	1	0
C	Marios	19	125	7	1	30____	82472	1	0	0	0	0	1	0	0	0	0	0
C	Marios	19	125	7	1	30____	82498	1	0	0	0	0	0	0	0	0	1	0
C	Marios	19	125	7	1	30____	82650	1	0	0	0	0	1	0	0	0	0	0
C	Marios	19	125	7	1	30____	82661	1	0	0	0	0	0	0	0	0	1	0
C	Marios	19	125	7	1	30____	82689	1	0	0	0	0	1	0	0	0	0	0
C	Marios	19	125	7	1	30____	82711	1	0	0	0	0	0	0	0	0	1	0
C	Marios	19	125	7	1	30____	82914	1	0	0	0	0	1	0	0	0	0	0
C	Marios	19	125	7	1	30____	82916	1	0	0	0	0	0	0	0	0	1	0
C	Marios	19	125	7	1	30____	82922	1	0	0	0	0	1	0	0	0	0	0
C	Marios	19	125	7	1	30____	82996	1	0	0	0	0	0	0	0	0	1	0
C	Marios	19	125	7	1	30____	83219	1	0	0	0	0	1	0	0	0	0	0
C	Marios	19	125	7	1	30____	83250	1	2	0	0	0	0	0	0	0	0	0
C	Marios	19	125	7	1	30____	83278	2	0	0	0	0	0	0	0	0	1	0
C	Marios	19	125	7	1	30____	83282	2	0	0	0	0	1	0	0	0	0	0
C	Marios	19	125	7	1	30____	83313	2	0	0	0	0	0	0	0	0	1	0
C	Marios	19	125	7	1	30____	83416	2	0	0	0	0	1	0	0	0	0	0
C	Marios	19	125	7	1	30____	83422	2	0	0	0	0	0	0	0	0	1	0
C	Marios	19	125	7	1	30____	83435	2	0	0	0	0	1	0	0	0	0	0
C	Marios	19	125	7	1	30____	83516	2	0	0	0	0	0	0	0	0	1	0
C	Marios	19	125	7	1	30____	83517	2	0	0	0	0	1	0	0	0	0	0
C	Marios	19	125	7	1	30____	83750	2	16	0	0	0	0	0	0	0	0	0
C	Marios	19	125	7	1	30____	83756	16	0	0	0	0	0	0	0	0	1	0
C	Marios	19	125	7	1	30____	83827	16	0	0	0	0	1	0	0	0	0	0
C	Marios	19	125	7	1	30____	83835	16	0	0	0	0	0	0	0	0	1	0
C	Marios	19	125	7	1	30____	83841	16	0	0	0	0	1	0	0	0	0	0
C	Marios	19	125	7	1	30____	83908	16	0	0	0	0	0	0	0	0	1	0
C	Marios	19	125	7	1	30____	83950	16	0	0	0	0	1	0	0	0	0	0
C	Marios	19	125	7	1	30____	83958	16	0	0	0	0	0	0	0	0	1	0
C	Marios	19	125	7	1	30____	83959	16	0	0	0	0	1	0	0	0	0	0
C	Marios	19	125	7	1	30____	83962	16	0	0	0	0	0	0	0	0	1	0
C	Marios	19	125	7	1	30____	83965	16	0	0	0	0	1	0	0	0	0	0
C	Marios	19	125	7	1	30____	83973	16	0	0	0	0	0	0	0	0	1	0
C	Marios	19	125	7	1	30____	83982	16	0	0	0	0	1	0	0	0	0	0
C	Marios	19	125	7	1	30____	84050	16	0	0	0	0	0	0	0	0	1	0
C	Marios	19	125	7	1	30____	84086	16	0	0	0	0	1	0	0	0	0	0
C	Marios	19	125	7	1	30____	84162	16	0	0	0	0	0	0	0	0	1	0
C	Marios	19	125	7	1	30____	84174	16	0	0	0	0	1	0	0	0	0	0
C	Marios	19	125	7	1	30____	84178	16	0	0	0	0	0	0	0	0	1	0
C	Marios	19	125	7	1	30____	84187	16	0	0	0	0	1	0	0	0	0	0
C	Marios	19	125	7	1	30____	84250	16	15	0	0	0	0	0	0	0	0	0
C	Marios	19	125	7	1	30____	84280	15	0	0	0	0	0	0	0	0	1	0
C	Marios	19	125	7	1	30____	84283	15	0	0	0	0	1	0	0	0	0	0
C	Marios	19	125	7	1	30____	84286	15	0	0	0	0	0	0	0	0	1	0
C	Marios	19	125	7	1	30____	84288	15	0	0	0	0	1	0	0	0	0	0
C	Marios	19	125	7	1	30____	84368	15	0	0	0	0	0	0	0	0	1	0
C	Marios	19	125	7	1	30____	84414	15	0	0	0	0	1	0	0	0	0	0
C	Marios	19	125	7	1	30____	84438	15	0	0	0	0	0	0	0	0	1	0
C	Marios	19	125	7	1	30____	84441	15	0	0	0	0	1	0	0	0	0	0
C	Marios	19	125	7	1	30____	84452	15	0	0	0	0	0	0	0	0	1	0
C	Marios	19	125	7	1	30____	84468	15	0	0	0	0	1	0	0	0	0	0
C	Marios	19	125	7	1	30____	84482	15	0	0	0	0	0	0	0	0	1	0
C	Marios	19	125	7	1	30____	84528	15	0	0	0	0	1	0	0	0	0	0
C	Marios	19	125	7	1	30____	84714	15	0	0	0	0	0	0	0	0	1	0
C	Marios	19	125	7	1	30____	84750	15	1	0	0	0	0	0	0	0	0	0
C	Marios	19	125	7	1	30____	84885	1	0	0	0	0	1	0	0	0	0	0
C	Marios	19	125	7	1	30____	84915	1	0	0	0	0	0	0	0	0	1	0
C	Marios	19	125	7	1	30____	86250	1	2	0	0	0	0	0	0	0	0	0
C	Marios	19	125	7	1	30____	86750	2	6	0	0	0	0	0	0	0	0	0
C	Marios	19	125	7	1	30____	86885	6	0	0	0	0	1	0	0	0	0	0
C	Marios	19	125	7	1	30____	86899	6	0	0	0	0	0	0	0	0	1	0
C	Marios	19	125	7	1	30____	86942	6	0	0	0	0	1	0	0	0	0	0
C	Marios	19	125	7	1	30____	86954	6	0	0	0	0	0	0	0	0	1	0
C	Marios	19	125	7	1	30____	86959	6	0	0	0	0	1	0	0	0	0	0
C	Marios	19	125	7	1	30____	86977	6	0	0	0	0	0	0	0	0	1	0
C	Marios	19	125	7	1	30____	86990	6	0	0	0	0	1	0	0	0	0	0
C	Marios	19	125	7	1	30____	87009	6	0	0	0	0	0	0	0	0	1	0
C	Marios	19	125	7	1	30____	87012	6	0	0	0	0	1	0	0	0	0	0
C	Marios	19	125	7	1	30____	87017	6	0	0	0	0	0	0	0	0	1	0
C	Marios	19	125	7	1	30____	87018	6	0	0	0	0	1	0	0	0	0	0
C	Marios	19	125	7	1	30____	87030	6	0	0	0	0	1	0	0	0	1	0
C	Marios	19	125	7	1	30____	87034	6	0	0	0	0	0	0	0	0	1	0
C	Marios	19	125	7	1	30____	87036	6	0	0	0	0	1	0	0	0	0	0
C	Marios	19	125	7	1	30____	87061	6	0	0	0	0	0	0	0	0	1	0
C	Marios	19	125	7	1	30____	87065	6	0	0	0	0	1	0	0	0	0	0
C	Marios	19	125	7	1	30____	87087	6	0	0	0	0	0	0	0	0	1	0
C	Marios	19	125	7	1	30____	87108	6	0	0	0	0	1	0	0	0	0	0
C	Marios	19	125	7	1	30____	87114	6	0	0	0	0	0	0	0	0	1	0
C	Marios	19	125	7	1	30____	87136	6	0	0	0	0	1	0	0	0	0	0
C	Marios	19	125	7	1	30____	87140	6	0	0	0	0	0	0	0	0	1	0
C	Marios	19	125	7	1	30____	87146	6	0	0	0	0	1	0	0	0	0	0
C	Marios	19	125	7	1	30____	87148	6	0	0	0	0	0	0	0	0	1	0
C	Marios	19	125	7	1	30____	87152	6	0	0	0	0	1	0	0	0	0	0
C	Marios	19	125	7	1	30____	87250	6	10	0	0	0	0	0	0	0	0	0
C	Marios	19	125	7	1	30____	87266	10	0	0	0	0	0	0	0	0	1	0
C	Marios	19	125	7	1	30____	87269	10	0	0	0	0	1	0	0	0	0	0
C	Marios	19	125	7	1	30____	87338	10	0	0	0	0	0	0	0	0	1	0
C	Marios	19	125	7	1	30____	87348	10	0	0	0	0	1	0	0	0	0	0
C	Marios	19	125	7	1	30____	87658	10	0	0	0	0	0	0	0	0	1	0
C	Marios	19	125	7	1	30____	87659	10	0	0	0	0	1	0	0	0	0	0
C	Marios	19	125	7	1	30____	87750	10	1	0	0	0	0	0	0	0	0	0
C	Marios	19	125	7	1	30____	87791	1	0	0	0	0	0	0	0	0	1	0
C	Marios	19	125	7	1	30____	90274	1	0	0	0	0	1	0	0	0	0	0
C	Marios	19	125	7	1	30____	90277	1	0	0	0	0	0	0	0	0	1	0
C	Marios	19	125	7	1	30____	90294	1	0	0	0	0	1	0	0	0	0	0
C	Marios	19	125	7	1	30____	90323	1	0	0	0	0	0	0	0	0	1	0
C	Marios	19	125	7	1	30____	90328	1	0	0	0	0	1	0	0	0	0	0
C	Marios	19	125	7	1	30____	90331	1	0	0	0	0	0	0	0	0	1	0
C	Marios	19	125	7	1	30____	90333	1	0	0	0	0	1	0	0	0	0	0
C	Marios	19	125	7	1	30____	90363	1	0	0	0	0	0	0	0	0	1	0
C	Marios	19	125	7	1	30____	90570	1	0	0	0	0	1	0	0	0	0	0
C	Marios	19	125	7	1	30____	90638	1	0	0	0	0	0	0	0	0	1	0
C	Marios	19	125	7	1	30____	90954	1	0	0	0	0	1	0	0	0	0	0
C	Marios	19	125	7	1	30____	90964	1	0	0	0	0	0	0	0	0	1	0
C	Marios	19	125	7	1	30____	91088	1	0	0	0	0	1	0	0	0	0	0
C	Marios	19	125	7	1	30____	91128	1	0	0	0	0	0	0	0	0	1	0
C	Marios	19	125	7	1	30____	91261	1	0	0	0	0	1	0	0	0	0	0
C	Marios	19	125	7	1	30____	91343	1	0	0	0	0	0	0	0	0	1	0
C	Marios	19	125	7	1	30____	92235	1	0	0	0	0	1	0	0	0	0	0
C	Marios	19	125	7	1	30____	92248	1	0	0	0	0	0	0	0	0	1	0
C	Marios	19	125	7	1	30____	92344	1	0	0	0	0	1	0	0	0	0	0
C	Marios	19	125	7	1	30____	92356	1	0	0	0	0	0	0	0	0	1	0
C	Marios	19	125	7	1	30____	92863	1	0	0	0	0	1	0	0	0	0	0
C	Marios	19	125	7	1	30____	92864	1	0	0	0	0	0	0	0	0	1	0
C	Marios	19	125	7	1	30____	93079	1	0	0	0	0	1	0	0	0	0	0
C	Marios	19	125	7	1	30____	93146	1	0	0	0	0	0	0	0	0	1	0
C	Marios	19	125	7	1	30____	93147	1	0	0	0	0	1	0	0	0	0	0
C	Marios	19	125	7	1	30____	93171	1	0	0	0	0	0	0	0	0	1	0
C	Marios	19	125	7	1	30____	93183	1	0	0	0	0	1	0	0	0	0	0
C	Marios	19	125	7	1	30____	93191	1	0	0	0	0	0	0	0	0	1	0
C	Marios	19	125	7	1	30____	93328	1	0	0	0	0	1	0	0	0	0	0
C	Marios	19	125	7	1	30____	93362	1	0	0	0	0	0	0	0	0	1	0
C	Marios	19	125	7	1	30____	93519	1	0	0	0	0	1	0	0	0	0	0
C	Marios	19	125	7	1	30____	93523	1	0	0	0	0	0	0	0	0	1	0
C	Marios	19	125	7	1	30____	93529	1	0	0	0	0	1	0	0	0	0	0
C	Marios	19	125	7	1	30____	93536	1	0	0	0	0	0	0	0	0	1	0
C	Marios	19	125	7	1	30____	93546	1	0	0	0	0	1	0	0	0	0	0
C	Marios	19	125	7	1	30____	93649	1	0	0	0	0	0	0	0	0	1	0
C	Marios	19	125	7	1	30____	93651	1	0	0	0	0	1	0	0	0	0	0
C	Marios	19	125	7	1	30____	93733	1	0	0	0	0	0	0	0	0	1	0
C	Marios	19	125	7	1	30____	94279	1	0	0	0	0	1	0	0	0	0	0
C	Marios	19	125	7	1	30____	94297	1	0	0	0	0	0	0	0	0	1	0
C	Marios	19	125	7	1	30____	94494	1	0	0	0	0	1	0	0	0	0	0
C	Marios	19	125	7	1	30____	94541	1	0	0	0	0	0	0	0	0	1	0
C	Marios	19	125	7	1	30____	94546	1	0	0	0	0	1	0	0	0	0	0
C	Marios	19	125	7	1	30____	94617	1	0	0	0	0	0	0	0	0	1	0
C	Marios	19	125	7	1	30____	94726	1	0	0	0	0	1	0	0	0	0	0
C	Marios	19	125	7	1	30____	94755	1	0	0	0	0	0	0	0	0	1	0
C	Marios	19	125	7	1	30____	95250	1	2	0	0	0	0	0	0	0	0	0
C	Marios	19	125	7	1	30____	95481	2	0	0	0	0	1	0	0	0	0	0
C	Marios	19	125	7	1	30____	95487	2	0	0	0	0	0	0	0	0	1	0
C	Marios	19	125	7	1	30____	95750	2	16	0	0	0	0	0	0	0	0	0
C	Marios	19	125	7	1	30____	96250	16	15	0	0	0	0	0	0	0	0	0
C	Marios	19	125	7	1	30____	96513	15	0	0	0	0	1	0	0	0	0	0
C	Marios	19	125	7	1	30____	96517	15	0	0	0	0	0	0	0	0	1	0
C	Marios	19	125	7	1	30____	96518	15	0	0	0	0	1	0	0	0	0	0
C	Marios	19	125	7	1	30____	96520	15	0	0	0	0	0	0	0	0	1	0
C	Marios	19	125	7	1	30____	96525	15	0	0	0	0	1	0	0	0	0	0
C	Marios	19	125	7	1	30____	96532	15	0	0	0	0	0	0	0	0	1	0
C	Marios	19	125	7	1	30____	96750	15	1	0	0	0	0	0	0	0	0	0
C	Marios	19	125	7	1	30____	97610	1	0	0	0	0	1	0	0	0	0	0
C	Marios	19	125	7	1	30____	97758	1	0	0	0	0	0	0	0	0	1	0
C	Marios	19	125	7	1	30____	97838	1	0	0	0	0	1	0	0	0	0	0
C	Marios	19	125	7	1	30____	97865	1	0	0	0	0	0	0	0	0	1	0
C	Marios	19	125	7	1	30____	98212	1	0	0	0	0	1	0	0	0	0	0
C	Marios	19	125	7	1	30____	98216	1	0	0	0	0	0	0	0	0	1	0
C	Marios	19	125	7	1	30____	98259	1	0	0	0	0	1	0	0	0	0	0
C	Marios	19	125	7	1	30____	98261	1	0	0	0	0	0	0	0	0	1	0
C	Marios	19	125	7	1	30____	98541	1	0	0	0	0	1	0	0	0	0	0
C	Marios	19	125	7	1	30____	98592	1	0	0	0	0	0	0	0	0	1	0
C	Marios	19	125	7	1	30____	98595	1	0	0	0	0	1	0	0	0	0	0
C	Marios	19	125	7	1	30____	98866	1	0	0	0	0	0	0	0	0	1	0
C	Marios	19	125	7	1	30____	99783	1	0	0	0	0	1	0	0	0	0	0
C	Marios	19	125	7	1	30____	99909	1	0	0	0	0	0	0	0	0	1	0
C	Marios	19	125	7	1	30____	100837	1	0	0	0	0	1	0	0	0	0	0
C	Marios	19	125	7	1	30____	100840	1	0	0	0	0	0	0	0	0	1	0
C	Marios	19	125	7	1	30____	100854	1	0	0	0	0	1	0	0	0	0	0
C	Marios	19	125	7	1	30____	100894	1	0	0	0	0	1	0	0	0	1	0
C	Marios	19	125	7	1	30____	100906	1	0	0	0	0	0	0	0	0	1	0
C	Marios	19	125	7	1	30____	100992	1	0	0	0	0	1	0	0	0	0	0
C	Marios	19	125	7	1	30____	100997	1	0	0	0	0	0	0	0	0	1	0
C	Marios	19	125	7	1	30____	101022	1	0	0	0	0	1	0	0	0	0	0
C	Marios	19	125	7	1	30____	101055	1	0	0	0	0	0	0	0	0	1	0
C	Marios	19	125	7	1	30____	101273	1	0	0	0	0	1	0	0	0	0	0
C	Marios	19	125	7	1	30____	101280	1	0	0	0	0	0	0	0	0	1	0
C	Marios	19	125	7	1	30____	101292	1	0	0	0	0	1	0	0	0	0	0
C	Marios	19	125	7	1	30____	101314	1	0	0	0	0	0	0	0	0	1	0
C	Marios	19	125	7	1	30____	101493	1	0	0	0	0	1	0	0	0	0	0
C	Marios	19	125	7	1	30____	101500	1	0	0	0	0	0	0	0	0	1	0
C	Marios	19	125	7	1	30____	101535	1	0	0	0	0	1	0	0	0	0	0
C	Marios	19	125	7	1	30____	101540	1	0	0	0	0	0	0	0	0	1	0
C	Marios	19	125	7	1	30____	101543	1	0	0	0	0	1	0	0	0	0	0
C	Marios	19	125	7	1	30____	101544	1	0	0	0	0	0	0	0	0	1	0
C	Marios	19	125	7	1	30____	101557	1	0	0	0	0	1	0	0	0	0	0
C	Marios	19	125	7	1	30____	101559	1	0	0	0	0	0	0	0	0	1	0
C	Marios	19	125	7	1	30____	101674	1	0	0	0	0	1	0	0	0	0	0
C	Marios	19	125	7	1	30____	101681	1	0	0	0	0	0	0	0	0	1	0
C	Marios	19	125	7	1	30____	101850	1	0	0	0	0	1	0	0	0	0	0
C	Marios	19	125	7	1	30____	101864	1	0	0	0	0	0	0	0	0	1	0
C	Marios	19	125	7	1	30____	101866	1	0	0	0	0	1	0	0	0	0	0
C	Marios	19	125	7	1	30____	101890	1	0	0	0	0	0	0	0	0	1	0
C	Marios	19	125	7	1	30____	102250	1	2	0	0	0	0	0	0	0	0	0
C	Marios	19	125	7	1	30____	102503	2	0	0	0	0	1	0	0	0	0	0
C	Marios	19	125	7	1	30____	102519	2	0	0	0	0	0	0	0	0	1	0
C	Marios	19	125	7	1	30____	102750	2	17	0	0	0	0	0	0	0	0	0
C	Marios	19	125	7	1	30____	102963	17	0	0	0	0	1	0	0	0	0	0
C	Marios	19	125	7	1	30____	102974	17	0	0	0	0	0	0	0	0	1	0
C	Marios	19	125	7	1	30____	102988	17	0	0	0	0	1	0	0	0	0	0
C	Marios	19	125	7	1	30____	103007	17	0	0	0	0	0	0	0	0	1	0
C	Marios	19	125	7	1	30____	103250	17	15	0	0	0	0	0	0	0	0	0
C	Marios	19	125	7	1	30____	103750	15	1	0	0	0	0	0	0	0	0	0
C	Marios	19	125	7	1	30____	104396	1	0	0	0	0	1	0	0	0	0	0
C	Marios	19	125	7	1	30____	104401	1	0	0	0	0	0	0	0	0	1	0
C	Marios	19	125	7	1	30____	104403	1	0	0	0	0	1	0	0	0	0	0
C	Marios	19	125	7	1	30____	104442	1	0	0	0	0	0	0	0	0	1	0
C	Marios	19	125	7	1	30____	104451	1	0	0	0	0	1	0	0	0	0	0
C	Marios	19	125	7	1	30____	104455	1	0	0	0	0	0	0	0	0	1	0
C	Marios	19	125	7	1	30____	104582	1	0	0	0	0	1	0	0	0	0	0
C	Marios	19	125	7	1	30____	104612	1	0	0	0	0	0	0	0	0	1	0
C	Marios	19	125	7	1	30____	104644	1	0	0	0	0	1	0	0	0	0	0
C	Marios	19	125	7	1	30____	104706	1	0	0	0	0	0	0	0	0	1	0
C	Marios	19	125	7	1	30____	104707	1	0	0	0	0	1	0	0	0	0	0
C	Marios	19	125	7	1	30____	104718	1	0	0	0	0	0	0	0	0	1	0
C	Marios	19	125	7	1	30____	105476	1	0	0	0	0	1	0	0	0	0	0
C	Marios	19	125	7	1	30____	105539	1	0	0	0	0	0	0	0	0	1	0
C	Marios	19	125	7	1	30____	105585	1	0	0	0	0	1	0	0	0	0	0
C	Marios	19	125	7	1	30____	105629	1	0	0	0	0	0	0	0	0	1	0
C	Marios	19	125	7	1	30____	105647	1	0	0	0	0	1	0	0	0	0	0
C	Marios	19	125	7	1	30____	105675	1	0	0	0	0	0	0	0	0	1	0
C	Marios	19	125	7	1	30____	105795	1	0	0	0	0	1	0	0	0	0	0
C	Marios	19	125	7	1	30____	105806	1	0	0	0	0	0	0	0	0	1	0
C	Marios	19	125	7	1	30____	105829	1	0	0	0	0	1	0	0	0	0	0
C	Marios	19	125	7	1	30____	105844	1	0	0	0	0	0	0	0	0	1	0
C	Marios	19	125	7	1	30____	105848	1	0	0	0	0	1	0	0	0	0	0
C	Marios	19	125	7	1	30____	105886	1	0	0	0	0	0	0	0	0	1	0
C	Marios	19	125	7	1	30____	105894	1	0	0	0	0	1	0	0	0	0	0
C	Marios	19	125	7	1	30____	105896	1	0	0	0	0	0	0	0	0	1	0
C	Marios	19	125	7	1	30____	105899	1	0	0	0	0	1	0	0	0	0	0
C	Marios	19	125	7	1	30____	105903	1	0	0	0	0	0	0	0	0	1	0
C	Marios	19	125	7	1	30____	105925	1	0	0	0	0	1	0	0	0	0	0
C	Marios	19	125	7	1	30____	105938	1	0	0	0	0	0	0	0	0	1	0
C	Marios	19	125	7	1	30____	105948	1	0	0	0	0	1	0	0	0	0	0
C	Marios	19	125	7	1	30____	105950	1	0	0	0	0	0	0	0	0	1	0
C	Marios	19	125	7	1	30____	106016	1	0	0	0	0	1	0	0	0	0	0
C	Marios	19	125	7	1	30____	106024	1	0	0	0	0	0	0	0	0	1	0
C	Marios	19	125	7	1	30____	106031	1	0	0	0	0	1	0	0	0	0	0
C	Marios	19	125	7	1	30____	106121	1	0	0	0	0	0	0	0	0	1	0
C	Marios	19	125	7	1	30____	106750	1	2	0	0	0	0	0	0	0	0	0
C	Marios	19	125	7	1	30____	107250	2	17	0	0	0	0	0	0	0	0	0
C	Marios	19	125	7	1	30____	107750	17	15	0	0	0	0	0	0	0	0	0
C	Marios	19	125	7	1	30____	108250	15	1	0	0	0	0	0	0	0	0	0
C	Marios	19	125	7	1	30____	109367	1	0	0	0	0	1	0	0	0	0	0
C	Marios	19	125	7	1	30____	109385	1	0	0	0	0	0	0	0	0	1	0
C	Marios	19	125	7	1	30____	109578	1	0	0	0	0	1	0	0	0	0	0
C	Marios	19	125	7	1	30____	109612	1	0	0	0	0	0	0	0	0	1	0
C	Marios	19	125	7	1	30____	109758	1	0	0	0	0	1	0	0	0	0	0
C	Marios	19	125	7	1	30____	109773	1	0	0	0	0	0	0	0	0	1	0
C	Marios	19	125	7	1	30____	111765	1	0	0	0	0	1	0	0	0	0	0
C	Marios	19	125	7	1	30____	111828	1	0	0	0	0	0	0	0	0	1	0
C	Marios	19	125	7	1	30____	111889	1	0	0	0	0	1	0	0	0	0	0
C	Marios	19	125	7	1	30____	111933	1	0	0	0	0	0	0	0	0	1	0
C	Marios	19	125	7	1	30____	112000	1	2	0	0	0	0	0	0	0	0	0
C	Marios	19	125	7	1	30____	112091	2	0	0	0	0	1	0	0	0	0	0
C	Marios	19	125	7	1	30____	112148	2	0	0	0	0	0	0	0	0	1	0
C	Marios	19	125	7	1	30____	112500	2	16	0	0	0	0	0	0	0	0	0
C	Marios	19	125	7	1	30____	113000	16	15	0	0	0	0	0	0	0	0	0
C	Marios	19	125	7	1	30____	113500	15	1	0	0	0	0	0	0	0	0	0
C	Marios	19	125	7	1	30____	115319	1	0	0	0	0	1	0	0	0	0	0
C	Marios	19	125	7	1	30____	115321	1	0	0	0	0	0	0	0	0	1	0
C	Marios	19	125	7	1	30____	115555	1	0	0	0	0	1	0	0	0	0	0
C	Marios	19	125	7	1	30____	115559	1	0	0	0	0	0	0	0	0	1	0
C	Marios	19	125	7	1	30____	117188	1	0	0	0	0	1	0	0	0	0	0
C	Marios	19	125	7	1	30____	117205	1	0	0	0	0	0	0	0	0	1	0
C	Marios	19	125	7	1	30____	117212	1	0	0	0	0	1	0	0	0	0	0
C	Marios	19	125	7	1	30____	117373	1	0	0	0	0	0	0	0	0	1	0
C	Marios	19	125	7	1	30____	117494	1	0	0	0	0	1	0	0	0	0	0
C	Marios	19	125	7	1	30____	117511	1	0	0	0	0	0	0	0	0	1	0
C	Marios	19	125	7	1	30____	117512	1	0	0	0	0	1	0	0	0	0	0
C	Marios	19	125	7	1	30____	117523	1	0	0	0	0	0	0	0	0	1	0
C	Marios	19	125	7	1	30____	117582	1	0	0	0	0	1	0	0	0	0	0
C	Marios	19	125	7	1	30____	117692	1	0	0	0	0	0	0	0	0	1	0
C	Marios	19	125	7	1	30____	117954	1	0	0	0	0	1	0	0	0	0	0
C	Marios	19	125	7	1	30____	118018	1	0	0	0	0	0	0	0	0	1	0
C	Marios	19	125	7	1	30____	118020	1	0	0	0	0	1	0	0	0	0	0
C	Marios	19	125	7	1	30____	118028	1	0	0	0	0	0	0	0	0	1	0
C	Marios	19	125	7	1	30____	118389	1	0	0	0	0	1	0	0	0	0	0
C	Marios	19	125	7	1	30____	118482	1	0	0	0	0	0	0	0	0	1	0
C	Marios	19	125	7	1	30____	118495	1	0	0	0	0	1	0	0	0	0	0
C	Marios	19	125	7	1	30____	118621	1	0	0	0	0	0	0	0	0	1	0
C	Marios	19	125	7	1	30____	119191	1	0	0	0	0	1	0	0	0	0	0
C	Marios	19	125	7	1	30____	119195	1	0	0	0	0	0	0	0	0	1	0
C	Marios	19	125	7	1	30____	119253	1	0	0	0	0	1	0	0	0	0	0
C	Marios	19	125	7	1	30____	119321	1	0	0	0	0	0	0	0	0	1	0
C	Marios	19	125	7	1	30____	119786	1	0	0	0	0	1	0	0	0	0	0
C	Marios	19	125	7	1	30____	119827	1	0	0	0	0	0	0	0	0	1	0
C	Marios	19	125	7	1	30____	120250	1	2	0	0	0	0	0	0	0	0	0
C	Marios	19	125	7	1	30____	120655	2	0	0	0	0	1	0	0	0	0	0
C	Marios	19	125	7	1	30____	120656	2	0	0	0	0	0	0	0	0	1	0
C	Marios	19	125	7	1	30____	120659	2	0	0	0	0	1	0	0	0	0	0
C	Marios	19	125	7	1	30____	120663	2	0	0	0	0	0	0	0	0	1	0
C	Marios	19	125	7	1	30____	120749	2	0	0	0	0	1	0	0	0	0	0
C	Marios	19	125	7	1	30____	120750	2	7	0	0	0	0	0	0	0	0	0
C	Marios	19	125	7	1	30____	120756	7	0	0	0	0	0	0	0	0	1	0
C	Marios	19	125	7	1	30____	120766	7	0	0	0	0	1	0	0	0	0	0
C	Marios	19	125	7	1	30____	120798	7	0	0	0	0	0	0	0	0	1	0
C	Marios	19	125	7	1	30____	120806	7	0	0	0	0	1	0	0	0	0	0
C	Marios	19	125	7	1	30____	120825	7	0	0	0	0	0	0	0	0	1	0
C	Marios	19	125	7	1	30____	120830	7	0	0	0	0	1	0	0	0	0	0
C	Marios	19	125	7	1	30____	120963	7	0	0	0	0	0	0	0	0	1	0
C	Marios	19	125	7	1	30____	120965	7	0	0	0	0	1	0	0	0	0	0
C	Marios	19	125	7	1	30____	120969	7	0	0	0	0	0	0	0	0	1	0
C	Marios	19	125	7	1	30____	120970	7	0	0	0	0	1	0	0	0	0	0
C	Marios	19	125	7	1	30____	121008	7	0	0	0	0	0	0	0	0	1	0
C	Marios	19	125	7	1	30____	121019	7	0	0	0	0	1	0	0	0	0	0
C	Marios	19	125	7	1	30____	121124	7	0	0	0	0	1	0	0	0	1	0
C	Marios	19	125	7	1	30____	121250	7	11	0	0	0	0	0	0	0	0	0
C	Marios	19	125	7	1	30____	121540	11	0	0	0	0	0	0	0	0	1	0
C	Marios	19	125	7	1	30____	121544	11	0	0	0	0	1	0	0	0	0	0
C	Marios	19	125	7	1	30____	121561	11	0	0	0	0	0	0	0	0	1	0
C	Marios	19	125	7	1	30____	121564	11	0	0	0	0	1	0	0	0	0	0
C	Marios	19	125	7	1	30____	121568	11	0	0	0	0	0	0	0	0	1	0
C	Marios	19	125	7	1	30____	121572	11	0	0	0	0	1	0	0	0	0	0
C	Marios	19	125	7	1	30____	121574	11	0	0	0	0	0	0	0	0	1	0
C	Marios	19	125	7	1	30____	121586	11	0	0	0	0	1	0	0	0	0	0
C	Marios	19	125	7	1	30____	121588	11	0	0	0	0	0	0	0	0	1	0
C	Marios	19	125	7	1	30____	121591	11	0	0	0	0	1	0	0	0	0	0
C	Marios	19	125	7	1	30____	121613	11	0	0	0	0	0	0	0	0	1	0
C	Marios	19	125	7	1	30____	121615	11	0	0	0	0	1	0	0	0	0	0
C	Marios	19	125	7	1	30____	121622	11	0	0	0	0	0	0	0	0	1	0
C	Marios	19	125	7	1	30____	121623	11	0	0	0	0	1	0	0	0	0	0
C	Marios	19	125	7	1	30____	121628	11	0	0	0	0	0	0	0	0	1	0
C	Marios	19	125	7	1	30____	121634	11	0	0	0	0	1	0	0	0	0	0
C	Marios	19	125	7	1	30____	121635	11	0	0	0	0	0	0	0	0	1	0
C	Marios	19	125	7	1	30____	121645	11	0	0	0	0	1	0	0	0	0	0
C	Marios	19	125	7	1	30____	121650	11	0	0	0	0	0	0	0	0	1	0
C	Marios	19	125	7	1	30____	121653	11	0	0	0	0	1	0	0	0	0	0
C	Marios	19	125	7	1	30____	121657	11	0	0	0	0	0	0	0	0	1	0
C	Marios	19	125	7	1	30____	121663	11	0	0	0	0	1	0	0	0	0	0
C	Marios	19	125	7	1	30____	121665	11	0	0	0	0	0	0	0	0	1	0
C	Marios	19	125	7	1	30____	121671	11	0	0	0	0	1	0	0	0	0	0
C	Marios	19	125	7	1	30____	121673	11	0	0	0	0	0	0	0	0	1	0
C	Marios	19	125	7	1	30____	121675	11	0	0	0	0	1	0	0	0	0	0
C	Marios	19	125	7	1	30____	121687	11	0	0	0	0	0	0	0	0	1	0
C	Marios	19	125	7	1	30____	121750	11	1	0	0	0	0	0	0	0	0	0
C	Marios	19	125	7	1	30____	122137	1	0	0	0	0	1	0	0	0	0	0
C	Marios	19	125	7	1	30____	122205	1	0	0	0	0	0	0	0	0	1	0
C	Marios	19	125	7	1	30____	122231	1	0	0	0	0	1	0	0	0	0	0
C	Marios	19	125	7	1	30____	122353	1	0	0	0	0	0	0	0	0	1	0
C	Marios	19	125	7	1	30____	122355	1	0	0	0	0	1	0	0	0	0	0
C	Marios	19	125	7	1	30____	122359	1	0	0	0	0	0	0	0	0	1	0
C	Marios	19	125	7	1	30____	122373	1	0	0	0	0	1	0	0	0	0	0
C	Marios	19	125	7	1	30____	122396	1	0	0	0	0	0	0	0	0	1	0
C	Marios	19	125	7	1	30____	122408	1	0	0	0	0	1	0	0	0	0	0
C	Marios	19	125	7	1	30____	122418	1	0	0	0	0	0	0	0	0	1	0
C	Marios	19	125	7	1	30____	122645	1	0	0	0	0	1	0	0	0	0	0
C	Marios	19	125	7	1	30____	122649	1	0	0	0	0	0	0	0	0	1	0
C	Marios	19	125	7	1	30____	122703	1	0	0	0	0	1	0	0	0	0	0
C	Marios	19	125	7	1	30____	122706	1	0	0	0	0	0	0	0	0	1	0
C	Marios	19	125	7	1	30____	122709	1	0	0	0	0	1	0	0	0	0	0
C	Marios	19	125	7	1	30____	122734	1	0	0	0	0	0	0	0	0	1	0
C	Marios	19	125	7	1	30____	123377	1	0	0	0	0	1	0	0	0	0	0
C	Marios	19	125	7	1	30____	123393	1	0	0	0	0	0	0	0	0	1	0
C	Marios	19	125	7	1	30____	123410	1	0	0	0	0	1	0	0	0	0	0
C	Marios	19	125	7	1	30____	123432	1	0	0	0	0	0	0	0	0	1	0
C	Marios	19	125	7	1	30____	125250	1	2	0	0	0	0	0	0	0	0	0
C	Marios	19	125	7	1	30____	125750	2	17	0	0	0	0	0	0	0	0	0
C	Marios	19	125	7	1	30____	126011	17	0	0	0	0	1	0	0	0	0	0
C	Marios	19	125	7	1	30____	126016	17	0	0	0	0	0	0	0	0	1	0
C	Marios	19	125	7	1	30____	126024	17	0	0	0	0	1	0	0	0	0	0
C	Marios	19	125	7	1	30____	126032	17	0	0	0	0	0	0	0	0	1	0
C	Marios	19	125	7	1	30____	126250	17	15	0	0	0	0	0	0	0	0	0
C	Marios	19	125	7	1	30____	126600	15	0	0	0	0	1	0	0	0	0	0
C	Marios	19	125	7	1	30____	126643	15	0	0	0	0	0	0	0	0	1	0
C	Marios	19	125	7	1	30____	126748	15	0	0	0	0	1	0	0	0	0	0
C	Marios	19	125	7	1	30____	126750	15	1	0	0	0	0	0	0	0	0	0
C	Marios	19	125	7	1	30____	126837	1	0	0	0	0	0	0	0	0	1	0
C	Marios	19	125	7	1	30____	126847	1	0	0	0	0	1	0	0	0	0	0
C	Marios	19	125	7	1	30____	126852	1	0	0	0	0	0	0	0	0	1	0
C	Marios	19	125	7	1	30____	126854	1	0	0	0	0	1	0	0	0	0	0
C	Marios	19	125	7	1	30____	126857	1	0	0	0	0	0	0	0	0	1	0
C	Marios	19	125	7	1	30____	126861	1	0	0	0	0	1	0	0	0	0	0
C	Marios	19	125	7	1	30____	126943	1	0	0	0	0	0	0	0	0	1	0
C	Marios	19	125	7	1	30____	127228	1	0	0	0	0	1	0	0	0	0	0
C	Marios	19	125	7	1	30____	127258	1	0	0	0	0	0	0	0	0	1	0
C	Marios	19	125	7	1	30____	127260	1	0	0	0	0	1	0	0	0	0	0
C	Marios	19	125	7	1	30____	127279	1	0	0	0	0	0	0	0	0	1	0
C	Marios	19	125	7	1	30____	127280	1	0	0	0	0	1	0	0	0	0	0
C	Marios	19	125	7	1	30____	127360	1	0	0	0	0	0	0	0	0	1	0
C	Marios	19	125	7	1	30____	128105	1	0	0	0	0	1	0	0	0	0	0
C	Marios	19	125	7	1	30____	128195	1	0	0	0	0	0	0	0	0	1	0
C	Marios	19	125	7	1	30____	128284	1	0	0	0	0	1	0	0	0	0	0
C	Marios	19	125	7	1	30____	128387	1	0	0	0	0	0	0	0	0	1	0
C	Marios	19	125	7	1	30____	128463	1	0	0	0	0	1	0	0	0	0	0
C	Marios	19	125	7	1	30____	128493	1	0	0	0	0	0	0	0	0	1	0
C	Marios	19	125	7	1	30____	129569	1	0	0	0	0	1	0	0	0	0	0
C	Marios	19	125	7	1	30____	129586	1	0	0	0	0	0	0	0	0	1	0
C	Marios	19	125	7	1	30____	129694	1	0	0	0	0	1	0	0	0	0	0
C	Marios	19	125	7	1	30____	129796	1	0	0	0	0	0	0	0	0	1	0
C	Marios	19	125	7	1	30____	130114	1	0	0	0	0	1	0	0	0	0	0
C	Marios	19	125	7	1	30____	130118	1	0	0	0	0	0	0	0	0	1	0
C	Marios	19	125	7	1	30____	130165	1	0	0	0	0	1	0	0	0	0	0
C	Marios	19	125	7	1	30____	130172	1	0	0	0	0	0	0	0	0	1	0
C	Marios	19	125	7	1	30____	130307	1	0	0	0	0	1	0	0	0	0	0
C	Marios	19	125	7	1	30____	130337	1	0	0	0	0	0	0	0	0	1	0
C	Marios	19	125	7	1	30____	130521	1	0	0	0	0	1	0	0	0	0	0
C	Marios	19	125	7	1	30____	130617	1	0	0	0	0	0	0	0	0	1	0
C	Marios	19	125	7	1	30____	130752	1	0	0	0	0	1	0	0	0	0	0
C	Marios	19	125	7	1	30____	130779	1	0	0	0	0	0	0	0	0	1	0
C	Marios	19	125	7	1	30____	131095	1	0	0	0	0	1	0	0	0	0	0
C	Marios	19	125	7	1	30____	131104	1	0	0	0	0	0	0	0	0	1	0
C	Marios	19	125	7	1	30____	131911	1	0	0	0	0	1	0	0	0	0	0
C	Marios	19	125	7	1	30____	132077	1	0	0	0	0	0	0	0	0	1	0
C	Marios	19	125	7	1	30____	132750	1	2	0	0	0	0	0	0	0	0	0
C	Marios	19	125	7	1	30____	133250	2	16	0	0	0	0	0	0	0	0	0
C	Marios	19	125	7	1	30____	133750	16	15	0	0	0	0	0	0	0	0	0
C	Marios	19	125	7	1	30____	134250	15	1	0	0	0	0	0	0	0	0	0
C	Marios	19	125	7	1	30____	137976	1	0	0	0	0	1	0	0	0	0	0
C	Marios	19	125	7	1	30____	137981	1	0	0	0	0	0	0	0	0	1	0
C	Marios	19	125	7	1	30____	137982	1	0	0	0	0	1	0	0	0	0	0
C	Marios	19	125	7	1	30____	137984	1	0	0	0	0	0	0	0	0	1	0
C	Marios	19	125	7	1	30____	138007	1	0	0	0	0	1	0	0	0	0	0
C	Marios	19	125	7	1	30____	138009	1	0	0	0	0	0	0	0	0	1	0
C	Marios	19	125	7	1	30____	138089	1	0	0	0	0	1	0	0	0	0	0
C	Marios	19	125	7	1	30____	138092	1	0	0	0	0	0	0	0	0	1	0
C	Marios	19	125	7	1	30____	138750	1	2	0	0	0	0	0	0	0	0	0
C	Marios	19	125	7	1	30____	139250	2	6	0	0	0	0	0	0	0	0	0
C	Marios	19	125	7	1	30____	139368	6	0	0	0	0	1	0	0	0	0	0
C	Marios	19	125	7	1	30____	139424	6	0	0	0	0	0	0	0	0	1	0
C	Marios	19	125	7	1	30____	139429	6	0	0	0	0	1	0	0	0	0	0
C	Marios	19	125	7	1	30____	139459	6	0	0	0	0	0	0	0	0	1	0
C	Marios	19	125	7	1	30____	139462	6	0	0	0	0	1	0	0	0	0	0
C	Marios	19	125	7	1	30____	139499	6	0	0	0	0	0	0	0	0	1	0
C	Marios	19	125	7	1	30____	139502	6	0	0	0	0	1	0	0	0	0	0
C	Marios	19	125	7	1	30____	139507	6	0	0	0	0	1	0	0	0	1	0
C	Marios	19	125	7	1	30____	139624	6	0	0	0	0	0	0	0	0	1	0
C	Marios	19	125	7	1	30____	139625	6	0	0	0	0	1	0	0	0	0	0
C	Marios	19	125	7	1	30____	139748	6	0	0	0	0	0	0	0	0	1	0
C	Marios	19	125	7	1	30____	139750	6	10	0	0	0	0	0	0	0	0	0
C	Marios	19	125	7	1	30____	139755	10	0	0	0	0	1	0	0	0	0	0
C	Marios	19	125	7	1	30____	139799	10	0	0	0	0	0	0	0	0	1	0
C	Marios	19	125	7	1	30____	139805	10	0	0	0	0	1	0	0	0	0	0
C	Marios	19	125	7	1	30____	140110	10	0	0	0	0	0	0	0	0	1	0
C	Marios	19	125	7	1	30____	140112	10	0	0	0	0	1	0	0	0	0	0
C	Marios	19	125	7	1	30____	140158	10	0	0	0	0	0	0	0	0	1	0
C	Marios	19	125	7	1	30____	140160	10	0	0	0	0	1	0	0	0	0	0
C	Marios	19	125	7	1	30____	140166	10	0	0	0	0	0	0	0	0	1	0
C	Marios	19	125	7	1	30____	140170	10	0	0	0	0	1	0	0	0	0	0
C	Marios	19	125	7	1	30____	140171	10	0	0	0	0	0	0	0	0	1	0
C	Marios	19	125	7	1	30____	140250	10	1	0	0	0	0	0	0	0	0	0
C	Marios	19	125	7	1	30____	140293	1	0	0	0	0	1	0	0	0	0	0
C	Marios	19	125	7	1	30____	140295	1	0	0	0	0	1	0	0	0	1	0
C	Marios	19	125	7	1	30____	140314	1	0	0	0	0	0	0	0	0	1	0
C	Marios	19	125	7	1	30____	140315	1	0	0	0	0	1	0	0	0	0	0
C	Marios	19	125	7	1	30____	140368	1	0	0	0	0	0	0	0	0	1	0
C	Marios	19	125	7	1	30____	140370	1	0	0	0	0	1	0	0	0	0	0
C	Marios	19	125	7	1	30____	140378	1	0	0	0	0	0	0	0	0	1	0
C	Marios	19	125	7	1	30____	140461	1	0	0	0	0	1	0	0	0	0	0
C	Marios	19	125	7	1	30____	140463	1	0	0	0	0	0	0	0	0	1	0
C	Marios	19	125	7	1	30____	140468	1	0	0	0	0	1	0	0	0	0	0
C	Marios	19	125	7	1	30____	140474	1	0	0	0	0	0	0	0	0	1	0
C	Marios	19	125	7	1	30____	140476	1	0	0	0	0	1	0	0	0	0	0
C	Marios	19	125	7	1	30____	140479	1	0	0	0	0	0	0	0	0	1	0
C	Marios	19	125	7	1	30____	140522	1	0	0	0	0	1	0	0	0	0	0
C	Marios	19	125	7	1	30____	140657	1	0	0	0	0	0	0	0	0	1	0
C	Marios	19	125	7	1	30____	140659	1	0	0	0	0	1	0	0	0	0	0
C	Marios	19	125	7	1	30____	140671	1	0	0	0	0	0	0	0	0	1	0
C	Marios	19	125	7	1	30____	141154	1	0	0	0	0	1	0	0	0	0	0
C	Marios	19	125	7	1	30____	141293	1	0	0	0	0	0	0	0	0	1	0
C	Marios	19	125	7	1	30____	141295	1	0	0	0	0	1	0	0	0	0	0
C	Marios	19	125	7	1	30____	141299	1	0	0	0	0	0	0	0	0	1	0
C	Marios	19	125	7	1	30____	141304	1	0	0	0	0	1	0	0	0	0	0
C	Marios	19	125	7	1	30____	141380	1	0	0	0	0	0	0	0	0	1	0
C	Marios	19	125	7	1	30____	141384	1	0	0	0	0	1	0	0	0	0	0
C	Marios	19	125	7	1	30____	141458	1	0	0	0	0	0	0	0	0	1	0
C	Marios	19	125	7	1	30____	142500	1	2	0	0	0	0	0	0	0	0	0
C	Marios	19	125	7	1	30____	142533	2	0	0	0	0	1	0	0	0	0	0
C	Marios	19	125	7	1	30____	142665	2	0	0	0	0	0	0	0	0	1	0
C	Marios	19	125	7	1	30____	142697	2	0	0	0	0	1	0	0	0	0	0
C	Marios	19	125	7	1	30____	142699	2	0	0	0	0	0	0	0	0	1	0
C	Marios	19	125	7	1	30____	143000	2	17	0	0	0	0	0	0	0	0	0
C	Marios	19	125	7	1	30____	143080	17	0	0	0	0	1	0	0	0	0	0
C	Marios	19	125	7	1	30____	143088	17	0	0	0	0	0	0	0	0	1	0
C	Marios	19	125	7	1	30____	143102	17	0	0	0	0	1	0	0	0	0	0
C	Marios	19	125	7	1	30____	143115	17	0	0	0	0	0	0	0	0	1	0
C	Marios	19	125	7	1	30____	143144	17	0	0	0	0	1	0	0	0	0	0
C	Marios	19	125	7	1	30____	143158	17	0	0	0	0	0	0	0	0	1	0
C	Marios	19	125	7	1	30____	143222	17	0	0	0	0	1	0	0	0	0	0
C	Marios	19	125	7	1	30____	143327	17	0	0	0	0	0	0	0	0	1	0
C	Marios	19	125	7	1	30____	143328	17	0	0	0	0	1	0	0	0	0	0
C	Marios	19	125	7	1	30____	143331	17	0	0	0	0	0	0	0	0	1	0
C	Marios	19	125	7	1	30____	143333	17	0	0	0	0	1	0	0	0	0	0
C	Marios	19	125	7	1	30____	143452	17	0	0	0	0	0	0	0	0	1	0
C	Marios	19	125	7	1	30____	143455	17	0	0	0	0	1	0	0	0	0	0
C	Marios	19	125	7	1	30____	143466	17	0	0	0	0	0	0	0	0	1	0
C	Marios	19	125	7	1	30____	143498	17	0	0	0	0	1	0	0	0	0	0
C	Marios	19	125	7	1	30____	143500	17	15	0	0	0	0	0	0	0	0	0
C	Marios	19	125	7	1	30____	143508	15	0	0	0	0	0	0	0	0	1	0
C	Marios	19	125	7	1	30____	143519	15	0	0	0	0	1	0	0	0	0	0
C	Marios	19	125	7	1	30____	143563	15	0	0	0	0	0	0	0	0	1	0
C	Marios	19	125	7	1	30____	143568	15	0	0	0	0	1	0	0	0	0	0
C	Marios	19	125	7	1	30____	144000	15	14	0	0	0	0	0	0	0	0	0
C	Marios	19	125	7	1	30____	144107	14	0	0	0	0	0	0	0	0	1	0
C	Marios	19	125	7	1	30____	145813	14	0	0	0	0	1	0	0	0	0	0
C	Marios	19	125	7	1	30____	145853	14	0	0	0	0	0	0	0	0	1	0
C	Marios	19	125	7	1	30____	145859	14	0	0	0	0	1	0	0	0	0	0
C	Marios	19	125	7	1	30____	145876	14	0	0	0	0	0	0	0	0	1	0
C	Marios	19	125	7	1	30____	145884	14	0	0	0	0	1	0	0	0	0	0
C	Marios	19	125	7	1	30____	145885	14	0	0	0	0	0	0	0	0	1	0
C	Marios	19	125	7	1	30____	146107	14	0	0	0	0	1	0	0	0	0	0
C	Marios	19	125	7	1	30____	146119	14	0	0	0	0	0	0	0	0	1	0
C	Marios	19	125	7	1	30____	146360	14	0	0	0	0	1	0	0	0	0	0
C	Marios	19	125	7	1	30____	146368	14	0	0	0	0	0	0	0	0	1	0
C	Marios	19	125	7	1	30____	147000	14	-1	0	0	0	0	0	0	0	0	0
