Project	UserID	Protocol	Session	Station	Run	Subject	Time	Current State	Transition State	Transition Event	A1 - LLR	A2 - RLR	A3 - MAG	A4 - 	A[1] LLR_OFF	A[2] RLR_OFF	A[3] MAG_OFF	A[4] 
C	Marios	23	126	1	1	7_____	0	0	1	0	0	0	0	0	0	0	0	0
C	Marios	23	126	1	1	7_____	1195	1	0	0	0	0	1	0	0	0	0	0
C	Marios	23	126	1	1	7_____	1201	1	0	0	0	0	0	0	0	0	1	0
C	Marios	23	126	1	1	7_____	1216	1	0	0	0	0	1	0	0	0	0	0
C	Marios	23	126	1	1	7_____	1222	1	0	0	0	0	0	0	0	0	1	0
C	Marios	23	126	1	1	7_____	1229	1	0	0	0	0	1	0	0	0	0	0
C	Marios	23	126	1	1	7_____	1232	1	0	0	0	0	0	0	0	0	1	0
C	Marios	23	126	1	1	7_____	1236	1	0	0	0	0	1	0	0	0	0	0
C	Marios	23	126	1	1	7_____	1239	1	0	0	0	0	0	0	0	0	1	0
C	Marios	23	126	1	1	7_____	1261	1	0	0	0	0	1	0	0	0	0	0
C	Marios	23	126	1	1	7_____	1277	1	0	0	0	0	0	0	0	0	1	0
C	Marios	23	126	1	1	7_____	4500	1	2	0	0	0	0	0	0	0	0	0
C	Marios	23	126	1	1	7_____	4653	2	0	0	0	0	1	0	0	0	0	0
C	Marios	23	126	1	1	7_____	4655	2	0	0	0	0	0	0	0	0	1	0
C	Marios	23	126	1	1	7_____	4890	2	0	0	0	0	1	0	0	0	0	0
C	Marios	23	126	1	1	7_____	5000	2	16	0	0	0	0	0	0	0	0	0
C	Marios	23	126	1	1	7_____	5010	16	0	0	0	0	0	0	0	0	1	0
C	Marios	23	126	1	1	7_____	5500	16	15	0	0	0	0	0	0	0	0	0
C	Marios	23	126	1	1	7_____	6000	15	1	0	0	0	0	0	0	0	0	0
C	Marios	23	126	1	1	7_____	6729	1	0	0	0	0	1	0	0	0	0	0
C	Marios	23	126	1	1	7_____	6815	1	0	0	0	0	0	0	0	0	1	0
C	Marios	23	126	1	1	7_____	6839	1	0	0	0	0	1	0	0	0	0	0
C	Marios	23	126	1	1	7_____	6861	1	0	0	0	0	0	0	0	0	1	0
C	Marios	23	126	1	1	7_____	6924	1	0	0	0	0	1	0	0	0	0	0
C	Marios	23	126	1	1	7_____	6949	1	0	0	0	0	0	0	0	0	1	0
C	Marios	23	126	1	1	7_____	8234	1	0	0	0	0	1	0	0	0	0	0
C	Marios	23	126	1	1	7_____	8302	1	0	0	0	0	0	0	0	0	1	0
C	Marios	23	126	1	1	7_____	9130	1	0	0	0	0	1	0	0	0	0	0
C	Marios	23	126	1	1	7_____	9147	1	0	0	0	0	0	0	0	0	1	0
C	Marios	23	126	1	1	7_____	9995	1	0	0	0	0	1	0	0	0	0	0
C	Marios	23	126	1	1	7_____	10133	1	0	0	0	0	0	0	0	0	1	0
C	Marios	23	126	1	1	7_____	12000	1	2	0	0	0	0	0	0	0	0	0
C	Marios	23	126	1	1	7_____	12017	2	0	0	0	0	1	0	0	0	0	0
C	Marios	23	126	1	1	7_____	12086	2	0	0	0	0	0	0	0	0	1	0
C	Marios	23	126	1	1	7_____	12500	2	17	0	0	0	0	0	0	0	0	0
C	Marios	23	126	1	1	7_____	12616	17	0	0	0	0	1	0	0	0	0	0
C	Marios	23	126	1	1	7_____	12638	17	0	0	0	0	0	0	0	0	1	0
C	Marios	23	126	1	1	7_____	13000	17	15	0	0	0	0	0	0	0	0	0
C	Marios	23	126	1	1	7_____	13162	15	0	0	0	0	1	0	0	0	0	0
C	Marios	23	126	1	1	7_____	13256	15	0	0	0	0	0	0	0	0	1	0
C	Marios	23	126	1	1	7_____	13319	15	0	0	0	0	1	0	0	0	0	0
C	Marios	23	126	1	1	7_____	13379	15	0	0	0	0	0	0	0	0	1	0
C	Marios	23	126	1	1	7_____	13389	15	0	0	0	0	1	0	0	0	0	0
C	Marios	23	126	1	1	7_____	13481	15	0	0	0	0	0	0	0	0	1	0
C	Marios	23	126	1	1	7_____	13485	15	0	0	0	0	1	0	0	0	0	0
C	Marios	23	126	1	1	7_____	13500	15	1	0	0	0	0	0	0	0	0	0
C	Marios	23	126	1	1	7_____	13557	1	0	0	0	0	0	0	0	0	1	0
C	Marios	23	126	1	1	7_____	13603	1	0	0	0	0	1	0	0	0	0	0
C	Marios	23	126	1	1	7_____	13610	1	0	0	0	0	0	0	0	0	1	0
C	Marios	23	126	1	1	7_____	13614	1	0	0	0	0	1	0	0	0	0	0
C	Marios	23	126	1	1	7_____	13631	1	0	0	0	0	0	0	0	0	1	0
C	Marios	23	126	1	1	7_____	13652	1	0	0	0	0	1	0	0	0	0	0
C	Marios	23	126	1	1	7_____	13664	1	0	0	0	0	0	0	0	0	1	0
C	Marios	23	126	1	1	7_____	16740	1	0	0	0	0	1	0	0	0	0	0
C	Marios	23	126	1	1	7_____	16789	1	0	0	0	0	0	0	0	0	1	0
C	Marios	23	126	1	1	7_____	18000	1	2	0	0	0	0	0	0	0	0	0
C	Marios	23	126	1	1	7_____	18477	2	0	0	0	0	1	0	0	0	0	0
C	Marios	23	126	1	1	7_____	18500	2	16	0	0	0	0	0	0	0	0	0
C	Marios	23	126	1	1	7_____	18504	16	0	0	0	0	0	0	0	0	1	0
C	Marios	23	126	1	1	7_____	19000	16	15	0	0	0	0	0	0	0	0	0
C	Marios	23	126	1	1	7_____	19500	15	1	0	0	0	0	0	0	0	0	0
C	Marios	23	126	1	1	7_____	19903	1	0	0	0	0	1	0	0	0	0	0
C	Marios	23	126	1	1	7_____	20047	1	0	0	0	0	0	0	0	0	1	0
C	Marios	23	126	1	1	7_____	20094	1	0	0	0	0	1	0	0	0	0	0
C	Marios	23	126	1	1	7_____	20123	1	0	0	0	0	0	0	0	0	1	0
C	Marios	23	126	1	1	7_____	20154	1	0	0	0	0	1	0	0	0	0	0
C	Marios	23	126	1	1	7_____	20159	1	0	0	0	0	0	0	0	0	1	0
C	Marios	23	126	1	1	7_____	20169	1	0	0	0	0	1	0	0	0	0	0
C	Marios	23	126	1	1	7_____	20313	1	0	0	0	0	0	0	0	0	1	0
C	Marios	23	126	1	1	7_____	20393	1	0	0	0	0	1	0	0	0	0	0
C	Marios	23	126	1	1	7_____	20409	1	0	0	0	0	0	0	0	0	1	0
C	Marios	23	126	1	1	7_____	20413	1	0	0	0	0	1	0	0	0	0	0
C	Marios	23	126	1	1	7_____	20415	1	0	0	0	0	0	0	0	0	1	0
C	Marios	23	126	1	1	7_____	21191	1	0	0	0	0	1	0	0	0	0	0
C	Marios	23	126	1	1	7_____	21252	1	0	0	0	0	0	0	0	0	1	0
C	Marios	23	126	1	1	7_____	21300	1	0	0	0	0	1	0	0	0	0	0
C	Marios	23	126	1	1	7_____	21445	1	0	0	0	0	0	0	0	0	1	0
C	Marios	23	126	1	1	7_____	21451	1	0	0	0	0	1	0	0	0	0	0
C	Marios	23	126	1	1	7_____	21457	1	0	0	0	0	0	0	0	0	1	0
C	Marios	23	126	1	1	7_____	21462	1	0	0	0	0	1	0	0	0	0	0
C	Marios	23	126	1	1	7_____	21470	1	0	0	0	0	0	0	0	0	1	0
C	Marios	23	126	1	1	7_____	21487	1	0	0	0	0	1	0	0	0	0	0
C	Marios	23	126	1	1	7_____	21612	1	0	0	0	0	0	0	0	0	1	0
C	Marios	23	126	1	1	7_____	21619	1	0	0	0	0	1	0	0	0	0	0
C	Marios	23	126	1	1	7_____	21650	1	0	0	0	0	0	0	0	0	1	0
C	Marios	23	126	1	1	7_____	21965	1	0	0	0	0	1	0	0	0	0	0
C	Marios	23	126	1	1	7_____	22056	1	0	0	0	0	0	0	0	0	1	0
C	Marios	23	126	1	1	7_____	22167	1	0	0	0	0	1	0	0	0	0	0
C	Marios	23	126	1	1	7_____	22197	1	0	0	0	0	0	0	0	0	1	0
C	Marios	23	126	1	1	7_____	22248	1	0	0	0	0	1	0	0	0	0	0
C	Marios	23	126	1	1	7_____	22263	1	0	0	0	0	0	0	0	0	1	0
C	Marios	23	126	1	1	7_____	22358	1	0	0	0	0	1	0	0	0	0	0
C	Marios	23	126	1	1	7_____	22397	1	0	0	0	0	0	0	0	0	1	0
C	Marios	23	126	1	1	7_____	22430	1	0	0	0	0	1	0	0	0	0	0
C	Marios	23	126	1	1	7_____	22504	1	0	0	0	0	0	0	0	0	1	0
C	Marios	23	126	1	1	7_____	22947	1	0	0	0	0	1	0	0	0	0	0
C	Marios	23	126	1	1	7_____	22995	1	0	0	0	0	0	0	0	0	1	0
C	Marios	23	126	1	1	7_____	23030	1	0	0	0	0	1	0	0	0	0	0
C	Marios	23	126	1	1	7_____	23056	1	0	0	0	0	0	0	0	0	1	0
C	Marios	23	126	1	1	7_____	23069	1	0	0	0	0	1	0	0	0	0	0
C	Marios	23	126	1	1	7_____	23072	1	0	0	0	0	0	0	0	0	1	0
C	Marios	23	126	1	1	7_____	23076	1	0	0	0	0	1	0	0	0	0	0
C	Marios	23	126	1	1	7_____	23140	1	0	0	0	0	0	0	0	0	1	0
C	Marios	23	126	1	1	7_____	23153	1	0	0	0	0	1	0	0	0	0	0
C	Marios	23	126	1	1	7_____	23209	1	0	0	0	0	0	0	0	0	1	0
C	Marios	23	126	1	1	7_____	23221	1	0	0	0	0	1	0	0	0	0	0
C	Marios	23	126	1	1	7_____	23245	1	0	0	0	0	0	0	0	0	1	0
C	Marios	23	126	1	1	7_____	23250	1	2	0	0	0	0	0	0	0	0	0
C	Marios	23	126	1	1	7_____	23750	2	6	0	0	0	0	0	0	0	0	0
C	Marios	23	126	1	1	7_____	24250	6	11	0	0	0	0	0	0	0	0	0
C	Marios	23	126	1	1	7_____	24474	11	0	0	0	0	1	0	0	0	0	0
C	Marios	23	126	1	1	7_____	24581	11	0	0	0	0	0	0	0	0	1	0
C	Marios	23	126	1	1	7_____	24750	11	1	0	0	0	0	0	0	0	0	0
C	Marios	23	126	1	1	7_____	24917	1	0	0	0	0	1	0	0	0	0	0
C	Marios	23	126	1	1	7_____	24946	1	0	0	0	0	0	0	0	0	1	0
C	Marios	23	126	1	1	7_____	24950	1	0	0	0	0	1	0	0	0	0	0
C	Marios	23	126	1	1	7_____	25052	1	0	0	0	0	0	0	0	0	1	0
C	Marios	23	126	1	1	7_____	26834	1	0	0	0	0	1	0	0	0	0	0
C	Marios	23	126	1	1	7_____	26902	1	0	0	0	0	0	0	0	0	1	0
C	Marios	23	126	1	1	7_____	27750	1	2	0	0	0	0	0	0	0	0	0
C	Marios	23	126	1	1	7_____	28123	2	0	0	0	0	1	0	0	0	0	0
C	Marios	23	126	1	1	7_____	28126	2	0	0	0	0	0	0	0	0	1	0
C	Marios	23	126	1	1	7_____	28250	2	7	0	0	0	0	0	0	0	0	0
C	Marios	23	126	1	1	7_____	28481	7	0	0	0	0	1	0	0	0	0	0
C	Marios	23	126	1	1	7_____	28514	7	0	0	0	0	0	0	0	0	1	0
C	Marios	23	126	1	1	7_____	28559	7	0	0	0	0	1	0	0	0	0	0
C	Marios	23	126	1	1	7_____	28583	7	0	0	0	0	0	0	0	0	1	0
C	Marios	23	126	1	1	7_____	28625	7	0	0	0	0	1	0	0	0	0	0
C	Marios	23	126	1	1	7_____	28652	7	0	0	0	0	0	0	0	0	1	0
C	Marios	23	126	1	1	7_____	28665	7	0	0	0	0	1	0	0	0	0	0
C	Marios	23	126	1	1	7_____	28681	7	0	0	0	0	0	0	0	0	1	0
C	Marios	23	126	1	1	7_____	28722	7	0	0	0	0	1	0	0	0	0	0
C	Marios	23	126	1	1	7_____	28745	7	0	0	0	0	0	0	0	0	1	0
C	Marios	23	126	1	1	7_____	28750	7	10	0	0	0	0	0	0	0	0	0
C	Marios	23	126	1	1	7_____	28765	10	0	0	0	0	1	0	0	0	0	0
C	Marios	23	126	1	1	7_____	28928	10	0	0	0	0	0	0	0	0	1	0
C	Marios	23	126	1	1	7_____	28959	10	0	0	0	0	1	0	0	0	0	0
C	Marios	23	126	1	1	7_____	28993	10	0	0	0	0	0	0	0	0	1	0
C	Marios	23	126	1	1	7_____	29025	10	0	0	0	0	1	0	0	0	0	0
C	Marios	23	126	1	1	7_____	29044	10	0	0	0	0	0	0	0	0	1	0
C	Marios	23	126	1	1	7_____	29227	10	0	0	0	0	1	0	0	0	0	0
C	Marios	23	126	1	1	7_____	29229	10	0	0	0	0	0	0	0	0	1	0
C	Marios	23	126	1	1	7_____	29250	10	1	0	0	0	0	0	0	0	0	0
C	Marios	23	126	1	1	7_____	30204	1	0	0	0	0	1	0	0	0	0	0
C	Marios	23	126	1	1	7_____	30209	1	0	0	0	0	0	0	0	0	1	0
C	Marios	23	126	1	1	7_____	30220	1	0	0	0	0	1	0	0	0	0	0
C	Marios	23	126	1	1	7_____	30224	1	0	0	0	0	1	0	0	0	1	0
C	Marios	23	126	1	1	7_____	30276	1	0	0	0	0	0	0	0	0	1	0
C	Marios	23	126	1	1	7_____	30368	1	0	0	0	0	1	0	0	0	0	0
C	Marios	23	126	1	1	7_____	30392	1	0	0	0	0	0	0	0	0	1	0
C	Marios	23	126	1	1	7_____	31500	1	2	0	0	0	0	0	0	0	0	0
C	Marios	23	126	1	1	7_____	31607	2	0	0	0	0	1	0	0	0	0	0
C	Marios	23	126	1	1	7_____	31811	2	0	0	0	0	0	0	0	0	1	0
C	Marios	23	126	1	1	7_____	32000	2	17	0	0	0	0	0	0	0	0	0
C	Marios	23	126	1	1	7_____	32118	17	0	0	0	0	1	0	0	0	0	0
C	Marios	23	126	1	1	7_____	32130	17	0	0	0	0	0	0	0	0	1	0
C	Marios	23	126	1	1	7_____	32500	17	15	0	0	0	0	0	0	0	0	0
C	Marios	23	126	1	1	7_____	33000	15	1	0	0	0	0	0	0	0	0	0
C	Marios	23	126	1	1	7_____	35557	1	0	0	0	0	1	0	0	0	0	0
C	Marios	23	126	1	1	7_____	35570	1	0	0	0	0	0	0	0	0	1	0
C	Marios	23	126	1	1	7_____	36785	1	0	0	0	0	1	0	0	0	0	0
C	Marios	23	126	1	1	7_____	36820	1	0	0	0	0	0	0	0	0	1	0
C	Marios	23	126	1	1	7_____	36824	1	0	0	0	0	1	0	0	0	0	0
C	Marios	23	126	1	1	7_____	36831	1	0	0	0	0	0	0	0	0	1	0
C	Marios	23	126	1	1	7_____	37797	1	0	0	0	0	1	0	0	0	0	0
C	Marios	23	126	1	1	7_____	37803	1	0	0	0	0	0	0	0	0	1	0
C	Marios	23	126	1	1	7_____	38250	1	2	0	0	0	0	0	0	0	0	0
C	Marios	23	126	1	1	7_____	38750	2	6	0	0	0	0	0	0	0	0	0
C	Marios	23	126	1	1	7_____	39250	6	11	0	0	0	0	0	0	0	0	0
C	Marios	23	126	1	1	7_____	39380	11	0	0	0	0	1	0	0	0	0	0
C	Marios	23	126	1	1	7_____	39453	11	0	0	0	0	0	0	0	0	1	0
C	Marios	23	126	1	1	7_____	39467	11	0	0	0	0	1	0	0	0	0	0
C	Marios	23	126	1	1	7_____	39504	11	0	0	0	0	0	0	0	0	1	0
C	Marios	23	126	1	1	7_____	39750	11	1	0	0	0	0	0	0	0	0	0
C	Marios	23	126	1	1	7_____	40549	1	0	0	0	0	1	0	0	0	0	0
C	Marios	23	126	1	1	7_____	40593	1	0	0	0	0	0	0	0	0	1	0
C	Marios	23	126	1	1	7_____	40597	1	0	0	0	0	1	0	0	0	0	0
C	Marios	23	126	1	1	7_____	40604	1	0	0	0	0	0	0	0	0	1	0
C	Marios	23	126	1	1	7_____	42942	1	0	0	0	0	1	0	0	0	0	0
C	Marios	23	126	1	1	7_____	43034	1	0	0	0	0	0	0	0	0	1	0
C	Marios	23	126	1	1	7_____	43252	1	0	0	0	0	1	0	0	0	0	0
C	Marios	23	126	1	1	7_____	43282	1	0	0	0	0	0	0	0	0	1	0
C	Marios	23	126	1	1	7_____	43320	1	0	0	0	0	1	0	0	0	0	0
C	Marios	23	126	1	1	7_____	43368	1	0	0	0	0	0	0	0	0	1	0
C	Marios	23	126	1	1	7_____	43468	1	0	0	0	0	1	0	0	0	0	0
C	Marios	23	126	1	1	7_____	43492	1	0	0	0	0	0	0	0	0	1	0
C	Marios	23	126	1	1	7_____	43505	1	0	0	0	0	1	0	0	0	0	0
C	Marios	23	126	1	1	7_____	43542	1	0	0	0	0	0	0	0	0	1	0
C	Marios	23	126	1	1	7_____	43571	1	0	0	0	0	1	0	0	0	0	0
C	Marios	23	126	1	1	7_____	43581	1	0	0	0	0	0	0	0	0	1	0
C	Marios	23	126	1	1	7_____	43582	1	0	0	0	0	1	0	0	0	0	0
C	Marios	23	126	1	1	7_____	43586	1	0	0	0	0	0	0	0	0	1	0
C	Marios	23	126	1	1	7_____	43598	1	0	0	0	0	1	0	0	0	0	0
C	Marios	23	126	1	1	7_____	43605	1	0	0	0	0	0	0	0	0	1	0
C	Marios	23	126	1	1	7_____	43650	1	0	0	0	0	1	0	0	0	0	0
C	Marios	23	126	1	1	7_____	43678	1	0	0	0	0	0	0	0	0	1	0
C	Marios	23	126	1	1	7_____	43679	1	0	0	0	0	1	0	0	0	0	0
C	Marios	23	126	1	1	7_____	43791	1	0	0	0	0	0	0	0	0	1	0
C	Marios	23	126	1	1	7_____	43794	1	0	0	0	0	1	0	0	0	0	0
C	Marios	23	126	1	1	7_____	43796	1	0	0	0	0	0	0	0	0	1	0
C	Marios	23	126	1	1	7_____	43800	1	0	0	0	0	1	0	0	0	0	0
C	Marios	23	126	1	1	7_____	43842	1	0	0	0	0	0	0	0	0	1	0
C	Marios	23	126	1	1	7_____	43886	1	0	0	0	0	1	0	0	0	0	0
C	Marios	23	126	1	1	7_____	43908	1	0	0	0	0	0	0	0	0	1	0
C	Marios	23	126	1	1	7_____	44921	1	0	0	0	0	1	0	0	0	0	0
C	Marios	23	126	1	1	7_____	44950	1	0	0	0	0	0	0	0	0	1	0
C	Marios	23	126	1	1	7_____	46027	1	0	0	0	0	1	0	0	0	0	0
C	Marios	23	126	1	1	7_____	46150	1	0	0	0	0	0	0	0	0	1	0
C	Marios	23	126	1	1	7_____	46162	1	0	0	0	0	1	0	0	0	0	0
C	Marios	23	126	1	1	7_____	46164	1	0	0	0	0	0	0	0	0	1	0
C	Marios	23	126	1	1	7_____	46165	1	0	0	0	0	1	0	0	0	0	0
C	Marios	23	126	1	1	7_____	46166	1	0	0	0	0	0	0	0	0	1	0
C	Marios	23	126	1	1	7_____	46171	1	0	0	0	0	1	0	0	0	0	0
C	Marios	23	126	1	1	7_____	46257	1	0	0	0	0	1	0	0	0	1	0
C	Marios	23	126	1	1	7_____	46276	1	0	0	0	0	0	0	0	0	1	0
C	Marios	23	126	1	1	7_____	46500	1	2	0	0	0	0	0	0	0	0	0
C	Marios	23	126	1	1	7_____	46968	2	0	0	0	0	1	0	0	0	0	0
C	Marios	23	126	1	1	7_____	46999	2	0	0	0	0	0	0	0	0	1	0
C	Marios	23	126	1	1	7_____	47000	2	16	0	0	0	0	0	0	0	0	0
C	Marios	23	126	1	1	7_____	47500	16	15	0	0	0	0	0	0	0	0	0
C	Marios	23	126	1	1	7_____	47549	15	0	0	0	0	1	0	0	0	0	0
C	Marios	23	126	1	1	7_____	47563	15	0	0	0	0	0	0	0	0	1	0
C	Marios	23	126	1	1	7_____	47573	15	0	0	0	0	1	0	0	0	0	0
C	Marios	23	126	1	1	7_____	47673	15	0	0	0	0	0	0	0	0	1	0
C	Marios	23	126	1	1	7_____	47732	15	0	0	0	0	1	0	0	0	0	0
C	Marios	23	126	1	1	7_____	47751	15	0	0	0	0	0	0	0	0	1	0
C	Marios	23	126	1	1	7_____	47763	15	0	0	0	0	1	0	0	0	0	0
C	Marios	23	126	1	1	7_____	48000	15	1	0	0	0	0	0	0	0	0	0
C	Marios	23	126	1	1	7_____	48027	1	0	0	0	0	0	0	0	0	1	0
C	Marios	23	126	1	1	7_____	48611	1	0	0	0	0	1	0	0	0	0	0
C	Marios	23	126	1	1	7_____	48630	1	0	0	0	0	0	0	0	0	1	0
C	Marios	23	126	1	1	7_____	48927	1	0	0	0	0	1	0	0	0	0	0
C	Marios	23	126	1	1	7_____	48982	1	0	0	0	0	0	0	0	0	1	0
C	Marios	23	126	1	1	7_____	49016	1	0	0	0	0	1	0	0	0	0	0
C	Marios	23	126	1	1	7_____	49072	1	0	0	0	0	0	0	0	0	1	0
C	Marios	23	126	1	1	7_____	49104	1	0	0	0	0	1	0	0	0	0	0
C	Marios	23	126	1	1	7_____	49112	1	0	0	0	0	0	0	0	0	1	0
C	Marios	23	126	1	1	7_____	49116	1	0	0	0	0	1	0	0	0	0	0
C	Marios	23	126	1	1	7_____	49124	1	0	0	0	0	0	0	0	0	1	0
C	Marios	23	126	1	1	7_____	49132	1	0	0	0	0	1	0	0	0	0	0
C	Marios	23	126	1	1	7_____	49200	1	0	0	0	0	0	0	0	0	1	0
C	Marios	23	126	1	1	7_____	49217	1	0	0	0	0	1	0	0	0	0	0
C	Marios	23	126	1	1	7_____	49221	1	0	0	0	0	1	0	0	0	1	0
C	Marios	23	126	1	1	7_____	49223	1	0	0	0	0	0	0	0	0	1	0
C	Marios	23	126	1	1	7_____	49243	1	0	0	0	0	1	0	0	0	0	0
C	Marios	23	126	1	1	7_____	49245	1	0	0	0	0	1	0	0	0	1	0
C	Marios	23	126	1	1	7_____	49357	1	0	0	0	0	0	0	0	0	1	0
C	Marios	23	126	1	1	7_____	49389	1	0	0	0	0	1	0	0	0	0	0
C	Marios	23	126	1	1	7_____	49500	1	2	0	0	0	0	0	0	0	1	0
C	Marios	23	126	1	1	7_____	50000	2	17	0	0	0	0	0	0	0	0	0
C	Marios	23	126	1	1	7_____	50500	17	15	0	0	0	0	0	0	0	0	0
C	Marios	23	126	1	1	7_____	50855	15	0	0	0	0	1	0	0	0	0	0
C	Marios	23	126	1	1	7_____	50883	15	0	0	0	0	0	0	0	0	1	0
C	Marios	23	126	1	1	7_____	50972	15	0	0	0	0	1	0	0	0	0	0
C	Marios	23	126	1	1	7_____	50995	15	0	0	0	0	0	0	0	0	1	0
C	Marios	23	126	1	1	7_____	51000	15	1	0	0	0	0	0	0	0	0	0
C	Marios	23	126	1	1	7_____	52596	1	0	0	0	0	1	0	0	0	0	0
C	Marios	23	126	1	1	7_____	52627	1	0	0	0	0	0	0	0	0	1	0
C	Marios	23	126	1	1	7_____	52871	1	0	0	0	0	1	0	0	0	0	0
C	Marios	23	126	1	1	7_____	52880	1	0	0	0	0	0	0	0	0	1	0
C	Marios	23	126	1	1	7_____	53848	1	0	0	0	0	1	0	0	0	0	0
C	Marios	23	126	1	1	7_____	53908	1	0	0	0	0	0	0	0	0	1	0
C	Marios	23	126	1	1	7_____	53975	1	0	0	0	0	1	0	0	0	0	0
C	Marios	23	126	1	1	7_____	53980	1	0	0	0	0	0	0	0	0	1	0
C	Marios	23	126	1	1	7_____	55756	1	0	0	0	0	1	0	0	0	0	0
C	Marios	23	126	1	1	7_____	55828	1	0	0	0	0	0	0	0	0	1	0
C	Marios	23	126	1	1	7_____	56500	1	2	0	0	0	0	0	0	0	0	0
C	Marios	23	126	1	1	7_____	57000	2	7	0	0	0	0	0	0	0	0	0
C	Marios	23	126	1	1	7_____	57134	7	0	0	0	0	1	0	0	0	0	0
C	Marios	23	126	1	1	7_____	57169	7	0	0	0	0	0	0	0	0	1	0
C	Marios	23	126	1	1	7_____	57256	7	0	0	0	0	1	0	0	0	0	0
C	Marios	23	126	1	1	7_____	57297	7	0	0	0	0	0	0	0	0	1	0
C	Marios	23	126	1	1	7_____	57342	7	0	0	0	0	1	0	0	0	0	0
C	Marios	23	126	1	1	7_____	57371	7	0	0	0	0	0	0	0	0	1	0
C	Marios	23	126	1	1	7_____	57448	7	0	0	0	0	1	0	0	0	0	0
C	Marios	23	126	1	1	7_____	57464	7	0	0	0	0	0	0	0	0	1	0
C	Marios	23	126	1	1	7_____	57491	7	0	0	0	0	1	0	0	0	0	0
C	Marios	23	126	1	1	7_____	57500	7	10	0	0	0	0	0	0	0	0	0
C	Marios	23	126	1	1	7_____	57709	10	0	0	0	0	0	0	0	0	1	0
C	Marios	23	126	1	1	7_____	58000	10	1	0	0	0	0	0	0	0	0	0
C	Marios	23	126	1	1	7_____	59910	1	0	0	0	0	1	0	0	0	0	0
C	Marios	23	126	1	1	7_____	59935	1	0	0	0	0	0	0	0	0	1	0
C	Marios	23	126	1	1	7_____	60273	1	0	0	0	0	1	0	0	0	0	0
C	Marios	23	126	1	1	7_____	60308	1	0	0	0	0	0	0	0	0	1	0
C	Marios	23	126	1	1	7_____	61500	1	2	0	0	0	0	0	0	0	0	0
C	Marios	23	126	1	1	7_____	62000	2	16	0	0	0	0	0	0	0	0	0
C	Marios	23	126	1	1	7_____	62256	16	0	0	0	0	1	0	0	0	0	0
C	Marios	23	126	1	1	7_____	62281	16	0	0	0	0	0	0	0	0	1	0
C	Marios	23	126	1	1	7_____	62500	16	15	0	0	0	0	0	0	0	0	0
C	Marios	23	126	1	1	7_____	62851	15	0	0	0	0	1	0	0	0	0	0
C	Marios	23	126	1	1	7_____	62901	15	0	0	0	0	0	0	0	0	1	0
C	Marios	23	126	1	1	7_____	63000	15	1	0	0	0	0	0	0	0	0	0
C	Marios	23	126	1	1	7_____	63609	1	0	0	0	0	1	0	0	0	0	0
C	Marios	23	126	1	1	7_____	63669	1	0	0	0	0	0	0	0	0	1	0
C	Marios	23	126	1	1	7_____	63671	1	0	0	0	0	1	0	0	0	0	0
C	Marios	23	126	1	1	7_____	63697	1	0	0	0	0	0	0	0	0	1	0
C	Marios	23	126	1	1	7_____	63728	1	0	0	0	0	1	0	0	0	0	0
C	Marios	23	126	1	1	7_____	63751	1	0	0	0	0	0	0	0	0	1	0
C	Marios	23	126	1	1	7_____	64531	1	0	0	0	0	1	0	0	0	0	0
C	Marios	23	126	1	1	7_____	64541	1	0	0	0	0	0	0	0	0	1	0
C	Marios	23	126	1	1	7_____	68467	1	0	0	0	0	1	0	0	0	0	0
C	Marios	23	126	1	1	7_____	68523	1	0	0	0	0	0	0	0	0	1	0
C	Marios	23	126	1	1	7_____	69518	1	0	0	0	0	1	0	0	0	0	0
C	Marios	23	126	1	1	7_____	69576	1	0	0	0	0	0	0	0	0	1	0
C	Marios	23	126	1	1	7_____	69746	1	0	0	0	0	1	0	0	0	0	0
C	Marios	23	126	1	1	7_____	69811	1	0	0	0	0	0	0	0	0	1	0
C	Marios	23	126	1	1	7_____	70500	1	2	0	0	0	0	0	0	0	0	0
C	Marios	23	126	1	1	7_____	70857	2	0	0	0	0	1	0	0	0	0	0
C	Marios	23	126	1	1	7_____	70866	2	0	0	0	0	0	0	0	0	1	0
C	Marios	23	126	1	1	7_____	71000	2	17	0	0	0	0	0	0	0	0	0
C	Marios	23	126	1	1	7_____	71500	17	15	0	0	0	0	0	0	0	0	0
C	Marios	23	126	1	1	7_____	71659	15	0	0	0	0	1	0	0	0	0	0
C	Marios	23	126	1	1	7_____	71700	15	0	0	0	0	0	0	0	0	1	0
C	Marios	23	126	1	1	7_____	72000	15	1	0	0	0	0	0	0	0	0	0
C	Marios	23	126	1	1	7_____	72579	1	0	0	0	0	1	0	0	0	0	0
C	Marios	23	126	1	1	7_____	72694	1	0	0	0	0	0	0	0	0	1	0
C	Marios	23	126	1	1	7_____	72709	1	0	0	0	0	1	0	0	0	0	0
C	Marios	23	126	1	1	7_____	72714	1	0	0	0	0	0	0	0	0	1	0
C	Marios	23	126	1	1	7_____	75657	1	0	0	0	0	1	0	0	0	0	0
C	Marios	23	126	1	1	7_____	75877	1	0	0	0	0	0	0	0	0	1	0
C	Marios	23	126	1	1	7_____	77285	1	0	0	0	0	1	0	0	0	0	0
C	Marios	23	126	1	1	7_____	77294	1	0	0	0	0	0	0	0	0	1	0
C	Marios	23	126	1	1	7_____	77295	1	0	0	0	0	1	0	0	0	0	0
C	Marios	23	126	1	1	7_____	77342	1	0	0	0	0	0	0	0	0	1	0
C	Marios	23	126	1	1	7_____	77500	1	2	0	0	0	0	0	0	0	0	0
C	Marios	23	126	1	1	7_____	78000	2	7	0	0	0	0	0	0	0	0	0
C	Marios	23	126	1	1	7_____	78102	7	0	0	0	0	1	0	0	0	0	0
C	Marios	23	126	1	1	7_____	78130	7	0	0	0	0	0	0	0	0	1	0
C	Marios	23	126	1	1	7_____	78206	7	0	0	0	0	1	0	0	0	0	0
C	Marios	23	126	1	1	7_____	78317	7	0	0	0	0	0	0	0	0	1	0
C	Marios	23	126	1	1	7_____	78410	7	0	0	0	0	1	0	0	0	0	0
C	Marios	23	126	1	1	7_____	78436	7	0	0	0	0	0	0	0	0	1	0
C	Marios	23	126	1	1	7_____	78473	7	0	0	0	0	1	0	0	0	0	0
C	Marios	23	126	1	1	7_____	78500	7	10	0	0	0	0	0	0	0	0	0
C	Marios	23	126	1	1	7_____	78652	10	0	0	0	0	0	0	0	0	1	0
C	Marios	23	126	1	1	7_____	78856	10	0	0	0	0	1	0	0	0	0	0
C	Marios	23	126	1	1	7_____	78869	10	0	0	0	0	0	0	0	0	1	0
C	Marios	23	126	1	1	7_____	79000	10	1	0	0	0	0	0	0	0	0	0
C	Marios	23	126	1	1	7_____	81380	1	0	0	0	0	1	0	0	0	0	0
C	Marios	23	126	1	1	7_____	81385	1	0	0	0	0	0	0	0	0	1	0
C	Marios	23	126	1	1	7_____	81413	1	0	0	0	0	1	0	0	0	0	0
C	Marios	23	126	1	1	7_____	81463	1	0	0	0	0	0	0	0	0	1	0
C	Marios	23	126	1	1	7_____	82941	1	0	0	0	0	1	0	0	0	0	0
C	Marios	23	126	1	1	7_____	83001	1	0	0	0	0	0	0	0	0	1	0
C	Marios	23	126	1	1	7_____	83094	1	0	0	0	0	1	0	0	0	0	0
C	Marios	23	126	1	1	7_____	83097	1	0	0	0	0	0	0	0	0	1	0
C	Marios	23	126	1	1	7_____	83310	1	0	0	0	0	1	0	0	0	0	0
C	Marios	23	126	1	1	7_____	83362	1	0	0	0	0	0	0	0	0	1	0
C	Marios	23	126	1	1	7_____	83474	1	0	0	0	0	1	0	0	0	0	0
C	Marios	23	126	1	1	7_____	83514	1	0	0	0	0	0	0	0	0	1	0
C	Marios	23	126	1	1	7_____	85360	1	0	0	0	0	1	0	0	0	0	0
C	Marios	23	126	1	1	7_____	85363	1	0	0	0	0	0	0	0	0	1	0
C	Marios	23	126	1	1	7_____	86282	1	0	0	0	0	1	0	0	0	0	0
C	Marios	23	126	1	1	7_____	86285	1	0	0	0	0	0	0	0	0	1	0
C	Marios	23	126	1	1	7_____	86460	1	0	0	0	0	1	0	0	0	0	0
C	Marios	23	126	1	1	7_____	86500	1	2	0	0	0	0	0	0	0	1	0
C	Marios	23	126	1	1	7_____	86662	2	0	0	0	0	1	0	0	0	0	0
C	Marios	23	126	1	1	7_____	86691	2	0	0	0	0	0	0	0	0	1	0
C	Marios	23	126	1	1	7_____	87000	2	16	0	0	0	0	0	0	0	0	0
C	Marios	23	126	1	1	7_____	87500	16	15	0	0	0	0	0	0	0	0	0
C	Marios	23	126	1	1	7_____	88000	15	1	0	0	0	0	0	0	0	0	0
C	Marios	23	126	1	1	7_____	88400	1	0	0	0	0	1	0	0	0	0	0
C	Marios	23	126	1	1	7_____	88457	1	0	0	0	0	0	0	0	0	1	0
C	Marios	23	126	1	1	7_____	90312	1	0	0	0	0	1	0	0	0	0	0
C	Marios	23	126	1	1	7_____	90368	1	0	0	0	0	0	0	0	0	1	0
C	Marios	23	126	1	1	7_____	90965	1	0	0	0	0	1	0	0	0	0	0
C	Marios	23	126	1	1	7_____	90968	1	0	0	0	0	0	0	0	0	1	0
C	Marios	23	126	1	1	7_____	91500	1	2	0	0	0	0	0	0	0	0	0
C	Marios	23	126	1	1	7_____	92000	2	6	0	0	0	0	0	0	0	0	0
C	Marios	23	126	1	1	7_____	92084	6	0	0	0	0	1	0	0	0	0	0
C	Marios	23	126	1	1	7_____	92089	6	0	0	0	0	0	0	0	0	1	0
C	Marios	23	126	1	1	7_____	92175	6	0	0	0	0	1	0	0	0	0	0
C	Marios	23	126	1	1	7_____	92203	6	0	0	0	0	0	0	0	0	1	0
C	Marios	23	126	1	1	7_____	92211	6	0	0	0	0	1	0	0	0	0	0
C	Marios	23	126	1	1	7_____	92236	6	0	0	0	0	0	0	0	0	1	0
C	Marios	23	126	1	1	7_____	92267	6	0	0	0	0	1	0	0	0	0	0
C	Marios	23	126	1	1	7_____	92292	6	0	0	0	0	0	0	0	0	1	0
C	Marios	23	126	1	1	7_____	92304	6	0	0	0	0	1	0	0	0	0	0
C	Marios	23	126	1	1	7_____	92341	6	0	0	0	0	0	0	0	0	1	0
C	Marios	23	126	1	1	7_____	92395	6	0	0	0	0	1	0	0	0	0	0
C	Marios	23	126	1	1	7_____	92418	6	0	0	0	0	0	0	0	0	1	0
C	Marios	23	126	1	1	7_____	92432	6	0	0	0	0	1	0	0	0	0	0
C	Marios	23	126	1	1	7_____	92459	6	0	0	0	0	0	0	0	0	1	0
C	Marios	23	126	1	1	7_____	92500	6	11	0	0	0	0	0	0	0	0	0
C	Marios	23	126	1	1	7_____	92518	11	0	0	0	0	1	0	0	0	0	0
C	Marios	23	126	1	1	7_____	92792	11	0	0	0	0	0	0	0	0	1	0
C	Marios	23	126	1	1	7_____	92794	11	0	0	0	0	1	0	0	0	0	0
C	Marios	23	126	1	1	7_____	92796	11	0	0	0	0	0	0	0	0	1	0
C	Marios	23	126	1	1	7_____	93000	11	1	0	0	0	0	0	0	0	0	0
C	Marios	23	126	1	1	7_____	93904	1	0	0	0	0	1	0	0	0	0	0
C	Marios	23	126	1	1	7_____	94028	1	0	0	0	0	0	0	0	0	1	0
C	Marios	23	126	1	1	7_____	94037	1	0	0	0	0	1	0	0	0	0	0
C	Marios	23	126	1	1	7_____	94203	1	0	0	0	0	0	0	0	0	1	0
C	Marios	23	126	1	1	7_____	94207	1	0	0	0	0	1	0	0	0	0	0
C	Marios	23	126	1	1	7_____	94218	1	0	0	0	0	1	0	0	0	1	0
C	Marios	23	126	1	1	7_____	94248	1	0	0	0	0	0	0	0	0	1	0
C	Marios	23	126	1	1	7_____	94254	1	0	0	0	0	1	0	0	0	0	0
C	Marios	23	126	1	1	7_____	94259	1	0	0	0	0	0	0	0	0	1	0
C	Marios	23	126	1	1	7_____	94276	1	0	0	0	0	1	0	0	0	0	0
C	Marios	23	126	1	1	7_____	94354	1	0	0	0	0	0	0	0	0	1	0
C	Marios	23	126	1	1	7_____	94359	1	0	0	0	0	1	0	0	0	0	0
C	Marios	23	126	1	1	7_____	94585	1	0	0	0	0	0	0	0	0	1	0
C	Marios	23	126	1	1	7_____	94588	1	0	0	0	0	1	0	0	0	0	0
C	Marios	23	126	1	1	7_____	94596	1	0	0	0	0	0	0	0	0	1	0
C	Marios	23	126	1	1	7_____	94657	1	0	0	0	0	1	0	0	0	0	0
C	Marios	23	126	1	1	7_____	94772	1	0	0	0	0	0	0	0	0	1	0
C	Marios	23	126	1	1	7_____	94776	1	0	0	0	0	1	0	0	0	0	0
C	Marios	23	126	1	1	7_____	94813	1	0	0	0	0	0	0	0	0	1	0
C	Marios	23	126	1	1	7_____	96000	1	2	0	0	0	0	0	0	0	0	0
C	Marios	23	126	1	1	7_____	96500	2	17	0	0	0	0	0	0	0	0	0
C	Marios	23	126	1	1	7_____	96602	17	0	0	0	0	1	0	0	0	0	0
C	Marios	23	126	1	1	7_____	96616	17	0	0	0	0	0	0	0	0	1	0
C	Marios	23	126	1	1	7_____	97000	17	15	0	0	0	0	0	0	0	0	0
C	Marios	23	126	1	1	7_____	97410	15	0	0	0	0	1	0	0	0	0	0
C	Marios	23	126	1	1	7_____	97413	15	0	0	0	0	0	0	0	0	1	0
C	Marios	23	126	1	1	7_____	97500	15	1	0	0	0	0	0	0	0	0	0
C	Marios	23	126	1	1	7_____	97853	1	0	0	0	0	1	0	0	0	0	0
C	Marios	23	126	1	1	7_____	97855	1	0	0	0	0	0	0	0	0	1	0
C	Marios	23	126	1	1	7_____	100836	1	0	0	0	0	1	0	0	0	0	0
C	Marios	23	126	1	1	7_____	100875	1	0	0	0	0	0	0	0	0	1	0
C	Marios	23	126	1	1	7_____	102000	1	2	0	0	0	0	0	0	0	0	0
C	Marios	23	126	1	1	7_____	102500	2	17	0	0	0	0	0	0	0	0	0
C	Marios	23	126	1	1	7_____	103000	17	15	0	0	0	0	0	0	0	0	0
C	Marios	23	126	1	1	7_____	103500	15	1	0	0	0	0	0	0	0	0	0
C	Marios	23	126	1	1	7_____	103770	1	0	0	0	0	1	0	0	0	0	0
C	Marios	23	126	1	1	7_____	103829	1	0	0	0	0	0	0	0	0	1	0
C	Marios	23	126	1	1	7_____	105366	1	0	0	0	0	1	0	0	0	0	0
C	Marios	23	126	1	1	7_____	105391	1	0	0	0	0	0	0	0	0	1	0
C	Marios	23	126	1	1	7_____	105397	1	0	0	0	0	1	0	0	0	0	0
C	Marios	23	126	1	1	7_____	105401	1	0	0	0	0	0	0	0	0	1	0
C	Marios	23	126	1	1	7_____	105471	1	0	0	0	0	1	0	0	0	0	0
C	Marios	23	126	1	1	7_____	105476	1	0	0	0	0	0	0	0	0	1	0
C	Marios	23	126	1	1	7_____	105617	1	0	0	0	0	1	0	0	0	0	0
C	Marios	23	126	1	1	7_____	105679	1	0	0	0	0	0	0	0	0	1	0
C	Marios	23	126	1	1	7_____	108000	1	2	0	0	0	0	0	0	0	0	0
C	Marios	23	126	1	1	7_____	108500	2	16	0	0	0	0	0	0	0	0	0
C	Marios	23	126	1	1	7_____	109000	16	15	0	0	0	0	0	0	0	0	0
C	Marios	23	126	1	1	7_____	109028	15	0	0	0	0	1	0	0	0	0	0
C	Marios	23	126	1	1	7_____	109036	15	0	0	0	0	0	0	0	0	1	0
C	Marios	23	126	1	1	7_____	109500	15	1	0	0	0	0	0	0	0	0	0
C	Marios	23	126	1	1	7_____	109587	1	0	0	0	0	1	0	0	0	0	0
C	Marios	23	126	1	1	7_____	109588	1	0	0	0	0	0	0	0	0	1	0
C	Marios	23	126	1	1	7_____	109886	1	0	0	0	0	1	0	0	0	0	0
C	Marios	23	126	1	1	7_____	109917	1	0	0	0	0	0	0	0	0	1	0
C	Marios	23	126	1	1	7_____	114750	1	2	0	0	0	0	0	0	0	0	0
C	Marios	23	126	1	1	7_____	115250	2	16	0	0	0	0	0	0	0	0	0
C	Marios	23	126	1	1	7_____	115287	16	0	0	0	0	1	0	0	0	0	0
C	Marios	23	126	1	1	7_____	115290	16	0	0	0	0	0	0	0	0	1	0
C	Marios	23	126	1	1	7_____	115750	16	15	0	0	0	0	0	0	0	0	0
C	Marios	23	126	1	1	7_____	116250	15	1	0	0	0	0	0	0	0	0	0
C	Marios	23	126	1	1	7_____	116300	1	0	0	0	0	1	0	0	0	0	0
C	Marios	23	126	1	1	7_____	116330	1	0	0	0	0	0	0	0	0	1	0
C	Marios	23	126	1	1	7_____	118500	1	0	0	0	0	1	0	0	0	0	0
C	Marios	23	126	1	1	7_____	118571	1	0	0	0	0	0	0	0	0	1	0
C	Marios	23	126	1	1	7_____	119565	1	0	0	0	0	1	0	0	0	0	0
C	Marios	23	126	1	1	7_____	119569	1	0	0	0	0	0	0	0	0	1	0
C	Marios	23	126	1	1	7_____	119812	1	0	0	0	0	1	0	0	0	0	0
C	Marios	23	126	1	1	7_____	119814	1	0	0	0	0	1	0	0	0	1	0
C	Marios	23	126	1	1	7_____	119816	1	0	0	0	0	0	0	0	0	1	0
C	Marios	23	126	1	1	7_____	120687	1	0	0	0	0	1	0	0	0	0	0
C	Marios	23	126	1	1	7_____	120705	1	0	0	0	0	0	0	0	0	1	0
C	Marios	23	126	1	1	7_____	123000	1	2	0	0	0	0	0	0	0	0	0
C	Marios	23	126	1	1	7_____	123500	2	17	0	0	0	0	0	0	0	0	0
C	Marios	23	126	1	1	7_____	123600	17	0	0	0	0	1	0	0	0	0	0
C	Marios	23	126	1	1	7_____	123616	17	0	0	0	0	0	0	0	0	1	0
C	Marios	23	126	1	1	7_____	124000	17	15	0	0	0	0	0	0	0	0	0
C	Marios	23	126	1	1	7_____	124014	15	0	0	0	0	1	0	0	0	0	0
C	Marios	23	126	1	1	7_____	124155	15	0	0	0	0	0	0	0	0	1	0
C	Marios	23	126	1	1	7_____	124376	15	0	0	0	0	1	0	0	0	0	0
C	Marios	23	126	1	1	7_____	124500	15	1	0	0	0	0	0	0	0	0	0
C	Marios	23	126	1	1	7_____	124760	1	0	0	0	0	0	0	0	0	1	0
C	Marios	23	126	1	1	7_____	124900	1	0	0	0	0	1	0	0	0	0	0
C	Marios	23	126	1	1	7_____	124939	1	0	0	0	0	0	0	0	0	1	0
C	Marios	23	126	1	1	7_____	124998	1	0	0	0	0	1	0	0	0	0	0
C	Marios	23	126	1	1	7_____	125000	1	0	0	0	0	0	0	0	0	1	0
C	Marios	23	126	1	1	7_____	126081	1	0	0	0	0	1	0	0	0	0	0
C	Marios	23	126	1	1	7_____	126155	1	0	0	0	0	0	0	0	0	1	0
C	Marios	23	126	1	1	7_____	126750	1	2	0	0	0	0	0	0	0	0	0
C	Marios	23	126	1	1	7_____	126952	2	0	0	0	0	1	0	0	0	0	0
C	Marios	23	126	1	1	7_____	127237	2	0	0	0	0	0	0	0	0	1	0
C	Marios	23	126	1	1	7_____	127250	2	7	0	0	0	0	0	0	0	0	0
C	Marios	23	126	1	1	7_____	127278	7	0	0	0	0	1	0	0	0	0	0
C	Marios	23	126	1	1	7_____	127332	7	0	0	0	0	0	0	0	0	1	0
C	Marios	23	126	1	1	7_____	127362	7	0	0	0	0	1	0	0	0	0	0
C	Marios	23	126	1	1	7_____	127386	7	0	0	0	0	0	0	0	0	1	0
C	Marios	23	126	1	1	7_____	127420	7	0	0	0	0	1	0	0	0	0	0
C	Marios	23	126	1	1	7_____	127426	7	0	0	0	0	0	0	0	0	1	0
C	Marios	23	126	1	1	7_____	127438	7	0	0	0	0	1	0	0	0	0	0
C	Marios	23	126	1	1	7_____	127459	7	0	0	0	0	0	0	0	0	1	0
C	Marios	23	126	1	1	7_____	127474	7	0	0	0	0	1	0	0	0	0	0
C	Marios	23	126	1	1	7_____	127488	7	0	0	0	0	0	0	0	0	1	0
C	Marios	23	126	1	1	7_____	127542	7	0	0	0	0	1	0	0	0	0	0
C	Marios	23	126	1	1	7_____	127565	7	0	0	0	0	0	0	0	0	1	0
C	Marios	23	126	1	1	7_____	127575	7	0	0	0	0	1	0	0	0	0	0
C	Marios	23	126	1	1	7_____	127606	7	0	0	0	0	0	0	0	0	1	0
C	Marios	23	126	1	1	7_____	127648	7	0	0	0	0	1	0	0	0	0	0
C	Marios	23	126	1	1	7_____	127658	7	0	0	0	0	0	0	0	0	1	0
C	Marios	23	126	1	1	7_____	127659	7	0	0	0	0	1	0	0	0	0	0
C	Marios	23	126	1	1	7_____	127663	7	0	0	0	0	0	0	0	0	1	0
C	Marios	23	126	1	1	7_____	127726	7	0	0	0	0	1	0	0	0	0	0
C	Marios	23	126	1	1	7_____	127750	7	10	0	0	0	0	0	0	0	0	0
C	Marios	23	126	1	1	7_____	127944	10	0	0	0	0	0	0	0	0	1	0
C	Marios	23	126	1	1	7_____	127948	10	0	0	0	0	1	0	0	0	0	0
C	Marios	23	126	1	1	7_____	127967	10	0	0	0	0	0	0	0	0	1	0
C	Marios	23	126	1	1	7_____	127971	10	0	0	0	0	1	0	0	0	0	0
C	Marios	23	126	1	1	7_____	128072	10	0	0	0	0	0	0	0	0	1	0
C	Marios	23	126	1	1	7_____	128075	10	0	0	0	0	1	0	0	0	0	0
C	Marios	23	126	1	1	7_____	128078	10	0	0	0	0	0	0	0	0	1	0
C	Marios	23	126	1	1	7_____	128250	10	1	0	0	0	1	0	0	0	0	0
C	Marios	23	126	1	1	7_____	128259	1	0	0	0	0	0	0	0	0	1	0
C	Marios	23	126	1	1	7_____	128273	1	0	0	0	0	1	0	0	0	0	0
C	Marios	23	126	1	1	7_____	128276	1	0	0	0	0	0	0	0	0	1	0
C	Marios	23	126	1	1	7_____	128287	1	0	0	0	0	1	0	0	0	0	0
C	Marios	23	126	1	1	7_____	128299	1	0	0	0	0	0	0	0	0	1	0
C	Marios	23	126	1	1	7_____	128307	1	0	0	0	0	1	0	0	0	0	0
C	Marios	23	126	1	1	7_____	128313	1	0	0	0	0	0	0	0	0	1	0
C	Marios	23	126	1	1	7_____	128321	1	0	0	0	0	1	0	0	0	0	0
C	Marios	23	126	1	1	7_____	128356	1	0	0	0	0	0	0	0	0	1	0
C	Marios	23	126	1	1	7_____	128383	1	0	0	0	0	1	0	0	0	0	0
C	Marios	23	126	1	1	7_____	128389	1	0	0	0	0	1	0	0	0	1	0
C	Marios	23	126	1	1	7_____	128552	1	0	0	0	0	0	0	0	0	1	0
C	Marios	23	126	1	1	7_____	128558	1	0	0	0	0	1	0	0	0	0	0
C	Marios	23	126	1	1	7_____	128560	1	0	0	0	0	0	0	0	0	1	0
C	Marios	23	126	1	1	7_____	128574	1	0	0	0	0	1	0	0	0	0	0
C	Marios	23	126	1	1	7_____	128576	1	0	0	0	0	0	0	0	0	1	0
C	Marios	23	126	1	1	7_____	128580	1	0	0	0	0	1	0	0	0	0	0
C	Marios	23	126	1	1	7_____	128630	1	0	0	0	0	0	0	0	0	1	0
C	Marios	23	126	1	1	7_____	128658	1	0	0	0	0	1	0	0	0	0	0
C	Marios	23	126	1	1	7_____	128670	1	0	0	0	0	0	0	0	0	1	0
C	Marios	23	126	1	1	7_____	131711	1	0	0	0	0	1	0	0	0	0	0
C	Marios	23	126	1	1	7_____	131719	1	0	0	0	0	0	0	0	0	1	0
C	Marios	23	126	1	1	7_____	134250	1	2	0	0	0	0	0	0	0	0	0
C	Marios	23	126	1	1	7_____	134750	2	16	0	0	0	0	0	0	0	0	0
C	Marios	23	126	1	1	7_____	135250	16	15	0	0	0	0	0	0	0	0	0
C	Marios	23	126	1	1	7_____	135750	15	1	0	0	0	0	0	0	0	0	0
C	Marios	23	126	1	1	7_____	135857	1	0	0	0	0	1	0	0	0	0	0
C	Marios	23	126	1	1	7_____	135958	1	0	0	0	0	0	0	0	0	1	0
C	Marios	23	126	1	1	7_____	135964	1	0	0	0	0	1	0	0	0	0	0
C	Marios	23	126	1	1	7_____	135988	1	0	0	0	0	0	0	0	0	1	0
C	Marios	23	126	1	1	7_____	136680	1	0	0	0	0	1	0	0	0	0	0
C	Marios	23	126	1	1	7_____	136690	1	0	0	0	0	0	0	0	0	1	0
C	Marios	23	126	1	1	7_____	137250	1	2	0	0	0	0	0	0	0	0	0
C	Marios	23	126	1	1	7_____	137750	2	6	0	0	0	0	0	0	0	0	0
C	Marios	23	126	1	1	7_____	138096	6	0	0	0	0	1	0	0	0	0	0
C	Marios	23	126	1	1	7_____	138244	6	0	0	0	0	0	0	0	0	1	0
C	Marios	23	126	1	1	7_____	138250	6	11	0	0	0	0	0	0	0	0	0
C	Marios	23	126	1	1	7_____	138267	11	0	0	0	0	1	0	0	0	0	0
C	Marios	23	126	1	1	7_____	138446	11	0	0	0	0	0	0	0	0	1	0
C	Marios	23	126	1	1	7_____	138467	11	0	0	0	0	1	0	0	0	0	0
C	Marios	23	126	1	1	7_____	138479	11	0	0	0	0	0	0	0	0	1	0
C	Marios	23	126	1	1	7_____	138599	11	0	0	0	0	1	0	0	0	0	0
C	Marios	23	126	1	1	7_____	138608	11	0	0	0	0	0	0	0	0	1	0
C	Marios	23	126	1	1	7_____	138750	11	1	0	0	0	0	0	0	0	0	0
C	Marios	23	126	1	1	7_____	138917	1	0	0	0	0	1	0	0	0	0	0
C	Marios	23	126	1	1	7_____	138918	1	0	0	0	0	0	0	0	0	1	0
C	Marios	23	126	1	1	7_____	138955	1	0	0	0	0	1	0	0	0	0	0
C	Marios	23	126	1	1	7_____	138957	1	0	0	0	0	0	0	0	0	1	0
C	Marios	23	126	1	1	7_____	138964	1	0	0	0	0	1	0	0	0	0	0
C	Marios	23	126	1	1	7_____	138985	1	0	0	0	0	0	0	0	0	1	0
C	Marios	23	126	1	1	7_____	139155	1	0	0	0	0	1	0	0	0	0	0
C	Marios	23	126	1	1	7_____	139157	1	0	0	0	0	0	0	0	0	1	0
C	Marios	23	126	1	1	7_____	141641	1	0	0	0	0	1	0	0	0	0	0
C	Marios	23	126	1	1	7_____	141644	1	0	0	0	0	0	0	0	0	1	0
C	Marios	23	126	1	1	7_____	141799	1	0	0	0	0	1	0	0	0	0	0
C	Marios	23	126	1	1	7_____	141860	1	0	0	0	0	0	0	0	0	1	0
C	Marios	23	126	1	1	7_____	142368	1	0	0	0	0	1	0	0	0	0	0
C	Marios	23	126	1	1	7_____	142372	1	0	0	0	0	0	0	0	0	1	0
C	Marios	23	126	1	1	7_____	142500	1	2	0	0	0	0	0	0	0	0	0
C	Marios	23	126	1	1	7_____	143000	2	17	0	0	0	0	0	0	0	0	0
C	Marios	23	126	1	1	7_____	143052	17	0	0	0	0	1	0	0	0	0	0
C	Marios	23	126	1	1	7_____	143075	17	0	0	0	0	0	0	0	0	1	0
C	Marios	23	126	1	1	7_____	143150	17	0	0	0	0	1	0	0	0	0	0
C	Marios	23	126	1	1	7_____	143194	17	0	0	0	0	0	0	0	0	1	0
C	Marios	23	126	1	1	7_____	143207	17	0	0	0	0	1	0	0	0	0	0
C	Marios	23	126	1	1	7_____	143242	17	0	0	0	0	0	0	0	0	1	0
C	Marios	23	126	1	1	7_____	143280	17	0	0	0	0	1	0	0	0	0	0
C	Marios	23	126	1	1	7_____	143299	17	0	0	0	0	0	0	0	0	1	0
C	Marios	23	126	1	1	7_____	143332	17	0	0	0	0	1	0	0	0	0	0
C	Marios	23	126	1	1	7_____	143341	17	0	0	0	0	0	0	0	0	1	0
C	Marios	23	126	1	1	7_____	143453	17	0	0	0	0	1	0	0	0	0	0
C	Marios	23	126	1	1	7_____	143500	17	15	0	0	0	0	0	0	0	0	0
C	Marios	23	126	1	1	7_____	143551	15	0	0	0	0	0	0	0	0	1	0
C	Marios	23	126	1	1	7_____	143688	15	0	0	0	0	1	0	0	0	0	0
C	Marios	23	126	1	1	7_____	143762	15	0	0	0	0	0	0	0	0	1	0
C	Marios	23	126	1	1	7_____	143899	15	0	0	0	0	1	0	0	0	0	0
C	Marios	23	126	1	1	7_____	143933	15	0	0	0	0	0	0	0	0	1	0
C	Marios	23	126	1	1	7_____	144000	15	14	0	0	0	0	0	0	0	0	0
C	Marios	23	126	1	1	7_____	147000	14	-1	0	0	0	0	0	0	0	0	0
C	Marios	23	126	5	1	32____	0	0	1	0	0	0	0	0	0	0	0	0
C	Marios	23	126	5	1	32____	1449	1	0	0	0	0	1	0	0	0	0	0
C	Marios	23	126	5	1	32____	1455	1	0	0	0	0	0	0	0	0	1	0
C	Marios	23	126	5	1	32____	1457	1	0	0	0	0	1	0	0	0	0	0
C	Marios	23	126	5	1	32____	1517	1	0	0	0	0	0	0	0	0	1	0
C	Marios	23	126	5	1	32____	3019	1	0	0	0	0	1	0	0	0	0	0
C	Marios	23	126	5	1	32____	3024	1	0	0	0	0	0	0	0	0	1	0
C	Marios	23	126	5	1	32____	3062	1	0	0	0	0	1	0	0	0	0	0
C	Marios	23	126	5	1	32____	3066	1	0	0	0	0	0	0	0	0	1	0
C	Marios	23	126	5	1	32____	3067	1	0	0	0	0	1	0	0	0	0	0
C	Marios	23	126	5	1	32____	3108	1	0	0	0	0	0	0	0	0	1	0
C	Marios	23	126	5	1	32____	3292	1	0	0	0	0	1	0	0	0	0	0
C	Marios	23	126	5	1	32____	3315	1	0	0	0	0	0	0	0	0	1	0
C	Marios	23	126	5	1	32____	3911	1	0	0	0	0	1	0	0	0	0	0
C	Marios	23	126	5	1	32____	3921	1	0	0	0	0	0	0	0	0	1	0
C	Marios	23	126	5	1	32____	4467	1	0	0	0	0	1	0	0	0	0	0
C	Marios	23	126	5	1	32____	4489	1	0	0	0	0	0	0	0	0	1	0
C	Marios	23	126	5	1	32____	5218	1	0	0	0	0	1	0	0	0	0	0
C	Marios	23	126	5	1	32____	5278	1	0	0	0	0	0	0	0	0	1	0
C	Marios	23	126	5	1	32____	6000	1	2	0	0	0	0	0	0	0	0	0
C	Marios	23	126	5	1	32____	6305	2	0	0	0	0	1	0	0	0	0	0
C	Marios	23	126	5	1	32____	6326	2	0	0	0	0	0	0	0	0	1	0
C	Marios	23	126	5	1	32____	6500	2	16	0	0	0	0	0	0	0	0	0
C	Marios	23	126	5	1	32____	7000	16	15	0	0	0	0	0	0	0	0	0
C	Marios	23	126	5	1	32____	7500	15	1	0	0	0	0	0	0	0	0	0
C	Marios	23	126	5	1	32____	9226	1	0	0	0	0	1	0	0	0	0	0
C	Marios	23	126	5	1	32____	9240	1	0	0	0	0	0	0	0	0	1	0
C	Marios	23	126	5	1	32____	10072	1	0	0	0	0	1	0	0	0	0	0
C	Marios	23	126	5	1	32____	10093	1	0	0	0	0	0	0	0	0	1	0
C	Marios	23	126	5	1	32____	10747	1	0	0	0	0	1	0	0	0	0	0
C	Marios	23	126	5	1	32____	10757	1	0	0	0	0	0	0	0	0	1	0
C	Marios	23	126	5	1	32____	11853	1	0	0	0	0	1	0	0	0	0	0
C	Marios	23	126	5	1	32____	11876	1	0	0	0	0	0	0	0	0	1	0
C	Marios	23	126	5	1	32____	12559	1	0	0	0	0	1	0	0	0	0	0
C	Marios	23	126	5	1	32____	12596	1	0	0	0	0	0	0	0	0	1	0
C	Marios	23	126	5	1	32____	13116	1	0	0	0	0	1	0	0	0	0	0
C	Marios	23	126	5	1	32____	13138	1	0	0	0	0	0	0	0	0	1	0
C	Marios	23	126	5	1	32____	13142	1	0	0	0	0	1	0	0	0	0	0
C	Marios	23	126	5	1	32____	13260	1	0	0	0	0	0	0	0	0	1	0
C	Marios	23	126	5	1	32____	13267	1	0	0	0	0	1	0	0	0	0	0
C	Marios	23	126	5	1	32____	13274	1	0	0	0	0	0	0	0	0	1	0
C	Marios	23	126	5	1	32____	13893	1	0	0	0	0	1	0	0	0	0	0
C	Marios	23	126	5	1	32____	13953	1	0	0	0	0	0	0	0	0	1	0
C	Marios	23	126	5	1	32____	14250	1	2	0	0	0	0	0	0	0	0	0
C	Marios	23	126	5	1	32____	14750	2	17	0	0	0	0	0	0	0	0	0
C	Marios	23	126	5	1	32____	15250	17	15	0	0	0	0	0	0	0	0	0
C	Marios	23	126	5	1	32____	15567	15	0	0	0	0	1	0	0	0	0	0
C	Marios	23	126	5	1	32____	15637	15	0	0	0	0	0	0	0	0	1	0
C	Marios	23	126	5	1	32____	15750	15	1	0	0	0	0	0	0	0	0	0
C	Marios	23	126	5	1	32____	16219	1	0	0	0	0	1	0	0	0	0	0
C	Marios	23	126	5	1	32____	16239	1	0	0	0	0	0	0	0	0	1	0
C	Marios	23	126	5	1	32____	17020	1	0	0	0	0	1	0	0	0	0	0
C	Marios	23	126	5	1	32____	17031	1	0	0	0	0	0	0	0	0	1	0
C	Marios	23	126	5	1	32____	17724	1	0	0	0	0	1	0	0	0	0	0
C	Marios	23	126	5	1	32____	17752	1	0	0	0	0	0	0	0	0	1	0
C	Marios	23	126	5	1	32____	18327	1	0	0	0	0	1	0	0	0	0	0
C	Marios	23	126	5	1	32____	18344	1	0	0	0	0	0	0	0	0	1	0
C	Marios	23	126	5	1	32____	18820	1	0	0	0	0	1	0	0	0	0	0
C	Marios	23	126	5	1	32____	18849	1	0	0	0	0	0	0	0	0	1	0
C	Marios	23	126	5	1	32____	18880	1	0	0	0	0	1	0	0	0	0	0
C	Marios	23	126	5	1	32____	18908	1	0	0	0	0	0	0	0	0	1	0
C	Marios	23	126	5	1	32____	19250	1	2	0	0	0	0	0	0	0	0	0
C	Marios	23	126	5	1	32____	19745	2	0	0	0	0	1	0	0	0	0	0
C	Marios	23	126	5	1	32____	19750	2	7	0	0	0	0	0	0	0	0	0
C	Marios	23	126	5	1	32____	19753	7	0	0	0	0	0	0	0	0	1	0
C	Marios	23	126	5	1	32____	19820	7	0	0	0	0	1	0	0	0	0	0
C	Marios	23	126	5	1	32____	19843	7	0	0	0	0	0	0	0	0	1	0
C	Marios	23	126	5	1	32____	19936	7	0	0	0	0	1	0	0	0	0	0
C	Marios	23	126	5	1	32____	19946	7	0	0	0	0	0	0	0	0	1	0
C	Marios	23	126	5	1	32____	20022	7	0	0	0	0	1	0	0	0	0	0
C	Marios	23	126	5	1	32____	20062	7	0	0	0	0	0	0	0	0	1	0
C	Marios	23	126	5	1	32____	20072	7	0	0	0	0	1	0	0	0	0	0
C	Marios	23	126	5	1	32____	20075	7	0	0	0	0	0	0	0	0	1	0
C	Marios	23	126	5	1	32____	20108	7	0	0	0	0	1	0	0	0	0	0
C	Marios	23	126	5	1	32____	20130	7	0	0	0	0	0	0	0	0	1	0
C	Marios	23	126	5	1	32____	20201	7	0	0	0	0	1	0	0	0	0	0
C	Marios	23	126	5	1	32____	20223	7	0	0	0	0	0	0	0	0	1	0
C	Marios	23	126	5	1	32____	20224	7	0	0	0	0	1	0	0	0	0	0
C	Marios	23	126	5	1	32____	20226	7	0	0	0	0	0	0	0	0	1	0
C	Marios	23	126	5	1	32____	20250	7	10	0	0	0	0	0	0	0	0	0
C	Marios	23	126	5	1	32____	20271	10	0	0	0	0	1	0	0	0	0	0
C	Marios	23	126	5	1	32____	20391	10	0	0	0	0	0	0	0	0	1	0
C	Marios	23	126	5	1	32____	20405	10	0	0	0	0	1	0	0	0	0	0
C	Marios	23	126	5	1	32____	20465	10	0	0	0	0	1	0	0	0	1	0
C	Marios	23	126	5	1	32____	20500	10	0	0	0	0	0	0	0	0	1	0
C	Marios	23	126	5	1	32____	20750	10	1	0	0	0	0	0	0	0	0	0
C	Marios	23	126	5	1	32____	21247	1	0	0	0	0	1	0	0	0	0	0
C	Marios	23	126	5	1	32____	21287	1	0	0	0	0	0	0	0	0	1	0
C	Marios	23	126	5	1	32____	22596	1	0	0	0	0	1	0	0	0	0	0
C	Marios	23	126	5	1	32____	22664	1	0	0	0	0	0	0	0	0	1	0
C	Marios	23	126	5	1	32____	23128	1	0	0	0	0	1	0	0	0	0	0
C	Marios	23	126	5	1	32____	23142	1	0	0	0	0	0	0	0	0	1	0
C	Marios	23	126	5	1	32____	24003	1	0	0	0	0	1	0	0	0	0	0
C	Marios	23	126	5	1	32____	24015	1	0	0	0	0	0	0	0	0	1	0
C	Marios	23	126	5	1	32____	24016	1	0	0	0	0	1	0	0	0	0	0
C	Marios	23	126	5	1	32____	24022	1	0	0	0	0	0	0	0	0	1	0
C	Marios	23	126	5	1	32____	24026	1	0	0	0	0	1	0	0	0	0	0
C	Marios	23	126	5	1	32____	24105	1	0	0	0	0	0	0	0	0	1	0
C	Marios	23	126	5	1	32____	24111	1	0	0	0	0	1	0	0	0	0	0
C	Marios	23	126	5	1	32____	24113	1	0	0	0	0	1	0	0	0	1	0
C	Marios	23	126	5	1	32____	24115	1	0	0	0	0	0	0	0	0	1	0
C	Marios	23	126	5	1	32____	24814	1	0	0	0	0	1	0	0	0	0	0
C	Marios	23	126	5	1	32____	24975	1	0	0	0	0	0	0	0	0	1	0
C	Marios	23	126	5	1	32____	25053	1	0	0	0	0	1	0	0	0	0	0
C	Marios	23	126	5	1	32____	25082	1	0	0	0	0	0	0	0	0	1	0
C	Marios	23	126	5	1	32____	25162	1	0	0	0	0	1	0	0	0	0	0
C	Marios	23	126	5	1	32____	25198	1	0	0	0	0	0	0	0	0	1	0
C	Marios	23	126	5	1	32____	25768	1	0	0	0	0	1	0	0	0	0	0
C	Marios	23	126	5	1	32____	25779	1	0	0	0	0	0	0	0	0	1	0
C	Marios	23	126	5	1	32____	26184	1	0	0	0	0	1	0	0	0	0	0
C	Marios	23	126	5	1	32____	26255	1	0	0	0	0	0	0	0	0	1	0
C	Marios	23	126	5	1	32____	26328	1	0	0	0	0	1	0	0	0	0	0
C	Marios	23	126	5	1	32____	26419	1	0	0	0	0	0	0	0	0	1	0
C	Marios	23	126	5	1	32____	26422	1	0	0	0	0	1	0	0	0	0	0
C	Marios	23	126	5	1	32____	26437	1	0	0	0	0	0	0	0	0	1	0
C	Marios	23	126	5	1	32____	26438	1	0	0	0	0	1	0	0	0	0	0
C	Marios	23	126	5	1	32____	26441	1	0	0	0	0	0	0	0	0	1	0
C	Marios	23	126	5	1	32____	28250	1	2	0	0	0	0	0	0	0	0	0
C	Marios	23	126	5	1	32____	28750	2	17	0	0	0	0	0	0	0	0	0
C	Marios	23	126	5	1	32____	29250	17	15	0	0	0	0	0	0	0	0	0
C	Marios	23	126	5	1	32____	29378	15	0	0	0	0	1	0	0	0	0	0
C	Marios	23	126	5	1	32____	29463	15	0	0	0	0	0	0	0	0	1	0
C	Marios	23	126	5	1	32____	29551	15	0	0	0	0	1	0	0	0	0	0
C	Marios	23	126	5	1	32____	29609	15	0	0	0	0	0	0	0	0	1	0
C	Marios	23	126	5	1	32____	29689	15	0	0	0	0	1	0	0	0	0	0
C	Marios	23	126	5	1	32____	29750	15	1	0	0	0	0	0	0	0	0	0
C	Marios	23	126	5	1	32____	29769	1	0	0	0	0	0	0	0	0	1	0
C	Marios	23	126	5	1	32____	29828	1	0	0	0	0	1	0	0	0	0	0
C	Marios	23	126	5	1	32____	29844	1	0	0	0	0	0	0	0	0	1	0
C	Marios	23	126	5	1	32____	30512	1	0	0	0	0	1	0	0	0	0	0
C	Marios	23	126	5	1	32____	30537	1	0	0	0	0	0	0	0	0	1	0
C	Marios	23	126	5	1	32____	31250	1	2	0	0	0	0	0	0	0	0	0
C	Marios	23	126	5	1	32____	31385	2	0	0	0	0	1	0	0	0	0	0
C	Marios	23	126	5	1	32____	31432	2	0	0	0	0	0	0	0	0	1	0
C	Marios	23	126	5	1	32____	31750	2	6	0	0	0	0	0	0	0	0	0
C	Marios	23	126	5	1	32____	31832	6	0	0	0	0	1	0	0	0	0	0
C	Marios	23	126	5	1	32____	31891	6	0	0	0	0	0	0	0	0	1	0
C	Marios	23	126	5	1	32____	31916	6	0	0	0	0	1	0	0	0	0	0
C	Marios	23	126	5	1	32____	31976	6	0	0	0	0	0	0	0	0	1	0
C	Marios	23	126	5	1	32____	32005	6	0	0	0	0	1	0	0	0	0	0
C	Marios	23	126	5	1	32____	32053	6	0	0	0	0	0	0	0	0	1	0
C	Marios	23	126	5	1	32____	32119	6	0	0	0	0	1	0	0	0	0	0
C	Marios	23	126	5	1	32____	32148	6	0	0	0	0	0	0	0	0	1	0
C	Marios	23	126	5	1	32____	32206	6	0	0	0	0	1	0	0	0	0	0
C	Marios	23	126	5	1	32____	32250	6	11	0	0	0	0	0	0	0	0	0
C	Marios	23	126	5	1	32____	32253	11	0	0	0	0	0	0	0	0	1	0
C	Marios	23	126	5	1	32____	32263	11	0	0	0	0	1	0	0	0	0	0
C	Marios	23	126	5	1	32____	32523	11	0	0	0	0	0	0	0	0	1	0
C	Marios	23	126	5	1	32____	32750	11	1	0	0	0	0	0	0	0	0	0
C	Marios	23	126	5	1	32____	33419	1	0	0	0	0	1	0	0	0	0	0
C	Marios	23	126	5	1	32____	33437	1	0	0	0	0	0	0	0	0	1	0
C	Marios	23	126	5	1	32____	34785	1	0	0	0	0	1	0	0	0	0	0
C	Marios	23	126	5	1	32____	34823	1	0	0	0	0	0	0	0	0	1	0
C	Marios	23	126	5	1	32____	34858	1	0	0	0	0	1	0	0	0	0	0
C	Marios	23	126	5	1	32____	34877	1	0	0	0	0	0	0	0	0	1	0
C	Marios	23	126	5	1	32____	35601	1	0	0	0	0	1	0	0	0	0	0
C	Marios	23	126	5	1	32____	35716	1	0	0	0	0	0	0	0	0	1	0
C	Marios	23	126	5	1	32____	36851	1	0	0	0	0	1	0	0	0	0	0
C	Marios	23	126	5	1	32____	36968	1	0	0	0	0	0	0	0	0	1	0
C	Marios	23	126	5	1	32____	37114	1	0	0	0	0	1	0	0	0	0	0
C	Marios	23	126	5	1	32____	37193	1	0	0	0	0	0	0	0	0	1	0
C	Marios	23	126	5	1	32____	37194	1	0	0	0	0	1	0	0	0	0	0
C	Marios	23	126	5	1	32____	37247	1	0	0	0	0	0	0	0	0	1	0
C	Marios	23	126	5	1	32____	37536	1	0	0	0	0	1	0	0	0	0	0
C	Marios	23	126	5	1	32____	37569	1	0	0	0	0	0	0	0	0	1	0
C	Marios	23	126	5	1	32____	38000	1	2	0	0	0	0	0	0	0	0	0
C	Marios	23	126	5	1	32____	38362	2	0	0	0	0	1	0	0	0	0	0
C	Marios	23	126	5	1	32____	38386	2	0	0	0	0	0	0	0	0	1	0
C	Marios	23	126	5	1	32____	38460	2	0	0	0	0	1	0	0	0	0	0
C	Marios	23	126	5	1	32____	38500	2	16	0	0	0	0	0	0	0	0	0
C	Marios	23	126	5	1	32____	38503	16	0	0	0	0	0	0	0	0	1	0
C	Marios	23	126	5	1	32____	39000	16	15	0	0	0	0	0	0	0	0	0
C	Marios	23	126	5	1	32____	39133	15	0	0	0	0	1	0	0	0	0	0
C	Marios	23	126	5	1	32____	39155	15	0	0	0	0	0	0	0	0	1	0
C	Marios	23	126	5	1	32____	39500	15	1	0	0	0	0	0	0	0	0	0
C	Marios	23	126	5	1	32____	40057	1	0	0	0	0	1	0	0	0	0	0
C	Marios	23	126	5	1	32____	40066	1	0	0	0	0	0	0	0	0	1	0
C	Marios	23	126	5	1	32____	40111	1	0	0	0	0	1	0	0	0	0	0
C	Marios	23	126	5	1	32____	40123	1	0	0	0	0	0	0	0	0	1	0
C	Marios	23	126	5	1	32____	40154	1	0	0	0	0	1	0	0	0	0	0
C	Marios	23	126	5	1	32____	40158	1	0	0	0	0	0	0	0	0	1	0
C	Marios	23	126	5	1	32____	40408	1	0	0	0	0	1	0	0	0	0	0
C	Marios	23	126	5	1	32____	40560	1	0	0	0	0	0	0	0	0	1	0
C	Marios	23	126	5	1	32____	41086	1	0	0	0	0	1	0	0	0	0	0
C	Marios	23	126	5	1	32____	41157	1	0	0	0	0	0	0	0	0	1	0
C	Marios	23	126	5	1	32____	41847	1	0	0	0	0	1	0	0	0	0	0
C	Marios	23	126	5	1	32____	41938	1	0	0	0	0	0	0	0	0	1	0
C	Marios	23	126	5	1	32____	42743	1	0	0	0	0	1	0	0	0	0	0
C	Marios	23	126	5	1	32____	42825	1	0	0	0	0	0	0	0	0	1	0
C	Marios	23	126	5	1	32____	42930	1	0	0	0	0	1	0	0	0	0	0
C	Marios	23	126	5	1	32____	42937	1	0	0	0	0	0	0	0	0	1	0
C	Marios	23	126	5	1	32____	42940	1	0	0	0	0	1	0	0	0	0	0
C	Marios	23	126	5	1	32____	43070	1	0	0	0	0	0	0	0	0	1	0
C	Marios	23	126	5	1	32____	43216	1	0	0	0	0	1	0	0	0	0	0
C	Marios	23	126	5	1	32____	43220	1	0	0	0	0	0	0	0	0	1	0
C	Marios	23	126	5	1	32____	43270	1	0	0	0	0	1	0	0	0	0	0
C	Marios	23	126	5	1	32____	43285	1	0	0	0	0	0	0	0	0	1	0
C	Marios	23	126	5	1	32____	43307	1	0	0	0	0	1	0	0	0	0	0
C	Marios	23	126	5	1	32____	43364	1	0	0	0	0	0	0	0	0	1	0
C	Marios	23	126	5	1	32____	44000	1	2	0	0	0	0	0	0	0	0	0
C	Marios	23	126	5	1	32____	44500	2	16	0	0	0	0	0	0	0	0	0
C	Marios	23	126	5	1	32____	45000	16	15	0	0	0	0	0	0	0	0	0
C	Marios	23	126	5	1	32____	45228	15	0	0	0	0	1	0	0	0	0	0
C	Marios	23	126	5	1	32____	45267	15	0	0	0	0	0	0	0	0	1	0
C	Marios	23	126	5	1	32____	45500	15	1	0	0	0	0	0	0	0	0	0
C	Marios	23	126	5	1	32____	46812	1	0	0	0	0	1	0	0	0	0	0
C	Marios	23	126	5	1	32____	46826	1	0	0	0	0	0	0	0	0	1	0
C	Marios	23	126	5	1	32____	46991	1	0	0	0	0	1	0	0	0	0	0
C	Marios	23	126	5	1	32____	46999	1	0	0	0	0	0	0	0	0	1	0
C	Marios	23	126	5	1	32____	48125	1	0	0	0	0	1	0	0	0	0	0
C	Marios	23	126	5	1	32____	48140	1	0	0	0	0	0	0	0	0	1	0
C	Marios	23	126	5	1	32____	48796	1	0	0	0	0	1	0	0	0	0	0
C	Marios	23	126	5	1	32____	48857	1	0	0	0	0	0	0	0	0	1	0
C	Marios	23	126	5	1	32____	48861	1	0	0	0	0	1	0	0	0	0	0
C	Marios	23	126	5	1	32____	49040	1	0	0	0	0	0	0	0	0	1	0
C	Marios	23	126	5	1	32____	49041	1	0	0	0	0	1	0	0	0	0	0
C	Marios	23	126	5	1	32____	49066	1	0	0	0	0	0	0	0	0	1	0
C	Marios	23	126	5	1	32____	49345	1	0	0	0	0	1	0	0	0	0	0
C	Marios	23	126	5	1	32____	49544	1	0	0	0	0	0	0	0	0	1	0
C	Marios	23	126	5	1	32____	49990	1	0	0	0	0	1	0	0	0	0	0
C	Marios	23	126	5	1	32____	50057	1	0	0	0	0	0	0	0	0	1	0
C	Marios	23	126	5	1	32____	50887	1	0	0	0	0	1	0	0	0	0	0
C	Marios	23	126	5	1	32____	50891	1	0	0	0	0	0	0	0	0	1	0
C	Marios	23	126	5	1	32____	51000	1	2	0	0	0	0	0	0	0	0	0
C	Marios	23	126	5	1	32____	51258	2	0	0	0	0	1	0	0	0	0	0
C	Marios	23	126	5	1	32____	51287	2	0	0	0	0	0	0	0	0	1	0
C	Marios	23	126	5	1	32____	51500	2	17	0	0	0	0	0	0	0	0	0
C	Marios	23	126	5	1	32____	52000	17	15	0	0	0	0	0	0	0	0	0
C	Marios	23	126	5	1	32____	52237	15	0	0	0	0	1	0	0	0	0	0
C	Marios	23	126	5	1	32____	52376	15	0	0	0	0	0	0	0	0	1	0
C	Marios	23	126	5	1	32____	52500	15	1	0	0	0	0	0	0	0	0	0
C	Marios	23	126	5	1	32____	52986	1	0	0	0	0	1	0	0	0	0	0
C	Marios	23	126	5	1	32____	53000	1	0	0	0	0	0	0	0	0	1	0
C	Marios	23	126	5	1	32____	53609	1	0	0	0	0	1	0	0	0	0	0
C	Marios	23	126	5	1	32____	53628	1	0	0	0	0	0	0	0	0	1	0
C	Marios	23	126	5	1	32____	53640	1	0	0	0	0	1	0	0	0	0	0
C	Marios	23	126	5	1	32____	53677	1	0	0	0	0	0	0	0	0	1	0
C	Marios	23	126	5	1	32____	54642	1	0	0	0	0	1	0	0	0	0	0
C	Marios	23	126	5	1	32____	54669	1	0	0	0	0	0	0	0	0	1	0
C	Marios	23	126	5	1	32____	54750	1	2	0	0	0	0	0	0	0	0	0
C	Marios	23	126	5	1	32____	54878	2	0	0	0	0	1	0	0	0	0	0
C	Marios	23	126	5	1	32____	54989	2	0	0	0	0	0	0	0	0	1	0
C	Marios	23	126	5	1	32____	55250	2	17	0	0	0	0	0	0	0	0	0
C	Marios	23	126	5	1	32____	55750	17	15	0	0	0	0	0	0	0	0	0
C	Marios	23	126	5	1	32____	55878	15	0	0	0	0	1	0	0	0	0	0
C	Marios	23	126	5	1	32____	55896	15	0	0	0	0	0	0	0	0	1	0
C	Marios	23	126	5	1	32____	56145	15	0	0	0	0	1	0	0	0	0	0
C	Marios	23	126	5	1	32____	56166	15	0	0	0	0	0	0	0	0	1	0
C	Marios	23	126	5	1	32____	56250	15	1	0	0	0	0	0	0	0	0	0
C	Marios	23	126	5	1	32____	56995	1	0	0	0	0	1	0	0	0	0	0
C	Marios	23	126	5	1	32____	57010	1	0	0	0	0	0	0	0	0	1	0
C	Marios	23	126	5	1	32____	57478	1	0	0	0	0	1	0	0	0	0	0
C	Marios	23	126	5	1	32____	57482	1	0	0	0	0	0	0	0	0	1	0
C	Marios	23	126	5	1	32____	57493	1	0	0	0	0	1	0	0	0	0	0
C	Marios	23	126	5	1	32____	57579	1	0	0	0	0	0	0	0	0	1	0
C	Marios	23	126	5	1	32____	57662	1	0	0	0	0	1	0	0	0	0	0
C	Marios	23	126	5	1	32____	57672	1	0	0	0	0	0	0	0	0	1	0
C	Marios	23	126	5	1	32____	57687	1	0	0	0	0	1	0	0	0	0	0
C	Marios	23	126	5	1	32____	57703	1	0	0	0	0	0	0	0	0	1	0
C	Marios	23	126	5	1	32____	57704	1	0	0	0	0	1	0	0	0	0	0
C	Marios	23	126	5	1	32____	57752	1	0	0	0	0	0	0	0	0	1	0
C	Marios	23	126	5	1	32____	57772	1	0	0	0	0	1	0	0	0	0	0
C	Marios	23	126	5	1	32____	57774	1	0	0	0	0	0	0	0	0	1	0
C	Marios	23	126	5	1	32____	57776	1	0	0	0	0	1	0	0	0	0	0
C	Marios	23	126	5	1	32____	57867	1	0	0	0	0	0	0	0	0	1	0
C	Marios	23	126	5	1	32____	58868	1	0	0	0	0	1	0	0	0	0	0
C	Marios	23	126	5	1	32____	58933	1	0	0	0	0	0	0	0	0	1	0
C	Marios	23	126	5	1	32____	59187	1	0	0	0	0	1	0	0	0	0	0
C	Marios	23	126	5	1	32____	59261	1	0	0	0	0	0	0	0	0	1	0
C	Marios	23	126	5	1	32____	60000	1	2	0	0	0	0	0	0	0	0	0
C	Marios	23	126	5	1	32____	60142	2	0	0	0	0	1	0	0	0	0	0
C	Marios	23	126	5	1	32____	60226	2	0	0	0	0	0	0	0	0	1	0
C	Marios	23	126	5	1	32____	60227	2	0	0	0	0	1	0	0	0	0	0
C	Marios	23	126	5	1	32____	60240	2	0	0	0	0	0	0	0	0	1	0
C	Marios	23	126	5	1	32____	60500	2	16	0	0	0	0	0	0	0	0	0
C	Marios	23	126	5	1	32____	61000	16	15	0	0	0	0	0	0	0	0	0
C	Marios	23	126	5	1	32____	61500	15	1	0	0	0	0	0	0	0	0	0
C	Marios	23	126	5	1	32____	61551	1	0	0	0	0	1	0	0	0	0	0
C	Marios	23	126	5	1	32____	61575	1	0	0	0	0	0	0	0	0	1	0
C	Marios	23	126	5	1	32____	61671	1	0	0	0	0	1	0	0	0	0	0
C	Marios	23	126	5	1	32____	61717	1	0	0	0	0	0	0	0	0	1	0
C	Marios	23	126	5	1	32____	64500	1	2	0	0	0	0	0	0	0	0	0
C	Marios	23	126	5	1	32____	64804	2	0	0	0	0	1	0	0	0	0	0
C	Marios	23	126	5	1	32____	64829	2	0	0	0	0	0	0	0	0	1	0
C	Marios	23	126	5	1	32____	65000	2	7	0	0	0	0	0	0	0	0	0
C	Marios	23	126	5	1	32____	65059	7	0	0	0	0	1	0	0	0	0	0
C	Marios	23	126	5	1	32____	65175	7	0	0	0	0	0	0	0	0	1	0
C	Marios	23	126	5	1	32____	65264	7	0	0	0	0	1	0	0	0	0	0
C	Marios	23	126	5	1	32____	65308	7	0	0	0	0	0	0	0	0	1	0
C	Marios	23	126	5	1	32____	65500	7	10	0	0	0	0	0	0	0	0	0
C	Marios	23	126	5	1	32____	65684	10	0	0	0	0	1	0	0	0	0	0
C	Marios	23	126	5	1	32____	65958	10	0	0	0	0	0	0	0	0	1	0
C	Marios	23	126	5	1	32____	65967	10	0	0	0	0	1	0	0	0	0	0
C	Marios	23	126	5	1	32____	65970	10	0	0	0	0	0	0	0	0	1	0
C	Marios	23	126	5	1	32____	65986	10	0	0	0	0	1	0	0	0	0	0
C	Marios	23	126	5	1	32____	66000	10	1	0	0	0	0	0	0	0	0	0
C	Marios	23	126	5	1	32____	66101	1	0	0	0	0	0	0	0	0	1	0
C	Marios	23	126	5	1	32____	66229	1	0	0	0	0	1	0	0	0	0	0
C	Marios	23	126	5	1	32____	66356	1	0	0	0	0	0	0	0	0	1	0
C	Marios	23	126	5	1	32____	66997	1	0	0	0	0	1	0	0	0	0	0
C	Marios	23	126	5	1	32____	67011	1	0	0	0	0	0	0	0	0	1	0
C	Marios	23	126	5	1	32____	67041	1	0	0	0	0	1	0	0	0	0	0
C	Marios	23	126	5	1	32____	67061	1	0	0	0	0	0	0	0	0	1	0
C	Marios	23	126	5	1	32____	67113	1	0	0	0	0	1	0	0	0	0	0
C	Marios	23	126	5	1	32____	67174	1	0	0	0	0	0	0	0	0	1	0
C	Marios	23	126	5	1	32____	67182	1	0	0	0	0	1	0	0	0	0	0
C	Marios	23	126	5	1	32____	67187	1	0	0	0	0	0	0	0	0	1	0
C	Marios	23	126	5	1	32____	67236	1	0	0	0	0	1	0	0	0	0	0
C	Marios	23	126	5	1	32____	67262	1	0	0	0	0	0	0	0	0	1	0
C	Marios	23	126	5	1	32____	68981	1	0	0	0	0	1	0	0	0	0	0
C	Marios	23	126	5	1	32____	69172	1	0	0	0	0	0	0	0	0	1	0
C	Marios	23	126	5	1	32____	69420	1	0	0	0	0	1	0	0	0	0	0
C	Marios	23	126	5	1	32____	69458	1	0	0	0	0	0	0	0	0	1	0
C	Marios	23	126	5	1	32____	69465	1	0	0	0	0	1	0	0	0	0	0
C	Marios	23	126	5	1	32____	70018	1	0	0	0	0	0	0	0	0	1	0
C	Marios	23	126	5	1	32____	70500	1	2	0	0	0	0	0	0	0	0	0
C	Marios	23	126	5	1	32____	71000	2	6	0	0	0	0	0	0	0	0	0
C	Marios	23	126	5	1	32____	71247	6	0	0	0	0	1	0	0	0	0	0
C	Marios	23	126	5	1	32____	71278	6	0	0	0	0	0	0	0	0	1	0
C	Marios	23	126	5	1	32____	71340	6	0	0	0	0	1	0	0	0	0	0
C	Marios	23	126	5	1	32____	71370	6	0	0	0	0	0	0	0	0	1	0
C	Marios	23	126	5	1	32____	71471	6	0	0	0	0	1	0	0	0	0	0
C	Marios	23	126	5	1	32____	71500	6	11	0	0	0	0	0	0	0	0	0
C	Marios	23	126	5	1	32____	71803	11	0	0	0	0	0	0	0	0	1	0
C	Marios	23	126	5	1	32____	71817	11	0	0	0	0	1	0	0	0	0	0
C	Marios	23	126	5	1	32____	71821	11	0	0	0	0	0	0	0	0	1	0
C	Marios	23	126	5	1	32____	71824	11	0	0	0	0	1	0	0	0	0	0
C	Marios	23	126	5	1	32____	71829	11	0	0	0	0	0	0	0	0	1	0
C	Marios	23	126	5	1	32____	71830	11	0	0	0	0	1	0	0	0	0	0
C	Marios	23	126	5	1	32____	71831	11	0	0	0	0	0	0	0	0	1	0
C	Marios	23	126	5	1	32____	71837	11	0	0	0	0	1	0	0	0	0	0
C	Marios	23	126	5	1	32____	71840	11	0	0	0	0	0	0	0	0	1	0
C	Marios	23	126	5	1	32____	71843	11	0	0	0	0	1	0	0	0	0	0
C	Marios	23	126	5	1	32____	71854	11	0	0	0	0	0	0	0	0	1	0
C	Marios	23	126	5	1	32____	71886	11	0	0	0	0	1	0	0	0	0	0
C	Marios	23	126	5	1	32____	71952	11	0	0	0	0	0	0	0	0	1	0
C	Marios	23	126	5	1	32____	71957	11	0	0	0	0	1	0	0	0	0	0
C	Marios	23	126	5	1	32____	72000	11	1	0	0	0	0	0	0	0	0	0
C	Marios	23	126	5	1	32____	72085	1	0	0	0	0	0	0	0	0	1	0
C	Marios	23	126	5	1	32____	72119	1	0	0	0	0	1	0	0	0	0	0
C	Marios	23	126	5	1	32____	72122	1	0	0	0	0	0	0	0	0	1	0
C	Marios	23	126	5	1	32____	73699	1	0	0	0	0	1	0	0	0	0	0
C	Marios	23	126	5	1	32____	73719	1	0	0	0	0	0	0	0	0	1	0
C	Marios	23	126	5	1	32____	74427	1	0	0	0	0	1	0	0	0	0	0
C	Marios	23	126	5	1	32____	74468	1	0	0	0	0	0	0	0	0	1	0
C	Marios	23	126	5	1	32____	74609	1	0	0	0	0	1	0	0	0	0	0
C	Marios	23	126	5	1	32____	74662	1	0	0	0	0	0	0	0	0	1	0
C	Marios	23	126	5	1	32____	75157	1	0	0	0	0	1	0	0	0	0	0
C	Marios	23	126	5	1	32____	75173	1	0	0	0	0	0	0	0	0	1	0
C	Marios	23	126	5	1	32____	75370	1	0	0	0	0	1	0	0	0	0	0
C	Marios	23	126	5	1	32____	75486	1	0	0	0	0	0	0	0	0	1	0
C	Marios	23	126	5	1	32____	76017	1	0	0	0	0	1	0	0	0	0	0
C	Marios	23	126	5	1	32____	76111	1	0	0	0	0	0	0	0	0	1	0
C	Marios	23	126	5	1	32____	76124	1	0	0	0	0	1	0	0	0	0	0
C	Marios	23	126	5	1	32____	76129	1	0	0	0	0	0	0	0	0	1	0
C	Marios	23	126	5	1	32____	76130	1	0	0	0	0	1	0	0	0	0	0
C	Marios	23	126	5	1	32____	76162	1	0	0	0	0	0	0	0	0	1	0
C	Marios	23	126	5	1	32____	76346	1	0	0	0	0	1	0	0	0	0	0
C	Marios	23	126	5	1	32____	76360	1	0	0	0	0	0	0	0	0	1	0
C	Marios	23	126	5	1	32____	76403	1	0	0	0	0	1	0	0	0	0	0
C	Marios	23	126	5	1	32____	76457	1	0	0	0	0	0	0	0	0	1	0
C	Marios	23	126	5	1	32____	76461	1	0	0	0	0	1	0	0	0	0	0
C	Marios	23	126	5	1	32____	76467	1	0	0	0	0	1	0	0	0	1	0
C	Marios	23	126	5	1	32____	76474	1	0	0	0	0	0	0	0	0	1	0
C	Marios	23	126	5	1	32____	76500	1	2	0	0	0	0	0	0	0	0	0
C	Marios	23	126	5	1	32____	77000	2	16	0	0	0	0	0	0	0	0	0
C	Marios	23	126	5	1	32____	77500	16	15	0	0	0	0	0	0	0	0	0
C	Marios	23	126	5	1	32____	77762	15	0	0	0	0	1	0	0	0	0	0
C	Marios	23	126	5	1	32____	77908	15	0	0	0	0	0	0	0	0	1	0
C	Marios	23	126	5	1	32____	77969	15	0	0	0	0	1	0	0	0	0	0
C	Marios	23	126	5	1	32____	78000	15	1	0	0	0	0	0	0	0	0	0
C	Marios	23	126	5	1	32____	78126	1	0	0	0	0	0	0	0	0	1	0
C	Marios	23	126	5	1	32____	78757	1	0	0	0	0	1	0	0	0	0	0
C	Marios	23	126	5	1	32____	78854	1	0	0	0	0	0	0	0	0	1	0
C	Marios	23	126	5	1	32____	78855	1	0	0	0	0	1	0	0	0	0	0
C	Marios	23	126	5	1	32____	78857	1	0	0	0	0	0	0	0	0	1	0
C	Marios	23	126	5	1	32____	79186	1	0	0	0	0	1	0	0	0	0	0
C	Marios	23	126	5	1	32____	79379	1	0	0	0	0	0	0	0	0	1	0
C	Marios	23	126	5	1	32____	80140	1	0	0	0	0	1	0	0	0	0	0
C	Marios	23	126	5	1	32____	80241	1	0	0	0	0	0	0	0	0	1	0
C	Marios	23	126	5	1	32____	80489	1	0	0	0	0	1	0	0	0	0	0
C	Marios	23	126	5	1	32____	80510	1	0	0	0	0	0	0	0	0	1	0
C	Marios	23	126	5	1	32____	80589	1	0	0	0	0	1	0	0	0	0	0
C	Marios	23	126	5	1	32____	80947	1	0	0	0	0	0	0	0	0	1	0
C	Marios	23	126	5	1	32____	81111	1	0	0	0	0	1	0	0	0	0	0
C	Marios	23	126	5	1	32____	81116	1	0	0	0	0	0	0	0	0	1	0
C	Marios	23	126	5	1	32____	81228	1	0	0	0	0	1	0	0	0	0	0
C	Marios	23	126	5	1	32____	81273	1	0	0	0	0	0	0	0	0	1	0
C	Marios	23	126	5	1	32____	81500	1	0	0	0	0	1	0	0	0	0	0
C	Marios	23	126	5	1	32____	81574	1	0	0	0	0	0	0	0	0	1	0
C	Marios	23	126	5	1	32____	81576	1	0	0	0	0	1	0	0	0	0	0
C	Marios	23	126	5	1	32____	81580	1	0	0	0	0	0	0	0	0	1	0
C	Marios	23	126	5	1	32____	81585	1	0	0	0	0	1	0	0	0	0	0
C	Marios	23	126	5	1	32____	81591	1	0	0	0	0	0	0	0	0	1	0
C	Marios	23	126	5	1	32____	82237	1	0	0	0	0	1	0	0	0	0	0
C	Marios	23	126	5	1	32____	82253	1	0	0	0	0	0	0	0	0	1	0
C	Marios	23	126	5	1	32____	82547	1	0	0	0	0	1	0	0	0	0	0
C	Marios	23	126	5	1	32____	82585	1	0	0	0	0	0	0	0	0	1	0
C	Marios	23	126	5	1	32____	83500	1	2	0	0	0	0	0	0	0	0	0
C	Marios	23	126	5	1	32____	83554	2	0	0	0	0	1	0	0	0	0	0
C	Marios	23	126	5	1	32____	83617	2	0	0	0	0	0	0	0	0	1	0
C	Marios	23	126	5	1	32____	84000	2	17	0	0	0	0	0	0	0	0	0
C	Marios	23	126	5	1	32____	84500	17	15	0	0	0	0	0	0	0	0	0
C	Marios	23	126	5	1	32____	84613	15	0	0	0	0	1	0	0	0	0	0
C	Marios	23	126	5	1	32____	84989	15	0	0	0	0	0	0	0	0	1	0
C	Marios	23	126	5	1	32____	85000	15	1	0	0	0	0	0	0	0	0	0
C	Marios	23	126	5	1	32____	85145	1	0	0	0	0	1	0	0	0	0	0
C	Marios	23	126	5	1	32____	85254	1	0	0	0	0	0	0	0	0	1	0
C	Marios	23	126	5	1	32____	85317	1	0	0	0	0	1	0	0	0	0	0
C	Marios	23	126	5	1	32____	85572	1	0	0	0	0	0	0	0	0	1	0
C	Marios	23	126	5	1	32____	85680	1	0	0	0	0	1	0	0	0	0	0
C	Marios	23	126	5	1	32____	85681	1	0	0	0	0	0	0	0	0	1	0
C	Marios	23	126	5	1	32____	85734	1	0	0	0	0	1	0	0	0	0	0
C	Marios	23	126	5	1	32____	85752	1	0	0	0	0	0	0	0	0	1	0
C	Marios	23	126	5	1	32____	85757	1	0	0	0	0	1	0	0	0	0	0
C	Marios	23	126	5	1	32____	85846	1	0	0	0	0	0	0	0	0	1	0
C	Marios	23	126	5	1	32____	86048	1	0	0	0	0	1	0	0	0	0	0
C	Marios	23	126	5	1	32____	86069	1	0	0	0	0	0	0	0	0	1	0
C	Marios	23	126	5	1	32____	86143	1	0	0	0	0	1	0	0	0	0	0
C	Marios	23	126	5	1	32____	86175	1	0	0	0	0	0	0	0	0	1	0
C	Marios	23	126	5	1	32____	86794	1	0	0	0	0	1	0	0	0	0	0
C	Marios	23	126	5	1	32____	86839	1	0	0	0	0	0	0	0	0	1	0
C	Marios	23	126	5	1	32____	87685	1	0	0	0	0	1	0	0	0	0	0
C	Marios	23	126	5	1	32____	87773	1	0	0	0	0	0	0	0	0	1	0
C	Marios	23	126	5	1	32____	88000	1	2	0	0	0	0	0	0	0	0	0
C	Marios	23	126	5	1	32____	88500	2	6	0	0	0	0	0	0	0	0	0
C	Marios	23	126	5	1	32____	88572	6	0	0	0	0	1	0	0	0	0	0
C	Marios	23	126	5	1	32____	88579	6	0	0	0	0	0	0	0	0	1	0
C	Marios	23	126	5	1	32____	88609	6	0	0	0	0	1	0	0	0	0	0
C	Marios	23	126	5	1	32____	88686	6	0	0	0	0	0	0	0	0	1	0
C	Marios	23	126	5	1	32____	88725	6	0	0	0	0	1	0	0	0	0	0
C	Marios	23	126	5	1	32____	88799	6	0	0	0	0	0	0	0	0	1	0
C	Marios	23	126	5	1	32____	88814	6	0	0	0	0	1	0	0	0	0	0
C	Marios	23	126	5	1	32____	88867	6	0	0	0	0	0	0	0	0	1	0
C	Marios	23	126	5	1	32____	88909	6	0	0	0	0	1	0	0	0	0	0
C	Marios	23	126	5	1	32____	88920	6	0	0	0	0	0	0	0	0	1	0
C	Marios	23	126	5	1	32____	88999	6	0	0	0	0	1	0	0	0	0	0
C	Marios	23	126	5	1	32____	89000	6	11	0	0	0	0	0	0	0	0	0
C	Marios	23	126	5	1	32____	89352	11	0	0	0	0	0	0	0	0	1	0
C	Marios	23	126	5	1	32____	89360	11	0	0	0	0	1	0	0	0	0	0
C	Marios	23	126	5	1	32____	89365	11	0	0	0	0	0	0	0	0	1	0
C	Marios	23	126	5	1	32____	89369	11	0	0	0	0	1	0	0	0	0	0
C	Marios	23	126	5	1	32____	89373	11	0	0	0	0	0	0	0	0	1	0
C	Marios	23	126	5	1	32____	89377	11	0	0	0	0	1	0	0	0	0	0
C	Marios	23	126	5	1	32____	89380	11	0	0	0	0	0	0	0	0	1	0
C	Marios	23	126	5	1	32____	89389	11	0	0	0	0	1	0	0	0	0	0
C	Marios	23	126	5	1	32____	89391	11	0	0	0	0	0	0	0	0	1	0
C	Marios	23	126	5	1	32____	89397	11	0	0	0	0	1	0	0	0	0	0
C	Marios	23	126	5	1	32____	89399	11	0	0	0	0	0	0	0	0	1	0
C	Marios	23	126	5	1	32____	89405	11	0	0	0	0	1	0	0	0	0	0
C	Marios	23	126	5	1	32____	89407	11	0	0	0	0	0	0	0	0	1	0
C	Marios	23	126	5	1	32____	89474	11	0	0	0	0	1	0	0	0	0	0
C	Marios	23	126	5	1	32____	89500	11	1	0	0	0	0	0	0	0	0	0
C	Marios	23	126	5	1	32____	89566	1	0	0	0	0	0	0	0	0	1	0
C	Marios	23	126	5	1	32____	89568	1	0	0	0	0	1	0	0	0	0	0
C	Marios	23	126	5	1	32____	89574	1	0	0	0	0	0	0	0	0	1	0
C	Marios	23	126	5	1	32____	89608	1	0	0	0	0	1	0	0	0	0	0
C	Marios	23	126	5	1	32____	89610	1	0	0	0	0	0	0	0	0	1	0
C	Marios	23	126	5	1	32____	89616	1	0	0	0	0	1	0	0	0	0	0
C	Marios	23	126	5	1	32____	89619	1	0	0	0	0	0	0	0	0	1	0
C	Marios	23	126	5	1	32____	89908	1	0	0	0	0	1	0	0	0	0	0
C	Marios	23	126	5	1	32____	89915	1	0	0	0	0	0	0	0	0	1	0
C	Marios	23	126	5	1	32____	90548	1	0	0	0	0	1	0	0	0	0	0
C	Marios	23	126	5	1	32____	90573	1	0	0	0	0	0	0	0	0	1	0
C	Marios	23	126	5	1	32____	90927	1	0	0	0	0	1	0	0	0	0	0
C	Marios	23	126	5	1	32____	91455	1	0	0	0	0	0	0	0	0	1	0
C	Marios	23	126	5	1	32____	91809	1	0	0	0	0	1	0	0	0	0	0
C	Marios	23	126	5	1	32____	91886	1	0	0	0	0	0	0	0	0	1	0
C	Marios	23	126	5	1	32____	91921	1	0	0	0	0	1	0	0	0	0	0
C	Marios	23	126	5	1	32____	91926	1	0	0	0	0	0	0	0	0	1	0
C	Marios	23	126	5	1	32____	92576	1	0	0	0	0	1	0	0	0	0	0
C	Marios	23	126	5	1	32____	92623	1	0	0	0	0	0	0	0	0	1	0
C	Marios	23	126	5	1	32____	92624	1	0	0	0	0	1	0	0	0	0	0
C	Marios	23	126	5	1	32____	93210	1	0	0	0	0	0	0	0	0	1	0
C	Marios	23	126	5	1	32____	93591	1	0	0	0	0	1	0	0	0	0	0
C	Marios	23	126	5	1	32____	93598	1	0	0	0	0	0	0	0	0	1	0
C	Marios	23	126	5	1	32____	93607	1	0	0	0	0	1	0	0	0	0	0
C	Marios	23	126	5	1	32____	93704	1	0	0	0	0	0	0	0	0	1	0
C	Marios	23	126	5	1	32____	93719	1	0	0	0	0	1	0	0	0	0	0
C	Marios	23	126	5	1	32____	93725	1	0	0	0	0	0	0	0	0	1	0
C	Marios	23	126	5	1	32____	94539	1	0	0	0	0	1	0	0	0	0	0
C	Marios	23	126	5	1	32____	94608	1	0	0	0	0	0	0	0	0	1	0
C	Marios	23	126	5	1	32____	94750	1	2	0	0	0	0	0	0	0	0	0
C	Marios	23	126	5	1	32____	95250	2	7	0	0	0	0	0	0	0	0	0
C	Marios	23	126	5	1	32____	95284	7	0	0	0	0	1	0	0	0	0	0
C	Marios	23	126	5	1	32____	95302	7	0	0	0	0	0	0	0	0	1	0
C	Marios	23	126	5	1	32____	95367	7	0	0	0	0	1	0	0	0	0	0
C	Marios	23	126	5	1	32____	95383	7	0	0	0	0	0	0	0	0	1	0
C	Marios	23	126	5	1	32____	95428	7	0	0	0	0	1	0	0	0	0	0
C	Marios	23	126	5	1	32____	95477	7	0	0	0	0	0	0	0	0	1	0
C	Marios	23	126	5	1	32____	95523	7	0	0	0	0	1	0	0	0	0	0
C	Marios	23	126	5	1	32____	95573	7	0	0	0	0	0	0	0	0	1	0
C	Marios	23	126	5	1	32____	95638	7	0	0	0	0	1	0	0	0	0	0
C	Marios	23	126	5	1	32____	95738	7	0	0	0	0	0	0	0	0	1	0
C	Marios	23	126	5	1	32____	95750	7	10	0	0	0	0	0	0	0	0	0
C	Marios	23	126	5	1	32____	95763	10	0	0	0	0	1	0	0	0	0	0
C	Marios	23	126	5	1	32____	96006	10	0	0	0	0	1	0	0	0	1	0
C	Marios	23	126	5	1	32____	96011	10	0	0	0	0	0	0	0	0	1	0
C	Marios	23	126	5	1	32____	96015	10	0	0	0	0	1	0	0	0	0	0
C	Marios	23	126	5	1	32____	96020	10	0	0	0	0	0	0	0	0	1	0
C	Marios	23	126	5	1	32____	96023	10	0	0	0	0	1	0	0	0	0	0
C	Marios	23	126	5	1	32____	96033	10	0	0	0	0	0	0	0	0	1	0
C	Marios	23	126	5	1	32____	96042	10	0	0	0	0	1	0	0	0	0	0
C	Marios	23	126	5	1	32____	96046	10	0	0	0	0	0	0	0	0	1	0
C	Marios	23	126	5	1	32____	96048	10	0	0	0	0	1	0	0	0	0	0
C	Marios	23	126	5	1	32____	96082	10	0	0	0	0	0	0	0	0	1	0
C	Marios	23	126	5	1	32____	96250	10	1	0	0	0	0	0	0	0	0	0
C	Marios	23	126	5	1	32____	97064	1	0	0	0	0	1	0	0	0	0	0
C	Marios	23	126	5	1	32____	97072	1	0	0	0	0	0	0	0	0	1	0
C	Marios	23	126	5	1	32____	97973	1	0	0	0	0	1	0	0	0	0	0
C	Marios	23	126	5	1	32____	98022	1	0	0	0	0	0	0	0	0	1	0
C	Marios	23	126	5	1	32____	98099	1	0	0	0	0	1	0	0	0	0	0
C	Marios	23	126	5	1	32____	98110	1	0	0	0	0	0	0	0	0	1	0
C	Marios	23	126	5	1	32____	99696	1	0	0	0	0	1	0	0	0	0	0
C	Marios	23	126	5	1	32____	99974	1	0	0	0	0	0	0	0	0	1	0
C	Marios	23	126	5	1	32____	99988	1	0	0	0	0	1	0	0	0	0	0
C	Marios	23	126	5	1	32____	99990	1	0	0	0	0	0	0	0	0	1	0
C	Marios	23	126	5	1	32____	100252	1	0	0	0	0	1	0	0	0	0	0
C	Marios	23	126	5	1	32____	100256	1	0	0	0	0	0	0	0	0	1	0
C	Marios	23	126	5	1	32____	101186	1	0	0	0	0	1	0	0	0	0	0
C	Marios	23	126	5	1	32____	101190	1	0	0	0	0	0	0	0	0	1	0
C	Marios	23	126	5	1	32____	101197	1	0	0	0	0	1	0	0	0	0	0
C	Marios	23	126	5	1	32____	101274	1	0	0	0	0	0	0	0	0	1	0
C	Marios	23	126	5	1	32____	101890	1	0	0	0	0	1	0	0	0	0	0
C	Marios	23	126	5	1	32____	101897	1	0	0	0	0	1	0	0	0	1	0
C	Marios	23	126	5	1	32____	101960	1	0	0	0	0	0	0	0	0	1	0
C	Marios	23	126	5	1	32____	103000	1	2	0	0	0	0	0	0	0	0	0
C	Marios	23	126	5	1	32____	103500	2	17	0	0	0	0	0	0	0	0	0
C	Marios	23	126	5	1	32____	103557	17	0	0	0	0	1	0	0	0	0	0
C	Marios	23	126	5	1	32____	103601	17	0	0	0	0	0	0	0	0	1	0
C	Marios	23	126	5	1	32____	103705	17	0	0	0	0	1	0	0	0	0	0
C	Marios	23	126	5	1	32____	103742	17	0	0	0	0	0	0	0	0	1	0
C	Marios	23	126	5	1	32____	103826	17	0	0	0	0	1	0	0	0	0	0
C	Marios	23	126	5	1	32____	103853	17	0	0	0	0	0	0	0	0	1	0
C	Marios	23	126	5	1	32____	103900	17	0	0	0	0	1	0	0	0	0	0
C	Marios	23	126	5	1	32____	103968	17	0	0	0	0	0	0	0	0	1	0
C	Marios	23	126	5	1	32____	104000	17	15	0	0	0	0	0	0	0	0	0
C	Marios	23	126	5	1	32____	104055	15	0	0	0	0	1	0	0	0	0	0
C	Marios	23	126	5	1	32____	104065	15	0	0	0	0	0	0	0	0	1	0
C	Marios	23	126	5	1	32____	104067	15	0	0	0	0	1	0	0	0	0	0
C	Marios	23	126	5	1	32____	104184	15	0	0	0	0	0	0	0	0	1	0
C	Marios	23	126	5	1	32____	104247	15	0	0	0	0	1	0	0	0	0	0
C	Marios	23	126	5	1	32____	104335	15	0	0	0	0	0	0	0	0	1	0
C	Marios	23	126	5	1	32____	104500	15	1	0	0	0	0	0	0	0	0	0
C	Marios	23	126	5	1	32____	104513	1	0	0	0	0	1	0	0	0	0	0
C	Marios	23	126	5	1	32____	104552	1	0	0	0	0	0	0	0	0	1	0
C	Marios	23	126	5	1	32____	104947	1	0	0	0	0	1	0	0	0	0	0
C	Marios	23	126	5	1	32____	104969	1	0	0	0	0	0	0	0	0	1	0
C	Marios	23	126	5	1	32____	105858	1	0	0	0	0	1	0	0	0	0	0
C	Marios	23	126	5	1	32____	105913	1	0	0	0	0	0	0	0	0	1	0
C	Marios	23	126	5	1	32____	105921	1	0	0	0	0	1	0	0	0	0	0
C	Marios	23	126	5	1	32____	106090	1	0	0	0	0	0	0	0	0	1	0
C	Marios	23	126	5	1	32____	106092	1	0	0	0	0	1	0	0	0	0	0
C	Marios	23	126	5	1	32____	106093	1	0	0	0	0	0	0	0	0	1	0
C	Marios	23	126	5	1	32____	107111	1	0	0	0	0	1	0	0	0	0	0
C	Marios	23	126	5	1	32____	107147	1	0	0	0	0	0	0	0	0	1	0
C	Marios	23	126	5	1	32____	107160	1	0	0	0	0	1	0	0	0	0	0
C	Marios	23	126	5	1	32____	107182	1	0	0	0	0	0	0	0	0	1	0
C	Marios	23	126	5	1	32____	107183	1	0	0	0	0	1	0	0	0	0	0
C	Marios	23	126	5	1	32____	107281	1	0	0	0	0	0	0	0	0	1	0
C	Marios	23	126	5	1	32____	107710	1	0	0	0	0	1	0	0	0	0	0
C	Marios	23	126	5	1	32____	107727	1	0	0	0	0	0	0	0	0	1	0
C	Marios	23	126	5	1	32____	108688	1	0	0	0	0	1	0	0	0	0	0
C	Marios	23	126	5	1	32____	108755	1	0	0	0	0	0	0	0	0	1	0
C	Marios	23	126	5	1	32____	109622	1	0	0	0	0	1	0	0	0	0	0
C	Marios	23	126	5	1	32____	109675	1	0	0	0	0	0	0	0	0	1	0
C	Marios	23	126	5	1	32____	109684	1	0	0	0	0	1	0	0	0	0	0
C	Marios	23	126	5	1	32____	109689	1	0	0	0	0	0	0	0	0	1	0
C	Marios	23	126	5	1	32____	109701	1	0	0	0	0	1	0	0	0	0	0
C	Marios	23	126	5	1	32____	109705	1	0	0	0	0	0	0	0	0	1	0
C	Marios	23	126	5	1	32____	109731	1	0	0	0	0	1	0	0	0	0	0
C	Marios	23	126	5	1	32____	109741	1	0	0	0	0	0	0	0	0	1	0
C	Marios	23	126	5	1	32____	109742	1	0	0	0	0	1	0	0	0	0	0
C	Marios	23	126	5	1	32____	109745	1	0	0	0	0	1	0	0	0	1	0
C	Marios	23	126	5	1	32____	109753	1	0	0	0	0	1	0	0	0	1	0
C	Marios	23	126	5	1	32____	109761	1	0	0	0	0	0	0	0	0	1	0
C	Marios	23	126	5	1	32____	109767	1	0	0	0	0	1	0	0	0	0	0
C	Marios	23	126	5	1	32____	109778	1	0	0	0	0	0	0	0	0	1	0
C	Marios	23	126	5	1	32____	109779	1	0	0	0	0	1	0	0	0	0	0
C	Marios	23	126	5	1	32____	109781	1	0	0	0	0	0	0	0	0	1	0
C	Marios	23	126	5	1	32____	109787	1	0	0	0	0	1	0	0	0	0	0
C	Marios	23	126	5	1	32____	109791	1	0	0	0	0	0	0	0	0	1	0
C	Marios	23	126	5	1	32____	109795	1	0	0	0	0	1	0	0	0	0	0
C	Marios	23	126	5	1	32____	109798	1	0	0	0	0	0	0	0	0	1	0
C	Marios	23	126	5	1	32____	109804	1	0	0	0	0	1	0	0	0	0	0
C	Marios	23	126	5	1	32____	109829	1	0	0	0	0	0	0	0	0	1	0
C	Marios	23	126	5	1	32____	111422	1	0	0	0	0	1	0	0	0	0	0
C	Marios	23	126	5	1	32____	111426	1	0	0	0	0	0	0	0	0	1	0
C	Marios	23	126	5	1	32____	111427	1	0	0	0	0	1	0	0	0	0	0
C	Marios	23	126	5	1	32____	111467	1	0	0	0	0	0	0	0	0	1	0
C	Marios	23	126	5	1	32____	111668	1	0	0	0	0	1	0	0	0	0	0
C	Marios	23	126	5	1	32____	111735	1	0	0	0	0	0	0	0	0	1	0
C	Marios	23	126	5	1	32____	112000	1	2	0	0	0	0	0	0	0	0	0
C	Marios	23	126	5	1	32____	112499	2	0	0	0	0	1	0	0	0	0	0
C	Marios	23	126	5	1	32____	112500	2	16	0	0	0	0	0	0	0	0	0
C	Marios	23	126	5	1	32____	112503	16	0	0	0	0	0	0	0	0	1	0
C	Marios	23	126	5	1	32____	112613	16	0	0	0	0	1	0	0	0	0	0
C	Marios	23	126	5	1	32____	112619	16	0	0	0	0	0	0	0	0	1	0
C	Marios	23	126	5	1	32____	112620	16	0	0	0	0	1	0	0	0	0	0
C	Marios	23	126	5	1	32____	112622	16	0	0	0	0	0	0	0	0	1	0
C	Marios	23	126	5	1	32____	112624	16	0	0	0	0	1	0	0	0	0	0
C	Marios	23	126	5	1	32____	112628	16	0	0	0	0	0	0	0	0	1	0
C	Marios	23	126	5	1	32____	112642	16	0	0	0	0	1	0	0	0	0	0
C	Marios	23	126	5	1	32____	112730	16	0	0	0	0	0	0	0	0	1	0
C	Marios	23	126	5	1	32____	112813	16	0	0	0	0	1	0	0	0	0	0
C	Marios	23	126	5	1	32____	112815	16	0	0	0	0	0	0	0	0	1	0
C	Marios	23	126	5	1	32____	112860	16	0	0	0	0	1	0	0	0	0	0
C	Marios	23	126	5	1	32____	112964	16	0	0	0	0	0	0	0	0	1	0
C	Marios	23	126	5	1	32____	113000	16	15	0	0	0	0	0	0	0	0	0
C	Marios	23	126	5	1	32____	113016	15	0	0	0	0	1	0	0	0	0	0
C	Marios	23	126	5	1	32____	113266	15	0	0	0	0	0	0	0	0	1	0
C	Marios	23	126	5	1	32____	113268	15	0	0	0	0	1	0	0	0	0	0
C	Marios	23	126	5	1	32____	113275	15	0	0	0	0	0	0	0	0	1	0
C	Marios	23	126	5	1	32____	113399	15	0	0	0	0	1	0	0	0	0	0
C	Marios	23	126	5	1	32____	113499	15	0	0	0	0	0	0	0	0	1	0
C	Marios	23	126	5	1	32____	113500	15	1	0	0	0	0	0	0	0	0	0
C	Marios	23	126	5	1	32____	113661	1	0	0	0	0	1	0	0	0	0	0
C	Marios	23	126	5	1	32____	113663	1	0	0	0	0	0	0	0	0	1	0
C	Marios	23	126	5	1	32____	113688	1	0	0	0	0	1	0	0	0	0	0
C	Marios	23	126	5	1	32____	113707	1	0	0	0	0	0	0	0	0	1	0
C	Marios	23	126	5	1	32____	115860	1	0	0	0	0	1	0	0	0	0	0
C	Marios	23	126	5	1	32____	115868	1	0	0	0	0	0	0	0	0	1	0
C	Marios	23	126	5	1	32____	115874	1	0	0	0	0	1	0	0	0	0	0
C	Marios	23	126	5	1	32____	115885	1	0	0	0	0	0	0	0	0	1	0
C	Marios	23	126	5	1	32____	116058	1	0	0	0	0	1	0	0	0	0	0
C	Marios	23	126	5	1	32____	116126	1	0	0	0	0	0	0	0	0	1	0
C	Marios	23	126	5	1	32____	116302	1	0	0	0	0	1	0	0	0	0	0
C	Marios	23	126	5	1	32____	116393	1	0	0	0	0	0	0	0	0	1	0
C	Marios	23	126	5	1	32____	117000	1	2	0	0	0	0	0	0	0	0	0
C	Marios	23	126	5	1	32____	117500	2	6	0	0	0	0	0	0	0	0	0
C	Marios	23	126	5	1	32____	117603	6	0	0	0	0	1	0	0	0	0	0
C	Marios	23	126	5	1	32____	117744	6	0	0	0	0	0	0	0	0	1	0
C	Marios	23	126	5	1	32____	117793	6	0	0	0	0	1	0	0	0	0	0
C	Marios	23	126	5	1	32____	117934	6	0	0	0	0	0	0	0	0	1	0
C	Marios	23	126	5	1	32____	117971	6	0	0	0	0	1	0	0	0	0	0
C	Marios	23	126	5	1	32____	118000	6	11	0	0	0	0	0	0	0	0	0
C	Marios	23	126	5	1	32____	118500	11	1	0	0	0	0	0	0	0	0	0
C	Marios	23	126	5	1	32____	118561	1	0	0	0	0	0	0	0	0	1	0
C	Marios	23	126	5	1	32____	118562	1	0	0	0	0	1	0	0	0	0	0
C	Marios	23	126	5	1	32____	118624	1	0	0	0	0	0	0	0	0	1	0
C	Marios	23	126	5	1	32____	118631	1	0	0	0	0	1	0	0	0	0	0
C	Marios	23	126	5	1	32____	118863	1	0	0	0	0	0	0	0	0	1	0
C	Marios	23	126	5	1	32____	119003	1	0	0	0	0	1	0	0	0	0	0
C	Marios	23	126	5	1	32____	119011	1	0	0	0	0	0	0	0	0	1	0
C	Marios	23	126	5	1	32____	120000	1	2	0	0	0	0	0	0	0	0	0
C	Marios	23	126	5	1	32____	120500	2	17	0	0	0	0	0	0	0	0	0
C	Marios	23	126	5	1	32____	121000	17	15	0	0	0	0	0	0	0	0	0
C	Marios	23	126	5	1	32____	121167	15	0	0	0	0	1	0	0	0	0	0
C	Marios	23	126	5	1	32____	121178	15	0	0	0	0	0	0	0	0	1	0
C	Marios	23	126	5	1	32____	121183	15	0	0	0	0	1	0	0	0	0	0
C	Marios	23	126	5	1	32____	121446	15	0	0	0	0	0	0	0	0	1	0
C	Marios	23	126	5	1	32____	121500	15	1	0	0	0	0	0	0	0	0	0
C	Marios	23	126	5	1	32____	121828	1	0	0	0	0	1	0	0	0	0	0
C	Marios	23	126	5	1	32____	122328	1	0	0	0	0	0	0	0	0	1	0
C	Marios	23	126	5	1	32____	122332	1	0	0	0	0	1	0	0	0	0	0
C	Marios	23	126	5	1	32____	122370	1	0	0	0	0	0	0	0	0	1	0
C	Marios	23	126	5	1	32____	122968	1	0	0	0	0	1	0	0	0	0	0
C	Marios	23	126	5	1	32____	123101	1	0	0	0	0	0	0	0	0	1	0
C	Marios	23	126	5	1	32____	124157	1	0	0	0	0	1	0	0	0	0	0
C	Marios	23	126	5	1	32____	124244	1	0	0	0	0	0	0	0	0	1	0
C	Marios	23	126	5	1	32____	124488	1	0	0	0	0	1	0	0	0	0	0
C	Marios	23	126	5	1	32____	124560	1	0	0	0	0	0	0	0	0	1	0
C	Marios	23	126	5	1	32____	126307	1	0	0	0	0	1	0	0	0	0	0
C	Marios	23	126	5	1	32____	126672	1	0	0	0	0	0	0	0	0	1	0
C	Marios	23	126	5	1	32____	126732	1	0	0	0	0	1	0	0	0	0	0
C	Marios	23	126	5	1	32____	126841	1	0	0	0	0	0	0	0	0	1	0
C	Marios	23	126	5	1	32____	126931	1	0	0	0	0	1	0	0	0	0	0
C	Marios	23	126	5	1	32____	126940	1	0	0	0	0	0	0	0	0	1	0
C	Marios	23	126	5	1	32____	127500	1	2	0	0	0	0	0	0	0	0	0
C	Marios	23	126	5	1	32____	127857	2	0	0	0	0	1	0	0	0	0	0
C	Marios	23	126	5	1	32____	127882	2	0	0	0	0	0	0	0	0	1	0
C	Marios	23	126	5	1	32____	128000	2	17	0	0	0	0	0	0	0	0	0
C	Marios	23	126	5	1	32____	128159	17	0	0	0	0	1	0	0	0	0	0
C	Marios	23	126	5	1	32____	128228	17	0	0	0	0	0	0	0	0	1	0
C	Marios	23	126	5	1	32____	128324	17	0	0	0	0	1	0	0	0	0	0
C	Marios	23	126	5	1	32____	128337	17	0	0	0	0	0	0	0	0	1	0
C	Marios	23	126	5	1	32____	128352	17	0	0	0	0	1	0	0	0	0	0
C	Marios	23	126	5	1	32____	128420	17	0	0	0	0	0	0	0	0	1	0
C	Marios	23	126	5	1	32____	128500	17	15	0	0	0	0	0	0	0	0	0
C	Marios	23	126	5	1	32____	128526	15	0	0	0	0	1	0	0	0	0	0
C	Marios	23	126	5	1	32____	128538	15	0	0	0	0	0	0	0	0	1	0
C	Marios	23	126	5	1	32____	128542	15	0	0	0	0	1	0	0	0	0	0
C	Marios	23	126	5	1	32____	128702	15	0	0	0	0	0	0	0	0	1	0
C	Marios	23	126	5	1	32____	128756	15	0	0	0	0	1	0	0	0	0	0
C	Marios	23	126	5	1	32____	128999	15	0	0	0	0	0	0	0	0	1	0
C	Marios	23	126	5	1	32____	129000	15	1	0	0	0	1	0	0	0	0	0
C	Marios	23	126	5	1	32____	129002	1	0	0	0	0	0	0	0	0	1	0
C	Marios	23	126	5	1	32____	129057	1	0	0	0	0	1	0	0	0	0	0
C	Marios	23	126	5	1	32____	129287	1	0	0	0	0	0	0	0	0	1	0
C	Marios	23	126	5	1	32____	129291	1	0	0	0	0	1	0	0	0	0	0
C	Marios	23	126	5	1	32____	129297	1	0	0	0	0	0	0	0	0	1	0
C	Marios	23	126	5	1	32____	129312	1	0	0	0	0	1	0	0	0	0	0
C	Marios	23	126	5	1	32____	129360	1	0	0	0	0	0	0	0	0	1	0
C	Marios	23	126	5	1	32____	129396	1	0	0	0	0	1	0	0	0	0	0
C	Marios	23	126	5	1	32____	129486	1	0	0	0	0	0	0	0	0	1	0
C	Marios	23	126	5	1	32____	129745	1	0	0	0	0	1	0	0	0	0	0
C	Marios	23	126	5	1	32____	129776	1	0	0	0	0	0	0	0	0	1	0
C	Marios	23	126	5	1	32____	130980	1	0	0	0	0	1	0	0	0	0	0
C	Marios	23	126	5	1	32____	131023	1	0	0	0	0	0	0	0	0	1	0
C	Marios	23	126	5	1	32____	131655	1	0	0	0	0	1	0	0	0	0	0
C	Marios	23	126	5	1	32____	131747	1	0	0	0	0	0	0	0	0	1	0
C	Marios	23	126	5	1	32____	131754	1	0	0	0	0	1	0	0	0	0	0
C	Marios	23	126	5	1	32____	131785	1	0	0	0	0	0	0	0	0	1	0
C	Marios	23	126	5	1	32____	133500	1	2	0	0	0	0	0	0	0	0	0
C	Marios	23	126	5	1	32____	134000	2	16	0	0	0	0	0	0	0	0	0
C	Marios	23	126	5	1	32____	134498	16	0	0	0	0	1	0	0	0	0	0
C	Marios	23	126	5	1	32____	134500	16	15	0	0	0	0	0	0	0	0	0
C	Marios	23	126	5	1	32____	134526	15	0	0	0	0	0	0	0	0	1	0
C	Marios	23	126	5	1	32____	134621	15	0	0	0	0	1	0	0	0	0	0
C	Marios	23	126	5	1	32____	134725	15	0	0	0	0	0	0	0	0	1	0
C	Marios	23	126	5	1	32____	135000	15	1	0	0	0	0	0	0	0	0	0
C	Marios	23	126	5	1	32____	135980	1	0	0	0	0	1	0	0	0	0	0
C	Marios	23	126	5	1	32____	135997	1	0	0	0	0	0	0	0	0	1	0
C	Marios	23	126	5	1	32____	137250	1	2	0	0	0	0	0	0	0	0	0
C	Marios	23	126	5	1	32____	137750	2	16	0	0	0	0	0	0	0	0	0
C	Marios	23	126	5	1	32____	137839	16	0	0	0	0	1	0	0	0	0	0
C	Marios	23	126	5	1	32____	137897	16	0	0	0	0	0	0	0	0	1	0
C	Marios	23	126	5	1	32____	138114	16	0	0	0	0	1	0	0	0	0	0
C	Marios	23	126	5	1	32____	138124	16	0	0	0	0	0	0	0	0	1	0
C	Marios	23	126	5	1	32____	138250	16	15	0	0	0	0	0	0	0	0	0
C	Marios	23	126	5	1	32____	138475	15	0	0	0	0	1	0	0	0	0	0
C	Marios	23	126	5	1	32____	138554	15	0	0	0	0	0	0	0	0	1	0
C	Marios	23	126	5	1	32____	138750	15	1	0	0	0	0	0	0	0	0	0
C	Marios	23	126	5	1	32____	139160	1	0	0	0	0	1	0	0	0	0	0
C	Marios	23	126	5	1	32____	139177	1	0	0	0	0	0	0	0	0	1	0
C	Marios	23	126	5	1	32____	139859	1	0	0	0	0	1	0	0	0	0	0
C	Marios	23	126	5	1	32____	139883	1	0	0	0	0	1	0	0	0	1	0
C	Marios	23	126	5	1	32____	139896	1	0	0	0	0	0	0	0	0	1	0
C	Marios	23	126	5	1	32____	140278	1	0	0	0	0	1	0	0	0	0	0
C	Marios	23	126	5	1	32____	140333	1	0	0	0	0	0	0	0	0	1	0
C	Marios	23	126	5	1	32____	141142	1	0	0	0	0	1	0	0	0	0	0
C	Marios	23	126	5	1	32____	141163	1	0	0	0	0	0	0	0	0	1	0
C	Marios	23	126	5	1	32____	142500	1	2	0	0	0	0	0	0	0	0	0
C	Marios	23	126	5	1	32____	143000	2	7	0	0	0	0	0	0	0	0	0
C	Marios	23	126	5	1	32____	143205	7	0	0	0	0	1	0	0	0	0	0
C	Marios	23	126	5	1	32____	143367	7	0	0	0	0	0	0	0	0	1	0
C	Marios	23	126	5	1	32____	143376	7	0	0	0	0	1	0	0	0	0	0
C	Marios	23	126	5	1	32____	143469	7	0	0	0	0	0	0	0	0	1	0
C	Marios	23	126	5	1	32____	143500	7	10	0	0	0	0	0	0	0	0	0
C	Marios	23	126	5	1	32____	143510	10	0	0	0	0	1	0	0	0	0	0
C	Marios	23	126	5	1	32____	143741	10	0	0	0	0	0	0	0	0	1	0
C	Marios	23	126	5	1	32____	143742	10	0	0	0	0	1	0	0	0	0	0
C	Marios	23	126	5	1	32____	143744	10	0	0	0	0	0	0	0	0	1	0
C	Marios	23	126	5	1	32____	143746	10	0	0	0	0	1	0	0	0	0	0
C	Marios	23	126	5	1	32____	144000	10	14	0	0	0	0	0	0	0	0	0
C	Marios	23	126	5	1	32____	144212	14	0	0	0	0	0	0	0	0	1	0
C	Marios	23	126	5	1	32____	146111	14	0	0	0	0	1	0	0	0	0	0
C	Marios	23	126	5	1	32____	146304	14	0	0	0	0	0	0	0	0	1	0
C	Marios	23	126	5	1	32____	146317	14	0	0	0	0	1	0	0	0	0	0
C	Marios	23	126	5	1	32____	146493	14	0	0	0	0	0	0	0	0	1	0
C	Marios	23	126	5	1	32____	146646	14	0	0	0	0	1	0	0	0	0	0
C	Marios	23	126	5	1	32____	146734	14	0	0	0	0	0	0	0	0	1	0
C	Marios	23	126	5	1	32____	146738	14	0	0	0	0	1	0	0	0	0	0
C	Marios	23	126	5	1	32____	146847	14	0	0	0	0	0	0	0	0	1	0
C	Marios	23	126	5	1	32____	146855	14	0	0	0	0	1	0	0	0	0	0
C	Marios	23	126	5	1	32____	146869	14	0	0	0	0	0	0	0	0	1	0
C	Marios	23	126	5	1	32____	147000	14	-1	0	0	0	0	0	0	0	0	0
