Project	UserID	Protocol	Session	Station	Run	Subject	Time	Current State	Transition State	Transition Event	A1 - LLR	A2 - RLR	A3 - MAG	A4 - 	A[1] LLR_OFF	A[2] RLR_OFF	A[3] MAG_OFF	A[4] 
C	Marios	25	126	9	1	8_____	0	0	1	0	0	0	0	0	0	0	0	0
C	Marios	25	126	9	1	8_____	1303	1	0	0	0	0	1	0	0	0	0	0
C	Marios	25	126	9	1	8_____	1354	1	0	0	0	0	0	0	0	0	1	0
C	Marios	25	126	9	1	8_____	1887	1	0	0	0	0	1	0	0	0	0	0
C	Marios	25	126	9	1	8_____	1889	1	0	0	0	0	0	0	0	0	1	0
C	Marios	25	126	9	1	8_____	1890	1	0	0	0	0	1	0	0	0	0	0
C	Marios	25	126	9	1	8_____	2039	1	0	0	0	0	0	0	0	0	1	0
C	Marios	25	126	9	1	8_____	3448	1	0	0	0	0	1	0	0	0	0	0
C	Marios	25	126	9	1	8_____	3467	1	0	0	0	0	0	0	0	0	1	0
C	Marios	25	126	9	1	8_____	4162	1	0	0	0	0	1	0	0	0	0	0
C	Marios	25	126	9	1	8_____	4165	1	0	0	0	0	0	0	0	0	1	0
C	Marios	25	126	9	1	8_____	4175	1	0	0	0	0	1	0	0	0	0	0
C	Marios	25	126	9	1	8_____	4220	1	0	0	0	0	0	0	0	0	1	0
C	Marios	25	126	9	1	8_____	6000	1	2	0	0	0	0	0	0	0	0	0
C	Marios	25	126	9	1	8_____	6256	2	0	0	0	0	1	0	0	0	0	0
C	Marios	25	126	9	1	8_____	6266	2	0	0	0	0	0	0	0	0	1	0
C	Marios	25	126	9	1	8_____	6500	2	17	0	0	0	0	0	0	0	0	0
C	Marios	25	126	9	1	8_____	6576	17	0	0	0	0	1	0	0	0	0	0
C	Marios	25	126	9	1	8_____	6578	17	0	0	0	0	0	0	0	0	1	0
C	Marios	25	126	9	1	8_____	6580	17	0	0	0	0	1	0	0	0	0	0
C	Marios	25	126	9	1	8_____	6586	17	0	0	0	0	0	0	0	0	1	0
C	Marios	25	126	9	1	8_____	6588	17	0	0	0	0	1	0	0	0	0	0
C	Marios	25	126	9	1	8_____	6590	17	0	0	0	0	1	0	0	0	1	0
C	Marios	25	126	9	1	8_____	6596	17	0	0	0	0	0	0	0	0	1	0
C	Marios	25	126	9	1	8_____	7000	17	15	0	0	0	0	0	0	0	0	0
C	Marios	25	126	9	1	8_____	7500	15	1	0	0	0	0	0	0	0	0	0
C	Marios	25	126	9	1	8_____	8582	1	0	0	0	0	1	0	0	0	0	0
C	Marios	25	126	9	1	8_____	8586	1	0	0	0	0	0	0	0	0	1	0
C	Marios	25	126	9	1	8_____	8594	1	0	0	0	0	1	0	0	0	0	0
C	Marios	25	126	9	1	8_____	8598	1	0	0	0	0	0	0	0	0	1	0
C	Marios	25	126	9	1	8_____	8966	1	0	0	0	0	1	0	0	0	0	0
C	Marios	25	126	9	1	8_____	9053	1	0	0	0	0	0	0	0	0	1	0
C	Marios	25	126	9	1	8_____	11196	1	0	0	0	0	1	0	0	0	0	0
C	Marios	25	126	9	1	8_____	11340	1	0	0	0	0	0	0	0	0	1	0
C	Marios	25	126	9	1	8_____	12411	1	0	0	0	0	1	0	0	0	0	0
C	Marios	25	126	9	1	8_____	12460	1	0	0	0	0	0	0	0	0	1	0
C	Marios	25	126	9	1	8_____	12512	1	0	0	0	0	1	0	0	0	0	0
C	Marios	25	126	9	1	8_____	12745	1	0	0	0	0	0	0	0	0	1	0
C	Marios	25	126	9	1	8_____	13749	1	0	0	0	0	1	0	0	0	0	0
C	Marios	25	126	9	1	8_____	13759	1	0	0	0	0	0	0	0	0	1	0
C	Marios	25	126	9	1	8_____	14001	1	0	0	0	0	1	0	0	0	0	0
C	Marios	25	126	9	1	8_____	14020	1	0	0	0	0	0	0	0	0	1	0
C	Marios	25	126	9	1	8_____	14250	1	2	0	0	0	0	0	0	0	0	0
C	Marios	25	126	9	1	8_____	14529	2	0	0	0	0	1	0	0	0	0	0
C	Marios	25	126	9	1	8_____	14576	2	0	0	0	0	0	0	0	0	1	0
C	Marios	25	126	9	1	8_____	14750	2	16	0	0	0	0	0	0	0	0	0
C	Marios	25	126	9	1	8_____	15250	16	15	0	0	0	0	0	0	0	0	0
C	Marios	25	126	9	1	8_____	15750	15	1	0	0	0	0	0	0	0	0	0
C	Marios	25	126	9	1	8_____	16668	1	0	0	0	0	1	0	0	0	0	0
C	Marios	25	126	9	1	8_____	16682	1	0	0	0	0	0	0	0	0	1	0
C	Marios	25	126	9	1	8_____	18260	1	0	0	0	0	1	0	0	0	0	0
C	Marios	25	126	9	1	8_____	18318	1	0	0	0	0	0	0	0	0	1	0
C	Marios	25	126	9	1	8_____	19319	1	0	0	0	0	1	0	0	0	0	0
C	Marios	25	126	9	1	8_____	19333	1	0	0	0	0	0	0	0	0	1	0
C	Marios	25	126	9	1	8_____	19337	1	0	0	0	0	1	0	0	0	0	0
C	Marios	25	126	9	1	8_____	19362	1	0	0	0	0	0	0	0	0	1	0
C	Marios	25	126	9	1	8_____	19363	1	0	0	0	0	1	0	0	0	0	0
C	Marios	25	126	9	1	8_____	19366	1	0	0	0	0	0	0	0	0	1	0
C	Marios	25	126	9	1	8_____	19368	1	0	0	0	0	1	0	0	0	0	0
C	Marios	25	126	9	1	8_____	19425	1	0	0	0	0	0	0	0	0	1	0
C	Marios	25	126	9	1	8_____	19449	1	0	0	0	0	1	0	0	0	0	0
C	Marios	25	126	9	1	8_____	19451	1	0	0	0	0	0	0	0	0	1	0
C	Marios	25	126	9	1	8_____	19476	1	0	0	0	0	1	0	0	0	0	0
C	Marios	25	126	9	1	8_____	19496	1	0	0	0	0	0	0	0	0	1	0
C	Marios	25	126	9	1	8_____	20423	1	0	0	0	0	1	0	0	0	0	0
C	Marios	25	126	9	1	8_____	20429	1	0	0	0	0	0	0	0	0	1	0
C	Marios	25	126	9	1	8_____	20448	1	0	0	0	0	1	0	0	0	0	0
C	Marios	25	126	9	1	8_____	20566	1	0	0	0	0	0	0	0	0	1	0
C	Marios	25	126	9	1	8_____	20596	1	0	0	0	0	1	0	0	0	0	0
C	Marios	25	126	9	1	8_____	20599	1	0	0	0	0	0	0	0	0	1	0
C	Marios	25	126	9	1	8_____	20600	1	0	0	0	0	1	0	0	0	0	0
C	Marios	25	126	9	1	8_____	20622	1	0	0	0	0	0	0	0	0	1	0
C	Marios	25	126	9	1	8_____	20623	1	0	0	0	0	1	0	0	0	0	0
C	Marios	25	126	9	1	8_____	20694	1	0	0	0	0	0	0	0	0	1	0
C	Marios	25	126	9	1	8_____	20745	1	0	0	0	0	1	0	0	0	0	0
C	Marios	25	126	9	1	8_____	20775	1	0	0	0	0	0	0	0	0	1	0
C	Marios	25	126	9	1	8_____	20795	1	0	0	0	0	1	0	0	0	0	0
C	Marios	25	126	9	1	8_____	20814	1	0	0	0	0	0	0	0	0	1	0
C	Marios	25	126	9	1	8_____	21247	1	0	0	0	0	1	0	0	0	0	0
C	Marios	25	126	9	1	8_____	21250	1	2	0	0	0	0	0	0	0	0	0
C	Marios	25	126	9	1	8_____	21251	2	0	0	0	0	1	0	0	0	1	0
C	Marios	25	126	9	1	8_____	21271	2	0	0	0	0	0	0	0	0	1	0
C	Marios	25	126	9	1	8_____	21750	2	16	0	0	0	0	0	0	0	0	0
C	Marios	25	126	9	1	8_____	22250	16	15	0	0	0	0	0	0	0	0	0
C	Marios	25	126	9	1	8_____	22750	15	1	0	0	0	0	0	0	0	0	0
C	Marios	25	126	9	1	8_____	23115	1	0	0	0	0	1	0	0	0	0	0
C	Marios	25	126	9	1	8_____	23152	1	0	0	0	0	0	0	0	0	1	0
C	Marios	25	126	9	1	8_____	24842	1	0	0	0	0	1	0	0	0	0	0
C	Marios	25	126	9	1	8_____	24865	1	0	0	0	0	0	0	0	0	1	0
C	Marios	25	126	9	1	8_____	24964	1	0	0	0	0	1	0	0	0	0	0
C	Marios	25	126	9	1	8_____	24997	1	0	0	0	0	0	0	0	0	1	0
C	Marios	25	126	9	1	8_____	24998	1	0	0	0	0	1	0	0	0	0	0
C	Marios	25	126	9	1	8_____	25000	1	0	0	0	0	0	0	0	0	1	0
C	Marios	25	126	9	1	8_____	25053	1	0	0	0	0	1	0	0	0	0	0
C	Marios	25	126	9	1	8_____	25095	1	0	0	0	0	0	0	0	0	1	0
C	Marios	25	126	9	1	8_____	25144	1	0	0	0	0	1	0	0	0	0	0
C	Marios	25	126	9	1	8_____	25438	1	0	0	0	0	0	0	0	0	1	0
C	Marios	25	126	9	1	8_____	25479	1	0	0	0	0	1	0	0	0	0	0
C	Marios	25	126	9	1	8_____	25610	1	0	0	0	0	0	0	0	0	1	0
C	Marios	25	126	9	1	8_____	25659	1	0	0	0	0	1	0	0	0	0	0
C	Marios	25	126	9	1	8_____	25728	1	0	0	0	0	0	0	0	0	1	0
C	Marios	25	126	9	1	8_____	25740	1	0	0	0	0	1	0	0	0	0	0
C	Marios	25	126	9	1	8_____	25749	1	0	0	0	0	0	0	0	0	1	0
C	Marios	25	126	9	1	8_____	25751	1	0	0	0	0	1	0	0	0	0	0
C	Marios	25	126	9	1	8_____	25776	1	0	0	0	0	0	0	0	0	1	0
C	Marios	25	126	9	1	8_____	25826	1	0	0	0	0	1	0	0	0	0	0
C	Marios	25	126	9	1	8_____	25851	1	0	0	0	0	0	0	0	0	1	0
C	Marios	25	126	9	1	8_____	25864	1	0	0	0	0	1	0	0	0	0	0
C	Marios	25	126	9	1	8_____	25891	1	0	0	0	0	0	0	0	0	1	0
C	Marios	25	126	9	1	8_____	25895	1	0	0	0	0	1	0	0	0	0	0
C	Marios	25	126	9	1	8_____	25905	1	0	0	0	0	0	0	0	0	1	0
C	Marios	25	126	9	1	8_____	25913	1	0	0	0	0	1	0	0	0	0	0
C	Marios	25	126	9	1	8_____	25915	1	0	0	0	0	0	0	0	0	1	0
C	Marios	25	126	9	1	8_____	25934	1	0	0	0	0	1	0	0	0	0	0
C	Marios	25	126	9	1	8_____	25953	1	0	0	0	0	0	0	0	0	1	0
C	Marios	25	126	9	1	8_____	26001	1	0	0	0	0	1	0	0	0	0	0
C	Marios	25	126	9	1	8_____	26028	1	0	0	0	0	0	0	0	0	1	0
C	Marios	25	126	9	1	8_____	26079	1	0	0	0	0	1	0	0	0	0	0
C	Marios	25	126	9	1	8_____	26206	1	0	0	0	0	0	0	0	0	1	0
C	Marios	25	126	9	1	8_____	27142	1	0	0	0	0	1	0	0	0	0	0
C	Marios	25	126	9	1	8_____	27275	1	0	0	0	0	0	0	0	0	1	0
C	Marios	25	126	9	1	8_____	28000	1	2	0	0	0	0	0	0	0	0	0
C	Marios	25	126	9	1	8_____	28500	2	17	0	0	0	0	0	0	0	0	0
C	Marios	25	126	9	1	8_____	29000	17	15	0	0	0	0	0	0	0	0	0
C	Marios	25	126	9	1	8_____	29500	15	1	0	0	0	0	0	0	0	0	0
C	Marios	25	126	9	1	8_____	29837	1	0	0	0	0	1	0	0	0	0	0
C	Marios	25	126	9	1	8_____	29841	1	0	0	0	0	0	0	0	0	1	0
C	Marios	25	126	9	1	8_____	29845	1	0	0	0	0	1	0	0	0	0	0
C	Marios	25	126	9	1	8_____	29849	1	0	0	0	0	0	0	0	0	1	0
C	Marios	25	126	9	1	8_____	29858	1	0	0	0	0	1	0	0	0	0	0
C	Marios	25	126	9	1	8_____	29863	1	0	0	0	0	0	0	0	0	1	0
C	Marios	25	126	9	1	8_____	29866	1	0	0	0	0	1	0	0	0	0	0
C	Marios	25	126	9	1	8_____	30021	1	0	0	0	0	0	0	0	0	1	0
C	Marios	25	126	9	1	8_____	31095	1	0	0	0	0	1	0	0	0	0	0
C	Marios	25	126	9	1	8_____	31106	1	0	0	0	0	0	0	0	0	1	0
C	Marios	25	126	9	1	8_____	31120	1	0	0	0	0	1	0	0	0	0	0
C	Marios	25	126	9	1	8_____	31125	1	0	0	0	0	0	0	0	0	1	0
C	Marios	25	126	9	1	8_____	31750	1	2	0	0	0	0	0	0	0	0	0
C	Marios	25	126	9	1	8_____	32250	2	7	0	0	0	0	0	0	0	0	0
C	Marios	25	126	9	1	8_____	32566	7	0	0	0	0	1	0	0	0	0	0
C	Marios	25	126	9	1	8_____	32619	7	0	0	0	0	0	0	0	0	1	0
C	Marios	25	126	9	1	8_____	32701	7	0	0	0	0	1	0	0	0	0	0
C	Marios	25	126	9	1	8_____	32723	7	0	0	0	0	0	0	0	0	1	0
C	Marios	25	126	9	1	8_____	32736	7	0	0	0	0	1	0	0	0	0	0
C	Marios	25	126	9	1	8_____	32750	7	10	0	0	0	0	0	0	0	0	0
C	Marios	25	126	9	1	8_____	32921	10	0	0	0	0	0	0	0	0	1	0
C	Marios	25	126	9	1	8_____	32922	10	0	0	0	0	1	0	0	0	0	0
C	Marios	25	126	9	1	8_____	32951	10	0	0	0	0	0	0	0	0	1	0
C	Marios	25	126	9	1	8_____	32953	10	0	0	0	0	1	0	0	0	0	0
C	Marios	25	126	9	1	8_____	32955	10	0	0	0	0	0	0	0	0	1	0
C	Marios	25	126	9	1	8_____	33074	10	0	0	0	0	1	0	0	0	0	0
C	Marios	25	126	9	1	8_____	33079	10	0	0	0	0	0	0	0	0	1	0
C	Marios	25	126	9	1	8_____	33082	10	0	0	0	0	1	0	0	0	0	0
C	Marios	25	126	9	1	8_____	33086	10	0	0	0	0	0	0	0	0	1	0
C	Marios	25	126	9	1	8_____	33250	10	1	0	0	0	0	0	0	0	0	0
C	Marios	25	126	9	1	8_____	34027	1	0	0	0	0	1	0	0	0	0	0
C	Marios	25	126	9	1	8_____	34191	1	0	0	0	0	0	0	0	0	1	0
C	Marios	25	126	9	1	8_____	34750	1	2	0	0	0	0	0	0	0	0	0
C	Marios	25	126	9	1	8_____	34786	2	0	0	0	0	1	0	0	0	0	0
C	Marios	25	126	9	1	8_____	34802	2	0	0	0	0	0	0	0	0	1	0
C	Marios	25	126	9	1	8_____	35250	2	6	0	0	0	0	0	0	0	0	0
C	Marios	25	126	9	1	8_____	35358	6	0	0	0	0	1	0	0	0	0	0
C	Marios	25	126	9	1	8_____	35378	6	0	0	0	0	1	0	0	0	1	0
C	Marios	25	126	9	1	8_____	35395	6	0	0	0	0	0	0	0	0	1	0
C	Marios	25	126	9	1	8_____	35434	6	0	0	0	0	1	0	0	0	0	0
C	Marios	25	126	9	1	8_____	35531	6	0	0	0	0	0	0	0	0	1	0
C	Marios	25	126	9	1	8_____	35556	6	0	0	0	0	1	0	0	0	0	0
C	Marios	25	126	9	1	8_____	35585	6	0	0	0	0	0	0	0	0	1	0
C	Marios	25	126	9	1	8_____	35607	6	0	0	0	0	1	0	0	0	0	0
C	Marios	25	126	9	1	8_____	35654	6	0	0	0	0	0	0	0	0	1	0
C	Marios	25	126	9	1	8_____	35655	6	0	0	0	0	1	0	0	0	0	0
C	Marios	25	126	9	1	8_____	35715	6	0	0	0	0	0	0	0	0	1	0
C	Marios	25	126	9	1	8_____	35750	6	11	0	0	0	0	0	0	0	0	0
C	Marios	25	126	9	1	8_____	35763	11	0	0	0	0	1	0	0	0	0	0
C	Marios	25	126	9	1	8_____	35931	11	0	0	0	0	1	0	0	0	1	0
C	Marios	25	126	9	1	8_____	35939	11	0	0	0	0	0	0	0	0	1	0
C	Marios	25	126	9	1	8_____	35940	11	0	0	0	0	1	0	0	0	0	0
C	Marios	25	126	9	1	8_____	35946	11	0	0	0	0	0	0	0	0	1	0
C	Marios	25	126	9	1	8_____	35950	11	0	0	0	0	1	0	0	0	0	0
C	Marios	25	126	9	1	8_____	35952	11	0	0	0	0	0	0	0	0	1	0
C	Marios	25	126	9	1	8_____	36250	11	1	0	0	0	0	0	0	0	0	0
C	Marios	25	126	9	1	8_____	36685	1	0	0	0	0	1	0	0	0	0	0
C	Marios	25	126	9	1	8_____	36696	1	0	0	0	0	0	0	0	0	1	0
C	Marios	25	126	9	1	8_____	36902	1	0	0	0	0	1	0	0	0	0	0
C	Marios	25	126	9	1	8_____	36992	1	0	0	0	0	0	0	0	0	1	0
C	Marios	25	126	9	1	8_____	36993	1	0	0	0	0	1	0	0	0	0	0
C	Marios	25	126	9	1	8_____	36995	1	0	0	0	0	1	0	0	0	1	0
C	Marios	25	126	9	1	8_____	37008	1	0	0	0	0	0	0	0	0	1	0
C	Marios	25	126	9	1	8_____	37031	1	0	0	0	0	1	0	0	0	0	0
C	Marios	25	126	9	1	8_____	37034	1	0	0	0	0	0	0	0	0	1	0
C	Marios	25	126	9	1	8_____	37039	1	0	0	0	0	1	0	0	0	0	0
C	Marios	25	126	9	1	8_____	37055	1	0	0	0	0	0	0	0	0	1	0
C	Marios	25	126	9	1	8_____	38767	1	0	0	0	0	1	0	0	0	0	0
C	Marios	25	126	9	1	8_____	38770	1	0	0	0	0	0	0	0	0	1	0
C	Marios	25	126	9	1	8_____	38775	1	0	0	0	0	1	0	0	0	0	0
C	Marios	25	126	9	1	8_____	38777	1	0	0	0	0	0	0	0	0	1	0
C	Marios	25	126	9	1	8_____	39029	1	0	0	0	0	1	0	0	0	0	0
C	Marios	25	126	9	1	8_____	39050	1	0	0	0	0	0	0	0	0	1	0
C	Marios	25	126	9	1	8_____	39505	1	0	0	0	0	1	0	0	0	0	0
C	Marios	25	126	9	1	8_____	39536	1	0	0	0	0	0	0	0	0	1	0
C	Marios	25	126	9	1	8_____	39868	1	0	0	0	0	1	0	0	0	0	0
C	Marios	25	126	9	1	8_____	39988	1	0	0	0	0	0	0	0	0	1	0
C	Marios	25	126	9	1	8_____	40047	1	0	0	0	0	1	0	0	0	0	0
C	Marios	25	126	9	1	8_____	40063	1	0	0	0	0	0	0	0	0	1	0
C	Marios	25	126	9	1	8_____	40789	1	0	0	0	0	1	0	0	0	0	0
C	Marios	25	126	9	1	8_____	40961	1	0	0	0	0	0	0	0	0	1	0
C	Marios	25	126	9	1	8_____	41853	1	0	0	0	0	1	0	0	0	0	0
C	Marios	25	126	9	1	8_____	41929	1	0	0	0	0	0	0	0	0	1	0
C	Marios	25	126	9	1	8_____	43179	1	0	0	0	0	1	0	0	0	0	0
C	Marios	25	126	9	1	8_____	43347	1	0	0	0	0	0	0	0	0	1	0
C	Marios	25	126	9	1	8_____	43414	1	0	0	0	0	1	0	0	0	0	0
C	Marios	25	126	9	1	8_____	43451	1	0	0	0	0	0	0	0	0	1	0
C	Marios	25	126	9	1	8_____	43469	1	0	0	0	0	1	0	0	0	0	0
C	Marios	25	126	9	1	8_____	43496	1	0	0	0	0	0	0	0	0	1	0
C	Marios	25	126	9	1	8_____	43506	1	0	0	0	0	1	0	0	0	0	0
C	Marios	25	126	9	1	8_____	43526	1	0	0	0	0	0	0	0	0	1	0
C	Marios	25	126	9	1	8_____	43565	1	0	0	0	0	1	0	0	0	0	0
C	Marios	25	126	9	1	8_____	43707	1	0	0	0	0	0	0	0	0	1	0
C	Marios	25	126	9	1	8_____	43750	1	2	0	0	0	0	0	0	0	0	0
C	Marios	25	126	9	1	8_____	43985	2	0	0	0	0	1	0	0	0	0	0
C	Marios	25	126	9	1	8_____	44008	2	0	0	0	0	0	0	0	0	1	0
C	Marios	25	126	9	1	8_____	44250	2	17	0	0	0	0	0	0	0	0	0
C	Marios	25	126	9	1	8_____	44750	17	15	0	0	0	0	0	0	0	0	0
C	Marios	25	126	9	1	8_____	45250	15	1	0	0	0	0	0	0	0	0	0
C	Marios	25	126	9	1	8_____	46293	1	0	0	0	0	1	0	0	0	0	0
C	Marios	25	126	9	1	8_____	46296	1	0	0	0	0	0	0	0	0	1	0
C	Marios	25	126	9	1	8_____	49401	1	0	0	0	0	1	0	0	0	0	0
C	Marios	25	126	9	1	8_____	49413	1	0	0	0	0	0	0	0	0	1	0
C	Marios	25	126	9	1	8_____	49529	1	0	0	0	0	1	0	0	0	0	0
C	Marios	25	126	9	1	8_____	49577	1	0	0	0	0	0	0	0	0	1	0
C	Marios	25	126	9	1	8_____	49750	1	2	0	0	0	0	0	0	0	0	0
C	Marios	25	126	9	1	8_____	50084	2	0	0	0	0	1	0	0	0	0	0
C	Marios	25	126	9	1	8_____	50106	2	0	0	0	0	0	0	0	0	1	0
C	Marios	25	126	9	1	8_____	50250	2	16	0	0	0	0	0	0	0	0	0
C	Marios	25	126	9	1	8_____	50382	16	0	0	0	0	1	0	0	0	0	0
C	Marios	25	126	9	1	8_____	50488	16	0	0	0	0	0	0	0	0	1	0
C	Marios	25	126	9	1	8_____	50726	16	0	0	0	0	1	0	0	0	0	0
C	Marios	25	126	9	1	8_____	50750	16	15	0	0	0	0	0	0	0	0	0
C	Marios	25	126	9	1	8_____	50810	15	0	0	0	0	0	0	0	0	1	0
C	Marios	25	126	9	1	8_____	50881	15	0	0	0	0	1	0	0	0	0	0
C	Marios	25	126	9	1	8_____	51166	15	0	0	0	0	0	0	0	0	1	0
C	Marios	25	126	9	1	8_____	51250	15	1	0	0	0	0	0	0	0	0	0
C	Marios	25	126	9	1	8_____	51393	1	0	0	0	0	1	0	0	0	0	0
C	Marios	25	126	9	1	8_____	51463	1	0	0	0	0	0	0	0	0	1	0
C	Marios	25	126	9	1	8_____	52976	1	0	0	0	0	1	0	0	0	0	0
C	Marios	25	126	9	1	8_____	52987	1	0	0	0	0	0	0	0	0	1	0
C	Marios	25	126	9	1	8_____	53676	1	0	0	0	0	1	0	0	0	0	0
C	Marios	25	126	9	1	8_____	53695	1	0	0	0	0	0	0	0	0	1	0
C	Marios	25	126	9	1	8_____	55750	1	2	0	0	0	0	0	0	0	0	0
C	Marios	25	126	9	1	8_____	55864	2	0	0	0	0	1	0	0	0	0	0
C	Marios	25	126	9	1	8_____	56071	2	0	0	0	0	0	0	0	0	1	0
C	Marios	25	126	9	1	8_____	56250	2	7	0	0	0	0	0	0	0	0	0
C	Marios	25	126	9	1	8_____	56644	7	0	0	0	0	1	0	0	0	0	0
C	Marios	25	126	9	1	8_____	56688	7	0	0	0	0	0	0	0	0	1	0
C	Marios	25	126	9	1	8_____	56750	7	10	0	0	0	0	0	0	0	0	0
C	Marios	25	126	9	1	8_____	56792	10	0	0	0	0	1	0	0	0	0	0
C	Marios	25	126	9	1	8_____	56953	10	0	0	0	0	0	0	0	0	1	0
C	Marios	25	126	9	1	8_____	56957	10	0	0	0	0	1	0	0	0	0	0
C	Marios	25	126	9	1	8_____	56959	10	0	0	0	0	0	0	0	0	1	0
C	Marios	25	126	9	1	8_____	56962	10	0	0	0	0	1	0	0	0	0	0
C	Marios	25	126	9	1	8_____	56976	10	0	0	0	0	0	0	0	0	1	0
C	Marios	25	126	9	1	8_____	56977	10	0	0	0	0	1	0	0	0	0	0
C	Marios	25	126	9	1	8_____	56993	10	0	0	0	0	0	0	0	0	1	0
C	Marios	25	126	9	1	8_____	56996	10	0	0	0	0	1	0	0	0	0	0
C	Marios	25	126	9	1	8_____	56998	10	0	0	0	0	0	0	0	0	1	0
C	Marios	25	126	9	1	8_____	57001	10	0	0	0	0	1	0	0	0	0	0
C	Marios	25	126	9	1	8_____	57007	10	0	0	0	0	0	0	0	0	1	0
C	Marios	25	126	9	1	8_____	57013	10	0	0	0	0	1	0	0	0	0	0
C	Marios	25	126	9	1	8_____	57015	10	0	0	0	0	0	0	0	0	1	0
C	Marios	25	126	9	1	8_____	57044	10	0	0	0	0	1	0	0	0	0	0
C	Marios	25	126	9	1	8_____	57186	10	0	0	0	0	0	0	0	0	1	0
C	Marios	25	126	9	1	8_____	57250	10	1	0	0	0	0	0	0	0	0	0
C	Marios	25	126	9	1	8_____	57381	1	0	0	0	0	1	0	0	0	0	0
C	Marios	25	126	9	1	8_____	57401	1	0	0	0	0	0	0	0	0	1	0
C	Marios	25	126	9	1	8_____	58167	1	0	0	0	0	1	0	0	0	0	0
C	Marios	25	126	9	1	8_____	58286	1	0	0	0	0	0	0	0	0	1	0
C	Marios	25	126	9	1	8_____	58296	1	0	0	0	0	1	0	0	0	0	0
C	Marios	25	126	9	1	8_____	58306	1	0	0	0	0	0	0	0	0	1	0
C	Marios	25	126	9	1	8_____	58335	1	0	0	0	0	1	0	0	0	0	0
C	Marios	25	126	9	1	8_____	58476	1	0	0	0	0	0	0	0	0	1	0
C	Marios	25	126	9	1	8_____	58556	1	0	0	0	0	1	0	0	0	0	0
C	Marios	25	126	9	1	8_____	58565	1	0	0	0	0	0	0	0	0	1	0
C	Marios	25	126	9	1	8_____	59677	1	0	0	0	0	1	0	0	0	0	0
C	Marios	25	126	9	1	8_____	59679	1	0	0	0	0	0	0	0	0	1	0
C	Marios	25	126	9	1	8_____	59712	1	0	0	0	0	1	0	0	0	0	0
C	Marios	25	126	9	1	8_____	59810	1	0	0	0	0	0	0	0	0	1	0
C	Marios	25	126	9	1	8_____	59838	1	0	0	0	0	1	0	0	0	0	0
C	Marios	25	126	9	1	8_____	59856	1	0	0	0	0	0	0	0	0	1	0
C	Marios	25	126	9	1	8_____	59863	1	0	0	0	0	1	0	0	0	0	0
C	Marios	25	126	9	1	8_____	59879	1	0	0	0	0	0	0	0	0	1	0
C	Marios	25	126	9	1	8_____	60750	1	2	0	0	0	0	0	0	0	0	0
C	Marios	25	126	9	1	8_____	60801	2	0	0	0	0	1	0	0	0	0	0
C	Marios	25	126	9	1	8_____	60810	2	0	0	0	0	0	0	0	0	1	0
C	Marios	25	126	9	1	8_____	60826	2	0	0	0	0	1	0	0	0	0	0
C	Marios	25	126	9	1	8_____	60889	2	0	0	0	0	0	0	0	0	1	0
C	Marios	25	126	9	1	8_____	61250	2	16	0	0	0	0	0	0	0	0	0
C	Marios	25	126	9	1	8_____	61309	16	0	0	0	0	1	0	0	0	0	0
C	Marios	25	126	9	1	8_____	61328	16	0	0	0	0	0	0	0	0	1	0
C	Marios	25	126	9	1	8_____	61352	16	0	0	0	0	1	0	0	0	0	0
C	Marios	25	126	9	1	8_____	61369	16	0	0	0	0	0	0	0	0	1	0
C	Marios	25	126	9	1	8_____	61380	16	0	0	0	0	1	0	0	0	0	0
C	Marios	25	126	9	1	8_____	61382	16	0	0	0	0	0	0	0	0	1	0
C	Marios	25	126	9	1	8_____	61411	16	0	0	0	0	1	0	0	0	0	0
C	Marios	25	126	9	1	8_____	61475	16	0	0	0	0	0	0	0	0	1	0
C	Marios	25	126	9	1	8_____	61521	16	0	0	0	0	1	0	0	0	0	0
C	Marios	25	126	9	1	8_____	61571	16	0	0	0	0	0	0	0	0	1	0
C	Marios	25	126	9	1	8_____	61651	16	0	0	0	0	1	0	0	0	0	0
C	Marios	25	126	9	1	8_____	61717	16	0	0	0	0	0	0	0	0	1	0
C	Marios	25	126	9	1	8_____	61750	16	15	0	0	0	0	0	0	0	0	0
C	Marios	25	126	9	1	8_____	61847	15	0	0	0	0	1	0	0	0	0	0
C	Marios	25	126	9	1	8_____	61895	15	0	0	0	0	0	0	0	0	1	0
C	Marios	25	126	9	1	8_____	61975	15	0	0	0	0	1	0	0	0	0	0
C	Marios	25	126	9	1	8_____	62053	15	0	0	0	0	0	0	0	0	1	0
C	Marios	25	126	9	1	8_____	62054	15	0	0	0	0	1	0	0	0	0	0
C	Marios	25	126	9	1	8_____	62058	15	0	0	0	0	0	0	0	0	1	0
C	Marios	25	126	9	1	8_____	62059	15	0	0	0	0	1	0	0	0	0	0
C	Marios	25	126	9	1	8_____	62217	15	0	0	0	0	0	0	0	0	1	0
C	Marios	25	126	9	1	8_____	62250	15	1	0	0	0	0	0	0	0	0	0
C	Marios	25	126	9	1	8_____	63290	1	0	0	0	0	1	0	0	0	0	0
C	Marios	25	126	9	1	8_____	63295	1	0	0	0	0	0	0	0	0	1	0
C	Marios	25	126	9	1	8_____	63641	1	0	0	0	0	1	0	0	0	0	0
C	Marios	25	126	9	1	8_____	63731	1	0	0	0	0	0	0	0	0	1	0
C	Marios	25	126	9	1	8_____	65250	1	2	0	0	0	0	0	0	0	0	0
C	Marios	25	126	9	1	8_____	65256	2	0	0	0	0	1	0	0	0	0	0
C	Marios	25	126	9	1	8_____	65331	2	0	0	0	0	0	0	0	0	1	0
C	Marios	25	126	9	1	8_____	65750	2	6	0	0	0	0	0	0	0	0	0
C	Marios	25	126	9	1	8_____	65785	6	0	0	0	0	1	0	0	0	0	0
C	Marios	25	126	9	1	8_____	65836	6	0	0	0	0	0	0	0	0	1	0
C	Marios	25	126	9	1	8_____	65849	6	0	0	0	0	1	0	0	0	0	0
C	Marios	25	126	9	1	8_____	65909	6	0	0	0	0	0	0	0	0	1	0
C	Marios	25	126	9	1	8_____	65955	6	0	0	0	0	1	0	0	0	0	0
C	Marios	25	126	9	1	8_____	66046	6	0	0	0	0	0	0	0	0	1	0
C	Marios	25	126	9	1	8_____	66104	6	0	0	0	0	1	0	0	0	0	0
C	Marios	25	126	9	1	8_____	66109	6	0	0	0	0	0	0	0	0	1	0
C	Marios	25	126	9	1	8_____	66158	6	0	0	0	0	1	0	0	0	0	0
C	Marios	25	126	9	1	8_____	66195	6	0	0	0	0	0	0	0	0	1	0
C	Marios	25	126	9	1	8_____	66220	6	0	0	0	0	1	0	0	0	0	0
C	Marios	25	126	9	1	8_____	66250	6	11	0	0	0	0	0	0	0	0	0
C	Marios	25	126	9	1	8_____	66585	11	0	0	0	0	0	0	0	0	1	0
C	Marios	25	126	9	1	8_____	66750	11	1	0	0	0	0	0	0	0	0	0
C	Marios	25	126	9	1	8_____	67934	1	0	0	0	0	1	0	0	0	0	0
C	Marios	25	126	9	1	8_____	67989	1	0	0	0	0	0	0	0	0	1	0
C	Marios	25	126	9	1	8_____	67991	1	0	0	0	0	1	0	0	0	0	0
C	Marios	25	126	9	1	8_____	68121	1	0	0	0	0	0	0	0	0	1	0
C	Marios	25	126	9	1	8_____	68123	1	0	0	0	0	1	0	0	0	0	0
C	Marios	25	126	9	1	8_____	68125	1	0	0	0	0	0	0	0	0	1	0
C	Marios	25	126	9	1	8_____	68195	1	0	0	0	0	1	0	0	0	0	0
C	Marios	25	126	9	1	8_____	68197	1	0	0	0	0	0	0	0	0	1	0
C	Marios	25	126	9	1	8_____	69708	1	0	0	0	0	1	0	0	0	0	0
C	Marios	25	126	9	1	8_____	69730	1	0	0	0	0	0	0	0	0	1	0
C	Marios	25	126	9	1	8_____	69804	1	0	0	0	0	1	0	0	0	0	0
C	Marios	25	126	9	1	8_____	69846	1	0	0	0	0	0	0	0	0	1	0
C	Marios	25	126	9	1	8_____	69856	1	0	0	0	0	1	0	0	0	0	0
C	Marios	25	126	9	1	8_____	69862	1	0	0	0	0	0	0	0	0	1	0
C	Marios	25	126	9	1	8_____	70480	1	0	0	0	0	1	0	0	0	0	0
C	Marios	25	126	9	1	8_____	70484	1	0	0	0	0	0	0	0	0	1	0
C	Marios	25	126	9	1	8_____	70500	1	2	0	0	0	0	0	0	0	0	0
C	Marios	25	126	9	1	8_____	70551	2	0	0	0	0	1	0	0	0	0	0
C	Marios	25	126	9	1	8_____	70557	2	0	0	0	0	0	0	0	0	1	0
C	Marios	25	126	9	1	8_____	70570	2	0	0	0	0	1	0	0	0	0	0
C	Marios	25	126	9	1	8_____	70626	2	0	0	0	0	0	0	0	0	1	0
C	Marios	25	126	9	1	8_____	71000	2	17	0	0	0	0	0	0	0	0	0
C	Marios	25	126	9	1	8_____	71500	17	15	0	0	0	0	0	0	0	0	0
C	Marios	25	126	9	1	8_____	72000	15	1	0	0	0	0	0	0	0	0	0
C	Marios	25	126	9	1	8_____	72379	1	0	0	0	0	1	0	0	0	0	0
C	Marios	25	126	9	1	8_____	72400	1	0	0	0	0	0	0	0	0	1	0
C	Marios	25	126	9	1	8_____	72489	1	0	0	0	0	1	0	0	0	0	0
C	Marios	25	126	9	1	8_____	72793	1	0	0	0	0	0	0	0	0	1	0
C	Marios	25	126	9	1	8_____	72795	1	0	0	0	0	1	0	0	0	0	0
C	Marios	25	126	9	1	8_____	72798	1	0	0	0	0	0	0	0	0	1	0
C	Marios	25	126	9	1	8_____	72882	1	0	0	0	0	1	0	0	0	0	0
C	Marios	25	126	9	1	8_____	72891	1	0	0	0	0	0	0	0	0	1	0
C	Marios	25	126	9	1	8_____	72915	1	0	0	0	0	1	0	0	0	0	0
C	Marios	25	126	9	1	8_____	72951	1	0	0	0	0	0	0	0	0	1	0
C	Marios	25	126	9	1	8_____	73265	1	0	0	0	0	1	0	0	0	0	0
C	Marios	25	126	9	1	8_____	73422	1	0	0	0	0	0	0	0	0	1	0
C	Marios	25	126	9	1	8_____	73429	1	0	0	0	0	1	0	0	0	0	0
C	Marios	25	126	9	1	8_____	73454	1	0	0	0	0	0	0	0	0	1	0
C	Marios	25	126	9	1	8_____	75206	1	0	0	0	0	1	0	0	0	0	0
C	Marios	25	126	9	1	8_____	75254	1	0	0	0	0	0	0	0	0	1	0
C	Marios	25	126	9	1	8_____	75262	1	0	0	0	0	1	0	0	0	0	0
C	Marios	25	126	9	1	8_____	75268	1	0	0	0	0	0	0	0	0	1	0
C	Marios	25	126	9	1	8_____	75451	1	0	0	0	0	1	0	0	0	0	0
C	Marios	25	126	9	1	8_____	75461	1	0	0	0	0	0	0	0	0	1	0
C	Marios	25	126	9	1	8_____	75540	1	0	0	0	0	1	0	0	0	0	0
C	Marios	25	126	9	1	8_____	75724	1	0	0	0	0	0	0	0	0	1	0
C	Marios	25	126	9	1	8_____	76032	1	0	0	0	0	1	0	0	0	0	0
C	Marios	25	126	9	1	8_____	76035	1	0	0	0	0	0	0	0	0	1	0
C	Marios	25	126	9	1	8_____	78000	1	2	0	0	0	0	0	0	0	0	0
C	Marios	25	126	9	1	8_____	78488	2	0	0	0	0	1	0	0	0	0	0
C	Marios	25	126	9	1	8_____	78500	2	17	0	0	0	0	0	0	0	0	0
C	Marios	25	126	9	1	8_____	78507	17	0	0	0	0	0	0	0	0	1	0
C	Marios	25	126	9	1	8_____	78548	17	0	0	0	0	1	0	0	0	0	0
C	Marios	25	126	9	1	8_____	78645	17	0	0	0	0	0	0	0	0	1	0
C	Marios	25	126	9	1	8_____	79000	17	15	0	0	0	0	0	0	0	0	0
C	Marios	25	126	9	1	8_____	79050	15	0	0	0	0	1	0	0	0	0	0
C	Marios	25	126	9	1	8_____	79119	15	0	0	0	0	0	0	0	0	1	0
C	Marios	25	126	9	1	8_____	79225	15	0	0	0	0	1	0	0	0	0	0
C	Marios	25	126	9	1	8_____	79442	15	0	0	0	0	0	0	0	0	1	0
C	Marios	25	126	9	1	8_____	79458	15	0	0	0	0	1	0	0	0	0	0
C	Marios	25	126	9	1	8_____	79500	15	1	0	0	0	0	0	0	0	0	0
C	Marios	25	126	9	1	8_____	79636	1	0	0	0	0	0	0	0	0	1	0
C	Marios	25	126	9	1	8_____	79663	1	0	0	0	0	1	0	0	0	0	0
C	Marios	25	126	9	1	8_____	79710	1	0	0	0	0	0	0	0	0	1	0
C	Marios	25	126	9	1	8_____	79750	1	0	0	0	0	1	0	0	0	0	0
C	Marios	25	126	9	1	8_____	79862	1	0	0	0	0	0	0	0	0	1	0
C	Marios	25	126	9	1	8_____	81722	1	0	0	0	0	1	0	0	0	0	0
C	Marios	25	126	9	1	8_____	81751	1	0	0	0	0	0	0	0	0	1	0
C	Marios	25	126	9	1	8_____	82500	1	2	0	0	0	0	0	0	0	0	0
C	Marios	25	126	9	1	8_____	82822	2	0	0	0	0	1	0	0	0	0	0
C	Marios	25	126	9	1	8_____	82847	2	0	0	0	0	0	0	0	0	1	0
C	Marios	25	126	9	1	8_____	82849	2	0	0	0	0	1	0	0	0	0	0
C	Marios	25	126	9	1	8_____	82851	2	0	0	0	0	0	0	0	0	1	0
C	Marios	25	126	9	1	8_____	82853	2	0	0	0	0	1	0	0	0	0	0
C	Marios	25	126	9	1	8_____	82931	2	0	0	0	0	0	0	0	0	1	0
C	Marios	25	126	9	1	8_____	83000	2	7	0	0	0	0	0	0	0	0	0
C	Marios	25	126	9	1	8_____	83020	7	0	0	0	0	1	0	0	0	0	0
C	Marios	25	126	9	1	8_____	83096	7	0	0	0	0	0	0	0	0	1	0
C	Marios	25	126	9	1	8_____	83234	7	0	0	0	0	1	0	0	0	0	0
C	Marios	25	126	9	1	8_____	83324	7	0	0	0	0	0	0	0	0	1	0
C	Marios	25	126	9	1	8_____	83354	7	0	0	0	0	1	0	0	0	0	0
C	Marios	25	126	9	1	8_____	83457	7	0	0	0	0	0	0	0	0	1	0
C	Marios	25	126	9	1	8_____	83500	7	10	0	0	0	0	0	0	0	0	0
C	Marios	25	126	9	1	8_____	83529	10	0	0	0	0	1	0	0	0	0	0
C	Marios	25	126	9	1	8_____	83885	10	0	0	0	0	0	0	0	0	1	0
C	Marios	25	126	9	1	8_____	84000	10	1	0	0	0	0	0	0	0	0	0
C	Marios	25	126	9	1	8_____	84109	1	0	0	0	0	1	0	0	0	0	0
C	Marios	25	126	9	1	8_____	84326	1	0	0	0	0	0	0	0	0	1	0
C	Marios	25	126	9	1	8_____	84452	1	0	0	0	0	1	0	0	0	0	0
C	Marios	25	126	9	1	8_____	84470	1	0	0	0	0	0	0	0	0	1	0
C	Marios	25	126	9	1	8_____	84472	1	0	0	0	0	1	0	0	0	0	0
C	Marios	25	126	9	1	8_____	84684	1	0	0	0	0	0	0	0	0	1	0
C	Marios	25	126	9	1	8_____	84687	1	0	0	0	0	1	0	0	0	0	0
C	Marios	25	126	9	1	8_____	84689	1	0	0	0	0	0	0	0	0	1	0
C	Marios	25	126	9	1	8_____	84710	1	0	0	0	0	1	0	0	0	0	0
C	Marios	25	126	9	1	8_____	84712	1	0	0	0	0	0	0	0	0	1	0
C	Marios	25	126	9	1	8_____	84714	1	0	0	0	0	1	0	0	0	0	0
C	Marios	25	126	9	1	8_____	84720	1	0	0	0	0	0	0	0	0	1	0
C	Marios	25	126	9	1	8_____	84727	1	0	0	0	0	1	0	0	0	0	0
C	Marios	25	126	9	1	8_____	84756	1	0	0	0	0	0	0	0	0	1	0
C	Marios	25	126	9	1	8_____	84758	1	0	0	0	0	1	0	0	0	0	0
C	Marios	25	126	9	1	8_____	84761	1	0	0	0	0	0	0	0	0	1	0
C	Marios	25	126	9	1	8_____	84773	1	0	0	0	0	1	0	0	0	0	0
C	Marios	25	126	9	1	8_____	84821	1	0	0	0	0	0	0	0	0	1	0
C	Marios	25	126	9	1	8_____	84860	1	0	0	0	0	1	0	0	0	0	0
C	Marios	25	126	9	1	8_____	84862	1	0	0	0	0	0	0	0	0	1	0
C	Marios	25	126	9	1	8_____	84893	1	0	0	0	0	1	0	0	0	0	0
C	Marios	25	126	9	1	8_____	84903	1	0	0	0	0	0	0	0	0	1	0
C	Marios	25	126	9	1	8_____	85534	1	0	0	0	0	1	0	0	0	0	0
C	Marios	25	126	9	1	8_____	85545	1	0	0	0	0	0	0	0	0	1	0
C	Marios	25	126	9	1	8_____	85560	1	0	0	0	0	1	0	0	0	0	0
C	Marios	25	126	9	1	8_____	85597	1	0	0	0	0	0	0	0	0	1	0
C	Marios	25	126	9	1	8_____	85889	1	0	0	0	0	1	0	0	0	0	0
C	Marios	25	126	9	1	8_____	86025	1	0	0	0	0	0	0	0	0	1	0
C	Marios	25	126	9	1	8_____	86184	1	0	0	0	0	1	0	0	0	0	0
C	Marios	25	126	9	1	8_____	86250	1	2	0	0	0	0	0	0	0	0	0
C	Marios	25	126	9	1	8_____	86363	2	0	0	0	0	0	0	0	0	1	0
C	Marios	25	126	9	1	8_____	86408	2	0	0	0	0	1	0	0	0	0	0
C	Marios	25	126	9	1	8_____	86426	2	0	0	0	0	0	0	0	0	1	0
C	Marios	25	126	9	1	8_____	86445	2	0	0	0	0	1	0	0	0	0	0
C	Marios	25	126	9	1	8_____	86449	2	0	0	0	0	0	0	0	0	1	0
C	Marios	25	126	9	1	8_____	86453	2	0	0	0	0	1	0	0	0	0	0
C	Marios	25	126	9	1	8_____	86492	2	0	0	0	0	1	0	0	0	1	0
C	Marios	25	126	9	1	8_____	86514	2	0	0	0	0	1	0	0	0	1	0
C	Marios	25	126	9	1	8_____	86587	2	0	0	0	0	0	0	0	0	1	0
C	Marios	25	126	9	1	8_____	86609	2	0	0	0	0	1	0	0	0	0	0
C	Marios	25	126	9	1	8_____	86624	2	0	0	0	0	0	0	0	0	1	0
C	Marios	25	126	9	1	8_____	86629	2	0	0	0	0	1	0	0	0	0	0
C	Marios	25	126	9	1	8_____	86654	2	0	0	0	0	0	0	0	0	1	0
C	Marios	25	126	9	1	8_____	86661	2	0	0	0	0	1	0	0	0	0	0
C	Marios	25	126	9	1	8_____	86685	2	0	0	0	0	0	0	0	0	1	0
C	Marios	25	126	9	1	8_____	86704	2	0	0	0	0	1	0	0	0	0	0
C	Marios	25	126	9	1	8_____	86732	2	0	0	0	0	0	0	0	0	1	0
C	Marios	25	126	9	1	8_____	86734	2	0	0	0	0	1	0	0	0	0	0
C	Marios	25	126	9	1	8_____	86750	2	17	0	0	0	0	0	0	0	0	0
C	Marios	25	126	9	1	8_____	86765	17	0	0	0	0	0	0	0	0	1	0
C	Marios	25	126	9	1	8_____	86953	17	0	0	0	0	1	0	0	0	0	0
C	Marios	25	126	9	1	8_____	86998	17	0	0	0	0	0	0	0	0	1	0
C	Marios	25	126	9	1	8_____	87245	17	0	0	0	0	1	0	0	0	0	0
C	Marios	25	126	9	1	8_____	87250	17	15	0	0	0	0	0	0	0	0	0
C	Marios	25	126	9	1	8_____	87339	15	0	0	0	0	0	0	0	0	1	0
C	Marios	25	126	9	1	8_____	87347	15	0	0	0	0	1	0	0	0	0	0
C	Marios	25	126	9	1	8_____	87387	15	0	0	0	0	0	0	0	0	1	0
C	Marios	25	126	9	1	8_____	87750	15	1	0	0	0	0	0	0	0	0	0
C	Marios	25	126	9	1	8_____	87793	1	0	0	0	0	1	0	0	0	0	0
C	Marios	25	126	9	1	8_____	87798	1	0	0	0	0	0	0	0	0	1	0
C	Marios	25	126	9	1	8_____	87805	1	0	0	0	0	1	0	0	0	0	0
C	Marios	25	126	9	1	8_____	87811	1	0	0	0	0	0	0	0	0	1	0
C	Marios	25	126	9	1	8_____	87829	1	0	0	0	0	1	0	0	0	0	0
C	Marios	25	126	9	1	8_____	87838	1	0	0	0	0	0	0	0	0	1	0
C	Marios	25	126	9	1	8_____	87858	1	0	0	0	0	1	0	0	0	0	0
C	Marios	25	126	9	1	8_____	87871	1	0	0	0	0	0	0	0	0	1	0
C	Marios	25	126	9	1	8_____	87877	1	0	0	0	0	1	0	0	0	0	0
C	Marios	25	126	9	1	8_____	87998	1	0	0	0	0	0	0	0	0	1	0
C	Marios	25	126	9	1	8_____	88014	1	0	0	0	0	1	0	0	0	0	0
C	Marios	25	126	9	1	8_____	88028	1	0	0	0	0	0	0	0	0	1	0
C	Marios	25	126	9	1	8_____	88039	1	0	0	0	0	1	0	0	0	0	0
C	Marios	25	126	9	1	8_____	88052	1	0	0	0	0	0	0	0	0	1	0
C	Marios	25	126	9	1	8_____	88077	1	0	0	0	0	1	0	0	0	0	0
C	Marios	25	126	9	1	8_____	88095	1	0	0	0	0	0	0	0	0	1	0
C	Marios	25	126	9	1	8_____	88101	1	0	0	0	0	1	0	0	0	0	0
C	Marios	25	126	9	1	8_____	88108	1	0	0	0	0	0	0	0	0	1	0
C	Marios	25	126	9	1	8_____	88110	1	0	0	0	0	1	0	0	0	0	0
C	Marios	25	126	9	1	8_____	88159	1	0	0	0	0	0	0	0	0	1	0
C	Marios	25	126	9	1	8_____	88163	1	0	0	0	0	1	0	0	0	0	0
C	Marios	25	126	9	1	8_____	88167	1	0	0	0	0	0	0	0	0	1	0
C	Marios	25	126	9	1	8_____	88173	1	0	0	0	0	1	0	0	0	0	0
C	Marios	25	126	9	1	8_____	88176	1	0	0	0	0	1	0	0	0	1	0
C	Marios	25	126	9	1	8_____	88179	1	0	0	0	0	0	0	0	0	1	0
C	Marios	25	126	9	1	8_____	88194	1	0	0	0	0	1	0	0	0	0	0
C	Marios	25	126	9	1	8_____	88229	1	0	0	0	0	0	0	0	0	1	0
C	Marios	25	126	9	1	8_____	88247	1	0	0	0	0	1	0	0	0	0	0
C	Marios	25	126	9	1	8_____	88283	1	0	0	0	0	0	0	0	0	1	0
C	Marios	25	126	9	1	8_____	88295	1	0	0	0	0	1	0	0	0	0	0
C	Marios	25	126	9	1	8_____	88457	1	0	0	0	0	0	0	0	0	1	0
C	Marios	25	126	9	1	8_____	89318	1	0	0	0	0	1	0	0	0	0	0
C	Marios	25	126	9	1	8_____	89321	1	0	0	0	0	0	0	0	0	1	0
C	Marios	25	126	9	1	8_____	89450	1	0	0	0	0	1	0	0	0	0	0
C	Marios	25	126	9	1	8_____	89455	1	0	0	0	0	0	0	0	0	1	0
C	Marios	25	126	9	1	8_____	89458	1	0	0	0	0	1	0	0	0	0	0
C	Marios	25	126	9	1	8_____	89466	1	0	0	0	0	0	0	0	0	1	0
C	Marios	25	126	9	1	8_____	89470	1	0	0	0	0	1	0	0	0	0	0
C	Marios	25	126	9	1	8_____	89473	1	0	0	0	0	0	0	0	0	1	0
C	Marios	25	126	9	1	8_____	89808	1	0	0	0	0	1	0	0	0	0	0
C	Marios	25	126	9	1	8_____	89821	1	0	0	0	0	0	0	0	0	1	0
C	Marios	25	126	9	1	8_____	89826	1	0	0	0	0	1	0	0	0	0	0
C	Marios	25	126	9	1	8_____	89846	1	0	0	0	0	0	0	0	0	1	0
C	Marios	25	126	9	1	8_____	91250	1	2	0	0	0	0	0	0	0	0	0
C	Marios	25	126	9	1	8_____	91358	2	0	0	0	0	1	0	0	0	0	0
C	Marios	25	126	9	1	8_____	91411	2	0	0	0	0	0	0	0	0	1	0
C	Marios	25	126	9	1	8_____	91750	2	6	0	0	0	0	0	0	0	0	0
C	Marios	25	126	9	1	8_____	91978	6	0	0	0	0	1	0	0	0	0	0
C	Marios	25	126	9	1	8_____	92009	6	0	0	0	0	0	0	0	0	1	0
C	Marios	25	126	9	1	8_____	92026	6	0	0	0	0	1	0	0	0	0	0
C	Marios	25	126	9	1	8_____	92250	6	11	0	0	0	0	0	0	0	0	0
C	Marios	25	126	9	1	8_____	92471	11	0	0	0	0	0	0	0	0	1	0
C	Marios	25	126	9	1	8_____	92474	11	0	0	0	0	1	0	0	0	0	0
C	Marios	25	126	9	1	8_____	92476	11	0	0	0	0	0	0	0	0	1	0
C	Marios	25	126	9	1	8_____	92750	11	1	0	0	0	0	0	0	0	0	0
C	Marios	25	126	9	1	8_____	94803	1	0	0	0	0	1	0	0	0	0	0
C	Marios	25	126	9	1	8_____	94805	1	0	0	0	0	0	0	0	0	1	0
C	Marios	25	126	9	1	8_____	94910	1	0	0	0	0	1	0	0	0	0	0
C	Marios	25	126	9	1	8_____	94912	1	0	0	0	0	0	0	0	0	1	0
C	Marios	25	126	9	1	8_____	95341	1	0	0	0	0	1	0	0	0	0	0
C	Marios	25	126	9	1	8_____	95343	1	0	0	0	0	0	0	0	0	1	0
C	Marios	25	126	9	1	8_____	95550	1	0	0	0	0	1	0	0	0	0	0
C	Marios	25	126	9	1	8_____	95552	1	0	0	0	0	0	0	0	0	1	0
C	Marios	25	126	9	1	8_____	95781	1	0	0	0	0	1	0	0	0	0	0
C	Marios	25	126	9	1	8_____	95787	1	0	0	0	0	0	0	0	0	1	0
C	Marios	25	126	9	1	8_____	95876	1	0	0	0	0	1	0	0	0	0	0
C	Marios	25	126	9	1	8_____	95979	1	0	0	0	0	0	0	0	0	1	0
C	Marios	25	126	9	1	8_____	95993	1	0	0	0	0	1	0	0	0	0	0
C	Marios	25	126	9	1	8_____	96000	1	0	0	0	0	0	0	0	0	1	0
C	Marios	25	126	9	1	8_____	96229	1	0	0	0	0	1	0	0	0	0	0
C	Marios	25	126	9	1	8_____	96247	1	0	0	0	0	0	0	0	0	1	0
C	Marios	25	126	9	1	8_____	96500	1	2	0	0	0	0	0	0	0	0	0
C	Marios	25	126	9	1	8_____	97000	2	16	0	0	0	0	0	0	0	0	0
C	Marios	25	126	9	1	8_____	97493	16	0	0	0	0	1	0	0	0	0	0
C	Marios	25	126	9	1	8_____	97500	16	15	0	0	0	0	0	0	0	0	0
C	Marios	25	126	9	1	8_____	97549	15	0	0	0	0	0	0	0	0	1	0
C	Marios	25	126	9	1	8_____	98000	15	1	0	0	0	0	0	0	0	0	0
C	Marios	25	126	9	1	8_____	98261	1	0	0	0	0	1	0	0	0	0	0
C	Marios	25	126	9	1	8_____	98300	1	0	0	0	0	0	0	0	0	1	0
C	Marios	25	126	9	1	8_____	98505	1	0	0	0	0	1	0	0	0	0	0
C	Marios	25	126	9	1	8_____	98531	1	0	0	0	0	0	0	0	0	1	0
C	Marios	25	126	9	1	8_____	98804	1	0	0	0	0	1	0	0	0	0	0
C	Marios	25	126	9	1	8_____	98931	1	0	0	0	0	0	0	0	0	1	0
C	Marios	25	126	9	1	8_____	99785	1	0	0	0	0	1	0	0	0	0	0
C	Marios	25	126	9	1	8_____	99812	1	0	0	0	0	0	0	0	0	1	0
C	Marios	25	126	9	1	8_____	100896	1	0	0	0	0	1	0	0	0	0	0
C	Marios	25	126	9	1	8_____	100901	1	0	0	0	0	0	0	0	0	1	0
C	Marios	25	126	9	1	8_____	101091	1	0	0	0	0	1	0	0	0	0	0
C	Marios	25	126	9	1	8_____	101109	1	0	0	0	0	0	0	0	0	1	0
C	Marios	25	126	9	1	8_____	101110	1	0	0	0	0	1	0	0	0	0	0
C	Marios	25	126	9	1	8_____	101115	1	0	0	0	0	0	0	0	0	1	0
C	Marios	25	126	9	1	8_____	101605	1	0	0	0	0	1	0	0	0	0	0
C	Marios	25	126	9	1	8_____	101613	1	0	0	0	0	0	0	0	0	1	0
C	Marios	25	126	9	1	8_____	101621	1	0	0	0	0	1	0	0	0	0	0
C	Marios	25	126	9	1	8_____	101626	1	0	0	0	0	0	0	0	0	1	0
C	Marios	25	126	9	1	8_____	101641	1	0	0	0	0	1	0	0	0	0	0
C	Marios	25	126	9	1	8_____	101662	1	0	0	0	0	0	0	0	0	1	0
C	Marios	25	126	9	1	8_____	101675	1	0	0	0	0	1	0	0	0	0	0
C	Marios	25	126	9	1	8_____	101681	1	0	0	0	0	0	0	0	0	1	0
C	Marios	25	126	9	1	8_____	101682	1	0	0	0	0	1	0	0	0	0	0
C	Marios	25	126	9	1	8_____	101755	1	0	0	0	0	0	0	0	0	1	0
C	Marios	25	126	9	1	8_____	101779	1	0	0	0	0	1	0	0	0	0	0
C	Marios	25	126	9	1	8_____	101781	1	0	0	0	0	0	0	0	0	1	0
C	Marios	25	126	9	1	8_____	101784	1	0	0	0	0	1	0	0	0	0	0
C	Marios	25	126	9	1	8_____	101809	1	0	0	0	0	0	0	0	0	1	0
C	Marios	25	126	9	1	8_____	101818	1	0	0	0	0	1	0	0	0	0	0
C	Marios	25	126	9	1	8_____	101823	1	0	0	0	0	0	0	0	0	1	0
C	Marios	25	126	9	1	8_____	101827	1	0	0	0	0	1	0	0	0	0	0
C	Marios	25	126	9	1	8_____	101846	1	0	0	0	0	0	0	0	0	1	0
C	Marios	25	126	9	1	8_____	101847	1	0	0	0	0	1	0	0	0	0	0
C	Marios	25	126	9	1	8_____	101879	1	0	0	0	0	0	0	0	0	1	0
C	Marios	25	126	9	1	8_____	101885	1	0	0	0	0	1	0	0	0	0	0
C	Marios	25	126	9	1	8_____	101900	1	0	0	0	0	0	0	0	0	1	0
C	Marios	25	126	9	1	8_____	101903	1	0	0	0	0	1	0	0	0	0	0
C	Marios	25	126	9	1	8_____	101910	1	0	0	0	0	0	0	0	0	1	0
C	Marios	25	126	9	1	8_____	101911	1	0	0	0	0	1	0	0	0	0	0
C	Marios	25	126	9	1	8_____	101921	1	0	0	0	0	0	0	0	0	1	0
C	Marios	25	126	9	1	8_____	101929	1	0	0	0	0	1	0	0	0	0	0
C	Marios	25	126	9	1	8_____	101932	1	0	0	0	0	0	0	0	0	1	0
C	Marios	25	126	9	1	8_____	101998	1	0	0	0	0	1	0	0	0	0	0
C	Marios	25	126	9	1	8_____	102008	1	0	0	0	0	0	0	0	0	1	0
C	Marios	25	126	9	1	8_____	102012	1	0	0	0	0	1	0	0	0	0	0
C	Marios	25	126	9	1	8_____	102019	1	0	0	0	0	0	0	0	0	1	0
C	Marios	25	126	9	1	8_____	102058	1	0	0	0	0	1	0	0	0	0	0
C	Marios	25	126	9	1	8_____	102060	1	0	0	0	0	0	0	0	0	1	0
C	Marios	25	126	9	1	8_____	102165	1	0	0	0	0	1	0	0	0	0	0
C	Marios	25	126	9	1	8_____	102187	1	0	0	0	0	0	0	0	0	1	0
C	Marios	25	126	9	1	8_____	102205	1	0	0	0	0	1	0	0	0	0	0
C	Marios	25	126	9	1	8_____	102207	1	0	0	0	0	0	0	0	0	1	0
C	Marios	25	126	9	1	8_____	105385	1	0	0	0	0	1	0	0	0	0	0
C	Marios	25	126	9	1	8_____	105388	1	0	0	0	0	0	0	0	0	1	0
C	Marios	25	126	9	1	8_____	105395	1	0	0	0	0	1	0	0	0	0	0
C	Marios	25	126	9	1	8_____	105403	1	0	0	0	0	1	0	0	0	1	0
C	Marios	25	126	9	1	8_____	105407	1	0	0	0	0	0	0	0	0	1	0
C	Marios	25	126	9	1	8_____	105411	1	0	0	0	0	1	0	0	0	0	0
C	Marios	25	126	9	1	8_____	105416	1	0	0	0	0	0	0	0	0	1	0
C	Marios	25	126	9	1	8_____	105417	1	0	0	0	0	1	0	0	0	0	0
C	Marios	25	126	9	1	8_____	105423	1	0	0	0	0	0	0	0	0	1	0
C	Marios	25	126	9	1	8_____	105464	1	0	0	0	0	1	0	0	0	0	0
C	Marios	25	126	9	1	8_____	105468	1	0	0	0	0	0	0	0	0	1	0
C	Marios	25	126	9	1	8_____	105500	1	2	0	0	0	0	0	0	0	0	0
C	Marios	25	126	9	1	8_____	105503	2	0	0	0	0	1	0	0	0	0	0
C	Marios	25	126	9	1	8_____	105507	2	0	0	0	0	0	0	0	0	1	0
C	Marios	25	126	9	1	8_____	105513	2	0	0	0	0	1	0	0	0	0	0
C	Marios	25	126	9	1	8_____	105517	2	0	0	0	0	0	0	0	0	1	0
C	Marios	25	126	9	1	8_____	105518	2	0	0	0	0	1	0	0	0	0	0
C	Marios	25	126	9	1	8_____	105522	2	0	0	0	0	0	0	0	0	1	0
C	Marios	25	126	9	1	8_____	105527	2	0	0	0	0	1	0	0	0	0	0
C	Marios	25	126	9	1	8_____	105534	2	0	0	0	0	0	0	0	0	1	0
C	Marios	25	126	9	1	8_____	105539	2	0	0	0	0	1	0	0	0	0	0
C	Marios	25	126	9	1	8_____	105556	2	0	0	0	0	0	0	0	0	1	0
C	Marios	25	126	9	1	8_____	105557	2	0	0	0	0	1	0	0	0	0	0
C	Marios	25	126	9	1	8_____	105559	2	0	0	0	0	0	0	0	0	1	0
C	Marios	25	126	9	1	8_____	105628	2	0	0	0	0	1	0	0	0	0	0
C	Marios	25	126	9	1	8_____	105630	2	0	0	0	0	0	0	0	0	1	0
C	Marios	25	126	9	1	8_____	105683	2	0	0	0	0	1	0	0	0	0	0
C	Marios	25	126	9	1	8_____	105701	2	0	0	0	0	0	0	0	0	1	0
C	Marios	25	126	9	1	8_____	105726	2	0	0	0	0	1	0	0	0	0	0
C	Marios	25	126	9	1	8_____	105729	2	0	0	0	0	0	0	0	0	1	0
C	Marios	25	126	9	1	8_____	105895	2	0	0	0	0	1	0	0	0	0	0
C	Marios	25	126	9	1	8_____	105917	2	0	0	0	0	0	0	0	0	1	0
C	Marios	25	126	9	1	8_____	105923	2	0	0	0	0	1	0	0	0	0	0
C	Marios	25	126	9	1	8_____	105927	2	0	0	0	0	0	0	0	0	1	0
C	Marios	25	126	9	1	8_____	106000	2	16	0	0	0	0	0	0	0	0	0
C	Marios	25	126	9	1	8_____	106232	16	0	0	0	0	1	0	0	0	0	0
C	Marios	25	126	9	1	8_____	106240	16	0	0	0	0	0	0	0	0	1	0
C	Marios	25	126	9	1	8_____	106241	16	0	0	0	0	1	0	0	0	0	0
C	Marios	25	126	9	1	8_____	106246	16	0	0	0	0	0	0	0	0	1	0
C	Marios	25	126	9	1	8_____	106248	16	0	0	0	0	1	0	0	0	0	0
C	Marios	25	126	9	1	8_____	106250	16	0	0	0	0	0	0	0	0	1	0
C	Marios	25	126	9	1	8_____	106268	16	0	0	0	0	1	0	0	0	0	0
C	Marios	25	126	9	1	8_____	106373	16	0	0	0	0	0	0	0	0	1	0
C	Marios	25	126	9	1	8_____	106500	16	15	0	0	0	0	0	0	0	0	0
C	Marios	25	126	9	1	8_____	106872	15	0	0	0	0	1	0	0	0	0	0
C	Marios	25	126	9	1	8_____	106878	15	0	0	0	0	0	0	0	0	1	0
C	Marios	25	126	9	1	8_____	106946	15	0	0	0	0	1	0	0	0	0	0
C	Marios	25	126	9	1	8_____	106949	15	0	0	0	0	0	0	0	0	1	0
C	Marios	25	126	9	1	8_____	106952	15	0	0	0	0	1	0	0	0	0	0
C	Marios	25	126	9	1	8_____	106954	15	0	0	0	0	0	0	0	0	1	0
C	Marios	25	126	9	1	8_____	107000	15	1	0	0	0	0	0	0	0	0	0
C	Marios	25	126	9	1	8_____	108180	1	0	0	0	0	1	0	0	0	0	0
C	Marios	25	126	9	1	8_____	108182	1	0	0	0	0	0	0	0	0	1	0
C	Marios	25	126	9	1	8_____	108201	1	0	0	0	0	1	0	0	0	0	0
C	Marios	25	126	9	1	8_____	108261	1	0	0	0	0	0	0	0	0	1	0
C	Marios	25	126	9	1	8_____	109640	1	0	0	0	0	1	0	0	0	0	0
C	Marios	25	126	9	1	8_____	109642	1	0	0	0	0	0	0	0	0	1	0
C	Marios	25	126	9	1	8_____	110209	1	0	0	0	0	1	0	0	0	0	0
C	Marios	25	126	9	1	8_____	110215	1	0	0	0	0	0	0	0	0	1	0
C	Marios	25	126	9	1	8_____	110763	1	0	0	0	0	1	0	0	0	0	0
C	Marios	25	126	9	1	8_____	110773	1	0	0	0	0	0	0	0	0	1	0
C	Marios	25	126	9	1	8_____	110778	1	0	0	0	0	1	0	0	0	0	0
C	Marios	25	126	9	1	8_____	110785	1	0	0	0	0	0	0	0	0	1	0
C	Marios	25	126	9	1	8_____	110924	1	0	0	0	0	1	0	0	0	0	0
C	Marios	25	126	9	1	8_____	111013	1	0	0	0	0	0	0	0	0	1	0
C	Marios	25	126	9	1	8_____	112500	1	2	0	0	0	0	0	0	0	0	0
C	Marios	25	126	9	1	8_____	112839	2	0	0	0	0	1	0	0	0	0	0
C	Marios	25	126	9	1	8_____	112853	2	0	0	0	0	0	0	0	0	1	0
C	Marios	25	126	9	1	8_____	112968	2	0	0	0	0	1	0	0	0	0	0
C	Marios	25	126	9	1	8_____	113000	2	6	0	0	0	0	0	0	0	0	0
C	Marios	25	126	9	1	8_____	113006	6	0	0	0	0	0	0	0	0	1	0
C	Marios	25	126	9	1	8_____	113114	6	0	0	0	0	1	0	0	0	0	0
C	Marios	25	126	9	1	8_____	113195	6	0	0	0	0	0	0	0	0	1	0
C	Marios	25	126	9	1	8_____	113236	6	0	0	0	0	1	0	0	0	0	0
C	Marios	25	126	9	1	8_____	113356	6	0	0	0	0	0	0	0	0	1	0
C	Marios	25	126	9	1	8_____	113404	6	0	0	0	0	1	0	0	0	0	0
C	Marios	25	126	9	1	8_____	113500	6	11	0	0	0	0	0	0	0	0	0
C	Marios	25	126	9	1	8_____	113835	11	0	0	0	0	0	0	0	0	1	0
C	Marios	25	126	9	1	8_____	114000	11	1	0	0	0	0	0	0	0	0	0
C	Marios	25	126	9	1	8_____	114460	1	0	0	0	0	1	0	0	0	0	0
C	Marios	25	126	9	1	8_____	114465	1	0	0	0	0	0	0	0	0	1	0
C	Marios	25	126	9	1	8_____	114485	1	0	0	0	0	1	0	0	0	0	0
C	Marios	25	126	9	1	8_____	114487	1	0	0	0	0	0	0	0	0	1	0
C	Marios	25	126	9	1	8_____	115194	1	0	0	0	0	1	0	0	0	0	0
C	Marios	25	126	9	1	8_____	115250	1	0	0	0	0	0	0	0	0	1	0
C	Marios	25	126	9	1	8_____	117189	1	0	0	0	0	1	0	0	0	0	0
C	Marios	25	126	9	1	8_____	117191	1	0	0	0	0	0	0	0	0	1	0
C	Marios	25	126	9	1	8_____	117195	1	0	0	0	0	1	0	0	0	0	0
C	Marios	25	126	9	1	8_____	117211	1	0	0	0	0	0	0	0	0	1	0
C	Marios	25	126	9	1	8_____	117224	1	0	0	0	0	1	0	0	0	0	0
C	Marios	25	126	9	1	8_____	117225	1	0	0	0	0	0	0	0	0	1	0
C	Marios	25	126	9	1	8_____	117260	1	0	0	0	0	1	0	0	0	0	0
C	Marios	25	126	9	1	8_____	117269	1	0	0	0	0	0	0	0	0	1	0
C	Marios	25	126	9	1	8_____	117277	1	0	0	0	0	1	0	0	0	0	0
C	Marios	25	126	9	1	8_____	117302	1	0	0	0	0	0	0	0	0	1	0
C	Marios	25	126	9	1	8_____	119030	1	0	0	0	0	1	0	0	0	0	0
C	Marios	25	126	9	1	8_____	119142	1	0	0	0	0	0	0	0	0	1	0
C	Marios	25	126	9	1	8_____	119250	1	2	0	0	0	0	0	0	0	0	0
C	Marios	25	126	9	1	8_____	119336	2	0	0	0	0	1	0	0	0	0	0
C	Marios	25	126	9	1	8_____	119343	2	0	0	0	0	0	0	0	0	1	0
C	Marios	25	126	9	1	8_____	119344	2	0	0	0	0	1	0	0	0	0	0
C	Marios	25	126	9	1	8_____	119349	2	0	0	0	0	0	0	0	0	1	0
C	Marios	25	126	9	1	8_____	119374	2	0	0	0	0	1	0	0	0	0	0
C	Marios	25	126	9	1	8_____	119378	2	0	0	0	0	0	0	0	0	1	0
C	Marios	25	126	9	1	8_____	119389	2	0	0	0	0	1	0	0	0	0	0
C	Marios	25	126	9	1	8_____	119405	2	0	0	0	0	0	0	0	0	1	0
C	Marios	25	126	9	1	8_____	119721	2	0	0	0	0	1	0	0	0	0	0
C	Marios	25	126	9	1	8_____	119726	2	0	0	0	0	0	0	0	0	1	0
C	Marios	25	126	9	1	8_____	119750	2	7	0	0	0	0	0	0	0	0	0
C	Marios	25	126	9	1	8_____	119899	7	0	0	0	0	1	0	0	0	0	0
C	Marios	25	126	9	1	8_____	119902	7	0	0	0	0	0	0	0	0	1	0
C	Marios	25	126	9	1	8_____	119903	7	0	0	0	0	1	0	0	0	0	0
C	Marios	25	126	9	1	8_____	119905	7	0	0	0	0	0	0	0	0	1	0
C	Marios	25	126	9	1	8_____	119906	7	0	0	0	0	1	0	0	0	0	0
C	Marios	25	126	9	1	8_____	119908	7	0	0	0	0	0	0	0	0	1	0
C	Marios	25	126	9	1	8_____	119915	7	0	0	0	0	1	0	0	0	0	0
C	Marios	25	126	9	1	8_____	119927	7	0	0	0	0	0	0	0	0	1	0
C	Marios	25	126	9	1	8_____	119928	7	0	0	0	0	1	0	0	0	0	0
C	Marios	25	126	9	1	8_____	119930	7	0	0	0	0	0	0	0	0	1	0
C	Marios	25	126	9	1	8_____	120163	7	0	0	0	0	1	0	0	0	0	0
C	Marios	25	126	9	1	8_____	120250	7	10	0	0	0	0	0	0	0	0	0
C	Marios	25	126	9	1	8_____	120527	10	0	0	0	0	0	0	0	0	1	0
C	Marios	25	126	9	1	8_____	120632	10	0	0	0	0	1	0	0	0	0	0
C	Marios	25	126	9	1	8_____	120653	10	0	0	0	0	0	0	0	0	1	0
C	Marios	25	126	9	1	8_____	120750	10	1	0	0	0	0	0	0	0	0	0
C	Marios	25	126	9	1	8_____	121436	1	0	0	0	0	1	0	0	0	0	0
C	Marios	25	126	9	1	8_____	121440	1	0	0	0	0	0	0	0	0	1	0
C	Marios	25	126	9	1	8_____	121711	1	0	0	0	0	1	0	0	0	0	0
C	Marios	25	126	9	1	8_____	121713	1	0	0	0	0	0	0	0	0	1	0
C	Marios	25	126	9	1	8_____	121717	1	0	0	0	0	1	0	0	0	0	0
C	Marios	25	126	9	1	8_____	121719	1	0	0	0	0	0	0	0	0	1	0
C	Marios	25	126	9	1	8_____	121727	1	0	0	0	0	1	0	0	0	0	0
C	Marios	25	126	9	1	8_____	121735	1	0	0	0	0	0	0	0	0	1	0
C	Marios	25	126	9	1	8_____	122141	1	0	0	0	0	1	0	0	0	0	0
C	Marios	25	126	9	1	8_____	122143	1	0	0	0	0	0	0	0	0	1	0
C	Marios	25	126	9	1	8_____	122147	1	0	0	0	0	1	0	0	0	0	0
C	Marios	25	126	9	1	8_____	122159	1	0	0	0	0	0	0	0	0	1	0
C	Marios	25	126	9	1	8_____	122250	1	2	0	0	0	0	0	0	0	0	0
C	Marios	25	126	9	1	8_____	122316	2	0	0	0	0	1	0	0	0	0	0
C	Marios	25	126	9	1	8_____	122321	2	0	0	0	0	0	0	0	0	1	0
C	Marios	25	126	9	1	8_____	122750	2	17	0	0	0	0	0	0	0	0	0
C	Marios	25	126	9	1	8_____	122792	17	0	0	0	0	1	0	0	0	0	0
C	Marios	25	126	9	1	8_____	122841	17	0	0	0	0	0	0	0	0	1	0
C	Marios	25	126	9	1	8_____	122984	17	0	0	0	0	1	0	0	0	0	0
C	Marios	25	126	9	1	8_____	123098	17	0	0	0	0	0	0	0	0	1	0
C	Marios	25	126	9	1	8_____	123250	17	15	0	0	0	0	0	0	0	0	0
C	Marios	25	126	9	1	8_____	123447	15	0	0	0	0	1	0	0	0	0	0
C	Marios	25	126	9	1	8_____	123453	15	0	0	0	0	0	0	0	0	1	0
C	Marios	25	126	9	1	8_____	123500	15	0	0	0	0	1	0	0	0	0	0
C	Marios	25	126	9	1	8_____	123592	15	0	0	0	0	0	0	0	0	1	0
C	Marios	25	126	9	1	8_____	123650	15	0	0	0	0	1	0	0	0	0	0
C	Marios	25	126	9	1	8_____	123653	15	0	0	0	0	0	0	0	0	1	0
C	Marios	25	126	9	1	8_____	123656	15	0	0	0	0	1	0	0	0	0	0
C	Marios	25	126	9	1	8_____	123661	15	0	0	0	0	0	0	0	0	1	0
C	Marios	25	126	9	1	8_____	123669	15	0	0	0	0	1	0	0	0	0	0
C	Marios	25	126	9	1	8_____	123684	15	0	0	0	0	0	0	0	0	1	0
C	Marios	25	126	9	1	8_____	123750	15	1	0	0	0	0	0	0	0	0	0
C	Marios	25	126	9	1	8_____	123753	1	0	0	0	0	1	0	0	0	0	0
C	Marios	25	126	9	1	8_____	123782	1	0	0	0	0	0	0	0	0	1	0
C	Marios	25	126	9	1	8_____	123787	1	0	0	0	0	1	0	0	0	0	0
C	Marios	25	126	9	1	8_____	123809	1	0	0	0	0	0	0	0	0	1	0
C	Marios	25	126	9	1	8_____	125385	1	0	0	0	0	1	0	0	0	0	0
C	Marios	25	126	9	1	8_____	125387	1	0	0	0	0	0	0	0	0	1	0
C	Marios	25	126	9	1	8_____	125437	1	0	0	0	0	1	0	0	0	0	0
C	Marios	25	126	9	1	8_____	125455	1	0	0	0	0	0	0	0	0	1	0
C	Marios	25	126	9	1	8_____	125470	1	0	0	0	0	1	0	0	0	0	0
C	Marios	25	126	9	1	8_____	125476	1	0	0	0	0	0	0	0	0	1	0
C	Marios	25	126	9	1	8_____	125477	1	0	0	0	0	1	0	0	0	0	0
C	Marios	25	126	9	1	8_____	125525	1	0	0	0	0	0	0	0	0	1	0
C	Marios	25	126	9	1	8_____	125586	1	0	0	0	0	1	0	0	0	0	0
C	Marios	25	126	9	1	8_____	125589	1	0	0	0	0	0	0	0	0	1	0
C	Marios	25	126	9	1	8_____	125590	1	0	0	0	0	1	0	0	0	0	0
C	Marios	25	126	9	1	8_____	125613	1	0	0	0	0	0	0	0	0	1	0
C	Marios	25	126	9	1	8_____	125620	1	0	0	0	0	1	0	0	0	0	0
C	Marios	25	126	9	1	8_____	125636	1	0	0	0	0	0	0	0	0	1	0
C	Marios	25	126	9	1	8_____	125643	1	0	0	0	0	1	0	0	0	0	0
C	Marios	25	126	9	1	8_____	125648	1	0	0	0	0	0	0	0	0	1	0
C	Marios	25	126	9	1	8_____	125649	1	0	0	0	0	1	0	0	0	0	0
C	Marios	25	126	9	1	8_____	125653	1	0	0	0	0	0	0	0	0	1	0
C	Marios	25	126	9	1	8_____	126724	1	0	0	0	0	1	0	0	0	0	0
C	Marios	25	126	9	1	8_____	127277	1	0	0	0	0	0	0	0	0	1	0
C	Marios	25	126	9	1	8_____	127396	1	0	0	0	0	1	0	0	0	0	0
C	Marios	25	126	9	1	8_____	127630	1	0	0	0	0	0	0	0	0	1	0
C	Marios	25	126	9	1	8_____	127777	1	0	0	0	0	1	0	0	0	0	0
C	Marios	25	126	9	1	8_____	127799	1	0	0	0	0	0	0	0	0	1	0
C	Marios	25	126	9	1	8_____	127806	1	0	0	0	0	1	0	0	0	0	0
C	Marios	25	126	9	1	8_____	127841	1	0	0	0	0	0	0	0	0	1	0
C	Marios	25	126	9	1	8_____	127966	1	0	0	0	0	1	0	0	0	0	0
C	Marios	25	126	9	1	8_____	127976	1	0	0	0	0	0	0	0	0	1	0
C	Marios	25	126	9	1	8_____	127977	1	0	0	0	0	1	0	0	0	0	0
C	Marios	25	126	9	1	8_____	127979	1	0	0	0	0	0	0	0	0	1	0
C	Marios	25	126	9	1	8_____	127990	1	0	0	0	0	1	0	0	0	0	0
C	Marios	25	126	9	1	8_____	128055	1	0	0	0	0	0	0	0	0	1	0
C	Marios	25	126	9	1	8_____	128250	1	2	0	0	0	0	0	0	0	0	0
C	Marios	25	126	9	1	8_____	128750	2	16	0	0	0	0	0	0	0	0	0
C	Marios	25	126	9	1	8_____	129250	16	15	0	0	0	0	0	0	0	0	0
C	Marios	25	126	9	1	8_____	129750	15	1	0	0	0	0	0	0	0	0	0
C	Marios	25	126	9	1	8_____	129776	1	0	0	0	0	1	0	0	0	0	0
C	Marios	25	126	9	1	8_____	129800	1	0	0	0	0	0	0	0	0	1	0
C	Marios	25	126	9	1	8_____	130669	1	0	0	0	0	1	0	0	0	0	0
C	Marios	25	126	9	1	8_____	130802	1	0	0	0	0	0	0	0	0	1	0
C	Marios	25	126	9	1	8_____	131044	1	0	0	0	0	1	0	0	0	0	0
C	Marios	25	126	9	1	8_____	131089	1	0	0	0	0	0	0	0	0	1	0
C	Marios	25	126	9	1	8_____	131513	1	0	0	0	0	1	0	0	0	0	0
C	Marios	25	126	9	1	8_____	131517	1	0	0	0	0	0	0	0	0	1	0
C	Marios	25	126	9	1	8_____	131900	1	0	0	0	0	1	0	0	0	0	0
C	Marios	25	126	9	1	8_____	131912	1	0	0	0	0	0	0	0	0	1	0
C	Marios	25	126	9	1	8_____	132537	1	0	0	0	0	1	0	0	0	0	0
C	Marios	25	126	9	1	8_____	133074	1	0	0	0	0	0	0	0	0	1	0
C	Marios	25	126	9	1	8_____	133148	1	0	0	0	0	1	0	0	0	0	0
C	Marios	25	126	9	1	8_____	133290	1	0	0	0	0	0	0	0	0	1	0
C	Marios	25	126	9	1	8_____	133303	1	0	0	0	0	1	0	0	0	0	0
C	Marios	25	126	9	1	8_____	133357	1	0	0	0	0	0	0	0	0	1	0
C	Marios	25	126	9	1	8_____	134628	1	0	0	0	0	1	0	0	0	0	0
C	Marios	25	126	9	1	8_____	134726	1	0	0	0	0	0	0	0	0	1	0
C	Marios	25	126	9	1	8_____	135756	1	0	0	0	0	1	0	0	0	0	0
C	Marios	25	126	9	1	8_____	135780	1	0	0	0	0	0	0	0	0	1	0
C	Marios	25	126	9	1	8_____	135784	1	0	0	0	0	1	0	0	0	0	0
C	Marios	25	126	9	1	8_____	136047	1	0	0	0	0	0	0	0	0	1	0
C	Marios	25	126	9	1	8_____	136500	1	2	0	0	0	0	0	0	0	0	0
C	Marios	25	126	9	1	8_____	136599	2	0	0	0	0	1	0	0	0	0	0
C	Marios	25	126	9	1	8_____	136849	2	0	0	0	0	0	0	0	0	1	0
C	Marios	25	126	9	1	8_____	137000	2	17	0	0	0	0	0	0	0	0	0
C	Marios	25	126	9	1	8_____	137500	17	15	0	0	0	0	0	0	0	0	0
C	Marios	25	126	9	1	8_____	137950	15	0	0	0	0	1	0	0	0	0	0
C	Marios	25	126	9	1	8_____	138000	15	1	0	0	0	0	0	0	0	0	0
C	Marios	25	126	9	1	8_____	138045	1	0	0	0	0	0	0	0	0	1	0
C	Marios	25	126	9	1	8_____	138678	1	0	0	0	0	1	0	0	0	0	0
C	Marios	25	126	9	1	8_____	139201	1	0	0	0	0	0	0	0	0	1	0
C	Marios	25	126	9	1	8_____	142500	1	2	0	0	0	0	0	0	0	0	0
C	Marios	25	126	9	1	8_____	143000	2	16	0	0	0	0	0	0	0	0	0
C	Marios	25	126	9	1	8_____	143115	16	0	0	0	0	1	0	0	0	0	0
C	Marios	25	126	9	1	8_____	143436	16	0	0	0	0	0	0	0	0	1	0
C	Marios	25	126	9	1	8_____	143459	16	0	0	0	0	1	0	0	0	0	0
C	Marios	25	126	9	1	8_____	143500	16	15	0	0	0	0	0	0	0	0	0
C	Marios	25	126	9	1	8_____	143684	15	0	0	0	0	0	0	0	0	1	0
C	Marios	25	126	9	1	8_____	143690	15	0	0	0	0	1	0	0	0	0	0
C	Marios	25	126	9	1	8_____	143715	15	0	0	0	0	0	0	0	0	1	0
C	Marios	25	126	9	1	8_____	143778	15	0	0	0	0	1	0	0	0	0	0
C	Marios	25	126	9	1	8_____	144000	15	14	0	0	0	0	0	0	0	0	0
C	Marios	25	126	9	1	8_____	144128	14	0	0	0	0	0	0	0	0	1	0
C	Marios	25	126	9	1	8_____	144811	14	0	0	0	0	1	0	0	0	0	0
C	Marios	25	126	9	1	8_____	144835	14	0	0	0	0	0	0	0	0	1	0
C	Marios	25	126	9	1	8_____	144839	14	0	0	0	0	1	0	0	0	0	0
C	Marios	25	126	9	1	8_____	144860	14	0	0	0	0	0	0	0	0	1	0
C	Marios	25	126	9	1	8_____	144865	14	0	0	0	0	1	0	0	0	0	0
C	Marios	25	126	9	1	8_____	144900	14	0	0	0	0	0	0	0	0	1	0
C	Marios	25	126	9	1	8_____	145284	14	0	0	0	0	1	0	0	0	0	0
C	Marios	25	126	9	1	8_____	145292	14	0	0	0	0	0	0	0	0	1	0
C	Marios	25	126	9	1	8_____	145293	14	0	0	0	0	1	0	0	0	0	0
C	Marios	25	126	9	1	8_____	145296	14	0	0	0	0	0	0	0	0	1	0
C	Marios	25	126	9	1	8_____	145297	14	0	0	0	0	1	0	0	0	0	0
C	Marios	25	126	9	1	8_____	145299	14	0	0	0	0	0	0	0	0	1	0
C	Marios	25	126	9	1	8_____	145303	14	0	0	0	0	1	0	0	0	0	0
C	Marios	25	126	9	1	8_____	145305	14	0	0	0	0	0	0	0	0	1	0
C	Marios	25	126	9	1	8_____	145306	14	0	0	0	0	1	0	0	0	0	0
C	Marios	25	126	9	1	8_____	145317	14	0	0	0	0	0	0	0	0	1	0
C	Marios	25	126	9	1	8_____	145350	14	0	0	0	0	1	0	0	0	0	0
C	Marios	25	126	9	1	8_____	145352	14	0	0	0	0	0	0	0	0	1	0
C	Marios	25	126	9	1	8_____	145367	14	0	0	0	0	1	0	0	0	0	0
C	Marios	25	126	9	1	8_____	145372	14	0	0	0	0	0	0	0	0	1	0
C	Marios	25	126	9	1	8_____	145399	14	0	0	0	0	1	0	0	0	0	0
C	Marios	25	126	9	1	8_____	145402	14	0	0	0	0	1	0	0	0	1	0
C	Marios	25	126	9	1	8_____	145406	14	0	0	0	0	0	0	0	0	1	0
C	Marios	25	126	9	1	8_____	145417	14	0	0	0	0	1	0	0	0	0	0
C	Marios	25	126	9	1	8_____	145430	14	0	0	0	0	0	0	0	0	1	0
C	Marios	25	126	9	1	8_____	145441	14	0	0	0	0	1	0	0	0	0	0
C	Marios	25	126	9	1	8_____	145461	14	0	0	0	0	0	0	0	0	1	0
C	Marios	25	126	9	1	8_____	145462	14	0	0	0	0	1	0	0	0	0	0
C	Marios	25	126	9	1	8_____	145464	14	0	0	0	0	0	0	0	0	1	0
C	Marios	25	126	9	1	8_____	147000	14	-1	0	0	0	0	0	0	0	0	0
C	Marios	25	126	13	1	33____	0	0	1	0	0	0	0	0	0	0	0	0
C	Marios	25	126	13	1	33____	3081	1	0	0	0	0	1	0	0	0	0	0
C	Marios	25	126	13	1	33____	3102	1	0	0	0	0	0	0	0	0	1	0
C	Marios	25	126	13	1	33____	3164	1	0	0	0	0	1	0	0	0	0	0
C	Marios	25	126	13	1	33____	3197	1	0	0	0	0	0	0	0	0	1	0
C	Marios	25	126	13	1	33____	3294	1	0	0	0	0	1	0	0	0	0	0
C	Marios	25	126	13	1	33____	3324	1	0	0	0	0	0	0	0	0	1	0
C	Marios	25	126	13	1	33____	5256	1	0	0	0	0	1	0	0	0	0	0
C	Marios	25	126	13	1	33____	5287	1	0	0	0	0	0	0	0	0	1	0
C	Marios	25	126	13	1	33____	6000	1	2	0	0	0	0	0	0	0	0	0
C	Marios	25	126	13	1	33____	6500	2	6	0	0	0	0	0	0	0	0	0
C	Marios	25	126	13	1	33____	6654	6	0	0	0	0	1	0	0	0	0	0
C	Marios	25	126	13	1	33____	6683	6	0	0	0	0	0	0	0	0	1	0
C	Marios	25	126	13	1	33____	6704	6	0	0	0	0	1	0	0	0	0	0
C	Marios	25	126	13	1	33____	6758	6	0	0	0	0	0	0	0	0	1	0
C	Marios	25	126	13	1	33____	6782	6	0	0	0	0	1	0	0	0	0	0
C	Marios	25	126	13	1	33____	6849	6	0	0	0	0	0	0	0	0	1	0
C	Marios	25	126	13	1	33____	6911	6	0	0	0	0	1	0	0	0	0	0
C	Marios	25	126	13	1	33____	6931	6	0	0	0	0	0	0	0	0	1	0
C	Marios	25	126	13	1	33____	6953	6	0	0	0	0	1	0	0	0	0	0
C	Marios	25	126	13	1	33____	6980	6	0	0	0	0	0	0	0	0	1	0
C	Marios	25	126	13	1	33____	7000	6	11	0	0	0	0	0	0	0	0	0
C	Marios	25	126	13	1	33____	7013	11	0	0	0	0	1	0	0	0	0	0
C	Marios	25	126	13	1	33____	7359	11	0	0	0	0	0	0	0	0	1	0
C	Marios	25	126	13	1	33____	7500	11	1	0	0	0	0	0	0	0	0	0
C	Marios	25	126	13	1	33____	9805	1	0	0	0	0	1	0	0	0	0	0
C	Marios	25	126	13	1	33____	9870	1	0	0	0	0	0	0	0	0	1	0
C	Marios	25	126	13	1	33____	12000	1	2	0	0	0	0	0	0	0	0	0
C	Marios	25	126	13	1	33____	12500	2	17	0	0	0	0	0	0	0	0	0
C	Marios	25	126	13	1	33____	13000	17	15	0	0	0	0	0	0	0	0	0
C	Marios	25	126	13	1	33____	13215	15	0	0	0	0	1	0	0	0	0	0
C	Marios	25	126	13	1	33____	13273	15	0	0	0	0	0	0	0	0	1	0
C	Marios	25	126	13	1	33____	13378	15	0	0	0	0	1	0	0	0	0	0
C	Marios	25	126	13	1	33____	13500	15	1	0	0	0	0	0	0	0	0	0
C	Marios	25	126	13	1	33____	13528	1	0	0	0	0	0	0	0	0	1	0
C	Marios	25	126	13	1	33____	13595	1	0	0	0	0	1	0	0	0	0	0
C	Marios	25	126	13	1	33____	13626	1	0	0	0	0	0	0	0	0	1	0
C	Marios	25	126	13	1	33____	13680	1	0	0	0	0	1	0	0	0	0	0
C	Marios	25	126	13	1	33____	13724	1	0	0	0	0	0	0	0	0	1	0
C	Marios	25	126	13	1	33____	14539	1	0	0	0	0	1	0	0	0	0	0
C	Marios	25	126	13	1	33____	14565	1	0	0	0	0	0	0	0	0	1	0
C	Marios	25	126	13	1	33____	14566	1	0	0	0	0	1	0	0	0	0	0
C	Marios	25	126	13	1	33____	14569	1	0	0	0	0	0	0	0	0	1	0
C	Marios	25	126	13	1	33____	15000	1	2	0	0	0	0	0	0	0	0	0
C	Marios	25	126	13	1	33____	15500	2	16	0	0	0	0	0	0	0	0	0
C	Marios	25	126	13	1	33____	16000	16	15	0	0	0	0	0	0	0	0	0
C	Marios	25	126	13	1	33____	16500	15	1	0	0	0	0	0	0	0	0	0
C	Marios	25	126	13	1	33____	20000	1	2	0	0	0	0	0	0	0	0	0
C	Marios	25	126	13	1	33____	20500	2	7	0	0	0	0	0	0	0	0	0
C	Marios	25	126	13	1	33____	20618	7	0	0	0	0	1	0	0	0	0	0
C	Marios	25	126	13	1	33____	20691	7	0	0	0	0	0	0	0	0	1	0
C	Marios	25	126	13	1	33____	20769	7	0	0	0	0	1	0	0	0	0	0
C	Marios	25	126	13	1	33____	20841	7	0	0	0	0	0	0	0	0	1	0
C	Marios	25	126	13	1	33____	20920	7	0	0	0	0	1	0	0	0	0	0
C	Marios	25	126	13	1	33____	20981	7	0	0	0	0	0	0	0	0	1	0
C	Marios	25	126	13	1	33____	21000	7	10	0	0	0	0	0	0	0	0	0
C	Marios	25	126	13	1	33____	21018	10	0	0	0	0	1	0	0	0	0	0
C	Marios	25	126	13	1	33____	21196	10	0	0	0	0	0	0	0	0	1	0
C	Marios	25	126	13	1	33____	21208	10	0	0	0	0	1	0	0	0	0	0
C	Marios	25	126	13	1	33____	21218	10	0	0	0	0	0	0	0	0	1	0
C	Marios	25	126	13	1	33____	21225	10	0	0	0	0	1	0	0	0	0	0
C	Marios	25	126	13	1	33____	21231	10	0	0	0	0	0	0	0	0	1	0
C	Marios	25	126	13	1	33____	21267	10	0	0	0	0	1	0	0	0	0	0
C	Marios	25	126	13	1	33____	21269	10	0	0	0	0	0	0	0	0	1	0
C	Marios	25	126	13	1	33____	21292	10	0	0	0	0	1	0	0	0	0	0
C	Marios	25	126	13	1	33____	21300	10	0	0	0	0	0	0	0	0	1	0
C	Marios	25	126	13	1	33____	21301	10	0	0	0	0	1	0	0	0	0	0
C	Marios	25	126	13	1	33____	21313	10	0	0	0	0	0	0	0	0	1	0
C	Marios	25	126	13	1	33____	21500	10	1	0	0	0	0	0	0	0	0	0
C	Marios	25	126	13	1	33____	23059	1	0	0	0	0	1	0	0	0	0	0
C	Marios	25	126	13	1	33____	23266	1	0	0	0	0	0	0	0	0	1	0
C	Marios	25	126	13	1	33____	23296	1	0	0	0	0	1	0	0	0	0	0
C	Marios	25	126	13	1	33____	23311	1	0	0	0	0	0	0	0	0	1	0
C	Marios	25	126	13	1	33____	24500	1	2	0	0	0	0	0	0	0	0	0
C	Marios	25	126	13	1	33____	25000	2	16	0	0	0	0	0	0	0	0	0
C	Marios	25	126	13	1	33____	25500	16	15	0	0	0	0	0	0	0	0	0
C	Marios	25	126	13	1	33____	26000	15	1	0	0	0	0	0	0	0	0	0
C	Marios	25	126	13	1	33____	27002	1	0	0	0	0	1	0	0	0	0	0
C	Marios	25	126	13	1	33____	27381	1	0	0	0	0	0	0	0	0	1	0
C	Marios	25	126	13	1	33____	28081	1	0	0	0	0	1	0	0	0	0	0
C	Marios	25	126	13	1	33____	28138	1	0	0	0	0	0	0	0	0	1	0
C	Marios	25	126	13	1	33____	31250	1	2	0	0	0	0	0	0	0	0	0
C	Marios	25	126	13	1	33____	31750	2	17	0	0	0	0	0	0	0	0	0
C	Marios	25	126	13	1	33____	32250	17	15	0	0	0	0	0	0	0	0	0
C	Marios	25	126	13	1	33____	32385	15	0	0	0	0	1	0	0	0	0	0
C	Marios	25	126	13	1	33____	32620	15	0	0	0	0	0	0	0	0	1	0
C	Marios	25	126	13	1	33____	32750	15	1	0	0	0	0	0	0	0	0	0
C	Marios	25	126	13	1	33____	32845	1	0	0	0	0	1	0	0	0	0	0
C	Marios	25	126	13	1	33____	32982	1	0	0	0	0	0	0	0	0	1	0
C	Marios	25	126	13	1	33____	33768	1	0	0	0	0	1	0	0	0	0	0
C	Marios	25	126	13	1	33____	34357	1	0	0	0	0	0	0	0	0	1	0
C	Marios	25	126	13	1	33____	34510	1	0	0	0	0	1	0	0	0	0	0
C	Marios	25	126	13	1	33____	34661	1	0	0	0	0	0	0	0	0	1	0
C	Marios	25	126	13	1	33____	36571	1	0	0	0	0	1	0	0	0	0	0
C	Marios	25	126	13	1	33____	36794	1	0	0	0	0	0	0	0	0	1	0
C	Marios	25	126	13	1	33____	37250	1	2	0	0	0	0	0	0	0	0	0
C	Marios	25	126	13	1	33____	37750	2	17	0	0	0	0	0	0	0	0	0
C	Marios	25	126	13	1	33____	38250	17	15	0	0	0	0	0	0	0	0	0
C	Marios	25	126	13	1	33____	38750	15	1	0	0	0	0	0	0	0	0	0
C	Marios	25	126	13	1	33____	38949	1	0	0	0	0	1	0	0	0	0	0
C	Marios	25	126	13	1	33____	39208	1	0	0	0	0	0	0	0	0	1	0
C	Marios	25	126	13	1	33____	39341	1	0	0	0	0	1	0	0	0	0	0
C	Marios	25	126	13	1	33____	39397	1	0	0	0	0	0	0	0	0	1	0
C	Marios	25	126	13	1	33____	39418	1	0	0	0	0	1	0	0	0	0	0
C	Marios	25	126	13	1	33____	39448	1	0	0	0	0	0	0	0	0	1	0
C	Marios	25	126	13	1	33____	39611	1	0	0	0	0	1	0	0	0	0	0
C	Marios	25	126	13	1	33____	39843	1	0	0	0	0	0	0	0	0	1	0
C	Marios	25	126	13	1	33____	39922	1	0	0	0	0	1	0	0	0	0	0
C	Marios	25	126	13	1	33____	40028	1	0	0	0	0	0	0	0	0	1	0
C	Marios	25	126	13	1	33____	40261	1	0	0	0	0	1	0	0	0	0	0
C	Marios	25	126	13	1	33____	40455	1	0	0	0	0	0	0	0	0	1	0
C	Marios	25	126	13	1	33____	40507	1	0	0	0	0	1	0	0	0	0	0
C	Marios	25	126	13	1	33____	40512	1	0	0	0	0	0	0	0	0	1	0
C	Marios	25	126	13	1	33____	42318	1	0	0	0	0	1	0	0	0	0	0
C	Marios	25	126	13	1	33____	42326	1	0	0	0	0	0	0	0	0	1	0
C	Marios	25	126	13	1	33____	42328	1	0	0	0	0	1	0	0	0	0	0
C	Marios	25	126	13	1	33____	42394	1	0	0	0	0	0	0	0	0	1	0
C	Marios	25	126	13	1	33____	43531	1	0	0	0	0	1	0	0	0	0	0
C	Marios	25	126	13	1	33____	44057	1	0	0	0	0	0	0	0	0	1	0
C	Marios	25	126	13	1	33____	44205	1	0	0	0	0	1	0	0	0	0	0
C	Marios	25	126	13	1	33____	44250	1	2	0	0	0	0	0	0	0	0	0
C	Marios	25	126	13	1	33____	44294	2	0	0	0	0	0	0	0	0	1	0
C	Marios	25	126	13	1	33____	44418	2	0	0	0	0	1	0	0	0	0	0
C	Marios	25	126	13	1	33____	44591	2	0	0	0	0	0	0	0	0	1	0
C	Marios	25	126	13	1	33____	44750	2	17	0	0	0	0	0	0	0	0	0
C	Marios	25	126	13	1	33____	44755	17	0	0	0	0	1	0	0	0	0	0
C	Marios	25	126	13	1	33____	44774	17	0	0	0	0	0	0	0	0	1	0
C	Marios	25	126	13	1	33____	45114	17	0	0	0	0	1	0	0	0	0	0
C	Marios	25	126	13	1	33____	45206	17	0	0	0	0	0	0	0	0	1	0
C	Marios	25	126	13	1	33____	45250	17	15	0	0	0	0	0	0	0	0	0
C	Marios	25	126	13	1	33____	45507	15	0	0	0	0	1	0	0	0	0	0
C	Marios	25	126	13	1	33____	45510	15	0	0	0	0	0	0	0	0	1	0
C	Marios	25	126	13	1	33____	45589	15	0	0	0	0	1	0	0	0	0	0
C	Marios	25	126	13	1	33____	45665	15	0	0	0	0	0	0	0	0	1	0
C	Marios	25	126	13	1	33____	45750	15	1	0	0	0	0	0	0	0	0	0
C	Marios	25	126	13	1	33____	47485	1	0	0	0	0	1	0	0	0	0	0
C	Marios	25	126	13	1	33____	47492	1	0	0	0	0	0	0	0	0	1	0
C	Marios	25	126	13	1	33____	47511	1	0	0	0	0	1	0	0	0	0	0
C	Marios	25	126	13	1	33____	47595	1	0	0	0	0	0	0	0	0	1	0
C	Marios	25	126	13	1	33____	50575	1	0	0	0	0	1	0	0	0	0	0
C	Marios	25	126	13	1	33____	50599	1	0	0	0	0	0	0	0	0	1	0
C	Marios	25	126	13	1	33____	52211	1	0	0	0	0	1	0	0	0	0	0
C	Marios	25	126	13	1	33____	52212	1	0	0	0	0	0	0	0	0	1	0
C	Marios	25	126	13	1	33____	52500	1	2	0	0	0	0	0	0	0	0	0
C	Marios	25	126	13	1	33____	53000	2	6	0	0	0	0	0	0	0	0	0
C	Marios	25	126	13	1	33____	53213	6	0	0	0	0	1	0	0	0	0	0
C	Marios	25	126	13	1	33____	53314	6	0	0	0	0	0	0	0	0	1	0
C	Marios	25	126	13	1	33____	53459	6	0	0	0	0	1	0	0	0	0	0
C	Marios	25	126	13	1	33____	53500	6	11	0	0	0	0	0	0	0	0	0
C	Marios	25	126	13	1	33____	53765	11	0	0	0	0	0	0	0	0	1	0
C	Marios	25	126	13	1	33____	53770	11	0	0	0	0	1	0	0	0	0	0
C	Marios	25	126	13	1	33____	53772	11	0	0	0	0	0	0	0	0	1	0
C	Marios	25	126	13	1	33____	53775	11	0	0	0	0	1	0	0	0	0	0
C	Marios	25	126	13	1	33____	53838	11	0	0	0	0	0	0	0	0	1	0
C	Marios	25	126	13	1	33____	53914	11	0	0	0	0	1	0	0	0	0	0
C	Marios	25	126	13	1	33____	53915	11	0	0	0	0	0	0	0	0	1	0
C	Marios	25	126	13	1	33____	53916	11	0	0	0	0	1	0	0	0	0	0
C	Marios	25	126	13	1	33____	53920	11	0	0	0	0	0	0	0	0	1	0
C	Marios	25	126	13	1	33____	53922	11	0	0	0	0	1	0	0	0	0	0
C	Marios	25	126	13	1	33____	53927	11	0	0	0	0	0	0	0	0	1	0
C	Marios	25	126	13	1	33____	53970	11	0	0	0	0	1	0	0	0	0	0
C	Marios	25	126	13	1	33____	53975	11	0	0	0	0	1	0	0	0	1	0
C	Marios	25	126	13	1	33____	53979	11	0	0	0	0	0	0	0	0	1	0
C	Marios	25	126	13	1	33____	54000	11	1	0	0	0	0	0	0	0	0	0
C	Marios	25	126	13	1	33____	54893	1	0	0	0	0	1	0	0	0	0	0
C	Marios	25	126	13	1	33____	55254	1	0	0	0	0	0	0	0	0	1	0
C	Marios	25	126	13	1	33____	55257	1	0	0	0	0	1	0	0	0	0	0
C	Marios	25	126	13	1	33____	55411	1	0	0	0	0	0	0	0	0	1	0
C	Marios	25	126	13	1	33____	55777	1	0	0	0	0	1	0	0	0	0	0
C	Marios	25	126	13	1	33____	56105	1	0	0	0	0	0	0	0	0	1	0
C	Marios	25	126	13	1	33____	56250	1	2	0	0	0	0	0	0	0	0	0
C	Marios	25	126	13	1	33____	56750	2	16	0	0	0	0	0	0	0	0	0
C	Marios	25	126	13	1	33____	57250	16	15	0	0	0	0	0	0	0	0	0
C	Marios	25	126	13	1	33____	57373	15	0	0	0	0	1	0	0	0	0	0
C	Marios	25	126	13	1	33____	57678	15	0	0	0	0	0	0	0	0	1	0
C	Marios	25	126	13	1	33____	57704	15	0	0	0	0	1	0	0	0	0	0
C	Marios	25	126	13	1	33____	57750	15	1	0	0	0	0	0	0	0	0	0
C	Marios	25	126	13	1	33____	57774	1	0	0	0	0	0	0	0	0	1	0
C	Marios	25	126	13	1	33____	60982	1	0	0	0	0	1	0	0	0	0	0
C	Marios	25	126	13	1	33____	60984	1	0	0	0	0	0	0	0	0	1	0
C	Marios	25	126	13	1	33____	60988	1	0	0	0	0	1	0	0	0	0	0
C	Marios	25	126	13	1	33____	61406	1	0	0	0	0	0	0	0	0	1	0
C	Marios	25	126	13	1	33____	61500	1	2	0	0	0	0	0	0	0	0	0
C	Marios	25	126	13	1	33____	62000	2	16	0	0	0	0	0	0	0	0	0
C	Marios	25	126	13	1	33____	62500	16	15	0	0	0	0	0	0	0	0	0
C	Marios	25	126	13	1	33____	62917	15	0	0	0	0	1	0	0	0	0	0
C	Marios	25	126	13	1	33____	63000	15	1	0	0	0	0	0	0	0	0	0
C	Marios	25	126	13	1	33____	63473	1	0	0	0	0	0	0	0	0	1	0
C	Marios	25	126	13	1	33____	63634	1	0	0	0	0	1	0	0	0	0	0
C	Marios	25	126	13	1	33____	63646	1	0	0	0	0	0	0	0	0	1	0
C	Marios	25	126	13	1	33____	63666	1	0	0	0	0	1	0	0	0	0	0
C	Marios	25	126	13	1	33____	63737	1	0	0	0	0	0	0	0	0	1	0
C	Marios	25	126	13	1	33____	63841	1	0	0	0	0	1	0	0	0	0	0
C	Marios	25	126	13	1	33____	63954	1	0	0	0	0	0	0	0	0	1	0
C	Marios	25	126	13	1	33____	64097	1	0	0	0	0	1	0	0	0	0	0
C	Marios	25	126	13	1	33____	64168	1	0	0	0	0	0	0	0	0	1	0
C	Marios	25	126	13	1	33____	64336	1	0	0	0	0	1	0	0	0	0	0
C	Marios	25	126	13	1	33____	64368	1	0	0	0	0	0	0	0	0	1	0
C	Marios	25	126	13	1	33____	68038	1	0	0	0	0	1	0	0	0	0	0
C	Marios	25	126	13	1	33____	68512	1	0	0	0	0	0	0	0	0	1	0
C	Marios	25	126	13	1	33____	69435	1	0	0	0	0	1	0	0	0	0	0
C	Marios	25	126	13	1	33____	69489	1	0	0	0	0	0	0	0	0	1	0
C	Marios	25	126	13	1	33____	70304	1	0	0	0	0	1	0	0	0	0	0
C	Marios	25	126	13	1	33____	70500	1	2	0	0	0	0	0	0	0	0	0
C	Marios	25	126	13	1	33____	71000	2	7	0	0	0	0	0	0	0	0	0
C	Marios	25	126	13	1	33____	71081	7	0	0	0	0	0	0	0	0	1	0
C	Marios	25	126	13	1	33____	71117	7	0	0	0	0	1	0	0	0	0	0
C	Marios	25	126	13	1	33____	71272	7	0	0	0	0	0	0	0	0	1	0
C	Marios	25	126	13	1	33____	71335	7	0	0	0	0	1	0	0	0	0	0
C	Marios	25	126	13	1	33____	71432	7	0	0	0	0	0	0	0	0	1	0
C	Marios	25	126	13	1	33____	71500	7	10	0	0	0	0	0	0	0	0	0
C	Marios	25	126	13	1	33____	71502	10	0	0	0	0	1	0	0	0	0	0
C	Marios	25	126	13	1	33____	71760	10	0	0	0	0	1	0	0	0	1	0
C	Marios	25	126	13	1	33____	71763	10	0	0	0	0	0	0	0	0	1	0
C	Marios	25	126	13	1	33____	71780	10	0	0	0	0	1	0	0	0	0	0
C	Marios	25	126	13	1	33____	71785	10	0	0	0	0	0	0	0	0	1	0
C	Marios	25	126	13	1	33____	71790	10	0	0	0	0	1	0	0	0	0	0
C	Marios	25	126	13	1	33____	71794	10	0	0	0	0	0	0	0	0	1	0
C	Marios	25	126	13	1	33____	71798	10	0	0	0	0	1	0	0	0	0	0
C	Marios	25	126	13	1	33____	71801	10	0	0	0	0	0	0	0	0	1	0
C	Marios	25	126	13	1	33____	71843	10	0	0	0	0	1	0	0	0	0	0
C	Marios	25	126	13	1	33____	71845	10	0	0	0	0	0	0	0	0	1	0
C	Marios	25	126	13	1	33____	71956	10	0	0	0	0	1	0	0	0	0	0
C	Marios	25	126	13	1	33____	71963	10	0	0	0	0	0	0	0	0	1	0
C	Marios	25	126	13	1	33____	71966	10	0	0	0	0	1	0	0	0	0	0
C	Marios	25	126	13	1	33____	71981	10	0	0	0	0	1	0	0	0	1	0
C	Marios	25	126	13	1	33____	71996	10	0	0	0	0	0	0	0	0	1	0
C	Marios	25	126	13	1	33____	72000	10	1	0	0	0	1	0	0	0	0	0
C	Marios	25	126	13	1	33____	72002	1	0	0	0	0	0	0	0	0	1	0
C	Marios	25	126	13	1	33____	72004	1	0	0	0	0	1	0	0	0	0	0
C	Marios	25	126	13	1	33____	72242	1	0	0	0	0	0	0	0	0	1	0
C	Marios	25	126	13	1	33____	73463	1	0	0	0	0	1	0	0	0	0	0
C	Marios	25	126	13	1	33____	74048	1	0	0	0	0	0	0	0	0	1	0
C	Marios	25	126	13	1	33____	74180	1	0	0	0	0	1	0	0	0	0	0
C	Marios	25	126	13	1	33____	74321	1	0	0	0	0	0	0	0	0	1	0
C	Marios	25	126	13	1	33____	75937	1	0	0	0	0	1	0	0	0	0	0
C	Marios	25	126	13	1	33____	76044	1	0	0	0	0	0	0	0	0	1	0
C	Marios	25	126	13	1	33____	77903	1	0	0	0	0	1	0	0	0	0	0
C	Marios	25	126	13	1	33____	77992	1	0	0	0	0	0	0	0	0	1	0
C	Marios	25	126	13	1	33____	79500	1	2	0	0	0	0	0	0	0	0	0
C	Marios	25	126	13	1	33____	80000	2	17	0	0	0	0	0	0	0	0	0
C	Marios	25	126	13	1	33____	80088	17	0	0	0	0	1	0	0	0	0	0
C	Marios	25	126	13	1	33____	80249	17	0	0	0	0	0	0	0	0	1	0
C	Marios	25	126	13	1	33____	80275	17	0	0	0	0	1	0	0	0	0	0
C	Marios	25	126	13	1	33____	80465	17	0	0	0	0	0	0	0	0	1	0
C	Marios	25	126	13	1	33____	80500	17	15	0	0	0	0	0	0	0	0	0
C	Marios	25	126	13	1	33____	80522	15	0	0	0	0	1	0	0	0	0	0
C	Marios	25	126	13	1	33____	80594	15	0	0	0	0	0	0	0	0	1	0
C	Marios	25	126	13	1	33____	80659	15	0	0	0	0	1	0	0	0	0	0
C	Marios	25	126	13	1	33____	80662	15	0	0	0	0	0	0	0	0	1	0
C	Marios	25	126	13	1	33____	80663	15	0	0	0	0	1	0	0	0	0	0
C	Marios	25	126	13	1	33____	80740	15	0	0	0	0	0	0	0	0	1	0
C	Marios	25	126	13	1	33____	80819	15	0	0	0	0	1	0	0	0	0	0
C	Marios	25	126	13	1	33____	80924	15	0	0	0	0	0	0	0	0	1	0
C	Marios	25	126	13	1	33____	80970	15	0	0	0	0	1	0	0	0	0	0
C	Marios	25	126	13	1	33____	81000	15	1	0	0	0	0	0	0	0	0	0
C	Marios	25	126	13	1	33____	81122	1	0	0	0	0	0	0	0	0	1	0
C	Marios	25	126	13	1	33____	81364	1	0	0	0	0	1	0	0	0	0	0
C	Marios	25	126	13	1	33____	81597	1	0	0	0	0	0	0	0	0	1	0
C	Marios	25	126	13	1	33____	84750	1	2	0	0	0	0	0	0	0	0	0
C	Marios	25	126	13	1	33____	85250	2	7	0	0	0	0	0	0	0	0	0
C	Marios	25	126	13	1	33____	85750	7	10	0	0	0	0	0	0	0	0	0
C	Marios	25	126	13	1	33____	85816	10	0	0	0	0	1	0	0	0	0	0
C	Marios	25	126	13	1	33____	85820	10	0	0	0	0	0	0	0	0	1	0
C	Marios	25	126	13	1	33____	85841	10	0	0	0	0	1	0	0	0	0	0
C	Marios	25	126	13	1	33____	85990	10	0	0	0	0	0	0	0	0	1	0
C	Marios	25	126	13	1	33____	86250	10	1	0	0	0	0	0	0	0	0	0
C	Marios	25	126	13	1	33____	86559	1	0	0	0	0	1	0	0	0	0	0
C	Marios	25	126	13	1	33____	86563	1	0	0	0	0	0	0	0	0	1	0
C	Marios	25	126	13	1	33____	86595	1	0	0	0	0	1	0	0	0	0	0
C	Marios	25	126	13	1	33____	86603	1	0	0	0	0	0	0	0	0	1	0
C	Marios	25	126	13	1	33____	86657	1	0	0	0	0	1	0	0	0	0	0
C	Marios	25	126	13	1	33____	86752	1	0	0	0	0	0	0	0	0	1	0
C	Marios	25	126	13	1	33____	90750	1	2	0	0	0	0	0	0	0	0	0
C	Marios	25	126	13	1	33____	91250	2	6	0	0	0	0	0	0	0	0	0
C	Marios	25	126	13	1	33____	91750	6	11	0	0	0	0	0	0	0	0	0
C	Marios	25	126	13	1	33____	91762	11	0	0	0	0	1	0	0	0	0	0
C	Marios	25	126	13	1	33____	91996	11	0	0	0	0	1	0	0	0	1	0
C	Marios	25	126	13	1	33____	92017	11	0	0	0	0	0	0	0	0	1	0
C	Marios	25	126	13	1	33____	92029	11	0	0	0	0	1	0	0	0	0	0
C	Marios	25	126	13	1	33____	92044	11	0	0	0	0	0	0	0	0	1	0
C	Marios	25	126	13	1	33____	92112	11	0	0	0	0	1	0	0	0	0	0
C	Marios	25	126	13	1	33____	92135	11	0	0	0	0	0	0	0	0	1	0
C	Marios	25	126	13	1	33____	92139	11	0	0	0	0	1	0	0	0	0	0
C	Marios	25	126	13	1	33____	92250	11	1	0	0	0	0	0	0	0	0	0
C	Marios	25	126	13	1	33____	92262	1	0	0	0	0	1	0	0	0	1	0
C	Marios	25	126	13	1	33____	92267	1	0	0	0	0	0	0	0	0	1	0
C	Marios	25	126	13	1	33____	92382	1	0	0	0	0	1	0	0	0	0	0
C	Marios	25	126	13	1	33____	92384	1	0	0	0	0	0	0	0	0	1	0
C	Marios	25	126	13	1	33____	92387	1	0	0	0	0	1	0	0	0	0	0
C	Marios	25	126	13	1	33____	92778	1	0	0	0	0	0	0	0	0	1	0
C	Marios	25	126	13	1	33____	93123	1	0	0	0	0	1	0	0	0	0	0
C	Marios	25	126	13	1	33____	93130	1	0	0	0	0	0	0	0	0	1	0
C	Marios	25	126	13	1	33____	93131	1	0	0	0	0	1	0	0	0	0	0
C	Marios	25	126	13	1	33____	93277	1	0	0	0	0	0	0	0	0	1	0
C	Marios	25	126	13	1	33____	93561	1	0	0	0	0	1	0	0	0	0	0
C	Marios	25	126	13	1	33____	93680	1	0	0	0	0	0	0	0	0	1	0
C	Marios	25	126	13	1	33____	94641	1	0	0	0	0	1	0	0	0	0	0
C	Marios	25	126	13	1	33____	94691	1	0	0	0	0	0	0	0	0	1	0
C	Marios	25	126	13	1	33____	94734	1	0	0	0	0	1	0	0	0	0	0
C	Marios	25	126	13	1	33____	94938	1	0	0	0	0	0	0	0	0	1	0
C	Marios	25	126	13	1	33____	96530	1	0	0	0	0	1	0	0	0	0	0
C	Marios	25	126	13	1	33____	96766	1	0	0	0	0	0	0	0	0	1	0
C	Marios	25	126	13	1	33____	96870	1	0	0	0	0	1	0	0	0	0	0
C	Marios	25	126	13	1	33____	97094	1	0	0	0	0	0	0	0	0	1	0
C	Marios	25	126	13	1	33____	97447	1	0	0	0	0	1	0	0	0	0	0
C	Marios	25	126	13	1	33____	97536	1	0	0	0	0	0	0	0	0	1	0
C	Marios	25	126	13	1	33____	99000	1	2	0	0	0	0	0	0	0	0	0
C	Marios	25	126	13	1	33____	99500	2	16	0	0	0	0	0	0	0	0	0
C	Marios	25	126	13	1	33____	99814	16	0	0	0	0	1	0	0	0	0	0
C	Marios	25	126	13	1	33____	99888	16	0	0	0	0	0	0	0	0	1	0
C	Marios	25	126	13	1	33____	99934	16	0	0	0	0	1	0	0	0	0	0
C	Marios	25	126	13	1	33____	100000	16	15	0	0	0	0	0	0	0	0	0
C	Marios	25	126	13	1	33____	100066	15	0	0	0	0	0	0	0	0	1	0
C	Marios	25	126	13	1	33____	100104	15	0	0	0	0	1	0	0	0	0	0
C	Marios	25	126	13	1	33____	100160	15	0	0	0	0	0	0	0	0	1	0
C	Marios	25	126	13	1	33____	100182	15	0	0	0	0	1	0	0	0	0	0
C	Marios	25	126	13	1	33____	100341	15	0	0	0	0	0	0	0	0	1	0
C	Marios	25	126	13	1	33____	100416	15	0	0	0	0	1	0	0	0	0	0
C	Marios	25	126	13	1	33____	100500	15	1	0	0	0	0	0	0	0	0	0
C	Marios	25	126	13	1	33____	100599	1	0	0	0	0	0	0	0	0	1	0
C	Marios	25	126	13	1	33____	100643	1	0	0	0	0	1	0	0	0	0	0
C	Marios	25	126	13	1	33____	100661	1	0	0	0	0	0	0	0	0	1	0
C	Marios	25	126	13	1	33____	100713	1	0	0	0	0	1	0	0	0	0	0
C	Marios	25	126	13	1	33____	100793	1	0	0	0	0	0	0	0	0	1	0
C	Marios	25	126	13	1	33____	100859	1	0	0	0	0	1	0	0	0	0	0
C	Marios	25	126	13	1	33____	100867	1	0	0	0	0	0	0	0	0	1	0
C	Marios	25	126	13	1	33____	103497	1	0	0	0	0	1	0	0	0	0	0
C	Marios	25	126	13	1	33____	103550	1	0	0	0	0	0	0	0	0	1	0
C	Marios	25	126	13	1	33____	103606	1	0	0	0	0	1	0	0	0	0	0
C	Marios	25	126	13	1	33____	103650	1	0	0	0	0	0	0	0	0	1	0
C	Marios	25	126	13	1	33____	104034	1	0	0	0	0	1	0	0	0	0	0
C	Marios	25	126	13	1	33____	104038	1	0	0	0	0	0	0	0	0	1	0
C	Marios	25	126	13	1	33____	104149	1	0	0	0	0	1	0	0	0	0	0
C	Marios	25	126	13	1	33____	104223	1	0	0	0	0	0	0	0	0	1	0
C	Marios	25	126	13	1	33____	105341	1	0	0	0	0	1	0	0	0	0	0
C	Marios	25	126	13	1	33____	105411	1	0	0	0	0	0	0	0	0	1	0
C	Marios	25	126	13	1	33____	106000	1	2	0	0	0	0	0	0	0	0	0
C	Marios	25	126	13	1	33____	106124	2	0	0	0	0	1	0	0	0	0	0
C	Marios	25	126	13	1	33____	106127	2	0	0	0	0	0	0	0	0	1	0
C	Marios	25	126	13	1	33____	106158	2	0	0	0	0	1	0	0	0	0	0
C	Marios	25	126	13	1	33____	106199	2	0	0	0	0	0	0	0	0	1	0
C	Marios	25	126	13	1	33____	106500	2	16	0	0	0	0	0	0	0	0	0
C	Marios	25	126	13	1	33____	106864	16	0	0	0	0	1	0	0	0	0	0
C	Marios	25	126	13	1	33____	107000	16	15	0	0	0	0	0	0	0	0	0
C	Marios	25	126	13	1	33____	107125	15	0	0	0	0	0	0	0	0	1	0
C	Marios	25	126	13	1	33____	107500	15	1	0	0	0	0	0	0	0	0	0
C	Marios	25	126	13	1	33____	107831	1	0	0	0	0	1	0	0	0	0	0
C	Marios	25	126	13	1	33____	108633	1	0	0	0	0	0	0	0	0	1	0
C	Marios	25	126	13	1	33____	109432	1	0	0	0	0	1	0	0	0	0	0
C	Marios	25	126	13	1	33____	109460	1	0	0	0	0	0	0	0	0	1	0
C	Marios	25	126	13	1	33____	109466	1	0	0	0	0	1	0	0	0	0	0
C	Marios	25	126	13	1	33____	109825	1	0	0	0	0	0	0	0	0	1	0
C	Marios	25	126	13	1	33____	111676	1	0	0	0	0	1	0	0	0	0	0
C	Marios	25	126	13	1	33____	111750	1	0	0	0	0	0	0	0	0	1	0
C	Marios	25	126	13	1	33____	112419	1	0	0	0	0	1	0	0	0	0	0
C	Marios	25	126	13	1	33____	112463	1	0	0	0	0	0	0	0	0	1	0
C	Marios	25	126	13	1	33____	113500	1	2	0	0	0	0	0	0	0	0	0
C	Marios	25	126	13	1	33____	113761	2	0	0	0	0	1	0	0	0	0	0
C	Marios	25	126	13	1	33____	114000	2	17	0	0	0	0	0	0	0	0	0
C	Marios	25	126	13	1	33____	114009	17	0	0	0	0	0	0	0	0	1	0
C	Marios	25	126	13	1	33____	114018	17	0	0	0	0	1	0	0	0	0	0
C	Marios	25	126	13	1	33____	114020	17	0	0	0	0	0	0	0	0	1	0
C	Marios	25	126	13	1	33____	114036	17	0	0	0	0	1	0	0	0	0	0
C	Marios	25	126	13	1	33____	114100	17	0	0	0	0	0	0	0	0	1	0
C	Marios	25	126	13	1	33____	114156	17	0	0	0	0	1	0	0	0	0	0
C	Marios	25	126	13	1	33____	114163	17	0	0	0	0	0	0	0	0	1	0
C	Marios	25	126	13	1	33____	114280	17	0	0	0	0	1	0	0	0	0	0
C	Marios	25	126	13	1	33____	114345	17	0	0	0	0	0	0	0	0	1	0
C	Marios	25	126	13	1	33____	114466	17	0	0	0	0	1	0	0	0	0	0
C	Marios	25	126	13	1	33____	114500	17	15	0	0	0	0	0	0	0	0	0
C	Marios	25	126	13	1	33____	114749	15	0	0	0	0	0	0	0	0	1	0
C	Marios	25	126	13	1	33____	114884	15	0	0	0	0	1	0	0	0	0	0
C	Marios	25	126	13	1	33____	114958	15	0	0	0	0	0	0	0	0	1	0
C	Marios	25	126	13	1	33____	115000	15	1	0	0	0	0	0	0	0	0	0
C	Marios	25	126	13	1	33____	115541	1	0	0	0	0	1	0	0	0	0	0
C	Marios	25	126	13	1	33____	115553	1	0	0	0	0	0	0	0	0	1	0
C	Marios	25	126	13	1	33____	116500	1	2	0	0	0	0	0	0	0	0	0
C	Marios	25	126	13	1	33____	116906	2	0	0	0	0	1	0	0	0	0	0
C	Marios	25	126	13	1	33____	116962	2	0	0	0	0	1	0	0	0	1	0
C	Marios	25	126	13	1	33____	116965	2	0	0	0	0	0	0	0	0	1	0
C	Marios	25	126	13	1	33____	117000	2	16	0	0	0	0	0	0	0	0	0
C	Marios	25	126	13	1	33____	117500	16	15	0	0	0	0	0	0	0	0	0
C	Marios	25	126	13	1	33____	118000	15	1	0	0	0	0	0	0	0	0	0
C	Marios	25	126	13	1	33____	118061	1	0	0	0	0	1	0	0	0	0	0
C	Marios	25	126	13	1	33____	118298	1	0	0	0	0	0	0	0	0	1	0
C	Marios	25	126	13	1	33____	119889	1	0	0	0	0	1	0	0	0	0	0
C	Marios	25	126	13	1	33____	119916	1	0	0	0	0	0	0	0	0	1	0
C	Marios	25	126	13	1	33____	121840	1	0	0	0	0	1	0	0	0	0	0
C	Marios	25	126	13	1	33____	121877	1	0	0	0	0	0	0	0	0	1	0
C	Marios	25	126	13	1	33____	123250	1	2	0	0	0	0	0	0	0	0	0
C	Marios	25	126	13	1	33____	123750	2	6	0	0	0	0	0	0	0	0	0
C	Marios	25	126	13	1	33____	123873	6	0	0	0	0	1	0	0	0	0	0
C	Marios	25	126	13	1	33____	124083	6	0	0	0	0	0	0	0	0	1	0
C	Marios	25	126	13	1	33____	124118	6	0	0	0	0	1	0	0	0	0	0
C	Marios	25	126	13	1	33____	124231	6	0	0	0	0	0	0	0	0	1	0
C	Marios	25	126	13	1	33____	124250	6	11	0	0	0	0	0	0	0	0	0
C	Marios	25	126	13	1	33____	124260	11	0	0	0	0	1	0	0	0	0	0
C	Marios	25	126	13	1	33____	124526	11	0	0	0	0	0	0	0	0	1	0
C	Marios	25	126	13	1	33____	124531	11	0	0	0	0	1	0	0	0	0	0
C	Marios	25	126	13	1	33____	124534	11	0	0	0	0	0	0	0	0	1	0
C	Marios	25	126	13	1	33____	124535	11	0	0	0	0	1	0	0	0	0	0
C	Marios	25	126	13	1	33____	124581	11	0	0	0	0	0	0	0	0	1	0
C	Marios	25	126	13	1	33____	124587	11	0	0	0	0	1	0	0	0	0	0
C	Marios	25	126	13	1	33____	124591	11	0	0	0	0	0	0	0	0	1	0
C	Marios	25	126	13	1	33____	124750	11	1	0	0	0	0	0	0	0	0	0
C	Marios	25	126	13	1	33____	126845	1	0	0	0	0	1	0	0	0	0	0
C	Marios	25	126	13	1	33____	127114	1	0	0	0	0	0	0	0	0	1	0
C	Marios	25	126	13	1	33____	127477	1	0	0	0	0	1	0	0	0	0	0
C	Marios	25	126	13	1	33____	127499	1	0	0	0	0	0	0	0	0	1	0
C	Marios	25	126	13	1	33____	127501	1	0	0	0	0	1	0	0	0	0	0
C	Marios	25	126	13	1	33____	127526	1	0	0	0	0	0	0	0	0	1	0
C	Marios	25	126	13	1	33____	127750	1	2	0	0	0	0	0	0	0	0	0
C	Marios	25	126	13	1	33____	128250	2	16	0	0	0	0	0	0	0	0	0
C	Marios	25	126	13	1	33____	128309	16	0	0	0	0	1	0	0	0	0	0
C	Marios	25	126	13	1	33____	128485	16	0	0	0	0	0	0	0	0	1	0
C	Marios	25	126	13	1	33____	128540	16	0	0	0	0	1	0	0	0	0	0
C	Marios	25	126	13	1	33____	128681	16	0	0	0	0	0	0	0	0	1	0
C	Marios	25	126	13	1	33____	128750	16	15	0	0	0	0	0	0	0	0	0
C	Marios	25	126	13	1	33____	128824	15	0	0	0	0	1	0	0	0	0	0
C	Marios	25	126	13	1	33____	128885	15	0	0	0	0	0	0	0	0	1	0
C	Marios	25	126	13	1	33____	129074	15	0	0	0	0	1	0	0	0	0	0
C	Marios	25	126	13	1	33____	129236	15	0	0	0	0	0	0	0	0	1	0
C	Marios	25	126	13	1	33____	129250	15	1	0	0	0	0	0	0	0	0	0
C	Marios	25	126	13	1	33____	130950	1	0	0	0	0	1	0	0	0	0	0
C	Marios	25	126	13	1	33____	131208	1	0	0	0	0	0	0	0	0	1	0
C	Marios	25	126	13	1	33____	131500	1	2	0	0	0	0	0	0	0	0	0
C	Marios	25	126	13	1	33____	132000	2	17	0	0	0	0	0	0	0	0	0
C	Marios	25	126	13	1	33____	132207	17	0	0	0	0	1	0	0	0	0	0
C	Marios	25	126	13	1	33____	132231	17	0	0	0	0	0	0	0	0	1	0
C	Marios	25	126	13	1	33____	132261	17	0	0	0	0	1	0	0	0	0	0
C	Marios	25	126	13	1	33____	132352	17	0	0	0	0	0	0	0	0	1	0
C	Marios	25	126	13	1	33____	132500	17	15	0	0	0	0	0	0	0	0	0
C	Marios	25	126	13	1	33____	132987	15	0	0	0	0	1	0	0	0	0	0
C	Marios	25	126	13	1	33____	133000	15	1	0	0	0	0	0	0	0	0	0
C	Marios	25	126	13	1	33____	133042	1	0	0	0	0	0	0	0	0	1	0
C	Marios	25	126	13	1	33____	135663	1	0	0	0	0	1	0	0	0	0	0
C	Marios	25	126	13	1	33____	135961	1	0	0	0	0	0	0	0	0	1	0
C	Marios	25	126	13	1	33____	137062	1	0	0	0	0	1	0	0	0	0	0
C	Marios	25	126	13	1	33____	137500	1	2	0	0	0	0	0	0	0	0	0
C	Marios	25	126	13	1	33____	137607	2	0	0	0	0	0	0	0	0	1	0
C	Marios	25	126	13	1	33____	138000	2	7	0	0	0	0	0	0	0	0	0
C	Marios	25	126	13	1	33____	138173	7	0	0	0	0	1	0	0	0	0	0
C	Marios	25	126	13	1	33____	138300	7	0	0	0	0	0	0	0	0	1	0
C	Marios	25	126	13	1	33____	138303	7	0	0	0	0	1	0	0	0	0	0
C	Marios	25	126	13	1	33____	138331	7	0	0	0	0	0	0	0	0	1	0
C	Marios	25	126	13	1	33____	138338	7	0	0	0	0	1	0	0	0	0	0
C	Marios	25	126	13	1	33____	138438	7	0	0	0	0	0	0	0	0	1	0
C	Marios	25	126	13	1	33____	138441	7	0	0	0	0	1	0	0	0	0	0
C	Marios	25	126	13	1	33____	138469	7	0	0	0	0	0	0	0	0	1	0
C	Marios	25	126	13	1	33____	138485	7	0	0	0	0	1	0	0	0	0	0
C	Marios	25	126	13	1	33____	138500	7	10	0	0	0	0	0	0	0	0	0
C	Marios	25	126	13	1	33____	138813	10	0	0	0	0	0	0	0	0	1	0
C	Marios	25	126	13	1	33____	138815	10	0	0	0	0	1	0	0	0	0	0
C	Marios	25	126	13	1	33____	138826	10	0	0	0	0	0	0	0	0	1	0
C	Marios	25	126	13	1	33____	138827	10	0	0	0	0	1	0	0	0	0	0
C	Marios	25	126	13	1	33____	138853	10	0	0	0	0	0	0	0	0	1	0
C	Marios	25	126	13	1	33____	139000	10	1	0	0	0	0	0	0	0	0	0
C	Marios	25	126	13	1	33____	140175	1	0	0	0	0	1	0	0	0	0	0
C	Marios	25	126	13	1	33____	140247	1	0	0	0	0	0	0	0	0	1	0
C	Marios	25	126	13	1	33____	142341	1	0	0	0	0	1	0	0	0	0	0
C	Marios	25	126	13	1	33____	142436	1	0	0	0	0	0	0	0	0	1	0
C	Marios	25	126	13	1	33____	142500	1	2	0	0	0	0	0	0	0	0	0
C	Marios	25	126	13	1	33____	143000	2	17	0	0	0	0	0	0	0	0	0
C	Marios	25	126	13	1	33____	143195	17	0	0	0	0	1	0	0	0	0	0
C	Marios	25	126	13	1	33____	143380	17	0	0	0	0	0	0	0	0	1	0
C	Marios	25	126	13	1	33____	143451	17	0	0	0	0	1	0	0	0	0	0
C	Marios	25	126	13	1	33____	143458	17	0	0	0	0	0	0	0	0	1	0
C	Marios	25	126	13	1	33____	143500	17	15	0	0	0	0	0	0	0	0	0
C	Marios	25	126	13	1	33____	143518	15	0	0	0	0	1	0	0	0	0	0
C	Marios	25	126	13	1	33____	143749	15	0	0	0	0	0	0	0	0	1	0
C	Marios	25	126	13	1	33____	144000	15	14	0	0	0	0	0	0	0	0	0
C	Marios	25	126	13	1	33____	144067	14	0	0	0	0	1	0	0	0	0	0
C	Marios	25	126	13	1	33____	144122	14	0	0	0	0	0	0	0	0	1	0
C	Marios	25	126	13	1	33____	144163	14	0	0	0	0	1	0	0	0	0	0
C	Marios	25	126	13	1	33____	144243	14	0	0	0	0	0	0	0	0	1	0
C	Marios	25	126	13	1	33____	145338	14	0	0	0	0	1	0	0	0	0	0
C	Marios	25	126	13	1	33____	145403	14	0	0	0	0	0	0	0	0	1	0
C	Marios	25	126	13	1	33____	147000	14	-1	0	0	0	0	0	0	0	0	0
