Project	UserID	Protocol	Session	Station	Run	Subject	Time	Current State	Transition State	Transition Event	A1 - LLR	A2 - RLR	A3 - MAG	A4 - 	A[1] LLR_OFF	A[2] RLR_OFF	A[3] MAG_OFF	A[4] 
C	Marios	20	125	9	1	2_____	0	0	1	0	0	0	0	0	0	0	0	0
C	Marios	20	125	9	1	2_____	2250	1	2	0	0	0	0	0	0	0	0	0
C	Marios	20	125	9	1	2_____	2750	2	6	0	0	0	0	0	0	0	0	0
C	Marios	20	125	9	1	2_____	2826	6	0	0	0	0	1	0	0	0	0	0
C	Marios	20	125	9	1	2_____	2831	6	0	0	0	0	0	0	0	0	1	0
C	Marios	20	125	9	1	2_____	2903	6	0	0	0	0	1	0	0	0	0	0
C	Marios	20	125	9	1	2_____	2931	6	0	0	0	0	0	0	0	0	1	0
C	Marios	20	125	9	1	2_____	2997	6	0	0	0	0	1	0	0	0	0	0
C	Marios	20	125	9	1	2_____	3035	6	0	0	0	0	0	0	0	0	1	0
C	Marios	20	125	9	1	2_____	3109	6	0	0	0	0	1	0	0	0	0	0
C	Marios	20	125	9	1	2_____	3137	6	0	0	0	0	0	0	0	0	1	0
C	Marios	20	125	9	1	2_____	3217	6	0	0	0	0	1	0	0	0	0	0
C	Marios	20	125	9	1	2_____	3242	6	0	0	0	0	0	0	0	0	1	0
C	Marios	20	125	9	1	2_____	3250	6	10	0	0	0	0	0	0	0	0	0
C	Marios	20	125	9	1	2_____	3289	10	0	0	0	0	1	0	0	0	0	0
C	Marios	20	125	9	1	2_____	3298	10	0	0	0	0	0	0	0	0	1	0
C	Marios	20	125	9	1	2_____	3304	10	0	0	0	0	1	0	0	0	0	0
C	Marios	20	125	9	1	2_____	3332	10	0	0	0	0	0	0	0	0	1	0
C	Marios	20	125	9	1	2_____	3335	10	0	0	0	0	1	0	0	0	0	0
C	Marios	20	125	9	1	2_____	3423	10	0	0	0	0	0	0	0	0	1	0
C	Marios	20	125	9	1	2_____	3750	10	1	0	0	0	0	0	0	0	0	0
C	Marios	20	125	9	1	2_____	5916	1	0	0	0	0	1	0	0	0	0	0
C	Marios	20	125	9	1	2_____	5959	1	0	0	0	0	0	0	0	0	1	0
C	Marios	20	125	9	1	2_____	9000	1	2	0	0	0	0	0	0	0	0	0
C	Marios	20	125	9	1	2_____	9500	2	12	0	0	0	0	0	0	0	0	0
C	Marios	20	125	9	1	2_____	10000	12	15	0	0	0	0	0	0	0	0	0
C	Marios	20	125	9	1	2_____	10500	15	1	0	0	0	0	0	0	0	0	0
C	Marios	20	125	9	1	2_____	12188	1	0	0	0	0	1	0	0	0	0	0
C	Marios	20	125	9	1	2_____	12195	1	0	0	0	0	0	0	0	0	1	0
C	Marios	20	125	9	1	2_____	12204	1	0	0	0	0	1	0	0	0	0	0
C	Marios	20	125	9	1	2_____	12283	1	0	0	0	0	0	0	0	0	1	0
C	Marios	20	125	9	1	2_____	12928	1	0	0	0	0	1	0	0	0	0	0
C	Marios	20	125	9	1	2_____	12938	1	0	0	0	0	0	0	0	0	1	0
C	Marios	20	125	9	1	2_____	13894	1	0	0	0	0	1	0	0	0	0	0
C	Marios	20	125	9	1	2_____	13905	1	0	0	0	0	0	0	0	0	1	0
C	Marios	20	125	9	1	2_____	14250	1	2	0	0	0	0	0	0	0	0	0
C	Marios	20	125	9	1	2_____	14390	2	0	0	0	0	1	0	0	0	0	0
C	Marios	20	125	9	1	2_____	14485	2	0	0	0	0	0	0	0	0	1	0
C	Marios	20	125	9	1	2_____	14750	2	7	0	0	0	0	0	0	0	0	0
C	Marios	20	125	9	1	2_____	14847	7	0	0	0	0	1	0	0	0	0	0
C	Marios	20	125	9	1	2_____	14869	7	0	0	0	0	0	0	0	0	1	0
C	Marios	20	125	9	1	2_____	14952	7	0	0	0	0	1	0	0	0	0	0
C	Marios	20	125	9	1	2_____	14989	7	0	0	0	0	0	0	0	0	1	0
C	Marios	20	125	9	1	2_____	15169	7	0	0	0	0	1	0	0	0	0	0
C	Marios	20	125	9	1	2_____	15250	7	11	0	0	0	0	0	0	0	0	0
C	Marios	20	125	9	1	2_____	15437	11	0	0	0	0	0	0	0	0	1	0
C	Marios	20	125	9	1	2_____	15750	11	1	0	0	0	0	0	0	0	0	0
C	Marios	20	125	9	1	2_____	16372	1	0	0	0	0	1	0	0	0	0	0
C	Marios	20	125	9	1	2_____	16413	1	0	0	0	0	0	0	0	0	1	0
C	Marios	20	125	9	1	2_____	18140	1	0	0	0	0	1	0	0	0	0	0
C	Marios	20	125	9	1	2_____	18148	1	0	0	0	0	0	0	0	0	1	0
C	Marios	20	125	9	1	2_____	18259	1	0	0	0	0	1	0	0	0	0	0
C	Marios	20	125	9	1	2_____	18309	1	0	0	0	0	0	0	0	0	1	0
C	Marios	20	125	9	1	2_____	19667	1	0	0	0	0	1	0	0	0	0	0
C	Marios	20	125	9	1	2_____	19695	1	0	0	0	0	0	0	0	0	1	0
C	Marios	20	125	9	1	2_____	21250	1	2	0	0	0	0	0	0	0	0	0
C	Marios	20	125	9	1	2_____	21750	2	13	0	0	0	0	0	0	0	0	0
C	Marios	20	125	9	1	2_____	22250	13	15	0	0	0	0	0	0	0	0	0
C	Marios	20	125	9	1	2_____	22750	15	1	0	0	0	0	0	0	0	0	0
C	Marios	20	125	9	1	2_____	24068	1	0	0	0	0	1	0	0	0	0	0
C	Marios	20	125	9	1	2_____	24070	1	0	0	0	0	0	0	0	0	1	0
C	Marios	20	125	9	1	2_____	24603	1	0	0	0	0	1	0	0	0	0	0
C	Marios	20	125	9	1	2_____	24625	1	0	0	0	0	0	0	0	0	1	0
C	Marios	20	125	9	1	2_____	25990	1	0	0	0	0	1	0	0	0	0	0
C	Marios	20	125	9	1	2_____	25995	1	0	0	0	0	0	0	0	0	1	0
C	Marios	20	125	9	1	2_____	29500	1	2	0	0	0	0	0	0	0	0	0
C	Marios	20	125	9	1	2_____	30000	2	12	0	0	0	0	0	0	0	0	0
C	Marios	20	125	9	1	2_____	30500	12	15	0	0	0	0	0	0	0	0	0
C	Marios	20	125	9	1	2_____	31000	15	1	0	0	0	0	0	0	0	0	0
C	Marios	20	125	9	1	2_____	31509	1	0	0	0	0	1	0	0	0	0	0
C	Marios	20	125	9	1	2_____	31513	1	0	0	0	0	1	0	0	0	1	0
C	Marios	20	125	9	1	2_____	31517	1	0	0	0	0	0	0	0	0	1	0
C	Marios	20	125	9	1	2_____	31545	1	0	0	0	0	1	0	0	0	0	0
C	Marios	20	125	9	1	2_____	31613	1	0	0	0	0	0	0	0	0	1	0
C	Marios	20	125	9	1	2_____	33749	1	0	0	0	0	1	0	0	0	0	0
C	Marios	20	125	9	1	2_____	33836	1	0	0	0	0	0	0	0	0	1	0
C	Marios	20	125	9	1	2_____	33907	1	0	0	0	0	1	0	0	0	0	0
C	Marios	20	125	9	1	2_____	33982	1	0	0	0	0	0	0	0	0	1	0
C	Marios	20	125	9	1	2_____	34014	1	0	0	0	0	1	0	0	0	0	0
C	Marios	20	125	9	1	2_____	34113	1	0	0	0	0	0	0	0	0	1	0
C	Marios	20	125	9	1	2_____	34129	1	0	0	0	0	1	0	0	0	0	0
C	Marios	20	125	9	1	2_____	34201	1	0	0	0	0	0	0	0	0	1	0
C	Marios	20	125	9	1	2_____	34206	1	0	0	0	0	1	0	0	0	0	0
C	Marios	20	125	9	1	2_____	34234	1	0	0	0	0	0	0	0	0	1	0
C	Marios	20	125	9	1	2_____	35500	1	2	0	0	0	0	0	0	0	0	0
C	Marios	20	125	9	1	2_____	35567	2	0	0	0	0	1	0	0	0	0	0
C	Marios	20	125	9	1	2_____	35584	2	0	0	0	0	1	0	0	0	1	0
C	Marios	20	125	9	1	2_____	35586	2	0	0	0	0	0	0	0	0	1	0
C	Marios	20	125	9	1	2_____	36000	2	13	0	0	0	0	0	0	0	0	0
C	Marios	20	125	9	1	2_____	36143	13	0	0	0	0	1	0	0	0	0	0
C	Marios	20	125	9	1	2_____	36149	13	0	0	0	0	0	0	0	0	1	0
C	Marios	20	125	9	1	2_____	36150	13	0	0	0	0	1	0	0	0	0	0
C	Marios	20	125	9	1	2_____	36153	13	0	0	0	0	0	0	0	0	1	0
C	Marios	20	125	9	1	2_____	36500	13	15	0	0	0	0	0	0	0	0	0
C	Marios	20	125	9	1	2_____	37000	15	1	0	0	0	0	0	0	0	0	0
C	Marios	20	125	9	1	2_____	38469	1	0	0	0	0	1	0	0	0	0	0
C	Marios	20	125	9	1	2_____	38473	1	0	0	0	0	0	0	0	0	1	0
C	Marios	20	125	9	1	2_____	41500	1	2	0	0	0	0	0	0	0	0	0
C	Marios	20	125	9	1	2_____	42000	2	12	0	0	0	0	0	0	0	0	0
C	Marios	20	125	9	1	2_____	42500	12	15	0	0	0	0	0	0	0	0	0
C	Marios	20	125	9	1	2_____	43000	15	1	0	0	0	0	0	0	0	0	0
C	Marios	20	125	9	1	2_____	45338	1	0	0	0	0	1	0	0	0	0	0
C	Marios	20	125	9	1	2_____	45412	1	0	0	0	0	0	0	0	0	1	0
C	Marios	20	125	9	1	2_____	45445	1	0	0	0	0	1	0	0	0	0	0
C	Marios	20	125	9	1	2_____	45447	1	0	0	0	0	0	0	0	0	1	0
C	Marios	20	125	9	1	2_____	45452	1	0	0	0	0	1	0	0	0	0	0
C	Marios	20	125	9	1	2_____	45461	1	0	0	0	0	0	0	0	0	1	0
C	Marios	20	125	9	1	2_____	46634	1	0	0	0	0	1	0	0	0	0	0
C	Marios	20	125	9	1	2_____	46647	1	0	0	0	0	0	0	0	0	1	0
C	Marios	20	125	9	1	2_____	50205	1	0	0	0	0	1	0	0	0	0	0
C	Marios	20	125	9	1	2_____	50293	1	0	0	0	0	0	0	0	0	1	0
C	Marios	20	125	9	1	2_____	50500	1	2	0	0	0	0	0	0	0	0	0
C	Marios	20	125	9	1	2_____	51000	2	7	0	0	0	0	0	0	0	0	0
C	Marios	20	125	9	1	2_____	51187	7	0	0	0	0	1	0	0	0	0	0
C	Marios	20	125	9	1	2_____	51214	7	0	0	0	0	0	0	0	0	1	0
C	Marios	20	125	9	1	2_____	51281	7	0	0	0	0	1	0	0	0	0	0
C	Marios	20	125	9	1	2_____	51389	7	0	0	0	0	0	0	0	0	1	0
C	Marios	20	125	9	1	2_____	51461	7	0	0	0	0	1	0	0	0	0	0
C	Marios	20	125	9	1	2_____	51500	7	11	0	0	0	0	0	0	0	0	0
C	Marios	20	125	9	1	2_____	51842	11	0	0	0	0	0	0	0	0	1	0
C	Marios	20	125	9	1	2_____	52000	11	1	0	0	0	0	0	0	0	0	0
C	Marios	20	125	9	1	2_____	52495	1	0	0	0	0	1	0	0	0	0	0
C	Marios	20	125	9	1	2_____	52520	1	0	0	0	0	0	0	0	0	1	0
C	Marios	20	125	9	1	2_____	53424	1	0	0	0	0	1	0	0	0	0	0
C	Marios	20	125	9	1	2_____	53430	1	0	0	0	0	0	0	0	0	1	0
C	Marios	20	125	9	1	2_____	55000	1	2	0	0	0	0	0	0	0	0	0
C	Marios	20	125	9	1	2_____	55044	2	0	0	0	0	1	0	0	0	0	0
C	Marios	20	125	9	1	2_____	55066	2	0	0	0	0	0	0	0	0	1	0
C	Marios	20	125	9	1	2_____	55362	2	0	0	0	0	1	0	0	0	0	0
C	Marios	20	125	9	1	2_____	55465	2	0	0	0	0	0	0	0	0	1	0
C	Marios	20	125	9	1	2_____	55500	2	13	0	0	0	0	0	0	0	0	0
C	Marios	20	125	9	1	2_____	55948	13	0	0	0	0	1	0	0	0	0	0
C	Marios	20	125	9	1	2_____	56000	13	15	0	0	0	0	0	0	0	0	0
C	Marios	20	125	9	1	2_____	56050	15	0	0	0	0	0	0	0	0	1	0
C	Marios	20	125	9	1	2_____	56098	15	0	0	0	0	1	0	0	0	0	0
C	Marios	20	125	9	1	2_____	56136	15	0	0	0	0	0	0	0	0	1	0
C	Marios	20	125	9	1	2_____	56203	15	0	0	0	0	1	0	0	0	0	0
C	Marios	20	125	9	1	2_____	56247	15	0	0	0	0	0	0	0	0	1	0
C	Marios	20	125	9	1	2_____	56249	15	0	0	0	0	1	0	0	0	0	0
C	Marios	20	125	9	1	2_____	56350	15	0	0	0	0	0	0	0	0	1	0
C	Marios	20	125	9	1	2_____	56500	15	1	0	0	0	0	0	0	0	0	0
C	Marios	20	125	9	1	2_____	56517	1	0	0	0	0	1	0	0	0	0	0
C	Marios	20	125	9	1	2_____	56598	1	0	0	0	0	0	0	0	0	1	0
C	Marios	20	125	9	1	2_____	56612	1	0	0	0	0	1	0	0	0	0	0
C	Marios	20	125	9	1	2_____	56708	1	0	0	0	0	0	0	0	0	1	0
C	Marios	20	125	9	1	2_____	56852	1	0	0	0	0	1	0	0	0	0	0
C	Marios	20	125	9	1	2_____	56931	1	0	0	0	0	0	0	0	0	1	0
C	Marios	20	125	9	1	2_____	57391	1	0	0	0	0	1	0	0	0	0	0
C	Marios	20	125	9	1	2_____	57411	1	0	0	0	0	0	0	0	0	1	0
C	Marios	20	125	9	1	2_____	57464	1	0	0	0	0	1	0	0	0	0	0
C	Marios	20	125	9	1	2_____	57525	1	0	0	0	0	0	0	0	0	1	0
C	Marios	20	125	9	1	2_____	57628	1	0	0	0	0	1	0	0	0	0	0
C	Marios	20	125	9	1	2_____	57653	1	0	0	0	0	0	0	0	0	1	0
C	Marios	20	125	9	1	2_____	58248	1	0	0	0	0	1	0	0	0	0	0
C	Marios	20	125	9	1	2_____	58325	1	0	0	0	0	0	0	0	0	1	0
C	Marios	20	125	9	1	2_____	58417	1	0	0	0	0	1	0	0	0	0	0
C	Marios	20	125	9	1	2_____	58511	1	0	0	0	0	0	0	0	0	1	0
C	Marios	20	125	9	1	2_____	58577	1	0	0	0	0	1	0	0	0	0	0
C	Marios	20	125	9	1	2_____	58826	1	0	0	0	0	0	0	0	0	1	0
C	Marios	20	125	9	1	2_____	58981	1	0	0	0	0	1	0	0	0	0	0
C	Marios	20	125	9	1	2_____	59033	1	0	0	0	0	0	0	0	0	1	0
C	Marios	20	125	9	1	2_____	59231	1	0	0	0	0	1	0	0	0	0	0
C	Marios	20	125	9	1	2_____	59330	1	0	0	0	0	0	0	0	0	1	0
C	Marios	20	125	9	1	2_____	59446	1	0	0	0	0	1	0	0	0	0	0
C	Marios	20	125	9	1	2_____	59508	1	0	0	0	0	0	0	0	0	1	0
C	Marios	20	125	9	1	2_____	59533	1	0	0	0	0	1	0	0	0	0	0
C	Marios	20	125	9	1	2_____	59642	1	0	0	0	0	0	0	0	0	1	0
C	Marios	20	125	9	1	2_____	59755	1	0	0	0	0	1	0	0	0	0	0
C	Marios	20	125	9	1	2_____	59854	1	0	0	0	0	0	0	0	0	1	0
C	Marios	20	125	9	1	2_____	59957	1	0	0	0	0	1	0	0	0	0	0
C	Marios	20	125	9	1	2_____	60000	1	2	0	0	0	0	0	0	0	0	0
C	Marios	20	125	9	1	2_____	60063	2	0	0	0	0	0	0	0	0	1	0
C	Marios	20	125	9	1	2_____	60500	2	12	0	0	0	0	0	0	0	0	0
C	Marios	20	125	9	1	2_____	61000	12	15	0	0	0	0	0	0	0	0	0
C	Marios	20	125	9	1	2_____	61402	15	0	0	0	0	1	0	0	0	0	0
C	Marios	20	125	9	1	2_____	61429	15	0	0	0	0	0	0	0	0	1	0
C	Marios	20	125	9	1	2_____	61500	15	1	0	0	0	0	0	0	0	0	0
C	Marios	20	125	9	1	2_____	62987	1	0	0	0	0	1	0	0	0	0	0
C	Marios	20	125	9	1	2_____	63000	1	2	0	0	0	0	0	0	0	0	0
C	Marios	20	125	9	1	2_____	63059	2	0	0	0	0	0	0	0	0	1	0
C	Marios	20	125	9	1	2_____	63245	2	0	0	0	0	1	0	0	0	0	0
C	Marios	20	125	9	1	2_____	63261	2	0	0	0	0	0	0	0	0	1	0
C	Marios	20	125	9	1	2_____	63308	2	0	0	0	0	1	0	0	0	0	0
C	Marios	20	125	9	1	2_____	63326	2	0	0	0	0	0	0	0	0	1	0
C	Marios	20	125	9	1	2_____	63335	2	0	0	0	0	1	0	0	0	0	0
C	Marios	20	125	9	1	2_____	63338	2	0	0	0	0	0	0	0	0	1	0
C	Marios	20	125	9	1	2_____	63500	2	6	0	0	0	0	0	0	0	0	0
C	Marios	20	125	9	1	2_____	63625	6	0	0	0	0	1	0	0	0	0	0
C	Marios	20	125	9	1	2_____	63731	6	0	0	0	0	0	0	0	0	1	0
C	Marios	20	125	9	1	2_____	63807	6	0	0	0	0	1	0	0	0	0	0
C	Marios	20	125	9	1	2_____	63866	6	0	0	0	0	0	0	0	0	1	0
C	Marios	20	125	9	1	2_____	63924	6	0	0	0	0	1	0	0	0	0	0
C	Marios	20	125	9	1	2_____	63983	6	0	0	0	0	0	0	0	0	1	0
C	Marios	20	125	9	1	2_____	64000	6	10	0	0	0	0	0	0	0	0	0
C	Marios	20	125	9	1	2_____	64010	10	0	0	0	0	1	0	0	0	0	0
C	Marios	20	125	9	1	2_____	64311	10	0	0	0	0	0	0	0	0	1	0
C	Marios	20	125	9	1	2_____	64500	10	1	0	0	0	0	0	0	0	0	0
C	Marios	20	125	9	1	2_____	65771	1	0	0	0	0	1	0	0	0	0	0
C	Marios	20	125	9	1	2_____	65873	1	0	0	0	0	0	0	0	0	1	0
C	Marios	20	125	9	1	2_____	67351	1	0	0	0	0	1	0	0	0	0	0
C	Marios	20	125	9	1	2_____	67469	1	0	0	0	0	0	0	0	0	1	0
C	Marios	20	125	9	1	2_____	67615	1	0	0	0	0	1	0	0	0	0	0
C	Marios	20	125	9	1	2_____	67771	1	0	0	0	0	0	0	0	0	1	0
C	Marios	20	125	9	1	2_____	68045	1	0	0	0	0	1	0	0	0	0	0
C	Marios	20	125	9	1	2_____	68184	1	0	0	0	0	0	0	0	0	1	0
C	Marios	20	125	9	1	2_____	70144	1	0	0	0	0	1	0	0	0	0	0
C	Marios	20	125	9	1	2_____	70219	1	0	0	0	0	0	0	0	0	1	0
C	Marios	20	125	9	1	2_____	70500	1	2	0	0	0	0	0	0	0	0	0
C	Marios	20	125	9	1	2_____	70637	2	0	0	0	0	1	0	0	0	0	0
C	Marios	20	125	9	1	2_____	70682	2	0	0	0	0	0	0	0	0	1	0
C	Marios	20	125	9	1	2_____	71000	2	13	0	0	0	0	0	0	0	0	0
C	Marios	20	125	9	1	2_____	71456	13	0	0	0	0	1	0	0	0	0	0
C	Marios	20	125	9	1	2_____	71500	13	15	0	0	0	0	0	0	0	0	0
C	Marios	20	125	9	1	2_____	71612	15	0	0	0	0	0	0	0	0	1	0
C	Marios	20	125	9	1	2_____	71876	15	0	0	0	0	1	0	0	0	0	0
C	Marios	20	125	9	1	2_____	71951	15	0	0	0	0	0	0	0	0	1	0
C	Marios	20	125	9	1	2_____	72000	15	1	0	0	0	0	0	0	0	0	0
C	Marios	20	125	9	1	2_____	73428	1	0	0	0	0	1	0	0	0	0	0
C	Marios	20	125	9	1	2_____	73541	1	0	0	0	0	0	0	0	0	1	0
C	Marios	20	125	9	1	2_____	74777	1	0	0	0	0	1	0	0	0	0	0
C	Marios	20	125	9	1	2_____	74884	1	0	0	0	0	0	0	0	0	1	0
C	Marios	20	125	9	1	2_____	75000	1	2	0	0	0	0	0	0	0	0	0
C	Marios	20	125	9	1	2_____	75500	2	13	0	0	0	0	0	0	0	0	0
C	Marios	20	125	9	1	2_____	75666	13	0	0	0	0	1	0	0	0	0	0
C	Marios	20	125	9	1	2_____	75724	13	0	0	0	0	0	0	0	0	1	0
C	Marios	20	125	9	1	2_____	75836	13	0	0	0	0	1	0	0	0	0	0
C	Marios	20	125	9	1	2_____	75936	13	0	0	0	0	0	0	0	0	1	0
C	Marios	20	125	9	1	2_____	76000	13	15	0	0	0	0	0	0	0	0	0
C	Marios	20	125	9	1	2_____	76227	15	0	0	0	0	1	0	0	0	0	0
C	Marios	20	125	9	1	2_____	76444	15	0	0	0	0	0	0	0	0	1	0
C	Marios	20	125	9	1	2_____	76488	15	0	0	0	0	1	0	0	0	0	0
C	Marios	20	125	9	1	2_____	76500	15	1	0	0	0	0	0	0	0	0	0
C	Marios	20	125	9	1	2_____	76637	1	0	0	0	0	0	0	0	0	1	0
C	Marios	20	125	9	1	2_____	78000	1	2	0	0	0	0	0	0	0	0	0
C	Marios	20	125	9	1	2_____	78500	2	12	0	0	0	0	0	0	0	0	0
C	Marios	20	125	9	1	2_____	78678	12	0	0	0	0	1	0	0	0	0	0
C	Marios	20	125	9	1	2_____	78712	12	0	0	0	0	0	0	0	0	1	0
C	Marios	20	125	9	1	2_____	78798	12	0	0	0	0	1	0	0	0	0	0
C	Marios	20	125	9	1	2_____	78865	12	0	0	0	0	0	0	0	0	1	0
C	Marios	20	125	9	1	2_____	78893	12	0	0	0	0	1	0	0	0	0	0
C	Marios	20	125	9	1	2_____	78956	12	0	0	0	0	0	0	0	0	1	0
C	Marios	20	125	9	1	2_____	79000	12	15	0	0	0	0	0	0	0	0	0
C	Marios	20	125	9	1	2_____	79051	15	0	0	0	0	1	0	0	0	0	0
C	Marios	20	125	9	1	2_____	79268	15	0	0	0	0	0	0	0	0	1	0
C	Marios	20	125	9	1	2_____	79500	15	1	0	0	0	0	0	0	0	0	0
C	Marios	20	125	9	1	2_____	79561	1	0	0	0	0	1	0	0	0	0	0
C	Marios	20	125	9	1	2_____	79582	1	0	0	0	0	0	0	0	0	1	0
C	Marios	20	125	9	1	2_____	80037	1	0	0	0	0	1	0	0	0	0	0
C	Marios	20	125	9	1	2_____	80083	1	0	0	0	0	0	0	0	0	1	0
C	Marios	20	125	9	1	2_____	81892	1	0	0	0	0	1	0	0	0	0	0
C	Marios	20	125	9	1	2_____	81907	1	0	0	0	0	0	0	0	0	1	0
C	Marios	20	125	9	1	2_____	81917	1	0	0	0	0	1	0	0	0	0	0
C	Marios	20	125	9	1	2_____	81937	1	0	0	0	0	0	0	0	0	1	0
C	Marios	20	125	9	1	2_____	83328	1	0	0	0	0	1	0	0	0	0	0
C	Marios	20	125	9	1	2_____	83431	1	0	0	0	0	0	0	0	0	1	0
C	Marios	20	125	9	1	2_____	84000	1	2	0	0	0	0	0	0	0	0	0
C	Marios	20	125	9	1	2_____	84500	2	12	0	0	0	0	0	0	0	0	0
C	Marios	20	125	9	1	2_____	84682	12	0	0	0	0	1	0	0	0	0	0
C	Marios	20	125	9	1	2_____	84724	12	0	0	0	0	0	0	0	0	1	0
C	Marios	20	125	9	1	2_____	85000	12	15	0	0	0	0	0	0	0	0	0
C	Marios	20	125	9	1	2_____	85347	15	0	0	0	0	1	0	0	0	0	0
C	Marios	20	125	9	1	2_____	85405	15	0	0	0	0	0	0	0	0	1	0
C	Marios	20	125	9	1	2_____	85458	15	0	0	0	0	1	0	0	0	0	0
C	Marios	20	125	9	1	2_____	85500	15	1	0	0	0	0	0	0	0	0	0
C	Marios	20	125	9	1	2_____	85546	1	0	0	0	0	0	0	0	0	1	0
C	Marios	20	125	9	1	2_____	85890	1	0	0	0	0	1	0	0	0	0	0
C	Marios	20	125	9	1	2_____	85923	1	0	0	0	0	0	0	0	0	1	0
C	Marios	20	125	9	1	2_____	85971	1	0	0	0	0	1	0	0	0	0	0
C	Marios	20	125	9	1	2_____	86401	1	0	0	0	0	0	0	0	0	1	0
C	Marios	20	125	9	1	2_____	86403	1	0	0	0	0	1	0	0	0	0	0
C	Marios	20	125	9	1	2_____	86424	1	0	0	0	0	0	0	0	0	1	0
C	Marios	20	125	9	1	2_____	86950	1	0	0	0	0	1	0	0	0	0	0
C	Marios	20	125	9	1	2_____	86982	1	0	0	0	0	0	0	0	0	1	0
C	Marios	20	125	9	1	2_____	89001	1	0	0	0	0	1	0	0	0	0	0
C	Marios	20	125	9	1	2_____	89024	1	0	0	0	0	0	0	0	0	1	0
C	Marios	20	125	9	1	2_____	89817	1	0	0	0	0	1	0	0	0	0	0
C	Marios	20	125	9	1	2_____	89826	1	0	0	0	0	0	0	0	0	1	0
C	Marios	20	125	9	1	2_____	89830	1	0	0	0	0	1	0	0	0	0	0
C	Marios	20	125	9	1	2_____	89935	1	0	0	0	0	0	0	0	0	1	0
C	Marios	20	125	9	1	2_____	89976	1	0	0	0	0	1	0	0	0	0	0
C	Marios	20	125	9	1	2_____	90011	1	0	0	0	0	0	0	0	0	1	0
C	Marios	20	125	9	1	2_____	90087	1	0	0	0	0	1	0	0	0	0	0
C	Marios	20	125	9	1	2_____	90103	1	0	0	0	0	0	0	0	0	1	0
C	Marios	20	125	9	1	2_____	90147	1	0	0	0	0	1	0	0	0	0	0
C	Marios	20	125	9	1	2_____	90165	1	0	0	0	0	0	0	0	0	1	0
C	Marios	20	125	9	1	2_____	90166	1	0	0	0	0	1	0	0	0	0	0
C	Marios	20	125	9	1	2_____	90173	1	0	0	0	0	0	0	0	0	1	0
C	Marios	20	125	9	1	2_____	90178	1	0	0	0	0	1	0	0	0	0	0
C	Marios	20	125	9	1	2_____	90183	1	0	0	0	0	0	0	0	0	1	0
C	Marios	20	125	9	1	2_____	90198	1	0	0	0	0	1	0	0	0	0	0
C	Marios	20	125	9	1	2_____	90207	1	0	0	0	0	0	0	0	0	1	0
C	Marios	20	125	9	1	2_____	90217	1	0	0	0	0	1	0	0	0	0	0
C	Marios	20	125	9	1	2_____	90237	1	0	0	0	0	0	0	0	0	1	0
C	Marios	20	125	9	1	2_____	90242	1	0	0	0	0	1	0	0	0	0	0
C	Marios	20	125	9	1	2_____	90258	1	0	0	0	0	0	0	0	0	1	0
C	Marios	20	125	9	1	2_____	90296	1	0	0	0	0	1	0	0	0	0	0
C	Marios	20	125	9	1	2_____	90340	1	0	0	0	0	0	0	0	0	1	0
C	Marios	20	125	9	1	2_____	90409	1	0	0	0	0	1	0	0	0	0	0
C	Marios	20	125	9	1	2_____	90424	1	0	0	0	0	0	0	0	0	1	0
C	Marios	20	125	9	1	2_____	90441	1	0	0	0	0	1	0	0	0	0	0
C	Marios	20	125	9	1	2_____	90443	1	0	0	0	0	0	0	0	0	1	0
C	Marios	20	125	9	1	2_____	90750	1	2	0	0	0	0	0	0	0	0	0
C	Marios	20	125	9	1	2_____	91250	2	7	0	0	0	0	0	0	0	0	0
C	Marios	20	125	9	1	2_____	91349	7	0	0	0	0	1	0	0	0	0	0
C	Marios	20	125	9	1	2_____	91441	7	0	0	0	0	0	0	0	0	1	0
C	Marios	20	125	9	1	2_____	91502	7	0	0	0	0	1	0	0	0	0	0
C	Marios	20	125	9	1	2_____	91611	7	0	0	0	0	0	0	0	0	1	0
C	Marios	20	125	9	1	2_____	91681	7	0	0	0	0	1	0	0	0	0	0
C	Marios	20	125	9	1	2_____	91750	7	11	0	0	0	0	0	0	0	0	0
C	Marios	20	125	9	1	2_____	91938	11	0	0	0	0	0	0	0	0	1	0
C	Marios	20	125	9	1	2_____	91939	11	0	0	0	0	1	0	0	0	0	0
C	Marios	20	125	9	1	2_____	91956	11	0	0	0	0	0	0	0	0	1	0
C	Marios	20	125	9	1	2_____	92250	11	1	0	0	0	0	0	0	0	0	0
C	Marios	20	125	9	1	2_____	92317	1	0	0	0	0	1	0	0	0	0	0
C	Marios	20	125	9	1	2_____	92414	1	0	0	0	0	0	0	0	0	1	0
C	Marios	20	125	9	1	2_____	93473	1	0	0	0	0	1	0	0	0	0	0
C	Marios	20	125	9	1	2_____	93508	1	0	0	0	0	1	0	0	0	1	0
C	Marios	20	125	9	1	2_____	93510	1	0	0	0	0	0	0	0	0	1	0
C	Marios	20	125	9	1	2_____	94363	1	0	0	0	0	1	0	0	0	0	0
C	Marios	20	125	9	1	2_____	94397	1	0	0	0	0	0	0	0	0	1	0
C	Marios	20	125	9	1	2_____	94621	1	0	0	0	0	1	0	0	0	0	0
C	Marios	20	125	9	1	2_____	94627	1	0	0	0	0	0	0	0	0	1	0
C	Marios	20	125	9	1	2_____	96695	1	0	0	0	0	1	0	0	0	0	0
C	Marios	20	125	9	1	2_____	96887	1	0	0	0	0	0	0	0	0	1	0
C	Marios	20	125	9	1	2_____	97851	1	0	0	0	0	1	0	0	0	0	0
C	Marios	20	125	9	1	2_____	97940	1	0	0	0	0	0	0	0	0	1	0
C	Marios	20	125	9	1	2_____	99000	1	2	0	0	0	0	0	0	0	0	0
C	Marios	20	125	9	1	2_____	99201	2	0	0	0	0	1	0	0	0	0	0
C	Marios	20	125	9	1	2_____	99356	2	0	0	0	0	0	0	0	0	1	0
C	Marios	20	125	9	1	2_____	99500	2	6	0	0	0	0	0	0	0	0	0
C	Marios	20	125	9	1	2_____	99593	6	0	0	0	0	1	0	0	0	0	0
C	Marios	20	125	9	1	2_____	99652	6	0	0	0	0	0	0	0	0	1	0
C	Marios	20	125	9	1	2_____	99658	6	0	0	0	0	1	0	0	0	0	0
C	Marios	20	125	9	1	2_____	99704	6	0	0	0	0	0	0	0	0	1	0
C	Marios	20	125	9	1	2_____	99758	6	0	0	0	0	1	0	0	0	0	0
C	Marios	20	125	9	1	2_____	99779	6	0	0	0	0	1	0	0	0	1	0
C	Marios	20	125	9	1	2_____	99829	6	0	0	0	0	0	0	0	0	1	0
C	Marios	20	125	9	1	2_____	99875	6	0	0	0	0	1	0	0	0	0	0
C	Marios	20	125	9	1	2_____	99933	6	0	0	0	0	0	0	0	0	1	0
C	Marios	20	125	9	1	2_____	99998	6	0	0	0	0	1	0	0	0	0	0
C	Marios	20	125	9	1	2_____	100000	6	10	0	0	0	0	0	0	0	0	0
C	Marios	20	125	9	1	2_____	100262	10	0	0	0	0	0	0	0	0	1	0
C	Marios	20	125	9	1	2_____	100500	10	1	0	0	0	0	0	0	0	0	0
C	Marios	20	125	9	1	2_____	102886	1	0	0	0	0	1	0	0	0	0	0
C	Marios	20	125	9	1	2_____	103030	1	0	0	0	0	0	0	0	0	1	0
C	Marios	20	125	9	1	2_____	104184	1	0	0	0	0	1	0	0	0	0	0
C	Marios	20	125	9	1	2_____	104246	1	0	0	0	0	0	0	0	0	1	0
C	Marios	20	125	9	1	2_____	104690	1	0	0	0	0	1	0	0	0	0	0
C	Marios	20	125	9	1	2_____	104802	1	0	0	0	0	0	0	0	0	1	0
C	Marios	20	125	9	1	2_____	105610	1	0	0	0	0	1	0	0	0	0	0
C	Marios	20	125	9	1	2_____	105750	1	0	0	0	0	0	0	0	0	1	0
C	Marios	20	125	9	1	2_____	106500	1	2	0	0	0	0	0	0	0	0	0
C	Marios	20	125	9	1	2_____	107000	2	13	0	0	0	0	0	0	0	0	0
C	Marios	20	125	9	1	2_____	107217	13	0	0	0	0	1	0	0	0	0	0
C	Marios	20	125	9	1	2_____	107272	13	0	0	0	0	0	0	0	0	1	0
C	Marios	20	125	9	1	2_____	107345	13	0	0	0	0	1	0	0	0	0	0
C	Marios	20	125	9	1	2_____	107388	13	0	0	0	0	0	0	0	0	1	0
C	Marios	20	125	9	1	2_____	107395	13	0	0	0	0	1	0	0	0	0	0
C	Marios	20	125	9	1	2_____	107419	13	0	0	0	0	0	0	0	0	1	0
C	Marios	20	125	9	1	2_____	107493	13	0	0	0	0	1	0	0	0	0	0
C	Marios	20	125	9	1	2_____	107500	13	15	0	0	0	0	0	0	0	0	0
C	Marios	20	125	9	1	2_____	107631	15	0	0	0	0	0	0	0	0	1	0
C	Marios	20	125	9	1	2_____	107645	15	0	0	0	0	1	0	0	0	0	0
C	Marios	20	125	9	1	2_____	107693	15	0	0	0	0	0	0	0	0	1	0
C	Marios	20	125	9	1	2_____	107711	15	0	0	0	0	1	0	0	0	0	0
C	Marios	20	125	9	1	2_____	107737	15	0	0	0	0	0	0	0	0	1	0
C	Marios	20	125	9	1	2_____	107811	15	0	0	0	0	1	0	0	0	0	0
C	Marios	20	125	9	1	2_____	107856	15	0	0	0	0	0	0	0	0	1	0
C	Marios	20	125	9	1	2_____	107893	15	0	0	0	0	1	0	0	0	0	0
C	Marios	20	125	9	1	2_____	107915	15	0	0	0	0	0	0	0	0	1	0
C	Marios	20	125	9	1	2_____	107951	15	0	0	0	0	1	0	0	0	0	0
C	Marios	20	125	9	1	2_____	107994	15	0	0	0	0	0	0	0	0	1	0
C	Marios	20	125	9	1	2_____	108000	15	1	0	0	0	0	0	0	0	0	0
C	Marios	20	125	9	1	2_____	108127	1	0	0	0	0	1	0	0	0	0	0
C	Marios	20	125	9	1	2_____	108192	1	0	0	0	0	0	0	0	0	1	0
C	Marios	20	125	9	1	2_____	108194	1	0	0	0	0	1	0	0	0	0	0
C	Marios	20	125	9	1	2_____	108198	1	0	0	0	0	0	0	0	0	1	0
C	Marios	20	125	9	1	2_____	108203	1	0	0	0	0	1	0	0	0	0	0
C	Marios	20	125	9	1	2_____	108205	1	0	0	0	0	0	0	0	0	1	0
C	Marios	20	125	9	1	2_____	108222	1	0	0	0	0	1	0	0	0	0	0
C	Marios	20	125	9	1	2_____	108227	1	0	0	0	0	0	0	0	0	1	0
C	Marios	20	125	9	1	2_____	108257	1	0	0	0	0	1	0	0	0	0	0
C	Marios	20	125	9	1	2_____	108264	1	0	0	0	0	0	0	0	0	1	0
C	Marios	20	125	9	1	2_____	108266	1	0	0	0	0	1	0	0	0	0	0
C	Marios	20	125	9	1	2_____	108268	1	0	0	0	0	0	0	0	0	1	0
C	Marios	20	125	9	1	2_____	108271	1	0	0	0	0	1	0	0	0	0	0
C	Marios	20	125	9	1	2_____	108273	1	0	0	0	0	0	0	0	0	1	0
C	Marios	20	125	9	1	2_____	108274	1	0	0	0	0	1	0	0	0	0	0
C	Marios	20	125	9	1	2_____	108278	1	0	0	0	0	0	0	0	0	1	0
C	Marios	20	125	9	1	2_____	108297	1	0	0	0	0	1	0	0	0	0	0
C	Marios	20	125	9	1	2_____	108348	1	0	0	0	0	0	0	0	0	1	0
C	Marios	20	125	9	1	2_____	109135	1	0	0	0	0	1	0	0	0	0	0
C	Marios	20	125	9	1	2_____	109199	1	0	0	0	0	0	0	0	0	1	0
C	Marios	20	125	9	1	2_____	109845	1	0	0	0	0	1	0	0	0	0	0
C	Marios	20	125	9	1	2_____	109863	1	0	0	0	0	0	0	0	0	1	0
C	Marios	20	125	9	1	2_____	111909	1	0	0	0	0	1	0	0	0	0	0
C	Marios	20	125	9	1	2_____	112014	1	0	0	0	0	0	0	0	0	1	0
C	Marios	20	125	9	1	2_____	114311	1	0	0	0	0	1	0	0	0	0	0
C	Marios	20	125	9	1	2_____	114415	1	0	0	0	0	0	0	0	0	1	0
C	Marios	20	125	9	1	2_____	114859	1	0	0	0	0	1	0	0	0	0	0
C	Marios	20	125	9	1	2_____	114884	1	0	0	0	0	0	0	0	0	1	0
C	Marios	20	125	9	1	2_____	115500	1	2	0	0	0	0	0	0	0	0	0
C	Marios	20	125	9	1	2_____	115758	2	0	0	0	0	1	0	0	0	0	0
C	Marios	20	125	9	1	2_____	115777	2	0	0	0	0	0	0	0	0	1	0
C	Marios	20	125	9	1	2_____	115781	2	0	0	0	0	1	0	0	0	0	0
C	Marios	20	125	9	1	2_____	115827	2	0	0	0	0	0	0	0	0	1	0
C	Marios	20	125	9	1	2_____	116000	2	12	0	0	0	0	0	0	0	0	0
C	Marios	20	125	9	1	2_____	116161	12	0	0	0	0	1	0	0	0	0	0
C	Marios	20	125	9	1	2_____	116200	12	0	0	0	0	0	0	0	0	1	0
C	Marios	20	125	9	1	2_____	116271	12	0	0	0	0	1	0	0	0	0	0
C	Marios	20	125	9	1	2_____	116323	12	0	0	0	0	0	0	0	0	1	0
C	Marios	20	125	9	1	2_____	116390	12	0	0	0	0	1	0	0	0	0	0
C	Marios	20	125	9	1	2_____	116432	12	0	0	0	0	0	0	0	0	1	0
C	Marios	20	125	9	1	2_____	116500	12	15	0	0	0	0	0	0	0	0	0
C	Marios	20	125	9	1	2_____	116503	15	0	0	0	0	1	0	0	0	0	0
C	Marios	20	125	9	1	2_____	116536	15	0	0	0	0	0	0	0	0	1	0
C	Marios	20	125	9	1	2_____	116560	15	0	0	0	0	1	0	0	0	0	0
C	Marios	20	125	9	1	2_____	116565	15	0	0	0	0	0	0	0	0	1	0
C	Marios	20	125	9	1	2_____	116572	15	0	0	0	0	1	0	0	0	0	0
C	Marios	20	125	9	1	2_____	116657	15	0	0	0	0	0	0	0	0	1	0
C	Marios	20	125	9	1	2_____	116812	15	0	0	0	0	1	0	0	0	0	0
C	Marios	20	125	9	1	2_____	116930	15	0	0	0	0	0	0	0	0	1	0
C	Marios	20	125	9	1	2_____	117000	15	1	0	0	0	0	0	0	0	0	0
C	Marios	20	125	9	1	2_____	121500	1	2	0	0	0	0	0	0	0	0	0
C	Marios	20	125	9	1	2_____	122000	2	7	0	0	0	0	0	0	0	0	0
C	Marios	20	125	9	1	2_____	122145	7	0	0	0	0	1	0	0	0	0	0
C	Marios	20	125	9	1	2_____	122197	7	0	0	0	0	0	0	0	0	1	0
C	Marios	20	125	9	1	2_____	122238	7	0	0	0	0	1	0	0	0	0	0
C	Marios	20	125	9	1	2_____	122285	7	0	0	0	0	0	0	0	0	1	0
C	Marios	20	125	9	1	2_____	122307	7	0	0	0	0	1	0	0	0	0	0
C	Marios	20	125	9	1	2_____	122367	7	0	0	0	0	0	0	0	0	1	0
C	Marios	20	125	9	1	2_____	122412	7	0	0	0	0	1	0	0	0	0	0
C	Marios	20	125	9	1	2_____	122446	7	0	0	0	0	0	0	0	0	1	0
C	Marios	20	125	9	1	2_____	122500	7	11	0	0	0	0	0	0	0	0	0
C	Marios	20	125	9	1	2_____	122514	11	0	0	0	0	1	0	0	0	0	0
C	Marios	20	125	9	1	2_____	122635	11	0	0	0	0	0	0	0	0	1	0
C	Marios	20	125	9	1	2_____	123000	11	1	0	0	0	0	0	0	0	0	0
C	Marios	20	125	9	1	2_____	123099	1	0	0	0	0	1	0	0	0	0	0
C	Marios	20	125	9	1	2_____	123135	1	0	0	0	0	0	0	0	0	1	0
C	Marios	20	125	9	1	2_____	123349	1	0	0	0	0	1	0	0	0	0	0
C	Marios	20	125	9	1	2_____	123353	1	0	0	0	0	0	0	0	0	1	0
C	Marios	20	125	9	1	2_____	124475	1	0	0	0	0	1	0	0	0	0	0
C	Marios	20	125	9	1	2_____	124516	1	0	0	0	0	0	0	0	0	1	0
C	Marios	20	125	9	1	2_____	125926	1	0	0	0	0	1	0	0	0	0	0
C	Marios	20	125	9	1	2_____	125977	1	0	0	0	0	0	0	0	0	1	0
C	Marios	20	125	9	1	2_____	126750	1	2	0	0	0	0	0	0	0	0	0
C	Marios	20	125	9	1	2_____	127250	2	13	0	0	0	0	0	0	0	0	0
C	Marios	20	125	9	1	2_____	127750	13	15	0	0	0	0	0	0	0	0	0
C	Marios	20	125	9	1	2_____	128250	15	1	0	0	0	0	0	0	0	0	0
C	Marios	20	125	9	1	2_____	129863	1	0	0	0	0	1	0	0	0	0	0
C	Marios	20	125	9	1	2_____	129895	1	0	0	0	0	0	0	0	0	1	0
C	Marios	20	125	9	1	2_____	131750	1	2	0	0	0	0	0	0	0	0	0
C	Marios	20	125	9	1	2_____	132157	2	0	0	0	0	1	0	0	0	0	0
C	Marios	20	125	9	1	2_____	132250	2	13	0	0	0	0	0	0	0	0	0
C	Marios	20	125	9	1	2_____	132256	13	0	0	0	0	0	0	0	0	1	0
C	Marios	20	125	9	1	2_____	132479	13	0	0	0	0	1	0	0	0	0	0
C	Marios	20	125	9	1	2_____	132516	13	0	0	0	0	0	0	0	0	1	0
C	Marios	20	125	9	1	2_____	132684	13	0	0	0	0	1	0	0	0	0	0
C	Marios	20	125	9	1	2_____	132734	13	0	0	0	0	0	0	0	0	1	0
C	Marios	20	125	9	1	2_____	132748	13	0	0	0	0	1	0	0	0	0	0
C	Marios	20	125	9	1	2_____	132750	13	15	0	0	0	0	0	0	0	0	0
C	Marios	20	125	9	1	2_____	132821	15	0	0	0	0	0	0	0	0	1	0
C	Marios	20	125	9	1	2_____	132829	15	0	0	0	0	1	0	0	0	0	0
C	Marios	20	125	9	1	2_____	132833	15	0	0	0	0	0	0	0	0	1	0
C	Marios	20	125	9	1	2_____	133250	15	1	0	0	0	0	0	0	0	0	0
C	Marios	20	125	9	1	2_____	134198	1	0	0	0	0	1	0	0	0	0	0
C	Marios	20	125	9	1	2_____	134241	1	0	0	0	0	0	0	0	0	1	0
C	Marios	20	125	9	1	2_____	134887	1	0	0	0	0	1	0	0	0	0	0
C	Marios	20	125	9	1	2_____	134900	1	0	0	0	0	0	0	0	0	1	0
C	Marios	20	125	9	1	2_____	135500	1	2	0	0	0	0	0	0	0	0	0
C	Marios	20	125	9	1	2_____	135773	2	0	0	0	0	1	0	0	0	0	0
C	Marios	20	125	9	1	2_____	135778	2	0	0	0	0	0	0	0	0	1	0
C	Marios	20	125	9	1	2_____	135798	2	0	0	0	0	1	0	0	0	0	0
C	Marios	20	125	9	1	2_____	135804	2	0	0	0	0	0	0	0	0	1	0
C	Marios	20	125	9	1	2_____	136000	2	6	0	0	0	0	0	0	0	0	0
C	Marios	20	125	9	1	2_____	136087	6	0	0	0	0	1	0	0	0	0	0
C	Marios	20	125	9	1	2_____	136152	6	0	0	0	0	0	0	0	0	1	0
C	Marios	20	125	9	1	2_____	136213	6	0	0	0	0	1	0	0	0	0	0
C	Marios	20	125	9	1	2_____	136254	6	0	0	0	0	1	0	0	0	1	0
C	Marios	20	125	9	1	2_____	136285	6	0	0	0	0	0	0	0	0	1	0
C	Marios	20	125	9	1	2_____	136314	6	0	0	0	0	1	0	0	0	0	0
C	Marios	20	125	9	1	2_____	136403	6	0	0	0	0	0	0	0	0	1	0
C	Marios	20	125	9	1	2_____	136487	6	0	0	0	0	1	0	0	0	0	0
C	Marios	20	125	9	1	2_____	136500	6	10	0	0	0	0	0	0	0	0	0
C	Marios	20	125	9	1	2_____	136710	10	0	0	0	0	0	0	0	0	1	0
C	Marios	20	125	9	1	2_____	136741	10	0	0	0	0	1	0	0	0	0	0
C	Marios	20	125	9	1	2_____	136844	10	0	0	0	0	0	0	0	0	1	0
C	Marios	20	125	9	1	2_____	137000	10	1	0	0	0	0	0	0	0	0	0
C	Marios	20	125	9	1	2_____	139727	1	0	0	0	0	1	0	0	0	0	0
C	Marios	20	125	9	1	2_____	139810	1	0	0	0	0	0	0	0	0	1	0
C	Marios	20	125	9	1	2_____	141464	1	0	0	0	0	1	0	0	0	0	0
C	Marios	20	125	9	1	2_____	141549	1	0	0	0	0	0	0	0	0	1	0
C	Marios	20	125	9	1	2_____	141623	1	0	0	0	0	1	0	0	0	0	0
C	Marios	20	125	9	1	2_____	141693	1	0	0	0	0	0	0	0	0	1	0
C	Marios	20	125	9	1	2_____	142500	1	2	0	0	0	0	0	0	0	0	0
C	Marios	20	125	9	1	2_____	143000	2	12	0	0	0	0	0	0	0	0	0
C	Marios	20	125	9	1	2_____	143288	12	0	0	0	0	1	0	0	0	0	0
C	Marios	20	125	9	1	2_____	143343	12	0	0	0	0	0	0	0	0	1	0
C	Marios	20	125	9	1	2_____	143376	12	0	0	0	0	1	0	0	0	0	0
C	Marios	20	125	9	1	2_____	143403	12	0	0	0	0	0	0	0	0	1	0
C	Marios	20	125	9	1	2_____	143500	12	15	0	0	0	0	0	0	0	0	0
C	Marios	20	125	9	1	2_____	143526	15	0	0	0	0	1	0	0	0	0	0
C	Marios	20	125	9	1	2_____	143560	15	0	0	0	0	0	0	0	0	1	0
C	Marios	20	125	9	1	2_____	143569	15	0	0	0	0	1	0	0	0	0	0
C	Marios	20	125	9	1	2_____	143604	15	0	0	0	0	0	0	0	0	1	0
C	Marios	20	125	9	1	2_____	143683	15	0	0	0	0	1	0	0	0	0	0
C	Marios	20	125	9	1	2_____	143726	15	0	0	0	0	0	0	0	0	1	0
C	Marios	20	125	9	1	2_____	143794	15	0	0	0	0	1	0	0	0	0	0
C	Marios	20	125	9	1	2_____	143871	15	0	0	0	0	0	0	0	0	1	0
C	Marios	20	125	9	1	2_____	144000	15	14	0	0	0	0	0	0	0	0	0
C	Marios	20	125	9	1	2_____	145402	14	0	0	0	0	1	0	0	0	0	0
C	Marios	20	125	9	1	2_____	145407	14	0	0	0	0	0	0	0	0	1	0
C	Marios	20	125	9	1	2_____	147000	14	-1	0	0	0	0	0	0	0	0	0
C	Marios	20	125	13	1	27____	0	0	1	0	0	0	0	0	0	0	0	0
C	Marios	20	125	13	1	27____	1923	1	0	0	0	0	1	0	0	0	0	0
C	Marios	20	125	13	1	27____	1949	1	0	0	0	0	0	0	0	0	1	0
C	Marios	20	125	13	1	27____	1955	1	0	0	0	0	1	0	0	0	0	0
C	Marios	20	125	13	1	27____	2028	1	0	0	0	0	0	0	0	0	1	0
C	Marios	20	125	13	1	27____	2073	1	0	0	0	0	1	0	0	0	0	0
C	Marios	20	125	13	1	27____	2231	1	0	0	0	0	0	0	0	0	1	0
C	Marios	20	125	13	1	27____	2250	1	2	0	0	0	0	0	0	0	0	0
C	Marios	20	125	13	1	27____	2750	2	6	0	0	0	0	0	0	0	0	0
C	Marios	20	125	13	1	27____	2883	6	0	0	0	0	1	0	0	0	0	0
C	Marios	20	125	13	1	27____	2940	6	0	0	0	0	0	0	0	0	1	0
C	Marios	20	125	13	1	27____	2998	6	0	0	0	0	1	0	0	0	0	0
C	Marios	20	125	13	1	27____	3173	6	0	0	0	0	0	0	0	0	1	0
C	Marios	20	125	13	1	27____	3186	6	0	0	0	0	1	0	0	0	0	0
C	Marios	20	125	13	1	27____	3250	6	10	0	0	0	0	0	0	0	0	0
C	Marios	20	125	13	1	27____	3267	10	0	0	0	0	0	0	0	0	1	0
C	Marios	20	125	13	1	27____	3271	10	0	0	0	0	1	0	0	0	0	0
C	Marios	20	125	13	1	27____	3387	10	0	0	0	0	0	0	0	0	1	0
C	Marios	20	125	13	1	27____	3417	10	0	0	0	0	1	0	0	0	0	0
C	Marios	20	125	13	1	27____	3421	10	0	0	0	0	0	0	0	0	1	0
C	Marios	20	125	13	1	27____	3430	10	0	0	0	0	1	0	0	0	0	0
C	Marios	20	125	13	1	27____	3448	10	0	0	0	0	0	0	0	0	1	0
C	Marios	20	125	13	1	27____	3750	10	1	0	0	0	0	0	0	0	0	0
C	Marios	20	125	13	1	27____	4859	1	0	0	0	0	1	0	0	0	0	0
C	Marios	20	125	13	1	27____	4904	1	0	0	0	0	0	0	0	0	1	0
C	Marios	20	125	13	1	27____	7551	1	0	0	0	0	1	0	0	0	0	0
C	Marios	20	125	13	1	27____	7556	1	0	0	0	0	0	0	0	0	1	0
C	Marios	20	125	13	1	27____	7592	1	0	0	0	0	1	0	0	0	0	0
C	Marios	20	125	13	1	27____	7686	1	0	0	0	0	0	0	0	0	1	0
C	Marios	20	125	13	1	27____	8250	1	2	0	0	0	0	0	0	0	0	0
C	Marios	20	125	13	1	27____	8453	2	0	0	0	0	1	0	0	0	0	0
C	Marios	20	125	13	1	27____	8460	2	0	0	0	0	0	0	0	0	1	0
C	Marios	20	125	13	1	27____	8482	2	0	0	0	0	1	0	0	0	0	0
C	Marios	20	125	13	1	27____	8509	2	0	0	0	0	0	0	0	0	1	0
C	Marios	20	125	13	1	27____	8750	2	12	0	0	0	0	0	0	0	0	0
C	Marios	20	125	13	1	27____	9250	12	15	0	0	0	0	0	0	0	0	0
C	Marios	20	125	13	1	27____	9431	15	0	0	0	0	1	0	0	0	0	0
C	Marios	20	125	13	1	27____	9496	15	0	0	0	0	0	0	0	0	1	0
C	Marios	20	125	13	1	27____	9750	15	1	0	0	0	0	0	0	0	0	0
C	Marios	20	125	13	1	27____	10247	1	0	0	0	0	1	0	0	0	0	0
C	Marios	20	125	13	1	27____	10256	1	0	0	0	0	0	0	0	0	1	0
C	Marios	20	125	13	1	27____	10262	1	0	0	0	0	1	0	0	0	0	0
C	Marios	20	125	13	1	27____	10282	1	0	0	0	0	0	0	0	0	1	0
C	Marios	20	125	13	1	27____	12288	1	0	0	0	0	1	0	0	0	0	0
C	Marios	20	125	13	1	27____	12292	1	0	0	0	0	0	0	0	0	1	0
C	Marios	20	125	13	1	27____	12470	1	0	0	0	0	1	0	0	0	0	0
C	Marios	20	125	13	1	27____	12516	1	0	0	0	0	0	0	0	0	1	0
C	Marios	20	125	13	1	27____	12774	1	0	0	0	0	1	0	0	0	0	0
C	Marios	20	125	13	1	27____	12807	1	0	0	0	0	0	0	0	0	1	0
C	Marios	20	125	13	1	27____	12853	1	0	0	0	0	1	0	0	0	0	0
C	Marios	20	125	13	1	27____	12919	1	0	0	0	0	0	0	0	0	1	0
C	Marios	20	125	13	1	27____	13092	1	0	0	0	0	1	0	0	0	0	0
C	Marios	20	125	13	1	27____	13117	1	0	0	0	0	0	0	0	0	1	0
C	Marios	20	125	13	1	27____	15000	1	2	0	0	0	0	0	0	0	0	0
C	Marios	20	125	13	1	27____	15500	2	7	0	0	0	0	0	0	0	0	0
C	Marios	20	125	13	1	27____	15664	7	0	0	0	0	1	0	0	0	0	0
C	Marios	20	125	13	1	27____	15699	7	0	0	0	0	0	0	0	0	1	0
C	Marios	20	125	13	1	27____	15750	7	0	0	0	0	1	0	0	0	0	0
C	Marios	20	125	13	1	27____	15780	7	0	0	0	0	0	0	0	0	1	0
C	Marios	20	125	13	1	27____	16000	7	11	0	0	0	0	0	0	0	0	0
C	Marios	20	125	13	1	27____	16087	11	0	0	0	0	1	0	0	0	0	0
C	Marios	20	125	13	1	27____	16150	11	0	0	0	0	0	0	0	0	1	0
C	Marios	20	125	13	1	27____	16241	11	0	0	0	0	1	0	0	0	0	0
C	Marios	20	125	13	1	27____	16258	11	0	0	0	0	0	0	0	0	1	0
C	Marios	20	125	13	1	27____	16259	11	0	0	0	0	1	0	0	0	0	0
C	Marios	20	125	13	1	27____	16377	11	0	0	0	0	0	0	0	0	1	0
C	Marios	20	125	13	1	27____	16500	11	1	0	0	0	0	0	0	0	0	0
C	Marios	20	125	13	1	27____	17226	1	0	0	0	0	1	0	0	0	0	0
C	Marios	20	125	13	1	27____	17246	1	0	0	0	0	0	0	0	0	1	0
C	Marios	20	125	13	1	27____	19075	1	0	0	0	0	1	0	0	0	0	0
C	Marios	20	125	13	1	27____	19285	1	0	0	0	0	0	0	0	0	1	0
C	Marios	20	125	13	1	27____	19448	1	0	0	0	0	1	0	0	0	0	0
C	Marios	20	125	13	1	27____	19450	1	0	0	0	0	0	0	0	0	1	0
C	Marios	20	125	13	1	27____	19466	1	0	0	0	0	1	0	0	0	0	0
C	Marios	20	125	13	1	27____	19472	1	0	0	0	0	0	0	0	0	1	0
C	Marios	20	125	13	1	27____	19484	1	0	0	0	0	1	0	0	0	0	0
C	Marios	20	125	13	1	27____	19487	1	0	0	0	0	1	0	0	0	1	0
C	Marios	20	125	13	1	27____	19500	1	2	0	0	0	0	0	0	0	0	0
C	Marios	20	125	13	1	27____	19548	2	0	0	0	0	0	0	0	0	1	0
C	Marios	20	125	13	1	27____	20000	2	13	0	0	0	0	0	0	0	0	0
C	Marios	20	125	13	1	27____	20380	13	0	0	0	0	1	0	0	0	0	0
C	Marios	20	125	13	1	27____	20405	13	0	0	0	0	0	0	0	0	1	0
C	Marios	20	125	13	1	27____	20500	13	15	0	0	0	0	0	0	0	0	0
C	Marios	20	125	13	1	27____	21000	15	1	0	0	0	0	0	0	0	0	0
C	Marios	20	125	13	1	27____	21781	1	0	0	0	0	1	0	0	0	0	0
C	Marios	20	125	13	1	27____	21791	1	0	0	0	0	0	0	0	0	1	0
C	Marios	20	125	13	1	27____	21838	1	0	0	0	0	1	0	0	0	0	0
C	Marios	20	125	13	1	27____	21885	1	0	0	0	0	0	0	0	0	1	0
C	Marios	20	125	13	1	27____	24803	1	0	0	0	0	1	0	0	0	0	0
C	Marios	20	125	13	1	27____	24894	1	0	0	0	0	0	0	0	0	1	0
C	Marios	20	125	13	1	27____	25145	1	0	0	0	0	1	0	0	0	0	0
C	Marios	20	125	13	1	27____	25174	1	0	0	0	0	0	0	0	0	1	0
C	Marios	20	125	13	1	27____	25500	1	2	0	0	0	0	0	0	0	0	0
C	Marios	20	125	13	1	27____	26000	2	13	0	0	0	0	0	0	0	0	0
C	Marios	20	125	13	1	27____	26500	13	15	0	0	0	0	0	0	0	0	0
C	Marios	20	125	13	1	27____	27000	15	1	0	0	0	0	0	0	0	0	0
C	Marios	20	125	13	1	27____	27686	1	0	0	0	0	1	0	0	0	0	0
C	Marios	20	125	13	1	27____	27713	1	0	0	0	0	0	0	0	0	1	0
C	Marios	20	125	13	1	27____	29912	1	0	0	0	0	1	0	0	0	0	0
C	Marios	20	125	13	1	27____	29929	1	0	0	0	0	0	0	0	0	1	0
C	Marios	20	125	13	1	27____	29933	1	0	0	0	0	1	0	0	0	0	0
C	Marios	20	125	13	1	27____	29957	1	0	0	0	0	0	0	0	0	1	0
C	Marios	20	125	13	1	27____	30368	1	0	0	0	0	1	0	0	0	0	0
C	Marios	20	125	13	1	27____	30442	1	0	0	0	0	0	0	0	0	1	0
C	Marios	20	125	13	1	27____	30750	1	2	0	0	0	0	0	0	0	0	0
C	Marios	20	125	13	1	27____	31250	2	12	0	0	0	0	0	0	0	0	0
C	Marios	20	125	13	1	27____	31750	12	15	0	0	0	0	0	0	0	0	0
C	Marios	20	125	13	1	27____	32224	15	0	0	0	0	1	0	0	0	0	0
C	Marios	20	125	13	1	27____	32250	15	1	0	0	0	0	0	0	0	0	0
C	Marios	20	125	13	1	27____	32490	1	0	0	0	0	0	0	0	0	1	0
C	Marios	20	125	13	1	27____	32657	1	0	0	0	0	1	0	0	0	0	0
C	Marios	20	125	13	1	27____	32660	1	0	0	0	0	0	0	0	0	1	0
C	Marios	20	125	13	1	27____	32673	1	0	0	0	0	1	0	0	0	0	0
C	Marios	20	125	13	1	27____	33025	1	0	0	0	0	0	0	0	0	1	0
C	Marios	20	125	13	1	27____	33159	1	0	0	0	0	1	0	0	0	0	0
C	Marios	20	125	13	1	27____	33343	1	0	0	0	0	0	0	0	0	1	0
C	Marios	20	125	13	1	27____	34778	1	0	0	0	0	1	0	0	0	0	0
C	Marios	20	125	13	1	27____	34780	1	0	0	0	0	0	0	0	0	1	0
C	Marios	20	125	13	1	27____	34787	1	0	0	0	0	1	0	0	0	0	0
C	Marios	20	125	13	1	27____	34877	1	0	0	0	0	0	0	0	0	1	0
C	Marios	20	125	13	1	27____	35750	1	2	0	0	0	0	0	0	0	0	0
C	Marios	20	125	13	1	27____	36250	2	12	0	0	0	0	0	0	0	0	0
C	Marios	20	125	13	1	27____	36750	12	15	0	0	0	0	0	0	0	0	0
C	Marios	20	125	13	1	27____	37250	15	1	0	0	0	0	0	0	0	0	0
C	Marios	20	125	13	1	27____	40139	1	0	0	0	0	1	0	0	0	0	0
C	Marios	20	125	13	1	27____	40141	1	0	0	0	0	0	0	0	0	1	0
C	Marios	20	125	13	1	27____	40143	1	0	0	0	0	1	0	0	0	0	0
C	Marios	20	125	13	1	27____	40259	1	0	0	0	0	0	0	0	0	1	0
C	Marios	20	125	13	1	27____	40455	1	0	0	0	0	1	0	0	0	0	0
C	Marios	20	125	13	1	27____	40458	1	0	0	0	0	0	0	0	0	1	0
C	Marios	20	125	13	1	27____	40462	1	0	0	0	0	1	0	0	0	0	0
C	Marios	20	125	13	1	27____	40816	1	0	0	0	0	0	0	0	0	1	0
C	Marios	20	125	13	1	27____	40856	1	0	0	0	0	1	0	0	0	0	0
C	Marios	20	125	13	1	27____	40892	1	0	0	0	0	0	0	0	0	1	0
C	Marios	20	125	13	1	27____	42108	1	0	0	0	0	1	0	0	0	0	0
C	Marios	20	125	13	1	27____	42113	1	0	0	0	0	1	0	0	0	1	0
C	Marios	20	125	13	1	27____	42119	1	0	0	0	0	0	0	0	0	1	0
C	Marios	20	125	13	1	27____	42121	1	0	0	0	0	1	0	0	0	0	0
C	Marios	20	125	13	1	27____	42155	1	0	0	0	0	0	0	0	0	1	0
C	Marios	20	125	13	1	27____	42163	1	0	0	0	0	1	0	0	0	0	0
C	Marios	20	125	13	1	27____	42199	1	0	0	0	0	0	0	0	0	1	0
C	Marios	20	125	13	1	27____	42287	1	0	0	0	0	1	0	0	0	0	0
C	Marios	20	125	13	1	27____	42345	1	0	0	0	0	0	0	0	0	1	0
C	Marios	20	125	13	1	27____	43250	1	2	0	0	0	0	0	0	0	0	0
C	Marios	20	125	13	1	27____	43750	2	13	0	0	0	0	0	0	0	0	0
C	Marios	20	125	13	1	27____	44250	13	15	0	0	0	0	0	0	0	0	0
C	Marios	20	125	13	1	27____	44750	15	1	0	0	0	0	0	0	0	0	0
C	Marios	20	125	13	1	27____	48210	1	0	0	0	0	1	0	0	0	0	0
C	Marios	20	125	13	1	27____	48247	1	0	0	0	0	0	0	0	0	1	0
C	Marios	20	125	13	1	27____	51551	1	0	0	0	0	1	0	0	0	0	0
C	Marios	20	125	13	1	27____	51878	1	0	0	0	0	0	0	0	0	1	0
C	Marios	20	125	13	1	27____	52250	1	2	0	0	0	0	0	0	0	0	0
C	Marios	20	125	13	1	27____	52750	2	12	0	0	0	0	0	0	0	0	0
C	Marios	20	125	13	1	27____	52926	12	0	0	0	0	1	0	0	0	0	0
C	Marios	20	125	13	1	27____	52932	12	0	0	0	0	0	0	0	0	1	0
C	Marios	20	125	13	1	27____	52933	12	0	0	0	0	1	0	0	0	0	0
C	Marios	20	125	13	1	27____	52984	12	0	0	0	0	0	0	0	0	1	0
C	Marios	20	125	13	1	27____	52987	12	0	0	0	0	1	0	0	0	0	0
C	Marios	20	125	13	1	27____	52991	12	0	0	0	0	0	0	0	0	1	0
C	Marios	20	125	13	1	27____	53250	12	15	0	0	0	0	0	0	0	0	0
C	Marios	20	125	13	1	27____	53302	15	0	0	0	0	1	0	0	0	0	0
C	Marios	20	125	13	1	27____	53412	15	0	0	0	0	0	0	0	0	1	0
C	Marios	20	125	13	1	27____	53609	15	0	0	0	0	1	0	0	0	0	0
C	Marios	20	125	13	1	27____	53676	15	0	0	0	0	0	0	0	0	1	0
C	Marios	20	125	13	1	27____	53750	15	1	0	0	0	0	0	0	0	0	0
C	Marios	20	125	13	1	27____	57272	1	0	0	0	0	1	0	0	0	0	0
C	Marios	20	125	13	1	27____	57402	1	0	0	0	0	0	0	0	0	1	0
C	Marios	20	125	13	1	27____	57500	1	0	0	0	0	1	0	0	0	0	0
C	Marios	20	125	13	1	27____	57502	1	0	0	0	0	0	0	0	0	1	0
C	Marios	20	125	13	1	27____	57549	1	0	0	0	0	1	0	0	0	0	0
C	Marios	20	125	13	1	27____	57684	1	0	0	0	0	0	0	0	0	1	0
C	Marios	20	125	13	1	27____	58544	1	0	0	0	0	1	0	0	0	0	0
C	Marios	20	125	13	1	27____	58556	1	0	0	0	0	0	0	0	0	1	0
C	Marios	20	125	13	1	27____	58614	1	0	0	0	0	1	0	0	0	0	0
C	Marios	20	125	13	1	27____	58625	1	0	0	0	0	0	0	0	0	1	0
C	Marios	20	125	13	1	27____	59250	1	2	0	0	0	0	0	0	0	0	0
C	Marios	20	125	13	1	27____	59750	2	13	0	0	0	0	0	0	0	0	0
C	Marios	20	125	13	1	27____	59805	13	0	0	0	0	1	0	0	0	0	0
C	Marios	20	125	13	1	27____	59878	13	0	0	0	0	0	0	0	0	1	0
C	Marios	20	125	13	1	27____	60250	13	15	0	0	0	0	0	0	0	0	0
C	Marios	20	125	13	1	27____	60374	15	0	0	0	0	1	0	0	0	0	0
C	Marios	20	125	13	1	27____	60499	15	0	0	0	0	0	0	0	0	1	0
C	Marios	20	125	13	1	27____	60701	15	0	0	0	0	1	0	0	0	0	0
C	Marios	20	125	13	1	27____	60711	15	0	0	0	0	0	0	0	0	1	0
C	Marios	20	125	13	1	27____	60750	15	1	0	0	0	0	0	0	0	0	0
C	Marios	20	125	13	1	27____	62161	1	0	0	0	0	1	0	0	0	0	0
C	Marios	20	125	13	1	27____	62166	1	0	0	0	0	0	0	0	0	1	0
C	Marios	20	125	13	1	27____	62250	1	2	0	0	0	0	0	0	0	0	0
C	Marios	20	125	13	1	27____	62750	2	6	0	0	0	0	0	0	0	0	0
C	Marios	20	125	13	1	27____	63047	6	0	0	0	0	1	0	0	0	0	0
C	Marios	20	125	13	1	27____	63250	6	10	0	0	0	0	0	0	0	0	0
C	Marios	20	125	13	1	27____	63535	10	0	0	0	0	0	0	0	0	1	0
C	Marios	20	125	13	1	27____	63539	10	0	0	0	0	1	0	0	0	0	0
C	Marios	20	125	13	1	27____	63545	10	0	0	0	0	0	0	0	0	1	0
C	Marios	20	125	13	1	27____	63568	10	0	0	0	0	1	0	0	0	0	0
C	Marios	20	125	13	1	27____	63583	10	0	0	0	0	1	0	0	0	1	0
C	Marios	20	125	13	1	27____	63750	10	1	0	0	0	0	0	0	0	0	0
C	Marios	20	125	13	1	27____	63808	1	0	0	0	0	0	0	0	0	1	0
C	Marios	20	125	13	1	27____	63810	1	0	0	0	0	1	0	0	0	0	0
C	Marios	20	125	13	1	27____	64113	1	0	0	0	0	0	0	0	0	1	0
C	Marios	20	125	13	1	27____	64222	1	0	0	0	0	1	0	0	0	0	0
C	Marios	20	125	13	1	27____	64515	1	0	0	0	0	0	0	0	0	1	0
C	Marios	20	125	13	1	27____	64528	1	0	0	0	0	1	0	0	0	0	0
C	Marios	20	125	13	1	27____	64530	1	0	0	0	0	0	0	0	0	1	0
C	Marios	20	125	13	1	27____	66191	1	0	0	0	0	1	0	0	0	0	0
C	Marios	20	125	13	1	27____	66198	1	0	0	0	0	0	0	0	0	1	0
C	Marios	20	125	13	1	27____	66200	1	0	0	0	0	1	0	0	0	0	0
C	Marios	20	125	13	1	27____	66427	1	0	0	0	0	0	0	0	0	1	0
C	Marios	20	125	13	1	27____	67000	1	0	0	0	0	1	0	0	0	0	0
C	Marios	20	125	13	1	27____	67065	1	0	0	0	0	0	0	0	0	1	0
C	Marios	20	125	13	1	27____	69358	1	0	0	0	0	1	0	0	0	0	0
C	Marios	20	125	13	1	27____	69363	1	0	0	0	0	0	0	0	0	1	0
C	Marios	20	125	13	1	27____	69368	1	0	0	0	0	1	0	0	0	0	0
C	Marios	20	125	13	1	27____	70012	1	0	0	0	0	0	0	0	0	1	0
C	Marios	20	125	13	1	27____	70500	1	2	0	0	0	0	0	0	0	0	0
C	Marios	20	125	13	1	27____	70561	2	0	0	0	0	1	0	0	0	0	0
C	Marios	20	125	13	1	27____	70699	2	0	0	0	0	1	0	0	0	1	0
C	Marios	20	125	13	1	27____	70701	2	0	0	0	0	0	0	0	0	1	0
C	Marios	20	125	13	1	27____	71000	2	7	0	0	0	0	0	0	0	0	0
C	Marios	20	125	13	1	27____	71133	7	0	0	0	0	1	0	0	0	0	0
C	Marios	20	125	13	1	27____	71198	7	0	0	0	0	0	0	0	0	1	0
C	Marios	20	125	13	1	27____	71350	7	0	0	0	0	1	0	0	0	0	0
C	Marios	20	125	13	1	27____	71466	7	0	0	0	0	0	0	0	0	1	0
C	Marios	20	125	13	1	27____	71500	7	11	0	0	0	0	0	0	0	0	0
C	Marios	20	125	13	1	27____	71513	11	0	0	0	0	1	0	0	0	0	0
C	Marios	20	125	13	1	27____	71601	11	0	0	0	0	0	0	0	0	1	0
C	Marios	20	125	13	1	27____	71607	11	0	0	0	0	1	0	0	0	0	0
C	Marios	20	125	13	1	27____	71624	11	0	0	0	0	1	0	0	0	1	0
C	Marios	20	125	13	1	27____	71630	11	0	0	0	0	0	0	0	0	1	0
C	Marios	20	125	13	1	27____	71633	11	0	0	0	0	1	0	0	0	0	0
C	Marios	20	125	13	1	27____	71635	11	0	0	0	0	0	0	0	0	1	0
C	Marios	20	125	13	1	27____	71646	11	0	0	0	0	1	0	0	0	0	0
C	Marios	20	125	13	1	27____	71649	11	0	0	0	0	0	0	0	0	1	0
C	Marios	20	125	13	1	27____	71650	11	0	0	0	0	1	0	0	0	0	0
C	Marios	20	125	13	1	27____	71684	11	0	0	0	0	0	0	0	0	1	0
C	Marios	20	125	13	1	27____	71768	11	0	0	0	0	1	0	0	0	0	0
C	Marios	20	125	13	1	27____	71934	11	0	0	0	0	0	0	0	0	1	0
C	Marios	20	125	13	1	27____	71935	11	0	0	0	0	1	0	0	0	0	0
C	Marios	20	125	13	1	27____	71954	11	0	0	0	0	0	0	0	0	1	0
C	Marios	20	125	13	1	27____	71971	11	0	0	0	0	1	0	0	0	0	0
C	Marios	20	125	13	1	27____	71976	11	0	0	0	0	0	0	0	0	1	0
C	Marios	20	125	13	1	27____	71978	11	0	0	0	0	1	0	0	0	0	0
C	Marios	20	125	13	1	27____	71984	11	0	0	0	0	0	0	0	0	1	0
C	Marios	20	125	13	1	27____	71989	11	0	0	0	0	1	0	0	0	0	0
C	Marios	20	125	13	1	27____	71991	11	0	0	0	0	0	0	0	0	1	0
C	Marios	20	125	13	1	27____	72000	11	1	0	0	0	0	0	0	0	0	0
C	Marios	20	125	13	1	27____	72294	1	0	0	0	0	1	0	0	0	0	0
C	Marios	20	125	13	1	27____	72322	1	0	0	0	0	0	0	0	0	1	0
C	Marios	20	125	13	1	27____	72371	1	0	0	0	0	1	0	0	0	0	0
C	Marios	20	125	13	1	27____	72532	1	0	0	0	0	0	0	0	0	1	0
C	Marios	20	125	13	1	27____	75176	1	0	0	0	0	1	0	0	0	0	0
C	Marios	20	125	13	1	27____	75318	1	0	0	0	0	0	0	0	0	1	0
C	Marios	20	125	13	1	27____	75323	1	0	0	0	0	1	0	0	0	0	0
C	Marios	20	125	13	1	27____	75347	1	0	0	0	0	0	0	0	0	1	0
C	Marios	20	125	13	1	27____	75421	1	0	0	0	0	1	0	0	0	0	0
C	Marios	20	125	13	1	27____	75500	1	2	0	0	0	0	0	0	0	0	0
C	Marios	20	125	13	1	27____	75550	2	0	0	0	0	0	0	0	0	1	0
C	Marios	20	125	13	1	27____	75554	2	0	0	0	0	1	0	0	0	0	0
C	Marios	20	125	13	1	27____	75602	2	0	0	0	0	0	0	0	0	1	0
C	Marios	20	125	13	1	27____	76000	2	13	0	0	0	0	0	0	0	0	0
C	Marios	20	125	13	1	27____	76500	13	15	0	0	0	0	0	0	0	0	0
C	Marios	20	125	13	1	27____	77000	15	1	0	0	0	0	0	0	0	0	0
C	Marios	20	125	13	1	27____	79145	1	0	0	0	0	1	0	0	0	0	0
C	Marios	20	125	13	1	27____	79383	1	0	0	0	0	0	0	0	0	1	0
C	Marios	20	125	13	1	27____	79423	1	0	0	0	0	1	0	0	0	0	0
C	Marios	20	125	13	1	27____	79630	1	0	0	0	0	0	0	0	0	1	0
C	Marios	20	125	13	1	27____	80750	1	2	0	0	0	0	0	0	0	0	0
C	Marios	20	125	13	1	27____	81250	2	7	0	0	0	0	0	0	0	0	0
C	Marios	20	125	13	1	27____	81314	7	0	0	0	0	1	0	0	0	0	0
C	Marios	20	125	13	1	27____	81374	7	0	0	0	0	1	0	0	0	1	0
C	Marios	20	125	13	1	27____	81406	7	0	0	0	0	0	0	0	0	1	0
C	Marios	20	125	13	1	27____	81437	7	0	0	0	0	1	0	0	0	0	0
C	Marios	20	125	13	1	27____	81527	7	0	0	0	0	0	0	0	0	1	0
C	Marios	20	125	13	1	27____	81560	7	0	0	0	0	1	0	0	0	0	0
C	Marios	20	125	13	1	27____	81593	7	0	0	0	0	0	0	0	0	1	0
C	Marios	20	125	13	1	27____	81610	7	0	0	0	0	1	0	0	0	0	0
C	Marios	20	125	13	1	27____	81663	7	0	0	0	0	0	0	0	0	1	0
C	Marios	20	125	13	1	27____	81707	7	0	0	0	0	1	0	0	0	0	0
C	Marios	20	125	13	1	27____	81750	7	11	0	0	0	0	0	0	0	0	0
C	Marios	20	125	13	1	27____	81838	11	0	0	0	0	0	0	0	0	1	0
C	Marios	20	125	13	1	27____	81905	11	0	0	0	0	1	0	0	0	0	0
C	Marios	20	125	13	1	27____	81907	11	0	0	0	0	0	0	0	0	1	0
C	Marios	20	125	13	1	27____	81910	11	0	0	0	0	1	0	0	0	0	0
C	Marios	20	125	13	1	27____	82002	11	0	0	0	0	0	0	0	0	1	0
C	Marios	20	125	13	1	27____	82250	11	1	0	0	0	0	0	0	0	0	0
C	Marios	20	125	13	1	27____	82340	1	0	0	0	0	1	0	0	0	0	0
C	Marios	20	125	13	1	27____	82438	1	0	0	0	0	0	0	0	0	1	0
C	Marios	20	125	13	1	27____	82439	1	0	0	0	0	1	0	0	0	0	0
C	Marios	20	125	13	1	27____	82444	1	0	0	0	0	1	0	0	0	1	0
C	Marios	20	125	13	1	27____	82447	1	0	0	0	0	0	0	0	0	1	0
C	Marios	20	125	13	1	27____	82450	1	0	0	0	0	1	0	0	0	0	0
C	Marios	20	125	13	1	27____	82455	1	0	0	0	0	0	0	0	0	1	0
C	Marios	20	125	13	1	27____	82457	1	0	0	0	0	1	0	0	0	0	0
C	Marios	20	125	13	1	27____	82472	1	0	0	0	0	0	0	0	0	1	0
C	Marios	20	125	13	1	27____	82475	1	0	0	0	0	1	0	0	0	0	0
C	Marios	20	125	13	1	27____	82613	1	0	0	0	0	0	0	0	0	1	0
C	Marios	20	125	13	1	27____	82618	1	0	0	0	0	1	0	0	0	0	0
C	Marios	20	125	13	1	27____	82621	1	0	0	0	0	0	0	0	0	1	0
C	Marios	20	125	13	1	27____	82624	1	0	0	0	0	1	0	0	0	0	0
C	Marios	20	125	13	1	27____	82647	1	0	0	0	0	0	0	0	0	1	0
C	Marios	20	125	13	1	27____	82654	1	0	0	0	0	1	0	0	0	0	0
C	Marios	20	125	13	1	27____	82657	1	0	0	0	0	0	0	0	0	1	0
C	Marios	20	125	13	1	27____	82661	1	0	0	0	0	1	0	0	0	0	0
C	Marios	20	125	13	1	27____	82669	1	0	0	0	0	0	0	0	0	1	0
C	Marios	20	125	13	1	27____	82672	1	0	0	0	0	1	0	0	0	0	0
C	Marios	20	125	13	1	27____	82681	1	0	0	0	0	0	0	0	0	1	0
C	Marios	20	125	13	1	27____	82684	1	0	0	0	0	1	0	0	0	0	0
C	Marios	20	125	13	1	27____	82686	1	0	0	0	0	0	0	0	0	1	0
C	Marios	20	125	13	1	27____	82956	1	0	0	0	0	1	0	0	0	0	0
C	Marios	20	125	13	1	27____	82958	1	0	0	0	0	0	0	0	0	1	0
C	Marios	20	125	13	1	27____	82964	1	0	0	0	0	1	0	0	0	0	0
C	Marios	20	125	13	1	27____	83084	1	0	0	0	0	0	0	0	0	1	0
C	Marios	20	125	13	1	27____	83131	1	0	0	0	0	1	0	0	0	0	0
C	Marios	20	125	13	1	27____	83134	1	0	0	0	0	0	0	0	0	1	0
C	Marios	20	125	13	1	27____	83990	1	0	0	0	0	1	0	0	0	0	0
C	Marios	20	125	13	1	27____	84006	1	0	0	0	0	0	0	0	0	1	0
C	Marios	20	125	13	1	27____	87750	1	2	0	0	0	0	0	0	0	0	0
C	Marios	20	125	13	1	27____	88250	2	12	0	0	0	0	0	0	0	0	0
C	Marios	20	125	13	1	27____	88750	12	15	0	0	0	0	0	0	0	0	0
C	Marios	20	125	13	1	27____	89250	15	1	0	0	0	0	0	0	0	0	0
C	Marios	20	125	13	1	27____	90862	1	0	0	0	0	1	0	0	0	0	0
C	Marios	20	125	13	1	27____	91311	1	0	0	0	0	0	0	0	0	1	0
C	Marios	20	125	13	1	27____	91316	1	0	0	0	0	1	0	0	0	0	0
C	Marios	20	125	13	1	27____	91895	1	0	0	0	0	0	0	0	0	1	0
C	Marios	20	125	13	1	27____	92924	1	0	0	0	0	1	0	0	0	0	0
C	Marios	20	125	13	1	27____	93245	1	0	0	0	0	0	0	0	0	1	0
C	Marios	20	125	13	1	27____	93285	1	0	0	0	0	1	0	0	0	0	0
C	Marios	20	125	13	1	27____	93386	1	0	0	0	0	0	0	0	0	1	0
C	Marios	20	125	13	1	27____	94703	1	0	0	0	0	1	0	0	0	0	0
C	Marios	20	125	13	1	27____	95189	1	0	0	0	0	0	0	0	0	1	0
C	Marios	20	125	13	1	27____	95742	1	0	0	0	0	1	0	0	0	0	0
C	Marios	20	125	13	1	27____	95811	1	0	0	0	0	0	0	0	0	1	0
C	Marios	20	125	13	1	27____	95826	1	0	0	0	0	1	0	0	0	0	0
C	Marios	20	125	13	1	27____	95893	1	0	0	0	0	1	0	0	0	1	0
C	Marios	20	125	13	1	27____	95919	1	0	0	0	0	0	0	0	0	1	0
C	Marios	20	125	13	1	27____	95968	1	0	0	0	0	1	0	0	0	0	0
C	Marios	20	125	13	1	27____	95975	1	0	0	0	0	0	0	0	0	1	0
C	Marios	20	125	13	1	27____	95978	1	0	0	0	0	1	0	0	0	0	0
C	Marios	20	125	13	1	27____	96096	1	0	0	0	0	0	0	0	0	1	0
C	Marios	20	125	13	1	27____	96249	1	0	0	0	0	1	0	0	0	0	0
C	Marios	20	125	13	1	27____	96302	1	0	0	0	0	0	0	0	0	1	0
C	Marios	20	125	13	1	27____	96348	1	0	0	0	0	1	0	0	0	0	0
C	Marios	20	125	13	1	27____	96376	1	0	0	0	0	0	0	0	0	1	0
C	Marios	20	125	13	1	27____	96750	1	2	0	0	0	0	0	0	0	0	0
C	Marios	20	125	13	1	27____	97250	2	12	0	0	0	0	0	0	0	0	0
C	Marios	20	125	13	1	27____	97750	12	15	0	0	0	0	0	0	0	0	0
C	Marios	20	125	13	1	27____	98250	15	1	0	0	0	0	0	0	0	0	0
C	Marios	20	125	13	1	27____	98393	1	0	0	0	0	1	0	0	0	0	0
C	Marios	20	125	13	1	27____	98543	1	0	0	0	0	0	0	0	0	1	0
C	Marios	20	125	13	1	27____	98544	1	0	0	0	0	1	0	0	0	0	0
C	Marios	20	125	13	1	27____	98547	1	0	0	0	0	0	0	0	0	1	0
C	Marios	20	125	13	1	27____	98552	1	0	0	0	0	1	0	0	0	0	0
C	Marios	20	125	13	1	27____	98568	1	0	0	0	0	0	0	0	0	1	0
C	Marios	20	125	13	1	27____	98570	1	0	0	0	0	1	0	0	0	0	0
C	Marios	20	125	13	1	27____	98895	1	0	0	0	0	0	0	0	0	1	0
C	Marios	20	125	13	1	27____	101744	1	0	0	0	0	1	0	0	0	0	0
C	Marios	20	125	13	1	27____	101801	1	0	0	0	0	0	0	0	0	1	0
C	Marios	20	125	13	1	27____	101803	1	0	0	0	0	1	0	0	0	0	0
C	Marios	20	125	13	1	27____	101900	1	0	0	0	0	0	0	0	0	1	0
C	Marios	20	125	13	1	27____	101901	1	0	0	0	0	1	0	0	0	0	0
C	Marios	20	125	13	1	27____	101903	1	0	0	0	0	0	0	0	0	1	0
C	Marios	20	125	13	1	27____	101912	1	0	0	0	0	1	0	0	0	0	0
C	Marios	20	125	13	1	27____	101916	1	0	0	0	0	0	0	0	0	1	0
C	Marios	20	125	13	1	27____	101980	1	0	0	0	0	1	0	0	0	0	0
C	Marios	20	125	13	1	27____	102034	1	0	0	0	0	0	0	0	0	1	0
C	Marios	20	125	13	1	27____	102236	1	0	0	0	0	1	0	0	0	0	0
C	Marios	20	125	13	1	27____	102328	1	0	0	0	0	0	0	0	0	1	0
C	Marios	20	125	13	1	27____	103009	1	0	0	0	0	1	0	0	0	0	0
C	Marios	20	125	13	1	27____	103012	1	0	0	0	0	0	0	0	0	1	0
C	Marios	20	125	13	1	27____	105000	1	2	0	0	0	0	0	0	0	0	0
C	Marios	20	125	13	1	27____	105500	2	6	0	0	0	0	0	0	0	0	0
C	Marios	20	125	13	1	27____	105647	6	0	0	0	0	1	0	0	0	0	0
C	Marios	20	125	13	1	27____	105662	6	0	0	0	0	0	0	0	0	1	0
C	Marios	20	125	13	1	27____	105883	6	0	0	0	0	1	0	0	0	0	0
C	Marios	20	125	13	1	27____	105967	6	0	0	0	0	0	0	0	0	1	0
C	Marios	20	125	13	1	27____	106000	6	10	0	0	0	0	0	0	0	0	0
C	Marios	20	125	13	1	27____	106013	10	0	0	0	0	1	0	0	0	0	0
C	Marios	20	125	13	1	27____	106079	10	0	0	0	0	0	0	0	0	1	0
C	Marios	20	125	13	1	27____	106101	10	0	0	0	0	1	0	0	0	0	0
C	Marios	20	125	13	1	27____	106323	10	0	0	0	0	0	0	0	0	1	0
C	Marios	20	125	13	1	27____	106448	10	0	0	0	0	1	0	0	0	0	0
C	Marios	20	125	13	1	27____	106466	10	0	0	0	0	0	0	0	0	1	0
C	Marios	20	125	13	1	27____	106500	10	1	0	0	0	0	0	0	0	0	0
C	Marios	20	125	13	1	27____	108345	1	0	0	0	0	1	0	0	0	0	0
C	Marios	20	125	13	1	27____	108376	1	0	0	0	0	0	0	0	0	1	0
C	Marios	20	125	13	1	27____	111000	1	2	0	0	0	0	0	0	0	0	0
C	Marios	20	125	13	1	27____	111500	2	13	0	0	0	0	0	0	0	0	0
C	Marios	20	125	13	1	27____	111552	13	0	0	0	0	1	0	0	0	0	0
C	Marios	20	125	13	1	27____	111618	13	0	0	0	0	0	0	0	0	1	0
C	Marios	20	125	13	1	27____	111665	13	0	0	0	0	1	0	0	0	0	0
C	Marios	20	125	13	1	27____	111734	13	0	0	0	0	0	0	0	0	1	0
C	Marios	20	125	13	1	27____	111750	13	0	0	0	0	1	0	0	0	0	0
C	Marios	20	125	13	1	27____	111803	13	0	0	0	0	0	0	0	0	1	0
C	Marios	20	125	13	1	27____	111884	13	0	0	0	0	1	0	0	0	0	0
C	Marios	20	125	13	1	27____	111931	13	0	0	0	0	0	0	0	0	1	0
C	Marios	20	125	13	1	27____	111958	13	0	0	0	0	1	0	0	0	0	0
C	Marios	20	125	13	1	27____	111991	13	0	0	0	0	0	0	0	0	1	0
C	Marios	20	125	13	1	27____	112000	13	15	0	0	0	0	0	0	0	0	0
C	Marios	20	125	13	1	27____	112258	15	0	0	0	0	1	0	0	0	0	0
C	Marios	20	125	13	1	27____	112418	15	0	0	0	0	0	0	0	0	1	0
C	Marios	20	125	13	1	27____	112500	15	1	0	0	0	0	0	0	0	0	0
C	Marios	20	125	13	1	27____	112941	1	0	0	0	0	1	0	0	0	0	0
C	Marios	20	125	13	1	27____	113127	1	0	0	0	0	0	0	0	0	1	0
C	Marios	20	125	13	1	27____	115500	1	2	0	0	0	0	0	0	0	0	0
C	Marios	20	125	13	1	27____	116000	2	12	0	0	0	0	0	0	0	0	0
C	Marios	20	125	13	1	27____	116500	12	15	0	0	0	0	0	0	0	0	0
C	Marios	20	125	13	1	27____	117000	15	1	0	0	0	0	0	0	0	0	0
C	Marios	20	125	13	1	27____	121089	1	0	0	0	0	1	0	0	0	0	0
C	Marios	20	125	13	1	27____	121217	1	0	0	0	0	0	0	0	0	1	0
C	Marios	20	125	13	1	27____	122406	1	0	0	0	0	1	0	0	0	0	0
C	Marios	20	125	13	1	27____	122408	1	0	0	0	0	0	0	0	0	1	0
C	Marios	20	125	13	1	27____	123000	1	2	0	0	0	0	0	0	0	0	0
C	Marios	20	125	13	1	27____	123002	2	0	0	0	0	1	0	0	0	0	0
C	Marios	20	125	13	1	27____	123004	2	0	0	0	0	0	0	0	0	1	0
C	Marios	20	125	13	1	27____	123500	2	12	0	0	0	0	0	0	0	0	0
C	Marios	20	125	13	1	27____	123879	12	0	0	0	0	1	0	0	0	0	0
C	Marios	20	125	13	1	27____	123904	12	0	0	0	0	1	0	0	0	1	0
C	Marios	20	125	13	1	27____	123932	12	0	0	0	0	0	0	0	0	1	0
C	Marios	20	125	13	1	27____	123955	12	0	0	0	0	1	0	0	0	0	0
C	Marios	20	125	13	1	27____	123961	12	0	0	0	0	0	0	0	0	1	0
C	Marios	20	125	13	1	27____	123962	12	0	0	0	0	1	0	0	0	0	0
C	Marios	20	125	13	1	27____	123975	12	0	0	0	0	0	0	0	0	1	0
C	Marios	20	125	13	1	27____	123978	12	0	0	0	0	1	0	0	0	0	0
C	Marios	20	125	13	1	27____	123985	12	0	0	0	0	0	0	0	0	1	0
C	Marios	20	125	13	1	27____	123990	12	0	0	0	0	1	0	0	0	0	0
C	Marios	20	125	13	1	27____	123994	12	0	0	0	0	0	0	0	0	1	0
C	Marios	20	125	13	1	27____	123995	12	0	0	0	0	1	0	0	0	0	0
C	Marios	20	125	13	1	27____	124000	12	15	0	0	0	0	0	0	0	0	0
C	Marios	20	125	13	1	27____	124012	15	0	0	0	0	0	0	0	0	1	0
C	Marios	20	125	13	1	27____	124067	15	0	0	0	0	1	0	0	0	0	0
C	Marios	20	125	13	1	27____	124079	15	0	0	0	0	0	0	0	0	1	0
C	Marios	20	125	13	1	27____	124198	15	0	0	0	0	1	0	0	0	0	0
C	Marios	20	125	13	1	27____	124204	15	0	0	0	0	0	0	0	0	1	0
C	Marios	20	125	13	1	27____	124249	15	0	0	0	0	1	0	0	0	0	0
C	Marios	20	125	13	1	27____	124293	15	0	0	0	0	0	0	0	0	1	0
C	Marios	20	125	13	1	27____	124312	15	0	0	0	0	1	0	0	0	0	0
C	Marios	20	125	13	1	27____	124314	15	0	0	0	0	0	0	0	0	1	0
C	Marios	20	125	13	1	27____	124479	15	0	0	0	0	1	0	0	0	0	0
C	Marios	20	125	13	1	27____	124500	15	1	0	0	0	0	0	0	0	0	0
C	Marios	20	125	13	1	27____	124545	1	0	0	0	0	0	0	0	0	1	0
C	Marios	20	125	13	1	27____	124547	1	0	0	0	0	1	0	0	0	0	0
C	Marios	20	125	13	1	27____	124550	1	0	0	0	0	0	0	0	0	1	0
C	Marios	20	125	13	1	27____	124565	1	0	0	0	0	1	0	0	0	0	0
C	Marios	20	125	13	1	27____	124636	1	0	0	0	0	0	0	0	0	1	0
C	Marios	20	125	13	1	27____	124941	1	0	0	0	0	1	0	0	0	0	0
C	Marios	20	125	13	1	27____	124947	1	0	0	0	0	0	0	0	0	1	0
C	Marios	20	125	13	1	27____	124956	1	0	0	0	0	1	0	0	0	0	0
C	Marios	20	125	13	1	27____	124972	1	0	0	0	0	0	0	0	0	1	0
C	Marios	20	125	13	1	27____	125007	1	0	0	0	0	1	0	0	0	0	0
C	Marios	20	125	13	1	27____	125009	1	0	0	0	0	0	0	0	0	1	0
C	Marios	20	125	13	1	27____	125013	1	0	0	0	0	1	0	0	0	0	0
C	Marios	20	125	13	1	27____	125015	1	0	0	0	0	0	0	0	0	1	0
C	Marios	20	125	13	1	27____	125030	1	0	0	0	0	1	0	0	0	0	0
C	Marios	20	125	13	1	27____	125034	1	0	0	0	0	0	0	0	0	1	0
C	Marios	20	125	13	1	27____	125037	1	0	0	0	0	1	0	0	0	0	0
C	Marios	20	125	13	1	27____	125041	1	0	0	0	0	0	0	0	0	1	0
C	Marios	20	125	13	1	27____	125089	1	0	0	0	0	1	0	0	0	0	0
C	Marios	20	125	13	1	27____	125107	1	0	0	0	0	0	0	0	0	1	0
C	Marios	20	125	13	1	27____	125137	1	0	0	0	0	1	0	0	0	0	0
C	Marios	20	125	13	1	27____	125139	1	0	0	0	0	0	0	0	0	1	0
C	Marios	20	125	13	1	27____	125190	1	0	0	0	0	1	0	0	0	0	0
C	Marios	20	125	13	1	27____	125224	1	0	0	0	0	0	0	0	0	1	0
C	Marios	20	125	13	1	27____	125238	1	0	0	0	0	1	0	0	0	0	0
C	Marios	20	125	13	1	27____	125242	1	0	0	0	0	0	0	0	0	1	0
C	Marios	20	125	13	1	27____	125403	1	0	0	0	0	1	0	0	0	0	0
C	Marios	20	125	13	1	27____	125524	1	0	0	0	0	0	0	0	0	1	0
C	Marios	20	125	13	1	27____	126750	1	2	0	0	0	0	0	0	0	0	0
C	Marios	20	125	13	1	27____	127250	2	13	0	0	0	0	0	0	0	0	0
C	Marios	20	125	13	1	27____	127522	13	0	0	0	0	1	0	0	0	0	0
C	Marios	20	125	13	1	27____	127667	13	0	0	0	0	0	0	0	0	1	0
C	Marios	20	125	13	1	27____	127750	13	15	0	0	0	0	0	0	0	0	0
C	Marios	20	125	13	1	27____	127846	15	0	0	0	0	1	0	0	0	0	0
C	Marios	20	125	13	1	27____	127938	15	0	0	0	0	0	0	0	0	1	0
C	Marios	20	125	13	1	27____	127999	15	0	0	0	0	1	0	0	0	0	0
C	Marios	20	125	13	1	27____	128250	15	1	0	0	0	0	0	0	0	0	0
C	Marios	20	125	13	1	27____	128276	1	0	0	0	0	0	0	0	0	1	0
C	Marios	20	125	13	1	27____	128279	1	0	0	0	0	1	0	0	0	0	0
C	Marios	20	125	13	1	27____	128282	1	0	0	0	0	0	0	0	0	1	0
C	Marios	20	125	13	1	27____	128407	1	0	0	0	0	1	0	0	0	0	0
C	Marios	20	125	13	1	27____	128421	1	0	0	0	0	0	0	0	0	1	0
C	Marios	20	125	13	1	27____	132750	1	2	0	0	0	0	0	0	0	0	0
C	Marios	20	125	13	1	27____	133250	2	7	0	0	0	0	0	0	0	0	0
C	Marios	20	125	13	1	27____	133491	7	0	0	0	0	1	0	0	0	0	0
C	Marios	20	125	13	1	27____	133571	7	0	0	0	0	0	0	0	0	1	0
C	Marios	20	125	13	1	27____	133666	7	0	0	0	0	1	0	0	0	0	0
C	Marios	20	125	13	1	27____	133713	7	0	0	0	0	0	0	0	0	1	0
C	Marios	20	125	13	1	27____	133750	7	11	0	0	0	0	0	0	0	0	0
C	Marios	20	125	13	1	27____	133769	11	0	0	0	0	1	0	0	0	0	0
C	Marios	20	125	13	1	27____	134079	11	0	0	0	0	0	0	0	0	1	0
C	Marios	20	125	13	1	27____	134084	11	0	0	0	0	1	0	0	0	0	0
C	Marios	20	125	13	1	27____	134090	11	0	0	0	0	0	0	0	0	1	0
C	Marios	20	125	13	1	27____	134092	11	0	0	0	0	1	0	0	0	0	0
C	Marios	20	125	13	1	27____	134095	11	0	0	0	0	0	0	0	0	1	0
C	Marios	20	125	13	1	27____	134097	11	0	0	0	0	1	0	0	0	0	0
C	Marios	20	125	13	1	27____	134102	11	0	0	0	0	0	0	0	0	1	0
C	Marios	20	125	13	1	27____	134106	11	0	0	0	0	1	0	0	0	0	0
C	Marios	20	125	13	1	27____	134109	11	0	0	0	0	0	0	0	0	1	0
C	Marios	20	125	13	1	27____	134111	11	0	0	0	0	1	0	0	0	0	0
C	Marios	20	125	13	1	27____	134114	11	0	0	0	0	0	0	0	0	1	0
C	Marios	20	125	13	1	27____	134119	11	0	0	0	0	1	0	0	0	0	0
C	Marios	20	125	13	1	27____	134122	11	0	0	0	0	0	0	0	0	1	0
C	Marios	20	125	13	1	27____	134250	11	1	0	0	0	0	0	0	0	0	0
C	Marios	20	125	13	1	27____	138350	1	0	0	0	0	1	0	0	0	0	0
C	Marios	20	125	13	1	27____	138355	1	0	0	0	0	0	0	0	0	1	0
C	Marios	20	125	13	1	27____	138357	1	0	0	0	0	1	0	0	0	0	0
C	Marios	20	125	13	1	27____	138665	1	0	0	0	0	0	0	0	0	1	0
C	Marios	20	125	13	1	27____	139500	1	2	0	0	0	0	0	0	0	0	0
C	Marios	20	125	13	1	27____	140000	2	13	0	0	0	0	0	0	0	0	0
C	Marios	20	125	13	1	27____	140249	13	0	0	0	0	1	0	0	0	0	0
C	Marios	20	125	13	1	27____	140349	13	0	0	0	0	0	0	0	0	1	0
C	Marios	20	125	13	1	27____	140398	13	0	0	0	0	1	0	0	0	0	0
C	Marios	20	125	13	1	27____	140500	13	15	0	0	0	0	0	0	0	0	0
C	Marios	20	125	13	1	27____	140666	15	0	0	0	0	0	0	0	0	1	0
C	Marios	20	125	13	1	27____	140777	15	0	0	0	0	1	0	0	0	0	0
C	Marios	20	125	13	1	27____	140891	15	0	0	0	0	0	0	0	0	1	0
C	Marios	20	125	13	1	27____	140989	15	0	0	0	0	1	0	0	0	0	0
C	Marios	20	125	13	1	27____	141000	15	1	0	0	0	0	0	0	0	0	0
C	Marios	20	125	13	1	27____	141101	1	0	0	0	0	0	0	0	0	1	0
C	Marios	20	125	13	1	27____	142500	1	2	0	0	0	0	0	0	0	0	0
C	Marios	20	125	13	1	27____	143000	2	6	0	0	0	0	0	0	0	0	0
C	Marios	20	125	13	1	27____	143272	6	0	0	0	0	1	0	0	0	0	0
C	Marios	20	125	13	1	27____	143500	6	10	0	0	0	0	0	0	0	0	0
C	Marios	20	125	13	1	27____	143517	10	0	0	0	0	0	0	0	0	1	0
C	Marios	20	125	13	1	27____	143521	10	0	0	0	0	1	0	0	0	0	0
C	Marios	20	125	13	1	27____	143842	10	0	0	0	0	0	0	0	0	1	0
C	Marios	20	125	13	1	27____	143843	10	0	0	0	0	1	0	0	0	0	0
C	Marios	20	125	13	1	27____	143866	10	0	0	0	0	0	0	0	0	1	0
C	Marios	20	125	13	1	27____	143868	10	0	0	0	0	1	0	0	0	0	0
C	Marios	20	125	13	1	27____	143872	10	0	0	0	0	0	0	0	0	1	0
C	Marios	20	125	13	1	27____	143990	10	0	0	0	0	1	0	0	0	0	0
C	Marios	20	125	13	1	27____	144000	10	14	0	0	0	0	0	0	0	0	0
C	Marios	20	125	13	1	27____	144017	14	0	0	0	0	0	0	0	0	1	0
C	Marios	20	125	13	1	27____	144020	14	0	0	0	0	1	0	0	0	0	0
C	Marios	20	125	13	1	27____	144036	14	0	0	0	0	0	0	0	0	1	0
C	Marios	20	125	13	1	27____	144055	14	0	0	0	0	1	0	0	0	0	0
C	Marios	20	125	13	1	27____	144138	14	0	0	0	0	0	0	0	0	1	0
C	Marios	20	125	13	1	27____	147000	14	-1	0	0	0	0	0	0	0	0	0
