Project	UserID	Protocol	Session	Station	Run	Subject	Time	Current State	Transition State	Transition Event	A1 - LLR	A2 - RLR	A3 - MAG	A4 - 	A[1] LLR_OFF	A[2] RLR_OFF	A[3] MAG_OFF	A[4] 
C	Marios	18	125	1	1	1_____	0	0	1	0	0	0	0	0	0	0	0	0
C	Marios	18	125	1	1	1_____	1500	1	2	0	0	0	0	0	0	0	0	0
C	Marios	18	125	1	1	1_____	2000	2	13	0	0	0	0	0	0	0	0	0
C	Marios	18	125	1	1	1_____	2500	13	15	0	0	0	0	0	0	0	0	0
C	Marios	18	125	1	1	1_____	3000	15	1	0	0	0	0	0	0	0	0	0
C	Marios	18	125	1	1	1_____	3499	1	0	0	0	0	1	0	0	0	0	0
C	Marios	18	125	1	1	1_____	3503	1	0	0	0	0	0	0	0	0	1	0
C	Marios	18	125	1	1	1_____	3506	1	0	0	0	0	1	0	0	0	0	0
C	Marios	18	125	1	1	1_____	3508	1	0	0	0	0	0	0	0	0	1	0
C	Marios	18	125	1	1	1_____	3516	1	0	0	0	0	1	0	0	0	0	0
C	Marios	18	125	1	1	1_____	3572	1	0	0	0	0	0	0	0	0	1	0
C	Marios	18	125	1	1	1_____	3593	1	0	0	0	0	1	0	0	0	0	0
C	Marios	18	125	1	1	1_____	3602	1	0	0	0	0	0	0	0	0	1	0
C	Marios	18	125	1	1	1_____	5256	1	0	0	0	0	1	0	0	0	0	0
C	Marios	18	125	1	1	1_____	5267	1	0	0	0	0	0	0	0	0	1	0
C	Marios	18	125	1	1	1_____	6000	1	2	0	0	0	0	0	0	0	0	0
C	Marios	18	125	1	1	1_____	6175	2	0	0	0	0	1	0	0	0	0	0
C	Marios	18	125	1	1	1_____	6242	2	0	0	0	0	0	0	0	0	1	0
C	Marios	18	125	1	1	1_____	6250	2	0	0	0	0	1	0	0	0	0	0
C	Marios	18	125	1	1	1_____	6291	2	0	0	0	0	0	0	0	0	1	0
C	Marios	18	125	1	1	1_____	6500	2	12	0	0	0	0	0	0	0	0	0
C	Marios	18	125	1	1	1_____	7000	12	15	0	0	0	0	0	0	0	0	0
C	Marios	18	125	1	1	1_____	7287	15	0	0	0	0	1	0	0	0	0	0
C	Marios	18	125	1	1	1_____	7299	15	0	0	0	0	0	0	0	0	1	0
C	Marios	18	125	1	1	1_____	7500	15	1	0	0	0	0	0	0	0	0	0
C	Marios	18	125	1	1	1_____	7865	1	0	0	0	0	1	0	0	0	0	0
C	Marios	18	125	1	1	1_____	7888	1	0	0	0	0	0	0	0	0	1	0
C	Marios	18	125	1	1	1_____	10374	1	0	0	0	0	1	0	0	0	0	0
C	Marios	18	125	1	1	1_____	10376	1	0	0	0	0	0	0	0	0	1	0
C	Marios	18	125	1	1	1_____	10701	1	0	0	0	0	1	0	0	0	0	0
C	Marios	18	125	1	1	1_____	10714	1	0	0	0	0	0	0	0	0	1	0
C	Marios	18	125	1	1	1_____	10715	1	0	0	0	0	1	0	0	0	0	0
C	Marios	18	125	1	1	1_____	10808	1	0	0	0	0	0	0	0	0	1	0
C	Marios	18	125	1	1	1_____	10922	1	0	0	0	0	1	0	0	0	0	0
C	Marios	18	125	1	1	1_____	10930	1	0	0	0	0	0	0	0	0	1	0
C	Marios	18	125	1	1	1_____	12011	1	0	0	0	0	1	0	0	0	0	0
C	Marios	18	125	1	1	1_____	12014	1	0	0	0	0	0	0	0	0	1	0
C	Marios	18	125	1	1	1_____	12015	1	0	0	0	0	1	0	0	0	0	0
C	Marios	18	125	1	1	1_____	12038	1	0	0	0	0	0	0	0	0	1	0
C	Marios	18	125	1	1	1_____	13773	1	0	0	0	0	1	0	0	0	0	0
C	Marios	18	125	1	1	1_____	13816	1	0	0	0	0	0	0	0	0	1	0
C	Marios	18	125	1	1	1_____	15000	1	2	0	0	0	0	0	0	0	0	0
C	Marios	18	125	1	1	1_____	15500	2	6	0	0	0	0	0	0	0	0	0
C	Marios	18	125	1	1	1_____	15784	6	0	0	0	0	1	0	0	0	0	0
C	Marios	18	125	1	1	1_____	15806	6	0	0	0	0	0	0	0	0	1	0
C	Marios	18	125	1	1	1_____	15846	6	0	0	0	0	1	0	0	0	0	0
C	Marios	18	125	1	1	1_____	15924	6	0	0	0	0	0	0	0	0	1	0
C	Marios	18	125	1	1	1_____	15926	6	0	0	0	0	1	0	0	0	0	0
C	Marios	18	125	1	1	1_____	15951	6	0	0	0	0	0	0	0	0	1	0
C	Marios	18	125	1	1	1_____	15952	6	0	0	0	0	1	0	0	0	0	0
C	Marios	18	125	1	1	1_____	16000	6	10	0	0	0	0	0	0	0	0	0
C	Marios	18	125	1	1	1_____	16045	10	0	0	0	0	0	0	0	0	1	0
C	Marios	18	125	1	1	1_____	16050	10	0	0	0	0	1	0	0	0	0	0
C	Marios	18	125	1	1	1_____	16178	10	0	0	0	0	0	0	0	0	1	0
C	Marios	18	125	1	1	1_____	16211	10	0	0	0	0	1	0	0	0	0	0
C	Marios	18	125	1	1	1_____	16218	10	0	0	0	0	0	0	0	0	1	0
C	Marios	18	125	1	1	1_____	16226	10	0	0	0	0	1	0	0	0	0	0
C	Marios	18	125	1	1	1_____	16243	10	0	0	0	0	0	0	0	0	1	0
C	Marios	18	125	1	1	1_____	16385	10	0	0	0	0	1	0	0	0	0	0
C	Marios	18	125	1	1	1_____	16400	10	0	0	0	0	0	0	0	0	1	0
C	Marios	18	125	1	1	1_____	16422	10	0	0	0	0	1	0	0	0	0	0
C	Marios	18	125	1	1	1_____	16431	10	0	0	0	0	0	0	0	0	1	0
C	Marios	18	125	1	1	1_____	16442	10	0	0	0	0	1	0	0	0	0	0
C	Marios	18	125	1	1	1_____	16446	10	0	0	0	0	0	0	0	0	1	0
C	Marios	18	125	1	1	1_____	16500	10	1	0	0	0	0	0	0	0	0	0
C	Marios	18	125	1	1	1_____	16740	1	0	0	0	0	1	0	0	0	0	0
C	Marios	18	125	1	1	1_____	16752	1	0	0	0	0	0	0	0	0	1	0
C	Marios	18	125	1	1	1_____	19510	1	0	0	0	0	1	0	0	0	0	0
C	Marios	18	125	1	1	1_____	19514	1	0	0	0	0	0	0	0	0	1	0
C	Marios	18	125	1	1	1_____	20250	1	2	0	0	0	0	0	0	0	0	0
C	Marios	18	125	1	1	1_____	20750	2	7	0	0	0	0	0	0	0	0	0
C	Marios	18	125	1	1	1_____	20831	7	0	0	0	0	1	0	0	0	0	0
C	Marios	18	125	1	1	1_____	20942	7	0	0	0	0	0	0	0	0	1	0
C	Marios	18	125	1	1	1_____	21030	7	0	0	0	0	1	0	0	0	0	0
C	Marios	18	125	1	1	1_____	21047	7	0	0	0	0	0	0	0	0	1	0
C	Marios	18	125	1	1	1_____	21049	7	0	0	0	0	1	0	0	0	0	0
C	Marios	18	125	1	1	1_____	21050	7	0	0	0	0	0	0	0	0	1	0
C	Marios	18	125	1	1	1_____	21051	7	0	0	0	0	1	0	0	0	0	0
C	Marios	18	125	1	1	1_____	21126	7	0	0	0	0	0	0	0	0	1	0
C	Marios	18	125	1	1	1_____	21131	7	0	0	0	0	1	0	0	0	0	0
C	Marios	18	125	1	1	1_____	21133	7	0	0	0	0	0	0	0	0	1	0
C	Marios	18	125	1	1	1_____	21135	7	0	0	0	0	1	0	0	0	0	0
C	Marios	18	125	1	1	1_____	21137	7	0	0	0	0	0	0	0	0	1	0
C	Marios	18	125	1	1	1_____	21143	7	0	0	0	0	1	0	0	0	0	0
C	Marios	18	125	1	1	1_____	21210	7	0	0	0	0	0	0	0	0	1	0
C	Marios	18	125	1	1	1_____	21250	7	11	0	0	0	0	0	0	0	0	0
C	Marios	18	125	1	1	1_____	21281	11	0	0	0	0	1	0	0	0	0	0
C	Marios	18	125	1	1	1_____	21438	11	0	0	0	0	0	0	0	0	1	0
C	Marios	18	125	1	1	1_____	21440	11	0	0	0	0	1	0	0	0	0	0
C	Marios	18	125	1	1	1_____	21514	11	0	0	0	0	0	0	0	0	1	0
C	Marios	18	125	1	1	1_____	21575	11	0	0	0	0	1	0	0	0	0	0
C	Marios	18	125	1	1	1_____	21600	11	0	0	0	0	0	0	0	0	1	0
C	Marios	18	125	1	1	1_____	21750	11	1	0	0	0	0	0	0	0	0	0
C	Marios	18	125	1	1	1_____	27000	1	2	0	0	0	0	0	0	0	0	0
C	Marios	18	125	1	1	1_____	27500	2	12	0	0	0	0	0	0	0	0	0
C	Marios	18	125	1	1	1_____	27624	12	0	0	0	0	1	0	0	0	0	0
C	Marios	18	125	1	1	1_____	27628	12	0	0	0	0	0	0	0	0	1	0
C	Marios	18	125	1	1	1_____	28000	12	15	0	0	0	0	0	0	0	0	0
C	Marios	18	125	1	1	1_____	28500	15	1	0	0	0	0	0	0	0	0	0
C	Marios	18	125	1	1	1_____	29403	1	0	0	0	0	1	0	0	0	0	0
C	Marios	18	125	1	1	1_____	29470	1	0	0	0	0	0	0	0	0	1	0
C	Marios	18	125	1	1	1_____	33000	1	2	0	0	0	0	0	0	0	0	0
C	Marios	18	125	1	1	1_____	33315	2	0	0	0	0	1	0	0	0	0	0
C	Marios	18	125	1	1	1_____	33390	2	0	0	0	0	0	0	0	0	1	0
C	Marios	18	125	1	1	1_____	33500	2	13	0	0	0	0	0	0	0	0	0
C	Marios	18	125	1	1	1_____	34000	13	15	0	0	0	0	0	0	0	0	0
C	Marios	18	125	1	1	1_____	34179	15	0	0	0	0	1	0	0	0	0	0
C	Marios	18	125	1	1	1_____	34182	15	0	0	0	0	0	0	0	0	1	0
C	Marios	18	125	1	1	1_____	34500	15	1	0	0	0	0	0	0	0	0	0
C	Marios	18	125	1	1	1_____	39000	1	2	0	0	0	0	0	0	0	0	0
C	Marios	18	125	1	1	1_____	39176	2	0	0	0	0	1	0	0	0	0	0
C	Marios	18	125	1	1	1_____	39186	2	0	0	0	0	0	0	0	0	1	0
C	Marios	18	125	1	1	1_____	39500	2	12	0	0	0	0	0	0	0	0	0
C	Marios	18	125	1	1	1_____	39796	12	0	0	0	0	1	0	0	0	0	0
C	Marios	18	125	1	1	1_____	39829	12	0	0	0	0	0	0	0	0	1	0
C	Marios	18	125	1	1	1_____	40000	12	15	0	0	0	0	0	0	0	0	0
C	Marios	18	125	1	1	1_____	40107	15	0	0	0	0	1	0	0	0	0	0
C	Marios	18	125	1	1	1_____	40109	15	0	0	0	0	0	0	0	0	1	0
C	Marios	18	125	1	1	1_____	40122	15	0	0	0	0	1	0	0	0	0	0
C	Marios	18	125	1	1	1_____	40124	15	0	0	0	0	0	0	0	0	1	0
C	Marios	18	125	1	1	1_____	40130	15	0	0	0	0	1	0	0	0	0	0
C	Marios	18	125	1	1	1_____	40132	15	0	0	0	0	0	0	0	0	1	0
C	Marios	18	125	1	1	1_____	40500	15	1	0	0	0	0	0	0	0	0	0
C	Marios	18	125	1	1	1_____	42750	1	2	0	0	0	0	0	0	0	0	0
C	Marios	18	125	1	1	1_____	42833	2	0	0	0	0	1	0	0	0	0	0
C	Marios	18	125	1	1	1_____	42891	2	0	0	0	0	0	0	0	0	1	0
C	Marios	18	125	1	1	1_____	42904	2	0	0	0	0	1	0	0	0	0	0
C	Marios	18	125	1	1	1_____	42906	2	0	0	0	0	0	0	0	0	1	0
C	Marios	18	125	1	1	1_____	42915	2	0	0	0	0	1	0	0	0	0	0
C	Marios	18	125	1	1	1_____	42917	2	0	0	0	0	0	0	0	0	1	0
C	Marios	18	125	1	1	1_____	42921	2	0	0	0	0	1	0	0	0	0	0
C	Marios	18	125	1	1	1_____	42924	2	0	0	0	0	0	0	0	0	1	0
C	Marios	18	125	1	1	1_____	43250	2	7	0	0	0	0	0	0	0	0	0
C	Marios	18	125	1	1	1_____	43750	7	11	0	0	0	0	0	0	0	0	0
C	Marios	18	125	1	1	1_____	43774	11	0	0	0	0	1	0	0	0	0	0
C	Marios	18	125	1	1	1_____	44053	11	0	0	0	0	0	0	0	0	1	0
C	Marios	18	125	1	1	1_____	44056	11	0	0	0	0	1	0	0	0	0	0
C	Marios	18	125	1	1	1_____	44071	11	0	0	0	0	0	0	0	0	1	0
C	Marios	18	125	1	1	1_____	44250	11	1	0	0	0	0	0	0	0	0	0
C	Marios	18	125	1	1	1_____	44682	1	0	0	0	0	1	0	0	0	0	0
C	Marios	18	125	1	1	1_____	44687	1	0	0	0	0	0	0	0	0	1	0
C	Marios	18	125	1	1	1_____	45500	1	0	0	0	0	1	0	0	0	0	0
C	Marios	18	125	1	1	1_____	45543	1	0	0	0	0	0	0	0	0	1	0
C	Marios	18	125	1	1	1_____	49351	1	0	0	0	0	1	0	0	0	0	0
C	Marios	18	125	1	1	1_____	49405	1	0	0	0	0	0	0	0	0	1	0
C	Marios	18	125	1	1	1_____	51000	1	2	0	0	0	0	0	0	0	0	0
C	Marios	18	125	1	1	1_____	51033	2	0	0	0	0	1	0	0	0	0	0
C	Marios	18	125	1	1	1_____	51150	2	0	0	0	0	0	0	0	0	1	0
C	Marios	18	125	1	1	1_____	51237	2	0	0	0	0	1	0	0	0	0	0
C	Marios	18	125	1	1	1_____	51340	2	0	0	0	0	0	0	0	0	1	0
C	Marios	18	125	1	1	1_____	51407	2	0	0	0	0	1	0	0	0	0	0
C	Marios	18	125	1	1	1_____	51500	2	6	0	0	0	0	0	0	0	0	0
C	Marios	18	125	1	1	1_____	51517	6	0	0	0	0	0	0	0	0	1	0
C	Marios	18	125	1	1	1_____	51571	6	0	0	0	0	1	0	0	0	0	0
C	Marios	18	125	1	1	1_____	51643	6	0	0	0	0	0	0	0	0	1	0
C	Marios	18	125	1	1	1_____	51645	6	0	0	0	0	1	0	0	0	0	0
C	Marios	18	125	1	1	1_____	51656	6	0	0	0	0	0	0	0	0	1	0
C	Marios	18	125	1	1	1_____	51661	6	0	0	0	0	1	0	0	0	0	0
C	Marios	18	125	1	1	1_____	51715	6	0	0	0	0	0	0	0	0	1	0
C	Marios	18	125	1	1	1_____	51720	6	0	0	0	0	1	0	0	0	0	0
C	Marios	18	125	1	1	1_____	51731	6	0	0	0	0	0	0	0	0	1	0
C	Marios	18	125	1	1	1_____	51732	6	0	0	0	0	1	0	0	0	0	0
C	Marios	18	125	1	1	1_____	51734	6	0	0	0	0	0	0	0	0	1	0
C	Marios	18	125	1	1	1_____	51740	6	0	0	0	0	1	0	0	0	0	0
C	Marios	18	125	1	1	1_____	51902	6	0	0	0	0	0	0	0	0	1	0
C	Marios	18	125	1	1	1_____	51963	6	0	0	0	0	1	0	0	0	0	0
C	Marios	18	125	1	1	1_____	52000	6	10	0	0	0	0	0	0	0	0	0
C	Marios	18	125	1	1	1_____	52007	10	0	0	0	0	0	0	0	0	1	0
C	Marios	18	125	1	1	1_____	52015	10	0	0	0	0	1	0	0	0	0	0
C	Marios	18	125	1	1	1_____	52021	10	0	0	0	0	0	0	0	0	1	0
C	Marios	18	125	1	1	1_____	52023	10	0	0	0	0	1	0	0	0	0	0
C	Marios	18	125	1	1	1_____	52032	10	0	0	0	0	0	0	0	0	1	0
C	Marios	18	125	1	1	1_____	52036	10	0	0	0	0	1	0	0	0	0	0
C	Marios	18	125	1	1	1_____	52038	10	0	0	0	0	1	0	0	0	1	0
C	Marios	18	125	1	1	1_____	52175	10	0	0	0	0	0	0	0	0	1	0
C	Marios	18	125	1	1	1_____	52178	10	0	0	0	0	1	0	0	0	0	0
C	Marios	18	125	1	1	1_____	52241	10	0	0	0	0	0	0	0	0	1	0
C	Marios	18	125	1	1	1_____	52244	10	0	0	0	0	1	0	0	0	0	0
C	Marios	18	125	1	1	1_____	52248	10	0	0	0	0	0	0	0	0	1	0
C	Marios	18	125	1	1	1_____	52251	10	0	0	0	0	1	0	0	0	0	0
C	Marios	18	125	1	1	1_____	52256	10	0	0	0	0	0	0	0	0	1	0
C	Marios	18	125	1	1	1_____	52293	10	0	0	0	0	1	0	0	0	0	0
C	Marios	18	125	1	1	1_____	52325	10	0	0	0	0	0	0	0	0	1	0
C	Marios	18	125	1	1	1_____	52500	10	1	0	0	0	0	0	0	0	0	0
C	Marios	18	125	1	1	1_____	54346	1	0	0	0	0	1	0	0	0	0	0
C	Marios	18	125	1	1	1_____	54350	1	0	0	0	0	0	0	0	0	1	0
C	Marios	18	125	1	1	1_____	57272	1	0	0	0	0	1	0	0	0	0	0
C	Marios	18	125	1	1	1_____	57362	1	0	0	0	0	0	0	0	0	1	0
C	Marios	18	125	1	1	1_____	58500	1	2	0	0	0	0	0	0	0	0	0
C	Marios	18	125	1	1	1_____	59000	2	13	0	0	0	0	0	0	0	0	0
C	Marios	18	125	1	1	1_____	59500	13	15	0	0	0	0	0	0	0	0	0
C	Marios	18	125	1	1	1_____	59695	15	0	0	0	0	1	0	0	0	0	0
C	Marios	18	125	1	1	1_____	59709	15	0	0	0	0	0	0	0	0	1	0
C	Marios	18	125	1	1	1_____	60000	15	1	0	0	0	0	0	0	0	0	0
C	Marios	18	125	1	1	1_____	60776	1	0	0	0	0	1	0	0	0	0	0
C	Marios	18	125	1	1	1_____	60805	1	0	0	0	0	0	0	0	0	1	0
C	Marios	18	125	1	1	1_____	61251	1	0	0	0	0	1	0	0	0	0	0
C	Marios	18	125	1	1	1_____	61253	1	0	0	0	0	0	0	0	0	1	0
C	Marios	18	125	1	1	1_____	61255	1	0	0	0	0	1	0	0	0	0	0
C	Marios	18	125	1	1	1_____	61257	1	0	0	0	0	0	0	0	0	1	0
C	Marios	18	125	1	1	1_____	61262	1	0	0	0	0	1	0	0	0	0	0
C	Marios	18	125	1	1	1_____	61265	1	0	0	0	0	0	0	0	0	1	0
C	Marios	18	125	1	1	1_____	61328	1	0	0	0	0	1	0	0	0	0	0
C	Marios	18	125	1	1	1_____	61330	1	0	0	0	0	0	0	0	0	1	0
C	Marios	18	125	1	1	1_____	61331	1	0	0	0	0	1	0	0	0	0	0
C	Marios	18	125	1	1	1_____	61334	1	0	0	0	0	0	0	0	0	1	0
C	Marios	18	125	1	1	1_____	61341	1	0	0	0	0	1	0	0	0	0	0
C	Marios	18	125	1	1	1_____	61366	1	0	0	0	0	1	0	0	0	1	0
C	Marios	18	125	1	1	1_____	61368	1	0	0	0	0	0	0	0	0	1	0
C	Marios	18	125	1	1	1_____	61858	1	0	0	0	0	1	0	0	0	0	0
C	Marios	18	125	1	1	1_____	61864	1	0	0	0	0	0	0	0	0	1	0
C	Marios	18	125	1	1	1_____	63700	1	0	0	0	0	1	0	0	0	0	0
C	Marios	18	125	1	1	1_____	63761	1	0	0	0	0	0	0	0	0	1	0
C	Marios	18	125	1	1	1_____	64071	1	0	0	0	0	1	0	0	0	0	0
C	Marios	18	125	1	1	1_____	64082	1	0	0	0	0	0	0	0	0	1	0
C	Marios	18	125	1	1	1_____	64494	1	0	0	0	0	1	0	0	0	0	0
C	Marios	18	125	1	1	1_____	64499	1	0	0	0	0	0	0	0	0	1	0
C	Marios	18	125	1	1	1_____	65500	1	2	0	0	0	0	0	0	0	0	0
C	Marios	18	125	1	1	1_____	66000	2	12	0	0	0	0	0	0	0	0	0
C	Marios	18	125	1	1	1_____	66500	12	15	0	0	0	0	0	0	0	0	0
C	Marios	18	125	1	1	1_____	67000	15	1	0	0	0	0	0	0	0	0	0
C	Marios	18	125	1	1	1_____	67369	1	0	0	0	0	1	0	0	0	0	0
C	Marios	18	125	1	1	1_____	67371	1	0	0	0	0	0	0	0	0	1	0
C	Marios	18	125	1	1	1_____	67372	1	0	0	0	0	1	0	0	0	0	0
C	Marios	18	125	1	1	1_____	67374	1	0	0	0	0	0	0	0	0	1	0
C	Marios	18	125	1	1	1_____	69385	1	0	0	0	0	1	0	0	0	0	0
C	Marios	18	125	1	1	1_____	69412	1	0	0	0	0	0	0	0	0	1	0
C	Marios	18	125	1	1	1_____	70069	1	0	0	0	0	1	0	0	0	0	0
C	Marios	18	125	1	1	1_____	70133	1	0	0	0	0	0	0	0	0	1	0
C	Marios	18	125	1	1	1_____	70150	1	0	0	0	0	1	0	0	0	0	0
C	Marios	18	125	1	1	1_____	70155	1	0	0	0	0	0	0	0	0	1	0
C	Marios	18	125	1	1	1_____	70500	1	2	0	0	0	0	0	0	0	0	0
C	Marios	18	125	1	1	1_____	71000	2	13	0	0	0	0	0	0	0	0	0
C	Marios	18	125	1	1	1_____	71500	13	15	0	0	0	0	0	0	0	0	0
C	Marios	18	125	1	1	1_____	72000	15	1	0	0	0	0	0	0	0	0	0
C	Marios	18	125	1	1	1_____	75500	1	2	0	0	0	0	0	0	0	0	0
C	Marios	18	125	1	1	1_____	76000	2	7	0	0	0	0	0	0	0	0	0
C	Marios	18	125	1	1	1_____	76052	7	0	0	0	0	1	0	0	0	0	0
C	Marios	18	125	1	1	1_____	76076	7	0	0	0	0	0	0	0	0	1	0
C	Marios	18	125	1	1	1_____	76106	7	0	0	0	0	1	0	0	0	0	0
C	Marios	18	125	1	1	1_____	76215	7	0	0	0	0	0	0	0	0	1	0
C	Marios	18	125	1	1	1_____	76224	7	0	0	0	0	1	0	0	0	0	0
C	Marios	18	125	1	1	1_____	76251	7	0	0	0	0	0	0	0	0	1	0
C	Marios	18	125	1	1	1_____	76254	7	0	0	0	0	1	0	0	0	0	0
C	Marios	18	125	1	1	1_____	76305	7	0	0	0	0	0	0	0	0	1	0
C	Marios	18	125	1	1	1_____	76309	7	0	0	0	0	1	0	0	0	0	0
C	Marios	18	125	1	1	1_____	76313	7	0	0	0	0	0	0	0	0	1	0
C	Marios	18	125	1	1	1_____	76315	7	0	0	0	0	1	0	0	0	0	0
C	Marios	18	125	1	1	1_____	76389	7	0	0	0	0	0	0	0	0	1	0
C	Marios	18	125	1	1	1_____	76398	7	0	0	0	0	1	0	0	0	0	0
C	Marios	18	125	1	1	1_____	76410	7	0	0	0	0	0	0	0	0	1	0
C	Marios	18	125	1	1	1_____	76416	7	0	0	0	0	1	0	0	0	0	0
C	Marios	18	125	1	1	1_____	76500	7	11	0	0	0	0	0	0	0	0	0
C	Marios	18	125	1	1	1_____	76520	11	0	0	0	0	0	0	0	0	1	0
C	Marios	18	125	1	1	1_____	76523	11	0	0	0	0	1	0	0	0	0	0
C	Marios	18	125	1	1	1_____	76526	11	0	0	0	0	0	0	0	0	1	0
C	Marios	18	125	1	1	1_____	76527	11	0	0	0	0	1	0	0	0	0	0
C	Marios	18	125	1	1	1_____	76529	11	0	0	0	0	0	0	0	0	1	0
C	Marios	18	125	1	1	1_____	76532	11	0	0	0	0	1	0	0	0	0	0
C	Marios	18	125	1	1	1_____	76534	11	0	0	0	0	0	0	0	0	1	0
C	Marios	18	125	1	1	1_____	76542	11	0	0	0	0	1	0	0	0	0	0
C	Marios	18	125	1	1	1_____	76748	11	0	0	0	0	0	0	0	0	1	0
C	Marios	18	125	1	1	1_____	76848	11	0	0	0	0	1	0	0	0	0	0
C	Marios	18	125	1	1	1_____	76864	11	0	0	0	0	0	0	0	0	1	0
C	Marios	18	125	1	1	1_____	76919	11	0	0	0	0	1	0	0	0	0	0
C	Marios	18	125	1	1	1_____	76944	11	0	0	0	0	0	0	0	0	1	0
C	Marios	18	125	1	1	1_____	76947	11	0	0	0	0	1	0	0	0	0	0
C	Marios	18	125	1	1	1_____	76949	11	0	0	0	0	0	0	0	0	1	0
C	Marios	18	125	1	1	1_____	76954	11	0	0	0	0	1	0	0	0	0	0
C	Marios	18	125	1	1	1_____	76958	11	0	0	0	0	0	0	0	0	1	0
C	Marios	18	125	1	1	1_____	76971	11	0	0	0	0	1	0	0	0	0	0
C	Marios	18	125	1	1	1_____	76976	11	0	0	0	0	0	0	0	0	1	0
C	Marios	18	125	1	1	1_____	76991	11	0	0	0	0	1	0	0	0	0	0
C	Marios	18	125	1	1	1_____	76994	11	0	0	0	0	1	0	0	0	1	0
C	Marios	18	125	1	1	1_____	76999	11	0	0	0	0	0	0	0	0	1	0
C	Marios	18	125	1	1	1_____	77000	11	1	0	0	0	0	0	0	0	0	0
C	Marios	18	125	1	1	1_____	80000	1	2	0	0	0	0	0	0	0	0	0
C	Marios	18	125	1	1	1_____	80500	2	6	0	0	0	0	0	0	0	0	0
C	Marios	18	125	1	1	1_____	80609	6	0	0	0	0	1	0	0	0	0	0
C	Marios	18	125	1	1	1_____	80628	6	0	0	0	0	0	0	0	0	1	0
C	Marios	18	125	1	1	1_____	80730	6	0	0	0	0	1	0	0	0	0	0
C	Marios	18	125	1	1	1_____	80794	6	0	0	0	0	0	0	0	0	1	0
C	Marios	18	125	1	1	1_____	80880	6	0	0	0	0	1	0	0	0	0	0
C	Marios	18	125	1	1	1_____	80894	6	0	0	0	0	0	0	0	0	1	0
C	Marios	18	125	1	1	1_____	80898	6	0	0	0	0	1	0	0	0	0	0
C	Marios	18	125	1	1	1_____	80932	6	0	0	0	0	0	0	0	0	1	0
C	Marios	18	125	1	1	1_____	80947	6	0	0	0	0	1	0	0	0	0	0
C	Marios	18	125	1	1	1_____	81000	6	10	0	0	0	0	0	0	0	0	0
C	Marios	18	125	1	1	1_____	81013	10	0	0	0	0	0	0	0	0	1	0
C	Marios	18	125	1	1	1_____	81022	10	0	0	0	0	1	0	0	0	0	0
C	Marios	18	125	1	1	1_____	81139	10	0	0	0	0	0	0	0	0	1	0
C	Marios	18	125	1	1	1_____	81147	10	0	0	0	0	1	0	0	0	0	0
C	Marios	18	125	1	1	1_____	81149	10	0	0	0	0	0	0	0	0	1	0
C	Marios	18	125	1	1	1_____	81158	10	0	0	0	0	1	0	0	0	0	0
C	Marios	18	125	1	1	1_____	81285	10	0	0	0	0	0	0	0	0	1	0
C	Marios	18	125	1	1	1_____	81357	10	0	0	0	0	1	0	0	0	0	0
C	Marios	18	125	1	1	1_____	81397	10	0	0	0	0	0	0	0	0	1	0
C	Marios	18	125	1	1	1_____	81398	10	0	0	0	0	1	0	0	0	0	0
C	Marios	18	125	1	1	1_____	81406	10	0	0	0	0	0	0	0	0	1	0
C	Marios	18	125	1	1	1_____	81416	10	0	0	0	0	1	0	0	0	0	0
C	Marios	18	125	1	1	1_____	81425	10	0	0	0	0	0	0	0	0	1	0
C	Marios	18	125	1	1	1_____	81500	10	1	0	0	0	0	0	0	0	0	0
C	Marios	18	125	1	1	1_____	84976	1	0	0	0	0	1	0	0	0	0	0
C	Marios	18	125	1	1	1_____	84983	1	0	0	0	0	0	0	0	0	1	0
C	Marios	18	125	1	1	1_____	87965	1	0	0	0	0	1	0	0	0	0	0
C	Marios	18	125	1	1	1_____	88110	1	0	0	0	0	0	0	0	0	1	0
C	Marios	18	125	1	1	1_____	88262	1	0	0	0	0	1	0	0	0	0	0
C	Marios	18	125	1	1	1_____	88278	1	0	0	0	0	1	0	0	0	1	0
C	Marios	18	125	1	1	1_____	88340	1	0	0	0	0	0	0	0	0	1	0
C	Marios	18	125	1	1	1_____	88344	1	0	0	0	0	1	0	0	0	0	0
C	Marios	18	125	1	1	1_____	88359	1	0	0	0	0	0	0	0	0	1	0
C	Marios	18	125	1	1	1_____	88363	1	0	0	0	0	1	0	0	0	0	0
C	Marios	18	125	1	1	1_____	88400	1	0	0	0	0	0	0	0	0	1	0
C	Marios	18	125	1	1	1_____	88411	1	0	0	0	0	1	0	0	0	0	0
C	Marios	18	125	1	1	1_____	88437	1	0	0	0	0	0	0	0	0	1	0
C	Marios	18	125	1	1	1_____	88444	1	0	0	0	0	1	0	0	0	0	0
C	Marios	18	125	1	1	1_____	88446	1	0	0	0	0	0	0	0	0	1	0
C	Marios	18	125	1	1	1_____	88451	1	0	0	0	0	1	0	0	0	0	0
C	Marios	18	125	1	1	1_____	88453	1	0	0	0	0	0	0	0	0	1	0
C	Marios	18	125	1	1	1_____	88456	1	0	0	0	0	1	0	0	0	0	0
C	Marios	18	125	1	1	1_____	88484	1	0	0	0	0	0	0	0	0	1	0
C	Marios	18	125	1	1	1_____	88503	1	0	0	0	0	1	0	0	0	0	0
C	Marios	18	125	1	1	1_____	88506	1	0	0	0	0	0	0	0	0	1	0
C	Marios	18	125	1	1	1_____	88520	1	0	0	0	0	1	0	0	0	0	0
C	Marios	18	125	1	1	1_____	88553	1	0	0	0	0	0	0	0	0	1	0
C	Marios	18	125	1	1	1_____	88557	1	0	0	0	0	1	0	0	0	0	0
C	Marios	18	125	1	1	1_____	88581	1	0	0	0	0	0	0	0	0	1	0
C	Marios	18	125	1	1	1_____	88582	1	0	0	0	0	1	0	0	0	0	0
C	Marios	18	125	1	1	1_____	88586	1	0	0	0	0	0	0	0	0	1	0
C	Marios	18	125	1	1	1_____	88619	1	0	0	0	0	1	0	0	0	0	0
C	Marios	18	125	1	1	1_____	88653	1	0	0	0	0	0	0	0	0	1	0
C	Marios	18	125	1	1	1_____	88657	1	0	0	0	0	1	0	0	0	0	0
C	Marios	18	125	1	1	1_____	88666	1	0	0	0	0	0	0	0	0	1	0
C	Marios	18	125	1	1	1_____	88668	1	0	0	0	0	1	0	0	0	0	0
C	Marios	18	125	1	1	1_____	88747	1	0	0	0	0	0	0	0	0	1	0
C	Marios	18	125	1	1	1_____	89000	1	2	0	0	0	0	0	0	0	0	0
C	Marios	18	125	1	1	1_____	89500	2	13	0	0	0	0	0	0	0	0	0
C	Marios	18	125	1	1	1_____	89614	13	0	0	0	0	1	0	0	0	0	0
C	Marios	18	125	1	1	1_____	89632	13	0	0	0	0	0	0	0	0	1	0
C	Marios	18	125	1	1	1_____	90000	13	15	0	0	0	0	0	0	0	0	0
C	Marios	18	125	1	1	1_____	90500	15	1	0	0	0	0	0	0	0	0	0
C	Marios	18	125	1	1	1_____	92004	1	0	0	0	0	1	0	0	0	0	0
C	Marios	18	125	1	1	1_____	92133	1	0	0	0	0	0	0	0	0	1	0
C	Marios	18	125	1	1	1_____	92809	1	0	0	0	0	1	0	0	0	0	0
C	Marios	18	125	1	1	1_____	92922	1	0	0	0	0	0	0	0	0	1	0
C	Marios	18	125	1	1	1_____	94985	1	0	0	0	0	1	0	0	0	0	0
C	Marios	18	125	1	1	1_____	94988	1	0	0	0	0	0	0	0	0	1	0
C	Marios	18	125	1	1	1_____	95000	1	2	0	0	0	0	0	0	0	0	0
C	Marios	18	125	1	1	1_____	95500	2	12	0	0	0	0	0	0	0	0	0
C	Marios	18	125	1	1	1_____	95516	12	0	0	0	0	1	0	0	0	0	0
C	Marios	18	125	1	1	1_____	95540	12	0	0	0	0	0	0	0	0	1	0
C	Marios	18	125	1	1	1_____	95598	12	0	0	0	0	1	0	0	0	0	0
C	Marios	18	125	1	1	1_____	95648	12	0	0	0	0	0	0	0	0	1	0
C	Marios	18	125	1	1	1_____	95931	12	0	0	0	0	1	0	0	0	0	0
C	Marios	18	125	1	1	1_____	96000	12	15	0	0	0	0	0	0	0	0	0
C	Marios	18	125	1	1	1_____	96122	15	0	0	0	0	0	0	0	0	1	0
C	Marios	18	125	1	1	1_____	96228	15	0	0	0	0	1	0	0	0	0	0
C	Marios	18	125	1	1	1_____	96342	15	0	0	0	0	0	0	0	0	1	0
C	Marios	18	125	1	1	1_____	96350	15	0	0	0	0	1	0	0	0	0	0
C	Marios	18	125	1	1	1_____	96389	15	0	0	0	0	0	0	0	0	1	0
C	Marios	18	125	1	1	1_____	96398	15	0	0	0	0	1	0	0	0	0	0
C	Marios	18	125	1	1	1_____	96443	15	0	0	0	0	0	0	0	0	1	0
C	Marios	18	125	1	1	1_____	96500	15	1	0	0	0	0	0	0	0	0	0
C	Marios	18	125	1	1	1_____	97836	1	0	0	0	0	1	0	0	0	0	0
C	Marios	18	125	1	1	1_____	98041	1	0	0	0	0	0	0	0	0	1	0
C	Marios	18	125	1	1	1_____	99617	1	0	0	0	0	1	0	0	0	0	0
C	Marios	18	125	1	1	1_____	99705	1	0	0	0	0	0	0	0	0	1	0
C	Marios	18	125	1	1	1_____	100317	1	0	0	0	0	1	0	0	0	0	0
C	Marios	18	125	1	1	1_____	100319	1	0	0	0	0	0	0	0	0	1	0
C	Marios	18	125	1	1	1_____	102000	1	2	0	0	0	0	0	0	0	0	0
C	Marios	18	125	1	1	1_____	102500	2	13	0	0	0	0	0	0	0	0	0
C	Marios	18	125	1	1	1_____	103000	13	15	0	0	0	0	0	0	0	0	0
C	Marios	18	125	1	1	1_____	103500	15	1	0	0	0	0	0	0	0	0	0
C	Marios	18	125	1	1	1_____	104207	1	0	0	0	0	1	0	0	0	0	0
C	Marios	18	125	1	1	1_____	104226	1	0	0	0	0	0	0	0	0	1	0
C	Marios	18	125	1	1	1_____	104572	1	0	0	0	0	1	0	0	0	0	0
C	Marios	18	125	1	1	1_____	104606	1	0	0	0	0	0	0	0	0	1	0
C	Marios	18	125	1	1	1_____	104882	1	0	0	0	0	1	0	0	0	0	0
C	Marios	18	125	1	1	1_____	104888	1	0	0	0	0	0	0	0	0	1	0
C	Marios	18	125	1	1	1_____	106126	1	0	0	0	0	1	0	0	0	0	0
C	Marios	18	125	1	1	1_____	106130	1	0	0	0	0	0	0	0	0	1	0
C	Marios	18	125	1	1	1_____	108750	1	2	0	0	0	0	0	0	0	0	0
C	Marios	18	125	1	1	1_____	109186	2	0	0	0	0	1	0	0	0	0	0
C	Marios	18	125	1	1	1_____	109190	2	0	0	0	0	0	0	0	0	1	0
C	Marios	18	125	1	1	1_____	109224	2	0	0	0	0	1	0	0	0	0	0
C	Marios	18	125	1	1	1_____	109250	2	12	0	0	0	0	0	0	0	0	0
C	Marios	18	125	1	1	1_____	109260	12	0	0	0	0	0	0	0	0	1	0
C	Marios	18	125	1	1	1_____	109583	12	0	0	0	0	1	0	0	0	0	0
C	Marios	18	125	1	1	1_____	109750	12	15	0	0	0	0	0	0	0	0	0
C	Marios	18	125	1	1	1_____	110044	15	0	0	0	0	0	0	0	0	1	0
C	Marios	18	125	1	1	1_____	110241	15	0	0	0	0	1	0	0	0	0	0
C	Marios	18	125	1	1	1_____	110250	15	1	0	0	0	0	0	0	0	0	0
C	Marios	18	125	1	1	1_____	110276	1	0	0	0	0	0	0	0	0	1	0
C	Marios	18	125	1	1	1_____	110296	1	0	0	0	0	1	0	0	0	0	0
C	Marios	18	125	1	1	1_____	110307	1	0	0	0	0	0	0	0	0	1	0
C	Marios	18	125	1	1	1_____	110314	1	0	0	0	0	1	0	0	0	0	0
C	Marios	18	125	1	1	1_____	110317	1	0	0	0	0	1	0	0	0	1	0
C	Marios	18	125	1	1	1_____	110319	1	0	0	0	0	0	0	0	0	1	0
C	Marios	18	125	1	1	1_____	110323	1	0	0	0	0	1	0	0	0	0	0
C	Marios	18	125	1	1	1_____	110331	1	0	0	0	0	0	0	0	0	1	0
C	Marios	18	125	1	1	1_____	110334	1	0	0	0	0	1	0	0	0	0	0
C	Marios	18	125	1	1	1_____	110336	1	0	0	0	0	0	0	0	0	1	0
C	Marios	18	125	1	1	1_____	110345	1	0	0	0	0	1	0	0	0	0	0
C	Marios	18	125	1	1	1_____	110369	1	0	0	0	0	0	0	0	0	1	0
C	Marios	18	125	1	1	1_____	110377	1	0	0	0	0	1	0	0	0	0	0
C	Marios	18	125	1	1	1_____	110474	1	0	0	0	0	0	0	0	0	1	0
C	Marios	18	125	1	1	1_____	110485	1	0	0	0	0	1	0	0	0	0	0
C	Marios	18	125	1	1	1_____	110518	1	0	0	0	0	0	0	0	0	1	0
C	Marios	18	125	1	1	1_____	110522	1	0	0	0	0	1	0	0	0	0	0
C	Marios	18	125	1	1	1_____	110526	1	0	0	0	0	0	0	0	0	1	0
C	Marios	18	125	1	1	1_____	110536	1	0	0	0	0	1	0	0	0	0	0
C	Marios	18	125	1	1	1_____	110904	1	0	0	0	0	0	0	0	0	1	0
C	Marios	18	125	1	1	1_____	110908	1	0	0	0	0	1	0	0	0	0	0
C	Marios	18	125	1	1	1_____	110910	1	0	0	0	0	1	0	0	0	1	0
C	Marios	18	125	1	1	1_____	110912	1	0	0	0	0	0	0	0	0	1	0
C	Marios	18	125	1	1	1_____	110914	1	0	0	0	0	1	0	0	0	0	0
C	Marios	18	125	1	1	1_____	110916	1	0	0	0	0	0	0	0	0	1	0
C	Marios	18	125	1	1	1_____	110931	1	0	0	0	0	1	0	0	0	0	0
C	Marios	18	125	1	1	1_____	111108	1	0	0	0	0	0	0	0	0	1	0
C	Marios	18	125	1	1	1_____	111118	1	0	0	0	0	1	0	0	0	0	0
C	Marios	18	125	1	1	1_____	111122	1	0	0	0	0	0	0	0	0	1	0
C	Marios	18	125	1	1	1_____	111123	1	0	0	0	0	1	0	0	0	0	0
C	Marios	18	125	1	1	1_____	111125	1	0	0	0	0	0	0	0	0	1	0
C	Marios	18	125	1	1	1_____	111142	1	0	0	0	0	1	0	0	0	0	0
C	Marios	18	125	1	1	1_____	111152	1	0	0	0	0	0	0	0	0	1	0
C	Marios	18	125	1	1	1_____	111156	1	0	0	0	0	1	0	0	0	0	0
C	Marios	18	125	1	1	1_____	111180	1	0	0	0	0	0	0	0	0	1	0
C	Marios	18	125	1	1	1_____	111181	1	0	0	0	0	1	0	0	0	0	0
C	Marios	18	125	1	1	1_____	111187	1	0	0	0	0	0	0	0	0	1	0
C	Marios	18	125	1	1	1_____	111212	1	0	0	0	0	1	0	0	0	0	0
C	Marios	18	125	1	1	1_____	111224	1	0	0	0	0	0	0	0	0	1	0
C	Marios	18	125	1	1	1_____	111256	1	0	0	0	0	1	0	0	0	0	0
C	Marios	18	125	1	1	1_____	111258	1	0	0	0	0	0	0	0	0	1	0
C	Marios	18	125	1	1	1_____	111265	1	0	0	0	0	1	0	0	0	0	0
C	Marios	18	125	1	1	1_____	111355	1	0	0	0	0	0	0	0	0	1	0
C	Marios	18	125	1	1	1_____	111363	1	0	0	0	0	1	0	0	0	0	0
C	Marios	18	125	1	1	1_____	111381	1	0	0	0	0	0	0	0	0	1	0
C	Marios	18	125	1	1	1_____	111385	1	0	0	0	0	1	0	0	0	0	0
C	Marios	18	125	1	1	1_____	111416	1	0	0	0	0	0	0	0	0	1	0
C	Marios	18	125	1	1	1_____	111423	1	0	0	0	0	1	0	0	0	0	0
C	Marios	18	125	1	1	1_____	111503	1	0	0	0	0	0	0	0	0	1	0
C	Marios	18	125	1	1	1_____	111533	1	0	0	0	0	1	0	0	0	0	0
C	Marios	18	125	1	1	1_____	111534	1	0	0	0	0	0	0	0	0	1	0
C	Marios	18	125	1	1	1_____	111874	1	0	0	0	0	1	0	0	0	0	0
C	Marios	18	125	1	1	1_____	112177	1	0	0	0	0	0	0	0	0	1	0
C	Marios	18	125	1	1	1_____	114960	1	0	0	0	0	1	0	0	0	0	0
C	Marios	18	125	1	1	1_____	115025	1	0	0	0	0	0	0	0	0	1	0
C	Marios	18	125	1	1	1_____	115787	1	0	0	0	0	1	0	0	0	0	0
C	Marios	18	125	1	1	1_____	115822	1	0	0	0	0	0	0	0	0	1	0
C	Marios	18	125	1	1	1_____	115835	1	0	0	0	0	1	0	0	0	0	0
C	Marios	18	125	1	1	1_____	115839	1	0	0	0	0	0	0	0	0	1	0
C	Marios	18	125	1	1	1_____	116713	1	0	0	0	0	1	0	0	0	0	0
C	Marios	18	125	1	1	1_____	116762	1	0	0	0	0	0	0	0	0	1	0
C	Marios	18	125	1	1	1_____	117000	1	2	0	0	0	0	0	0	0	0	0
C	Marios	18	125	1	1	1_____	117433	2	0	0	0	0	1	0	0	0	0	0
C	Marios	18	125	1	1	1_____	117493	2	0	0	0	0	0	0	0	0	1	0
C	Marios	18	125	1	1	1_____	117500	2	6	0	0	0	0	0	0	0	0	0
C	Marios	18	125	1	1	1_____	117514	6	0	0	0	0	1	0	0	0	0	0
C	Marios	18	125	1	1	1_____	117546	6	0	0	0	0	0	0	0	0	1	0
C	Marios	18	125	1	1	1_____	117553	6	0	0	0	0	1	0	0	0	0	0
C	Marios	18	125	1	1	1_____	117581	6	0	0	0	0	0	0	0	0	1	0
C	Marios	18	125	1	1	1_____	117583	6	0	0	0	0	1	0	0	0	0	0
C	Marios	18	125	1	1	1_____	117588	6	0	0	0	0	0	0	0	0	1	0
C	Marios	18	125	1	1	1_____	117612	6	0	0	0	0	1	0	0	0	0	0
C	Marios	18	125	1	1	1_____	117613	6	0	0	0	0	0	0	0	0	1	0
C	Marios	18	125	1	1	1_____	117623	6	0	0	0	0	1	0	0	0	0	0
C	Marios	18	125	1	1	1_____	117626	6	0	0	0	0	0	0	0	0	1	0
C	Marios	18	125	1	1	1_____	117627	6	0	0	0	0	1	0	0	0	0	0
C	Marios	18	125	1	1	1_____	117730	6	0	0	0	0	0	0	0	0	1	0
C	Marios	18	125	1	1	1_____	117743	6	0	0	0	0	1	0	0	0	0	0
C	Marios	18	125	1	1	1_____	117756	6	0	0	0	0	0	0	0	0	1	0
C	Marios	18	125	1	1	1_____	117763	6	0	0	0	0	1	0	0	0	0	0
C	Marios	18	125	1	1	1_____	117767	6	0	0	0	0	0	0	0	0	1	0
C	Marios	18	125	1	1	1_____	117770	6	0	0	0	0	1	0	0	0	0	0
C	Marios	18	125	1	1	1_____	117774	6	0	0	0	0	0	0	0	0	1	0
C	Marios	18	125	1	1	1_____	117786	6	0	0	0	0	1	0	0	0	0	0
C	Marios	18	125	1	1	1_____	117790	6	0	0	0	0	0	0	0	0	1	0
C	Marios	18	125	1	1	1_____	117814	6	0	0	0	0	1	0	0	0	0	0
C	Marios	18	125	1	1	1_____	117816	6	0	0	0	0	0	0	0	0	1	0
C	Marios	18	125	1	1	1_____	117840	6	0	0	0	0	1	0	0	0	0	0
C	Marios	18	125	1	1	1_____	117842	6	0	0	0	0	0	0	0	0	1	0
C	Marios	18	125	1	1	1_____	117851	6	0	0	0	0	1	0	0	0	0	0
C	Marios	18	125	1	1	1_____	117892	6	0	0	0	0	0	0	0	0	1	0
C	Marios	18	125	1	1	1_____	117918	6	0	0	0	0	1	0	0	0	0	0
C	Marios	18	125	1	1	1_____	118000	6	10	0	0	0	0	0	0	0	0	0
C	Marios	18	125	1	1	1_____	118047	10	0	0	0	0	0	0	0	0	1	0
C	Marios	18	125	1	1	1_____	118051	10	0	0	0	0	1	0	0	0	0	0
C	Marios	18	125	1	1	1_____	118242	10	0	0	0	0	0	0	0	0	1	0
C	Marios	18	125	1	1	1_____	118245	10	0	0	0	0	1	0	0	0	0	0
C	Marios	18	125	1	1	1_____	118293	10	0	0	0	0	0	0	0	0	1	0
C	Marios	18	125	1	1	1_____	118297	10	0	0	0	0	1	0	0	0	0	0
C	Marios	18	125	1	1	1_____	118299	10	0	0	0	0	0	0	0	0	1	0
C	Marios	18	125	1	1	1_____	118315	10	0	0	0	0	1	0	0	0	0	0
C	Marios	18	125	1	1	1_____	118483	10	0	0	0	0	0	0	0	0	1	0
C	Marios	18	125	1	1	1_____	118485	10	0	0	0	0	1	0	0	0	0	0
C	Marios	18	125	1	1	1_____	118500	10	1	0	0	0	0	0	0	0	0	0
C	Marios	18	125	1	1	1_____	118537	1	0	0	0	0	0	0	0	0	1	0
C	Marios	18	125	1	1	1_____	118543	1	0	0	0	0	1	0	0	0	0	0
C	Marios	18	125	1	1	1_____	118578	1	0	0	0	0	0	0	0	0	1	0
C	Marios	18	125	1	1	1_____	118586	1	0	0	0	0	1	0	0	0	0	0
C	Marios	18	125	1	1	1_____	118616	1	0	0	0	0	0	0	0	0	1	0
C	Marios	18	125	1	1	1_____	118624	1	0	0	0	0	1	0	0	0	0	0
C	Marios	18	125	1	1	1_____	118693	1	0	0	0	0	0	0	0	0	1	0
C	Marios	18	125	1	1	1_____	119013	1	0	0	0	0	1	0	0	0	0	0
C	Marios	18	125	1	1	1_____	119033	1	0	0	0	0	0	0	0	0	1	0
C	Marios	18	125	1	1	1_____	119584	1	0	0	0	0	1	0	0	0	0	0
C	Marios	18	125	1	1	1_____	119587	1	0	0	0	0	0	0	0	0	1	0
C	Marios	18	125	1	1	1_____	120750	1	2	0	0	0	0	0	0	0	0	0
C	Marios	18	125	1	1	1_____	120838	2	0	0	0	0	1	0	0	0	0	0
C	Marios	18	125	1	1	1_____	120862	2	0	0	0	0	0	0	0	0	1	0
C	Marios	18	125	1	1	1_____	121250	2	12	0	0	0	0	0	0	0	0	0
C	Marios	18	125	1	1	1_____	121750	12	15	0	0	0	0	0	0	0	0	0
C	Marios	18	125	1	1	1_____	122250	15	1	0	0	0	0	0	0	0	0	0
C	Marios	18	125	1	1	1_____	123414	1	0	0	0	0	1	0	0	0	0	0
C	Marios	18	125	1	1	1_____	123581	1	0	0	0	0	0	0	0	0	1	0
C	Marios	18	125	1	1	1_____	126750	1	2	0	0	0	0	0	0	0	0	0
C	Marios	18	125	1	1	1_____	127250	2	13	0	0	0	0	0	0	0	0	0
C	Marios	18	125	1	1	1_____	127750	13	15	0	0	0	0	0	0	0	0	0
C	Marios	18	125	1	1	1_____	128250	15	1	0	0	0	0	0	0	0	0	0
C	Marios	18	125	1	1	1_____	128681	1	0	0	0	0	1	0	0	0	0	0
C	Marios	18	125	1	1	1_____	128821	1	0	0	0	0	0	0	0	0	1	0
C	Marios	18	125	1	1	1_____	128824	1	0	0	0	0	1	0	0	0	0	0
C	Marios	18	125	1	1	1_____	128967	1	0	0	0	0	0	0	0	0	1	0
C	Marios	18	125	1	1	1_____	128999	1	0	0	0	0	1	0	0	0	0	0
C	Marios	18	125	1	1	1_____	129001	1	0	0	0	0	0	0	0	0	1	0
C	Marios	18	125	1	1	1_____	129002	1	0	0	0	0	1	0	0	0	0	0
C	Marios	18	125	1	1	1_____	129020	1	0	0	0	0	0	0	0	0	1	0
C	Marios	18	125	1	1	1_____	129021	1	0	0	0	0	1	0	0	0	0	0
C	Marios	18	125	1	1	1_____	129219	1	0	0	0	0	0	0	0	0	1	0
C	Marios	18	125	1	1	1_____	129234	1	0	0	0	0	1	0	0	0	0	0
C	Marios	18	125	1	1	1_____	129240	1	0	0	0	0	0	0	0	0	1	0
C	Marios	18	125	1	1	1_____	129243	1	0	0	0	0	1	0	0	0	0	0
C	Marios	18	125	1	1	1_____	129246	1	0	0	0	0	0	0	0	0	1	0
C	Marios	18	125	1	1	1_____	129254	1	0	0	0	0	1	0	0	0	0	0
C	Marios	18	125	1	1	1_____	129274	1	0	0	0	0	0	0	0	0	1	0
C	Marios	18	125	1	1	1_____	129278	1	0	0	0	0	1	0	0	0	0	0
C	Marios	18	125	1	1	1_____	129284	1	0	0	0	0	1	0	0	0	1	0
C	Marios	18	125	1	1	1_____	129326	1	0	0	0	0	0	0	0	0	1	0
C	Marios	18	125	1	1	1_____	129334	1	0	0	0	0	1	0	0	0	0	0
C	Marios	18	125	1	1	1_____	129336	1	0	0	0	0	0	0	0	0	1	0
C	Marios	18	125	1	1	1_____	131462	1	0	0	0	0	1	0	0	0	0	0
C	Marios	18	125	1	1	1_____	131472	1	0	0	0	0	0	0	0	0	1	0
C	Marios	18	125	1	1	1_____	133614	1	0	0	0	0	1	0	0	0	0	0
C	Marios	18	125	1	1	1_____	133617	1	0	0	0	0	0	0	0	0	1	0
C	Marios	18	125	1	1	1_____	133737	1	0	0	0	0	1	0	0	0	0	0
C	Marios	18	125	1	1	1_____	133770	1	0	0	0	0	0	0	0	0	1	0
C	Marios	18	125	1	1	1_____	134250	1	2	0	0	0	0	0	0	0	0	0
C	Marios	18	125	1	1	1_____	134750	2	7	0	0	0	0	0	0	0	0	0
C	Marios	18	125	1	1	1_____	134815	7	0	0	0	0	1	0	0	0	0	0
C	Marios	18	125	1	1	1_____	135013	7	0	0	0	0	0	0	0	0	1	0
C	Marios	18	125	1	1	1_____	135081	7	0	0	0	0	1	0	0	0	0	0
C	Marios	18	125	1	1	1_____	135191	7	0	0	0	0	0	0	0	0	1	0
C	Marios	18	125	1	1	1_____	135193	7	0	0	0	0	1	0	0	0	0	0
C	Marios	18	125	1	1	1_____	135195	7	0	0	0	0	0	0	0	0	1	0
C	Marios	18	125	1	1	1_____	135204	7	0	0	0	0	1	0	0	0	0	0
C	Marios	18	125	1	1	1_____	135250	7	11	0	0	0	0	0	0	0	0	0
C	Marios	18	125	1	1	1_____	135571	11	0	0	0	0	0	0	0	0	1	0
C	Marios	18	125	1	1	1_____	135575	11	0	0	0	0	1	0	0	0	0	0
C	Marios	18	125	1	1	1_____	135738	11	0	0	0	0	0	0	0	0	1	0
C	Marios	18	125	1	1	1_____	135744	11	0	0	0	0	1	0	0	0	0	0
C	Marios	18	125	1	1	1_____	135750	11	1	0	0	0	0	0	0	0	0	0
C	Marios	18	125	1	1	1_____	135785	1	0	0	0	0	0	0	0	0	1	0
C	Marios	18	125	1	1	1_____	135786	1	0	0	0	0	1	0	0	0	0	0
C	Marios	18	125	1	1	1_____	135792	1	0	0	0	0	0	0	0	0	1	0
C	Marios	18	125	1	1	1_____	135803	1	0	0	0	0	1	0	0	0	0	0
C	Marios	18	125	1	1	1_____	135806	1	0	0	0	0	0	0	0	0	1	0
C	Marios	18	125	1	1	1_____	135827	1	0	0	0	0	1	0	0	0	0	0
C	Marios	18	125	1	1	1_____	135830	1	0	0	0	0	0	0	0	0	1	0
C	Marios	18	125	1	1	1_____	135848	1	0	0	0	0	1	0	0	0	0	0
C	Marios	18	125	1	1	1_____	135850	1	0	0	0	0	0	0	0	0	1	0
C	Marios	18	125	1	1	1_____	138140	1	0	0	0	0	1	0	0	0	0	0
C	Marios	18	125	1	1	1_____	138205	1	0	0	0	0	0	0	0	0	1	0
C	Marios	18	125	1	1	1_____	139500	1	2	0	0	0	0	0	0	0	0	0
C	Marios	18	125	1	1	1_____	140000	2	13	0	0	0	0	0	0	0	0	0
C	Marios	18	125	1	1	1_____	140063	13	0	0	0	0	1	0	0	0	0	0
C	Marios	18	125	1	1	1_____	140151	13	0	0	0	0	0	0	0	0	1	0
C	Marios	18	125	1	1	1_____	140500	13	15	0	0	0	0	0	0	0	0	0
C	Marios	18	125	1	1	1_____	141000	15	1	0	0	0	0	0	0	0	0	0
C	Marios	18	125	1	1	1_____	142500	1	2	0	0	0	0	0	0	0	0	0
C	Marios	18	125	1	1	1_____	142530	2	0	0	0	0	1	0	0	0	0	0
C	Marios	18	125	1	1	1_____	142569	2	0	0	0	0	0	0	0	0	1	0
C	Marios	18	125	1	1	1_____	143000	2	12	0	0	0	0	0	0	0	0	0
C	Marios	18	125	1	1	1_____	143130	12	0	0	0	0	1	0	0	0	0	0
C	Marios	18	125	1	1	1_____	143488	12	0	0	0	0	0	0	0	0	1	0
C	Marios	18	125	1	1	1_____	143492	12	0	0	0	0	1	0	0	0	0	0
C	Marios	18	125	1	1	1_____	143496	12	0	0	0	0	0	0	0	0	1	0
C	Marios	18	125	1	1	1_____	143497	12	0	0	0	0	1	0	0	0	0	0
C	Marios	18	125	1	1	1_____	143500	12	15	0	0	0	0	0	0	0	1	0
C	Marios	18	125	1	1	1_____	143509	15	0	0	0	0	1	0	0	0	0	0
C	Marios	18	125	1	1	1_____	143542	15	0	0	0	0	0	0	0	0	1	0
C	Marios	18	125	1	1	1_____	143565	15	0	0	0	0	1	0	0	0	0	0
C	Marios	18	125	1	1	1_____	143568	15	0	0	0	0	0	0	0	0	1	0
C	Marios	18	125	1	1	1_____	143575	15	0	0	0	0	1	0	0	0	0	0
C	Marios	18	125	1	1	1_____	143578	15	0	0	0	0	0	0	0	0	1	0
C	Marios	18	125	1	1	1_____	143586	15	0	0	0	0	1	0	0	0	0	0
C	Marios	18	125	1	1	1_____	143602	15	0	0	0	0	0	0	0	0	1	0
C	Marios	18	125	1	1	1_____	143619	15	0	0	0	0	1	0	0	0	0	0
C	Marios	18	125	1	1	1_____	143621	15	0	0	0	0	0	0	0	0	1	0
C	Marios	18	125	1	1	1_____	143628	15	0	0	0	0	1	0	0	0	0	0
C	Marios	18	125	1	1	1_____	143631	15	0	0	0	0	0	0	0	0	1	0
C	Marios	18	125	1	1	1_____	143633	15	0	0	0	0	1	0	0	0	0	0
C	Marios	18	125	1	1	1_____	143638	15	0	0	0	0	0	0	0	0	1	0
C	Marios	18	125	1	1	1_____	143832	15	0	0	0	0	1	0	0	0	0	0
C	Marios	18	125	1	1	1_____	143859	15	0	0	0	0	0	0	0	0	1	0
C	Marios	18	125	1	1	1_____	143881	15	0	0	0	0	1	0	0	0	0	0
C	Marios	18	125	1	1	1_____	143898	15	0	0	0	0	0	0	0	0	1	0
C	Marios	18	125	1	1	1_____	143908	15	0	0	0	0	1	0	0	0	0	0
C	Marios	18	125	1	1	1_____	143954	15	0	0	0	0	0	0	0	0	1	0
C	Marios	18	125	1	1	1_____	143965	15	0	0	0	0	1	0	0	0	0	0
C	Marios	18	125	1	1	1_____	143968	15	0	0	0	0	0	0	0	0	1	0
C	Marios	18	125	1	1	1_____	143970	15	0	0	0	0	1	0	0	0	0	0
C	Marios	18	125	1	1	1_____	143999	15	0	0	0	0	0	0	0	0	1	0
C	Marios	18	125	1	1	1_____	144000	15	14	0	0	0	0	0	0	0	0	0
C	Marios	18	125	1	1	1_____	144010	14	0	0	0	0	1	0	0	0	0	0
C	Marios	18	125	1	1	1_____	144017	14	0	0	0	0	0	0	0	0	1	0
C	Marios	18	125	1	1	1_____	144023	14	0	0	0	0	1	0	0	0	0	0
C	Marios	18	125	1	1	1_____	144025	14	0	0	0	0	0	0	0	0	1	0
C	Marios	18	125	1	1	1_____	144062	14	0	0	0	0	1	0	0	0	0	0
C	Marios	18	125	1	1	1_____	144065	14	0	0	0	0	0	0	0	0	1	0
C	Marios	18	125	1	1	1_____	144075	14	0	0	0	0	1	0	0	0	0	0
C	Marios	18	125	1	1	1_____	144145	14	0	0	0	0	0	0	0	0	1	0
C	Marios	18	125	1	1	1_____	144667	14	0	0	0	0	1	0	0	0	0	0
C	Marios	18	125	1	1	1_____	144681	14	0	0	0	0	0	0	0	0	1	0
C	Marios	18	125	1	1	1_____	147000	14	-1	0	0	0	0	0	0	0	0	0
C	Marios	18	125	5	1	26____	0	0	1	0	0	0	0	0	0	0	0	0
C	Marios	18	125	5	1	26____	59	1	0	0	0	0	0	0	0	0	1	0
C	Marios	18	125	5	1	26____	459	1	0	0	0	0	1	0	0	0	0	0
C	Marios	18	125	5	1	26____	462	1	0	0	0	0	0	0	0	0	1	0
C	Marios	18	125	5	1	26____	473	1	0	0	0	0	1	0	0	0	0	0
C	Marios	18	125	5	1	26____	479	1	0	0	0	0	0	0	0	0	1	0
C	Marios	18	125	5	1	26____	513	1	0	0	0	0	1	0	0	0	0	0
C	Marios	18	125	5	1	26____	602	1	0	0	0	0	0	0	0	0	1	0
C	Marios	18	125	5	1	26____	2250	1	2	0	0	0	0	0	0	0	0	0
C	Marios	18	125	5	1	26____	2750	2	12	0	0	0	0	0	0	0	0	0
C	Marios	18	125	5	1	26____	3250	12	15	0	0	0	0	0	0	0	0	0
C	Marios	18	125	5	1	26____	3750	15	1	0	0	0	0	0	0	0	0	0
C	Marios	18	125	5	1	26____	4478	1	0	0	0	0	1	0	0	0	0	0
C	Marios	18	125	5	1	26____	4511	1	0	0	0	0	0	0	0	0	1	0
C	Marios	18	125	5	1	26____	4514	1	0	0	0	0	1	0	0	0	0	0
C	Marios	18	125	5	1	26____	4696	1	0	0	0	0	0	0	0	0	1	0
C	Marios	18	125	5	1	26____	4718	1	0	0	0	0	1	0	0	0	0	0
C	Marios	18	125	5	1	26____	4748	1	0	0	0	0	0	0	0	0	1	0
C	Marios	18	125	5	1	26____	5724	1	0	0	0	0	1	0	0	0	0	0
C	Marios	18	125	5	1	26____	5742	1	0	0	0	0	0	0	0	0	1	0
C	Marios	18	125	5	1	26____	6328	1	0	0	0	0	1	0	0	0	0	0
C	Marios	18	125	5	1	26____	6333	1	0	0	0	0	0	0	0	0	1	0
C	Marios	18	125	5	1	26____	6342	1	0	0	0	0	1	0	0	0	0	0
C	Marios	18	125	5	1	26____	6357	1	0	0	0	0	0	0	0	0	1	0
C	Marios	18	125	5	1	26____	6380	1	0	0	0	0	1	0	0	0	0	0
C	Marios	18	125	5	1	26____	6411	1	0	0	0	0	0	0	0	0	1	0
C	Marios	18	125	5	1	26____	7118	1	0	0	0	0	1	0	0	0	0	0
C	Marios	18	125	5	1	26____	7133	1	0	0	0	0	0	0	0	0	1	0
C	Marios	18	125	5	1	26____	7135	1	0	0	0	0	1	0	0	0	0	0
C	Marios	18	125	5	1	26____	7138	1	0	0	0	0	0	0	0	0	1	0
C	Marios	18	125	5	1	26____	7250	1	2	0	0	0	0	0	0	0	0	0
C	Marios	18	125	5	1	26____	7373	2	0	0	0	0	1	0	0	0	0	0
C	Marios	18	125	5	1	26____	7375	2	0	0	0	0	0	0	0	0	1	0
C	Marios	18	125	5	1	26____	7376	2	0	0	0	0	1	0	0	0	0	0
C	Marios	18	125	5	1	26____	7378	2	0	0	0	0	0	0	0	0	1	0
C	Marios	18	125	5	1	26____	7379	2	0	0	0	0	1	0	0	0	0	0
C	Marios	18	125	5	1	26____	7413	2	0	0	0	0	0	0	0	0	1	0
C	Marios	18	125	5	1	26____	7750	2	12	0	0	0	0	0	0	0	0	0
C	Marios	18	125	5	1	26____	8250	12	15	0	0	0	0	0	0	0	0	0
C	Marios	18	125	5	1	26____	8280	15	0	0	0	0	1	0	0	0	0	0
C	Marios	18	125	5	1	26____	8282	15	0	0	0	0	0	0	0	0	1	0
C	Marios	18	125	5	1	26____	8385	15	0	0	0	0	1	0	0	0	0	0
C	Marios	18	125	5	1	26____	8388	15	0	0	0	0	0	0	0	0	1	0
C	Marios	18	125	5	1	26____	8389	15	0	0	0	0	1	0	0	0	0	0
C	Marios	18	125	5	1	26____	8407	15	0	0	0	0	0	0	0	0	1	0
C	Marios	18	125	5	1	26____	8750	15	1	0	0	0	0	0	0	0	0	0
C	Marios	18	125	5	1	26____	9961	1	0	0	0	0	1	0	0	0	0	0
C	Marios	18	125	5	1	26____	9964	1	0	0	0	0	0	0	0	0	1	0
C	Marios	18	125	5	1	26____	11044	1	0	0	0	0	1	0	0	0	0	0
C	Marios	18	125	5	1	26____	11085	1	0	0	0	0	0	0	0	0	1	0
C	Marios	18	125	5	1	26____	11750	1	2	0	0	0	0	0	0	0	0	0
C	Marios	18	125	5	1	26____	12250	2	6	0	0	0	0	0	0	0	0	0
C	Marios	18	125	5	1	26____	12323	6	0	0	0	0	1	0	0	0	0	0
C	Marios	18	125	5	1	26____	12339	6	0	0	0	0	0	0	0	0	1	0
C	Marios	18	125	5	1	26____	12369	6	0	0	0	0	1	0	0	0	0	0
C	Marios	18	125	5	1	26____	12441	6	0	0	0	0	0	0	0	0	1	0
C	Marios	18	125	5	1	26____	12467	6	0	0	0	0	1	0	0	0	0	0
C	Marios	18	125	5	1	26____	12517	6	0	0	0	0	0	0	0	0	1	0
C	Marios	18	125	5	1	26____	12549	6	0	0	0	0	1	0	0	0	0	0
C	Marios	18	125	5	1	26____	12603	6	0	0	0	0	0	0	0	0	1	0
C	Marios	18	125	5	1	26____	12638	6	0	0	0	0	1	0	0	0	0	0
C	Marios	18	125	5	1	26____	12686	6	0	0	0	0	0	0	0	0	1	0
C	Marios	18	125	5	1	26____	12719	6	0	0	0	0	1	0	0	0	0	0
C	Marios	18	125	5	1	26____	12735	6	0	0	0	0	0	0	0	0	1	0
C	Marios	18	125	5	1	26____	12750	6	10	0	0	0	0	0	0	0	0	0
C	Marios	18	125	5	1	26____	12771	10	0	0	0	0	1	0	0	0	0	0
C	Marios	18	125	5	1	26____	12928	10	0	0	0	0	0	0	0	0	1	0
C	Marios	18	125	5	1	26____	12946	10	0	0	0	0	1	0	0	0	0	0
C	Marios	18	125	5	1	26____	12951	10	0	0	0	0	0	0	0	0	1	0
C	Marios	18	125	5	1	26____	13250	10	1	0	0	0	0	0	0	0	0	0
C	Marios	18	125	5	1	26____	15364	1	0	0	0	0	1	0	0	0	0	0
C	Marios	18	125	5	1	26____	15381	1	0	0	0	0	0	0	0	0	1	0
C	Marios	18	125	5	1	26____	16731	1	0	0	0	0	1	0	0	0	0	0
C	Marios	18	125	5	1	26____	16735	1	0	0	0	0	0	0	0	0	1	0
C	Marios	18	125	5	1	26____	17750	1	2	0	0	0	0	0	0	0	0	0
C	Marios	18	125	5	1	26____	18011	2	0	0	0	0	1	0	0	0	0	0
C	Marios	18	125	5	1	26____	18049	2	0	0	0	0	0	0	0	0	1	0
C	Marios	18	125	5	1	26____	18053	2	0	0	0	0	1	0	0	0	0	0
C	Marios	18	125	5	1	26____	18054	2	0	0	0	0	0	0	0	0	1	0
C	Marios	18	125	5	1	26____	18058	2	0	0	0	0	1	0	0	0	0	0
C	Marios	18	125	5	1	26____	18065	2	0	0	0	0	0	0	0	0	1	0
C	Marios	18	125	5	1	26____	18068	2	0	0	0	0	1	0	0	0	0	0
C	Marios	18	125	5	1	26____	18070	2	0	0	0	0	0	0	0	0	1	0
C	Marios	18	125	5	1	26____	18075	2	0	0	0	0	1	0	0	0	0	0
C	Marios	18	125	5	1	26____	18082	2	0	0	0	0	0	0	0	0	1	0
C	Marios	18	125	5	1	26____	18171	2	0	0	0	0	1	0	0	0	0	0
C	Marios	18	125	5	1	26____	18224	2	0	0	0	0	0	0	0	0	1	0
C	Marios	18	125	5	1	26____	18250	2	7	0	0	0	0	0	0	0	0	0
C	Marios	18	125	5	1	26____	18270	7	0	0	0	0	1	0	0	0	0	0
C	Marios	18	125	5	1	26____	18348	7	0	0	0	0	0	0	0	0	1	0
C	Marios	18	125	5	1	26____	18373	7	0	0	0	0	1	0	0	0	0	0
C	Marios	18	125	5	1	26____	18391	7	0	0	0	0	0	0	0	0	1	0
C	Marios	18	125	5	1	26____	18405	7	0	0	0	0	1	0	0	0	0	0
C	Marios	18	125	5	1	26____	18464	7	0	0	0	0	0	0	0	0	1	0
C	Marios	18	125	5	1	26____	18526	7	0	0	0	0	1	0	0	0	0	0
C	Marios	18	125	5	1	26____	18543	7	0	0	0	0	0	0	0	0	1	0
C	Marios	18	125	5	1	26____	18580	7	0	0	0	0	1	0	0	0	0	0
C	Marios	18	125	5	1	26____	18600	7	0	0	0	0	0	0	0	0	1	0
C	Marios	18	125	5	1	26____	18719	7	0	0	0	0	1	0	0	0	0	0
C	Marios	18	125	5	1	26____	18750	7	11	0	0	0	0	0	0	0	0	0
C	Marios	18	125	5	1	26____	18909	11	0	0	0	0	0	0	0	0	1	0
C	Marios	18	125	5	1	26____	18911	11	0	0	0	0	1	0	0	0	0	0
C	Marios	18	125	5	1	26____	18917	11	0	0	0	0	0	0	0	0	1	0
C	Marios	18	125	5	1	26____	18932	11	0	0	0	0	1	0	0	0	0	0
C	Marios	18	125	5	1	26____	18937	11	0	0	0	0	0	0	0	0	1	0
C	Marios	18	125	5	1	26____	18969	11	0	0	0	0	1	0	0	0	0	0
C	Marios	18	125	5	1	26____	19004	11	0	0	0	0	0	0	0	0	1	0
C	Marios	18	125	5	1	26____	19250	11	1	0	0	0	0	0	0	0	0	0
C	Marios	18	125	5	1	26____	19260	1	0	0	0	0	1	0	0	0	0	0
C	Marios	18	125	5	1	26____	19262	1	0	0	0	0	0	0	0	0	1	0
C	Marios	18	125	5	1	26____	19264	1	0	0	0	0	1	0	0	0	0	0
C	Marios	18	125	5	1	26____	19442	1	0	0	0	0	0	0	0	0	1	0
C	Marios	18	125	5	1	26____	19580	1	0	0	0	0	1	0	0	0	0	0
C	Marios	18	125	5	1	26____	19593	1	0	0	0	0	0	0	0	0	1	0
C	Marios	18	125	5	1	26____	21201	1	0	0	0	0	1	0	0	0	0	0
C	Marios	18	125	5	1	26____	21217	1	0	0	0	0	0	0	0	0	1	0
C	Marios	18	125	5	1	26____	23000	1	2	0	0	0	0	0	0	0	0	0
C	Marios	18	125	5	1	26____	23410	2	0	0	0	0	1	0	0	0	0	0
C	Marios	18	125	5	1	26____	23500	2	13	0	0	0	0	0	0	0	0	0
C	Marios	18	125	5	1	26____	23503	13	0	0	0	0	0	0	0	0	1	0
C	Marios	18	125	5	1	26____	23638	13	0	0	0	0	1	0	0	0	0	0
C	Marios	18	125	5	1	26____	23655	13	0	0	0	0	0	0	0	0	1	0
C	Marios	18	125	5	1	26____	24000	13	15	0	0	0	0	0	0	0	0	0
C	Marios	18	125	5	1	26____	24500	15	1	0	0	0	0	0	0	0	0	0
C	Marios	18	125	5	1	26____	25498	1	0	0	0	0	1	0	0	0	0	0
C	Marios	18	125	5	1	26____	25502	1	0	0	0	0	1	0	0	0	1	0
C	Marios	18	125	5	1	26____	25861	1	0	0	0	0	0	0	0	0	1	0
C	Marios	18	125	5	1	26____	25947	1	0	0	0	0	1	0	0	0	0	0
C	Marios	18	125	5	1	26____	26034	1	0	0	0	0	0	0	0	0	1	0
C	Marios	18	125	5	1	26____	26065	1	0	0	0	0	1	0	0	0	0	0
C	Marios	18	125	5	1	26____	26087	1	0	0	0	0	0	0	0	0	1	0
C	Marios	18	125	5	1	26____	26156	1	0	0	0	0	1	0	0	0	0	0
C	Marios	18	125	5	1	26____	26330	1	0	0	0	0	0	0	0	0	1	0
C	Marios	18	125	5	1	26____	26844	1	0	0	0	0	1	0	0	0	0	0
C	Marios	18	125	5	1	26____	26861	1	0	0	0	0	0	0	0	0	1	0
C	Marios	18	125	5	1	26____	27862	1	0	0	0	0	1	0	0	0	0	0
C	Marios	18	125	5	1	26____	27865	1	0	0	0	0	0	0	0	0	1	0
C	Marios	18	125	5	1	26____	27952	1	0	0	0	0	1	0	0	0	0	0
C	Marios	18	125	5	1	26____	28150	1	0	0	0	0	0	0	0	0	1	0
C	Marios	18	125	5	1	26____	28291	1	0	0	0	0	1	0	0	0	0	0
C	Marios	18	125	5	1	26____	28394	1	0	0	0	0	0	0	0	0	1	0
C	Marios	18	125	5	1	26____	28455	1	0	0	0	0	1	0	0	0	0	0
C	Marios	18	125	5	1	26____	28485	1	0	0	0	0	0	0	0	0	1	0
C	Marios	18	125	5	1	26____	28494	1	0	0	0	0	1	0	0	0	0	0
C	Marios	18	125	5	1	26____	28505	1	0	0	0	0	0	0	0	0	1	0
C	Marios	18	125	5	1	26____	28547	1	0	0	0	0	1	0	0	0	0	0
C	Marios	18	125	5	1	26____	28619	1	0	0	0	0	0	0	0	0	1	0
C	Marios	18	125	5	1	26____	28764	1	0	0	0	0	1	0	0	0	0	0
C	Marios	18	125	5	1	26____	28862	1	0	0	0	0	0	0	0	0	1	0
C	Marios	18	125	5	1	26____	29061	1	0	0	0	0	1	0	0	0	0	0
C	Marios	18	125	5	1	26____	29070	1	0	0	0	0	0	0	0	0	1	0
C	Marios	18	125	5	1	26____	29076	1	0	0	0	0	1	0	0	0	0	0
C	Marios	18	125	5	1	26____	29083	1	0	0	0	0	0	0	0	0	1	0
C	Marios	18	125	5	1	26____	29093	1	0	0	0	0	1	0	0	0	0	0
C	Marios	18	125	5	1	26____	29096	1	0	0	0	0	0	0	0	0	1	0
C	Marios	18	125	5	1	26____	29100	1	0	0	0	0	1	0	0	0	0	0
C	Marios	18	125	5	1	26____	29210	1	0	0	0	0	0	0	0	0	1	0
C	Marios	18	125	5	1	26____	29325	1	0	0	0	0	1	0	0	0	0	0
C	Marios	18	125	5	1	26____	29359	1	0	0	0	0	0	0	0	0	1	0
C	Marios	18	125	5	1	26____	30080	1	0	0	0	0	1	0	0	0	0	0
C	Marios	18	125	5	1	26____	30087	1	0	0	0	0	0	0	0	0	1	0
C	Marios	18	125	5	1	26____	30106	1	0	0	0	0	1	0	0	0	0	0
C	Marios	18	125	5	1	26____	30122	1	0	0	0	0	0	0	0	0	1	0
C	Marios	18	125	5	1	26____	30500	1	2	0	0	0	0	0	0	0	0	0
C	Marios	18	125	5	1	26____	31000	2	13	0	0	0	0	0	0	0	0	0
C	Marios	18	125	5	1	26____	31500	13	15	0	0	0	0	0	0	0	0	0
C	Marios	18	125	5	1	26____	32000	15	1	0	0	0	0	0	0	0	0	0
C	Marios	18	125	5	1	26____	32036	1	0	0	0	0	1	0	0	0	0	0
C	Marios	18	125	5	1	26____	32048	1	0	0	0	0	0	0	0	0	1	0
C	Marios	18	125	5	1	26____	32340	1	0	0	0	0	1	0	0	0	0	0
C	Marios	18	125	5	1	26____	32383	1	0	0	0	0	0	0	0	0	1	0
C	Marios	18	125	5	1	26____	33501	1	0	0	0	0	1	0	0	0	0	0
C	Marios	18	125	5	1	26____	33516	1	0	0	0	0	0	0	0	0	1	0
C	Marios	18	125	5	1	26____	33583	1	0	0	0	0	1	0	0	0	0	0
C	Marios	18	125	5	1	26____	33591	1	0	0	0	0	0	0	0	0	1	0
C	Marios	18	125	5	1	26____	33594	1	0	0	0	0	1	0	0	0	0	0
C	Marios	18	125	5	1	26____	33849	1	0	0	0	0	0	0	0	0	1	0
C	Marios	18	125	5	1	26____	33942	1	0	0	0	0	1	0	0	0	0	0
C	Marios	18	125	5	1	26____	33953	1	0	0	0	0	0	0	0	0	1	0
C	Marios	18	125	5	1	26____	34027	1	0	0	0	0	1	0	0	0	0	0
C	Marios	18	125	5	1	26____	34165	1	0	0	0	0	0	0	0	0	1	0
C	Marios	18	125	5	1	26____	35313	1	0	0	0	0	1	0	0	0	0	0
C	Marios	18	125	5	1	26____	35364	1	0	0	0	0	0	0	0	0	1	0
C	Marios	18	125	5	1	26____	35522	1	0	0	0	0	1	0	0	0	0	0
C	Marios	18	125	5	1	26____	35605	1	0	0	0	0	0	0	0	0	1	0
C	Marios	18	125	5	1	26____	35813	1	0	0	0	0	1	0	0	0	0	0
C	Marios	18	125	5	1	26____	35819	1	0	0	0	0	0	0	0	0	1	0
C	Marios	18	125	5	1	26____	35948	1	0	0	0	0	1	0	0	0	0	0
C	Marios	18	125	5	1	26____	35964	1	0	0	0	0	0	0	0	0	1	0
C	Marios	18	125	5	1	26____	35972	1	0	0	0	0	1	0	0	0	0	0
C	Marios	18	125	5	1	26____	35976	1	0	0	0	0	0	0	0	0	1	0
C	Marios	18	125	5	1	26____	36029	1	0	0	0	0	1	0	0	0	0	0
C	Marios	18	125	5	1	26____	36036	1	0	0	0	0	0	0	0	0	1	0
C	Marios	18	125	5	1	26____	36037	1	0	0	0	0	1	0	0	0	0	0
C	Marios	18	125	5	1	26____	36039	1	0	0	0	0	0	0	0	0	1	0
C	Marios	18	125	5	1	26____	36266	1	0	0	0	0	1	0	0	0	0	0
C	Marios	18	125	5	1	26____	36270	1	0	0	0	0	0	0	0	0	1	0
C	Marios	18	125	5	1	26____	36280	1	0	0	0	0	1	0	0	0	0	0
C	Marios	18	125	5	1	26____	36327	1	0	0	0	0	0	0	0	0	1	0
C	Marios	18	125	5	1	26____	36330	1	0	0	0	0	1	0	0	0	0	0
C	Marios	18	125	5	1	26____	36340	1	0	0	0	0	0	0	0	0	1	0
C	Marios	18	125	5	1	26____	38750	1	2	0	0	0	0	0	0	0	0	0
C	Marios	18	125	5	1	26____	39186	2	0	0	0	0	1	0	0	0	0	0
C	Marios	18	125	5	1	26____	39191	2	0	0	0	0	0	0	0	0	1	0
C	Marios	18	125	5	1	26____	39196	2	0	0	0	0	1	0	0	0	0	0
C	Marios	18	125	5	1	26____	39218	2	0	0	0	0	0	0	0	0	1	0
C	Marios	18	125	5	1	26____	39224	2	0	0	0	0	1	0	0	0	0	0
C	Marios	18	125	5	1	26____	39250	2	12	0	0	0	0	0	0	0	0	0
C	Marios	18	125	5	1	26____	39254	12	0	0	0	0	0	0	0	0	1	0
C	Marios	18	125	5	1	26____	39316	12	0	0	0	0	1	0	0	0	0	0
C	Marios	18	125	5	1	26____	39372	12	0	0	0	0	0	0	0	0	1	0
C	Marios	18	125	5	1	26____	39426	12	0	0	0	0	1	0	0	0	0	0
C	Marios	18	125	5	1	26____	39565	12	0	0	0	0	0	0	0	0	1	0
C	Marios	18	125	5	1	26____	39654	12	0	0	0	0	1	0	0	0	0	0
C	Marios	18	125	5	1	26____	39735	12	0	0	0	0	0	0	0	0	1	0
C	Marios	18	125	5	1	26____	39738	12	0	0	0	0	1	0	0	0	0	0
C	Marios	18	125	5	1	26____	39750	12	15	0	0	0	0	0	0	0	0	0
C	Marios	18	125	5	1	26____	39785	15	0	0	0	0	0	0	0	0	1	0
C	Marios	18	125	5	1	26____	39852	15	0	0	0	0	1	0	0	0	0	0
C	Marios	18	125	5	1	26____	39960	15	0	0	0	0	0	0	0	0	1	0
C	Marios	18	125	5	1	26____	40250	15	1	0	0	0	0	0	0	0	0	0
C	Marios	18	125	5	1	26____	40267	1	0	0	0	0	1	0	0	0	0	0
C	Marios	18	125	5	1	26____	40310	1	0	0	0	0	0	0	0	0	1	0
C	Marios	18	125	5	1	26____	40849	1	0	0	0	0	1	0	0	0	0	0
C	Marios	18	125	5	1	26____	41030	1	0	0	0	0	0	0	0	0	1	0
C	Marios	18	125	5	1	26____	43047	1	0	0	0	0	1	0	0	0	0	0
C	Marios	18	125	5	1	26____	43125	1	0	0	0	0	0	0	0	0	1	0
C	Marios	18	125	5	1	26____	44410	1	0	0	0	0	1	0	0	0	0	0
C	Marios	18	125	5	1	26____	44417	1	0	0	0	0	0	0	0	0	1	0
C	Marios	18	125	5	1	26____	44422	1	0	0	0	0	1	0	0	0	0	0
C	Marios	18	125	5	1	26____	44467	1	0	0	0	0	0	0	0	0	1	0
C	Marios	18	125	5	1	26____	44482	1	0	0	0	0	1	0	0	0	0	0
C	Marios	18	125	5	1	26____	44492	1	0	0	0	0	0	0	0	0	1	0
C	Marios	18	125	5	1	26____	44499	1	0	0	0	0	1	0	0	0	0	0
C	Marios	18	125	5	1	26____	44501	1	0	0	0	0	0	0	0	0	1	0
C	Marios	18	125	5	1	26____	44507	1	0	0	0	0	1	0	0	0	0	0
C	Marios	18	125	5	1	26____	44511	1	0	0	0	0	0	0	0	0	1	0
C	Marios	18	125	5	1	26____	44512	1	0	0	0	0	1	0	0	0	0	0
C	Marios	18	125	5	1	26____	44519	1	0	0	0	0	0	0	0	0	1	0
C	Marios	18	125	5	1	26____	44666	1	0	0	0	0	1	0	0	0	0	0
C	Marios	18	125	5	1	26____	44731	1	0	0	0	0	0	0	0	0	1	0
C	Marios	18	125	5	1	26____	44750	1	2	0	0	0	0	0	0	0	0	0
C	Marios	18	125	5	1	26____	45250	2	13	0	0	0	0	0	0	0	0	0
C	Marios	18	125	5	1	26____	45750	13	15	0	0	0	0	0	0	0	0	0
C	Marios	18	125	5	1	26____	46250	15	1	0	0	0	0	0	0	0	0	0
C	Marios	18	125	5	1	26____	46430	1	0	0	0	0	1	0	0	0	0	0
C	Marios	18	125	5	1	26____	46530	1	0	0	0	0	0	0	0	0	1	0
C	Marios	18	125	5	1	26____	46626	1	0	0	0	0	1	0	0	0	0	0
C	Marios	18	125	5	1	26____	46735	1	0	0	0	0	0	0	0	0	1	0
C	Marios	18	125	5	1	26____	47954	1	0	0	0	0	1	0	0	0	0	0
C	Marios	18	125	5	1	26____	48082	1	0	0	0	0	0	0	0	0	1	0
C	Marios	18	125	5	1	26____	48107	1	0	0	0	0	1	0	0	0	0	0
C	Marios	18	125	5	1	26____	48125	1	0	0	0	0	0	0	0	0	1	0
C	Marios	18	125	5	1	26____	48159	1	0	0	0	0	1	0	0	0	0	0
C	Marios	18	125	5	1	26____	48186	1	0	0	0	0	0	0	0	0	1	0
C	Marios	18	125	5	1	26____	48289	1	0	0	0	0	1	0	0	0	0	0
C	Marios	18	125	5	1	26____	48331	1	0	0	0	0	0	0	0	0	1	0
C	Marios	18	125	5	1	26____	48457	1	0	0	0	0	1	0	0	0	0	0
C	Marios	18	125	5	1	26____	48462	1	0	0	0	0	0	0	0	0	1	0
C	Marios	18	125	5	1	26____	49708	1	0	0	0	0	1	0	0	0	0	0
C	Marios	18	125	5	1	26____	50006	1	0	0	0	0	0	0	0	0	1	0
C	Marios	18	125	5	1	26____	51084	1	0	0	0	0	1	0	0	0	0	0
C	Marios	18	125	5	1	26____	51135	1	0	0	0	0	0	0	0	0	1	0
C	Marios	18	125	5	1	26____	51500	1	2	0	0	0	0	0	0	0	0	0
C	Marios	18	125	5	1	26____	52000	2	7	0	0	0	0	0	0	0	0	0
C	Marios	18	125	5	1	26____	52110	7	0	0	0	0	1	0	0	0	0	0
C	Marios	18	125	5	1	26____	52159	7	0	0	0	0	0	0	0	0	1	0
C	Marios	18	125	5	1	26____	52182	7	0	0	0	0	1	0	0	0	0	0
C	Marios	18	125	5	1	26____	52271	7	0	0	0	0	0	0	0	0	1	0
C	Marios	18	125	5	1	26____	52322	7	0	0	0	0	1	0	0	0	0	0
C	Marios	18	125	5	1	26____	52394	7	0	0	0	0	0	0	0	0	1	0
C	Marios	18	125	5	1	26____	52455	7	0	0	0	0	1	0	0	0	0	0
C	Marios	18	125	5	1	26____	52500	7	11	0	0	0	0	0	0	0	0	0
C	Marios	18	125	5	1	26____	52990	11	0	0	0	0	0	0	0	0	1	0
C	Marios	18	125	5	1	26____	52992	11	0	0	0	0	1	0	0	0	0	0
C	Marios	18	125	5	1	26____	52996	11	0	0	0	0	0	0	0	0	1	0
C	Marios	18	125	5	1	26____	52999	11	0	0	0	0	1	0	0	0	0	0
C	Marios	18	125	5	1	26____	53000	11	1	0	0	0	0	0	0	0	0	0
C	Marios	18	125	5	1	26____	53002	1	0	0	0	0	0	0	0	0	1	0
C	Marios	18	125	5	1	26____	53006	1	0	0	0	0	1	0	0	0	0	0
C	Marios	18	125	5	1	26____	53011	1	0	0	0	0	0	0	0	0	1	0
C	Marios	18	125	5	1	26____	53014	1	0	0	0	0	1	0	0	0	0	0
C	Marios	18	125	5	1	26____	53016	1	0	0	0	0	0	0	0	0	1	0
C	Marios	18	125	5	1	26____	53017	1	0	0	0	0	1	0	0	0	0	0
C	Marios	18	125	5	1	26____	53032	1	0	0	0	0	1	0	0	0	1	0
C	Marios	18	125	5	1	26____	53039	1	0	0	0	0	0	0	0	0	1	0
C	Marios	18	125	5	1	26____	53042	1	0	0	0	0	1	0	0	0	0	0
C	Marios	18	125	5	1	26____	53045	1	0	0	0	0	0	0	0	0	1	0
C	Marios	18	125	5	1	26____	53047	1	0	0	0	0	1	0	0	0	0	0
C	Marios	18	125	5	1	26____	53055	1	0	0	0	0	0	0	0	0	1	0
C	Marios	18	125	5	1	26____	53056	1	0	0	0	0	1	0	0	0	0	0
C	Marios	18	125	5	1	26____	53060	1	0	0	0	0	0	0	0	0	1	0
C	Marios	18	125	5	1	26____	53064	1	0	0	0	0	1	0	0	0	0	0
C	Marios	18	125	5	1	26____	53067	1	0	0	0	0	0	0	0	0	1	0
C	Marios	18	125	5	1	26____	53072	1	0	0	0	0	1	0	0	0	0	0
C	Marios	18	125	5	1	26____	53074	1	0	0	0	0	0	0	0	0	1	0
C	Marios	18	125	5	1	26____	53082	1	0	0	0	0	1	0	0	0	0	0
C	Marios	18	125	5	1	26____	53084	1	0	0	0	0	0	0	0	0	1	0
C	Marios	18	125	5	1	26____	53090	1	0	0	0	0	1	0	0	0	0	0
C	Marios	18	125	5	1	26____	53092	1	0	0	0	0	0	0	0	0	1	0
C	Marios	18	125	5	1	26____	53123	1	0	0	0	0	1	0	0	0	0	0
C	Marios	18	125	5	1	26____	53125	1	0	0	0	0	0	0	0	0	1	0
C	Marios	18	125	5	1	26____	53131	1	0	0	0	0	1	0	0	0	0	0
C	Marios	18	125	5	1	26____	53134	1	0	0	0	0	0	0	0	0	1	0
C	Marios	18	125	5	1	26____	53140	1	0	0	0	0	1	0	0	0	0	0
C	Marios	18	125	5	1	26____	53143	1	0	0	0	0	0	0	0	0	1	0
C	Marios	18	125	5	1	26____	53149	1	0	0	0	0	1	0	0	0	0	0
C	Marios	18	125	5	1	26____	53151	1	0	0	0	0	0	0	0	0	1	0
C	Marios	18	125	5	1	26____	53164	1	0	0	0	0	1	0	0	0	0	0
C	Marios	18	125	5	1	26____	53191	1	0	0	0	0	0	0	0	0	1	0
C	Marios	18	125	5	1	26____	53195	1	0	0	0	0	1	0	0	0	0	0
C	Marios	18	125	5	1	26____	53199	1	0	0	0	0	0	0	0	0	1	0
C	Marios	18	125	5	1	26____	53285	1	0	0	0	0	1	0	0	0	0	0
C	Marios	18	125	5	1	26____	53301	1	0	0	0	0	0	0	0	0	1	0
C	Marios	18	125	5	1	26____	55677	1	0	0	0	0	1	0	0	0	0	0
C	Marios	18	125	5	1	26____	55693	1	0	0	0	0	0	0	0	0	1	0
C	Marios	18	125	5	1	26____	55814	1	0	0	0	0	1	0	0	0	0	0
C	Marios	18	125	5	1	26____	55816	1	0	0	0	0	0	0	0	0	1	0
C	Marios	18	125	5	1	26____	57659	1	0	0	0	0	1	0	0	0	0	0
C	Marios	18	125	5	1	26____	57661	1	0	0	0	0	0	0	0	0	1	0
C	Marios	18	125	5	1	26____	57667	1	0	0	0	0	1	0	0	0	0	0
C	Marios	18	125	5	1	26____	57743	1	0	0	0	0	0	0	0	0	1	0
C	Marios	18	125	5	1	26____	57918	1	0	0	0	0	1	0	0	0	0	0
C	Marios	18	125	5	1	26____	57923	1	0	0	0	0	0	0	0	0	1	0
C	Marios	18	125	5	1	26____	57948	1	0	0	0	0	1	0	0	0	0	0
C	Marios	18	125	5	1	26____	58065	1	0	0	0	0	0	0	0	0	1	0
C	Marios	18	125	5	1	26____	59351	1	0	0	0	0	1	0	0	0	0	0
C	Marios	18	125	5	1	26____	59405	1	0	0	0	0	0	0	0	0	1	0
C	Marios	18	125	5	1	26____	59501	1	0	0	0	0	1	0	0	0	0	0
C	Marios	18	125	5	1	26____	59607	1	0	0	0	0	0	0	0	0	1	0
C	Marios	18	125	5	1	26____	59664	1	0	0	0	0	1	0	0	0	0	0
C	Marios	18	125	5	1	26____	59719	1	0	0	0	0	0	0	0	0	1	0
C	Marios	18	125	5	1	26____	59811	1	0	0	0	0	1	0	0	0	0	0
C	Marios	18	125	5	1	26____	59961	1	0	0	0	0	0	0	0	0	1	0
C	Marios	18	125	5	1	26____	60029	1	0	0	0	0	1	0	0	0	0	0
C	Marios	18	125	5	1	26____	60137	1	0	0	0	0	0	0	0	0	1	0
C	Marios	18	125	5	1	26____	60226	1	0	0	0	0	1	0	0	0	0	0
C	Marios	18	125	5	1	26____	60284	1	0	0	0	0	0	0	0	0	1	0
C	Marios	18	125	5	1	26____	60383	1	0	0	0	0	1	0	0	0	0	0
C	Marios	18	125	5	1	26____	60500	1	2	0	0	0	0	0	0	0	0	0
C	Marios	18	125	5	1	26____	60518	2	0	0	0	0	0	0	0	0	1	0
C	Marios	18	125	5	1	26____	60596	2	0	0	0	0	1	0	0	0	0	0
C	Marios	18	125	5	1	26____	60602	2	0	0	0	0	0	0	0	0	1	0
C	Marios	18	125	5	1	26____	60656	2	0	0	0	0	1	0	0	0	0	0
C	Marios	18	125	5	1	26____	60671	2	0	0	0	0	0	0	0	0	1	0
C	Marios	18	125	5	1	26____	60682	2	0	0	0	0	1	0	0	0	0	0
C	Marios	18	125	5	1	26____	60705	2	0	0	0	0	0	0	0	0	1	0
C	Marios	18	125	5	1	26____	60710	2	0	0	0	0	1	0	0	0	0	0
C	Marios	18	125	5	1	26____	60717	2	0	0	0	0	0	0	0	0	1	0
C	Marios	18	125	5	1	26____	60740	2	0	0	0	0	1	0	0	0	0	0
C	Marios	18	125	5	1	26____	60742	2	0	0	0	0	0	0	0	0	1	0
C	Marios	18	125	5	1	26____	60758	2	0	0	0	0	1	0	0	0	0	0
C	Marios	18	125	5	1	26____	60765	2	0	0	0	0	0	0	0	0	1	0
C	Marios	18	125	5	1	26____	60825	2	0	0	0	0	1	0	0	0	0	0
C	Marios	18	125	5	1	26____	60931	2	0	0	0	0	0	0	0	0	1	0
C	Marios	18	125	5	1	26____	61000	2	12	0	0	0	0	0	0	0	0	0
C	Marios	18	125	5	1	26____	61044	12	0	0	0	0	1	0	0	0	0	0
C	Marios	18	125	5	1	26____	61111	12	0	0	0	0	0	0	0	0	1	0
C	Marios	18	125	5	1	26____	61232	12	0	0	0	0	1	0	0	0	0	0
C	Marios	18	125	5	1	26____	61394	12	0	0	0	0	0	0	0	0	1	0
C	Marios	18	125	5	1	26____	61448	12	0	0	0	0	1	0	0	0	0	0
C	Marios	18	125	5	1	26____	61500	12	15	0	0	0	0	0	0	0	0	0
C	Marios	18	125	5	1	26____	61599	15	0	0	0	0	0	0	0	0	1	0
C	Marios	18	125	5	1	26____	61754	15	0	0	0	0	1	0	0	0	0	0
C	Marios	18	125	5	1	26____	61787	15	0	0	0	0	0	0	0	0	1	0
C	Marios	18	125	5	1	26____	62000	15	1	0	0	0	0	0	0	0	0	0
C	Marios	18	125	5	1	26____	62254	1	0	0	0	0	1	0	0	0	0	0
C	Marios	18	125	5	1	26____	62275	1	0	0	0	0	0	0	0	0	1	0
C	Marios	18	125	5	1	26____	65174	1	0	0	0	0	1	0	0	0	0	0
C	Marios	18	125	5	1	26____	65255	1	0	0	0	0	0	0	0	0	1	0
C	Marios	18	125	5	1	26____	65285	1	0	0	0	0	1	0	0	0	0	0
C	Marios	18	125	5	1	26____	65291	1	0	0	0	0	0	0	0	0	1	0
C	Marios	18	125	5	1	26____	65329	1	0	0	0	0	1	0	0	0	0	0
C	Marios	18	125	5	1	26____	65334	1	0	0	0	0	0	0	0	0	1	0
C	Marios	18	125	5	1	26____	65351	1	0	0	0	0	1	0	0	0	0	0
C	Marios	18	125	5	1	26____	65452	1	0	0	0	0	0	0	0	0	1	0
C	Marios	18	125	5	1	26____	65826	1	0	0	0	0	1	0	0	0	0	0
C	Marios	18	125	5	1	26____	65836	1	0	0	0	0	0	0	0	0	1	0
C	Marios	18	125	5	1	26____	67500	1	2	0	0	0	0	0	0	0	0	0
C	Marios	18	125	5	1	26____	68000	2	13	0	0	0	0	0	0	0	0	0
C	Marios	18	125	5	1	26____	68100	13	0	0	0	0	1	0	0	0	0	0
C	Marios	18	125	5	1	26____	68120	13	0	0	0	0	0	0	0	0	1	0
C	Marios	18	125	5	1	26____	68500	13	15	0	0	0	0	0	0	0	0	0
C	Marios	18	125	5	1	26____	68803	15	0	0	0	0	1	0	0	0	0	0
C	Marios	18	125	5	1	26____	68805	15	0	0	0	0	0	0	0	0	1	0
C	Marios	18	125	5	1	26____	69000	15	1	0	0	0	0	0	0	0	0	0
C	Marios	18	125	5	1	26____	69721	1	0	0	0	0	1	0	0	0	0	0
C	Marios	18	125	5	1	26____	69776	1	0	0	0	0	0	0	0	0	1	0
C	Marios	18	125	5	1	26____	69871	1	0	0	0	0	1	0	0	0	0	0
C	Marios	18	125	5	1	26____	69933	1	0	0	0	0	0	0	0	0	1	0
C	Marios	18	125	5	1	26____	70500	1	2	0	0	0	0	0	0	0	0	0
C	Marios	18	125	5	1	26____	71000	2	6	0	0	0	0	0	0	0	0	0
C	Marios	18	125	5	1	26____	71096	6	0	0	0	0	1	0	0	0	0	0
C	Marios	18	125	5	1	26____	71211	6	0	0	0	0	0	0	0	0	1	0
C	Marios	18	125	5	1	26____	71255	6	0	0	0	0	1	0	0	0	0	0
C	Marios	18	125	5	1	26____	71314	6	0	0	0	0	0	0	0	0	1	0
C	Marios	18	125	5	1	26____	71388	6	0	0	0	0	1	0	0	0	0	0
C	Marios	18	125	5	1	26____	71463	6	0	0	0	0	0	0	0	0	1	0
C	Marios	18	125	5	1	26____	71500	6	10	0	0	0	0	0	0	0	0	0
C	Marios	18	125	5	1	26____	71523	10	0	0	0	0	1	0	0	0	0	0
C	Marios	18	125	5	1	26____	71798	10	0	0	0	0	0	0	0	0	1	0
C	Marios	18	125	5	1	26____	71800	10	0	0	0	0	1	0	0	0	0	0
C	Marios	18	125	5	1	26____	71802	10	0	0	0	0	0	0	0	0	1	0
C	Marios	18	125	5	1	26____	71805	10	0	0	0	0	1	0	0	0	0	0
C	Marios	18	125	5	1	26____	71808	10	0	0	0	0	0	0	0	0	1	0
C	Marios	18	125	5	1	26____	71810	10	0	0	0	0	1	0	0	0	0	0
C	Marios	18	125	5	1	26____	71815	10	0	0	0	0	0	0	0	0	1	0
C	Marios	18	125	5	1	26____	71816	10	0	0	0	0	1	0	0	0	0	0
C	Marios	18	125	5	1	26____	71820	10	0	0	0	0	0	0	0	0	1	0
C	Marios	18	125	5	1	26____	72000	10	1	0	0	0	0	0	0	0	0	0
C	Marios	18	125	5	1	26____	72573	1	0	0	0	0	1	0	0	0	0	0
C	Marios	18	125	5	1	26____	72583	1	0	0	0	0	0	0	0	0	1	0
C	Marios	18	125	5	1	26____	75750	1	2	0	0	0	0	0	0	0	0	0
C	Marios	18	125	5	1	26____	76250	2	13	0	0	0	0	0	0	0	0	0
C	Marios	18	125	5	1	26____	76590	13	0	0	0	0	1	0	0	0	0	0
C	Marios	18	125	5	1	26____	76601	13	0	0	0	0	0	0	0	0	1	0
C	Marios	18	125	5	1	26____	76750	13	15	0	0	0	0	0	0	0	0	0
C	Marios	18	125	5	1	26____	77003	15	0	0	0	0	1	0	0	0	0	0
C	Marios	18	125	5	1	26____	77045	15	0	0	0	0	0	0	0	0	1	0
C	Marios	18	125	5	1	26____	77220	15	0	0	0	0	1	0	0	0	0	0
C	Marios	18	125	5	1	26____	77247	15	0	0	0	0	0	0	0	0	1	0
C	Marios	18	125	5	1	26____	77250	15	1	0	0	0	0	0	0	0	0	0
C	Marios	18	125	5	1	26____	77672	1	0	0	0	0	1	0	0	0	0	0
C	Marios	18	125	5	1	26____	77715	1	0	0	0	0	0	0	0	0	1	0
C	Marios	18	125	5	1	26____	80250	1	2	0	0	0	0	0	0	0	0	0
C	Marios	18	125	5	1	26____	80750	2	6	0	0	0	0	0	0	0	0	0
C	Marios	18	125	5	1	26____	80839	6	0	0	0	0	1	0	0	0	0	0
C	Marios	18	125	5	1	26____	80901	6	0	0	0	0	0	0	0	0	1	0
C	Marios	18	125	5	1	26____	80919	6	0	0	0	0	1	0	0	0	0	0
C	Marios	18	125	5	1	26____	80941	6	0	0	0	0	0	0	0	0	1	0
C	Marios	18	125	5	1	26____	80992	6	0	0	0	0	1	0	0	0	0	0
C	Marios	18	125	5	1	26____	81047	6	0	0	0	0	0	0	0	0	1	0
C	Marios	18	125	5	1	26____	81103	6	0	0	0	0	1	0	0	0	0	0
C	Marios	18	125	5	1	26____	81155	6	0	0	0	0	0	0	0	0	1	0
C	Marios	18	125	5	1	26____	81250	6	10	0	0	0	0	0	0	0	0	0
C	Marios	18	125	5	1	26____	81339	10	0	0	0	0	1	0	0	0	0	0
C	Marios	18	125	5	1	26____	81661	10	0	0	0	0	0	0	0	0	1	0
C	Marios	18	125	5	1	26____	81675	10	0	0	0	0	1	0	0	0	0	0
C	Marios	18	125	5	1	26____	81677	10	0	0	0	0	0	0	0	0	1	0
C	Marios	18	125	5	1	26____	81750	10	1	0	0	0	0	0	0	0	0	0
C	Marios	18	125	5	1	26____	82074	1	0	0	0	0	1	0	0	0	0	0
C	Marios	18	125	5	1	26____	82077	1	0	0	0	0	0	0	0	0	1	0
C	Marios	18	125	5	1	26____	82084	1	0	0	0	0	1	0	0	0	0	0
C	Marios	18	125	5	1	26____	82089	1	0	0	0	0	0	0	0	0	1	0
C	Marios	18	125	5	1	26____	83557	1	0	0	0	0	1	0	0	0	0	0
C	Marios	18	125	5	1	26____	83561	1	0	0	0	0	0	0	0	0	1	0
C	Marios	18	125	5	1	26____	85762	1	0	0	0	0	1	0	0	0	0	0
C	Marios	18	125	5	1	26____	85867	1	0	0	0	0	0	0	0	0	1	0
C	Marios	18	125	5	1	26____	86171	1	0	0	0	0	1	0	0	0	0	0
C	Marios	18	125	5	1	26____	86184	1	0	0	0	0	0	0	0	0	1	0
C	Marios	18	125	5	1	26____	88126	1	0	0	0	0	1	0	0	0	0	0
C	Marios	18	125	5	1	26____	88130	1	0	0	0	0	0	0	0	0	1	0
C	Marios	18	125	5	1	26____	88500	1	2	0	0	0	0	0	0	0	0	0
C	Marios	18	125	5	1	26____	88817	2	0	0	0	0	1	0	0	0	0	0
C	Marios	18	125	5	1	26____	88877	2	0	0	0	0	0	0	0	0	1	0
C	Marios	18	125	5	1	26____	89000	2	12	0	0	0	0	0	0	0	0	0
C	Marios	18	125	5	1	26____	89348	12	0	0	0	0	1	0	0	0	0	0
C	Marios	18	125	5	1	26____	89412	12	0	0	0	0	0	0	0	0	1	0
C	Marios	18	125	5	1	26____	89457	12	0	0	0	0	1	0	0	0	0	0
C	Marios	18	125	5	1	26____	89500	12	15	0	0	0	0	0	0	0	0	0
C	Marios	18	125	5	1	26____	89539	15	0	0	0	0	0	0	0	0	1	0
C	Marios	18	125	5	1	26____	89587	15	0	0	0	0	1	0	0	0	0	0
C	Marios	18	125	5	1	26____	89649	15	0	0	0	0	0	0	0	0	1	0
C	Marios	18	125	5	1	26____	89789	15	0	0	0	0	1	0	0	0	0	0
C	Marios	18	125	5	1	26____	89954	15	0	0	0	0	0	0	0	0	1	0
C	Marios	18	125	5	1	26____	90000	15	1	0	0	0	0	0	0	0	0	0
C	Marios	18	125	5	1	26____	90031	1	0	0	0	0	1	0	0	0	0	0
C	Marios	18	125	5	1	26____	90055	1	0	0	0	0	0	0	0	0	1	0
C	Marios	18	125	5	1	26____	92598	1	0	0	0	0	1	0	0	0	0	0
C	Marios	18	125	5	1	26____	92670	1	0	0	0	0	0	0	0	0	1	0
C	Marios	18	125	5	1	26____	92870	1	0	0	0	0	1	0	0	0	0	0
C	Marios	18	125	5	1	26____	92878	1	0	0	0	0	0	0	0	0	1	0
C	Marios	18	125	5	1	26____	92880	1	0	0	0	0	1	0	0	0	0	0
C	Marios	18	125	5	1	26____	92923	1	0	0	0	0	0	0	0	0	1	0
C	Marios	18	125	5	1	26____	94339	1	0	0	0	0	1	0	0	0	0	0
C	Marios	18	125	5	1	26____	94504	1	0	0	0	0	0	0	0	0	1	0
C	Marios	18	125	5	1	26____	94596	1	0	0	0	0	1	0	0	0	0	0
C	Marios	18	125	5	1	26____	94646	1	0	0	0	0	0	0	0	0	1	0
C	Marios	18	125	5	1	26____	95174	1	0	0	0	0	1	0	0	0	0	0
C	Marios	18	125	5	1	26____	95184	1	0	0	0	0	0	0	0	0	1	0
C	Marios	18	125	5	1	26____	95202	1	0	0	0	0	1	0	0	0	0	0
C	Marios	18	125	5	1	26____	95247	1	0	0	0	0	0	0	0	0	1	0
C	Marios	18	125	5	1	26____	97500	1	2	0	0	0	0	0	0	0	0	0
C	Marios	18	125	5	1	26____	97536	2	0	0	0	0	1	0	0	0	0	0
C	Marios	18	125	5	1	26____	97583	2	0	0	0	0	0	0	0	0	1	0
C	Marios	18	125	5	1	26____	97722	2	0	0	0	0	1	0	0	0	0	0
C	Marios	18	125	5	1	26____	97987	2	0	0	0	0	0	0	0	0	1	0
C	Marios	18	125	5	1	26____	98000	2	12	0	0	0	0	0	0	0	0	0
C	Marios	18	125	5	1	26____	98042	12	0	0	0	0	1	0	0	0	0	0
C	Marios	18	125	5	1	26____	98084	12	0	0	0	0	0	0	0	0	1	0
C	Marios	18	125	5	1	26____	98239	12	0	0	0	0	1	0	0	0	0	0
C	Marios	18	125	5	1	26____	98271	12	0	0	0	0	0	0	0	0	1	0
C	Marios	18	125	5	1	26____	98500	12	15	0	0	0	0	0	0	0	0	0
C	Marios	18	125	5	1	26____	98927	15	0	0	0	0	1	0	0	0	0	0
C	Marios	18	125	5	1	26____	98935	15	0	0	0	0	0	0	0	0	1	0
C	Marios	18	125	5	1	26____	99000	15	1	0	0	0	0	0	0	0	0	0
C	Marios	18	125	5	1	26____	102971	1	0	0	0	0	1	0	0	0	0	0
C	Marios	18	125	5	1	26____	102974	1	0	0	0	0	0	0	0	0	1	0
C	Marios	18	125	5	1	26____	103032	1	0	0	0	0	1	0	0	0	0	0
C	Marios	18	125	5	1	26____	103088	1	0	0	0	0	0	0	0	0	1	0
C	Marios	18	125	5	1	26____	104469	1	0	0	0	0	1	0	0	0	0	0
C	Marios	18	125	5	1	26____	104479	1	0	0	0	0	0	0	0	0	1	0
C	Marios	18	125	5	1	26____	105000	1	2	0	0	0	0	0	0	0	0	0
C	Marios	18	125	5	1	26____	105500	2	13	0	0	0	0	0	0	0	0	0
C	Marios	18	125	5	1	26____	106000	13	15	0	0	0	0	0	0	0	0	0
C	Marios	18	125	5	1	26____	106500	15	1	0	0	0	0	0	0	0	0	0
C	Marios	18	125	5	1	26____	107833	1	0	0	0	0	1	0	0	0	0	0
C	Marios	18	125	5	1	26____	107835	1	0	0	0	0	0	0	0	0	1	0
C	Marios	18	125	5	1	26____	107918	1	0	0	0	0	1	0	0	0	0	0
C	Marios	18	125	5	1	26____	108005	1	0	0	0	0	0	0	0	0	1	0
C	Marios	18	125	5	1	26____	108032	1	0	0	0	0	1	0	0	0	0	0
C	Marios	18	125	5	1	26____	108034	1	0	0	0	0	0	0	0	0	1	0
C	Marios	18	125	5	1	26____	108052	1	0	0	0	0	1	0	0	0	0	0
C	Marios	18	125	5	1	26____	108063	1	0	0	0	0	0	0	0	0	1	0
C	Marios	18	125	5	1	26____	110328	1	0	0	0	0	1	0	0	0	0	0
C	Marios	18	125	5	1	26____	110350	1	0	0	0	0	0	0	0	0	1	0
C	Marios	18	125	5	1	26____	111000	1	2	0	0	0	0	0	0	0	0	0
C	Marios	18	125	5	1	26____	111500	2	7	0	0	0	0	0	0	0	0	0
C	Marios	18	125	5	1	26____	111535	7	0	0	0	0	1	0	0	0	0	0
C	Marios	18	125	5	1	26____	111613	7	0	0	0	0	0	0	0	0	1	0
C	Marios	18	125	5	1	26____	111642	7	0	0	0	0	1	0	0	0	0	0
C	Marios	18	125	5	1	26____	111735	7	0	0	0	0	0	0	0	0	1	0
C	Marios	18	125	5	1	26____	111786	7	0	0	0	0	1	0	0	0	0	0
C	Marios	18	125	5	1	26____	111861	7	0	0	0	0	0	0	0	0	1	0
C	Marios	18	125	5	1	26____	111910	7	0	0	0	0	1	0	0	0	0	0
C	Marios	18	125	5	1	26____	112000	7	11	0	0	0	0	0	0	0	0	0
C	Marios	18	125	5	1	26____	112004	11	0	0	0	0	0	0	0	0	1	0
C	Marios	18	125	5	1	26____	112029	11	0	0	0	0	1	0	0	0	0	0
C	Marios	18	125	5	1	26____	112470	11	0	0	0	0	0	0	0	0	1	0
C	Marios	18	125	5	1	26____	112500	11	1	0	0	0	0	0	0	0	0	0
C	Marios	18	125	5	1	26____	112779	1	0	0	0	0	1	0	0	0	0	0
C	Marios	18	125	5	1	26____	112873	1	0	0	0	0	0	0	0	0	1	0
C	Marios	18	125	5	1	26____	113019	1	0	0	0	0	1	0	0	0	0	0
C	Marios	18	125	5	1	26____	113036	1	0	0	0	0	0	0	0	0	1	0
C	Marios	18	125	5	1	26____	113955	1	0	0	0	0	1	0	0	0	0	0
C	Marios	18	125	5	1	26____	114000	1	2	0	0	0	0	0	0	0	0	0
C	Marios	18	125	5	1	26____	114014	2	0	0	0	0	0	0	0	0	1	0
C	Marios	18	125	5	1	26____	114015	2	0	0	0	0	1	0	0	0	0	0
C	Marios	18	125	5	1	26____	114110	2	0	0	0	0	0	0	0	0	1	0
C	Marios	18	125	5	1	26____	114500	2	6	0	0	0	0	0	0	0	0	0
C	Marios	18	125	5	1	26____	114555	6	0	0	0	0	1	0	0	0	0	0
C	Marios	18	125	5	1	26____	114574	6	0	0	0	0	0	0	0	0	1	0
C	Marios	18	125	5	1	26____	114626	6	0	0	0	0	1	0	0	0	0	0
C	Marios	18	125	5	1	26____	114659	6	0	0	0	0	0	0	0	0	1	0
C	Marios	18	125	5	1	26____	114703	6	0	0	0	0	1	0	0	0	0	0
C	Marios	18	125	5	1	26____	114760	6	0	0	0	0	0	0	0	0	1	0
C	Marios	18	125	5	1	26____	114813	6	0	0	0	0	1	0	0	0	0	0
C	Marios	18	125	5	1	26____	114886	6	0	0	0	0	0	0	0	0	1	0
C	Marios	18	125	5	1	26____	114939	6	0	0	0	0	1	0	0	0	0	0
C	Marios	18	125	5	1	26____	114983	6	0	0	0	0	0	0	0	0	1	0
C	Marios	18	125	5	1	26____	115000	6	10	0	0	0	0	0	0	0	0	0
C	Marios	18	125	5	1	26____	115071	10	0	0	0	0	1	0	0	0	0	0
C	Marios	18	125	5	1	26____	115218	10	0	0	0	0	0	0	0	0	1	0
C	Marios	18	125	5	1	26____	115219	10	0	0	0	0	1	0	0	0	0	0
C	Marios	18	125	5	1	26____	115500	10	1	0	0	0	0	0	0	0	0	0
C	Marios	18	125	5	1	26____	115532	1	0	0	0	0	0	0	0	0	1	0
C	Marios	18	125	5	1	26____	115534	1	0	0	0	0	1	0	0	0	0	0
C	Marios	18	125	5	1	26____	115538	1	0	0	0	0	0	0	0	0	1	0
C	Marios	18	125	5	1	26____	115723	1	0	0	0	0	1	0	0	0	0	0
C	Marios	18	125	5	1	26____	115761	1	0	0	0	0	0	0	0	0	1	0
C	Marios	18	125	5	1	26____	115771	1	0	0	0	0	1	0	0	0	0	0
C	Marios	18	125	5	1	26____	115773	1	0	0	0	0	0	0	0	0	1	0
C	Marios	18	125	5	1	26____	115907	1	0	0	0	0	1	0	0	0	0	0
C	Marios	18	125	5	1	26____	116138	1	0	0	0	0	0	0	0	0	1	0
C	Marios	18	125	5	1	26____	116142	1	0	0	0	0	1	0	0	0	0	0
C	Marios	18	125	5	1	26____	116165	1	0	0	0	0	0	0	0	0	1	0
C	Marios	18	125	5	1	26____	116196	1	0	0	0	0	1	0	0	0	0	0
C	Marios	18	125	5	1	26____	116213	1	0	0	0	0	0	0	0	0	1	0
C	Marios	18	125	5	1	26____	116228	1	0	0	0	0	1	0	0	0	0	0
C	Marios	18	125	5	1	26____	116337	1	0	0	0	0	0	0	0	0	1	0
C	Marios	18	125	5	1	26____	116666	1	0	0	0	0	1	0	0	0	0	0
C	Marios	18	125	5	1	26____	116770	1	0	0	0	0	0	0	0	0	1	0
C	Marios	18	125	5	1	26____	116774	1	0	0	0	0	1	0	0	0	0	0
C	Marios	18	125	5	1	26____	116778	1	0	0	0	0	0	0	0	0	1	0
C	Marios	18	125	5	1	26____	116794	1	0	0	0	0	1	0	0	0	0	0
C	Marios	18	125	5	1	26____	116913	1	0	0	0	0	0	0	0	0	1	0
C	Marios	18	125	5	1	26____	118385	1	0	0	0	0	1	0	0	0	0	0
C	Marios	18	125	5	1	26____	118646	1	0	0	0	0	0	0	0	0	1	0
C	Marios	18	125	5	1	26____	118836	1	0	0	0	0	1	0	0	0	0	0
C	Marios	18	125	5	1	26____	118844	1	0	0	0	0	0	0	0	0	1	0
C	Marios	18	125	5	1	26____	118860	1	0	0	0	0	1	0	0	0	0	0
C	Marios	18	125	5	1	26____	118866	1	0	0	0	0	0	0	0	0	1	0
C	Marios	18	125	5	1	26____	118869	1	0	0	0	0	1	0	0	0	0	0
C	Marios	18	125	5	1	26____	119148	1	0	0	0	0	0	0	0	0	1	0
C	Marios	18	125	5	1	26____	119888	1	0	0	0	0	1	0	0	0	0	0
C	Marios	18	125	5	1	26____	120057	1	0	0	0	0	0	0	0	0	1	0
C	Marios	18	125	5	1	26____	120577	1	0	0	0	0	1	0	0	0	0	0
C	Marios	18	125	5	1	26____	120718	1	0	0	0	0	0	0	0	0	1	0
C	Marios	18	125	5	1	26____	120750	1	2	0	0	0	0	0	0	0	0	0
C	Marios	18	125	5	1	26____	121248	2	0	0	0	0	1	0	0	0	0	0
C	Marios	18	125	5	1	26____	121250	2	13	0	0	0	0	0	0	0	0	0
C	Marios	18	125	5	1	26____	121255	13	0	0	0	0	0	0	0	0	1	0
C	Marios	18	125	5	1	26____	121355	13	0	0	0	0	1	0	0	0	0	0
C	Marios	18	125	5	1	26____	121382	13	0	0	0	0	0	0	0	0	1	0
C	Marios	18	125	5	1	26____	121750	13	15	0	0	0	0	0	0	0	0	0
C	Marios	18	125	5	1	26____	122250	15	1	0	0	0	0	0	0	0	0	0
C	Marios	18	125	5	1	26____	123565	1	0	0	0	0	1	0	0	0	0	0
C	Marios	18	125	5	1	26____	123786	1	0	0	0	0	0	0	0	0	1	0
C	Marios	18	125	5	1	26____	124341	1	0	0	0	0	1	0	0	0	0	0
C	Marios	18	125	5	1	26____	124500	1	2	0	0	0	0	0	0	0	0	0
C	Marios	18	125	5	1	26____	124718	2	0	0	0	0	0	0	0	0	1	0
C	Marios	18	125	5	1	26____	124877	2	0	0	0	0	1	0	0	0	0	0
C	Marios	18	125	5	1	26____	124880	2	0	0	0	0	0	0	0	0	1	0
C	Marios	18	125	5	1	26____	124917	2	0	0	0	0	1	0	0	0	0	0
C	Marios	18	125	5	1	26____	124919	2	0	0	0	0	0	0	0	0	1	0
C	Marios	18	125	5	1	26____	124938	2	0	0	0	0	1	0	0	0	0	0
C	Marios	18	125	5	1	26____	125000	2	12	0	0	0	0	0	0	0	0	0
C	Marios	18	125	5	1	26____	125006	12	0	0	0	0	0	0	0	0	1	0
C	Marios	18	125	5	1	26____	125100	12	0	0	0	0	1	0	0	0	0	0
C	Marios	18	125	5	1	26____	125219	12	0	0	0	0	0	0	0	0	1	0
C	Marios	18	125	5	1	26____	125291	12	0	0	0	0	1	0	0	0	0	0
C	Marios	18	125	5	1	26____	125403	12	0	0	0	0	0	0	0	0	1	0
C	Marios	18	125	5	1	26____	125460	12	0	0	0	0	1	0	0	0	0	0
C	Marios	18	125	5	1	26____	125479	12	0	0	0	0	0	0	0	0	1	0
C	Marios	18	125	5	1	26____	125500	12	15	0	0	0	0	0	0	0	0	0
C	Marios	18	125	5	1	26____	125524	15	0	0	0	0	1	0	0	0	0	0
C	Marios	18	125	5	1	26____	125634	15	0	0	0	0	0	0	0	0	1	0
C	Marios	18	125	5	1	26____	125682	15	0	0	0	0	1	0	0	0	0	0
C	Marios	18	125	5	1	26____	125833	15	0	0	0	0	0	0	0	0	1	0
C	Marios	18	125	5	1	26____	126000	15	1	0	0	0	1	0	0	0	0	0
C	Marios	18	125	5	1	26____	126035	1	0	0	0	0	0	0	0	0	1	0
C	Marios	18	125	5	1	26____	126213	1	0	0	0	0	1	0	0	0	0	0
C	Marios	18	125	5	1	26____	126251	1	0	0	0	0	0	0	0	0	1	0
C	Marios	18	125	5	1	26____	126593	1	0	0	0	0	1	0	0	0	0	0
C	Marios	18	125	5	1	26____	126618	1	0	0	0	0	0	0	0	0	1	0
C	Marios	18	125	5	1	26____	126626	1	0	0	0	0	1	0	0	0	0	0
C	Marios	18	125	5	1	26____	126732	1	0	0	0	0	0	0	0	0	1	0
C	Marios	18	125	5	1	26____	127466	1	0	0	0	0	1	0	0	0	0	0
C	Marios	18	125	5	1	26____	127762	1	0	0	0	0	0	0	0	0	1	0
C	Marios	18	125	5	1	26____	128750	1	0	0	0	0	1	0	0	0	0	0
C	Marios	18	125	5	1	26____	128883	1	0	0	0	0	0	0	0	0	1	0
C	Marios	18	125	5	1	26____	129260	1	0	0	0	0	1	0	0	0	0	0
C	Marios	18	125	5	1	26____	129396	1	0	0	0	0	0	0	0	0	1	0
C	Marios	18	125	5	1	26____	129500	1	2	0	0	0	0	0	0	0	0	0
C	Marios	18	125	5	1	26____	130000	2	12	0	0	0	0	0	0	0	0	0
C	Marios	18	125	5	1	26____	130500	12	15	0	0	0	0	0	0	0	0	0
C	Marios	18	125	5	1	26____	130696	15	0	0	0	0	1	0	0	0	0	0
C	Marios	18	125	5	1	26____	130745	15	0	0	0	0	0	0	0	0	1	0
C	Marios	18	125	5	1	26____	131000	15	1	0	0	0	0	0	0	0	0	0
C	Marios	18	125	5	1	26____	131390	1	0	0	0	0	1	0	0	0	0	0
C	Marios	18	125	5	1	26____	131402	1	0	0	0	0	0	0	0	0	1	0
C	Marios	18	125	5	1	26____	133033	1	0	0	0	0	1	0	0	0	0	0
C	Marios	18	125	5	1	26____	133042	1	0	0	0	0	0	0	0	0	1	0
C	Marios	18	125	5	1	26____	133095	1	0	0	0	0	1	0	0	0	0	0
C	Marios	18	125	5	1	26____	133163	1	0	0	0	0	0	0	0	0	1	0
C	Marios	18	125	5	1	26____	133214	1	0	0	0	0	1	0	0	0	0	0
C	Marios	18	125	5	1	26____	133452	1	0	0	0	0	0	0	0	0	1	0
C	Marios	18	125	5	1	26____	134581	1	0	0	0	0	1	0	0	0	0	0
C	Marios	18	125	5	1	26____	134601	1	0	0	0	0	0	0	0	0	1	0
C	Marios	18	125	5	1	26____	134861	1	0	0	0	0	1	0	0	0	0	0
C	Marios	18	125	5	1	26____	134971	1	0	0	0	0	0	0	0	0	1	0
C	Marios	18	125	5	1	26____	135500	1	2	0	0	0	0	0	0	0	0	0
C	Marios	18	125	5	1	26____	136000	2	7	0	0	0	0	0	0	0	0	0
C	Marios	18	125	5	1	26____	136081	7	0	0	0	0	1	0	0	0	0	0
C	Marios	18	125	5	1	26____	136133	7	0	0	0	0	0	0	0	0	1	0
C	Marios	18	125	5	1	26____	136185	7	0	0	0	0	1	0	0	0	0	0
C	Marios	18	125	5	1	26____	136249	7	0	0	0	0	0	0	0	0	1	0
C	Marios	18	125	5	1	26____	136271	7	0	0	0	0	1	0	0	0	0	0
C	Marios	18	125	5	1	26____	136379	7	0	0	0	0	0	0	0	0	1	0
C	Marios	18	125	5	1	26____	136417	7	0	0	0	0	1	0	0	0	0	0
C	Marios	18	125	5	1	26____	136500	7	11	0	0	0	0	0	0	0	0	0
C	Marios	18	125	5	1	26____	136739	11	0	0	0	0	0	0	0	0	1	0
C	Marios	18	125	5	1	26____	136740	11	0	0	0	0	1	0	0	0	0	0
C	Marios	18	125	5	1	26____	136746	11	0	0	0	0	0	0	0	0	1	0
C	Marios	18	125	5	1	26____	136747	11	0	0	0	0	1	0	0	0	0	0
C	Marios	18	125	5	1	26____	136750	11	0	0	0	0	1	0	0	0	1	0
C	Marios	18	125	5	1	26____	136770	11	0	0	0	0	0	0	0	0	1	0
C	Marios	18	125	5	1	26____	136771	11	0	0	0	0	1	0	0	0	0	0
C	Marios	18	125	5	1	26____	136815	11	0	0	0	0	0	0	0	0	1	0
C	Marios	18	125	5	1	26____	136817	11	0	0	0	0	1	0	0	0	0	0
C	Marios	18	125	5	1	26____	136846	11	0	0	0	0	0	0	0	0	1	0
C	Marios	18	125	5	1	26____	136847	11	0	0	0	0	1	0	0	0	0	0
C	Marios	18	125	5	1	26____	136944	11	0	0	0	0	0	0	0	0	1	0
C	Marios	18	125	5	1	26____	136945	11	0	0	0	0	1	0	0	0	0	0
C	Marios	18	125	5	1	26____	137000	11	1	0	0	0	0	0	0	0	0	0
C	Marios	18	125	5	1	26____	137041	1	0	0	0	0	0	0	0	0	1	0
C	Marios	18	125	5	1	26____	137047	1	0	0	0	0	1	0	0	0	0	0
C	Marios	18	125	5	1	26____	137048	1	0	0	0	0	0	0	0	0	1	0
C	Marios	18	125	5	1	26____	137054	1	0	0	0	0	1	0	0	0	0	0
C	Marios	18	125	5	1	26____	137056	1	0	0	0	0	0	0	0	0	1	0
C	Marios	18	125	5	1	26____	137072	1	0	0	0	0	1	0	0	0	0	0
C	Marios	18	125	5	1	26____	137079	1	0	0	0	0	0	0	0	0	1	0
C	Marios	18	125	5	1	26____	137084	1	0	0	0	0	1	0	0	0	0	0
C	Marios	18	125	5	1	26____	137093	1	0	0	0	0	0	0	0	0	1	0
C	Marios	18	125	5	1	26____	137097	1	0	0	0	0	1	0	0	0	0	0
C	Marios	18	125	5	1	26____	137101	1	0	0	0	0	0	0	0	0	1	0
C	Marios	18	125	5	1	26____	137104	1	0	0	0	0	1	0	0	0	0	0
C	Marios	18	125	5	1	26____	137155	1	0	0	0	0	0	0	0	0	1	0
C	Marios	18	125	5	1	26____	137224	1	0	0	0	0	1	0	0	0	0	0
C	Marios	18	125	5	1	26____	137226	1	0	0	0	0	0	0	0	0	1	0
C	Marios	18	125	5	1	26____	137235	1	0	0	0	0	1	0	0	0	0	0
C	Marios	18	125	5	1	26____	137237	1	0	0	0	0	0	0	0	0	1	0
C	Marios	18	125	5	1	26____	137486	1	0	0	0	0	1	0	0	0	0	0
C	Marios	18	125	5	1	26____	137488	1	0	0	0	0	0	0	0	0	1	0
C	Marios	18	125	5	1	26____	137490	1	0	0	0	0	1	0	0	0	0	0
C	Marios	18	125	5	1	26____	137505	1	0	0	0	0	1	0	0	0	1	0
C	Marios	18	125	5	1	26____	137512	1	0	0	0	0	0	0	0	0	1	0
C	Marios	18	125	5	1	26____	137513	1	0	0	0	0	1	0	0	0	0	0
C	Marios	18	125	5	1	26____	137514	1	0	0	0	0	0	0	0	0	1	0
C	Marios	18	125	5	1	26____	137560	1	0	0	0	0	1	0	0	0	0	0
C	Marios	18	125	5	1	26____	137562	1	0	0	0	0	0	0	0	0	1	0
C	Marios	18	125	5	1	26____	138265	1	0	0	0	0	1	0	0	0	0	0
C	Marios	18	125	5	1	26____	138266	1	0	0	0	0	0	0	0	0	1	0
C	Marios	18	125	5	1	26____	138275	1	0	0	0	0	1	0	0	0	0	0
C	Marios	18	125	5	1	26____	138382	1	0	0	0	0	0	0	0	0	1	0
C	Marios	18	125	5	1	26____	138500	1	0	0	0	0	1	0	0	0	0	0
C	Marios	18	125	5	1	26____	138511	1	0	0	0	0	0	0	0	0	1	0
C	Marios	18	125	5	1	26____	138513	1	0	0	0	0	1	0	0	0	0	0
C	Marios	18	125	5	1	26____	138515	1	0	0	0	0	0	0	0	0	1	0
C	Marios	18	125	5	1	26____	140681	1	0	0	0	0	1	0	0	0	0	0
C	Marios	18	125	5	1	26____	140685	1	0	0	0	0	0	0	0	0	1	0
C	Marios	18	125	5	1	26____	142368	1	0	0	0	0	1	0	0	0	0	0
C	Marios	18	125	5	1	26____	142386	1	0	0	0	0	1	0	0	0	1	0
C	Marios	18	125	5	1	26____	142393	1	0	0	0	0	0	0	0	0	1	0
C	Marios	18	125	5	1	26____	142394	1	0	0	0	0	1	0	0	0	0	0
C	Marios	18	125	5	1	26____	142413	1	0	0	0	0	0	0	0	0	1	0
C	Marios	18	125	5	1	26____	142500	1	2	0	0	0	0	0	0	0	0	0
C	Marios	18	125	5	1	26____	143000	2	13	0	0	0	0	0	0	0	0	0
C	Marios	18	125	5	1	26____	143049	13	0	0	0	0	1	0	0	0	0	0
C	Marios	18	125	5	1	26____	143123	13	0	0	0	0	0	0	0	0	1	0
C	Marios	18	125	5	1	26____	143141	13	0	0	0	0	1	0	0	0	0	0
C	Marios	18	125	5	1	26____	143198	13	0	0	0	0	0	0	0	0	1	0
C	Marios	18	125	5	1	26____	143216	13	0	0	0	0	1	0	0	0	0	0
C	Marios	18	125	5	1	26____	143284	13	0	0	0	0	0	0	0	0	1	0
C	Marios	18	125	5	1	26____	143337	13	0	0	0	0	1	0	0	0	0	0
C	Marios	18	125	5	1	26____	143452	13	0	0	0	0	0	0	0	0	1	0
C	Marios	18	125	5	1	26____	143500	13	15	0	0	0	0	0	0	0	0	0
C	Marios	18	125	5	1	26____	143532	15	0	0	0	0	1	0	0	0	0	0
C	Marios	18	125	5	1	26____	143634	15	0	0	0	0	0	0	0	0	1	0
C	Marios	18	125	5	1	26____	143832	15	0	0	0	0	1	0	0	0	0	0
C	Marios	18	125	5	1	26____	143890	15	0	0	0	0	0	0	0	0	1	0
C	Marios	18	125	5	1	26____	144000	15	14	0	0	0	0	0	0	0	0	0
C	Marios	18	125	5	1	26____	147000	14	-1	0	0	0	0	0	0	0	0	0
