Project	UserID	Protocol	Session	Station	Run	Subject	Time	Current State	Transition State	Transition Event	A1 - LLR	A2 - RLR	A3 - MAG	A4 - 	A[1] LLR_OFF	A[2] RLR_OFF	A[3] MAG_OFF	A[4] 
C	Marios	22	125	2	1	3_____	0	0	1	0	0	0	0	0	0	0	0	0
C	Marios	22	125	2	1	3_____	820	1	0	0	0	0	1	0	0	0	0	0
C	Marios	22	125	2	1	3_____	836	1	0	0	0	0	0	0	0	0	1	0
C	Marios	22	125	2	1	3_____	1471	1	0	0	0	0	1	0	0	0	0	0
C	Marios	22	125	2	1	3_____	1531	1	0	0	0	0	0	0	0	0	1	0
C	Marios	22	125	2	1	3_____	2250	1	2	0	0	0	0	0	0	0	0	0
C	Marios	22	125	2	1	3_____	2508	2	0	0	0	0	1	0	0	0	0	0
C	Marios	22	125	2	1	3_____	2529	2	0	0	0	0	0	0	0	0	1	0
C	Marios	22	125	2	1	3_____	2537	2	0	0	0	0	1	0	0	0	0	0
C	Marios	22	125	2	1	3_____	2546	2	0	0	0	0	0	0	0	0	1	0
C	Marios	22	125	2	1	3_____	2750	2	12	0	0	0	0	0	0	0	0	0
C	Marios	22	125	2	1	3_____	3250	12	15	0	0	0	0	0	0	0	0	0
C	Marios	22	125	2	1	3_____	3750	15	1	0	0	0	0	0	0	0	0	0
C	Marios	22	125	2	1	3_____	5283	1	0	0	0	0	1	0	0	0	0	0
C	Marios	22	125	2	1	3_____	5306	1	0	0	0	0	0	0	0	0	1	0
C	Marios	22	125	2	1	3_____	5307	1	0	0	0	0	1	0	0	0	0	0
C	Marios	22	125	2	1	3_____	5309	1	0	0	0	0	0	0	0	0	1	0
C	Marios	22	125	2	1	3_____	6209	1	0	0	0	0	1	0	0	0	0	0
C	Marios	22	125	2	1	3_____	6291	1	0	0	0	0	0	0	0	0	1	0
C	Marios	22	125	2	1	3_____	6296	1	0	0	0	0	1	0	0	0	0	0
C	Marios	22	125	2	1	3_____	6303	1	0	0	0	0	0	0	0	0	1	0
C	Marios	22	125	2	1	3_____	6304	1	0	0	0	0	1	0	0	0	0	0
C	Marios	22	125	2	1	3_____	6314	1	0	0	0	0	0	0	0	0	1	0
C	Marios	22	125	2	1	3_____	6353	1	0	0	0	0	1	0	0	0	0	0
C	Marios	22	125	2	1	3_____	6356	1	0	0	0	0	0	0	0	0	1	0
C	Marios	22	125	2	1	3_____	6363	1	0	0	0	0	1	0	0	0	0	0
C	Marios	22	125	2	1	3_____	6375	1	0	0	0	0	0	0	0	0	1	0
C	Marios	22	125	2	1	3_____	8250	1	2	0	0	0	0	0	0	0	0	0
C	Marios	22	125	2	1	3_____	8750	2	13	0	0	0	0	0	0	0	0	0
C	Marios	22	125	2	1	3_____	9250	13	15	0	0	0	0	0	0	0	0	0
C	Marios	22	125	2	1	3_____	9750	15	1	0	0	0	0	0	0	0	0	0
C	Marios	22	125	2	1	3_____	10174	1	0	0	0	0	1	0	0	0	0	0
C	Marios	22	125	2	1	3_____	10193	1	0	0	0	0	0	0	0	0	1	0
C	Marios	22	125	2	1	3_____	11250	1	2	0	0	0	0	0	0	0	0	0
C	Marios	22	125	2	1	3_____	11750	2	7	0	0	0	0	0	0	0	0	0
C	Marios	22	125	2	1	3_____	11928	7	0	0	0	0	1	0	0	0	0	0
C	Marios	22	125	2	1	3_____	12003	7	0	0	0	0	0	0	0	0	1	0
C	Marios	22	125	2	1	3_____	12049	7	0	0	0	0	1	0	0	0	0	0
C	Marios	22	125	2	1	3_____	12136	7	0	0	0	0	0	0	0	0	1	0
C	Marios	22	125	2	1	3_____	12250	7	10	0	0	0	0	0	0	0	0	0
C	Marios	22	125	2	1	3_____	12277	10	0	0	0	0	1	0	0	0	0	0
C	Marios	22	125	2	1	3_____	12409	10	0	0	0	0	0	0	0	0	1	0
C	Marios	22	125	2	1	3_____	12750	10	1	0	0	0	0	0	0	0	0	0
C	Marios	22	125	2	1	3_____	13024	1	0	0	0	0	1	0	0	0	0	0
C	Marios	22	125	2	1	3_____	13101	1	0	0	0	0	0	0	0	0	1	0
C	Marios	22	125	2	1	3_____	13943	1	0	0	0	0	1	0	0	0	0	0
C	Marios	22	125	2	1	3_____	13956	1	0	0	0	0	0	0	0	0	1	0
C	Marios	22	125	2	1	3_____	15506	1	0	0	0	0	1	0	0	0	0	0
C	Marios	22	125	2	1	3_____	15525	1	0	0	0	0	0	0	0	0	1	0
C	Marios	22	125	2	1	3_____	16331	1	0	0	0	0	1	0	0	0	0	0
C	Marios	22	125	2	1	3_____	16361	1	0	0	0	0	0	0	0	0	1	0
C	Marios	22	125	2	1	3_____	16362	1	0	0	0	0	1	0	0	0	0	0
C	Marios	22	125	2	1	3_____	16415	1	0	0	0	0	0	0	0	0	1	0
C	Marios	22	125	2	1	3_____	16418	1	0	0	0	0	1	0	0	0	0	0
C	Marios	22	125	2	1	3_____	16455	1	0	0	0	0	0	0	0	0	1	0
C	Marios	22	125	2	1	3_____	16500	1	2	0	0	0	0	0	0	0	0	0
C	Marios	22	125	2	1	3_____	17000	2	6	0	0	0	0	0	0	0	0	0
C	Marios	22	125	2	1	3_____	17043	6	0	0	0	0	1	0	0	0	0	0
C	Marios	22	125	2	1	3_____	17136	6	0	0	0	0	0	0	0	0	1	0
C	Marios	22	125	2	1	3_____	17214	6	0	0	0	0	1	0	0	0	0	0
C	Marios	22	125	2	1	3_____	17283	6	0	0	0	0	0	0	0	0	1	0
C	Marios	22	125	2	1	3_____	17406	6	0	0	0	0	1	0	0	0	0	0
C	Marios	22	125	2	1	3_____	17471	6	0	0	0	0	0	0	0	0	1	0
C	Marios	22	125	2	1	3_____	17500	6	11	0	0	0	0	0	0	0	0	0
C	Marios	22	125	2	1	3_____	17523	11	0	0	0	0	1	0	0	0	0	0
C	Marios	22	125	2	1	3_____	17698	11	0	0	0	0	0	0	0	0	1	0
C	Marios	22	125	2	1	3_____	18000	11	1	0	0	0	0	0	0	0	0	0
C	Marios	22	125	2	1	3_____	18287	1	0	0	0	0	1	0	0	0	0	0
C	Marios	22	125	2	1	3_____	18302	1	0	0	0	0	0	0	0	0	1	0
C	Marios	22	125	2	1	3_____	18708	1	0	0	0	0	1	0	0	0	0	0
C	Marios	22	125	2	1	3_____	18750	1	0	0	0	0	0	0	0	0	1	0
C	Marios	22	125	2	1	3_____	20422	1	0	0	0	0	1	0	0	0	0	0
C	Marios	22	125	2	1	3_____	20430	1	0	0	0	0	0	0	0	0	1	0
C	Marios	22	125	2	1	3_____	20507	1	0	0	0	0	1	0	0	0	0	0
C	Marios	22	125	2	1	3_____	20514	1	0	0	0	0	0	0	0	0	1	0
C	Marios	22	125	2	1	3_____	20517	1	0	0	0	0	1	0	0	0	0	0
C	Marios	22	125	2	1	3_____	20521	1	0	0	0	0	0	0	0	0	1	0
C	Marios	22	125	2	1	3_____	20525	1	0	0	0	0	1	0	0	0	0	0
C	Marios	22	125	2	1	3_____	20537	1	0	0	0	0	0	0	0	0	1	0
C	Marios	22	125	2	1	3_____	21500	1	2	0	0	0	0	0	0	0	0	0
C	Marios	22	125	2	1	3_____	22000	2	13	0	0	0	0	0	0	0	0	0
C	Marios	22	125	2	1	3_____	22500	13	15	0	0	0	0	0	0	0	0	0
C	Marios	22	125	2	1	3_____	22969	15	0	0	0	0	1	0	0	0	0	0
C	Marios	22	125	2	1	3_____	23000	15	1	0	0	0	0	0	0	0	0	0
C	Marios	22	125	2	1	3_____	23125	1	0	0	0	0	0	0	0	0	1	0
C	Marios	22	125	2	1	3_____	23300	1	0	0	0	0	1	0	0	0	0	0
C	Marios	22	125	2	1	3_____	23597	1	0	0	0	0	0	0	0	0	1	0
C	Marios	22	125	2	1	3_____	23840	1	0	0	0	0	1	0	0	0	0	0
C	Marios	22	125	2	1	3_____	23842	1	0	0	0	0	0	0	0	0	1	0
C	Marios	22	125	2	1	3_____	23844	1	0	0	0	0	1	0	0	0	0	0
C	Marios	22	125	2	1	3_____	23851	1	0	0	0	0	0	0	0	0	1	0
C	Marios	22	125	2	1	3_____	24394	1	0	0	0	0	1	0	0	0	0	0
C	Marios	22	125	2	1	3_____	24485	1	0	0	0	0	0	0	0	0	1	0
C	Marios	22	125	2	1	3_____	24630	1	0	0	0	0	1	0	0	0	0	0
C	Marios	22	125	2	1	3_____	24662	1	0	0	0	0	0	0	0	0	1	0
C	Marios	22	125	2	1	3_____	25848	1	0	0	0	0	1	0	0	0	0	0
C	Marios	22	125	2	1	3_____	25852	1	0	0	0	0	0	0	0	0	1	0
C	Marios	22	125	2	1	3_____	26000	1	2	0	0	0	0	0	0	0	0	0
C	Marios	22	125	2	1	3_____	26500	2	12	0	0	0	0	0	0	0	0	0
C	Marios	22	125	2	1	3_____	26549	12	0	0	0	0	1	0	0	0	0	0
C	Marios	22	125	2	1	3_____	26610	12	0	0	0	0	0	0	0	0	1	0
C	Marios	22	125	2	1	3_____	26754	12	0	0	0	0	1	0	0	0	0	0
C	Marios	22	125	2	1	3_____	26845	12	0	0	0	0	0	0	0	0	1	0
C	Marios	22	125	2	1	3_____	26900	12	0	0	0	0	1	0	0	0	0	0
C	Marios	22	125	2	1	3_____	26971	12	0	0	0	0	0	0	0	0	1	0
C	Marios	22	125	2	1	3_____	27000	12	15	0	0	0	0	0	0	0	0	0
C	Marios	22	125	2	1	3_____	27114	15	0	0	0	0	1	0	0	0	0	0
C	Marios	22	125	2	1	3_____	27202	15	0	0	0	0	0	0	0	0	1	0
C	Marios	22	125	2	1	3_____	27500	15	1	0	0	0	0	0	0	0	0	0
C	Marios	22	125	2	1	3_____	27549	1	0	0	0	0	1	0	0	0	0	0
C	Marios	22	125	2	1	3_____	27657	1	0	0	0	0	0	0	0	0	1	0
C	Marios	22	125	2	1	3_____	27789	1	0	0	0	0	1	0	0	0	0	0
C	Marios	22	125	2	1	3_____	27795	1	0	0	0	0	0	0	0	0	1	0
C	Marios	22	125	2	1	3_____	28658	1	0	0	0	0	1	0	0	0	0	0
C	Marios	22	125	2	1	3_____	28909	1	0	0	0	0	0	0	0	0	1	0
C	Marios	22	125	2	1	3_____	28923	1	0	0	0	0	1	0	0	0	0	0
C	Marios	22	125	2	1	3_____	28990	1	0	0	0	0	0	0	0	0	1	0
C	Marios	22	125	2	1	3_____	29527	1	0	0	0	0	1	0	0	0	0	0
C	Marios	22	125	2	1	3_____	29547	1	0	0	0	0	0	0	0	0	1	0
C	Marios	22	125	2	1	3_____	30708	1	0	0	0	0	1	0	0	0	0	0
C	Marios	22	125	2	1	3_____	30769	1	0	0	0	0	0	0	0	0	1	0
C	Marios	22	125	2	1	3_____	30952	1	0	0	0	0	1	0	0	0	0	0
C	Marios	22	125	2	1	3_____	30997	1	0	0	0	0	0	0	0	0	1	0
C	Marios	22	125	2	1	3_____	31155	1	0	0	0	0	1	0	0	0	0	0
C	Marios	22	125	2	1	3_____	31381	1	0	0	0	0	1	0	0	0	1	0
C	Marios	22	125	2	1	3_____	31393	1	0	0	0	0	0	0	0	0	1	0
C	Marios	22	125	2	1	3_____	31396	1	0	0	0	0	1	0	0	0	0	0
C	Marios	22	125	2	1	3_____	31421	1	0	0	0	0	0	0	0	0	1	0
C	Marios	22	125	2	1	3_____	31620	1	0	0	0	0	1	0	0	0	0	0
C	Marios	22	125	2	1	3_____	31740	1	0	0	0	0	0	0	0	0	1	0
C	Marios	22	125	2	1	3_____	31766	1	0	0	0	0	1	0	0	0	0	0
C	Marios	22	125	2	1	3_____	31791	1	0	0	0	0	1	0	0	0	1	0
C	Marios	22	125	2	1	3_____	31804	1	0	0	0	0	0	0	0	0	1	0
C	Marios	22	125	2	1	3_____	32750	1	2	0	0	0	0	0	0	0	0	0
C	Marios	22	125	2	1	3_____	32843	2	0	0	0	0	1	0	0	0	0	0
C	Marios	22	125	2	1	3_____	32882	2	0	0	0	0	0	0	0	0	1	0
C	Marios	22	125	2	1	3_____	33250	2	6	0	0	0	0	0	0	0	0	0
C	Marios	22	125	2	1	3_____	33355	6	0	0	0	0	1	0	0	0	0	0
C	Marios	22	125	2	1	3_____	33528	6	0	0	0	0	0	0	0	0	1	0
C	Marios	22	125	2	1	3_____	33750	6	11	0	0	0	0	0	0	0	0	0
C	Marios	22	125	2	1	3_____	33781	11	0	0	0	0	1	0	0	0	0	0
C	Marios	22	125	2	1	3_____	33938	11	0	0	0	0	0	0	0	0	1	0
C	Marios	22	125	2	1	3_____	34250	11	1	0	0	0	0	0	0	0	0	0
C	Marios	22	125	2	1	3_____	34700	1	0	0	0	0	1	0	0	0	0	0
C	Marios	22	125	2	1	3_____	34714	1	0	0	0	0	0	0	0	0	1	0
C	Marios	22	125	2	1	3_____	36362	1	0	0	0	0	1	0	0	0	0	0
C	Marios	22	125	2	1	3_____	36428	1	0	0	0	0	0	0	0	0	1	0
C	Marios	22	125	2	1	3_____	41000	1	2	0	0	0	0	0	0	0	0	0
C	Marios	22	125	2	1	3_____	41500	2	13	0	0	0	0	0	0	0	0	0
C	Marios	22	125	2	1	3_____	41580	13	0	0	0	0	1	0	0	0	0	0
C	Marios	22	125	2	1	3_____	41635	13	0	0	0	0	0	0	0	0	1	0
C	Marios	22	125	2	1	3_____	41856	13	0	0	0	0	1	0	0	0	0	0
C	Marios	22	125	2	1	3_____	41929	13	0	0	0	0	0	0	0	0	1	0
C	Marios	22	125	2	1	3_____	42000	13	15	0	0	0	0	0	0	0	0	0
C	Marios	22	125	2	1	3_____	42071	15	0	0	0	0	1	0	0	0	0	0
C	Marios	22	125	2	1	3_____	42276	15	0	0	0	0	0	0	0	0	1	0
C	Marios	22	125	2	1	3_____	42500	15	1	0	0	0	0	0	0	0	0	0
C	Marios	22	125	2	1	3_____	47539	1	0	0	0	0	1	0	0	0	0	0
C	Marios	22	125	2	1	3_____	47600	1	0	0	0	0	0	0	0	0	1	0
C	Marios	22	125	2	1	3_____	47609	1	0	0	0	0	1	0	0	0	0	0
C	Marios	22	125	2	1	3_____	47768	1	0	0	0	0	0	0	0	0	1	0
C	Marios	22	125	2	1	3_____	48207	1	0	0	0	0	1	0	0	0	0	0
C	Marios	22	125	2	1	3_____	48215	1	0	0	0	0	0	0	0	0	1	0
C	Marios	22	125	2	1	3_____	48427	1	0	0	0	0	1	0	0	0	0	0
C	Marios	22	125	2	1	3_____	48491	1	0	0	0	0	0	0	0	0	1	0
C	Marios	22	125	2	1	3_____	48496	1	0	0	0	0	1	0	0	0	0	0
C	Marios	22	125	2	1	3_____	48500	1	2	0	0	0	0	0	0	0	0	0
C	Marios	22	125	2	1	3_____	48571	2	0	0	0	0	0	0	0	0	1	0
C	Marios	22	125	2	1	3_____	49000	2	13	0	0	0	0	0	0	0	0	0
C	Marios	22	125	2	1	3_____	49500	13	15	0	0	0	0	0	0	0	0	0
C	Marios	22	125	2	1	3_____	49696	15	0	0	0	0	1	0	0	0	0	0
C	Marios	22	125	2	1	3_____	49765	15	0	0	0	0	0	0	0	0	1	0
C	Marios	22	125	2	1	3_____	50000	15	1	0	0	0	0	0	0	0	0	0
C	Marios	22	125	2	1	3_____	50347	1	0	0	0	0	1	0	0	0	0	0
C	Marios	22	125	2	1	3_____	50513	1	0	0	0	0	0	0	0	0	1	0
C	Marios	22	125	2	1	3_____	50882	1	0	0	0	0	1	0	0	0	0	0
C	Marios	22	125	2	1	3_____	50895	1	0	0	0	0	0	0	0	0	1	0
C	Marios	22	125	2	1	3_____	50913	1	0	0	0	0	1	0	0	0	0	0
C	Marios	22	125	2	1	3_____	50915	1	0	0	0	0	1	0	0	0	1	0
C	Marios	22	125	2	1	3_____	50962	1	0	0	0	0	0	0	0	0	1	0
C	Marios	22	125	2	1	3_____	50973	1	0	0	0	0	1	0	0	0	0	0
C	Marios	22	125	2	1	3_____	51028	1	0	0	0	0	0	0	0	0	1	0
C	Marios	22	125	2	1	3_____	51809	1	0	0	0	0	1	0	0	0	0	0
C	Marios	22	125	2	1	3_____	51940	1	0	0	0	0	0	0	0	0	1	0
C	Marios	22	125	2	1	3_____	54500	1	2	0	0	0	0	0	0	0	0	0
C	Marios	22	125	2	1	3_____	54864	2	0	0	0	0	1	0	0	0	0	0
C	Marios	22	125	2	1	3_____	55000	2	12	0	0	0	0	0	0	0	0	0
C	Marios	22	125	2	1	3_____	55004	12	0	0	0	0	0	0	0	0	1	0
C	Marios	22	125	2	1	3_____	55085	12	0	0	0	0	1	0	0	0	0	0
C	Marios	22	125	2	1	3_____	55155	12	0	0	0	0	0	0	0	0	1	0
C	Marios	22	125	2	1	3_____	55254	12	0	0	0	0	1	0	0	0	0	0
C	Marios	22	125	2	1	3_____	55319	12	0	0	0	0	0	0	0	0	1	0
C	Marios	22	125	2	1	3_____	55418	12	0	0	0	0	1	0	0	0	0	0
C	Marios	22	125	2	1	3_____	55457	12	0	0	0	0	0	0	0	0	1	0
C	Marios	22	125	2	1	3_____	55500	12	15	0	0	0	0	0	0	0	0	0
C	Marios	22	125	2	1	3_____	55623	15	0	0	0	0	1	0	0	0	0	0
C	Marios	22	125	2	1	3_____	55684	15	0	0	0	0	0	0	0	0	1	0
C	Marios	22	125	2	1	3_____	55878	15	0	0	0	0	1	0	0	0	0	0
C	Marios	22	125	2	1	3_____	56000	15	1	0	0	0	0	0	0	0	0	0
C	Marios	22	125	2	1	3_____	56038	1	0	0	0	0	0	0	0	0	1	0
C	Marios	22	125	2	1	3_____	56512	1	0	0	0	0	1	0	0	0	0	0
C	Marios	22	125	2	1	3_____	56523	1	0	0	0	0	0	0	0	0	1	0
C	Marios	22	125	2	1	3_____	57708	1	0	0	0	0	1	0	0	0	0	0
C	Marios	22	125	2	1	3_____	57710	1	0	0	0	0	0	0	0	0	1	0
C	Marios	22	125	2	1	3_____	58549	1	0	0	0	0	1	0	0	0	0	0
C	Marios	22	125	2	1	3_____	58578	1	0	0	0	0	0	0	0	0	1	0
C	Marios	22	125	2	1	3_____	59780	1	0	0	0	0	1	0	0	0	0	0
C	Marios	22	125	2	1	3_____	59790	1	0	0	0	0	0	0	0	0	1	0
C	Marios	22	125	2	1	3_____	60054	1	0	0	0	0	1	0	0	0	0	0
C	Marios	22	125	2	1	3_____	60059	1	0	0	0	0	0	0	0	0	1	0
C	Marios	22	125	2	1	3_____	60119	1	0	0	0	0	1	0	0	0	0	0
C	Marios	22	125	2	1	3_____	60121	1	0	0	0	0	0	0	0	0	1	0
C	Marios	22	125	2	1	3_____	61285	1	0	0	0	0	1	0	0	0	0	0
C	Marios	22	125	2	1	3_____	61329	1	0	0	0	0	0	0	0	0	1	0
C	Marios	22	125	2	1	3_____	62414	1	0	0	0	0	1	0	0	0	0	0
C	Marios	22	125	2	1	3_____	62529	1	0	0	0	0	0	0	0	0	1	0
C	Marios	22	125	2	1	3_____	62794	1	0	0	0	0	1	0	0	0	0	0
C	Marios	22	125	2	1	3_____	62904	1	0	0	0	0	0	0	0	0	1	0
C	Marios	22	125	2	1	3_____	62905	1	0	0	0	0	1	0	0	0	0	0
C	Marios	22	125	2	1	3_____	62956	1	0	0	0	0	0	0	0	0	1	0
C	Marios	22	125	2	1	3_____	62959	1	0	0	0	0	1	0	0	0	0	0
C	Marios	22	125	2	1	3_____	62964	1	0	0	0	0	0	0	0	0	1	0
C	Marios	22	125	2	1	3_____	62965	1	0	0	0	0	1	0	0	0	0	0
C	Marios	22	125	2	1	3_____	62978	1	0	0	0	0	0	0	0	0	1	0
C	Marios	22	125	2	1	3_____	62981	1	0	0	0	0	1	0	0	0	0	0
C	Marios	22	125	2	1	3_____	63056	1	0	0	0	0	0	0	0	0	1	0
C	Marios	22	125	2	1	3_____	63500	1	2	0	0	0	0	0	0	0	0	0
C	Marios	22	125	2	1	3_____	64000	2	7	0	0	0	0	0	0	0	0	0
C	Marios	22	125	2	1	3_____	64055	7	0	0	0	0	1	0	0	0	0	0
C	Marios	22	125	2	1	3_____	64164	7	0	0	0	0	0	0	0	0	1	0
C	Marios	22	125	2	1	3_____	64315	7	0	0	0	0	1	0	0	0	0	0
C	Marios	22	125	2	1	3_____	64382	7	0	0	0	0	0	0	0	0	1	0
C	Marios	22	125	2	1	3_____	64500	7	10	0	0	0	0	0	0	0	0	0
C	Marios	22	125	2	1	3_____	64517	10	0	0	0	0	1	0	0	0	0	0
C	Marios	22	125	2	1	3_____	64685	10	0	0	0	0	0	0	0	0	1	0
C	Marios	22	125	2	1	3_____	64785	10	0	0	0	0	1	0	0	0	0	0
C	Marios	22	125	2	1	3_____	64790	10	0	0	0	0	0	0	0	0	1	0
C	Marios	22	125	2	1	3_____	65000	10	1	0	0	0	0	0	0	0	0	0
C	Marios	22	125	2	1	3_____	65673	1	0	0	0	0	1	0	0	0	0	0
C	Marios	22	125	2	1	3_____	65712	1	0	0	0	0	0	0	0	0	1	0
C	Marios	22	125	2	1	3_____	65718	1	0	0	0	0	1	0	0	0	0	0
C	Marios	22	125	2	1	3_____	65829	1	0	0	0	0	0	0	0	0	1	0
C	Marios	22	125	2	1	3_____	66347	1	0	0	0	0	1	0	0	0	0	0
C	Marios	22	125	2	1	3_____	66352	1	0	0	0	0	0	0	0	0	1	0
C	Marios	22	125	2	1	3_____	66821	1	0	0	0	0	1	0	0	0	0	0
C	Marios	22	125	2	1	3_____	66924	1	0	0	0	0	0	0	0	0	1	0
C	Marios	22	125	2	1	3_____	67674	1	0	0	0	0	1	0	0	0	0	0
C	Marios	22	125	2	1	3_____	67697	1	0	0	0	0	0	0	0	0	1	0
C	Marios	22	125	2	1	3_____	68004	1	0	0	0	0	1	0	0	0	0	0
C	Marios	22	125	2	1	3_____	68054	1	0	0	0	0	0	0	0	0	1	0
C	Marios	22	125	2	1	3_____	68363	1	0	0	0	0	1	0	0	0	0	0
C	Marios	22	125	2	1	3_____	68424	1	0	0	0	0	0	0	0	0	1	0
C	Marios	22	125	2	1	3_____	70500	1	2	0	0	0	0	0	0	0	0	0
C	Marios	22	125	2	1	3_____	71000	2	12	0	0	0	0	0	0	0	0	0
C	Marios	22	125	2	1	3_____	71044	12	0	0	0	0	1	0	0	0	0	0
C	Marios	22	125	2	1	3_____	71117	12	0	0	0	0	0	0	0	0	1	0
C	Marios	22	125	2	1	3_____	71322	12	0	0	0	0	1	0	0	0	0	0
C	Marios	22	125	2	1	3_____	71393	12	0	0	0	0	0	0	0	0	1	0
C	Marios	22	125	2	1	3_____	71500	12	15	0	0	0	0	0	0	0	0	0
C	Marios	22	125	2	1	3_____	71641	15	0	0	0	0	1	0	0	0	0	0
C	Marios	22	125	2	1	3_____	71767	15	0	0	0	0	0	0	0	0	1	0
C	Marios	22	125	2	1	3_____	71927	15	0	0	0	0	1	0	0	0	0	0
C	Marios	22	125	2	1	3_____	71952	15	0	0	0	0	0	0	0	0	1	0
C	Marios	22	125	2	1	3_____	72000	15	1	0	0	0	0	0	0	0	0	0
C	Marios	22	125	2	1	3_____	73233	1	0	0	0	0	1	0	0	0	0	0
C	Marios	22	125	2	1	3_____	73244	1	0	0	0	0	1	0	0	0	1	0
C	Marios	22	125	2	1	3_____	73246	1	0	0	0	0	0	0	0	0	1	0
C	Marios	22	125	2	1	3_____	73247	1	0	0	0	0	1	0	0	0	0	0
C	Marios	22	125	2	1	3_____	73439	1	0	0	0	0	0	0	0	0	1	0
C	Marios	22	125	2	1	3_____	74250	1	2	0	0	0	0	0	0	0	0	0
C	Marios	22	125	2	1	3_____	74750	2	13	0	0	0	0	0	0	0	0	0
C	Marios	22	125	2	1	3_____	75250	13	15	0	0	0	0	0	0	0	0	0
C	Marios	22	125	2	1	3_____	75343	15	0	0	0	0	1	0	0	0	0	0
C	Marios	22	125	2	1	3_____	75373	15	0	0	0	0	0	0	0	0	1	0
C	Marios	22	125	2	1	3_____	75549	15	0	0	0	0	1	0	0	0	0	0
C	Marios	22	125	2	1	3_____	75604	15	0	0	0	0	0	0	0	0	1	0
C	Marios	22	125	2	1	3_____	75750	15	1	0	0	0	0	0	0	0	0	0
C	Marios	22	125	2	1	3_____	76592	1	0	0	0	0	1	0	0	0	0	0
C	Marios	22	125	2	1	3_____	76671	1	0	0	0	0	0	0	0	0	1	0
C	Marios	22	125	2	1	3_____	77059	1	0	0	0	0	1	0	0	0	0	0
C	Marios	22	125	2	1	3_____	77074	1	0	0	0	0	0	0	0	0	1	0
C	Marios	22	125	2	1	3_____	77100	1	0	0	0	0	1	0	0	0	0	0
C	Marios	22	125	2	1	3_____	77223	1	0	0	0	0	0	0	0	0	1	0
C	Marios	22	125	2	1	3_____	81000	1	2	0	0	0	0	0	0	0	0	0
C	Marios	22	125	2	1	3_____	81500	2	6	0	0	0	0	0	0	0	0	0
C	Marios	22	125	2	1	3_____	81756	6	0	0	0	0	1	0	0	0	0	0
C	Marios	22	125	2	1	3_____	81788	6	0	0	0	0	0	0	0	0	1	0
C	Marios	22	125	2	1	3_____	81882	6	0	0	0	0	1	0	0	0	0	0
C	Marios	22	125	2	1	3_____	81910	6	0	0	0	0	0	0	0	0	1	0
C	Marios	22	125	2	1	3_____	82000	6	11	0	0	0	0	0	0	0	0	0
C	Marios	22	125	2	1	3_____	82018	11	0	0	0	0	1	0	0	0	0	0
C	Marios	22	125	2	1	3_____	82151	11	0	0	0	0	0	0	0	0	1	0
C	Marios	22	125	2	1	3_____	82154	11	0	0	0	0	1	0	0	0	0	0
C	Marios	22	125	2	1	3_____	82157	11	0	0	0	0	0	0	0	0	1	0
C	Marios	22	125	2	1	3_____	82164	11	0	0	0	0	1	0	0	0	0	0
C	Marios	22	125	2	1	3_____	82166	11	0	0	0	0	0	0	0	0	1	0
C	Marios	22	125	2	1	3_____	82173	11	0	0	0	0	1	0	0	0	0	0
C	Marios	22	125	2	1	3_____	82187	11	0	0	0	0	0	0	0	0	1	0
C	Marios	22	125	2	1	3_____	82189	11	0	0	0	0	1	0	0	0	0	0
C	Marios	22	125	2	1	3_____	82221	11	0	0	0	0	0	0	0	0	1	0
C	Marios	22	125	2	1	3_____	82234	11	0	0	0	0	1	0	0	0	0	0
C	Marios	22	125	2	1	3_____	82263	11	0	0	0	0	0	0	0	0	1	0
C	Marios	22	125	2	1	3_____	82275	11	0	0	0	0	1	0	0	0	0	0
C	Marios	22	125	2	1	3_____	82281	11	0	0	0	0	0	0	0	0	1	0
C	Marios	22	125	2	1	3_____	82500	11	1	0	0	0	0	0	0	0	0	0
C	Marios	22	125	2	1	3_____	82687	1	0	0	0	0	1	0	0	0	0	0
C	Marios	22	125	2	1	3_____	82750	1	0	0	0	0	0	0	0	0	1	0
C	Marios	22	125	2	1	3_____	84713	1	0	0	0	0	1	0	0	0	0	0
C	Marios	22	125	2	1	3_____	84784	1	0	0	0	0	0	0	0	0	1	0
C	Marios	22	125	2	1	3_____	84868	1	0	0	0	0	1	0	0	0	0	0
C	Marios	22	125	2	1	3_____	84874	1	0	0	0	0	0	0	0	0	1	0
C	Marios	22	125	2	1	3_____	84917	1	0	0	0	0	1	0	0	0	0	0
C	Marios	22	125	2	1	3_____	84937	1	0	0	0	0	0	0	0	0	1	0
C	Marios	22	125	2	1	3_____	85067	1	0	0	0	0	1	0	0	0	0	0
C	Marios	22	125	2	1	3_____	85143	1	0	0	0	0	0	0	0	0	1	0
C	Marios	22	125	2	1	3_____	85724	1	0	0	0	0	1	0	0	0	0	0
C	Marios	22	125	2	1	3_____	85733	1	0	0	0	0	0	0	0	0	1	0
C	Marios	22	125	2	1	3_____	86000	1	2	0	0	0	0	0	0	0	0	0
C	Marios	22	125	2	1	3_____	86413	2	0	0	0	0	1	0	0	0	0	0
C	Marios	22	125	2	1	3_____	86421	2	0	0	0	0	0	0	0	0	1	0
C	Marios	22	125	2	1	3_____	86500	2	13	0	0	0	0	0	0	0	0	0
C	Marios	22	125	2	1	3_____	86870	13	0	0	0	0	1	0	0	0	0	0
C	Marios	22	125	2	1	3_____	86947	13	0	0	0	0	0	0	0	0	1	0
C	Marios	22	125	2	1	3_____	86995	13	0	0	0	0	1	0	0	0	0	0
C	Marios	22	125	2	1	3_____	87000	13	15	0	0	0	0	0	0	0	0	0
C	Marios	22	125	2	1	3_____	87068	15	0	0	0	0	0	0	0	0	1	0
C	Marios	22	125	2	1	3_____	87184	15	0	0	0	0	1	0	0	0	0	0
C	Marios	22	125	2	1	3_____	87224	15	0	0	0	0	0	0	0	0	1	0
C	Marios	22	125	2	1	3_____	87326	15	0	0	0	0	1	0	0	0	0	0
C	Marios	22	125	2	1	3_____	87387	15	0	0	0	0	0	0	0	0	1	0
C	Marios	22	125	2	1	3_____	87500	15	1	0	0	0	0	0	0	0	0	0
C	Marios	22	125	2	1	3_____	87635	1	0	0	0	0	1	0	0	0	0	0
C	Marios	22	125	2	1	3_____	87678	1	0	0	0	0	0	0	0	0	1	0
C	Marios	22	125	2	1	3_____	88873	1	0	0	0	0	1	0	0	0	0	0
C	Marios	22	125	2	1	3_____	88882	1	0	0	0	0	0	0	0	0	1	0
C	Marios	22	125	2	1	3_____	88886	1	0	0	0	0	1	0	0	0	0	0
C	Marios	22	125	2	1	3_____	88888	1	0	0	0	0	0	0	0	0	1	0
C	Marios	22	125	2	1	3_____	88890	1	0	0	0	0	1	0	0	0	0	0
C	Marios	22	125	2	1	3_____	88902	1	0	0	0	0	0	0	0	0	1	0
C	Marios	22	125	2	1	3_____	88905	1	0	0	0	0	1	0	0	0	0	0
C	Marios	22	125	2	1	3_____	88929	1	0	0	0	0	0	0	0	0	1	0
C	Marios	22	125	2	1	3_____	89099	1	0	0	0	0	1	0	0	0	0	0
C	Marios	22	125	2	1	3_____	89187	1	0	0	0	0	0	0	0	0	1	0
C	Marios	22	125	2	1	3_____	89304	1	0	0	0	0	1	0	0	0	0	0
C	Marios	22	125	2	1	3_____	89406	1	0	0	0	0	0	0	0	0	1	0
C	Marios	22	125	2	1	3_____	89756	1	0	0	0	0	1	0	0	0	0	0
C	Marios	22	125	2	1	3_____	89757	1	0	0	0	0	0	0	0	0	1	0
C	Marios	22	125	2	1	3_____	91662	1	0	0	0	0	1	0	0	0	0	0
C	Marios	22	125	2	1	3_____	91717	1	0	0	0	0	0	0	0	0	1	0
C	Marios	22	125	2	1	3_____	92000	1	2	0	0	0	0	0	0	0	0	0
C	Marios	22	125	2	1	3_____	92500	2	12	0	0	0	0	0	0	0	0	0
C	Marios	22	125	2	1	3_____	92540	12	0	0	0	0	1	0	0	0	0	0
C	Marios	22	125	2	1	3_____	92591	12	0	0	0	0	0	0	0	0	1	0
C	Marios	22	125	2	1	3_____	92783	12	0	0	0	0	1	0	0	0	0	0
C	Marios	22	125	2	1	3_____	92865	12	0	0	0	0	0	0	0	0	1	0
C	Marios	22	125	2	1	3_____	93000	12	15	0	0	0	0	0	0	0	0	0
C	Marios	22	125	2	1	3_____	93117	15	0	0	0	0	1	0	0	0	0	0
C	Marios	22	125	2	1	3_____	93222	15	0	0	0	0	0	0	0	0	1	0
C	Marios	22	125	2	1	3_____	93330	15	0	0	0	0	1	0	0	0	0	0
C	Marios	22	125	2	1	3_____	93338	15	0	0	0	0	0	0	0	0	1	0
C	Marios	22	125	2	1	3_____	93445	15	0	0	0	0	1	0	0	0	0	0
C	Marios	22	125	2	1	3_____	93463	15	0	0	0	0	0	0	0	0	1	0
C	Marios	22	125	2	1	3_____	93500	15	1	0	0	0	0	0	0	0	0	0
C	Marios	22	125	2	1	3_____	93516	1	0	0	0	0	1	0	0	0	0	0
C	Marios	22	125	2	1	3_____	93543	1	0	0	0	0	0	0	0	0	1	0
C	Marios	22	125	2	1	3_____	93565	1	0	0	0	0	1	0	0	0	0	0
C	Marios	22	125	2	1	3_____	93592	1	0	0	0	0	0	0	0	0	1	0
C	Marios	22	125	2	1	3_____	93738	1	0	0	0	0	1	0	0	0	0	0
C	Marios	22	125	2	1	3_____	93797	1	0	0	0	0	0	0	0	0	1	0
C	Marios	22	125	2	1	3_____	94639	1	0	0	0	0	1	0	0	0	0	0
C	Marios	22	125	2	1	3_____	94687	1	0	0	0	0	0	0	0	0	1	0
C	Marios	22	125	2	1	3_____	95439	1	0	0	0	0	1	0	0	0	0	0
C	Marios	22	125	2	1	3_____	95479	1	0	0	0	0	0	0	0	0	1	0
C	Marios	22	125	2	1	3_____	95683	1	0	0	0	0	1	0	0	0	0	0
C	Marios	22	125	2	1	3_____	95741	1	0	0	0	0	0	0	0	0	1	0
C	Marios	22	125	2	1	3_____	95862	1	0	0	0	0	1	0	0	0	0	0
C	Marios	22	125	2	1	3_____	95940	1	0	0	0	0	0	0	0	0	1	0
C	Marios	22	125	2	1	3_____	97051	1	0	0	0	0	1	0	0	0	0	0
C	Marios	22	125	2	1	3_____	97093	1	0	0	0	0	0	0	0	0	1	0
C	Marios	22	125	2	1	3_____	97917	1	0	0	0	0	1	0	0	0	0	0
C	Marios	22	125	2	1	3_____	97931	1	0	0	0	0	0	0	0	0	1	0
C	Marios	22	125	2	1	3_____	97975	1	0	0	0	0	1	0	0	0	0	0
C	Marios	22	125	2	1	3_____	98044	1	0	0	0	0	0	0	0	0	1	0
C	Marios	22	125	2	1	3_____	98178	1	0	0	0	0	1	0	0	0	0	0
C	Marios	22	125	2	1	3_____	98182	1	0	0	0	0	0	0	0	0	1	0
C	Marios	22	125	2	1	3_____	98188	1	0	0	0	0	1	0	0	0	0	0
C	Marios	22	125	2	1	3_____	98213	1	0	0	0	0	0	0	0	0	1	0
C	Marios	22	125	2	1	3_____	98215	1	0	0	0	0	1	0	0	0	0	0
C	Marios	22	125	2	1	3_____	98218	1	0	0	0	0	0	0	0	0	1	0
C	Marios	22	125	2	1	3_____	99500	1	2	0	0	0	0	0	0	0	0	0
C	Marios	22	125	2	1	3_____	100000	2	12	0	0	0	0	0	0	0	0	0
C	Marios	22	125	2	1	3_____	100046	12	0	0	0	0	1	0	0	0	0	0
C	Marios	22	125	2	1	3_____	100083	12	0	0	0	0	0	0	0	0	1	0
C	Marios	22	125	2	1	3_____	100234	12	0	0	0	0	1	0	0	0	0	0
C	Marios	22	125	2	1	3_____	100348	12	0	0	0	0	0	0	0	0	1	0
C	Marios	22	125	2	1	3_____	100500	12	15	0	0	0	0	0	0	0	0	0
C	Marios	22	125	2	1	3_____	100627	15	0	0	0	0	1	0	0	0	0	0
C	Marios	22	125	2	1	3_____	100722	15	0	0	0	0	0	0	0	0	1	0
C	Marios	22	125	2	1	3_____	101000	15	1	0	0	0	0	0	0	0	0	0
C	Marios	22	125	2	1	3_____	101102	1	0	0	0	0	1	0	0	0	0	0
C	Marios	22	125	2	1	3_____	101107	1	0	0	0	0	0	0	0	0	1	0
C	Marios	22	125	2	1	3_____	101720	1	0	0	0	0	1	0	0	0	0	0
C	Marios	22	125	2	1	3_____	101752	1	0	0	0	0	0	0	0	0	1	0
C	Marios	22	125	2	1	3_____	103918	1	0	0	0	0	1	0	0	0	0	0
C	Marios	22	125	2	1	3_____	104066	1	0	0	0	0	0	0	0	0	1	0
C	Marios	22	125	2	1	3_____	104167	1	0	0	0	0	1	0	0	0	0	0
C	Marios	22	125	2	1	3_____	104250	1	0	0	0	0	0	0	0	0	1	0
C	Marios	22	125	2	1	3_____	104478	1	0	0	0	0	1	0	0	0	0	0
C	Marios	22	125	2	1	3_____	104539	1	0	0	0	0	0	0	0	0	1	0
C	Marios	22	125	2	1	3_____	104596	1	0	0	0	0	1	0	0	0	0	0
C	Marios	22	125	2	1	3_____	104657	1	0	0	0	0	0	0	0	0	1	0
C	Marios	22	125	2	1	3_____	105489	1	0	0	0	0	1	0	0	0	0	0
C	Marios	22	125	2	1	3_____	105536	1	0	0	0	0	0	0	0	0	1	0
C	Marios	22	125	2	1	3_____	106500	1	2	0	0	0	0	0	0	0	0	0
C	Marios	22	125	2	1	3_____	107000	2	7	0	0	0	0	0	0	0	0	0
C	Marios	22	125	2	1	3_____	107500	7	10	0	0	0	0	0	0	0	0	0
C	Marios	22	125	2	1	3_____	107561	10	0	0	0	0	1	0	0	0	0	0
C	Marios	22	125	2	1	3_____	107669	10	0	0	0	0	0	0	0	0	1	0
C	Marios	22	125	2	1	3_____	107688	10	0	0	0	0	1	0	0	0	0	0
C	Marios	22	125	2	1	3_____	107695	10	0	0	0	0	0	0	0	0	1	0
C	Marios	22	125	2	1	3_____	107745	10	0	0	0	0	1	0	0	0	0	0
C	Marios	22	125	2	1	3_____	107819	10	0	0	0	0	0	0	0	0	1	0
C	Marios	22	125	2	1	3_____	108000	10	1	0	0	0	0	0	0	0	0	0
C	Marios	22	125	2	1	3_____	110550	1	0	0	0	0	1	0	0	0	0	0
C	Marios	22	125	2	1	3_____	110594	1	0	0	0	0	0	0	0	0	1	0
C	Marios	22	125	2	1	3_____	110916	1	0	0	0	0	1	0	0	0	0	0
C	Marios	22	125	2	1	3_____	110936	1	0	0	0	0	0	0	0	0	1	0
C	Marios	22	125	2	1	3_____	111002	1	0	0	0	0	1	0	0	0	0	0
C	Marios	22	125	2	1	3_____	111020	1	0	0	0	0	0	0	0	0	1	0
C	Marios	22	125	2	1	3_____	112462	1	0	0	0	0	1	0	0	0	0	0
C	Marios	22	125	2	1	3_____	112500	1	2	0	0	0	0	0	0	0	0	0
C	Marios	22	125	2	1	3_____	112544	2	0	0	0	0	0	0	0	0	1	0
C	Marios	22	125	2	1	3_____	112587	2	0	0	0	0	1	0	0	0	0	0
C	Marios	22	125	2	1	3_____	112611	2	0	0	0	0	0	0	0	0	1	0
C	Marios	22	125	2	1	3_____	112668	2	0	0	0	0	1	0	0	0	0	0
C	Marios	22	125	2	1	3_____	112747	2	0	0	0	0	0	0	0	0	1	0
C	Marios	22	125	2	1	3_____	112912	2	0	0	0	0	1	0	0	0	0	0
C	Marios	22	125	2	1	3_____	112932	2	0	0	0	0	0	0	0	0	1	0
C	Marios	22	125	2	1	3_____	112936	2	0	0	0	0	1	0	0	0	0	0
C	Marios	22	125	2	1	3_____	112992	2	0	0	0	0	0	0	0	0	1	0
C	Marios	22	125	2	1	3_____	112994	2	0	0	0	0	1	0	0	0	0	0
C	Marios	22	125	2	1	3_____	112998	2	0	0	0	0	0	0	0	0	1	0
C	Marios	22	125	2	1	3_____	113000	2	13	0	0	0	0	0	0	0	0	0
C	Marios	22	125	2	1	3_____	113161	13	0	0	0	0	1	0	0	0	0	0
C	Marios	22	125	2	1	3_____	113227	13	0	0	0	0	0	0	0	0	1	0
C	Marios	22	125	2	1	3_____	113500	13	15	0	0	0	0	0	0	0	0	0
C	Marios	22	125	2	1	3_____	113739	15	0	0	0	0	1	0	0	0	0	0
C	Marios	22	125	2	1	3_____	113857	15	0	0	0	0	0	0	0	0	1	0
C	Marios	22	125	2	1	3_____	114000	15	1	0	0	0	0	0	0	0	0	0
C	Marios	22	125	2	1	3_____	115287	1	0	0	0	0	1	0	0	0	0	0
C	Marios	22	125	2	1	3_____	115291	1	0	0	0	0	0	0	0	0	1	0
C	Marios	22	125	2	1	3_____	115419	1	0	0	0	0	1	0	0	0	0	0
C	Marios	22	125	2	1	3_____	115425	1	0	0	0	0	0	0	0	0	1	0
C	Marios	22	125	2	1	3_____	115444	1	0	0	0	0	1	0	0	0	0	0
C	Marios	22	125	2	1	3_____	115500	1	2	0	0	0	0	0	0	0	0	0
C	Marios	22	125	2	1	3_____	115519	2	0	0	0	0	0	0	0	0	1	0
C	Marios	22	125	2	1	3_____	115520	2	0	0	0	0	1	0	0	0	0	0
C	Marios	22	125	2	1	3_____	115532	2	0	0	0	0	0	0	0	0	1	0
C	Marios	22	125	2	1	3_____	116000	2	12	0	0	0	0	0	0	0	0	0
C	Marios	22	125	2	1	3_____	116044	12	0	0	0	0	1	0	0	0	0	0
C	Marios	22	125	2	1	3_____	116097	12	0	0	0	0	0	0	0	0	1	0
C	Marios	22	125	2	1	3_____	116236	12	0	0	0	0	1	0	0	0	0	0
C	Marios	22	125	2	1	3_____	116321	12	0	0	0	0	0	0	0	0	1	0
C	Marios	22	125	2	1	3_____	116500	12	15	0	0	0	0	0	0	0	0	0
C	Marios	22	125	2	1	3_____	116552	15	0	0	0	0	1	0	0	0	0	0
C	Marios	22	125	2	1	3_____	116635	15	0	0	0	0	0	0	0	0	1	0
C	Marios	22	125	2	1	3_____	117000	15	1	0	0	0	0	0	0	0	0	0
C	Marios	22	125	2	1	3_____	117611	1	0	0	0	0	1	0	0	0	0	0
C	Marios	22	125	2	1	3_____	117613	1	0	0	0	0	0	0	0	0	1	0
C	Marios	22	125	2	1	3_____	117620	1	0	0	0	0	1	0	0	0	0	0
C	Marios	22	125	2	1	3_____	117669	1	0	0	0	0	0	0	0	0	1	0
C	Marios	22	125	2	1	3_____	118468	1	0	0	0	0	1	0	0	0	0	0
C	Marios	22	125	2	1	3_____	118503	1	0	0	0	0	0	0	0	0	1	0
C	Marios	22	125	2	1	3_____	118849	1	0	0	0	0	1	0	0	0	0	0
C	Marios	22	125	2	1	3_____	118897	1	0	0	0	0	0	0	0	0	1	0
C	Marios	22	125	2	1	3_____	119576	1	0	0	0	0	1	0	0	0	0	0
C	Marios	22	125	2	1	3_____	119695	1	0	0	0	0	0	0	0	0	1	0
C	Marios	22	125	2	1	3_____	119770	1	0	0	0	0	1	0	0	0	0	0
C	Marios	22	125	2	1	3_____	119826	1	0	0	0	0	0	0	0	0	1	0
C	Marios	22	125	2	1	3_____	120854	1	0	0	0	0	1	0	0	0	0	0
C	Marios	22	125	2	1	3_____	120858	1	0	0	0	0	0	0	0	0	1	0
C	Marios	22	125	2	1	3_____	122110	1	0	0	0	0	1	0	0	0	0	0
C	Marios	22	125	2	1	3_____	122335	1	0	0	0	0	0	0	0	0	1	0
C	Marios	22	125	2	1	3_____	122446	1	0	0	0	0	1	0	0	0	0	0
C	Marios	22	125	2	1	3_____	122553	1	0	0	0	0	0	0	0	0	1	0
C	Marios	22	125	2	1	3_____	122813	1	0	0	0	0	1	0	0	0	0	0
C	Marios	22	125	2	1	3_____	122894	1	0	0	0	0	0	0	0	0	1	0
C	Marios	22	125	2	1	3_____	122899	1	0	0	0	0	1	0	0	0	0	0
C	Marios	22	125	2	1	3_____	122933	1	0	0	0	0	0	0	0	0	1	0
C	Marios	22	125	2	1	3_____	124382	1	0	0	0	0	1	0	0	0	0	0
C	Marios	22	125	2	1	3_____	124500	1	2	0	0	0	0	0	0	0	0	0
C	Marios	22	125	2	1	3_____	124650	2	0	0	0	0	0	0	0	0	1	0
C	Marios	22	125	2	1	3_____	124934	2	0	0	0	0	1	0	0	0	0	0
C	Marios	22	125	2	1	3_____	124945	2	0	0	0	0	0	0	0	0	1	0
C	Marios	22	125	2	1	3_____	125000	2	12	0	0	0	0	0	0	0	0	0
C	Marios	22	125	2	1	3_____	125122	12	0	0	0	0	1	0	0	0	0	0
C	Marios	22	125	2	1	3_____	125228	12	0	0	0	0	0	0	0	0	1	0
C	Marios	22	125	2	1	3_____	125339	12	0	0	0	0	1	0	0	0	0	0
C	Marios	22	125	2	1	3_____	125500	12	15	0	0	0	0	0	0	0	0	0
C	Marios	22	125	2	1	3_____	125539	15	0	0	0	0	0	0	0	0	1	0
C	Marios	22	125	2	1	3_____	126000	15	1	0	0	0	0	0	0	0	0	0
C	Marios	22	125	2	1	3_____	127063	1	0	0	0	0	1	0	0	0	0	0
C	Marios	22	125	2	1	3_____	127245	1	0	0	0	0	0	0	0	0	1	0
C	Marios	22	125	2	1	3_____	128254	1	0	0	0	0	1	0	0	0	0	0
C	Marios	22	125	2	1	3_____	128404	1	0	0	0	0	0	0	0	0	1	0
C	Marios	22	125	2	1	3_____	129044	1	0	0	0	0	1	0	0	0	0	0
C	Marios	22	125	2	1	3_____	129137	1	0	0	0	0	0	0	0	0	1	0
C	Marios	22	125	2	1	3_____	132648	1	0	0	0	0	1	0	0	0	0	0
C	Marios	22	125	2	1	3_____	132688	1	0	0	0	0	0	0	0	0	1	0
C	Marios	22	125	2	1	3_____	132750	1	2	0	0	0	0	0	0	0	0	0
C	Marios	22	125	2	1	3_____	132927	2	0	0	0	0	1	0	0	0	0	0
C	Marios	22	125	2	1	3_____	133006	2	0	0	0	0	0	0	0	0	1	0
C	Marios	22	125	2	1	3_____	133234	2	0	0	0	0	1	0	0	0	0	0
C	Marios	22	125	2	1	3_____	133250	2	7	0	0	0	0	0	0	0	0	0
C	Marios	22	125	2	1	3_____	133256	7	0	0	0	0	0	0	0	0	1	0
C	Marios	22	125	2	1	3_____	133374	7	0	0	0	0	1	0	0	0	0	0
C	Marios	22	125	2	1	3_____	133476	7	0	0	0	0	0	0	0	0	1	0
C	Marios	22	125	2	1	3_____	133608	7	0	0	0	0	1	0	0	0	0	0
C	Marios	22	125	2	1	3_____	133669	7	0	0	0	0	0	0	0	0	1	0
C	Marios	22	125	2	1	3_____	133750	7	10	0	0	0	0	0	0	0	0	0
C	Marios	22	125	2	1	3_____	133771	10	0	0	0	0	1	0	0	0	0	0
C	Marios	22	125	2	1	3_____	134241	10	0	0	0	0	0	0	0	0	1	0
C	Marios	22	125	2	1	3_____	134250	10	1	0	0	0	0	0	0	0	0	0
C	Marios	22	125	2	1	3_____	136288	1	0	0	0	0	1	0	0	0	0	0
C	Marios	22	125	2	1	3_____	136371	1	0	0	0	0	0	0	0	0	1	0
C	Marios	22	125	2	1	3_____	137940	1	0	0	0	0	1	0	0	0	0	0
C	Marios	22	125	2	1	3_____	138000	1	2	0	0	0	0	0	0	0	0	0
C	Marios	22	125	2	1	3_____	138044	2	0	0	0	0	0	0	0	0	1	0
C	Marios	22	125	2	1	3_____	138187	2	0	0	0	0	1	0	0	0	0	0
C	Marios	22	125	2	1	3_____	138279	2	0	0	0	0	0	0	0	0	1	0
C	Marios	22	125	2	1	3_____	138500	2	6	0	0	0	0	0	0	0	0	0
C	Marios	22	125	2	1	3_____	138568	6	0	0	0	0	1	0	0	0	0	0
C	Marios	22	125	2	1	3_____	138647	6	0	0	0	0	0	0	0	0	1	0
C	Marios	22	125	2	1	3_____	138818	6	0	0	0	0	1	0	0	0	0	0
C	Marios	22	125	2	1	3_____	138929	6	0	0	0	0	0	0	0	0	1	0
C	Marios	22	125	2	1	3_____	139000	6	11	0	0	0	0	0	0	0	0	0
C	Marios	22	125	2	1	3_____	139040	11	0	0	0	0	1	0	0	0	0	0
C	Marios	22	125	2	1	3_____	139308	11	0	0	0	0	0	0	0	0	1	0
C	Marios	22	125	2	1	3_____	139500	11	1	0	0	0	0	0	0	0	0	0
C	Marios	22	125	2	1	3_____	140134	1	0	0	0	0	1	0	0	0	0	0
C	Marios	22	125	2	1	3_____	140151	1	0	0	0	0	0	0	0	0	1	0
C	Marios	22	125	2	1	3_____	140447	1	0	0	0	0	1	0	0	0	0	0
C	Marios	22	125	2	1	3_____	140511	1	0	0	0	0	0	0	0	0	1	0
C	Marios	22	125	2	1	3_____	140765	1	0	0	0	0	1	0	0	0	0	0
C	Marios	22	125	2	1	3_____	140792	1	0	0	0	0	0	0	0	0	1	0
C	Marios	22	125	2	1	3_____	140796	1	0	0	0	0	1	0	0	0	0	0
C	Marios	22	125	2	1	3_____	140797	1	0	0	0	0	0	0	0	0	1	0
C	Marios	22	125	2	1	3_____	140813	1	0	0	0	0	1	0	0	0	0	0
C	Marios	22	125	2	1	3_____	140828	1	0	0	0	0	0	0	0	0	1	0
C	Marios	22	125	2	1	3_____	140832	1	0	0	0	0	1	0	0	0	0	0
C	Marios	22	125	2	1	3_____	140849	1	0	0	0	0	0	0	0	0	1	0
C	Marios	22	125	2	1	3_____	140852	1	0	0	0	0	1	0	0	0	0	0
C	Marios	22	125	2	1	3_____	140859	1	0	0	0	0	0	0	0	0	1	0
C	Marios	22	125	2	1	3_____	142139	1	0	0	0	0	1	0	0	0	0	0
C	Marios	22	125	2	1	3_____	142216	1	0	0	0	0	0	0	0	0	1	0
C	Marios	22	125	2	1	3_____	142500	1	2	0	0	0	0	0	0	0	0	0
C	Marios	22	125	2	1	3_____	143000	2	13	0	0	0	0	0	0	0	0	0
C	Marios	22	125	2	1	3_____	143053	13	0	0	0	0	1	0	0	0	0	0
C	Marios	22	125	2	1	3_____	143131	13	0	0	0	0	0	0	0	0	1	0
C	Marios	22	125	2	1	3_____	143431	13	0	0	0	0	1	0	0	0	0	0
C	Marios	22	125	2	1	3_____	143494	13	0	0	0	0	0	0	0	0	1	0
C	Marios	22	125	2	1	3_____	143500	13	15	0	0	0	0	0	0	0	0	0
C	Marios	22	125	2	1	3_____	143732	15	0	0	0	0	1	0	0	0	0	0
C	Marios	22	125	2	1	3_____	143821	15	0	0	0	0	0	0	0	0	1	0
C	Marios	22	125	2	1	3_____	144000	15	14	0	0	0	0	0	0	0	0	0
C	Marios	22	125	2	1	3_____	146857	14	0	0	0	0	1	0	0	0	0	0
C	Marios	22	125	2	1	3_____	147000	14	-1	0	0	0	0	0	0	0	0	0
C	Marios	22	125	6	1	28____	0	0	1	0	0	0	0	0	0	0	0	0
C	Marios	22	125	6	1	28____	513	1	0	0	0	0	1	0	0	0	0	0
C	Marios	22	125	6	1	28____	536	1	0	0	0	0	0	0	0	0	1	0
C	Marios	22	125	6	1	28____	1023	1	0	0	0	0	1	0	0	0	0	0
C	Marios	22	125	6	1	28____	1069	1	0	0	0	0	0	0	0	0	1	0
C	Marios	22	125	6	1	28____	2250	1	2	0	0	0	0	0	0	0	0	0
C	Marios	22	125	6	1	28____	2750	2	13	0	0	0	0	0	0	0	0	0
C	Marios	22	125	6	1	28____	3250	13	15	0	0	0	0	0	0	0	0	0
C	Marios	22	125	6	1	28____	3334	15	0	0	0	0	1	0	0	0	0	0
C	Marios	22	125	6	1	28____	3352	15	0	0	0	0	0	0	0	0	1	0
C	Marios	22	125	6	1	28____	3750	15	1	0	0	0	0	0	0	0	0	0
C	Marios	22	125	6	1	28____	5908	1	0	0	0	0	1	0	0	0	0	0
C	Marios	22	125	6	1	28____	6026	1	0	0	0	0	0	0	0	0	1	0
C	Marios	22	125	6	1	28____	6750	1	2	0	0	0	0	0	0	0	0	0
C	Marios	22	125	6	1	28____	7038	2	0	0	0	0	1	0	0	0	0	0
C	Marios	22	125	6	1	28____	7047	2	0	0	0	0	0	0	0	0	1	0
C	Marios	22	125	6	1	28____	7250	2	7	0	0	0	0	0	0	0	0	0
C	Marios	22	125	6	1	28____	7352	7	0	0	0	0	1	0	0	0	0	0
C	Marios	22	125	6	1	28____	7370	7	0	0	0	0	0	0	0	0	1	0
C	Marios	22	125	6	1	28____	7408	7	0	0	0	0	1	0	0	0	0	0
C	Marios	22	125	6	1	28____	7479	7	0	0	0	0	0	0	0	0	1	0
C	Marios	22	125	6	1	28____	7515	7	0	0	0	0	1	0	0	0	0	0
C	Marios	22	125	6	1	28____	7576	7	0	0	0	0	0	0	0	0	1	0
C	Marios	22	125	6	1	28____	7615	7	0	0	0	0	1	0	0	0	0	0
C	Marios	22	125	6	1	28____	7661	7	0	0	0	0	0	0	0	0	1	0
C	Marios	22	125	6	1	28____	7738	7	0	0	0	0	1	0	0	0	0	0
C	Marios	22	125	6	1	28____	7750	7	10	0	0	0	0	0	0	0	0	0
C	Marios	22	125	6	1	28____	8009	10	0	0	0	0	0	0	0	0	1	0
C	Marios	22	125	6	1	28____	8250	10	1	0	0	0	0	0	0	0	0	0
C	Marios	22	125	6	1	28____	9282	1	0	0	0	0	1	0	0	0	0	0
C	Marios	22	125	6	1	28____	9296	1	0	0	0	0	0	0	0	0	1	0
C	Marios	22	125	6	1	28____	9925	1	0	0	0	0	1	0	0	0	0	0
C	Marios	22	125	6	1	28____	9927	1	0	0	0	0	0	0	0	0	1	0
C	Marios	22	125	6	1	28____	9992	1	0	0	0	0	1	0	0	0	0	0
C	Marios	22	125	6	1	28____	10017	1	0	0	0	0	0	0	0	0	1	0
C	Marios	22	125	6	1	28____	11618	1	0	0	0	0	1	0	0	0	0	0
C	Marios	22	125	6	1	28____	11639	1	0	0	0	0	0	0	0	0	1	0
C	Marios	22	125	6	1	28____	12724	1	0	0	0	0	1	0	0	0	0	0
C	Marios	22	125	6	1	28____	12746	1	0	0	0	0	0	0	0	0	1	0
C	Marios	22	125	6	1	28____	12766	1	0	0	0	0	1	0	0	0	0	0
C	Marios	22	125	6	1	28____	12794	1	0	0	0	0	0	0	0	0	1	0
C	Marios	22	125	6	1	28____	12836	1	0	0	0	0	1	0	0	0	0	0
C	Marios	22	125	6	1	28____	12882	1	0	0	0	0	0	0	0	0	1	0
C	Marios	22	125	6	1	28____	12911	1	0	0	0	0	1	0	0	0	0	0
C	Marios	22	125	6	1	28____	12978	1	0	0	0	0	0	0	0	0	1	0
C	Marios	22	125	6	1	28____	13058	1	0	0	0	0	1	0	0	0	0	0
C	Marios	22	125	6	1	28____	13126	1	0	0	0	0	0	0	0	0	1	0
C	Marios	22	125	6	1	28____	14556	1	0	0	0	0	1	0	0	0	0	0
C	Marios	22	125	6	1	28____	14578	1	0	0	0	0	0	0	0	0	1	0
C	Marios	22	125	6	1	28____	14600	1	0	0	0	0	1	0	0	0	0	0
C	Marios	22	125	6	1	28____	14633	1	0	0	0	0	0	0	0	0	1	0
C	Marios	22	125	6	1	28____	14673	1	0	0	0	0	1	0	0	0	0	0
C	Marios	22	125	6	1	28____	14682	1	0	0	0	0	0	0	0	0	1	0
C	Marios	22	125	6	1	28____	14727	1	0	0	0	0	1	0	0	0	0	0
C	Marios	22	125	6	1	28____	14747	1	0	0	0	0	0	0	0	0	1	0
C	Marios	22	125	6	1	28____	14826	1	0	0	0	0	1	0	0	0	0	0
C	Marios	22	125	6	1	28____	14861	1	0	0	0	0	0	0	0	0	1	0
C	Marios	22	125	6	1	28____	14993	1	0	0	0	0	1	0	0	0	0	0
C	Marios	22	125	6	1	28____	15000	1	2	0	0	0	0	0	0	0	0	0
C	Marios	22	125	6	1	28____	15018	2	0	0	0	0	0	0	0	0	1	0
C	Marios	22	125	6	1	28____	15083	2	0	0	0	0	1	0	0	0	0	0
C	Marios	22	125	6	1	28____	15119	2	0	0	0	0	0	0	0	0	1	0
C	Marios	22	125	6	1	28____	15221	2	0	0	0	0	1	0	0	0	0	0
C	Marios	22	125	6	1	28____	15353	2	0	0	0	0	0	0	0	0	1	0
C	Marios	22	125	6	1	28____	15357	2	0	0	0	0	1	0	0	0	0	0
C	Marios	22	125	6	1	28____	15372	2	0	0	0	0	0	0	0	0	1	0
C	Marios	22	125	6	1	28____	15478	2	0	0	0	0	1	0	0	0	0	0
C	Marios	22	125	6	1	28____	15500	2	6	0	0	0	0	0	0	0	0	0
C	Marios	22	125	6	1	28____	15507	6	0	0	0	0	0	0	0	0	1	0
C	Marios	22	125	6	1	28____	15576	6	0	0	0	0	1	0	0	0	0	0
C	Marios	22	125	6	1	28____	15594	6	0	0	0	0	0	0	0	0	1	0
C	Marios	22	125	6	1	28____	15639	6	0	0	0	0	1	0	0	0	0	0
C	Marios	22	125	6	1	28____	15688	6	0	0	0	0	0	0	0	0	1	0
C	Marios	22	125	6	1	28____	15749	6	0	0	0	0	1	0	0	0	0	0
C	Marios	22	125	6	1	28____	15786	6	0	0	0	0	0	0	0	0	1	0
C	Marios	22	125	6	1	28____	15804	6	0	0	0	0	1	0	0	0	0	0
C	Marios	22	125	6	1	28____	15827	6	0	0	0	0	0	0	0	0	1	0
C	Marios	22	125	6	1	28____	15870	6	0	0	0	0	1	0	0	0	0	0
C	Marios	22	125	6	1	28____	15887	6	0	0	0	0	0	0	0	0	1	0
C	Marios	22	125	6	1	28____	16000	6	11	0	0	0	0	0	0	0	0	0
C	Marios	22	125	6	1	28____	16285	11	0	0	0	0	1	0	0	0	0	0
C	Marios	22	125	6	1	28____	16500	11	1	0	0	0	0	0	0	0	0	0
C	Marios	22	125	6	1	28____	16591	1	0	0	0	0	0	0	0	0	1	0
C	Marios	22	125	6	1	28____	17056	1	0	0	0	0	1	0	0	0	0	0
C	Marios	22	125	6	1	28____	17063	1	0	0	0	0	0	0	0	0	1	0
C	Marios	22	125	6	1	28____	17856	1	0	0	0	0	1	0	0	0	0	0
C	Marios	22	125	6	1	28____	17883	1	0	0	0	0	0	0	0	0	1	0
C	Marios	22	125	6	1	28____	19088	1	0	0	0	0	1	0	0	0	0	0
C	Marios	22	125	6	1	28____	19128	1	0	0	0	0	0	0	0	0	1	0
C	Marios	22	125	6	1	28____	19178	1	0	0	0	0	1	0	0	0	0	0
C	Marios	22	125	6	1	28____	19205	1	0	0	0	0	0	0	0	0	1	0
C	Marios	22	125	6	1	28____	19270	1	0	0	0	0	1	0	0	0	0	0
C	Marios	22	125	6	1	28____	19376	1	0	0	0	0	0	0	0	0	1	0
C	Marios	22	125	6	1	28____	19382	1	0	0	0	0	1	0	0	0	0	0
C	Marios	22	125	6	1	28____	19394	1	0	0	0	0	0	0	0	0	1	0
C	Marios	22	125	6	1	28____	21000	1	2	0	0	0	0	0	0	0	0	0
C	Marios	22	125	6	1	28____	21362	2	0	0	0	0	1	0	0	0	0	0
C	Marios	22	125	6	1	28____	21388	2	0	0	0	0	0	0	0	0	1	0
C	Marios	22	125	6	1	28____	21500	2	12	0	0	0	0	0	0	0	0	0
C	Marios	22	125	6	1	28____	21651	12	0	0	0	0	1	0	0	0	0	0
C	Marios	22	125	6	1	28____	21672	12	0	0	0	0	0	0	0	0	1	0
C	Marios	22	125	6	1	28____	22000	12	15	0	0	0	0	0	0	0	0	0
C	Marios	22	125	6	1	28____	22500	15	1	0	0	0	0	0	0	0	0	0
C	Marios	22	125	6	1	28____	23411	1	0	0	0	0	1	0	0	0	0	0
C	Marios	22	125	6	1	28____	23435	1	0	0	0	0	0	0	0	0	1	0
C	Marios	22	125	6	1	28____	23460	1	0	0	0	0	1	0	0	0	0	0
C	Marios	22	125	6	1	28____	23498	1	0	0	0	0	0	0	0	0	1	0
C	Marios	22	125	6	1	28____	23797	1	0	0	0	0	1	0	0	0	0	0
C	Marios	22	125	6	1	28____	23837	1	0	0	0	0	0	0	0	0	1	0
C	Marios	22	125	6	1	28____	23873	1	0	0	0	0	1	0	0	0	0	0
C	Marios	22	125	6	1	28____	23922	1	0	0	0	0	0	0	0	0	1	0
C	Marios	22	125	6	1	28____	24244	1	0	0	0	0	1	0	0	0	0	0
C	Marios	22	125	6	1	28____	24257	1	0	0	0	0	0	0	0	0	1	0
C	Marios	22	125	6	1	28____	26000	1	2	0	0	0	0	0	0	0	0	0
C	Marios	22	125	6	1	28____	26396	2	0	0	0	0	1	0	0	0	0	0
C	Marios	22	125	6	1	28____	26414	2	0	0	0	0	0	0	0	0	1	0
C	Marios	22	125	6	1	28____	26427	2	0	0	0	0	1	0	0	0	0	0
C	Marios	22	125	6	1	28____	26450	2	0	0	0	0	0	0	0	0	1	0
C	Marios	22	125	6	1	28____	26500	2	13	0	0	0	0	0	0	0	0	0
C	Marios	22	125	6	1	28____	26985	13	0	0	0	0	1	0	0	0	0	0
C	Marios	22	125	6	1	28____	27000	13	15	0	0	0	0	0	0	0	0	0
C	Marios	22	125	6	1	28____	27036	15	0	0	0	0	0	0	0	0	1	0
C	Marios	22	125	6	1	28____	27077	15	0	0	0	0	1	0	0	0	0	0
C	Marios	22	125	6	1	28____	27109	15	0	0	0	0	0	0	0	0	1	0
C	Marios	22	125	6	1	28____	27133	15	0	0	0	0	1	0	0	0	0	0
C	Marios	22	125	6	1	28____	27167	15	0	0	0	0	0	0	0	0	1	0
C	Marios	22	125	6	1	28____	27252	15	0	0	0	0	1	0	0	0	0	0
C	Marios	22	125	6	1	28____	27282	15	0	0	0	0	0	0	0	0	1	0
C	Marios	22	125	6	1	28____	27500	15	1	0	0	0	0	0	0	0	0	0
C	Marios	22	125	6	1	28____	28156	1	0	0	0	0	1	0	0	0	0	0
C	Marios	22	125	6	1	28____	28162	1	0	0	0	0	0	0	0	0	1	0
C	Marios	22	125	6	1	28____	29571	1	0	0	0	0	1	0	0	0	0	0
C	Marios	22	125	6	1	28____	29590	1	0	0	0	0	0	0	0	0	1	0
C	Marios	22	125	6	1	28____	31095	1	0	0	0	0	1	0	0	0	0	0
C	Marios	22	125	6	1	28____	31112	1	0	0	0	0	0	0	0	0	1	0
C	Marios	22	125	6	1	28____	31250	1	2	0	0	0	0	0	0	0	0	0
C	Marios	22	125	6	1	28____	31750	2	12	0	0	0	0	0	0	0	0	0
C	Marios	22	125	6	1	28____	31903	12	0	0	0	0	1	0	0	0	0	0
C	Marios	22	125	6	1	28____	31923	12	0	0	0	0	0	0	0	0	1	0
C	Marios	22	125	6	1	28____	32172	12	0	0	0	0	1	0	0	0	0	0
C	Marios	22	125	6	1	28____	32195	12	0	0	0	0	0	0	0	0	1	0
C	Marios	22	125	6	1	28____	32250	12	15	0	0	0	0	0	0	0	0	0
C	Marios	22	125	6	1	28____	32750	15	1	0	0	0	0	0	0	0	0	0
C	Marios	22	125	6	1	28____	33559	1	0	0	0	0	1	0	0	0	0	0
C	Marios	22	125	6	1	28____	33573	1	0	0	0	0	0	0	0	0	1	0
C	Marios	22	125	6	1	28____	34869	1	0	0	0	0	1	0	0	0	0	0
C	Marios	22	125	6	1	28____	34886	1	0	0	0	0	0	0	0	0	1	0
C	Marios	22	125	6	1	28____	34891	1	0	0	0	0	1	0	0	0	0	0
C	Marios	22	125	6	1	28____	34904	1	0	0	0	0	0	0	0	0	1	0
C	Marios	22	125	6	1	28____	34908	1	0	0	0	0	1	0	0	0	0	0
C	Marios	22	125	6	1	28____	34928	1	0	0	0	0	0	0	0	0	1	0
C	Marios	22	125	6	1	28____	34947	1	0	0	0	0	1	0	0	0	0	0
C	Marios	22	125	6	1	28____	35034	1	0	0	0	0	0	0	0	0	1	0
C	Marios	22	125	6	1	28____	35482	1	0	0	0	0	1	0	0	0	0	0
C	Marios	22	125	6	1	28____	35602	1	0	0	0	0	0	0	0	0	1	0
C	Marios	22	125	6	1	28____	35898	1	0	0	0	0	1	0	0	0	0	0
C	Marios	22	125	6	1	28____	35976	1	0	0	0	0	0	0	0	0	1	0
C	Marios	22	125	6	1	28____	36065	1	0	0	0	0	1	0	0	0	0	0
C	Marios	22	125	6	1	28____	36141	1	0	0	0	0	0	0	0	0	1	0
C	Marios	22	125	6	1	28____	36222	1	0	0	0	0	1	0	0	0	0	0
C	Marios	22	125	6	1	28____	36590	1	0	0	0	0	0	0	0	0	1	0
C	Marios	22	125	6	1	28____	36714	1	0	0	0	0	1	0	0	0	0	0
C	Marios	22	125	6	1	28____	36867	1	0	0	0	0	0	0	0	0	1	0
C	Marios	22	125	6	1	28____	37242	1	0	0	0	0	1	0	0	0	0	0
C	Marios	22	125	6	1	28____	37250	1	2	0	0	0	0	0	0	0	0	0
C	Marios	22	125	6	1	28____	37256	2	0	0	0	0	0	0	0	0	1	0
C	Marios	22	125	6	1	28____	37268	2	0	0	0	0	1	0	0	0	0	0
C	Marios	22	125	6	1	28____	37295	2	0	0	0	0	0	0	0	0	1	0
C	Marios	22	125	6	1	28____	37750	2	12	0	0	0	0	0	0	0	0	0
C	Marios	22	125	6	1	28____	38227	12	0	0	0	0	1	0	0	0	0	0
C	Marios	22	125	6	1	28____	38244	12	0	0	0	0	0	0	0	0	1	0
C	Marios	22	125	6	1	28____	38250	12	15	0	0	0	0	0	0	0	0	0
C	Marios	22	125	6	1	28____	38277	15	0	0	0	0	1	0	0	0	0	0
C	Marios	22	125	6	1	28____	38350	15	0	0	0	0	0	0	0	0	1	0
C	Marios	22	125	6	1	28____	38750	15	1	0	0	0	0	0	0	0	0	0
C	Marios	22	125	6	1	28____	39143	1	0	0	0	0	1	0	0	0	0	0
C	Marios	22	125	6	1	28____	39151	1	0	0	0	0	0	0	0	0	1	0
C	Marios	22	125	6	1	28____	39269	1	0	0	0	0	1	0	0	0	0	0
C	Marios	22	125	6	1	28____	39286	1	0	0	0	0	0	0	0	0	1	0
C	Marios	22	125	6	1	28____	39288	1	0	0	0	0	1	0	0	0	0	0
C	Marios	22	125	6	1	28____	39307	1	0	0	0	0	0	0	0	0	1	0
C	Marios	22	125	6	1	28____	39848	1	0	0	0	0	1	0	0	0	0	0
C	Marios	22	125	6	1	28____	39850	1	0	0	0	0	0	0	0	0	1	0
C	Marios	22	125	6	1	28____	40193	1	0	0	0	0	1	0	0	0	0	0
C	Marios	22	125	6	1	28____	40196	1	0	0	0	0	0	0	0	0	1	0
C	Marios	22	125	6	1	28____	40203	1	0	0	0	0	1	0	0	0	0	0
C	Marios	22	125	6	1	28____	40205	1	0	0	0	0	0	0	0	0	1	0
C	Marios	22	125	6	1	28____	40849	1	0	0	0	0	1	0	0	0	0	0
C	Marios	22	125	6	1	28____	40852	1	0	0	0	0	0	0	0	0	1	0
C	Marios	22	125	6	1	28____	44163	1	0	0	0	0	1	0	0	0	0	0
C	Marios	22	125	6	1	28____	44166	1	0	0	0	0	0	0	0	0	1	0
C	Marios	22	125	6	1	28____	44580	1	0	0	0	0	1	0	0	0	0	0
C	Marios	22	125	6	1	28____	44603	1	0	0	0	0	0	0	0	0	1	0
C	Marios	22	125	6	1	28____	46250	1	2	0	0	0	0	0	0	0	0	0
C	Marios	22	125	6	1	28____	46750	2	6	0	0	0	0	0	0	0	0	0
C	Marios	22	125	6	1	28____	47250	6	11	0	0	0	0	0	0	0	0	0
C	Marios	22	125	6	1	28____	47304	11	0	0	0	0	1	0	0	0	0	0
C	Marios	22	125	6	1	28____	47406	11	0	0	0	0	0	0	0	0	1	0
C	Marios	22	125	6	1	28____	47446	11	0	0	0	0	1	0	0	0	0	0
C	Marios	22	125	6	1	28____	47518	11	0	0	0	0	0	0	0	0	1	0
C	Marios	22	125	6	1	28____	47750	11	1	0	0	0	0	0	0	0	0	0
C	Marios	22	125	6	1	28____	47793	1	0	0	0	0	1	0	0	0	0	0
C	Marios	22	125	6	1	28____	47901	1	0	0	0	0	0	0	0	0	1	0
C	Marios	22	125	6	1	28____	47906	1	0	0	0	0	1	0	0	0	0	0
C	Marios	22	125	6	1	28____	47924	1	0	0	0	0	0	0	0	0	1	0
C	Marios	22	125	6	1	28____	47950	1	0	0	0	0	1	0	0	0	0	0
C	Marios	22	125	6	1	28____	47952	1	0	0	0	0	0	0	0	0	1	0
C	Marios	22	125	6	1	28____	47958	1	0	0	0	0	1	0	0	0	0	0
C	Marios	22	125	6	1	28____	47960	1	0	0	0	0	0	0	0	0	1	0
C	Marios	22	125	6	1	28____	47962	1	0	0	0	0	1	0	0	0	0	0
C	Marios	22	125	6	1	28____	47966	1	0	0	0	0	0	0	0	0	1	0
C	Marios	22	125	6	1	28____	47967	1	0	0	0	0	1	0	0	0	0	0
C	Marios	22	125	6	1	28____	48052	1	0	0	0	0	0	0	0	0	1	0
C	Marios	22	125	6	1	28____	48098	1	0	0	0	0	1	0	0	0	0	0
C	Marios	22	125	6	1	28____	48103	1	0	0	0	0	1	0	0	0	1	0
C	Marios	22	125	6	1	28____	48127	1	0	0	0	0	0	0	0	0	1	0
C	Marios	22	125	6	1	28____	48138	1	0	0	0	0	1	0	0	0	0	0
C	Marios	22	125	6	1	28____	48160	1	0	0	0	0	0	0	0	0	1	0
C	Marios	22	125	6	1	28____	48288	1	0	0	0	0	1	0	0	0	0	0
C	Marios	22	125	6	1	28____	48316	1	0	0	0	0	0	0	0	0	1	0
C	Marios	22	125	6	1	28____	49577	1	0	0	0	0	1	0	0	0	0	0
C	Marios	22	125	6	1	28____	49595	1	0	0	0	0	0	0	0	0	1	0
C	Marios	22	125	6	1	28____	50281	1	0	0	0	0	1	0	0	0	0	0
C	Marios	22	125	6	1	28____	50331	1	0	0	0	0	0	0	0	0	1	0
C	Marios	22	125	6	1	28____	50402	1	0	0	0	0	1	0	0	0	0	0
C	Marios	22	125	6	1	28____	50417	1	0	0	0	0	0	0	0	0	1	0
C	Marios	22	125	6	1	28____	51457	1	0	0	0	0	1	0	0	0	0	0
C	Marios	22	125	6	1	28____	51460	1	0	0	0	0	0	0	0	0	1	0
C	Marios	22	125	6	1	28____	51582	1	0	0	0	0	1	0	0	0	0	0
C	Marios	22	125	6	1	28____	51604	1	0	0	0	0	0	0	0	0	1	0
C	Marios	22	125	6	1	28____	51701	1	0	0	0	0	1	0	0	0	0	0
C	Marios	22	125	6	1	28____	51719	1	0	0	0	0	0	0	0	0	1	0
C	Marios	22	125	6	1	28____	51964	1	0	0	0	0	1	0	0	0	0	0
C	Marios	22	125	6	1	28____	52004	1	0	0	0	0	0	0	0	0	1	0
C	Marios	22	125	6	1	28____	52187	1	0	0	0	0	1	0	0	0	0	0
C	Marios	22	125	6	1	28____	52214	1	0	0	0	0	0	0	0	0	1	0
C	Marios	22	125	6	1	28____	53000	1	2	0	0	0	0	0	0	0	0	0
C	Marios	22	125	6	1	28____	53266	2	0	0	0	0	1	0	0	0	0	0
C	Marios	22	125	6	1	28____	53281	2	0	0	0	0	0	0	0	0	1	0
C	Marios	22	125	6	1	28____	53424	2	0	0	0	0	1	0	0	0	0	0
C	Marios	22	125	6	1	28____	53445	2	0	0	0	0	0	0	0	0	1	0
C	Marios	22	125	6	1	28____	53500	2	12	0	0	0	0	0	0	0	0	0
C	Marios	22	125	6	1	28____	54000	12	15	0	0	0	0	0	0	0	0	0
C	Marios	22	125	6	1	28____	54500	15	1	0	0	0	0	0	0	0	0	0
C	Marios	22	125	6	1	28____	55178	1	0	0	0	0	1	0	0	0	0	0
C	Marios	22	125	6	1	28____	55180	1	0	0	0	0	0	0	0	0	1	0
C	Marios	22	125	6	1	28____	58040	1	0	0	0	0	1	0	0	0	0	0
C	Marios	22	125	6	1	28____	58042	1	0	0	0	0	0	0	0	0	1	0
C	Marios	22	125	6	1	28____	58093	1	0	0	0	0	1	0	0	0	0	0
C	Marios	22	125	6	1	28____	58118	1	0	0	0	0	0	0	0	0	1	0
C	Marios	22	125	6	1	28____	58730	1	0	0	0	0	1	0	0	0	0	0
C	Marios	22	125	6	1	28____	58746	1	0	0	0	0	0	0	0	0	1	0
C	Marios	22	125	6	1	28____	59809	1	0	0	0	0	1	0	0	0	0	0
C	Marios	22	125	6	1	28____	59831	1	0	0	0	0	0	0	0	0	1	0
C	Marios	22	125	6	1	28____	60000	1	2	0	0	0	0	0	0	0	0	0
C	Marios	22	125	6	1	28____	60500	2	13	0	0	0	0	0	0	0	0	0
C	Marios	22	125	6	1	28____	60841	13	0	0	0	0	1	0	0	0	0	0
C	Marios	22	125	6	1	28____	60845	13	0	0	0	0	0	0	0	0	1	0
C	Marios	22	125	6	1	28____	60853	13	0	0	0	0	1	0	0	0	0	0
C	Marios	22	125	6	1	28____	60877	13	0	0	0	0	0	0	0	0	1	0
C	Marios	22	125	6	1	28____	61000	13	15	0	0	0	0	0	0	0	0	0
C	Marios	22	125	6	1	28____	61500	15	1	0	0	0	0	0	0	0	0	0
C	Marios	22	125	6	1	28____	61732	1	0	0	0	0	1	0	0	0	0	0
C	Marios	22	125	6	1	28____	61756	1	0	0	0	0	0	0	0	0	1	0
C	Marios	22	125	6	1	28____	63478	1	0	0	0	0	1	0	0	0	0	0
C	Marios	22	125	6	1	28____	63505	1	0	0	0	0	0	0	0	0	1	0
C	Marios	22	125	6	1	28____	63565	1	0	0	0	0	1	0	0	0	0	0
C	Marios	22	125	6	1	28____	63596	1	0	0	0	0	0	0	0	0	1	0
C	Marios	22	125	6	1	28____	67500	1	2	0	0	0	0	0	0	0	0	0
C	Marios	22	125	6	1	28____	67639	2	0	0	0	0	1	0	0	0	0	0
C	Marios	22	125	6	1	28____	67643	2	0	0	0	0	0	0	0	0	1	0
C	Marios	22	125	6	1	28____	67694	2	0	0	0	0	1	0	0	0	0	0
C	Marios	22	125	6	1	28____	67699	2	0	0	0	0	0	0	0	0	1	0
C	Marios	22	125	6	1	28____	67704	2	0	0	0	0	1	0	0	0	0	0
C	Marios	22	125	6	1	28____	67706	2	0	0	0	0	0	0	0	0	1	0
C	Marios	22	125	6	1	28____	68000	2	7	0	0	0	0	0	0	0	0	0
C	Marios	22	125	6	1	28____	68080	7	0	0	0	0	1	0	0	0	0	0
C	Marios	22	125	6	1	28____	68082	7	0	0	0	0	0	0	0	0	1	0
C	Marios	22	125	6	1	28____	68083	7	0	0	0	0	1	0	0	0	0	0
C	Marios	22	125	6	1	28____	68094	7	0	0	0	0	0	0	0	0	1	0
C	Marios	22	125	6	1	28____	68099	7	0	0	0	0	1	0	0	0	0	0
C	Marios	22	125	6	1	28____	68124	7	0	0	0	0	0	0	0	0	1	0
C	Marios	22	125	6	1	28____	68159	7	0	0	0	0	1	0	0	0	0	0
C	Marios	22	125	6	1	28____	68160	7	0	0	0	0	0	0	0	0	1	0
C	Marios	22	125	6	1	28____	68161	7	0	0	0	0	1	0	0	0	0	0
C	Marios	22	125	6	1	28____	68209	7	0	0	0	0	0	0	0	0	1	0
C	Marios	22	125	6	1	28____	68253	7	0	0	0	0	1	0	0	0	0	0
C	Marios	22	125	6	1	28____	68270	7	0	0	0	0	0	0	0	0	1	0
C	Marios	22	125	6	1	28____	68271	7	0	0	0	0	1	0	0	0	0	0
C	Marios	22	125	6	1	28____	68345	7	0	0	0	0	0	0	0	0	1	0
C	Marios	22	125	6	1	28____	68378	7	0	0	0	0	1	0	0	0	0	0
C	Marios	22	125	6	1	28____	68440	7	0	0	0	0	0	0	0	0	1	0
C	Marios	22	125	6	1	28____	68454	7	0	0	0	0	1	0	0	0	0	0
C	Marios	22	125	6	1	28____	68461	7	0	0	0	0	0	0	0	0	1	0
C	Marios	22	125	6	1	28____	68489	7	0	0	0	0	1	0	0	0	0	0
C	Marios	22	125	6	1	28____	68500	7	10	0	0	0	0	0	0	0	0	0
C	Marios	22	125	6	1	28____	68802	10	0	0	0	0	0	0	0	0	1	0
C	Marios	22	125	6	1	28____	68971	10	0	0	0	0	1	0	0	0	0	0
C	Marios	22	125	6	1	28____	69000	10	1	0	0	0	0	0	0	0	0	0
C	Marios	22	125	6	1	28____	69034	1	0	0	0	0	0	0	0	0	1	0
C	Marios	22	125	6	1	28____	69628	1	0	0	0	0	1	0	0	0	0	0
C	Marios	22	125	6	1	28____	69640	1	0	0	0	0	0	0	0	0	1	0
C	Marios	22	125	6	1	28____	69659	1	0	0	0	0	1	0	0	0	0	0
C	Marios	22	125	6	1	28____	69668	1	0	0	0	0	0	0	0	0	1	0
C	Marios	22	125	6	1	28____	70114	1	0	0	0	0	1	0	0	0	0	0
C	Marios	22	125	6	1	28____	70143	1	0	0	0	0	0	0	0	0	1	0
C	Marios	22	125	6	1	28____	70182	1	0	0	0	0	1	0	0	0	0	0
C	Marios	22	125	6	1	28____	70230	1	0	0	0	0	0	0	0	0	1	0
C	Marios	22	125	6	1	28____	70500	1	2	0	0	0	0	0	0	0	0	0
C	Marios	22	125	6	1	28____	71000	2	13	0	0	0	0	0	0	0	0	0
C	Marios	22	125	6	1	28____	71072	13	0	0	0	0	1	0	0	0	0	0
C	Marios	22	125	6	1	28____	71081	13	0	0	0	0	0	0	0	0	1	0
C	Marios	22	125	6	1	28____	71216	13	0	0	0	0	1	0	0	0	0	0
C	Marios	22	125	6	1	28____	71219	13	0	0	0	0	0	0	0	0	1	0
C	Marios	22	125	6	1	28____	71227	13	0	0	0	0	1	0	0	0	0	0
C	Marios	22	125	6	1	28____	71239	13	0	0	0	0	0	0	0	0	1	0
C	Marios	22	125	6	1	28____	71269	13	0	0	0	0	1	0	0	0	0	0
C	Marios	22	125	6	1	28____	71298	13	0	0	0	0	0	0	0	0	1	0
C	Marios	22	125	6	1	28____	71379	13	0	0	0	0	1	0	0	0	0	0
C	Marios	22	125	6	1	28____	71426	13	0	0	0	0	0	0	0	0	1	0
C	Marios	22	125	6	1	28____	71431	13	0	0	0	0	1	0	0	0	0	0
C	Marios	22	125	6	1	28____	71457	13	0	0	0	0	0	0	0	0	1	0
C	Marios	22	125	6	1	28____	71500	13	15	0	0	0	0	0	0	0	0	0
C	Marios	22	125	6	1	28____	71575	15	0	0	0	0	1	0	0	0	0	0
C	Marios	22	125	6	1	28____	71629	15	0	0	0	0	0	0	0	0	1	0
C	Marios	22	125	6	1	28____	72000	15	1	0	0	0	0	0	0	0	0	0
C	Marios	22	125	6	1	28____	72149	1	0	0	0	0	1	0	0	0	0	0
C	Marios	22	125	6	1	28____	72157	1	0	0	0	0	0	0	0	0	1	0
C	Marios	22	125	6	1	28____	72287	1	0	0	0	0	1	0	0	0	0	0
C	Marios	22	125	6	1	28____	72301	1	0	0	0	0	0	0	0	0	1	0
C	Marios	22	125	6	1	28____	73258	1	0	0	0	0	1	0	0	0	0	0
C	Marios	22	125	6	1	28____	73287	1	0	0	0	0	0	0	0	0	1	0
C	Marios	22	125	6	1	28____	74588	1	0	0	0	0	1	0	0	0	0	0
C	Marios	22	125	6	1	28____	74598	1	0	0	0	0	0	0	0	0	1	0
C	Marios	22	125	6	1	28____	75828	1	0	0	0	0	1	0	0	0	0	0
C	Marios	22	125	6	1	28____	75854	1	0	0	0	0	0	0	0	0	1	0
C	Marios	22	125	6	1	28____	75858	1	0	0	0	0	1	0	0	0	0	0
C	Marios	22	125	6	1	28____	75879	1	0	0	0	0	0	0	0	0	1	0
C	Marios	22	125	6	1	28____	75915	1	0	0	0	0	1	0	0	0	0	0
C	Marios	22	125	6	1	28____	75967	1	0	0	0	0	0	0	0	0	1	0
C	Marios	22	125	6	1	28____	76044	1	0	0	0	0	1	0	0	0	0	0
C	Marios	22	125	6	1	28____	76188	1	0	0	0	0	0	0	0	0	1	0
C	Marios	22	125	6	1	28____	76198	1	0	0	0	0	1	0	0	0	0	0
C	Marios	22	125	6	1	28____	76206	1	0	0	0	0	0	0	0	0	1	0
C	Marios	22	125	6	1	28____	76207	1	0	0	0	0	1	0	0	0	0	0
C	Marios	22	125	6	1	28____	76216	1	0	0	0	0	0	0	0	0	1	0
C	Marios	22	125	6	1	28____	76217	1	0	0	0	0	1	0	0	0	0	0
C	Marios	22	125	6	1	28____	76224	1	0	0	0	0	0	0	0	0	1	0
C	Marios	22	125	6	1	28____	76341	1	0	0	0	0	1	0	0	0	0	0
C	Marios	22	125	6	1	28____	76394	1	0	0	0	0	0	0	0	0	1	0
C	Marios	22	125	6	1	28____	76713	1	0	0	0	0	1	0	0	0	0	0
C	Marios	22	125	6	1	28____	77089	1	0	0	0	0	0	0	0	0	1	0
C	Marios	22	125	6	1	28____	77250	1	2	0	0	0	0	0	0	0	0	0
C	Marios	22	125	6	1	28____	77513	2	0	0	0	0	1	0	0	0	0	0
C	Marios	22	125	6	1	28____	77631	2	0	0	0	0	0	0	0	0	1	0
C	Marios	22	125	6	1	28____	77750	2	12	0	0	0	0	0	0	0	0	0
C	Marios	22	125	6	1	28____	78250	12	15	0	0	0	0	0	0	0	0	0
C	Marios	22	125	6	1	28____	78750	15	1	0	0	0	0	0	0	0	0	0
C	Marios	22	125	6	1	28____	80250	1	2	0	0	0	0	0	0	0	0	0
C	Marios	22	125	6	1	28____	80314	2	0	0	0	0	1	0	0	0	0	0
C	Marios	22	125	6	1	28____	80332	2	0	0	0	0	0	0	0	0	1	0
C	Marios	22	125	6	1	28____	80376	2	0	0	0	0	1	0	0	0	0	0
C	Marios	22	125	6	1	28____	80378	2	0	0	0	0	1	0	0	0	1	0
C	Marios	22	125	6	1	28____	80389	2	0	0	0	0	0	0	0	0	1	0
C	Marios	22	125	6	1	28____	80750	2	6	0	0	0	0	0	0	0	0	0
C	Marios	22	125	6	1	28____	80798	6	0	0	0	0	1	0	0	0	0	0
C	Marios	22	125	6	1	28____	80836	6	0	0	0	0	0	0	0	0	1	0
C	Marios	22	125	6	1	28____	80897	6	0	0	0	0	1	0	0	0	0	0
C	Marios	22	125	6	1	28____	80922	6	0	0	0	0	0	0	0	0	1	0
C	Marios	22	125	6	1	28____	80951	6	0	0	0	0	1	0	0	0	0	0
C	Marios	22	125	6	1	28____	80994	6	0	0	0	0	0	0	0	0	1	0
C	Marios	22	125	6	1	28____	81042	6	0	0	0	0	1	0	0	0	0	0
C	Marios	22	125	6	1	28____	81068	6	0	0	0	0	0	0	0	0	1	0
C	Marios	22	125	6	1	28____	81147	6	0	0	0	0	1	0	0	0	0	0
C	Marios	22	125	6	1	28____	81167	6	0	0	0	0	0	0	0	0	1	0
C	Marios	22	125	6	1	28____	81201	6	0	0	0	0	1	0	0	0	0	0
C	Marios	22	125	6	1	28____	81240	6	0	0	0	0	0	0	0	0	1	0
C	Marios	22	125	6	1	28____	81250	6	11	0	0	0	0	0	0	0	0	0
C	Marios	22	125	6	1	28____	81295	11	0	0	0	0	1	0	0	0	0	0
C	Marios	22	125	6	1	28____	81531	11	0	0	0	0	0	0	0	0	1	0
C	Marios	22	125	6	1	28____	81560	11	0	0	0	0	1	0	0	0	0	0
C	Marios	22	125	6	1	28____	81575	11	0	0	0	0	0	0	0	0	1	0
C	Marios	22	125	6	1	28____	81591	11	0	0	0	0	1	0	0	0	0	0
C	Marios	22	125	6	1	28____	81613	11	0	0	0	0	0	0	0	0	1	0
C	Marios	22	125	6	1	28____	81750	11	1	0	0	0	0	0	0	0	0	0
C	Marios	22	125	6	1	28____	85921	1	0	0	0	0	1	0	0	0	0	0
C	Marios	22	125	6	1	28____	85926	1	0	0	0	0	0	0	0	0	1	0
C	Marios	22	125	6	1	28____	87750	1	2	0	0	0	0	0	0	0	0	0
C	Marios	22	125	6	1	28____	87850	2	0	0	0	0	1	0	0	0	0	0
C	Marios	22	125	6	1	28____	87853	2	0	0	0	0	0	0	0	0	1	0
C	Marios	22	125	6	1	28____	88250	2	13	0	0	0	0	0	0	0	0	0
C	Marios	22	125	6	1	28____	88603	13	0	0	0	0	1	0	0	0	0	0
C	Marios	22	125	6	1	28____	88628	13	0	0	0	0	0	0	0	0	1	0
C	Marios	22	125	6	1	28____	88685	13	0	0	0	0	1	0	0	0	0	0
C	Marios	22	125	6	1	28____	88712	13	0	0	0	0	0	0	0	0	1	0
C	Marios	22	125	6	1	28____	88750	13	15	0	0	0	0	0	0	0	0	0
C	Marios	22	125	6	1	28____	88788	15	0	0	0	0	1	0	0	0	0	0
C	Marios	22	125	6	1	28____	88818	15	0	0	0	0	0	0	0	0	1	0
C	Marios	22	125	6	1	28____	88856	15	0	0	0	0	1	0	0	0	0	0
C	Marios	22	125	6	1	28____	88878	15	0	0	0	0	0	0	0	0	1	0
C	Marios	22	125	6	1	28____	89085	15	0	0	0	0	1	0	0	0	0	0
C	Marios	22	125	6	1	28____	89113	15	0	0	0	0	0	0	0	0	1	0
C	Marios	22	125	6	1	28____	89158	15	0	0	0	0	1	0	0	0	0	0
C	Marios	22	125	6	1	28____	89232	15	0	0	0	0	0	0	0	0	1	0
C	Marios	22	125	6	1	28____	89250	15	1	0	0	0	0	0	0	0	0	0
C	Marios	22	125	6	1	28____	89322	1	0	0	0	0	1	0	0	0	0	0
C	Marios	22	125	6	1	28____	89363	1	0	0	0	0	0	0	0	0	1	0
C	Marios	22	125	6	1	28____	89379	1	0	0	0	0	1	0	0	0	0	0
C	Marios	22	125	6	1	28____	89447	1	0	0	0	0	0	0	0	0	1	0
C	Marios	22	125	6	1	28____	91549	1	0	0	0	0	1	0	0	0	0	0
C	Marios	22	125	6	1	28____	91597	1	0	0	0	0	0	0	0	0	1	0
C	Marios	22	125	6	1	28____	92072	1	0	0	0	0	1	0	0	0	0	0
C	Marios	22	125	6	1	28____	92076	1	0	0	0	0	0	0	0	0	1	0
C	Marios	22	125	6	1	28____	92077	1	0	0	0	0	1	0	0	0	0	0
C	Marios	22	125	6	1	28____	92086	1	0	0	0	0	0	0	0	0	1	0
C	Marios	22	125	6	1	28____	92309	1	0	0	0	0	1	0	0	0	0	0
C	Marios	22	125	6	1	28____	92318	1	0	0	0	0	0	0	0	0	1	0
C	Marios	22	125	6	1	28____	93000	1	2	0	0	0	0	0	0	0	0	0
C	Marios	22	125	6	1	28____	93500	2	7	0	0	0	0	0	0	0	0	0
C	Marios	22	125	6	1	28____	93803	7	0	0	0	0	1	0	0	0	0	0
C	Marios	22	125	6	1	28____	93826	7	0	0	0	0	0	0	0	0	1	0
C	Marios	22	125	6	1	28____	93893	7	0	0	0	0	1	0	0	0	0	0
C	Marios	22	125	6	1	28____	93932	7	0	0	0	0	0	0	0	0	1	0
C	Marios	22	125	6	1	28____	93936	7	0	0	0	0	1	0	0	0	0	0
C	Marios	22	125	6	1	28____	93941	7	0	0	0	0	0	0	0	0	1	0
C	Marios	22	125	6	1	28____	93973	7	0	0	0	0	1	0	0	0	0	0
C	Marios	22	125	6	1	28____	94000	7	10	0	0	0	0	0	0	0	0	0
C	Marios	22	125	6	1	28____	94180	10	0	0	0	0	0	0	0	0	1	0
C	Marios	22	125	6	1	28____	94189	10	0	0	0	0	1	0	0	0	0	0
C	Marios	22	125	6	1	28____	94222	10	0	0	0	0	0	0	0	0	1	0
C	Marios	22	125	6	1	28____	94345	10	0	0	0	0	1	0	0	0	0	0
C	Marios	22	125	6	1	28____	94391	10	0	0	0	0	0	0	0	0	1	0
C	Marios	22	125	6	1	28____	94500	10	1	0	0	0	0	0	0	0	0	0
C	Marios	22	125	6	1	28____	96954	1	0	0	0	0	1	0	0	0	0	0
C	Marios	22	125	6	1	28____	97030	1	0	0	0	0	0	0	0	0	1	0
C	Marios	22	125	6	1	28____	99000	1	2	0	0	0	0	0	0	0	0	0
C	Marios	22	125	6	1	28____	99320	2	0	0	0	0	1	0	0	0	0	0
C	Marios	22	125	6	1	28____	99352	2	0	0	0	0	0	0	0	0	1	0
C	Marios	22	125	6	1	28____	99500	2	13	0	0	0	0	0	0	0	0	0
C	Marios	22	125	6	1	28____	99618	13	0	0	0	0	1	0	0	0	0	0
C	Marios	22	125	6	1	28____	99629	13	0	0	0	0	0	0	0	0	1	0
C	Marios	22	125	6	1	28____	99937	13	0	0	0	0	1	0	0	0	0	0
C	Marios	22	125	6	1	28____	99964	13	0	0	0	0	0	0	0	0	1	0
C	Marios	22	125	6	1	28____	100000	13	15	0	0	0	0	0	0	0	0	0
C	Marios	22	125	6	1	28____	100042	15	0	0	0	0	1	0	0	0	0	0
C	Marios	22	125	6	1	28____	100075	15	0	0	0	0	0	0	0	0	1	0
C	Marios	22	125	6	1	28____	100229	15	0	0	0	0	1	0	0	0	0	0
C	Marios	22	125	6	1	28____	100276	15	0	0	0	0	0	0	0	0	1	0
C	Marios	22	125	6	1	28____	100500	15	1	0	0	0	0	0	0	0	0	0
C	Marios	22	125	6	1	28____	102458	1	0	0	0	0	1	0	0	0	0	0
C	Marios	22	125	6	1	28____	102488	1	0	0	0	0	0	0	0	0	1	0
C	Marios	22	125	6	1	28____	104439	1	0	0	0	0	1	0	0	0	0	0
C	Marios	22	125	6	1	28____	104470	1	0	0	0	0	0	0	0	0	1	0
C	Marios	22	125	6	1	28____	108000	1	2	0	0	0	0	0	0	0	0	0
C	Marios	22	125	6	1	28____	108500	2	12	0	0	0	0	0	0	0	0	0
C	Marios	22	125	6	1	28____	109000	12	15	0	0	0	0	0	0	0	0	0
C	Marios	22	125	6	1	28____	109500	15	1	0	0	0	0	0	0	0	0	0
C	Marios	22	125	6	1	28____	109989	1	0	0	0	0	1	0	0	0	0	0
C	Marios	22	125	6	1	28____	110028	1	0	0	0	0	0	0	0	0	1	0
C	Marios	22	125	6	1	28____	116250	1	2	0	0	0	0	0	0	0	0	0
C	Marios	22	125	6	1	28____	116517	2	0	0	0	0	1	0	0	0	0	0
C	Marios	22	125	6	1	28____	116531	2	0	0	0	0	0	0	0	0	1	0
C	Marios	22	125	6	1	28____	116750	2	13	0	0	0	0	0	0	0	0	0
C	Marios	22	125	6	1	28____	116769	13	0	0	0	0	1	0	0	0	0	0
C	Marios	22	125	6	1	28____	116799	13	0	0	0	0	0	0	0	0	1	0
C	Marios	22	125	6	1	28____	117250	13	15	0	0	0	0	0	0	0	0	0
C	Marios	22	125	6	1	28____	117750	15	1	0	0	0	0	0	0	0	0	0
C	Marios	22	125	6	1	28____	119575	1	0	0	0	0	1	0	0	0	0	0
C	Marios	22	125	6	1	28____	119603	1	0	0	0	0	0	0	0	0	1	0
C	Marios	22	125	6	1	28____	120750	1	2	0	0	0	0	0	0	0	0	0
C	Marios	22	125	6	1	28____	121250	2	12	0	0	0	0	0	0	0	0	0
C	Marios	22	125	6	1	28____	121748	12	0	0	0	0	1	0	0	0	0	0
C	Marios	22	125	6	1	28____	121750	12	15	0	0	0	0	0	0	0	0	0
C	Marios	22	125	6	1	28____	121781	15	0	0	0	0	0	0	0	0	1	0
C	Marios	22	125	6	1	28____	122027	15	0	0	0	0	1	0	0	0	0	0
C	Marios	22	125	6	1	28____	122061	15	0	0	0	0	0	0	0	0	1	0
C	Marios	22	125	6	1	28____	122250	15	1	0	0	0	0	0	0	0	0	0
C	Marios	22	125	6	1	28____	122268	1	0	0	0	0	1	0	0	0	0	0
C	Marios	22	125	6	1	28____	122368	1	0	0	0	0	0	0	0	0	1	0
C	Marios	22	125	6	1	28____	122508	1	0	0	0	0	1	0	0	0	0	0
C	Marios	22	125	6	1	28____	122510	1	0	0	0	0	0	0	0	0	1	0
C	Marios	22	125	6	1	28____	122635	1	0	0	0	0	1	0	0	0	0	0
C	Marios	22	125	6	1	28____	122819	1	0	0	0	0	0	0	0	0	1	0
C	Marios	22	125	6	1	28____	123533	1	0	0	0	0	1	0	0	0	0	0
C	Marios	22	125	6	1	28____	123538	1	0	0	0	0	0	0	0	0	1	0
C	Marios	22	125	6	1	28____	123541	1	0	0	0	0	1	0	0	0	0	0
C	Marios	22	125	6	1	28____	123614	1	0	0	0	0	0	0	0	0	1	0
C	Marios	22	125	6	1	28____	123696	1	0	0	0	0	1	0	0	0	0	0
C	Marios	22	125	6	1	28____	123720	1	0	0	0	0	0	0	0	0	1	0
C	Marios	22	125	6	1	28____	124674	1	0	0	0	0	1	0	0	0	0	0
C	Marios	22	125	6	1	28____	124684	1	0	0	0	0	0	0	0	0	1	0
C	Marios	22	125	6	1	28____	124686	1	0	0	0	0	1	0	0	0	0	0
C	Marios	22	125	6	1	28____	124700	1	0	0	0	0	0	0	0	0	1	0
C	Marios	22	125	6	1	28____	125750	1	2	0	0	0	0	0	0	0	0	0
C	Marios	22	125	6	1	28____	126250	2	6	0	0	0	0	0	0	0	0	0
C	Marios	22	125	6	1	28____	126394	6	0	0	0	0	1	0	0	0	0	0
C	Marios	22	125	6	1	28____	126455	6	0	0	0	0	0	0	0	0	1	0
C	Marios	22	125	6	1	28____	126484	6	0	0	0	0	1	0	0	0	0	0
C	Marios	22	125	6	1	28____	126561	6	0	0	0	0	0	0	0	0	1	0
C	Marios	22	125	6	1	28____	126591	6	0	0	0	0	1	0	0	0	0	0
C	Marios	22	125	6	1	28____	126673	6	0	0	0	0	0	0	0	0	1	0
C	Marios	22	125	6	1	28____	126743	6	0	0	0	0	1	0	0	0	0	0
C	Marios	22	125	6	1	28____	126750	6	11	0	0	0	0	0	0	0	0	0
C	Marios	22	125	6	1	28____	127123	11	0	0	0	0	0	0	0	0	1	0
C	Marios	22	125	6	1	28____	127182	11	0	0	0	0	1	0	0	0	0	0
C	Marios	22	125	6	1	28____	127218	11	0	0	0	0	0	0	0	0	1	0
C	Marios	22	125	6	1	28____	127250	11	1	0	0	0	0	0	0	0	0	0
C	Marios	22	125	6	1	28____	127299	1	0	0	0	0	1	0	0	0	0	0
C	Marios	22	125	6	1	28____	127339	1	0	0	0	0	0	0	0	0	1	0
C	Marios	22	125	6	1	28____	127411	1	0	0	0	0	1	0	0	0	0	0
C	Marios	22	125	6	1	28____	127490	1	0	0	0	0	0	0	0	0	1	0
C	Marios	22	125	6	1	28____	127675	1	0	0	0	0	1	0	0	0	0	0
C	Marios	22	125	6	1	28____	127714	1	0	0	0	0	0	0	0	0	1	0
C	Marios	22	125	6	1	28____	128367	1	0	0	0	0	1	0	0	0	0	0
C	Marios	22	125	6	1	28____	128394	1	0	0	0	0	0	0	0	0	1	0
C	Marios	22	125	6	1	28____	128534	1	0	0	0	0	1	0	0	0	0	0
C	Marios	22	125	6	1	28____	128536	1	0	0	0	0	0	0	0	0	1	0
C	Marios	22	125	6	1	28____	129500	1	2	0	0	0	0	0	0	0	0	0
C	Marios	22	125	6	1	28____	130000	2	7	0	0	0	0	0	0	0	0	0
C	Marios	22	125	6	1	28____	130500	7	10	0	0	0	0	0	0	0	0	0
C	Marios	22	125	6	1	28____	130600	10	0	0	0	0	1	0	0	0	0	0
C	Marios	22	125	6	1	28____	130615	10	0	0	0	0	0	0	0	0	1	0
C	Marios	22	125	6	1	28____	130648	10	0	0	0	0	1	0	0	0	0	0
C	Marios	22	125	6	1	28____	130924	10	0	0	0	0	0	0	0	0	1	0
C	Marios	22	125	6	1	28____	131000	10	1	0	0	0	0	0	0	0	0	0
C	Marios	22	125	6	1	28____	131061	1	0	0	0	0	1	0	0	0	0	0
C	Marios	22	125	6	1	28____	131105	1	0	0	0	0	0	0	0	0	1	0
C	Marios	22	125	6	1	28____	131624	1	0	0	0	0	1	0	0	0	0	0
C	Marios	22	125	6	1	28____	131625	1	0	0	0	0	0	0	0	0	1	0
C	Marios	22	125	6	1	28____	132036	1	0	0	0	0	1	0	0	0	0	0
C	Marios	22	125	6	1	28____	132038	1	0	0	0	0	0	0	0	0	1	0
C	Marios	22	125	6	1	28____	134170	1	0	0	0	0	1	0	0	0	0	0
C	Marios	22	125	6	1	28____	134364	1	0	0	0	0	0	0	0	0	1	0
C	Marios	22	125	6	1	28____	134390	1	0	0	0	0	1	0	0	0	0	0
C	Marios	22	125	6	1	28____	134434	1	0	0	0	0	0	0	0	0	1	0
C	Marios	22	125	6	1	28____	134456	1	0	0	0	0	1	0	0	0	0	0
C	Marios	22	125	6	1	28____	134483	1	0	0	0	0	0	0	0	0	1	0
C	Marios	22	125	6	1	28____	134555	1	0	0	0	0	1	0	0	0	0	0
C	Marios	22	125	6	1	28____	134579	1	0	0	0	0	0	0	0	0	1	0
C	Marios	22	125	6	1	28____	134589	1	0	0	0	0	1	0	0	0	0	0
C	Marios	22	125	6	1	28____	134634	1	0	0	0	0	0	0	0	0	1	0
C	Marios	22	125	6	1	28____	134726	1	0	0	0	0	1	0	0	0	0	0
C	Marios	22	125	6	1	28____	134777	1	0	0	0	0	0	0	0	0	1	0
C	Marios	22	125	6	1	28____	134793	1	0	0	0	0	1	0	0	0	0	0
C	Marios	22	125	6	1	28____	134827	1	0	0	0	0	0	0	0	0	1	0
C	Marios	22	125	6	1	28____	134883	1	0	0	0	0	1	0	0	0	0	0
C	Marios	22	125	6	1	28____	134929	1	0	0	0	0	0	0	0	0	1	0
C	Marios	22	125	6	1	28____	134968	1	0	0	0	0	1	0	0	0	0	0
C	Marios	22	125	6	1	28____	135060	1	0	0	0	0	0	0	0	0	1	0
C	Marios	22	125	6	1	28____	135124	1	0	0	0	0	1	0	0	0	0	0
C	Marios	22	125	6	1	28____	135193	1	0	0	0	0	0	0	0	0	1	0
C	Marios	22	125	6	1	28____	135221	1	0	0	0	0	1	0	0	0	0	0
C	Marios	22	125	6	1	28____	135223	1	0	0	0	0	0	0	0	0	1	0
C	Marios	22	125	6	1	28____	135233	1	0	0	0	0	1	0	0	0	0	0
C	Marios	22	125	6	1	28____	135258	1	0	0	0	0	0	0	0	0	1	0
C	Marios	22	125	6	1	28____	135500	1	2	0	0	0	0	0	0	0	0	0
C	Marios	22	125	6	1	28____	136000	2	12	0	0	0	0	0	0	0	0	0
C	Marios	22	125	6	1	28____	136244	12	0	0	0	0	1	0	0	0	0	0
C	Marios	22	125	6	1	28____	136296	12	0	0	0	0	0	0	0	0	1	0
C	Marios	22	125	6	1	28____	136382	12	0	0	0	0	1	0	0	0	0	0
C	Marios	22	125	6	1	28____	136436	12	0	0	0	0	0	0	0	0	1	0
C	Marios	22	125	6	1	28____	136500	12	15	0	0	0	0	0	0	0	0	0
C	Marios	22	125	6	1	28____	136502	15	0	0	0	0	1	0	0	0	0	0
C	Marios	22	125	6	1	28____	136547	15	0	0	0	0	0	0	0	0	1	0
C	Marios	22	125	6	1	28____	136604	15	0	0	0	0	1	0	0	0	0	0
C	Marios	22	125	6	1	28____	136628	15	0	0	0	0	0	0	0	0	1	0
C	Marios	22	125	6	1	28____	136671	15	0	0	0	0	1	0	0	0	0	0
C	Marios	22	125	6	1	28____	136750	15	0	0	0	0	0	0	0	0	1	0
C	Marios	22	125	6	1	28____	136867	15	0	0	0	0	1	0	0	0	0	0
C	Marios	22	125	6	1	28____	136905	15	0	0	0	0	0	0	0	0	1	0
C	Marios	22	125	6	1	28____	136949	15	0	0	0	0	1	0	0	0	0	0
C	Marios	22	125	6	1	28____	136988	15	0	0	0	0	0	0	0	0	1	0
C	Marios	22	125	6	1	28____	137000	15	1	0	0	0	0	0	0	0	0	0
C	Marios	22	125	6	1	28____	137043	1	0	0	0	0	1	0	0	0	0	0
C	Marios	22	125	6	1	28____	137068	1	0	0	0	0	0	0	0	0	1	0
C	Marios	22	125	6	1	28____	139152	1	0	0	0	0	1	0	0	0	0	0
C	Marios	22	125	6	1	28____	139227	1	0	0	0	0	0	0	0	0	1	0
C	Marios	22	125	6	1	28____	139266	1	0	0	0	0	1	0	0	0	0	0
C	Marios	22	125	6	1	28____	139322	1	0	0	0	0	0	0	0	0	1	0
C	Marios	22	125	6	1	28____	140143	1	0	0	0	0	1	0	0	0	0	0
C	Marios	22	125	6	1	28____	140170	1	0	0	0	0	0	0	0	0	1	0
C	Marios	22	125	6	1	28____	140201	1	0	0	0	0	1	0	0	0	0	0
C	Marios	22	125	6	1	28____	140282	1	0	0	0	0	0	0	0	0	1	0
C	Marios	22	125	6	1	28____	142204	1	0	0	0	0	1	0	0	0	0	0
C	Marios	22	125	6	1	28____	142239	1	0	0	0	0	0	0	0	0	1	0
C	Marios	22	125	6	1	28____	142500	1	2	0	0	0	0	0	0	0	0	0
C	Marios	22	125	6	1	28____	143000	2	13	0	0	0	0	0	0	0	0	0
C	Marios	22	125	6	1	28____	143457	13	0	0	0	0	1	0	0	0	0	0
C	Marios	22	125	6	1	28____	143476	13	0	0	0	0	0	0	0	0	1	0
C	Marios	22	125	6	1	28____	143500	13	15	0	0	0	0	0	0	0	0	0
C	Marios	22	125	6	1	28____	143698	15	0	0	0	0	1	0	0	0	0	0
C	Marios	22	125	6	1	28____	143728	15	0	0	0	0	0	0	0	0	1	0
C	Marios	22	125	6	1	28____	143799	15	0	0	0	0	1	0	0	0	0	0
C	Marios	22	125	6	1	28____	143814	15	0	0	0	0	0	0	0	0	1	0
C	Marios	22	125	6	1	28____	144000	15	14	0	0	0	0	0	0	0	0	0
C	Marios	22	125	6	1	28____	144695	14	0	0	0	0	1	0	0	0	0	0
C	Marios	22	125	6	1	28____	144820	14	0	0	0	0	0	0	0	0	1	0
C	Marios	22	125	6	1	28____	144878	14	0	0	0	0	1	0	0	0	0	0
C	Marios	22	125	6	1	28____	144982	14	0	0	0	0	0	0	0	0	1	0
C	Marios	22	125	6	1	28____	144995	14	0	0	0	0	1	0	0	0	0	0
C	Marios	22	125	6	1	28____	144998	14	0	0	0	0	0	0	0	0	1	0
C	Marios	22	125	6	1	28____	145025	14	0	0	0	0	1	0	0	0	0	0
C	Marios	22	125	6	1	28____	145058	14	0	0	0	0	0	0	0	0	1	0
C	Marios	22	125	6	1	28____	146209	14	0	0	0	0	1	0	0	0	0	0
C	Marios	22	125	6	1	28____	146221	14	0	0	0	0	0	0	0	0	1	0
C	Marios	22	125	6	1	28____	147000	14	-1	0	0	0	0	0	0	0	0	0
