Project	UserID	Protocol	Session	Station	Run	Subject	Time	Current State	Transition State	Transition Event	A1 - LLR	A2 - RLR	A3 - MAG	A4 - 	A[1] LLR_OFF	A[2] RLR_OFF	A[3] MAG_OFF	A[4] 
C	Marios	16	81	1	1	17____	0	0	1	0	0	0	0	0	0	0	0	0
C	Marios	16	81	1	1	17____	5820	1	0	0	0	1	0	0	0	0	0	0
C	Marios	16	81	1	1	17____	5840	1	0	0	0	0	0	0	0	1	0	0
C	Marios	16	81	1	1	17____	7491	1	2	1	1	0	0	0	0	0	0	0
C	Marios	16	81	1	1	17____	7540	2	0	0	0	0	0	0	1	0	0	0
C	Marios	16	81	1	1	17____	7741	2	1	0	0	0	0	0	0	0	0	0
C	Marios	16	81	1	1	17____	8419	1	0	0	1	0	0	0	0	0	0	0
C	Marios	16	81	1	1	17____	8431	1	0	0	0	0	0	0	1	0	0	0
C	Marios	16	81	1	1	17____	8469	1	0	0	1	0	0	0	0	0	0	0
C	Marios	16	81	1	1	17____	8473	1	0	0	0	0	0	0	1	0	0	0
C	Marios	16	81	1	1	17____	8479	1	2	1	1	0	0	0	0	0	0	0
C	Marios	16	81	1	1	17____	8483	2	0	0	0	0	0	0	1	0	0	0
C	Marios	16	81	1	1	17____	8729	2	1	0	0	0	0	0	0	0	0	0
C	Marios	16	81	1	1	17____	9046	1	0	0	1	0	0	0	0	0	0	0
C	Marios	16	81	1	1	17____	9049	1	0	0	0	0	0	0	1	0	0	0
C	Marios	16	81	1	1	17____	9053	1	2	1	1	0	0	0	0	0	0	0
C	Marios	16	81	1	1	17____	9056	2	0	0	0	0	0	0	1	0	0	0
C	Marios	16	81	1	1	17____	9303	2	1	0	0	0	0	0	0	0	0	0
C	Marios	16	81	1	1	17____	11039	1	0	0	1	0	0	0	0	0	0	0
C	Marios	16	81	1	1	17____	11069	1	0	0	0	0	0	0	1	0	0	0
C	Marios	16	81	1	1	17____	15421	1	2	1	1	0	0	0	0	0	0	0
C	Marios	16	81	1	1	17____	15426	2	0	0	0	0	0	0	1	0	0	0
C	Marios	16	81	1	1	17____	15503	2	0	0	1	0	0	0	0	0	0	0
C	Marios	16	81	1	1	17____	15507	2	0	0	0	0	0	0	1	0	0	0
C	Marios	16	81	1	1	17____	15566	2	0	0	1	0	0	0	0	0	0	0
C	Marios	16	81	1	1	17____	15579	2	0	0	0	0	0	0	1	0	0	0
C	Marios	16	81	1	1	17____	15593	2	0	0	1	0	0	0	0	0	0	0
C	Marios	16	81	1	1	17____	15611	2	0	0	0	0	0	0	1	0	0	0
C	Marios	16	81	1	1	17____	15616	2	0	0	1	0	0	0	0	0	0	0
C	Marios	16	81	1	1	17____	15671	2	1	0	0	0	0	0	0	0	0	0
C	Marios	16	81	1	1	17____	15704	1	0	0	0	0	0	0	1	0	0	0
C	Marios	16	81	1	1	17____	15740	1	0	0	1	0	0	0	0	0	0	0
C	Marios	16	81	1	1	17____	15744	1	0	0	0	0	0	0	1	0	0	0
C	Marios	16	81	1	1	17____	15749	1	0	0	1	0	0	0	0	0	0	0
C	Marios	16	81	1	1	17____	15754	1	0	0	0	0	0	0	1	0	0	0
C	Marios	16	81	1	1	17____	15757	1	2	1	1	0	0	0	0	0	0	0
C	Marios	16	81	1	1	17____	15806	2	0	0	0	0	0	0	1	0	0	0
C	Marios	16	81	1	1	17____	16007	2	1	0	0	0	0	0	0	0	0	0
C	Marios	16	81	1	1	17____	16543	1	0	0	1	0	0	0	0	0	0	0
C	Marios	16	81	1	1	17____	16577	1	0	0	0	0	0	0	1	0	0	0
C	Marios	16	81	1	1	17____	19001	1	0	0	0	1	0	0	0	0	0	0
C	Marios	16	81	1	1	17____	19157	1	0	0	0	0	0	0	0	1	0	0
C	Marios	16	81	1	1	17____	27779	1	2	1	1	0	0	0	0	0	0	0
C	Marios	16	81	1	1	17____	27781	2	0	0	0	0	0	0	1	0	0	0
C	Marios	16	81	1	1	17____	27805	2	0	0	1	0	0	0	0	0	0	0
C	Marios	16	81	1	1	17____	27809	2	0	0	0	0	0	0	1	0	0	0
C	Marios	16	81	1	1	17____	27815	2	0	0	1	0	0	0	0	0	0	0
C	Marios	16	81	1	1	17____	27819	2	0	0	0	0	0	0	1	0	0	0
C	Marios	16	81	1	1	17____	27825	2	0	0	1	0	0	0	0	0	0	0
C	Marios	16	81	1	1	17____	27829	2	0	0	0	0	0	0	1	0	0	0
C	Marios	16	81	1	1	17____	27835	2	0	0	1	0	0	0	0	0	0	0
C	Marios	16	81	1	1	17____	27839	2	0	0	0	0	0	0	1	0	0	0
C	Marios	16	81	1	1	17____	27844	2	0	0	1	0	0	0	0	0	0	0
C	Marios	16	81	1	1	17____	27847	2	0	0	0	0	0	0	1	0	0	0
C	Marios	16	81	1	1	17____	27854	2	0	0	1	0	0	0	0	0	0	0
C	Marios	16	81	1	1	17____	27858	2	0	0	0	0	0	0	1	0	0	0
C	Marios	16	81	1	1	17____	27873	2	0	0	1	0	0	0	0	0	0	0
C	Marios	16	81	1	1	17____	27876	2	0	0	0	0	0	0	1	0	0	0
C	Marios	16	81	1	1	17____	27896	2	0	0	1	0	0	0	0	0	0	0
C	Marios	16	81	1	1	17____	27901	2	0	0	0	0	0	0	1	0	0	0
C	Marios	16	81	1	1	17____	28029	2	1	0	0	0	0	0	0	0	0	0
C	Marios	16	81	1	1	17____	28972	1	0	0	1	0	0	0	0	0	0	0
C	Marios	16	81	1	1	17____	28976	1	0	0	0	0	0	0	1	0	0	0
C	Marios	16	81	1	1	17____	28982	1	0	0	1	0	0	0	0	0	0	0
C	Marios	16	81	1	1	17____	28986	1	0	0	0	0	0	0	1	0	0	0
C	Marios	16	81	1	1	17____	28992	1	2	1	1	0	0	0	0	0	0	0
C	Marios	16	81	1	1	17____	28996	2	0	0	0	0	0	0	1	0	0	0
C	Marios	16	81	1	1	17____	29021	2	0	0	1	0	0	0	0	0	0	0
C	Marios	16	81	1	1	17____	29031	2	0	0	0	0	0	0	1	0	0	0
C	Marios	16	81	1	1	17____	29035	2	0	0	1	0	0	0	0	0	0	0
C	Marios	16	81	1	1	17____	29041	2	0	0	0	0	0	0	1	0	0	0
C	Marios	16	81	1	1	17____	29048	2	0	0	1	0	0	0	0	0	0	0
C	Marios	16	81	1	1	17____	29072	2	0	0	0	0	0	0	1	0	0	0
C	Marios	16	81	1	1	17____	29242	2	1	0	0	0	0	0	0	0	0	0
C	Marios	16	81	1	1	17____	31426	1	0	0	1	0	0	0	0	0	0	0
C	Marios	16	81	1	1	17____	31445	1	0	0	0	0	0	0	1	0	0	0
C	Marios	16	81	1	1	17____	31451	1	0	0	1	0	0	0	0	0	0	0
C	Marios	16	81	1	1	17____	31477	1	0	0	0	0	0	0	1	0	0	0
C	Marios	16	81	1	1	17____	31653	1	2	1	1	0	0	0	0	0	0	0
C	Marios	16	81	1	1	17____	31666	2	0	0	0	0	0	0	1	0	0	0
C	Marios	16	81	1	1	17____	31903	2	1	0	0	0	0	0	0	0	0	0
C	Marios	16	81	1	1	17____	34464	1	0	0	1	0	0	0	0	0	0	0
C	Marios	16	81	1	1	17____	34468	1	0	0	0	0	0	0	1	0	0	0
C	Marios	16	81	1	1	17____	34471	1	2	1	1	0	0	0	0	0	0	0
C	Marios	16	81	1	1	17____	34474	2	0	0	0	0	0	0	1	0	0	0
C	Marios	16	81	1	1	17____	34478	2	0	0	1	0	0	0	0	0	0	0
C	Marios	16	81	1	1	17____	34492	2	0	0	0	0	0	0	1	0	0	0
C	Marios	16	81	1	1	17____	34497	2	0	0	1	0	0	0	0	0	0	0
C	Marios	16	81	1	1	17____	34511	2	0	0	0	0	0	0	1	0	0	0
C	Marios	16	81	1	1	17____	34516	2	0	0	1	0	0	0	0	0	0	0
C	Marios	16	81	1	1	17____	34521	2	0	0	0	0	0	0	1	0	0	0
C	Marios	16	81	1	1	17____	34524	2	0	0	1	0	0	0	0	0	0	0
C	Marios	16	81	1	1	17____	34530	2	0	0	0	0	0	0	1	0	0	0
C	Marios	16	81	1	1	17____	34535	2	0	0	1	0	0	0	0	0	0	0
C	Marios	16	81	1	1	17____	34539	2	0	0	0	0	0	0	1	0	0	0
C	Marios	16	81	1	1	17____	34543	2	0	0	1	0	0	0	0	0	0	0
C	Marios	16	81	1	1	17____	34550	2	0	0	0	0	0	0	1	0	0	0
C	Marios	16	81	1	1	17____	34557	2	0	0	1	0	0	0	0	0	0	0
C	Marios	16	81	1	1	17____	34574	2	0	0	0	0	0	0	1	0	0	0
C	Marios	16	81	1	1	17____	34721	2	1	0	0	0	0	0	0	0	0	0
C	Marios	16	81	1	1	17____	35774	1	0	0	1	0	0	0	0	0	0	0
C	Marios	16	81	1	1	17____	35791	1	0	0	0	0	0	0	1	0	0	0
C	Marios	16	81	1	1	17____	39279	1	0	0	1	0	0	0	0	0	0	0
C	Marios	16	81	1	1	17____	39283	1	0	0	0	0	0	0	1	0	0	0
C	Marios	16	81	1	1	17____	44778	1	2	1	1	0	0	0	0	0	0	0
C	Marios	16	81	1	1	17____	44824	2	0	0	0	0	0	0	1	0	0	0
C	Marios	16	81	1	1	17____	44826	2	0	0	1	0	0	0	0	0	0	0
C	Marios	16	81	1	1	17____	44832	2	0	0	0	0	0	0	1	0	0	0
C	Marios	16	81	1	1	17____	44840	2	0	0	1	0	0	0	0	0	0	0
C	Marios	16	81	1	1	17____	44851	2	0	0	0	0	0	0	1	0	0	0
C	Marios	16	81	1	1	17____	44853	2	0	0	1	0	0	0	0	0	0	0
C	Marios	16	81	1	1	17____	44856	2	0	0	0	0	0	0	1	0	0	0
C	Marios	16	81	1	1	17____	44883	2	0	0	1	0	0	0	0	0	0	0
C	Marios	16	81	1	1	17____	44928	2	0	0	0	0	0	0	1	0	0	0
C	Marios	16	81	1	1	17____	45028	2	1	0	0	0	0	0	0	0	0	0
C	Marios	16	81	1	1	17____	48944	1	0	0	0	1	0	0	0	0	0	0
C	Marios	16	81	1	1	17____	49013	1	0	0	0	0	0	0	0	1	0	0
C	Marios	16	81	1	1	17____	51033	1	0	0	1	0	0	0	0	0	0	0
C	Marios	16	81	1	1	17____	51189	1	0	0	0	0	0	0	1	0	0	0
C	Marios	16	81	1	1	17____	52863	1	2	1	1	0	0	0	0	0	0	0
C	Marios	16	81	1	1	17____	52948	2	0	0	0	0	0	0	1	0	0	0
C	Marios	16	81	1	1	17____	53113	2	1	0	0	0	0	0	0	0	0	0
C	Marios	16	81	1	1	17____	63499	1	2	1	1	0	0	0	0	0	0	0
C	Marios	16	81	1	1	17____	63626	2	0	0	0	0	0	0	1	0	0	0
C	Marios	16	81	1	1	17____	63749	2	1	0	0	0	0	0	0	0	0	0
C	Marios	16	81	1	1	17____	64610	1	0	0	1	0	0	0	0	0	0	0
C	Marios	16	81	1	1	17____	64619	1	0	0	0	0	0	0	1	0	0	0
C	Marios	16	81	1	1	17____	68652	1	0	0	1	0	0	0	0	0	0	0
C	Marios	16	81	1	1	17____	68655	1	0	0	0	0	0	0	1	0	0	0
C	Marios	16	81	1	1	17____	71519	1	0	0	0	1	0	0	0	0	0	0
C	Marios	16	81	1	1	17____	71613	1	0	0	0	0	0	0	0	1	0	0
C	Marios	16	81	1	1	17____	72547	1	2	1	1	0	0	0	0	0	0	0
C	Marios	16	81	1	1	17____	72548	2	0	0	0	0	0	0	1	0	0	0
C	Marios	16	81	1	1	17____	72693	2	0	0	1	0	0	0	0	0	0	0
C	Marios	16	81	1	1	17____	72712	2	0	0	0	0	0	0	1	0	0	0
C	Marios	16	81	1	1	17____	72797	2	1	0	0	0	0	0	0	0	0	0
C	Marios	16	81	1	1	17____	73274	1	0	0	1	0	0	0	0	0	0	0
C	Marios	16	81	1	1	17____	73276	1	0	0	0	0	0	0	1	0	0	0
C	Marios	16	81	1	1	17____	73277	1	2	1	1	0	0	0	0	0	0	0
C	Marios	16	81	1	1	17____	73282	2	0	0	0	0	0	0	1	0	0	0
C	Marios	16	81	1	1	17____	73285	2	0	0	1	0	0	0	0	0	0	0
C	Marios	16	81	1	1	17____	73463	2	0	0	0	0	0	0	1	0	0	0
C	Marios	16	81	1	1	17____	73471	2	0	0	1	0	0	0	0	0	0	0
C	Marios	16	81	1	1	17____	73473	2	0	0	1	0	0	0	1	0	0	0
C	Marios	16	81	1	1	17____	73527	2	1	0	0	0	0	0	0	0	0	0
C	Marios	16	81	1	1	17____	73633	1	0	0	0	0	0	0	1	0	0	0
C	Marios	16	81	1	1	17____	73814	1	2	1	1	0	0	0	0	0	0	0
C	Marios	16	81	1	1	17____	73823	2	0	0	0	0	0	0	1	0	0	0
C	Marios	16	81	1	1	17____	74064	2	1	0	0	0	0	0	0	0	0	0
C	Marios	16	81	1	1	17____	77231	1	0	0	1	0	0	0	0	0	0	0
C	Marios	16	81	1	1	17____	77276	1	0	0	0	0	0	0	1	0	0	0
C	Marios	16	81	1	1	17____	81119	1	0	0	1	0	0	0	0	0	0	0
C	Marios	16	81	1	1	17____	81153	1	0	0	0	0	0	0	1	0	0	0
C	Marios	16	81	1	1	17____	84131	1	2	1	1	0	0	0	0	0	0	0
C	Marios	16	81	1	1	17____	84196	2	0	0	0	0	0	0	1	0	0	0
C	Marios	16	81	1	1	17____	84381	2	1	0	0	0	0	0	0	0	0	0
C	Marios	16	81	1	1	17____	85890	1	2	1	1	0	0	0	0	0	0	0
C	Marios	16	81	1	1	17____	85916	2	0	0	0	0	0	0	1	0	0	0
C	Marios	16	81	1	1	17____	85919	2	0	0	1	0	0	0	0	0	0	0
C	Marios	16	81	1	1	17____	85955	2	0	0	0	0	0	0	1	0	0	0
C	Marios	16	81	1	1	17____	86140	2	1	0	0	0	0	0	0	0	0	0
C	Marios	16	81	1	1	17____	88050	1	0	0	1	0	0	0	0	0	0	0
C	Marios	16	81	1	1	17____	88051	1	0	0	0	0	0	0	1	0	0	0
C	Marios	16	81	1	1	17____	88058	1	0	0	1	0	0	0	0	0	0	0
C	Marios	16	81	1	1	17____	88059	1	0	0	0	0	0	0	1	0	0	0
C	Marios	16	81	1	1	17____	88073	1	2	1	1	0	0	0	0	0	0	0
C	Marios	16	81	1	1	17____	88083	2	0	0	0	0	0	0	1	0	0	0
C	Marios	16	81	1	1	17____	88105	2	0	0	1	0	0	0	0	0	0	0
C	Marios	16	81	1	1	17____	88115	2	0	0	0	0	0	0	1	0	0	0
C	Marios	16	81	1	1	17____	88121	2	0	0	1	0	0	0	0	0	0	0
C	Marios	16	81	1	1	17____	88125	2	0	0	0	0	0	0	1	0	0	0
C	Marios	16	81	1	1	17____	88151	2	0	0	1	0	0	0	0	0	0	0
C	Marios	16	81	1	1	17____	88240	2	0	0	0	0	0	0	1	0	0	0
C	Marios	16	81	1	1	17____	88245	2	0	0	1	0	0	0	0	0	0	0
C	Marios	16	81	1	1	17____	88249	2	0	0	0	0	0	0	1	0	0	0
C	Marios	16	81	1	1	17____	88276	2	0	0	1	0	0	0	0	0	0	0
C	Marios	16	81	1	1	17____	88280	2	0	0	0	0	0	0	1	0	0	0
C	Marios	16	81	1	1	17____	88284	2	0	0	1	0	0	0	0	0	0	0
C	Marios	16	81	1	1	17____	88320	2	0	0	0	0	0	0	1	0	0	0
C	Marios	16	81	1	1	17____	88323	2	1	0	0	0	0	0	0	0	0	0
C	Marios	16	81	1	1	17____	90000	1	4	0	0	0	0	0	0	0	0	0
C	Marios	16	81	1	1	17____	90250	4	-1	0	0	0	0	0	0	0	0	0
C	Marios	16	81	2	1	19____	0	0	1	0	0	0	0	0	0	0	0	0
C	Marios	16	81	2	1	19____	2721	1	0	0	1	0	0	0	0	0	0	0
C	Marios	16	81	2	1	19____	2723	1	0	0	0	0	0	0	1	0	0	0
C	Marios	16	81	2	1	19____	5688	1	0	0	1	0	0	0	0	0	0	0
C	Marios	16	81	2	1	19____	5691	1	0	0	0	0	0	0	1	0	0	0
C	Marios	16	81	2	1	19____	9973	1	3	2	0	1	0	0	0	0	0	0
C	Marios	16	81	2	1	19____	10073	3	0	0	0	0	0	0	0	1	0	0
C	Marios	16	81	2	1	19____	10223	3	1	0	0	0	0	0	0	0	0	0
C	Marios	16	81	2	1	19____	11070	1	0	0	0	1	0	0	0	0	0	0
C	Marios	16	81	2	1	19____	11102	1	0	0	0	0	0	0	0	1	0	0
C	Marios	16	81	2	1	19____	11929	1	0	0	0	1	0	0	0	0	0	0
C	Marios	16	81	2	1	19____	11940	1	0	0	0	0	0	0	0	1	0	0
C	Marios	16	81	2	1	19____	19514	1	3	2	0	1	0	0	0	0	0	0
C	Marios	16	81	2	1	19____	19618	3	0	0	0	0	0	0	0	1	0	0
C	Marios	16	81	2	1	19____	19764	3	1	0	0	0	0	0	0	0	0	0
C	Marios	16	81	2	1	19____	25516	1	0	0	1	0	0	0	0	0	0	0
C	Marios	16	81	2	1	19____	25566	1	0	0	0	0	0	0	1	0	0	0
C	Marios	16	81	2	1	19____	26746	1	0	0	1	0	0	0	0	0	0	0
C	Marios	16	81	2	1	19____	26930	1	0	0	0	0	0	0	1	0	0	0
C	Marios	16	81	2	1	19____	29276	1	0	0	0	1	0	0	0	0	0	0
C	Marios	16	81	2	1	19____	29364	1	0	0	0	0	0	0	0	1	0	0
C	Marios	16	81	2	1	19____	29366	1	3	2	0	1	0	0	0	0	0	0
C	Marios	16	81	2	1	19____	29412	3	0	0	0	0	0	0	0	1	0	0
C	Marios	16	81	2	1	19____	29616	3	1	0	0	0	0	0	0	0	0	0
C	Marios	16	81	2	1	19____	31176	1	0	0	0	1	0	0	0	0	0	0
C	Marios	16	81	2	1	19____	31376	1	0	0	0	0	0	0	0	1	0	0
C	Marios	16	81	2	1	19____	31534	1	3	2	0	1	0	0	0	0	0	0
C	Marios	16	81	2	1	19____	31575	3	0	0	0	0	0	0	0	1	0	0
C	Marios	16	81	2	1	19____	31579	3	0	0	0	1	0	0	0	0	0	0
C	Marios	16	81	2	1	19____	31595	3	0	0	0	0	0	0	0	1	0	0
C	Marios	16	81	2	1	19____	31784	3	1	0	0	0	0	0	0	0	0	0
C	Marios	16	81	2	1	19____	33922	1	0	0	1	0	0	0	0	0	0	0
C	Marios	16	81	2	1	19____	33930	1	0	0	0	0	0	0	1	0	0	0
C	Marios	16	81	2	1	19____	33952	1	0	0	1	0	0	0	0	0	0	0
C	Marios	16	81	2	1	19____	33959	1	0	0	0	0	0	0	1	0	0	0
C	Marios	16	81	2	1	19____	33964	1	2	1	1	0	0	0	0	0	0	0
C	Marios	16	81	2	1	19____	33966	2	0	0	0	0	0	0	1	0	0	0
C	Marios	16	81	2	1	19____	34214	2	1	0	0	0	0	0	0	0	0	0
C	Marios	16	81	2	1	19____	34450	1	0	0	0	1	0	0	0	0	0	0
C	Marios	16	81	2	1	19____	34535	1	0	0	0	0	0	0	0	1	0	0
C	Marios	16	81	2	1	19____	35070	1	0	0	1	0	0	0	0	0	0	0
C	Marios	16	81	2	1	19____	35108	1	0	0	0	0	0	0	1	0	0	0
C	Marios	16	81	2	1	19____	35260	1	0	0	1	0	0	0	0	0	0	0
C	Marios	16	81	2	1	19____	35263	1	0	0	0	0	0	0	1	0	0	0
C	Marios	16	81	2	1	19____	35270	1	2	1	1	0	0	0	0	0	0	0
C	Marios	16	81	2	1	19____	35279	2	0	0	0	0	0	0	1	0	0	0
C	Marios	16	81	2	1	19____	35520	2	1	0	0	0	0	0	0	0	0	0
C	Marios	16	81	2	1	19____	35921	1	2	1	1	0	0	0	0	0	0	0
C	Marios	16	81	2	1	19____	35924	2	0	0	0	0	0	0	1	0	0	0
C	Marios	16	81	2	1	19____	36150	2	0	0	1	0	0	0	0	0	0	0
C	Marios	16	81	2	1	19____	36155	2	0	0	0	0	0	0	1	0	0	0
C	Marios	16	81	2	1	19____	36158	2	0	0	1	0	0	0	0	0	0	0
C	Marios	16	81	2	1	19____	36164	2	0	0	0	0	0	0	1	0	0	0
C	Marios	16	81	2	1	19____	36171	2	1	0	0	0	0	0	0	0	0	0
C	Marios	16	81	2	1	19____	36173	1	0	0	1	0	0	0	0	0	0	0
C	Marios	16	81	2	1	19____	36176	1	0	0	0	0	0	0	1	0	0	0
C	Marios	16	81	2	1	19____	37675	1	0	0	0	1	0	0	0	0	0	0
C	Marios	16	81	2	1	19____	37837	1	0	0	0	0	0	0	0	1	0	0
C	Marios	16	81	2	1	19____	40509	1	0	0	0	1	0	0	0	0	0	0
C	Marios	16	81	2	1	19____	40530	1	0	0	0	0	0	0	0	1	0	0
C	Marios	16	81	2	1	19____	40640	1	3	2	0	1	0	0	0	0	0	0
C	Marios	16	81	2	1	19____	40682	3	0	0	0	0	0	0	0	1	0	0
C	Marios	16	81	2	1	19____	40890	3	1	0	0	0	0	0	0	0	0	0
C	Marios	16	81	2	1	19____	42205	1	0	0	0	1	0	0	0	0	0	0
C	Marios	16	81	2	1	19____	42341	1	0	0	0	0	0	0	0	1	0	0
C	Marios	16	81	2	1	19____	45925	1	0	0	0	1	0	0	0	0	0	0
C	Marios	16	81	2	1	19____	46052	1	0	0	0	0	0	0	0	1	0	0
C	Marios	16	81	2	1	19____	46092	1	3	2	0	1	0	0	0	0	0	0
C	Marios	16	81	2	1	19____	46152	3	0	0	0	0	0	0	0	1	0	0
C	Marios	16	81	2	1	19____	46342	3	1	0	0	0	0	0	0	0	0	0
C	Marios	16	81	2	1	19____	47015	1	0	0	0	1	0	0	0	0	0	0
C	Marios	16	81	2	1	19____	47212	1	0	0	0	0	0	0	0	1	0	0
C	Marios	16	81	2	1	19____	52257	1	0	0	0	1	0	0	0	0	0	0
C	Marios	16	81	2	1	19____	52351	1	0	0	0	0	0	0	0	1	0	0
C	Marios	16	81	2	1	19____	52389	1	3	2	0	1	0	0	0	0	0	0
C	Marios	16	81	2	1	19____	52399	3	0	0	0	0	0	0	0	1	0	0
C	Marios	16	81	2	1	19____	52639	3	1	0	0	0	0	0	0	0	0	0
C	Marios	16	81	2	1	19____	53160	1	0	0	0	1	0	0	0	0	0	0
C	Marios	16	81	2	1	19____	53218	1	0	0	0	0	0	0	0	1	0	0
C	Marios	16	81	2	1	19____	53236	1	0	0	0	1	0	0	0	0	0	0
C	Marios	16	81	2	1	19____	53240	1	0	0	0	0	0	0	0	1	0	0
C	Marios	16	81	2	1	19____	53245	1	3	2	0	1	0	0	0	0	0	0
C	Marios	16	81	2	1	19____	53248	3	0	0	0	0	0	0	0	1	0	0
C	Marios	16	81	2	1	19____	53268	3	0	0	0	1	0	0	0	0	0	0
C	Marios	16	81	2	1	19____	53273	3	0	0	0	0	0	0	0	1	0	0
C	Marios	16	81	2	1	19____	53295	3	0	0	0	1	0	0	0	0	0	0
C	Marios	16	81	2	1	19____	53299	3	0	0	0	0	0	0	0	1	0	0
C	Marios	16	81	2	1	19____	53301	3	0	0	0	1	0	0	0	0	0	0
C	Marios	16	81	2	1	19____	53313	3	0	0	0	0	0	0	0	1	0	0
C	Marios	16	81	2	1	19____	53317	3	0	0	0	1	0	0	0	0	0	0
C	Marios	16	81	2	1	19____	53321	3	0	0	0	0	0	0	0	1	0	0
C	Marios	16	81	2	1	19____	53342	3	0	0	0	1	0	0	0	0	0	0
C	Marios	16	81	2	1	19____	53344	3	0	0	0	0	0	0	0	1	0	0
C	Marios	16	81	2	1	19____	53495	3	1	0	0	0	0	0	0	0	0	0
C	Marios	16	81	2	1	19____	54190	1	0	0	0	1	0	0	0	0	0	0
C	Marios	16	81	2	1	19____	54318	1	0	0	0	0	0	0	0	1	0	0
C	Marios	16	81	2	1	19____	56762	1	0	0	0	1	0	0	0	0	0	0
C	Marios	16	81	2	1	19____	56810	1	0	0	0	0	0	0	0	1	0	0
C	Marios	16	81	2	1	19____	56816	1	3	2	0	1	0	0	0	0	0	0
C	Marios	16	81	2	1	19____	57066	3	1	0	0	0	0	0	0	0	0	0
C	Marios	16	81	2	1	19____	57092	1	0	0	0	0	0	0	0	1	0	0
C	Marios	16	81	2	1	19____	57224	1	0	0	0	1	0	0	0	0	0	0
C	Marios	16	81	2	1	19____	57514	1	0	0	0	0	0	0	0	1	0	0
C	Marios	16	81	2	1	19____	60595	1	0	0	0	1	0	0	0	0	0	0
C	Marios	16	81	2	1	19____	60598	1	0	0	0	0	0	0	0	1	0	0
C	Marios	16	81	2	1	19____	60654	1	3	2	0	1	0	0	0	0	0	0
C	Marios	16	81	2	1	19____	60749	3	0	0	0	0	0	0	0	1	0	0
C	Marios	16	81	2	1	19____	60904	3	1	0	0	0	0	0	0	0	0	0
C	Marios	16	81	2	1	19____	61784	1	3	2	0	1	0	0	0	0	0	0
C	Marios	16	81	2	1	19____	61833	3	0	0	0	0	0	0	0	1	0	0
C	Marios	16	81	2	1	19____	62034	3	1	0	0	0	0	0	0	0	0	0
C	Marios	16	81	2	1	19____	69548	1	3	2	0	1	0	0	0	0	0	0
C	Marios	16	81	2	1	19____	69628	3	0	0	0	0	0	0	0	1	0	0
C	Marios	16	81	2	1	19____	69632	3	0	0	0	1	0	0	0	0	0	0
C	Marios	16	81	2	1	19____	69705	3	0	0	0	0	0	0	0	1	0	0
C	Marios	16	81	2	1	19____	69738	3	0	0	0	1	0	0	0	0	0	0
C	Marios	16	81	2	1	19____	69743	3	0	0	0	0	0	0	0	1	0	0
C	Marios	16	81	2	1	19____	69748	3	0	0	0	1	0	0	0	0	0	0
C	Marios	16	81	2	1	19____	69752	3	0	0	0	0	0	0	0	1	0	0
C	Marios	16	81	2	1	19____	69798	3	1	0	0	0	0	0	0	0	0	0
C	Marios	16	81	2	1	19____	70615	1	0	0	0	1	0	0	0	0	0	0
C	Marios	16	81	2	1	19____	70813	1	0	0	0	0	0	0	0	1	0	0
C	Marios	16	81	2	1	19____	82161	1	0	0	0	1	0	0	0	0	0	0
C	Marios	16	81	2	1	19____	82276	1	0	0	0	0	0	0	0	1	0	0
C	Marios	16	81	2	1	19____	82293	1	3	2	0	1	0	0	0	0	0	0
C	Marios	16	81	2	1	19____	82323	3	0	0	0	0	0	0	0	1	0	0
C	Marios	16	81	2	1	19____	82352	3	0	0	0	1	0	0	0	0	0	0
C	Marios	16	81	2	1	19____	82526	3	0	0	0	0	0	0	0	1	0	0
C	Marios	16	81	2	1	19____	82543	3	1	0	0	0	0	0	0	0	0	0
C	Marios	16	81	2	1	19____	85110	1	0	0	0	1	0	0	0	0	0	0
C	Marios	16	81	2	1	19____	85125	1	0	0	0	0	0	0	0	1	0	0
C	Marios	16	81	2	1	19____	86109	1	0	0	1	0	0	0	0	0	0	0
C	Marios	16	81	2	1	19____	86117	1	0	0	0	0	0	0	1	0	0	0
C	Marios	16	81	2	1	19____	90000	1	4	0	0	0	0	0	0	0	0	0
C	Marios	16	81	2	1	19____	90250	4	-1	0	0	0	0	0	0	0	0	0
C	Marios	16	81	4	1	21____	0	0	1	0	0	0	0	0	0	0	0	0
C	Marios	16	81	4	1	21____	1111	1	3	2	0	1	0	0	0	0	0	0
C	Marios	16	81	4	1	21____	1134	3	0	0	0	0	0	0	0	1	0	0
C	Marios	16	81	4	1	21____	1361	3	1	0	0	0	0	0	0	0	0	0
C	Marios	16	81	4	1	21____	1827	1	0	0	0	1	0	0	0	0	0	0
C	Marios	16	81	4	1	21____	1831	1	0	0	0	0	0	0	0	1	0	0
C	Marios	16	81	4	1	21____	1871	1	0	0	0	1	0	0	0	0	0	0
C	Marios	16	81	4	1	21____	1897	1	0	0	0	0	0	0	0	1	0	0
C	Marios	16	81	4	1	21____	31527	1	0	0	1	0	0	0	0	0	0	0
C	Marios	16	81	4	1	21____	31537	1	0	0	0	0	0	0	1	0	0	0
C	Marios	16	81	4	1	21____	58991	1	3	2	0	1	0	0	0	0	0	0
C	Marios	16	81	4	1	21____	59026	3	0	0	0	0	0	0	0	1	0	0
C	Marios	16	81	4	1	21____	59241	3	1	0	0	0	0	0	0	0	0	0
C	Marios	16	81	4	1	21____	90000	1	4	0	0	0	0	0	0	0	0	0
C	Marios	16	81	4	1	21____	90250	4	-1	0	0	0	0	0	0	0	0	0
C	Marios	16	81	5	1	42____	0	0	1	0	0	0	0	0	0	0	0	0
C	Marios	16	81	5	1	42____	1893	1	0	0	1	0	0	0	0	0	0	0
C	Marios	16	81	5	1	42____	1895	1	0	0	0	0	0	0	1	0	0	0
C	Marios	16	81	5	1	42____	1913	1	0	0	1	0	0	0	0	0	0	0
C	Marios	16	81	5	1	42____	1918	1	0	0	0	0	0	0	1	0	0	0
C	Marios	16	81	5	1	42____	1921	1	2	1	1	0	0	0	0	0	0	0
C	Marios	16	81	5	1	42____	1933	2	0	0	0	0	0	0	1	0	0	0
C	Marios	16	81	5	1	42____	2171	2	1	0	0	0	0	0	0	0	0	0
C	Marios	16	81	5	1	42____	2424	1	0	0	1	0	0	0	0	0	0	0
C	Marios	16	81	5	1	42____	2720	1	0	0	0	0	0	0	1	0	0	0
C	Marios	16	81	5	1	42____	2784	1	2	1	1	0	0	0	0	0	0	0
C	Marios	16	81	5	1	42____	2787	2	0	0	0	0	0	0	1	0	0	0
C	Marios	16	81	5	1	42____	2818	2	0	0	1	0	0	0	0	0	0	0
C	Marios	16	81	5	1	42____	2826	2	0	0	0	0	0	0	1	0	0	0
C	Marios	16	81	5	1	42____	3034	2	1	0	0	0	0	0	0	0	0	0
C	Marios	16	81	5	1	42____	3236	1	2	1	1	0	0	0	0	0	0	0
C	Marios	16	81	5	1	42____	3267	2	0	0	0	0	0	0	1	0	0	0
C	Marios	16	81	5	1	42____	3486	2	1	0	0	0	0	0	0	0	0	0
C	Marios	16	81	5	1	42____	3621	1	0	0	1	0	0	0	0	0	0	0
C	Marios	16	81	5	1	42____	3623	1	0	0	0	0	0	0	1	0	0	0
C	Marios	16	81	5	1	42____	3981	1	3	2	0	1	0	0	0	0	0	0
C	Marios	16	81	5	1	42____	3988	3	0	0	0	0	0	0	0	1	0	0
C	Marios	16	81	5	1	42____	4231	3	1	0	0	0	0	0	0	0	0	0
C	Marios	16	81	5	1	42____	6482	1	0	0	1	0	0	0	0	0	0	0
C	Marios	16	81	5	1	42____	6510	1	0	0	0	0	0	0	1	0	0	0
C	Marios	16	81	5	1	42____	18809	1	0	0	0	1	0	0	0	0	0	0
C	Marios	16	81	5	1	42____	18811	1	0	0	0	0	0	0	0	1	0	0
C	Marios	16	81	5	1	42____	18845	1	3	2	0	1	0	0	0	0	0	0
C	Marios	16	81	5	1	42____	18877	3	0	0	0	0	0	0	0	1	0	0
C	Marios	16	81	5	1	42____	19095	3	1	0	0	0	0	0	0	0	0	0
C	Marios	16	81	5	1	42____	21015	1	0	0	0	1	0	0	0	0	0	0
C	Marios	16	81	5	1	42____	21039	1	0	0	0	0	0	0	0	1	0	0
C	Marios	16	81	5	1	42____	21319	1	0	0	0	1	0	0	0	0	0	0
C	Marios	16	81	5	1	42____	21386	1	0	0	0	0	0	0	0	1	0	0
C	Marios	16	81	5	1	42____	21393	1	3	2	0	1	0	0	0	0	0	0
C	Marios	16	81	5	1	42____	21466	3	0	0	0	0	0	0	0	1	0	0
C	Marios	16	81	5	1	42____	21643	3	1	0	0	0	0	0	0	0	0	0
C	Marios	16	81	5	1	42____	21983	1	0	0	0	1	0	0	0	0	0	0
C	Marios	16	81	5	1	42____	21992	1	0	0	0	0	0	0	0	1	0	0
C	Marios	16	81	5	1	42____	24392	1	0	0	0	1	0	0	0	0	0	0
C	Marios	16	81	5	1	42____	24429	1	0	0	0	0	0	0	0	1	0	0
C	Marios	16	81	5	1	42____	24501	1	3	2	0	1	0	0	0	0	0	0
C	Marios	16	81	5	1	42____	24713	3	0	0	0	0	0	0	0	1	0	0
C	Marios	16	81	5	1	42____	24751	3	1	0	0	0	0	0	0	0	0	0
C	Marios	16	81	5	1	42____	26500	1	3	2	0	1	0	0	0	0	0	0
C	Marios	16	81	5	1	42____	26578	3	0	0	0	0	0	0	0	1	0	0
C	Marios	16	81	5	1	42____	26581	3	0	0	0	1	0	0	0	0	0	0
C	Marios	16	81	5	1	42____	26651	3	0	0	0	0	0	0	0	1	0	0
C	Marios	16	81	5	1	42____	26750	3	1	0	0	0	0	0	0	0	0	0
C	Marios	16	81	5	1	42____	27971	1	0	0	0	1	0	0	0	0	0	0
C	Marios	16	81	5	1	42____	27984	1	0	0	0	0	0	0	0	1	0	0
C	Marios	16	81	5	1	42____	27994	1	0	0	0	1	0	0	0	0	0	0
C	Marios	16	81	5	1	42____	28034	1	0	0	0	0	0	0	0	1	0	0
C	Marios	16	81	5	1	42____	28245	1	3	2	0	1	0	0	0	0	0	0
C	Marios	16	81	5	1	42____	28321	3	0	0	0	0	0	0	0	1	0	0
C	Marios	16	81	5	1	42____	28495	3	1	0	0	0	0	0	0	0	0	0
C	Marios	16	81	5	1	42____	29290	1	0	0	1	0	0	0	0	0	0	0
C	Marios	16	81	5	1	42____	29309	1	0	0	0	0	0	0	1	0	0	0
C	Marios	16	81	5	1	42____	30164	1	0	0	0	1	0	0	0	0	0	0
C	Marios	16	81	5	1	42____	30230	1	0	0	0	0	0	0	0	1	0	0
C	Marios	16	81	5	1	42____	31821	1	0	0	0	1	0	0	0	0	0	0
C	Marios	16	81	5	1	42____	31849	1	0	0	0	0	0	0	0	1	0	0
C	Marios	16	81	5	1	42____	31919	1	3	2	0	1	0	0	0	0	0	0
C	Marios	16	81	5	1	42____	32007	3	0	0	0	0	0	0	0	1	0	0
C	Marios	16	81	5	1	42____	32017	3	0	0	0	1	0	0	0	0	0	0
C	Marios	16	81	5	1	42____	32033	3	0	0	0	0	0	0	0	1	0	0
C	Marios	16	81	5	1	42____	32169	3	1	0	0	0	0	0	0	0	0	0
C	Marios	16	81	5	1	42____	33672	1	0	0	0	1	0	0	0	0	0	0
C	Marios	16	81	5	1	42____	33707	1	0	0	0	0	0	0	0	1	0	0
C	Marios	16	81	5	1	42____	34272	1	0	0	1	0	0	0	0	0	0	0
C	Marios	16	81	5	1	42____	34275	1	0	0	0	0	0	0	1	0	0	0
C	Marios	16	81	5	1	42____	34287	1	0	0	1	0	0	0	0	0	0	0
C	Marios	16	81	5	1	42____	34298	1	0	0	0	0	0	0	1	0	0	0
C	Marios	16	81	5	1	42____	34402	1	2	1	1	0	0	0	0	0	0	0
C	Marios	16	81	5	1	42____	34457	2	0	0	0	0	0	0	1	0	0	0
C	Marios	16	81	5	1	42____	34652	2	1	0	0	0	0	0	0	0	0	0
C	Marios	16	81	5	1	42____	38214	1	0	0	1	0	0	0	0	0	0	0
C	Marios	16	81	5	1	42____	38217	1	0	0	0	0	0	0	1	0	0	0
C	Marios	16	81	5	1	42____	38225	1	2	1	1	0	0	0	0	0	0	0
C	Marios	16	81	5	1	42____	38236	2	0	0	0	0	0	0	1	0	0	0
C	Marios	16	81	5	1	42____	38239	2	0	0	1	0	0	0	0	0	0	0
C	Marios	16	81	5	1	42____	38256	2	0	0	0	0	0	0	1	0	0	0
C	Marios	16	81	5	1	42____	38279	2	0	0	1	0	0	0	0	0	0	0
C	Marios	16	81	5	1	42____	38296	2	0	0	0	0	0	0	1	0	0	0
C	Marios	16	81	5	1	42____	38475	2	1	0	0	0	0	0	0	0	0	0
C	Marios	16	81	5	1	42____	39128	1	0	0	1	0	0	0	0	0	0	0
C	Marios	16	81	5	1	42____	39211	1	0	0	0	0	0	0	1	0	0	0
C	Marios	16	81	5	1	42____	52423	1	0	0	1	0	0	0	0	0	0	0
C	Marios	16	81	5	1	42____	52467	1	0	0	0	0	0	0	1	0	0	0
C	Marios	16	81	5	1	42____	79646	1	2	1	1	0	0	0	0	0	0	0
C	Marios	16	81	5	1	42____	79888	2	0	0	0	0	0	0	1	0	0	0
C	Marios	16	81	5	1	42____	79896	2	1	0	0	0	0	0	0	0	0	0
C	Marios	16	81	5	1	42____	85135	1	2	1	1	0	0	0	0	0	0	0
C	Marios	16	81	5	1	42____	85147	2	0	0	0	0	0	0	1	0	0	0
C	Marios	16	81	5	1	42____	85385	2	1	0	0	0	0	0	0	0	0	0
C	Marios	16	81	5	1	42____	85737	1	0	0	0	1	0	0	0	0	0	0
C	Marios	16	81	5	1	42____	85908	1	0	0	0	0	0	0	0	1	0	0
C	Marios	16	81	5	1	42____	86090	1	0	0	0	1	0	0	0	0	0	0
C	Marios	16	81	5	1	42____	86112	1	0	0	0	0	0	0	0	1	0	0
C	Marios	16	81	5	1	42____	86132	1	3	2	0	1	0	0	0	0	0	0
C	Marios	16	81	5	1	42____	86162	3	0	0	0	0	0	0	0	1	0	0
C	Marios	16	81	5	1	42____	86178	3	0	0	0	1	0	0	0	0	0	0
C	Marios	16	81	5	1	42____	86214	3	0	0	0	0	0	0	0	1	0	0
C	Marios	16	81	5	1	42____	86382	3	1	0	0	0	0	0	0	0	0	0
C	Marios	16	81	5	1	42____	89310	1	2	1	1	0	0	0	0	0	0	0
C	Marios	16	81	5	1	42____	89432	2	0	0	0	0	0	0	1	0	0	0
C	Marios	16	81	5	1	42____	89560	2	1	0	0	0	0	0	0	0	0	0
C	Marios	16	81	5	1	42____	90000	1	4	0	0	0	0	0	0	0	0	0
C	Marios	16	81	5	1	42____	90250	4	-1	0	0	0	0	0	0	0	0	0
C	Marios	16	81	6	1	44____	0	0	1	0	0	0	0	0	0	0	0	0
C	Marios	16	81	6	1	44____	3699	1	3	2	0	1	0	0	0	0	0	0
C	Marios	16	81	6	1	44____	3719	3	0	0	0	0	0	0	0	1	0	0
C	Marios	16	81	6	1	44____	3949	3	1	0	0	0	0	0	0	0	0	0
C	Marios	16	81	6	1	44____	5081	1	0	0	0	1	0	0	0	0	0	0
C	Marios	16	81	6	1	44____	5083	1	0	0	0	0	0	0	0	1	0	0
C	Marios	16	81	6	1	44____	5103	1	3	2	0	1	0	0	0	0	0	0
C	Marios	16	81	6	1	44____	5107	3	0	0	0	0	0	0	0	1	0	0
C	Marios	16	81	6	1	44____	5121	3	0	0	0	1	0	0	0	0	0	0
C	Marios	16	81	6	1	44____	5124	3	0	0	0	0	0	0	0	1	0	0
C	Marios	16	81	6	1	44____	5353	3	1	0	0	0	0	0	0	0	0	0
C	Marios	16	81	6	1	44____	7374	1	0	0	0	1	0	0	0	0	0	0
C	Marios	16	81	6	1	44____	7377	1	0	0	0	0	0	0	0	1	0	0
C	Marios	16	81	6	1	44____	7479	1	0	0	0	1	0	0	0	0	0	0
C	Marios	16	81	6	1	44____	7542	1	0	0	0	0	0	0	0	1	0	0
C	Marios	16	81	6	1	44____	11810	1	0	0	1	0	0	0	0	0	0	0
C	Marios	16	81	6	1	44____	11812	1	0	0	0	0	0	0	1	0	0	0
C	Marios	16	81	6	1	44____	11863	1	0	0	1	0	0	0	0	0	0	0
C	Marios	16	81	6	1	44____	11866	1	0	0	0	0	0	0	1	0	0	0
C	Marios	16	81	6	1	44____	11880	1	2	1	1	0	0	0	0	0	0	0
C	Marios	16	81	6	1	44____	11882	2	0	0	0	0	0	0	1	0	0	0
C	Marios	16	81	6	1	44____	12130	2	1	0	0	0	0	0	0	0	0	0
C	Marios	16	81	6	1	44____	12446	1	0	0	1	0	0	0	0	0	0	0
C	Marios	16	81	6	1	44____	12464	1	0	0	0	0	0	0	1	0	0	0
C	Marios	16	81	6	1	44____	13416	1	0	0	0	1	0	0	0	0	0	0
C	Marios	16	81	6	1	44____	13418	1	0	0	0	0	0	0	0	1	0	0
C	Marios	16	81	6	1	44____	13424	1	0	0	0	1	0	0	0	0	0	0
C	Marios	16	81	6	1	44____	13426	1	0	0	0	0	0	0	0	1	0	0
C	Marios	16	81	6	1	44____	13432	1	3	2	0	1	0	0	0	0	0	0
C	Marios	16	81	6	1	44____	13434	3	0	0	0	0	0	0	0	1	0	0
C	Marios	16	81	6	1	44____	13682	3	1	0	0	0	0	0	0	0	0	0
C	Marios	16	81	6	1	44____	14058	1	3	2	0	1	0	0	0	0	0	0
C	Marios	16	81	6	1	44____	14062	3	0	0	0	0	0	0	0	1	0	0
C	Marios	16	81	6	1	44____	14077	3	0	0	0	1	0	0	0	0	0	0
C	Marios	16	81	6	1	44____	14079	3	0	0	0	0	0	0	0	1	0	0
C	Marios	16	81	6	1	44____	14308	3	1	0	0	0	0	0	0	0	0	0
C	Marios	16	81	6	1	44____	16875	1	0	0	1	0	0	0	0	0	0	0
C	Marios	16	81	6	1	44____	16878	1	0	0	0	0	0	0	1	0	0	0
C	Marios	16	81	6	1	44____	24083	1	0	0	0	1	0	0	0	0	0	0
C	Marios	16	81	6	1	44____	24086	1	0	0	0	0	0	0	0	1	0	0
C	Marios	16	81	6	1	44____	24115	1	0	0	0	1	0	0	0	0	0	0
C	Marios	16	81	6	1	44____	24117	1	0	0	0	0	0	0	0	1	0	0
C	Marios	16	81	6	1	44____	24274	1	3	2	0	1	0	0	0	0	0	0
C	Marios	16	81	6	1	44____	24283	3	0	0	0	0	0	0	0	1	0	0
C	Marios	16	81	6	1	44____	24524	3	1	0	0	0	0	0	0	0	0	0
C	Marios	16	81	6	1	44____	26591	1	3	2	0	1	0	0	0	0	0	0
C	Marios	16	81	6	1	44____	26592	3	0	0	0	0	0	0	0	1	0	0
C	Marios	16	81	6	1	44____	26841	3	1	0	0	0	0	0	0	0	0	0
C	Marios	16	81	6	1	44____	30554	1	0	0	1	0	0	0	0	0	0	0
C	Marios	16	81	6	1	44____	30566	1	0	0	0	0	0	0	1	0	0	0
C	Marios	16	81	6	1	44____	30825	1	2	1	1	0	0	0	0	0	0	0
C	Marios	16	81	6	1	44____	30827	2	0	0	0	0	0	0	1	0	0	0
C	Marios	16	81	6	1	44____	31075	2	1	0	0	0	0	0	0	0	0	0
C	Marios	16	81	6	1	44____	49807	1	0	0	0	1	0	0	0	0	0	0
C	Marios	16	81	6	1	44____	49858	1	0	0	0	0	0	0	0	1	0	0
C	Marios	16	81	6	1	44____	57587	1	0	0	1	0	0	0	0	0	0	0
C	Marios	16	81	6	1	44____	57589	1	0	0	0	0	0	0	1	0	0	0
C	Marios	16	81	6	1	44____	57859	1	0	0	1	0	0	0	0	0	0	0
C	Marios	16	81	6	1	44____	57878	1	0	0	0	0	0	0	1	0	0	0
C	Marios	16	81	6	1	44____	58004	1	2	1	1	0	0	0	0	0	0	0
C	Marios	16	81	6	1	44____	58010	2	0	0	0	0	0	0	1	0	0	0
C	Marios	16	81	6	1	44____	58254	2	1	0	0	0	0	0	0	0	0	0
C	Marios	16	81	6	1	44____	61316	1	0	0	1	0	0	0	0	0	0	0
C	Marios	16	81	6	1	44____	61326	1	0	0	0	0	0	0	1	0	0	0
C	Marios	16	81	6	1	44____	79387	1	0	0	0	1	0	0	0	0	0	0
C	Marios	16	81	6	1	44____	79393	1	0	0	0	0	0	0	0	1	0	0
C	Marios	16	81	6	1	44____	79467	1	0	0	0	1	0	0	0	0	0	0
C	Marios	16	81	6	1	44____	79483	1	0	0	0	0	0	0	0	1	0	0
C	Marios	16	81	6	1	44____	79575	1	3	2	0	1	0	0	0	0	0	0
C	Marios	16	81	6	1	44____	79581	3	0	0	0	0	0	0	0	1	0	0
C	Marios	16	81	6	1	44____	79825	3	1	0	0	0	0	0	0	0	0	0
C	Marios	16	81	6	1	44____	81080	1	0	0	0	1	0	0	0	0	0	0
C	Marios	16	81	6	1	44____	81083	1	0	0	0	0	0	0	0	1	0	0
C	Marios	16	81	6	1	44____	81088	1	3	2	0	1	0	0	0	0	0	0
C	Marios	16	81	6	1	44____	81093	3	0	0	0	0	0	0	0	1	0	0
C	Marios	16	81	6	1	44____	81099	3	0	0	0	1	0	0	0	0	0	0
C	Marios	16	81	6	1	44____	81102	3	0	0	0	0	0	0	0	1	0	0
C	Marios	16	81	6	1	44____	81108	3	0	0	0	1	0	0	0	0	0	0
C	Marios	16	81	6	1	44____	81113	3	0	0	0	0	0	0	0	1	0	0
C	Marios	16	81	6	1	44____	81117	3	0	0	0	1	0	0	0	0	0	0
C	Marios	16	81	6	1	44____	81122	3	0	0	0	0	0	0	0	1	0	0
C	Marios	16	81	6	1	44____	81129	3	0	0	0	1	0	0	0	0	0	0
C	Marios	16	81	6	1	44____	81133	3	0	0	0	0	0	0	0	1	0	0
C	Marios	16	81	6	1	44____	81185	3	0	0	0	1	0	0	0	0	0	0
C	Marios	16	81	6	1	44____	81255	3	0	0	0	0	0	0	0	1	0	0
C	Marios	16	81	6	1	44____	81338	3	1	0	0	0	0	0	0	0	0	0
C	Marios	16	81	6	1	44____	82962	1	0	0	1	0	0	0	0	0	0	0
C	Marios	16	81	6	1	44____	82980	1	0	0	0	0	0	0	1	0	0	0
C	Marios	16	81	6	1	44____	83285	1	2	1	1	0	0	0	0	0	0	0
C	Marios	16	81	6	1	44____	83347	2	0	0	0	0	0	0	1	0	0	0
C	Marios	16	81	6	1	44____	83535	2	1	0	0	0	0	0	0	0	0	0
C	Marios	16	81	6	1	44____	85343	1	0	0	1	0	0	0	0	0	0	0
C	Marios	16	81	6	1	44____	85344	1	0	0	0	0	0	0	1	0	0	0
C	Marios	16	81	6	1	44____	85366	1	0	0	1	0	0	0	0	0	0	0
C	Marios	16	81	6	1	44____	85421	1	0	0	0	0	0	0	1	0	0	0
C	Marios	16	81	6	1	44____	85458	1	2	1	1	0	0	0	0	0	0	0
C	Marios	16	81	6	1	44____	85465	2	0	0	0	0	0	0	1	0	0	0
C	Marios	16	81	6	1	44____	85708	2	1	0	0	0	0	0	0	0	0	0
C	Marios	16	81	6	1	44____	90000	1	4	0	0	0	0	0	0	0	0	0
C	Marios	16	81	6	1	44____	90250	4	-1	0	0	0	0	0	0	0	0	0
C	Marios	16	82	1	1	23____	0	0	1	0	0	0	0	0	0	0	0	0
C	Marios	16	82	1	1	23____	6232	1	0	0	0	1	0	0	0	0	0	0
C	Marios	16	82	1	1	23____	6273	1	0	0	0	0	0	0	0	1	0	0
C	Marios	16	82	1	1	23____	6371	1	3	2	0	1	0	0	0	0	0	0
C	Marios	16	82	1	1	23____	6575	3	0	0	0	0	0	0	0	1	0	0
C	Marios	16	82	1	1	23____	6621	3	1	0	0	0	0	0	0	0	0	0
C	Marios	16	82	1	1	23____	7018	1	3	2	0	1	0	0	0	0	0	0
C	Marios	16	82	1	1	23____	7110	3	0	0	0	0	0	0	0	1	0	0
C	Marios	16	82	1	1	23____	7268	3	1	0	0	0	0	0	0	0	0	0
C	Marios	16	82	1	1	23____	7685	1	0	0	0	1	0	0	0	0	0	0
C	Marios	16	82	1	1	23____	7730	1	0	0	0	0	0	0	0	1	0	0
C	Marios	16	82	1	1	23____	7745	1	0	0	0	1	0	0	0	0	0	0
C	Marios	16	82	1	1	23____	7904	1	0	0	0	0	0	0	0	1	0	0
C	Marios	16	82	1	1	23____	11127	1	0	0	1	0	0	0	0	0	0	0
C	Marios	16	82	1	1	23____	11180	1	0	0	0	0	0	0	1	0	0	0
C	Marios	16	82	1	1	23____	11182	1	0	0	1	0	0	0	0	0	0	0
C	Marios	16	82	1	1	23____	11198	1	0	0	0	0	0	0	1	0	0	0
C	Marios	16	82	1	1	23____	11207	1	2	1	1	0	0	0	0	0	0	0
C	Marios	16	82	1	1	23____	11229	2	0	0	0	0	0	0	1	0	0	0
C	Marios	16	82	1	1	23____	11457	2	1	0	0	0	0	0	0	0	0	0
C	Marios	16	82	1	1	23____	12058	1	0	0	1	0	0	0	0	0	0	0
C	Marios	16	82	1	1	23____	12061	1	0	0	0	0	0	0	1	0	0	0
C	Marios	16	82	1	1	23____	12091	1	0	0	1	0	0	0	0	0	0	0
C	Marios	16	82	1	1	23____	12094	1	0	0	0	0	0	0	1	0	0	0
C	Marios	16	82	1	1	23____	12144	1	2	1	1	0	0	0	0	0	0	0
C	Marios	16	82	1	1	23____	12167	2	0	0	0	0	0	0	1	0	0	0
C	Marios	16	82	1	1	23____	12394	2	1	0	0	0	0	0	0	0	0	0
C	Marios	16	82	1	1	23____	13066	1	0	0	1	0	0	0	0	0	0	0
C	Marios	16	82	1	1	23____	13087	1	0	0	0	0	0	0	1	0	0	0
C	Marios	16	82	1	1	23____	15643	1	0	0	1	0	0	0	0	0	0	0
C	Marios	16	82	1	1	23____	15646	1	0	0	0	0	0	0	1	0	0	0
C	Marios	16	82	1	1	23____	15891	1	0	0	0	1	0	0	0	0	0	0
C	Marios	16	82	1	1	23____	16081	1	0	0	0	0	0	0	0	1	0	0
C	Marios	16	82	1	1	23____	19031	1	2	1	1	0	0	0	0	0	0	0
C	Marios	16	82	1	1	23____	19041	2	0	0	0	0	0	0	1	0	0	0
C	Marios	16	82	1	1	23____	19055	2	0	0	1	0	0	0	0	0	0	0
C	Marios	16	82	1	1	23____	19058	2	0	0	0	0	0	0	1	0	0	0
C	Marios	16	82	1	1	23____	19065	2	0	0	1	0	0	0	0	0	0	0
C	Marios	16	82	1	1	23____	19066	2	0	0	0	0	0	0	1	0	0	0
C	Marios	16	82	1	1	23____	19229	2	0	0	1	0	0	0	0	0	0	0
C	Marios	16	82	1	1	23____	19234	2	0	0	0	0	0	0	1	0	0	0
C	Marios	16	82	1	1	23____	19281	2	1	0	0	0	0	0	0	0	0	0
C	Marios	16	82	1	1	23____	19807	1	0	0	0	1	0	0	0	0	0	0
C	Marios	16	82	1	1	23____	19850	1	0	0	0	0	0	0	0	1	0	0
C	Marios	16	82	1	1	23____	21045	1	2	1	1	0	0	0	0	0	0	0
C	Marios	16	82	1	1	23____	21051	2	0	0	0	0	0	0	1	0	0	0
C	Marios	16	82	1	1	23____	21054	2	0	0	1	0	0	0	0	0	0	0
C	Marios	16	82	1	1	23____	21212	2	0	0	0	0	0	0	1	0	0	0
C	Marios	16	82	1	1	23____	21295	2	1	0	0	0	0	0	0	0	0	0
C	Marios	16	82	1	1	23____	22727	1	0	0	1	0	0	0	0	0	0	0
C	Marios	16	82	1	1	23____	22752	1	0	0	0	0	0	0	1	0	0	0
C	Marios	16	82	1	1	23____	25240	1	0	0	0	1	0	0	0	0	0	0
C	Marios	16	82	1	1	23____	25257	1	0	0	0	0	0	0	0	1	0	0
C	Marios	16	82	1	1	23____	25282	1	0	0	0	1	0	0	0	0	0	0
C	Marios	16	82	1	1	23____	25284	1	0	0	0	0	0	0	0	1	0	0
C	Marios	16	82	1	1	23____	25287	1	3	2	0	1	0	0	0	0	0	0
C	Marios	16	82	1	1	23____	25293	3	0	0	0	0	0	0	0	1	0	0
C	Marios	16	82	1	1	23____	25295	3	0	0	0	1	0	0	0	0	0	0
C	Marios	16	82	1	1	23____	25297	3	0	0	0	0	0	0	0	1	0	0
C	Marios	16	82	1	1	23____	25537	3	1	0	0	0	0	0	0	0	0	0
C	Marios	16	82	1	1	23____	26464	1	0	0	0	1	0	0	0	0	0	0
C	Marios	16	82	1	1	23____	26500	1	0	0	0	0	0	0	0	1	0	0
C	Marios	16	82	1	1	23____	26756	1	0	0	0	1	0	0	0	0	0	0
C	Marios	16	82	1	1	23____	26825	1	0	0	0	0	0	0	0	1	0	0
C	Marios	16	82	1	1	23____	26902	1	3	2	0	1	0	0	0	0	0	0
C	Marios	16	82	1	1	23____	27152	3	1	0	0	0	0	0	0	0	0	0
C	Marios	16	82	1	1	23____	27755	1	0	0	1	0	0	0	0	0	0	0
C	Marios	16	82	1	1	23____	27777	1	0	0	0	0	0	0	1	0	0	0
C	Marios	16	82	1	1	23____	27816	1	0	0	1	0	0	0	0	0	0	0
C	Marios	16	82	1	1	23____	27828	1	0	0	0	0	0	0	1	0	0	0
C	Marios	16	82	1	1	23____	28369	1	0	0	0	0	0	0	0	1	0	0
C	Marios	16	82	1	1	23____	28376	1	3	2	0	1	0	0	0	0	0	0
C	Marios	16	82	1	1	23____	28432	3	0	0	0	0	0	0	0	1	0	0
C	Marios	16	82	1	1	23____	28626	3	1	0	0	0	0	0	0	0	0	0
C	Marios	16	82	1	1	23____	33184	1	0	0	0	1	0	0	0	0	0	0
C	Marios	16	82	1	1	23____	33201	1	0	0	0	0	0	0	0	1	0	0
C	Marios	16	82	1	1	23____	34985	1	0	0	1	0	0	0	0	0	0	0
C	Marios	16	82	1	1	23____	34989	1	0	0	0	0	0	0	1	0	0	0
C	Marios	16	82	1	1	23____	35007	1	0	0	1	0	0	0	0	0	0	0
C	Marios	16	82	1	1	23____	35010	1	0	0	0	0	0	0	1	0	0	0
C	Marios	16	82	1	1	23____	35315	1	2	1	1	0	0	0	0	0	0	0
C	Marios	16	82	1	1	23____	35320	2	0	0	0	0	0	0	1	0	0	0
C	Marios	16	82	1	1	23____	35447	2	0	0	1	0	0	0	0	0	0	0
C	Marios	16	82	1	1	23____	35450	2	0	0	0	0	0	0	1	0	0	0
C	Marios	16	82	1	1	23____	35467	2	0	0	1	0	0	0	0	0	0	0
C	Marios	16	82	1	1	23____	35473	2	0	0	0	0	0	0	1	0	0	0
C	Marios	16	82	1	1	23____	35490	2	0	0	1	0	0	0	0	0	0	0
C	Marios	16	82	1	1	23____	35492	2	0	0	0	0	0	0	1	0	0	0
C	Marios	16	82	1	1	23____	35516	2	0	0	1	0	0	0	0	0	0	0
C	Marios	16	82	1	1	23____	35521	2	0	0	0	0	0	0	1	0	0	0
C	Marios	16	82	1	1	23____	35563	2	0	0	1	0	0	0	0	0	0	0
C	Marios	16	82	1	1	23____	35565	2	1	0	0	0	0	0	0	0	0	0
C	Marios	16	82	1	1	23____	35574	1	0	0	0	0	0	0	1	0	0	0
C	Marios	16	82	1	1	23____	35601	1	0	0	1	0	0	0	0	0	0	0
C	Marios	16	82	1	1	23____	35625	1	0	0	0	0	0	0	1	0	0	0
C	Marios	16	82	1	1	23____	35661	1	2	1	1	0	0	0	0	0	0	0
C	Marios	16	82	1	1	23____	35663	2	0	0	0	0	0	0	1	0	0	0
C	Marios	16	82	1	1	23____	35911	2	1	0	0	0	0	0	0	0	0	0
C	Marios	16	82	1	1	23____	36792	1	0	0	0	1	0	0	0	0	0	0
C	Marios	16	82	1	1	23____	36806	1	0	0	0	0	0	0	0	1	0	0
C	Marios	16	82	1	1	23____	36818	1	0	0	0	1	0	0	0	0	0	0
C	Marios	16	82	1	1	23____	36869	1	0	0	0	0	0	0	0	1	0	0
C	Marios	16	82	1	1	23____	36880	1	3	2	0	1	0	0	0	0	0	0
C	Marios	16	82	1	1	23____	36938	3	0	0	0	0	0	0	0	1	0	0
C	Marios	16	82	1	1	23____	37130	3	1	0	0	0	0	0	0	0	0	0
C	Marios	16	82	1	1	23____	38645	1	0	0	1	0	0	0	0	0	0	0
C	Marios	16	82	1	1	23____	38652	1	0	0	0	0	0	0	1	0	0	0
C	Marios	16	82	1	1	23____	38780	1	0	0	1	0	0	0	0	0	0	0
C	Marios	16	82	1	1	23____	38787	1	0	0	0	0	0	0	1	0	0	0
C	Marios	16	82	1	1	23____	38819	1	2	1	1	0	0	0	0	0	0	0
C	Marios	16	82	1	1	23____	38822	2	0	0	0	0	0	0	1	0	0	0
C	Marios	16	82	1	1	23____	38903	2	0	0	1	0	0	0	0	0	0	0
C	Marios	16	82	1	1	23____	38909	2	0	0	0	0	0	0	1	0	0	0
C	Marios	16	82	1	1	23____	38916	2	0	0	1	0	0	0	0	0	0	0
C	Marios	16	82	1	1	23____	38921	2	0	0	0	0	0	0	1	0	0	0
C	Marios	16	82	1	1	23____	39014	2	0	0	1	0	0	0	0	0	0	0
C	Marios	16	82	1	1	23____	39020	2	0	0	0	0	0	0	1	0	0	0
C	Marios	16	82	1	1	23____	39022	2	0	0	1	0	0	0	0	0	0	0
C	Marios	16	82	1	1	23____	39027	2	0	0	0	0	0	0	1	0	0	0
C	Marios	16	82	1	1	23____	39032	2	0	0	1	0	0	0	0	0	0	0
C	Marios	16	82	1	1	23____	39035	2	0	0	0	0	0	0	1	0	0	0
C	Marios	16	82	1	1	23____	39069	2	1	0	0	0	0	0	0	0	0	0
C	Marios	16	82	1	1	23____	39086	1	0	0	1	0	0	0	0	0	0	0
C	Marios	16	82	1	1	23____	39089	1	0	0	0	0	0	0	1	0	0	0
C	Marios	16	82	1	1	23____	39176	1	2	1	1	0	0	0	0	0	0	0
C	Marios	16	82	1	1	23____	39188	2	0	0	0	0	0	0	1	0	0	0
C	Marios	16	82	1	1	23____	39203	2	0	0	1	0	0	0	0	0	0	0
C	Marios	16	82	1	1	23____	39217	2	0	0	0	0	0	0	1	0	0	0
C	Marios	16	82	1	1	23____	39231	2	0	0	1	0	0	0	0	0	0	0
C	Marios	16	82	1	1	23____	39235	2	0	0	0	0	0	0	1	0	0	0
C	Marios	16	82	1	1	23____	39426	2	1	0	0	0	0	0	0	0	0	0
C	Marios	16	82	1	1	23____	39497	1	0	0	1	0	0	0	0	0	0	0
C	Marios	16	82	1	1	23____	39502	1	0	0	0	0	0	0	1	0	0	0
C	Marios	16	82	1	1	23____	39508	1	0	0	1	0	0	0	0	0	0	0
C	Marios	16	82	1	1	23____	39510	1	0	0	0	0	0	0	1	0	0	0
C	Marios	16	82	1	1	23____	39644	1	2	1	1	0	0	0	0	0	0	0
C	Marios	16	82	1	1	23____	39647	2	0	0	0	0	0	0	1	0	0	0
C	Marios	16	82	1	1	23____	39651	2	0	0	1	0	0	0	0	0	0	0
C	Marios	16	82	1	1	23____	39654	2	0	0	0	0	0	0	1	0	0	0
C	Marios	16	82	1	1	23____	39660	2	0	0	1	0	0	0	0	0	0	0
C	Marios	16	82	1	1	23____	39664	2	0	0	0	0	0	0	1	0	0	0
C	Marios	16	82	1	1	23____	39668	2	0	0	1	0	0	0	0	0	0	0
C	Marios	16	82	1	1	23____	39671	2	0	0	0	0	0	0	1	0	0	0
C	Marios	16	82	1	1	23____	39683	2	0	0	1	0	0	0	0	0	0	0
C	Marios	16	82	1	1	23____	39703	2	0	0	0	0	0	0	1	0	0	0
C	Marios	16	82	1	1	23____	39788	2	0	0	1	0	0	0	0	0	0	0
C	Marios	16	82	1	1	23____	39830	2	0	0	0	0	0	0	1	0	0	0
C	Marios	16	82	1	1	23____	39877	2	0	0	1	0	0	0	0	0	0	0
C	Marios	16	82	1	1	23____	39880	2	0	0	0	0	0	0	1	0	0	0
C	Marios	16	82	1	1	23____	39884	2	0	0	1	0	0	0	0	0	0	0
C	Marios	16	82	1	1	23____	39894	2	1	0	0	0	0	0	0	0	0	0
C	Marios	16	82	1	1	23____	39902	1	0	0	0	0	0	0	1	0	0	0
C	Marios	16	82	1	1	23____	39906	1	0	0	1	0	0	0	0	0	0	0
C	Marios	16	82	1	1	23____	39920	1	0	0	0	0	0	0	1	0	0	0
C	Marios	16	82	1	1	23____	40039	1	3	2	0	1	0	0	0	0	0	0
C	Marios	16	82	1	1	23____	40200	3	0	0	0	0	0	0	0	1	0	0
C	Marios	16	82	1	1	23____	40289	3	1	0	0	0	0	0	0	0	0	0
C	Marios	16	82	1	1	23____	40969	1	0	0	1	0	0	0	0	0	0	0
C	Marios	16	82	1	1	23____	40972	1	0	0	0	0	0	0	1	0	0	0
C	Marios	16	82	1	1	23____	40979	1	2	1	1	0	0	0	0	0	0	0
C	Marios	16	82	1	1	23____	40989	2	0	0	0	0	0	0	1	0	0	0
C	Marios	16	82	1	1	23____	41069	2	0	0	1	0	0	0	0	0	0	0
C	Marios	16	82	1	1	23____	41071	2	0	0	0	0	0	0	1	0	0	0
C	Marios	16	82	1	1	23____	41074	2	0	0	1	0	0	0	0	0	0	0
C	Marios	16	82	1	1	23____	41080	2	0	0	0	0	0	0	1	0	0	0
C	Marios	16	82	1	1	23____	41229	2	1	0	0	0	0	0	0	0	0	0
C	Marios	16	82	1	1	23____	46443	1	0	0	0	1	0	0	0	0	0	0
C	Marios	16	82	1	1	23____	46579	1	0	0	0	0	0	0	0	1	0	0
C	Marios	16	82	1	1	23____	48497	1	0	0	0	1	0	0	0	0	0	0
C	Marios	16	82	1	1	23____	48662	1	0	0	0	0	0	0	0	1	0	0
C	Marios	16	82	1	1	23____	48773	1	3	2	0	1	0	0	0	0	0	0
C	Marios	16	82	1	1	23____	48827	3	0	0	0	0	0	0	0	1	0	0
C	Marios	16	82	1	1	23____	49023	3	1	0	0	0	0	0	0	0	0	0
C	Marios	16	82	1	1	23____	49732	1	0	0	0	1	0	0	0	0	0	0
C	Marios	16	82	1	1	23____	49894	1	0	0	0	0	0	0	0	1	0	0
C	Marios	16	82	1	1	23____	49948	1	3	2	0	1	0	0	0	0	0	0
C	Marios	16	82	1	1	23____	50110	3	0	0	0	0	0	0	0	1	0	0
C	Marios	16	82	1	1	23____	50137	3	0	0	0	1	0	0	0	0	0	0
C	Marios	16	82	1	1	23____	50198	3	1	0	0	0	0	0	0	0	0	0
C	Marios	16	82	1	1	23____	50199	1	0	0	0	0	0	0	0	1	0	0
C	Marios	16	82	1	1	23____	52891	1	0	0	1	0	0	0	0	0	0	0
C	Marios	16	82	1	1	23____	52919	1	0	0	0	0	0	0	1	0	0	0
C	Marios	16	82	1	1	23____	52943	1	0	0	1	0	0	0	0	0	0	0
C	Marios	16	82	1	1	23____	52982	1	0	0	0	0	0	0	1	0	0	0
C	Marios	16	82	1	1	23____	54166	1	0	0	0	1	0	0	0	0	0	0
C	Marios	16	82	1	1	23____	54187	1	0	0	0	0	0	0	0	1	0	0
C	Marios	16	82	1	1	23____	54388	1	3	2	0	1	0	0	0	0	0	0
C	Marios	16	82	1	1	23____	54397	3	0	0	0	0	0	0	0	1	0	0
C	Marios	16	82	1	1	23____	54506	3	0	0	0	1	0	0	0	0	0	0
C	Marios	16	82	1	1	23____	54523	3	0	0	0	0	0	0	0	1	0	0
C	Marios	16	82	1	1	23____	54558	3	0	0	0	1	0	0	0	0	0	0
C	Marios	16	82	1	1	23____	54607	3	0	0	0	0	0	0	0	1	0	0
C	Marios	16	82	1	1	23____	54638	3	1	0	0	0	0	0	0	0	0	0
C	Marios	16	82	1	1	23____	54644	1	3	2	0	1	0	0	0	0	0	0
C	Marios	16	82	1	1	23____	54676	3	0	0	0	0	0	0	0	1	0	0
C	Marios	16	82	1	1	23____	54759	3	0	0	0	1	0	0	0	0	0	0
C	Marios	16	82	1	1	23____	54783	3	0	0	0	0	0	0	0	1	0	0
C	Marios	16	82	1	1	23____	54867	3	0	0	0	1	0	0	0	0	0	0
C	Marios	16	82	1	1	23____	54894	3	1	0	0	0	0	0	0	0	0	0
C	Marios	16	82	1	1	23____	55260	1	0	0	0	0	0	0	0	1	0	0
C	Marios	16	82	1	1	23____	55265	1	3	2	0	1	0	0	0	0	0	0
C	Marios	16	82	1	1	23____	55515	3	1	0	0	0	0	0	0	0	0	0
C	Marios	16	82	1	1	23____	55660	1	0	0	0	0	0	0	0	1	0	0
C	Marios	16	82	1	1	23____	55746	1	0	0	0	1	0	0	0	0	0	0
C	Marios	16	82	1	1	23____	55791	1	0	0	0	0	0	0	0	1	0	0
C	Marios	16	82	1	1	23____	55911	1	3	2	0	1	0	0	0	0	0	0
C	Marios	16	82	1	1	23____	56033	3	0	0	0	0	0	0	0	1	0	0
C	Marios	16	82	1	1	23____	56161	3	1	0	0	0	0	0	0	0	0	0
C	Marios	16	82	1	1	23____	56412	1	0	0	1	0	0	0	0	0	0	0
C	Marios	16	82	1	1	23____	56492	1	0	0	0	0	0	0	1	0	0	0
C	Marios	16	82	1	1	23____	58772	1	0	0	1	0	0	0	0	0	0	0
C	Marios	16	82	1	1	23____	58776	1	0	0	0	0	0	0	1	0	0	0
C	Marios	16	82	1	1	23____	59014	1	2	1	1	0	0	0	0	0	0	0
C	Marios	16	82	1	1	23____	59022	2	0	0	0	0	0	0	1	0	0	0
C	Marios	16	82	1	1	23____	59264	2	1	0	0	0	0	0	0	0	0	0
C	Marios	16	82	1	1	23____	59408	1	0	0	0	1	0	0	0	0	0	0
C	Marios	16	82	1	1	23____	59417	1	0	0	0	0	0	0	0	1	0	0
C	Marios	16	82	1	1	23____	59455	1	3	2	0	1	0	0	0	0	0	0
C	Marios	16	82	1	1	23____	59647	3	0	0	0	0	0	0	0	1	0	0
C	Marios	16	82	1	1	23____	59705	3	1	0	0	0	0	0	0	0	0	0
C	Marios	16	82	1	1	23____	60247	1	0	0	1	0	0	0	0	0	0	0
C	Marios	16	82	1	1	23____	60257	1	0	0	0	0	0	0	1	0	0	0
C	Marios	16	82	1	1	23____	60274	1	0	0	1	0	0	0	0	0	0	0
C	Marios	16	82	1	1	23____	60292	1	0	0	0	0	0	0	1	0	0	0
C	Marios	16	82	1	1	23____	60351	1	2	1	1	0	0	0	0	0	0	0
C	Marios	16	82	1	1	23____	60352	2	0	0	0	0	0	0	1	0	0	0
C	Marios	16	82	1	1	23____	60601	2	1	0	0	0	0	0	0	0	0	0
C	Marios	16	82	1	1	23____	60742	1	2	1	1	0	0	0	0	0	0	0
C	Marios	16	82	1	1	23____	60752	2	0	0	0	0	0	0	1	0	0	0
C	Marios	16	82	1	1	23____	60893	2	0	0	1	0	0	0	0	0	0	0
C	Marios	16	82	1	1	23____	60904	2	0	0	0	0	0	0	1	0	0	0
C	Marios	16	82	1	1	23____	60956	2	0	0	1	0	0	0	0	0	0	0
C	Marios	16	82	1	1	23____	60961	2	0	0	0	0	0	0	1	0	0	0
C	Marios	16	82	1	1	23____	60992	2	1	0	0	0	0	0	0	0	0	0
C	Marios	16	82	1	1	23____	61012	1	2	1	1	0	0	0	0	0	0	0
C	Marios	16	82	1	1	23____	61018	2	0	0	0	0	0	0	1	0	0	0
C	Marios	16	82	1	1	23____	61043	2	0	0	1	0	0	0	0	0	0	0
C	Marios	16	82	1	1	23____	61077	2	0	0	0	0	0	0	1	0	0	0
C	Marios	16	82	1	1	23____	61080	2	0	0	1	0	0	0	0	0	0	0
C	Marios	16	82	1	1	23____	61083	2	0	0	0	0	0	0	1	0	0	0
C	Marios	16	82	1	1	23____	61092	2	0	0	1	0	0	0	0	0	0	0
C	Marios	16	82	1	1	23____	61095	2	0	0	0	0	0	0	1	0	0	0
C	Marios	16	82	1	1	23____	61117	2	0	0	1	0	0	0	0	0	0	0
C	Marios	16	82	1	1	23____	61122	2	0	0	0	0	0	0	1	0	0	0
C	Marios	16	82	1	1	23____	61154	2	0	0	1	0	0	0	0	0	0	0
C	Marios	16	82	1	1	23____	61174	2	0	0	0	0	0	0	1	0	0	0
C	Marios	16	82	1	1	23____	61238	2	0	0	1	0	0	0	0	0	0	0
C	Marios	16	82	1	1	23____	61260	2	0	0	0	0	0	0	1	0	0	0
C	Marios	16	82	1	1	23____	61262	2	1	0	0	0	0	0	0	0	0	0
C	Marios	16	82	1	1	23____	70335	1	2	1	1	0	0	0	0	0	0	0
C	Marios	16	82	1	1	23____	70378	2	0	0	0	0	0	0	1	0	0	0
C	Marios	16	82	1	1	23____	70585	2	1	0	0	0	0	0	0	0	0	0
C	Marios	16	82	1	1	23____	71397	1	0	0	1	0	0	0	0	0	0	0
C	Marios	16	82	1	1	23____	71403	1	0	0	0	0	0	0	1	0	0	0
C	Marios	16	82	1	1	23____	75474	1	0	0	0	1	0	0	0	0	0	0
C	Marios	16	82	1	1	23____	75612	1	0	0	0	0	0	0	0	1	0	0
C	Marios	16	82	1	1	23____	81688	1	0	0	1	0	0	0	0	0	0	0
C	Marios	16	82	1	1	23____	81806	1	0	0	0	0	0	0	1	0	0	0
C	Marios	16	82	1	1	23____	82978	1	2	1	1	0	0	0	0	0	0	0
C	Marios	16	82	1	1	23____	83054	2	0	0	0	0	0	0	1	0	0	0
C	Marios	16	82	1	1	23____	83228	2	1	0	0	0	0	0	0	0	0	0
C	Marios	16	82	1	1	23____	84120	1	0	0	1	0	0	0	0	0	0	0
C	Marios	16	82	1	1	23____	84127	1	0	0	0	0	0	0	1	0	0	0
C	Marios	16	82	1	1	23____	84194	1	0	0	1	0	0	0	0	0	0	0
C	Marios	16	82	1	1	23____	84263	1	0	0	0	0	0	0	1	0	0	0
C	Marios	16	82	1	1	23____	84418	1	2	1	1	0	0	0	0	0	0	0
C	Marios	16	82	1	1	23____	84427	2	0	0	0	0	0	0	1	0	0	0
C	Marios	16	82	1	1	23____	84491	2	0	0	1	0	0	0	0	0	0	0
C	Marios	16	82	1	1	23____	84502	2	0	0	0	0	0	0	1	0	0	0
C	Marios	16	82	1	1	23____	84668	2	1	0	0	0	0	0	0	0	0	0
C	Marios	16	82	1	1	23____	86743	1	0	0	1	0	0	0	0	0	0	0
C	Marios	16	82	1	1	23____	86757	1	0	0	0	0	0	0	1	0	0	0
C	Marios	16	82	1	1	23____	86774	1	0	0	1	0	0	0	0	0	0	0
C	Marios	16	82	1	1	23____	86782	1	0	0	0	0	0	0	1	0	0	0
C	Marios	16	82	1	1	23____	86785	1	2	1	1	0	0	0	0	0	0	0
C	Marios	16	82	1	1	23____	86792	2	0	0	0	0	0	0	1	0	0	0
C	Marios	16	82	1	1	23____	86844	2	0	0	1	0	0	0	0	0	0	0
C	Marios	16	82	1	1	23____	86863	2	0	0	0	0	0	0	1	0	0	0
C	Marios	16	82	1	1	23____	86883	2	0	0	1	0	0	0	0	0	0	0
C	Marios	16	82	1	1	23____	86887	2	0	0	0	0	0	0	1	0	0	0
C	Marios	16	82	1	1	23____	87035	2	1	0	0	0	0	0	0	0	0	0
C	Marios	16	82	1	1	23____	89861	1	2	1	1	0	0	0	0	0	0	0
C	Marios	16	82	1	1	23____	89947	2	0	0	0	0	0	0	1	0	0	0
C	Marios	16	82	1	1	23____	89971	2	0	0	1	0	0	0	0	0	0	0
C	Marios	16	82	1	1	23____	90000	2	4	0	0	0	0	0	0	0	0	0
C	Marios	16	82	1	1	23____	90001	4	0	0	0	0	0	0	1	0	0	0
C	Marios	16	82	1	1	23____	90250	4	-1	0	0	0	0	0	0	0	0	0
