Project	UserID	Protocol	Session	Station	Run	Subject	Time	Current State	Transition State	Transition Event	A1 - LLR	A2 - RLR	A3 - MAG	A4 - 	A[1] LLR_OFF	A[2] RLR_OFF	A[3] MAG_OFF	A[4] 
C	Marios	21	150	12	1	6_____	0	0	1	0	0	0	0	0	0	0	0	0
C	Marios	21	150	12	1	6_____	1200	1	0	0	0	0	1	0	0	0	0	0
C	Marios	21	150	12	1	6_____	1229	1	0	0	0	0	0	0	0	0	1	0
C	Marios	21	150	12	1	6_____	3606	1	0	0	0	0	1	0	0	0	0	0
C	Marios	21	150	12	1	6_____	3608	1	0	0	0	0	0	0	0	0	1	0
C	Marios	21	150	12	1	6_____	3609	1	0	0	0	0	1	0	0	0	0	0
C	Marios	21	150	12	1	6_____	3611	1	0	0	0	0	0	0	0	0	1	0
C	Marios	21	150	12	1	6_____	4500	1	2	0	0	0	0	0	0	0	0	0
C	Marios	21	150	12	1	6_____	5000	2	16	0	0	0	0	0	0	0	0	0
C	Marios	21	150	12	1	6_____	5500	16	15	0	0	0	0	0	0	0	0	0
C	Marios	21	150	12	1	6_____	6000	15	1	0	0	0	0	0	0	0	0	0
C	Marios	21	150	12	1	6_____	9891	1	0	0	0	0	1	0	0	0	0	0
C	Marios	21	150	12	1	6_____	9898	1	0	0	0	0	0	0	0	0	1	0
C	Marios	21	150	12	1	6_____	9902	1	0	0	0	0	1	0	0	0	0	0
C	Marios	21	150	12	1	6_____	9918	1	0	0	0	0	0	0	0	0	1	0
C	Marios	21	150	12	1	6_____	11500	1	2	0	0	0	0	0	0	0	0	0
C	Marios	21	150	12	1	6_____	11644	2	0	0	0	0	1	0	0	0	0	0
C	Marios	21	150	12	1	6_____	11648	2	0	0	0	0	0	0	0	0	1	0
C	Marios	21	150	12	1	6_____	12000	2	6	0	0	0	0	0	0	0	0	0
C	Marios	21	150	12	1	6_____	12224	6	0	0	0	0	1	0	0	0	0	0
C	Marios	21	150	12	1	6_____	12244	6	0	0	0	0	0	0	0	0	1	0
C	Marios	21	150	12	1	6_____	12464	6	0	0	0	0	1	0	0	0	0	0
C	Marios	21	150	12	1	6_____	12494	6	0	0	0	0	0	0	0	0	1	0
C	Marios	21	150	12	1	6_____	12500	6	10	0	0	0	0	0	0	0	0	0
C	Marios	21	150	12	1	6_____	12526	10	0	0	0	0	1	0	0	0	0	0
C	Marios	21	150	12	1	6_____	12645	10	0	0	0	0	0	0	0	0	1	0
C	Marios	21	150	12	1	6_____	13000	10	1	0	0	0	0	0	0	0	0	0
C	Marios	21	150	12	1	6_____	14477	1	0	0	0	0	1	0	0	0	0	0
C	Marios	21	150	12	1	6_____	14480	1	0	0	0	0	0	0	0	0	1	0
C	Marios	21	150	12	1	6_____	14482	1	0	0	0	0	1	0	0	0	0	0
C	Marios	21	150	12	1	6_____	14530	1	0	0	0	0	0	0	0	0	1	0
C	Marios	21	150	12	1	6_____	16963	1	0	0	0	0	1	0	0	0	0	0
C	Marios	21	150	12	1	6_____	16966	1	0	0	0	0	0	0	0	0	1	0
C	Marios	21	150	12	1	6_____	17003	1	0	0	0	0	1	0	0	0	0	0
C	Marios	21	150	12	1	6_____	17057	1	0	0	0	0	0	0	0	0	1	0
C	Marios	21	150	12	1	6_____	18640	1	0	0	0	0	1	0	0	0	0	0
C	Marios	21	150	12	1	6_____	18652	1	0	0	0	0	0	0	0	0	1	0
C	Marios	21	150	12	1	6_____	18716	1	0	0	0	0	1	0	0	0	0	0
C	Marios	21	150	12	1	6_____	18727	1	0	0	0	0	0	0	0	0	1	0
C	Marios	21	150	12	1	6_____	19750	1	2	0	0	0	0	0	0	0	0	0
C	Marios	21	150	12	1	6_____	20250	2	17	0	0	0	0	0	0	0	0	0
C	Marios	21	150	12	1	6_____	20750	17	15	0	0	0	0	0	0	0	0	0
C	Marios	21	150	12	1	6_____	21250	15	1	0	0	0	0	0	0	0	0	0
C	Marios	21	150	12	1	6_____	21257	1	0	0	0	0	1	0	0	0	0	0
C	Marios	21	150	12	1	6_____	21266	1	0	0	0	0	0	0	0	0	1	0
C	Marios	21	150	12	1	6_____	21288	1	0	0	0	0	1	0	0	0	0	0
C	Marios	21	150	12	1	6_____	21344	1	0	0	0	0	0	0	0	0	1	0
C	Marios	21	150	12	1	6_____	25000	1	2	0	0	0	0	0	0	0	0	0
C	Marios	21	150	12	1	6_____	25500	2	16	0	0	0	0	0	0	0	0	0
C	Marios	21	150	12	1	6_____	26000	16	15	0	0	0	0	0	0	0	0	0
C	Marios	21	150	12	1	6_____	26065	15	0	0	0	0	1	0	0	0	0	0
C	Marios	21	150	12	1	6_____	26079	15	0	0	0	0	0	0	0	0	1	0
C	Marios	21	150	12	1	6_____	26500	15	1	0	0	0	0	0	0	0	0	0
C	Marios	21	150	12	1	6_____	26842	1	0	0	0	0	1	0	0	0	0	0
C	Marios	21	150	12	1	6_____	26845	1	0	0	0	0	0	0	0	0	1	0
C	Marios	21	150	12	1	6_____	26847	1	0	0	0	0	1	0	0	0	0	0
C	Marios	21	150	12	1	6_____	26883	1	0	0	0	0	0	0	0	0	1	0
C	Marios	21	150	12	1	6_____	28312	1	0	0	0	0	1	0	0	0	0	0
C	Marios	21	150	12	1	6_____	28355	1	0	0	0	0	0	0	0	0	1	0
C	Marios	21	150	12	1	6_____	28583	1	0	0	0	0	1	0	0	0	0	0
C	Marios	21	150	12	1	6_____	28585	1	0	0	0	0	0	0	0	0	1	0
C	Marios	21	150	12	1	6_____	28683	1	0	0	0	0	1	0	0	0	0	0
C	Marios	21	150	12	1	6_____	28693	1	0	0	0	0	0	0	0	0	1	0
C	Marios	21	150	12	1	6_____	30215	1	0	0	0	0	1	0	0	0	0	0
C	Marios	21	150	12	1	6_____	30231	1	0	0	0	0	0	0	0	0	1	0
C	Marios	21	150	12	1	6_____	30584	1	0	0	0	0	1	0	0	0	0	0
C	Marios	21	150	12	1	6_____	30639	1	0	0	0	0	0	0	0	0	1	0
C	Marios	21	150	12	1	6_____	31354	1	0	0	0	0	1	0	0	0	0	0
C	Marios	21	150	12	1	6_____	31363	1	0	0	0	0	0	0	0	0	1	0
C	Marios	21	150	12	1	6_____	31364	1	0	0	0	0	1	0	0	0	0	0
C	Marios	21	150	12	1	6_____	31380	1	0	0	0	0	0	0	0	0	1	0
C	Marios	21	150	12	1	6_____	31387	1	0	0	0	0	1	0	0	0	0	0
C	Marios	21	150	12	1	6_____	31449	1	0	0	0	0	0	0	0	0	1	0
C	Marios	21	150	12	1	6_____	32500	1	2	0	0	0	0	0	0	0	0	0
C	Marios	21	150	12	1	6_____	32950	2	0	0	0	0	1	0	0	0	0	0
C	Marios	21	150	12	1	6_____	33000	2	17	0	0	0	0	0	0	0	0	0
C	Marios	21	150	12	1	6_____	33007	17	0	0	0	0	0	0	0	0	1	0
C	Marios	21	150	12	1	6_____	33500	17	15	0	0	0	0	0	0	0	0	0
C	Marios	21	150	12	1	6_____	34000	15	1	0	0	0	0	0	0	0	0	0
C	Marios	21	150	12	1	6_____	36551	1	0	0	0	0	1	0	0	0	0	0
C	Marios	21	150	12	1	6_____	36592	1	0	0	0	0	0	0	0	0	1	0
C	Marios	21	150	12	1	6_____	36702	1	0	0	0	0	1	0	0	0	0	0
C	Marios	21	150	12	1	6_____	36726	1	0	0	0	0	0	0	0	0	1	0
C	Marios	21	150	12	1	6_____	38306	1	0	0	0	0	1	0	0	0	0	0
C	Marios	21	150	12	1	6_____	38329	1	0	0	0	0	0	0	0	0	1	0
C	Marios	21	150	12	1	6_____	39043	1	0	0	0	0	1	0	0	0	0	0
C	Marios	21	150	12	1	6_____	39046	1	0	0	0	0	0	0	0	0	1	0
C	Marios	21	150	12	1	6_____	39058	1	0	0	0	0	1	0	0	0	0	0
C	Marios	21	150	12	1	6_____	39166	1	0	0	0	0	0	0	0	0	1	0
C	Marios	21	150	12	1	6_____	39250	1	2	0	0	0	0	0	0	0	0	0
C	Marios	21	150	12	1	6_____	39750	2	7	0	0	0	0	0	0	0	0	0
C	Marios	21	150	12	1	6_____	39824	7	0	0	0	0	1	0	0	0	0	0
C	Marios	21	150	12	1	6_____	39826	7	0	0	0	0	0	0	0	0	1	0
C	Marios	21	150	12	1	6_____	39861	7	0	0	0	0	1	0	0	0	0	0
C	Marios	21	150	12	1	6_____	39869	7	0	0	0	0	0	0	0	0	1	0
C	Marios	21	150	12	1	6_____	39989	7	0	0	0	0	1	0	0	0	0	0
C	Marios	21	150	12	1	6_____	40015	7	0	0	0	0	0	0	0	0	1	0
C	Marios	21	150	12	1	6_____	40067	7	0	0	0	0	1	0	0	0	0	0
C	Marios	21	150	12	1	6_____	40085	7	0	0	0	0	0	0	0	0	1	0
C	Marios	21	150	12	1	6_____	40127	7	0	0	0	0	1	0	0	0	0	0
C	Marios	21	150	12	1	6_____	40136	7	0	0	0	0	0	0	0	0	1	0
C	Marios	21	150	12	1	6_____	40179	7	0	0	0	0	1	0	0	0	0	0
C	Marios	21	150	12	1	6_____	40195	7	0	0	0	0	0	0	0	0	1	0
C	Marios	21	150	12	1	6_____	40199	7	0	0	0	0	1	0	0	0	0	0
C	Marios	21	150	12	1	6_____	40250	7	11	0	0	0	0	0	0	0	0	0
C	Marios	21	150	12	1	6_____	40608	11	0	0	0	0	0	0	0	0	1	0
C	Marios	21	150	12	1	6_____	40611	11	0	0	0	0	1	0	0	0	0	0
C	Marios	21	150	12	1	6_____	40700	11	0	0	0	0	0	0	0	0	1	0
C	Marios	21	150	12	1	6_____	40750	11	1	0	0	0	0	0	0	0	0	0
C	Marios	21	150	12	1	6_____	41482	1	0	0	0	0	1	0	0	0	0	0
C	Marios	21	150	12	1	6_____	41604	1	0	0	0	0	0	0	0	0	1	0
C	Marios	21	150	12	1	6_____	41662	1	0	0	0	0	1	0	0	0	0	0
C	Marios	21	150	12	1	6_____	41688	1	0	0	0	0	0	0	0	0	1	0
C	Marios	21	150	12	1	6_____	41890	1	0	0	0	0	1	0	0	0	0	0
C	Marios	21	150	12	1	6_____	41896	1	0	0	0	0	0	0	0	0	1	0
C	Marios	21	150	12	1	6_____	43702	1	0	0	0	0	1	0	0	0	0	0
C	Marios	21	150	12	1	6_____	43712	1	0	0	0	0	0	0	0	0	1	0
C	Marios	21	150	12	1	6_____	43718	1	0	0	0	0	1	0	0	0	0	0
C	Marios	21	150	12	1	6_____	43798	1	0	0	0	0	0	0	0	0	1	0
C	Marios	21	150	12	1	6_____	44250	1	2	0	0	0	0	0	0	0	0	0
C	Marios	21	150	12	1	6_____	44297	2	0	0	0	0	1	0	0	0	0	0
C	Marios	21	150	12	1	6_____	44299	2	0	0	0	0	0	0	0	0	1	0
C	Marios	21	150	12	1	6_____	44304	2	0	0	0	0	1	0	0	0	0	0
C	Marios	21	150	12	1	6_____	44306	2	0	0	0	0	0	0	0	0	1	0
C	Marios	21	150	12	1	6_____	44309	2	0	0	0	0	1	0	0	0	0	0
C	Marios	21	150	12	1	6_____	44311	2	0	0	0	0	0	0	0	0	1	0
C	Marios	21	150	12	1	6_____	44750	2	6	0	0	0	0	0	0	0	0	0
C	Marios	21	150	12	1	6_____	44900	6	0	0	0	0	1	0	0	0	0	0
C	Marios	21	150	12	1	6_____	44911	6	0	0	0	0	0	0	0	0	1	0
C	Marios	21	150	12	1	6_____	45054	6	0	0	0	0	1	0	0	0	0	0
C	Marios	21	150	12	1	6_____	45101	6	0	0	0	0	0	0	0	0	1	0
C	Marios	21	150	12	1	6_____	45114	6	0	0	0	0	1	0	0	0	0	0
C	Marios	21	150	12	1	6_____	45159	6	0	0	0	0	0	0	0	0	1	0
C	Marios	21	150	12	1	6_____	45165	6	0	0	0	0	1	0	0	0	0	0
C	Marios	21	150	12	1	6_____	45218	6	0	0	0	0	0	0	0	0	1	0
C	Marios	21	150	12	1	6_____	45250	6	10	0	0	0	0	0	0	0	0	0
C	Marios	21	150	12	1	6_____	45256	10	0	0	0	0	1	0	0	0	0	0
C	Marios	21	150	12	1	6_____	45432	10	0	0	0	0	0	0	0	0	1	0
C	Marios	21	150	12	1	6_____	45750	10	1	0	0	0	0	0	0	0	0	0
C	Marios	21	150	12	1	6_____	45839	1	0	0	0	0	1	0	0	0	0	0
C	Marios	21	150	12	1	6_____	45895	1	0	0	0	0	0	0	0	0	1	0
C	Marios	21	150	12	1	6_____	45915	1	0	0	0	0	1	0	0	0	0	0
C	Marios	21	150	12	1	6_____	45917	1	0	0	0	0	0	0	0	0	1	0
C	Marios	21	150	12	1	6_____	46090	1	0	0	0	0	1	0	0	0	0	0
C	Marios	21	150	12	1	6_____	46096	1	0	0	0	0	0	0	0	0	1	0
C	Marios	21	150	12	1	6_____	46969	1	0	0	0	0	1	0	0	0	0	0
C	Marios	21	150	12	1	6_____	46976	1	0	0	0	0	0	0	0	0	1	0
C	Marios	21	150	12	1	6_____	46999	1	0	0	0	0	1	0	0	0	0	0
C	Marios	21	150	12	1	6_____	47023	1	0	0	0	0	0	0	0	0	1	0
C	Marios	21	150	12	1	6_____	47025	1	0	0	0	0	1	0	0	0	0	0
C	Marios	21	150	12	1	6_____	47115	1	0	0	0	0	0	0	0	0	1	0
C	Marios	21	150	12	1	6_____	47345	1	0	0	0	0	1	0	0	0	0	0
C	Marios	21	150	12	1	6_____	47348	1	0	0	0	0	0	0	0	0	1	0
C	Marios	21	150	12	1	6_____	47671	1	0	0	0	0	1	0	0	0	0	0
C	Marios	21	150	12	1	6_____	47680	1	0	0	0	0	0	0	0	0	1	0
C	Marios	21	150	12	1	6_____	48750	1	2	0	0	0	0	0	0	0	0	0
C	Marios	21	150	12	1	6_____	49250	2	17	0	0	0	0	0	0	0	0	0
C	Marios	21	150	12	1	6_____	49750	17	15	0	0	0	0	0	0	0	0	0
C	Marios	21	150	12	1	6_____	49893	15	0	0	0	0	1	0	0	0	0	0
C	Marios	21	150	12	1	6_____	50079	15	0	0	0	0	0	0	0	0	1	0
C	Marios	21	150	12	1	6_____	50203	15	0	0	0	0	1	0	0	0	0	0
C	Marios	21	150	12	1	6_____	50207	15	0	0	0	0	0	0	0	0	1	0
C	Marios	21	150	12	1	6_____	50214	15	0	0	0	0	1	0	0	0	0	0
C	Marios	21	150	12	1	6_____	50216	15	0	0	0	0	0	0	0	0	1	0
C	Marios	21	150	12	1	6_____	50250	15	1	0	0	0	0	0	0	0	0	0
C	Marios	21	150	12	1	6_____	50360	1	0	0	0	0	1	0	0	0	0	0
C	Marios	21	150	12	1	6_____	50373	1	0	0	0	0	0	0	0	0	1	0
C	Marios	21	150	12	1	6_____	50481	1	0	0	0	0	1	0	0	0	0	0
C	Marios	21	150	12	1	6_____	50484	1	0	0	0	0	0	0	0	0	1	0
C	Marios	21	150	12	1	6_____	51251	1	0	0	0	0	1	0	0	0	0	0
C	Marios	21	150	12	1	6_____	51294	1	0	0	0	0	1	0	0	0	1	0
C	Marios	21	150	12	1	6_____	51421	1	0	0	0	0	0	0	0	0	1	0
C	Marios	21	150	12	1	6_____	53271	1	0	0	0	0	1	0	0	0	0	0
C	Marios	21	150	12	1	6_____	53286	1	0	0	0	0	0	0	0	0	1	0
C	Marios	21	150	12	1	6_____	53474	1	0	0	0	0	1	0	0	0	0	0
C	Marios	21	150	12	1	6_____	53580	1	0	0	0	0	0	0	0	0	1	0
C	Marios	21	150	12	1	6_____	54750	1	2	0	0	0	0	0	0	0	0	0
C	Marios	21	150	12	1	6_____	55250	2	7	0	0	0	0	0	0	0	0	0
C	Marios	21	150	12	1	6_____	55293	7	0	0	0	0	1	0	0	0	0	0
C	Marios	21	150	12	1	6_____	55372	7	0	0	0	0	0	0	0	0	1	0
C	Marios	21	150	12	1	6_____	55393	7	0	0	0	0	1	0	0	0	0	0
C	Marios	21	150	12	1	6_____	55571	7	0	0	0	0	0	0	0	0	1	0
C	Marios	21	150	12	1	6_____	55578	7	0	0	0	0	1	0	0	0	0	0
C	Marios	21	150	12	1	6_____	55580	7	0	0	0	0	0	0	0	0	1	0
C	Marios	21	150	12	1	6_____	55591	7	0	0	0	0	1	0	0	0	0	0
C	Marios	21	150	12	1	6_____	55632	7	0	0	0	0	0	0	0	0	1	0
C	Marios	21	150	12	1	6_____	55633	7	0	0	0	0	1	0	0	0	0	0
C	Marios	21	150	12	1	6_____	55635	7	0	0	0	0	0	0	0	0	1	0
C	Marios	21	150	12	1	6_____	55639	7	0	0	0	0	1	0	0	0	0	0
C	Marios	21	150	12	1	6_____	55678	7	0	0	0	0	0	0	0	0	1	0
C	Marios	21	150	12	1	6_____	55686	7	0	0	0	0	1	0	0	0	0	0
C	Marios	21	150	12	1	6_____	55709	7	0	0	0	0	0	0	0	0	1	0
C	Marios	21	150	12	1	6_____	55750	7	11	0	0	0	0	0	0	0	0	0
C	Marios	21	150	12	1	6_____	55763	11	0	0	0	0	1	0	0	0	0	0
C	Marios	21	150	12	1	6_____	55982	11	0	0	0	0	0	0	0	0	1	0
C	Marios	21	150	12	1	6_____	56249	11	0	0	0	0	1	0	0	0	0	0
C	Marios	21	150	12	1	6_____	56250	11	1	0	0	0	0	0	0	0	0	0
C	Marios	21	150	12	1	6_____	56302	1	0	0	0	0	0	0	0	0	1	0
C	Marios	21	150	12	1	6_____	56801	1	0	0	0	0	1	0	0	0	0	0
C	Marios	21	150	12	1	6_____	56876	1	0	0	0	0	0	0	0	0	1	0
C	Marios	21	150	12	1	6_____	56903	1	0	0	0	0	1	0	0	0	0	0
C	Marios	21	150	12	1	6_____	56907	1	0	0	0	0	0	0	0	0	1	0
C	Marios	21	150	12	1	6_____	56909	1	0	0	0	0	1	0	0	0	0	0
C	Marios	21	150	12	1	6_____	56943	1	0	0	0	0	0	0	0	0	1	0
C	Marios	21	150	12	1	6_____	57168	1	0	0	0	0	1	0	0	0	0	0
C	Marios	21	150	12	1	6_____	57179	1	0	0	0	0	0	0	0	0	1	0
C	Marios	21	150	12	1	6_____	58307	1	0	0	0	0	1	0	0	0	0	0
C	Marios	21	150	12	1	6_____	58455	1	0	0	0	0	0	0	0	0	1	0
C	Marios	21	150	12	1	6_____	59065	1	0	0	0	0	1	0	0	0	0	0
C	Marios	21	150	12	1	6_____	59080	1	0	0	0	0	0	0	0	0	1	0
C	Marios	21	150	12	1	6_____	59945	1	0	0	0	0	1	0	0	0	0	0
C	Marios	21	150	12	1	6_____	59953	1	0	0	0	0	0	0	0	0	1	0
C	Marios	21	150	12	1	6_____	59974	1	0	0	0	0	1	0	0	0	0	0
C	Marios	21	150	12	1	6_____	60042	1	0	0	0	0	0	0	0	0	1	0
C	Marios	21	150	12	1	6_____	61119	1	0	0	0	0	1	0	0	0	0	0
C	Marios	21	150	12	1	6_____	61193	1	0	0	0	0	0	0	0	0	1	0
C	Marios	21	150	12	1	6_____	61725	1	0	0	0	0	1	0	0	0	0	0
C	Marios	21	150	12	1	6_____	61820	1	0	0	0	0	0	0	0	0	1	0
C	Marios	21	150	12	1	6_____	61847	1	0	0	0	0	1	0	0	0	0	0
C	Marios	21	150	12	1	6_____	61939	1	0	0	0	0	0	0	0	0	1	0
C	Marios	21	150	12	1	6_____	61947	1	0	0	0	0	1	0	0	0	0	0
C	Marios	21	150	12	1	6_____	61950	1	0	0	0	0	0	0	0	0	1	0
C	Marios	21	150	12	1	6_____	61983	1	0	0	0	0	1	0	0	0	0	0
C	Marios	21	150	12	1	6_____	61997	1	0	0	0	0	0	0	0	0	1	0
C	Marios	21	150	12	1	6_____	62004	1	0	0	0	0	1	0	0	0	0	0
C	Marios	21	150	12	1	6_____	62034	1	0	0	0	0	0	0	0	0	1	0
C	Marios	21	150	12	1	6_____	62038	1	0	0	0	0	1	0	0	0	0	0
C	Marios	21	150	12	1	6_____	62054	1	0	0	0	0	0	0	0	0	1	0
C	Marios	21	150	12	1	6_____	62060	1	0	0	0	0	1	0	0	0	0	0
C	Marios	21	150	12	1	6_____	62086	1	0	0	0	0	0	0	0	0	1	0
C	Marios	21	150	12	1	6_____	62149	1	0	0	0	0	1	0	0	0	0	0
C	Marios	21	150	12	1	6_____	62253	1	0	0	0	0	0	0	0	0	1	0
C	Marios	21	150	12	1	6_____	63138	1	0	0	0	0	1	0	0	0	0	0
C	Marios	21	150	12	1	6_____	63174	1	0	0	0	0	0	0	0	0	1	0
C	Marios	21	150	12	1	6_____	63750	1	2	0	0	0	0	0	0	0	0	0
C	Marios	21	150	12	1	6_____	64250	2	16	0	0	0	0	0	0	0	0	0
C	Marios	21	150	12	1	6_____	64750	16	15	0	0	0	0	0	0	0	0	0
C	Marios	21	150	12	1	6_____	64903	15	0	0	0	0	1	0	0	0	0	0
C	Marios	21	150	12	1	6_____	64978	15	0	0	0	0	0	0	0	0	1	0
C	Marios	21	150	12	1	6_____	65250	15	1	0	0	0	0	0	0	0	0	0
C	Marios	21	150	12	1	6_____	65265	1	0	0	0	0	1	0	0	0	0	0
C	Marios	21	150	12	1	6_____	65325	1	0	0	0	0	0	0	0	0	1	0
C	Marios	21	150	12	1	6_____	65591	1	0	0	0	0	1	0	0	0	0	0
C	Marios	21	150	12	1	6_____	65662	1	0	0	0	0	0	0	0	0	1	0
C	Marios	21	150	12	1	6_____	65677	1	0	0	0	0	1	0	0	0	0	0
C	Marios	21	150	12	1	6_____	65757	1	0	0	0	0	0	0	0	0	1	0
C	Marios	21	150	12	1	6_____	65830	1	0	0	0	0	1	0	0	0	0	0
C	Marios	21	150	12	1	6_____	65987	1	0	0	0	0	0	0	0	0	1	0
C	Marios	21	150	12	1	6_____	66133	1	0	0	0	0	1	0	0	0	0	0
C	Marios	21	150	12	1	6_____	66191	1	0	0	0	0	0	0	0	0	1	0
C	Marios	21	150	12	1	6_____	66288	1	0	0	0	0	1	0	0	0	0	0
C	Marios	21	150	12	1	6_____	66315	1	0	0	0	0	0	0	0	0	1	0
C	Marios	21	150	12	1	6_____	66624	1	0	0	0	0	1	0	0	0	0	0
C	Marios	21	150	12	1	6_____	66629	1	0	0	0	0	0	0	0	0	1	0
C	Marios	21	150	12	1	6_____	67500	1	2	0	0	0	0	0	0	0	0	0
C	Marios	21	150	12	1	6_____	67550	2	0	0	0	0	1	0	0	0	0	0
C	Marios	21	150	12	1	6_____	67621	2	0	0	0	0	0	0	0	0	1	0
C	Marios	21	150	12	1	6_____	67655	2	0	0	0	0	1	0	0	0	0	0
C	Marios	21	150	12	1	6_____	67658	2	0	0	0	0	0	0	0	0	1	0
C	Marios	21	150	12	1	6_____	67675	2	0	0	0	0	1	0	0	0	0	0
C	Marios	21	150	12	1	6_____	67677	2	0	0	0	0	0	0	0	0	1	0
C	Marios	21	150	12	1	6_____	67955	2	0	0	0	0	1	0	0	0	0	0
C	Marios	21	150	12	1	6_____	67977	2	0	0	0	0	0	0	0	0	1	0
C	Marios	21	150	12	1	6_____	68000	2	16	0	0	0	0	0	0	0	0	0
C	Marios	21	150	12	1	6_____	68059	16	0	0	0	0	1	0	0	0	0	0
C	Marios	21	150	12	1	6_____	68082	16	0	0	0	0	0	0	0	0	1	0
C	Marios	21	150	12	1	6_____	68278	16	0	0	0	0	1	0	0	0	0	0
C	Marios	21	150	12	1	6_____	68357	16	0	0	0	0	0	0	0	0	1	0
C	Marios	21	150	12	1	6_____	68421	16	0	0	0	0	1	0	0	0	0	0
C	Marios	21	150	12	1	6_____	68448	16	0	0	0	0	0	0	0	0	1	0
C	Marios	21	150	12	1	6_____	68454	16	0	0	0	0	1	0	0	0	0	0
C	Marios	21	150	12	1	6_____	68500	16	15	0	0	0	0	0	0	0	0	0
C	Marios	21	150	12	1	6_____	68502	15	0	0	0	0	0	0	0	0	1	0
C	Marios	21	150	12	1	6_____	68521	15	0	0	0	0	1	0	0	0	0	0
C	Marios	21	150	12	1	6_____	68613	15	0	0	0	0	0	0	0	0	1	0
C	Marios	21	150	12	1	6_____	68619	15	0	0	0	0	1	0	0	0	0	0
C	Marios	21	150	12	1	6_____	68654	15	0	0	0	0	0	0	0	0	1	0
C	Marios	21	150	12	1	6_____	68681	15	0	0	0	0	1	0	0	0	0	0
C	Marios	21	150	12	1	6_____	68699	15	0	0	0	0	0	0	0	0	1	0
C	Marios	21	150	12	1	6_____	68766	15	0	0	0	0	1	0	0	0	0	0
C	Marios	21	150	12	1	6_____	68874	15	0	0	0	0	0	0	0	0	1	0
C	Marios	21	150	12	1	6_____	69000	15	1	0	0	0	0	0	0	0	0	0
C	Marios	21	150	12	1	6_____	70500	1	2	0	0	0	0	0	0	0	0	0
C	Marios	21	150	12	1	6_____	70799	2	0	0	0	0	1	0	0	0	0	0
C	Marios	21	150	12	1	6_____	70821	2	0	0	0	0	0	0	0	0	1	0
C	Marios	21	150	12	1	6_____	71000	2	17	0	0	0	0	0	0	0	0	0
C	Marios	21	150	12	1	6_____	71475	17	0	0	0	0	1	0	0	0	0	0
C	Marios	21	150	12	1	6_____	71500	17	15	0	0	0	0	0	0	0	0	0
C	Marios	21	150	12	1	6_____	71566	15	0	0	0	0	0	0	0	0	1	0
C	Marios	21	150	12	1	6_____	72000	15	1	0	0	0	0	0	0	0	0	0
C	Marios	21	150	12	1	6_____	72261	1	0	0	0	0	1	0	0	0	0	0
C	Marios	21	150	12	1	6_____	72272	1	0	0	0	0	0	0	0	0	1	0
C	Marios	21	150	12	1	6_____	73883	1	0	0	0	0	1	0	0	0	0	0
C	Marios	21	150	12	1	6_____	73891	1	0	0	0	0	0	0	0	0	1	0
C	Marios	21	150	12	1	6_____	74250	1	2	0	0	0	0	0	0	0	0	0
C	Marios	21	150	12	1	6_____	74313	2	0	0	0	0	1	0	0	0	0	0
C	Marios	21	150	12	1	6_____	74317	2	0	0	0	0	0	0	0	0	1	0
C	Marios	21	150	12	1	6_____	74750	2	17	0	0	0	0	0	0	0	0	0
C	Marios	21	150	12	1	6_____	75250	17	15	0	0	0	0	0	0	0	0	0
C	Marios	21	150	12	1	6_____	75750	15	1	0	0	0	0	0	0	0	0	0
C	Marios	21	150	12	1	6_____	77315	1	0	0	0	0	1	0	0	0	0	0
C	Marios	21	150	12	1	6_____	77385	1	0	0	0	0	0	0	0	0	1	0
C	Marios	21	150	12	1	6_____	77599	1	0	0	0	0	1	0	0	0	0	0
C	Marios	21	150	12	1	6_____	77609	1	0	0	0	0	0	0	0	0	1	0
C	Marios	21	150	12	1	6_____	79500	1	2	0	0	0	0	0	0	0	0	0
C	Marios	21	150	12	1	6_____	80000	2	16	0	0	0	0	0	0	0	0	0
C	Marios	21	150	12	1	6_____	80077	16	0	0	0	0	1	0	0	0	0	0
C	Marios	21	150	12	1	6_____	80101	16	0	0	0	0	0	0	0	0	1	0
C	Marios	21	150	12	1	6_____	80104	16	0	0	0	0	1	0	0	0	0	0
C	Marios	21	150	12	1	6_____	80106	16	0	0	0	0	0	0	0	0	1	0
C	Marios	21	150	12	1	6_____	80108	16	0	0	0	0	1	0	0	0	0	0
C	Marios	21	150	12	1	6_____	80110	16	0	0	0	0	0	0	0	0	1	0
C	Marios	21	150	12	1	6_____	80236	16	0	0	0	0	1	0	0	0	0	0
C	Marios	21	150	12	1	6_____	80285	16	0	0	0	0	0	0	0	0	1	0
C	Marios	21	150	12	1	6_____	80331	16	0	0	0	0	1	0	0	0	0	0
C	Marios	21	150	12	1	6_____	80392	16	0	0	0	0	0	0	0	0	1	0
C	Marios	21	150	12	1	6_____	80424	16	0	0	0	0	1	0	0	0	0	0
C	Marios	21	150	12	1	6_____	80449	16	0	0	0	0	0	0	0	0	1	0
C	Marios	21	150	12	1	6_____	80468	16	0	0	0	0	1	0	0	0	0	0
C	Marios	21	150	12	1	6_____	80470	16	0	0	0	0	0	0	0	0	1	0
C	Marios	21	150	12	1	6_____	80500	16	15	0	0	0	0	0	0	0	0	0
C	Marios	21	150	12	1	6_____	80588	15	0	0	0	0	1	0	0	0	0	0
C	Marios	21	150	12	1	6_____	80659	15	0	0	0	0	0	0	0	0	1	0
C	Marios	21	150	12	1	6_____	80749	15	0	0	0	0	1	0	0	0	0	0
C	Marios	21	150	12	1	6_____	80796	15	0	0	0	0	0	0	0	0	1	0
C	Marios	21	150	12	1	6_____	81000	15	1	0	0	0	0	0	0	0	0	0
C	Marios	21	150	12	1	6_____	81426	1	0	0	0	0	1	0	0	0	0	0
C	Marios	21	150	12	1	6_____	81456	1	0	0	0	0	0	0	0	0	1	0
C	Marios	21	150	12	1	6_____	81496	1	0	0	0	0	1	0	0	0	0	0
C	Marios	21	150	12	1	6_____	81581	1	0	0	0	0	0	0	0	0	1	0
C	Marios	21	150	12	1	6_____	84485	1	0	0	0	0	1	0	0	0	0	0
C	Marios	21	150	12	1	6_____	84490	1	0	0	0	0	0	0	0	0	1	0
C	Marios	21	150	12	1	6_____	84594	1	0	0	0	0	1	0	0	0	0	0
C	Marios	21	150	12	1	6_____	84686	1	0	0	0	0	0	0	0	0	1	0
C	Marios	21	150	12	1	6_____	86434	1	0	0	0	0	1	0	0	0	0	0
C	Marios	21	150	12	1	6_____	86478	1	0	0	0	0	0	0	0	0	1	0
C	Marios	21	150	12	1	6_____	86498	1	0	0	0	0	1	0	0	0	0	0
C	Marios	21	150	12	1	6_____	86502	1	0	0	0	0	0	0	0	0	1	0
C	Marios	21	150	12	1	6_____	86527	1	0	0	0	0	1	0	0	0	0	0
C	Marios	21	150	12	1	6_____	86538	1	0	0	0	0	0	0	0	0	1	0
C	Marios	21	150	12	1	6_____	86553	1	0	0	0	0	1	0	0	0	0	0
C	Marios	21	150	12	1	6_____	86555	1	0	0	0	0	0	0	0	0	1	0
C	Marios	21	150	12	1	6_____	86559	1	0	0	0	0	1	0	0	0	0	0
C	Marios	21	150	12	1	6_____	86563	1	0	0	0	0	0	0	0	0	1	0
C	Marios	21	150	12	1	6_____	86590	1	0	0	0	0	1	0	0	0	0	0
C	Marios	21	150	12	1	6_____	86599	1	0	0	0	0	0	0	0	0	1	0
C	Marios	21	150	12	1	6_____	86782	1	0	0	0	0	1	0	0	0	0	0
C	Marios	21	150	12	1	6_____	86871	1	0	0	0	0	0	0	0	0	1	0
C	Marios	21	150	12	1	6_____	87958	1	0	0	0	0	1	0	0	0	0	0
C	Marios	21	150	12	1	6_____	88026	1	0	0	0	0	0	0	0	0	1	0
C	Marios	21	150	12	1	6_____	88500	1	2	0	0	0	0	0	0	0	0	0
C	Marios	21	150	12	1	6_____	89000	2	7	0	0	0	0	0	0	0	0	0
C	Marios	21	150	12	1	6_____	89054	7	0	0	0	0	1	0	0	0	0	0
C	Marios	21	150	12	1	6_____	89132	7	0	0	0	0	0	0	0	0	1	0
C	Marios	21	150	12	1	6_____	89210	7	0	0	0	0	1	0	0	0	0	0
C	Marios	21	150	12	1	6_____	89286	7	0	0	0	0	0	0	0	0	1	0
C	Marios	21	150	12	1	6_____	89305	7	0	0	0	0	1	0	0	0	0	0
C	Marios	21	150	12	1	6_____	89335	7	0	0	0	0	0	0	0	0	1	0
C	Marios	21	150	12	1	6_____	89373	7	0	0	0	0	1	0	0	0	0	0
C	Marios	21	150	12	1	6_____	89446	7	0	0	0	0	0	0	0	0	1	0
C	Marios	21	150	12	1	6_____	89461	7	0	0	0	0	1	0	0	0	0	0
C	Marios	21	150	12	1	6_____	89486	7	0	0	0	0	0	0	0	0	1	0
C	Marios	21	150	12	1	6_____	89500	7	11	0	0	0	0	0	0	0	0	0
C	Marios	21	150	12	1	6_____	89532	11	0	0	0	0	1	0	0	0	0	0
C	Marios	21	150	12	1	6_____	89729	11	0	0	0	0	0	0	0	0	1	0
C	Marios	21	150	12	1	6_____	89920	11	0	0	0	0	1	0	0	0	0	0
C	Marios	21	150	12	1	6_____	89968	11	0	0	0	0	0	0	0	0	1	0
C	Marios	21	150	12	1	6_____	89980	11	0	0	0	0	1	0	0	0	0	0
C	Marios	21	150	12	1	6_____	90000	11	1	0	0	0	0	0	0	0	0	0
C	Marios	21	150	12	1	6_____	90017	1	0	0	0	0	0	0	0	0	1	0
C	Marios	21	150	12	1	6_____	90337	1	0	0	0	0	1	0	0	0	0	0
C	Marios	21	150	12	1	6_____	90449	1	0	0	0	0	0	0	0	0	1	0
C	Marios	21	150	12	1	6_____	91805	1	0	0	0	0	1	0	0	0	0	0
C	Marios	21	150	12	1	6_____	91902	1	0	0	0	0	0	0	0	0	1	0
C	Marios	21	150	12	1	6_____	93418	1	0	0	0	0	1	0	0	0	0	0
C	Marios	21	150	12	1	6_____	93426	1	0	0	0	0	0	0	0	0	1	0
C	Marios	21	150	12	1	6_____	93430	1	0	0	0	0	1	0	0	0	0	0
C	Marios	21	150	12	1	6_____	93432	1	0	0	0	0	0	0	0	0	1	0
C	Marios	21	150	12	1	6_____	93522	1	0	0	0	0	1	0	0	0	0	0
C	Marios	21	150	12	1	6_____	93645	1	0	0	0	0	0	0	0	0	1	0
C	Marios	21	150	12	1	6_____	95500	1	2	0	0	0	0	0	0	0	0	0
C	Marios	21	150	12	1	6_____	95607	2	0	0	0	0	1	0	0	0	0	0
C	Marios	21	150	12	1	6_____	95762	2	0	0	0	0	0	0	0	0	1	0
C	Marios	21	150	12	1	6_____	95891	2	0	0	0	0	1	0	0	0	0	0
C	Marios	21	150	12	1	6_____	95973	2	0	0	0	0	0	0	0	0	1	0
C	Marios	21	150	12	1	6_____	96000	2	17	0	0	0	0	0	0	0	0	0
C	Marios	21	150	12	1	6_____	96500	17	15	0	0	0	0	0	0	0	0	0
C	Marios	21	150	12	1	6_____	97000	15	1	0	0	0	0	0	0	0	0	0
C	Marios	21	150	12	1	6_____	97499	1	0	0	0	0	1	0	0	0	0	0
C	Marios	21	150	12	1	6_____	98219	1	0	0	0	0	0	0	0	0	1	0
C	Marios	21	150	12	1	6_____	98989	1	0	0	0	0	1	0	0	0	0	0
C	Marios	21	150	12	1	6_____	99031	1	0	0	0	0	0	0	0	0	1	0
C	Marios	21	150	12	1	6_____	99381	1	0	0	0	0	1	0	0	0	0	0
C	Marios	21	150	12	1	6_____	99437	1	0	0	0	0	0	0	0	0	1	0
C	Marios	21	150	12	1	6_____	99444	1	0	0	0	0	1	0	0	0	0	0
C	Marios	21	150	12	1	6_____	99467	1	0	0	0	0	0	0	0	0	1	0
C	Marios	21	150	12	1	6_____	99542	1	0	0	0	0	1	0	0	0	0	0
C	Marios	21	150	12	1	6_____	99560	1	0	0	0	0	0	0	0	0	1	0
C	Marios	21	150	12	1	6_____	99654	1	0	0	0	0	1	0	0	0	0	0
C	Marios	21	150	12	1	6_____	99710	1	0	0	0	0	0	0	0	0	1	0
C	Marios	21	150	12	1	6_____	99721	1	0	0	0	0	1	0	0	0	0	0
C	Marios	21	150	12	1	6_____	99741	1	0	0	0	0	0	0	0	0	1	0
C	Marios	21	150	12	1	6_____	100500	1	2	0	0	0	0	0	0	0	0	0
C	Marios	21	150	12	1	6_____	101000	2	16	0	0	0	0	0	0	0	0	0
C	Marios	21	150	12	1	6_____	101123	16	0	0	0	0	1	0	0	0	0	0
C	Marios	21	150	12	1	6_____	101196	16	0	0	0	0	0	0	0	0	1	0
C	Marios	21	150	12	1	6_____	101231	16	0	0	0	0	1	0	0	0	0	0
C	Marios	21	150	12	1	6_____	101298	16	0	0	0	0	0	0	0	0	1	0
C	Marios	21	150	12	1	6_____	101380	16	0	0	0	0	1	0	0	0	0	0
C	Marios	21	150	12	1	6_____	101461	16	0	0	0	0	0	0	0	0	1	0
C	Marios	21	150	12	1	6_____	101500	16	15	0	0	0	0	0	0	0	0	0
C	Marios	21	150	12	1	6_____	101592	15	0	0	0	0	1	0	0	0	0	0
C	Marios	21	150	12	1	6_____	101642	15	0	0	0	0	0	0	0	0	1	0
C	Marios	21	150	12	1	6_____	102000	15	1	0	0	0	0	0	0	0	0	0
C	Marios	21	150	12	1	6_____	103212	1	0	0	0	0	1	0	0	0	0	0
C	Marios	21	150	12	1	6_____	103367	1	0	0	0	0	0	0	0	0	1	0
C	Marios	21	150	12	1	6_____	103621	1	0	0	0	0	1	0	0	0	0	0
C	Marios	21	150	12	1	6_____	103707	1	0	0	0	0	0	0	0	0	1	0
C	Marios	21	150	12	1	6_____	104399	1	0	0	0	0	1	0	0	0	0	0
C	Marios	21	150	12	1	6_____	104406	1	0	0	0	0	0	0	0	0	1	0
C	Marios	21	150	12	1	6_____	104522	1	0	0	0	0	1	0	0	0	0	0
C	Marios	21	150	12	1	6_____	104534	1	0	0	0	0	0	0	0	0	1	0
C	Marios	21	150	12	1	6_____	104537	1	0	0	0	0	1	0	0	0	0	0
C	Marios	21	150	12	1	6_____	104591	1	0	0	0	0	0	0	0	0	1	0
C	Marios	21	150	12	1	6_____	105000	1	2	0	0	0	0	0	0	0	0	0
C	Marios	21	150	12	1	6_____	105500	2	6	0	0	0	0	0	0	0	0	0
C	Marios	21	150	12	1	6_____	105541	6	0	0	0	0	1	0	0	0	0	0
C	Marios	21	150	12	1	6_____	105565	6	0	0	0	0	0	0	0	0	1	0
C	Marios	21	150	12	1	6_____	105599	6	0	0	0	0	1	0	0	0	0	0
C	Marios	21	150	12	1	6_____	105647	6	0	0	0	0	0	0	0	0	1	0
C	Marios	21	150	12	1	6_____	105666	6	0	0	0	0	1	0	0	0	0	0
C	Marios	21	150	12	1	6_____	105714	6	0	0	0	0	0	0	0	0	1	0
C	Marios	21	150	12	1	6_____	105733	6	0	0	0	0	1	0	0	0	0	0
C	Marios	21	150	12	1	6_____	105809	6	0	0	0	0	0	0	0	0	1	0
C	Marios	21	150	12	1	6_____	105820	6	0	0	0	0	1	0	0	0	0	0
C	Marios	21	150	12	1	6_____	105842	6	0	0	0	0	0	0	0	0	1	0
C	Marios	21	150	12	1	6_____	105878	6	0	0	0	0	1	0	0	0	0	0
C	Marios	21	150	12	1	6_____	105896	6	0	0	0	0	0	0	0	0	1	0
C	Marios	21	150	12	1	6_____	105911	6	0	0	0	0	1	0	0	0	0	0
C	Marios	21	150	12	1	6_____	105913	6	0	0	0	0	0	0	0	0	1	0
C	Marios	21	150	12	1	6_____	105925	6	0	0	0	0	1	0	0	0	0	0
C	Marios	21	150	12	1	6_____	105964	6	0	0	0	0	0	0	0	0	1	0
C	Marios	21	150	12	1	6_____	105975	6	0	0	0	0	1	0	0	0	0	0
C	Marios	21	150	12	1	6_____	105981	6	0	0	0	0	0	0	0	0	1	0
C	Marios	21	150	12	1	6_____	105995	6	0	0	0	0	1	0	0	0	0	0
C	Marios	21	150	12	1	6_____	105997	6	0	0	0	0	0	0	0	0	1	0
C	Marios	21	150	12	1	6_____	106000	6	10	0	0	0	0	0	0	0	0	0
C	Marios	21	150	12	1	6_____	106048	10	0	0	0	0	1	0	0	0	0	0
C	Marios	21	150	12	1	6_____	106137	10	0	0	0	0	0	0	0	0	1	0
C	Marios	21	150	12	1	6_____	106364	10	0	0	0	0	1	0	0	0	0	0
C	Marios	21	150	12	1	6_____	106427	10	0	0	0	0	0	0	0	0	1	0
C	Marios	21	150	12	1	6_____	106500	10	1	0	0	0	0	0	0	0	0	0
C	Marios	21	150	12	1	6_____	106736	1	0	0	0	0	1	0	0	0	0	0
C	Marios	21	150	12	1	6_____	106740	1	0	0	0	0	0	0	0	0	1	0
C	Marios	21	150	12	1	6_____	107930	1	0	0	0	0	1	0	0	0	0	0
C	Marios	21	150	12	1	6_____	108055	1	0	0	0	0	0	0	0	0	1	0
C	Marios	21	150	12	1	6_____	110161	1	0	0	0	0	1	0	0	0	0	0
C	Marios	21	150	12	1	6_____	110165	1	0	0	0	0	0	0	0	0	1	0
C	Marios	21	150	12	1	6_____	110173	1	0	0	0	0	1	0	0	0	0	0
C	Marios	21	150	12	1	6_____	110801	1	0	0	0	0	0	0	0	0	1	0
C	Marios	21	150	12	1	6_____	113250	1	2	0	0	0	0	0	0	0	0	0
C	Marios	21	150	12	1	6_____	113750	2	16	0	0	0	0	0	0	0	0	0
C	Marios	21	150	12	1	6_____	113856	16	0	0	0	0	1	0	0	0	0	0
C	Marios	21	150	12	1	6_____	113881	16	0	0	0	0	0	0	0	0	1	0
C	Marios	21	150	12	1	6_____	113918	16	0	0	0	0	1	0	0	0	0	0
C	Marios	21	150	12	1	6_____	113950	16	0	0	0	0	0	0	0	0	1	0
C	Marios	21	150	12	1	6_____	113975	16	0	0	0	0	1	0	0	0	0	0
C	Marios	21	150	12	1	6_____	114012	16	0	0	0	0	0	0	0	0	1	0
C	Marios	21	150	12	1	6_____	114069	16	0	0	0	0	1	0	0	0	0	0
C	Marios	21	150	12	1	6_____	114085	16	0	0	0	0	0	0	0	0	1	0
C	Marios	21	150	12	1	6_____	114112	16	0	0	0	0	1	0	0	0	0	0
C	Marios	21	150	12	1	6_____	114192	16	0	0	0	0	0	0	0	0	1	0
C	Marios	21	150	12	1	6_____	114250	16	15	0	0	0	0	0	0	0	0	0
C	Marios	21	150	12	1	6_____	114262	15	0	0	0	0	1	0	0	0	0	0
C	Marios	21	150	12	1	6_____	114342	15	0	0	0	0	0	0	0	0	1	0
C	Marios	21	150	12	1	6_____	114446	15	0	0	0	0	1	0	0	0	0	0
C	Marios	21	150	12	1	6_____	114485	15	0	0	0	0	0	0	0	0	1	0
C	Marios	21	150	12	1	6_____	114750	15	1	0	0	0	0	0	0	0	0	0
C	Marios	21	150	12	1	6_____	115058	1	0	0	0	0	1	0	0	0	0	0
C	Marios	21	150	12	1	6_____	115190	1	0	0	0	0	0	0	0	0	1	0
C	Marios	21	150	12	1	6_____	116250	1	2	0	0	0	0	0	0	0	0	0
C	Marios	21	150	12	1	6_____	116750	2	6	0	0	0	0	0	0	0	0	0
C	Marios	21	150	12	1	6_____	116831	6	0	0	0	0	1	0	0	0	0	0
C	Marios	21	150	12	1	6_____	116871	6	0	0	0	0	0	0	0	0	1	0
C	Marios	21	150	12	1	6_____	116923	6	0	0	0	0	1	0	0	0	0	0
C	Marios	21	150	12	1	6_____	116925	6	0	0	0	0	0	0	0	0	1	0
C	Marios	21	150	12	1	6_____	116933	6	0	0	0	0	1	0	0	0	0	0
C	Marios	21	150	12	1	6_____	116982	6	0	0	0	0	0	0	0	0	1	0
C	Marios	21	150	12	1	6_____	117008	6	0	0	0	0	1	0	0	0	0	0
C	Marios	21	150	12	1	6_____	117078	6	0	0	0	0	0	0	0	0	1	0
C	Marios	21	150	12	1	6_____	117148	6	0	0	0	0	1	0	0	0	0	0
C	Marios	21	150	12	1	6_____	117175	6	0	0	0	0	0	0	0	0	1	0
C	Marios	21	150	12	1	6_____	117183	6	0	0	0	0	1	0	0	0	0	0
C	Marios	21	150	12	1	6_____	117209	6	0	0	0	0	0	0	0	0	1	0
C	Marios	21	150	12	1	6_____	117250	6	10	0	0	0	1	0	0	0	0	0
C	Marios	21	150	12	1	6_____	117440	10	0	0	0	0	0	0	0	0	1	0
C	Marios	21	150	12	1	6_____	117750	10	1	0	0	0	0	0	0	0	0	0
C	Marios	21	150	12	1	6_____	117964	1	0	0	0	0	1	0	0	0	0	0
C	Marios	21	150	12	1	6_____	117969	1	0	0	0	0	0	0	0	0	1	0
C	Marios	21	150	12	1	6_____	117972	1	0	0	0	0	1	0	0	0	0	0
C	Marios	21	150	12	1	6_____	118077	1	0	0	0	0	0	0	0	0	1	0
C	Marios	21	150	12	1	6_____	121165	1	0	0	0	0	1	0	0	0	0	0
C	Marios	21	150	12	1	6_____	121605	1	0	0	0	0	0	0	0	0	1	0
C	Marios	21	150	12	1	6_____	121760	1	0	0	0	0	1	0	0	0	0	0
C	Marios	21	150	12	1	6_____	122250	1	2	0	0	0	0	0	0	0	0	0
C	Marios	21	150	12	1	6_____	122750	2	17	0	0	0	0	0	0	0	0	0
C	Marios	21	150	12	1	6_____	122758	17	0	0	0	0	0	0	0	0	1	0
C	Marios	21	150	12	1	6_____	122913	17	0	0	0	0	1	0	0	0	0	0
C	Marios	21	150	12	1	6_____	123023	17	0	0	0	0	0	0	0	0	1	0
C	Marios	21	150	12	1	6_____	123062	17	0	0	0	0	1	0	0	0	0	0
C	Marios	21	150	12	1	6_____	123066	17	0	0	0	0	0	0	0	0	1	0
C	Marios	21	150	12	1	6_____	123171	17	0	0	0	0	1	0	0	0	0	0
C	Marios	21	150	12	1	6_____	123214	17	0	0	0	0	0	0	0	0	1	0
C	Marios	21	150	12	1	6_____	123250	17	15	0	0	0	0	0	0	0	0	0
C	Marios	21	150	12	1	6_____	123333	15	0	0	0	0	1	0	0	0	0	0
C	Marios	21	150	12	1	6_____	123425	15	0	0	0	0	0	0	0	0	1	0
C	Marios	21	150	12	1	6_____	123750	15	1	0	0	0	0	0	0	0	0	0
C	Marios	21	150	12	1	6_____	124125	1	0	0	0	0	1	0	0	0	0	0
C	Marios	21	150	12	1	6_____	125306	1	0	0	0	0	0	0	0	0	1	0
C	Marios	21	150	12	1	6_____	128392	1	0	0	0	0	1	0	0	0	0	0
C	Marios	21	150	12	1	6_____	128415	1	0	0	0	0	0	0	0	0	1	0
C	Marios	21	150	12	1	6_____	129000	1	2	0	0	0	0	0	0	0	0	0
C	Marios	21	150	12	1	6_____	129449	2	0	0	0	0	1	0	0	0	0	0
C	Marios	21	150	12	1	6_____	129500	2	16	0	0	0	0	0	0	0	0	0
C	Marios	21	150	12	1	6_____	129506	16	0	0	0	0	0	0	0	0	1	0
C	Marios	21	150	12	1	6_____	129545	16	0	0	0	0	1	0	0	0	0	0
C	Marios	21	150	12	1	6_____	129597	16	0	0	0	0	0	0	0	0	1	0
C	Marios	21	150	12	1	6_____	129599	16	0	0	0	0	1	0	0	0	0	0
C	Marios	21	150	12	1	6_____	129604	16	0	0	0	0	0	0	0	0	1	0
C	Marios	21	150	12	1	6_____	129783	16	0	0	0	0	1	0	0	0	0	0
C	Marios	21	150	12	1	6_____	129847	16	0	0	0	0	0	0	0	0	1	0
C	Marios	21	150	12	1	6_____	129883	16	0	0	0	0	1	0	0	0	0	0
C	Marios	21	150	12	1	6_____	129970	16	0	0	0	0	0	0	0	0	1	0
C	Marios	21	150	12	1	6_____	130000	16	15	0	0	0	0	0	0	0	0	0
C	Marios	21	150	12	1	6_____	130081	15	0	0	0	0	1	0	0	0	0	0
C	Marios	21	150	12	1	6_____	130122	15	0	0	0	0	0	0	0	0	1	0
C	Marios	21	150	12	1	6_____	130138	15	0	0	0	0	1	0	0	0	0	0
C	Marios	21	150	12	1	6_____	130140	15	0	0	0	0	0	0	0	0	1	0
C	Marios	21	150	12	1	6_____	130500	15	1	0	0	0	0	0	0	0	0	0
C	Marios	21	150	12	1	6_____	131542	1	0	0	0	0	1	0	0	0	0	0
C	Marios	21	150	12	1	6_____	131669	1	0	0	0	0	0	0	0	0	1	0
C	Marios	21	150	12	1	6_____	132558	1	0	0	0	0	1	0	0	0	0	0
C	Marios	21	150	12	1	6_____	132563	1	0	0	0	0	0	0	0	0	1	0
C	Marios	21	150	12	1	6_____	134783	1	0	0	0	0	1	0	0	0	0	0
C	Marios	21	150	12	1	6_____	134788	1	0	0	0	0	0	0	0	0	1	0
C	Marios	21	150	12	1	6_____	135786	1	0	0	0	0	1	0	0	0	0	0
C	Marios	21	150	12	1	6_____	135800	1	0	0	0	0	0	0	0	0	1	0
C	Marios	21	150	12	1	6_____	135838	1	0	0	0	0	1	0	0	0	0	0
C	Marios	21	150	12	1	6_____	135855	1	0	0	0	0	0	0	0	0	1	0
C	Marios	21	150	12	1	6_____	135860	1	0	0	0	0	1	0	0	0	0	0
C	Marios	21	150	12	1	6_____	135909	1	0	0	0	0	0	0	0	0	1	0
C	Marios	21	150	12	1	6_____	135911	1	0	0	0	0	1	0	0	0	0	0
C	Marios	21	150	12	1	6_____	135959	1	0	0	0	0	0	0	0	0	1	0
C	Marios	21	150	12	1	6_____	136073	1	0	0	0	0	1	0	0	0	0	0
C	Marios	21	150	12	1	6_____	136089	1	0	0	0	0	0	0	0	0	1	0
C	Marios	21	150	12	1	6_____	136132	1	0	0	0	0	1	0	0	0	0	0
C	Marios	21	150	12	1	6_____	136138	1	0	0	0	0	0	0	0	0	1	0
C	Marios	21	150	12	1	6_____	136165	1	0	0	0	0	1	0	0	0	0	0
C	Marios	21	150	12	1	6_____	136173	1	0	0	0	0	0	0	0	0	1	0
C	Marios	21	150	12	1	6_____	136174	1	0	0	0	0	1	0	0	0	0	0
C	Marios	21	150	12	1	6_____	136178	1	0	0	0	0	0	0	0	0	1	0
C	Marios	21	150	12	1	6_____	136196	1	0	0	0	0	1	0	0	0	0	0
C	Marios	21	150	12	1	6_____	136213	1	0	0	0	0	0	0	0	0	1	0
C	Marios	21	150	12	1	6_____	136218	1	0	0	0	0	1	0	0	0	0	0
C	Marios	21	150	12	1	6_____	136236	1	0	0	0	0	0	0	0	0	1	0
C	Marios	21	150	12	1	6_____	136242	1	0	0	0	0	1	0	0	0	0	0
C	Marios	21	150	12	1	6_____	136249	1	0	0	0	0	0	0	0	0	1	0
C	Marios	21	150	12	1	6_____	136250	1	0	0	0	0	1	0	0	0	0	0
C	Marios	21	150	12	1	6_____	136271	1	0	0	0	0	0	0	0	0	1	0
C	Marios	21	150	12	1	6_____	136274	1	0	0	0	0	1	0	0	0	0	0
C	Marios	21	150	12	1	6_____	136298	1	0	0	0	0	0	0	0	0	1	0
C	Marios	21	150	12	1	6_____	136302	1	0	0	0	0	1	0	0	0	0	0
C	Marios	21	150	12	1	6_____	136323	1	0	0	0	0	0	0	0	0	1	0
C	Marios	21	150	12	1	6_____	136327	1	0	0	0	0	1	0	0	0	0	0
C	Marios	21	150	12	1	6_____	136383	1	0	0	0	0	0	0	0	0	1	0
C	Marios	21	150	12	1	6_____	136385	1	0	0	0	0	1	0	0	0	0	0
C	Marios	21	150	12	1	6_____	136412	1	0	0	0	0	0	0	0	0	1	0
C	Marios	21	150	12	1	6_____	136414	1	0	0	0	0	1	0	0	0	0	0
C	Marios	21	150	12	1	6_____	136473	1	0	0	0	0	0	0	0	0	1	0
C	Marios	21	150	12	1	6_____	136479	1	0	0	0	0	1	0	0	0	0	0
C	Marios	21	150	12	1	6_____	136500	1	2	0	0	0	0	0	0	0	0	0
C	Marios	21	150	12	1	6_____	136505	2	0	0	0	0	0	0	0	0	1	0
C	Marios	21	150	12	1	6_____	136510	2	0	0	0	0	1	0	0	0	0	0
C	Marios	21	150	12	1	6_____	136522	2	0	0	0	0	0	0	0	0	1	0
C	Marios	21	150	12	1	6_____	137000	2	7	0	0	0	0	0	0	0	0	0
C	Marios	21	150	12	1	6_____	137037	7	0	0	0	0	1	0	0	0	0	0
C	Marios	21	150	12	1	6_____	137077	7	0	0	0	0	0	0	0	0	1	0
C	Marios	21	150	12	1	6_____	137092	7	0	0	0	0	1	0	0	0	0	0
C	Marios	21	150	12	1	6_____	137229	7	0	0	0	0	0	0	0	0	1	0
C	Marios	21	150	12	1	6_____	137264	7	0	0	0	0	1	0	0	0	0	0
C	Marios	21	150	12	1	6_____	137309	7	0	0	0	0	0	0	0	0	1	0
C	Marios	21	150	12	1	6_____	137338	7	0	0	0	0	1	0	0	0	0	0
C	Marios	21	150	12	1	6_____	137345	7	0	0	0	0	0	0	0	0	1	0
C	Marios	21	150	12	1	6_____	137354	7	0	0	0	0	1	0	0	0	0	0
C	Marios	21	150	12	1	6_____	137357	7	0	0	0	0	0	0	0	0	1	0
C	Marios	21	150	12	1	6_____	137366	7	0	0	0	0	1	0	0	0	0	0
C	Marios	21	150	12	1	6_____	137474	7	0	0	0	0	0	0	0	0	1	0
C	Marios	21	150	12	1	6_____	137500	7	11	0	0	0	0	0	0	0	0	0
C	Marios	21	150	12	1	6_____	137501	11	0	0	0	0	1	0	0	0	0	0
C	Marios	21	150	12	1	6_____	137708	11	0	0	0	0	0	0	0	0	1	0
C	Marios	21	150	12	1	6_____	138000	11	1	0	0	0	0	0	0	0	0	0
C	Marios	21	150	12	1	6_____	138811	1	0	0	0	0	1	0	0	0	0	0
C	Marios	21	150	12	1	6_____	138846	1	0	0	0	0	0	0	0	0	1	0
C	Marios	21	150	12	1	6_____	138979	1	0	0	0	0	1	0	0	0	0	0
C	Marios	21	150	12	1	6_____	139067	1	0	0	0	0	0	0	0	0	1	0
C	Marios	21	150	12	1	6_____	140537	1	0	0	0	0	1	0	0	0	0	0
C	Marios	21	150	12	1	6_____	140741	1	0	0	0	0	0	0	0	0	1	0
C	Marios	21	150	12	1	6_____	141048	1	0	0	0	0	1	0	0	0	0	0
C	Marios	21	150	12	1	6_____	141303	1	0	0	0	0	0	0	0	0	1	0
C	Marios	21	150	12	1	6_____	142500	1	2	0	0	0	0	0	0	0	0	0
C	Marios	21	150	12	1	6_____	143000	2	17	0	0	0	0	0	0	0	0	0
C	Marios	21	150	12	1	6_____	143500	17	15	0	0	0	0	0	0	0	0	0
C	Marios	21	150	12	1	6_____	144000	15	14	0	0	0	0	0	0	0	0	0
C	Marios	21	150	12	1	6_____	144195	14	0	0	0	0	1	0	0	0	0	0
C	Marios	21	150	12	1	6_____	144216	14	0	0	0	0	1	0	0	0	1	0
C	Marios	21	150	12	1	6_____	144219	14	0	0	0	0	0	0	0	0	1	0
C	Marios	21	150	12	1	6_____	144792	14	0	0	0	0	1	0	0	0	0	0
C	Marios	21	150	12	1	6_____	144884	14	0	0	0	0	0	0	0	0	1	0
C	Marios	21	150	12	1	6_____	147000	14	-1	0	0	0	0	0	0	0	0	0
C	Marios	21	150	15	1	31____	0	0	1	0	0	0	0	0	0	0	0	0
C	Marios	21	150	15	1	31____	657	1	0	0	0	0	1	0	0	0	0	0
C	Marios	21	150	15	1	31____	670	1	0	0	0	0	0	0	0	0	1	0
C	Marios	21	150	15	1	31____	2682	1	0	0	0	0	1	0	0	0	0	0
C	Marios	21	150	15	1	31____	2712	1	0	0	0	0	0	0	0	0	1	0
C	Marios	21	150	15	1	31____	2862	1	0	0	0	0	1	0	0	0	0	0
C	Marios	21	150	15	1	31____	2880	1	0	0	0	0	0	0	0	0	1	0
C	Marios	21	150	15	1	31____	4500	1	2	0	0	0	0	0	0	0	0	0
C	Marios	21	150	15	1	31____	5000	2	16	0	0	0	0	0	0	0	0	0
C	Marios	21	150	15	1	31____	5500	16	15	0	0	0	0	0	0	0	0	0
C	Marios	21	150	15	1	31____	5501	15	0	0	0	0	1	0	0	0	0	0
C	Marios	21	150	15	1	31____	5541	15	0	0	0	0	0	0	0	0	1	0
C	Marios	21	150	15	1	31____	6000	15	1	0	0	0	0	0	0	0	0	0
C	Marios	21	150	15	1	31____	7954	1	0	0	0	0	1	0	0	0	0	0
C	Marios	21	150	15	1	31____	7956	1	0	0	0	0	1	0	0	0	1	0
C	Marios	21	150	15	1	31____	8040	1	0	0	0	0	0	0	0	0	1	0
C	Marios	21	150	15	1	31____	10016	1	0	0	0	0	1	0	0	0	0	0
C	Marios	21	150	15	1	31____	10097	1	0	0	0	0	0	0	0	0	1	0
C	Marios	21	150	15	1	31____	10108	1	0	0	0	0	1	0	0	0	0	0
C	Marios	21	150	15	1	31____	10111	1	0	0	0	0	0	0	0	0	1	0
C	Marios	21	150	15	1	31____	11500	1	2	0	0	0	0	0	0	0	0	0
C	Marios	21	150	15	1	31____	12000	2	17	0	0	0	0	0	0	0	0	0
C	Marios	21	150	15	1	31____	12500	17	15	0	0	0	0	0	0	0	0	0
C	Marios	21	150	15	1	31____	12682	15	0	0	0	0	1	0	0	0	0	0
C	Marios	21	150	15	1	31____	12699	15	0	0	0	0	1	0	0	0	1	0
C	Marios	21	150	15	1	31____	12728	15	0	0	0	0	0	0	0	0	1	0
C	Marios	21	150	15	1	31____	12923	15	0	0	0	0	1	0	0	0	0	0
C	Marios	21	150	15	1	31____	12938	15	0	0	0	0	0	0	0	0	1	0
C	Marios	21	150	15	1	31____	13000	15	1	0	0	0	0	0	0	0	0	0
C	Marios	21	150	15	1	31____	13566	1	0	0	0	0	1	0	0	0	0	0
C	Marios	21	150	15	1	31____	13797	1	0	0	0	0	0	0	0	0	1	0
C	Marios	21	150	15	1	31____	13804	1	0	0	0	0	1	0	0	0	0	0
C	Marios	21	150	15	1	31____	13811	1	0	0	0	0	0	0	0	0	1	0
C	Marios	21	150	15	1	31____	13813	1	0	0	0	0	1	0	0	0	0	0
C	Marios	21	150	15	1	31____	13853	1	0	0	0	0	0	0	0	0	1	0
C	Marios	21	150	15	1	31____	13865	1	0	0	0	0	1	0	0	0	0	0
C	Marios	21	150	15	1	31____	14013	1	0	0	0	0	0	0	0	0	1	0
C	Marios	21	150	15	1	31____	14017	1	0	0	0	0	1	0	0	0	0	0
C	Marios	21	150	15	1	31____	14020	1	0	0	0	0	1	0	0	0	1	0
C	Marios	21	150	15	1	31____	14024	1	0	0	0	0	0	0	0	0	1	0
C	Marios	21	150	15	1	31____	14026	1	0	0	0	0	1	0	0	0	0	0
C	Marios	21	150	15	1	31____	14057	1	0	0	0	0	0	0	0	0	1	0
C	Marios	21	150	15	1	31____	14059	1	0	0	0	0	1	0	0	0	0	0
C	Marios	21	150	15	1	31____	14062	1	0	0	0	0	0	0	0	0	1	0
C	Marios	21	150	15	1	31____	14064	1	0	0	0	0	1	0	0	0	0	0
C	Marios	21	150	15	1	31____	14111	1	0	0	0	0	0	0	0	0	1	0
C	Marios	21	150	15	1	31____	14113	1	0	0	0	0	1	0	0	0	0	0
C	Marios	21	150	15	1	31____	14181	1	0	0	0	0	0	0	0	0	1	0
C	Marios	21	150	15	1	31____	14363	1	0	0	0	0	1	0	0	0	0	0
C	Marios	21	150	15	1	31____	14369	1	0	0	0	0	0	0	0	0	1	0
C	Marios	21	150	15	1	31____	17358	1	0	0	0	0	1	0	0	0	0	0
C	Marios	21	150	15	1	31____	17380	1	0	0	0	0	0	0	0	0	1	0
C	Marios	21	150	15	1	31____	18250	1	2	0	0	0	0	0	0	0	0	0
C	Marios	21	150	15	1	31____	18430	2	0	0	0	0	1	0	0	0	0	0
C	Marios	21	150	15	1	31____	18453	2	0	0	0	0	0	0	0	0	1	0
C	Marios	21	150	15	1	31____	18496	2	0	0	0	0	1	0	0	0	0	0
C	Marios	21	150	15	1	31____	18503	2	0	0	0	0	0	0	0	0	1	0
C	Marios	21	150	15	1	31____	18514	2	0	0	0	0	1	0	0	0	0	0
C	Marios	21	150	15	1	31____	18531	2	0	0	0	0	0	0	0	0	1	0
C	Marios	21	150	15	1	31____	18535	2	0	0	0	0	1	0	0	0	0	0
C	Marios	21	150	15	1	31____	18559	2	0	0	0	0	0	0	0	0	1	0
C	Marios	21	150	15	1	31____	18750	2	16	0	0	0	0	0	0	0	0	0
C	Marios	21	150	15	1	31____	19250	16	15	0	0	0	0	0	0	0	0	0
C	Marios	21	150	15	1	31____	19750	15	1	0	0	0	0	0	0	0	0	0
C	Marios	21	150	15	1	31____	22691	1	0	0	0	0	1	0	0	0	0	0
C	Marios	21	150	15	1	31____	22730	1	0	0	0	0	0	0	0	0	1	0
C	Marios	21	150	15	1	31____	22750	1	2	0	0	0	0	0	0	0	0	0
C	Marios	21	150	15	1	31____	23250	2	6	0	0	0	0	0	0	0	0	0
C	Marios	21	150	15	1	31____	23280	6	0	0	0	0	1	0	0	0	0	0
C	Marios	21	150	15	1	31____	23326	6	0	0	0	0	0	0	0	0	1	0
C	Marios	21	150	15	1	31____	23333	6	0	0	0	0	1	0	0	0	0	0
C	Marios	21	150	15	1	31____	23369	6	0	0	0	0	0	0	0	0	1	0
C	Marios	21	150	15	1	31____	23380	6	0	0	0	0	1	0	0	0	0	0
C	Marios	21	150	15	1	31____	23404	6	0	0	0	0	0	0	0	0	1	0
C	Marios	21	150	15	1	31____	23406	6	0	0	0	0	1	0	0	0	0	0
C	Marios	21	150	15	1	31____	23455	6	0	0	0	0	0	0	0	0	1	0
C	Marios	21	150	15	1	31____	23467	6	0	0	0	0	1	0	0	0	0	0
C	Marios	21	150	15	1	31____	23483	6	0	0	0	0	0	0	0	0	1	0
C	Marios	21	150	15	1	31____	23515	6	0	0	0	0	1	0	0	0	0	0
C	Marios	21	150	15	1	31____	23660	6	0	0	0	0	0	0	0	0	1	0
C	Marios	21	150	15	1	31____	23676	6	0	0	0	0	1	0	0	0	0	0
C	Marios	21	150	15	1	31____	23750	6	10	0	0	0	0	0	0	0	0	0
C	Marios	21	150	15	1	31____	23753	10	0	0	0	0	0	0	0	0	1	0
C	Marios	21	150	15	1	31____	23793	10	0	0	0	0	1	0	0	0	0	0
C	Marios	21	150	15	1	31____	23951	10	0	0	0	0	0	0	0	0	1	0
C	Marios	21	150	15	1	31____	23982	10	0	0	0	0	1	0	0	0	0	0
C	Marios	21	150	15	1	31____	23984	10	0	0	0	0	0	0	0	0	1	0
C	Marios	21	150	15	1	31____	23986	10	0	0	0	0	1	0	0	0	0	0
C	Marios	21	150	15	1	31____	24055	10	0	0	0	0	0	0	0	0	1	0
C	Marios	21	150	15	1	31____	24250	10	1	0	0	0	0	0	0	0	0	0
C	Marios	21	150	15	1	31____	24953	1	0	0	0	0	1	0	0	0	0	0
C	Marios	21	150	15	1	31____	24972	1	0	0	0	0	0	0	0	0	1	0
C	Marios	21	150	15	1	31____	26268	1	0	0	0	0	1	0	0	0	0	0
C	Marios	21	150	15	1	31____	26304	1	0	0	0	0	0	0	0	0	1	0
C	Marios	21	150	15	1	31____	27517	1	0	0	0	0	1	0	0	0	0	0
C	Marios	21	150	15	1	31____	27526	1	0	0	0	0	0	0	0	0	1	0
C	Marios	21	150	15	1	31____	27750	1	2	0	0	0	0	0	0	0	0	0
C	Marios	21	150	15	1	31____	28250	2	7	0	0	0	0	0	0	0	0	0
C	Marios	21	150	15	1	31____	28314	7	0	0	0	0	1	0	0	0	0	0
C	Marios	21	150	15	1	31____	28341	7	0	0	0	0	0	0	0	0	1	0
C	Marios	21	150	15	1	31____	28355	7	0	0	0	0	1	0	0	0	0	0
C	Marios	21	150	15	1	31____	28388	7	0	0	0	0	0	0	0	0	1	0
C	Marios	21	150	15	1	31____	28401	7	0	0	0	0	1	0	0	0	0	0
C	Marios	21	150	15	1	31____	28425	7	0	0	0	0	0	0	0	0	1	0
C	Marios	21	150	15	1	31____	28445	7	0	0	0	0	1	0	0	0	0	0
C	Marios	21	150	15	1	31____	28519	7	0	0	0	0	0	0	0	0	1	0
C	Marios	21	150	15	1	31____	28530	7	0	0	0	0	1	0	0	0	0	0
C	Marios	21	150	15	1	31____	28575	7	0	0	0	0	0	0	0	0	1	0
C	Marios	21	150	15	1	31____	28592	7	0	0	0	0	1	0	0	0	0	0
C	Marios	21	150	15	1	31____	28717	7	0	0	0	0	0	0	0	0	1	0
C	Marios	21	150	15	1	31____	28718	7	0	0	0	0	1	0	0	0	0	0
C	Marios	21	150	15	1	31____	28750	7	11	0	0	0	0	0	0	0	0	0
C	Marios	21	150	15	1	31____	29107	11	0	0	0	0	0	0	0	0	1	0
C	Marios	21	150	15	1	31____	29250	11	1	0	0	0	0	0	0	0	0	0
C	Marios	21	150	15	1	31____	30571	1	0	0	0	0	1	0	0	0	0	0
C	Marios	21	150	15	1	31____	30576	1	0	0	0	0	0	0	0	0	1	0
C	Marios	21	150	15	1	31____	31790	1	0	0	0	0	1	0	0	0	0	0
C	Marios	21	150	15	1	31____	31800	1	0	0	0	0	0	0	0	0	1	0
C	Marios	21	150	15	1	31____	34045	1	0	0	0	0	1	0	0	0	0	0
C	Marios	21	150	15	1	31____	34153	1	0	0	0	0	0	0	0	0	1	0
C	Marios	21	150	15	1	31____	35409	1	0	0	0	0	1	0	0	0	0	0
C	Marios	21	150	15	1	31____	35414	1	0	0	0	0	0	0	0	0	1	0
C	Marios	21	150	15	1	31____	35415	1	0	0	0	0	1	0	0	0	0	0
C	Marios	21	150	15	1	31____	35447	1	0	0	0	0	0	0	0	0	1	0
C	Marios	21	150	15	1	31____	36017	1	0	0	0	0	1	0	0	0	0	0
C	Marios	21	150	15	1	31____	36224	1	0	0	0	0	0	0	0	0	1	0
C	Marios	21	150	15	1	31____	36750	1	2	0	0	0	0	0	0	0	0	0
C	Marios	21	150	15	1	31____	37250	2	17	0	0	0	0	0	0	0	0	0
C	Marios	21	150	15	1	31____	37319	17	0	0	0	0	1	0	0	0	0	0
C	Marios	21	150	15	1	31____	37345	17	0	0	0	0	0	0	0	0	1	0
C	Marios	21	150	15	1	31____	37750	17	15	0	0	0	0	0	0	0	0	0
C	Marios	21	150	15	1	31____	38250	15	1	0	0	0	0	0	0	0	0	0
C	Marios	21	150	15	1	31____	40661	1	0	0	0	0	1	0	0	0	0	0
C	Marios	21	150	15	1	31____	40773	1	0	0	0	0	0	0	0	0	1	0
C	Marios	21	150	15	1	31____	44365	1	0	0	0	0	1	0	0	0	0	0
C	Marios	21	150	15	1	31____	44377	1	0	0	0	0	0	0	0	0	1	0
C	Marios	21	150	15	1	31____	44926	1	0	0	0	0	1	0	0	0	0	0
C	Marios	21	150	15	1	31____	44972	1	0	0	0	0	0	0	0	0	1	0
C	Marios	21	150	15	1	31____	45000	1	2	0	0	0	0	0	0	0	0	0
C	Marios	21	150	15	1	31____	45500	2	17	0	0	0	0	0	0	0	0	0
C	Marios	21	150	15	1	31____	45530	17	0	0	0	0	1	0	0	0	0	0
C	Marios	21	150	15	1	31____	45559	17	0	0	0	0	0	0	0	0	1	0
C	Marios	21	150	15	1	31____	45583	17	0	0	0	0	1	0	0	0	0	0
C	Marios	21	150	15	1	31____	45694	17	0	0	0	0	0	0	0	0	1	0
C	Marios	21	150	15	1	31____	45699	17	0	0	0	0	1	0	0	0	0	0
C	Marios	21	150	15	1	31____	45702	17	0	0	0	0	0	0	0	0	1	0
C	Marios	21	150	15	1	31____	45741	17	0	0	0	0	1	0	0	0	0	0
C	Marios	21	150	15	1	31____	45885	17	0	0	0	0	0	0	0	0	1	0
C	Marios	21	150	15	1	31____	45917	17	0	0	0	0	1	0	0	0	0	0
C	Marios	21	150	15	1	31____	45990	17	0	0	0	0	0	0	0	0	1	0
C	Marios	21	150	15	1	31____	46000	17	15	0	0	0	0	0	0	0	0	0
C	Marios	21	150	15	1	31____	46309	15	0	0	0	0	1	0	0	0	0	0
C	Marios	21	150	15	1	31____	46394	15	0	0	0	0	0	0	0	0	1	0
C	Marios	21	150	15	1	31____	46500	15	1	0	0	0	0	0	0	0	0	0
C	Marios	21	150	15	1	31____	46591	1	0	0	0	0	1	0	0	0	0	0
C	Marios	21	150	15	1	31____	46601	1	0	0	0	0	0	0	0	0	1	0
C	Marios	21	150	15	1	31____	46605	1	0	0	0	0	1	0	0	0	0	0
C	Marios	21	150	15	1	31____	46620	1	0	0	0	0	0	0	0	0	1	0
C	Marios	21	150	15	1	31____	46621	1	0	0	0	0	1	0	0	0	0	0
C	Marios	21	150	15	1	31____	46628	1	0	0	0	0	0	0	0	0	1	0
C	Marios	21	150	15	1	31____	46629	1	0	0	0	0	1	0	0	0	0	0
C	Marios	21	150	15	1	31____	46631	1	0	0	0	0	0	0	0	0	1	0
C	Marios	21	150	15	1	31____	46636	1	0	0	0	0	1	0	0	0	0	0
C	Marios	21	150	15	1	31____	46642	1	0	0	0	0	0	0	0	0	1	0
C	Marios	21	150	15	1	31____	46647	1	0	0	0	0	1	0	0	0	0	0
C	Marios	21	150	15	1	31____	46656	1	0	0	0	0	0	0	0	0	1	0
C	Marios	21	150	15	1	31____	46670	1	0	0	0	0	1	0	0	0	0	0
C	Marios	21	150	15	1	31____	46673	1	0	0	0	0	0	0	0	0	1	0
C	Marios	21	150	15	1	31____	46685	1	0	0	0	0	1	0	0	0	0	0
C	Marios	21	150	15	1	31____	46743	1	0	0	0	0	0	0	0	0	1	0
C	Marios	21	150	15	1	31____	46762	1	0	0	0	0	1	0	0	0	0	0
C	Marios	21	150	15	1	31____	46768	1	0	0	0	0	0	0	0	0	1	0
C	Marios	21	150	15	1	31____	46770	1	0	0	0	0	1	0	0	0	0	0
C	Marios	21	150	15	1	31____	46782	1	0	0	0	0	1	0	0	0	1	0
C	Marios	21	150	15	1	31____	46784	1	0	0	0	0	0	0	0	0	1	0
C	Marios	21	150	15	1	31____	46793	1	0	0	0	0	1	0	0	0	0	0
C	Marios	21	150	15	1	31____	46812	1	0	0	0	0	0	0	0	0	1	0
C	Marios	21	150	15	1	31____	46825	1	0	0	0	0	1	0	0	0	0	0
C	Marios	21	150	15	1	31____	46829	1	0	0	0	0	0	0	0	0	1	0
C	Marios	21	150	15	1	31____	46830	1	0	0	0	0	1	0	0	0	0	0
C	Marios	21	150	15	1	31____	46899	1	0	0	0	0	0	0	0	0	1	0
C	Marios	21	150	15	1	31____	46905	1	0	0	0	0	1	0	0	0	0	0
C	Marios	21	150	15	1	31____	46933	1	0	0	0	0	0	0	0	0	1	0
C	Marios	21	150	15	1	31____	47003	1	0	0	0	0	1	0	0	0	0	0
C	Marios	21	150	15	1	31____	47006	1	0	0	0	0	0	0	0	0	1	0
C	Marios	21	150	15	1	31____	47050	1	0	0	0	0	1	0	0	0	0	0
C	Marios	21	150	15	1	31____	47053	1	0	0	0	0	0	0	0	0	1	0
C	Marios	21	150	15	1	31____	47058	1	0	0	0	0	1	0	0	0	0	0
C	Marios	21	150	15	1	31____	47106	1	0	0	0	0	1	0	0	0	1	0
C	Marios	21	150	15	1	31____	47117	1	0	0	0	0	0	0	0	0	1	0
C	Marios	21	150	15	1	31____	47139	1	0	0	0	0	1	0	0	0	0	0
C	Marios	21	150	15	1	31____	47150	1	0	0	0	0	0	0	0	0	1	0
C	Marios	21	150	15	1	31____	47153	1	0	0	0	0	1	0	0	0	0	0
C	Marios	21	150	15	1	31____	47168	1	0	0	0	0	0	0	0	0	1	0
C	Marios	21	150	15	1	31____	47218	1	0	0	0	0	1	0	0	0	0	0
C	Marios	21	150	15	1	31____	47283	1	0	0	0	0	0	0	0	0	1	0
C	Marios	21	150	15	1	31____	51226	1	0	0	0	0	1	0	0	0	0	0
C	Marios	21	150	15	1	31____	51251	1	0	0	0	0	0	0	0	0	1	0
C	Marios	21	150	15	1	31____	51254	1	0	0	0	0	1	0	0	0	0	0
C	Marios	21	150	15	1	31____	51281	1	0	0	0	0	0	0	0	0	1	0
C	Marios	21	150	15	1	31____	51283	1	0	0	0	0	1	0	0	0	0	0
C	Marios	21	150	15	1	31____	51330	1	0	0	0	0	0	0	0	0	1	0
C	Marios	21	150	15	1	31____	51386	1	0	0	0	0	1	0	0	0	0	0
C	Marios	21	150	15	1	31____	51404	1	0	0	0	0	0	0	0	0	1	0
C	Marios	21	150	15	1	31____	52500	1	2	0	0	0	0	0	0	0	0	0
C	Marios	21	150	15	1	31____	52568	2	0	0	0	0	1	0	0	0	0	0
C	Marios	21	150	15	1	31____	52595	2	0	0	0	0	0	0	0	0	1	0
C	Marios	21	150	15	1	31____	53000	2	6	0	0	0	0	0	0	0	0	0
C	Marios	21	150	15	1	31____	53021	6	0	0	0	0	1	0	0	0	0	0
C	Marios	21	150	15	1	31____	53110	6	0	0	0	0	0	0	0	0	1	0
C	Marios	21	150	15	1	31____	53124	6	0	0	0	0	1	0	0	0	0	0
C	Marios	21	150	15	1	31____	53142	6	0	0	0	0	0	0	0	0	1	0
C	Marios	21	150	15	1	31____	53163	6	0	0	0	0	1	0	0	0	0	0
C	Marios	21	150	15	1	31____	53209	6	0	0	0	0	0	0	0	0	1	0
C	Marios	21	150	15	1	31____	53224	6	0	0	0	0	1	0	0	0	0	0
C	Marios	21	150	15	1	31____	53329	6	0	0	0	0	0	0	0	0	1	0
C	Marios	21	150	15	1	31____	53332	6	0	0	0	0	1	0	0	0	0	0
C	Marios	21	150	15	1	31____	53419	6	0	0	0	0	0	0	0	0	1	0
C	Marios	21	150	15	1	31____	53421	6	0	0	0	0	1	0	0	0	0	0
C	Marios	21	150	15	1	31____	53430	6	0	0	0	0	1	0	0	0	1	0
C	Marios	21	150	15	1	31____	53436	6	0	0	0	0	0	0	0	0	1	0
C	Marios	21	150	15	1	31____	53443	6	0	0	0	0	1	0	0	0	0	0
C	Marios	21	150	15	1	31____	53445	6	0	0	0	0	0	0	0	0	1	0
C	Marios	21	150	15	1	31____	53457	6	0	0	0	0	1	0	0	0	0	0
C	Marios	21	150	15	1	31____	53500	6	10	0	0	0	0	0	0	0	0	0
C	Marios	21	150	15	1	31____	53792	10	0	0	0	0	1	0	0	0	1	0
C	Marios	21	150	15	1	31____	53794	10	0	0	0	0	0	0	0	0	1	0
C	Marios	21	150	15	1	31____	53809	10	0	0	0	0	1	0	0	0	0	0
C	Marios	21	150	15	1	31____	53811	10	0	0	0	0	0	0	0	0	1	0
C	Marios	21	150	15	1	31____	53812	10	0	0	0	0	1	0	0	0	0	0
C	Marios	21	150	15	1	31____	53816	10	0	0	0	0	0	0	0	0	1	0
C	Marios	21	150	15	1	31____	54000	10	1	0	0	0	0	0	0	0	0	0
C	Marios	21	150	15	1	31____	57750	1	2	0	0	0	0	0	0	0	0	0
C	Marios	21	150	15	1	31____	58250	2	16	0	0	0	0	0	0	0	0	0
C	Marios	21	150	15	1	31____	58389	16	0	0	0	0	1	0	0	0	0	0
C	Marios	21	150	15	1	31____	58466	16	0	0	0	0	0	0	0	0	1	0
C	Marios	21	150	15	1	31____	58499	16	0	0	0	0	1	0	0	0	0	0
C	Marios	21	150	15	1	31____	58617	16	0	0	0	0	0	0	0	0	1	0
C	Marios	21	150	15	1	31____	58750	16	15	0	0	0	0	0	0	0	0	0
C	Marios	21	150	15	1	31____	58751	15	0	0	0	0	1	0	0	0	0	0
C	Marios	21	150	15	1	31____	58818	15	0	0	0	0	0	0	0	0	1	0
C	Marios	21	150	15	1	31____	59250	15	1	0	0	0	0	0	0	0	0	0
C	Marios	21	150	15	1	31____	60493	1	0	0	0	0	1	0	0	0	0	0
C	Marios	21	150	15	1	31____	60506	1	0	0	0	0	0	0	0	0	1	0
C	Marios	21	150	15	1	31____	60512	1	0	0	0	0	1	0	0	0	0	0
C	Marios	21	150	15	1	31____	60518	1	0	0	0	0	0	0	0	0	1	0
C	Marios	21	150	15	1	31____	60750	1	2	0	0	0	0	0	0	0	0	0
C	Marios	21	150	15	1	31____	61250	2	17	0	0	0	0	0	0	0	0	0
C	Marios	21	150	15	1	31____	61750	17	15	0	0	0	0	0	0	0	0	0
C	Marios	21	150	15	1	31____	62250	15	1	0	0	0	0	0	0	0	0	0
C	Marios	21	150	15	1	31____	63058	1	0	0	0	0	1	0	0	0	0	0
C	Marios	21	150	15	1	31____	63068	1	0	0	0	0	0	0	0	0	1	0
C	Marios	21	150	15	1	31____	64373	1	0	0	0	0	1	0	0	0	0	0
C	Marios	21	150	15	1	31____	64377	1	0	0	0	0	1	0	0	0	1	0
C	Marios	21	150	15	1	31____	64380	1	0	0	0	0	1	0	0	0	1	0
C	Marios	21	150	15	1	31____	64416	1	0	0	0	0	0	0	0	0	1	0
C	Marios	21	150	15	1	31____	64500	1	2	0	0	0	0	0	0	0	0	0
C	Marios	21	150	15	1	31____	65000	2	7	0	0	0	0	0	0	0	0	0
C	Marios	21	150	15	1	31____	65113	7	0	0	0	0	1	0	0	0	0	0
C	Marios	21	150	15	1	31____	65208	7	0	0	0	0	0	0	0	0	1	0
C	Marios	21	150	15	1	31____	65211	7	0	0	0	0	1	0	0	0	0	0
C	Marios	21	150	15	1	31____	65382	7	0	0	0	0	0	0	0	0	1	0
C	Marios	21	150	15	1	31____	65405	7	0	0	0	0	1	0	0	0	0	0
C	Marios	21	150	15	1	31____	65426	7	0	0	0	0	0	0	0	0	1	0
C	Marios	21	150	15	1	31____	65448	7	0	0	0	0	1	0	0	0	0	0
C	Marios	21	150	15	1	31____	65500	7	11	0	0	0	0	0	0	0	0	0
C	Marios	21	150	15	1	31____	65849	11	0	0	0	0	0	0	0	0	1	0
C	Marios	21	150	15	1	31____	66000	11	1	0	0	0	0	0	0	0	0	0
C	Marios	21	150	15	1	31____	67291	1	0	0	0	0	1	0	0	0	0	0
C	Marios	21	150	15	1	31____	67338	1	0	0	0	0	0	0	0	0	1	0
C	Marios	21	150	15	1	31____	67340	1	0	0	0	0	1	0	0	0	0	0
C	Marios	21	150	15	1	31____	67433	1	0	0	0	0	0	0	0	0	1	0
C	Marios	21	150	15	1	31____	68063	1	0	0	0	0	1	0	0	0	0	0
C	Marios	21	150	15	1	31____	68189	1	0	0	0	0	0	0	0	0	1	0
C	Marios	21	150	15	1	31____	70500	1	2	0	0	0	0	0	0	0	0	0
C	Marios	21	150	15	1	31____	71000	2	16	0	0	0	0	0	0	0	0	0
C	Marios	21	150	15	1	31____	71079	16	0	0	0	0	1	0	0	0	0	0
C	Marios	21	150	15	1	31____	71160	16	0	0	0	0	0	0	0	0	1	0
C	Marios	21	150	15	1	31____	71221	16	0	0	0	0	1	0	0	0	0	0
C	Marios	21	150	15	1	31____	71330	16	0	0	0	0	0	0	0	0	1	0
C	Marios	21	150	15	1	31____	71347	16	0	0	0	0	1	0	0	0	0	0
C	Marios	21	150	15	1	31____	71500	16	15	0	0	0	0	0	0	0	0	0
C	Marios	21	150	15	1	31____	71508	15	0	0	0	0	0	0	0	0	1	0
C	Marios	21	150	15	1	31____	71511	15	0	0	0	0	1	0	0	0	0	0
C	Marios	21	150	15	1	31____	71608	15	0	0	0	0	0	0	0	0	1	0
C	Marios	21	150	15	1	31____	71745	15	0	0	0	0	1	0	0	0	0	0
C	Marios	21	150	15	1	31____	71966	15	0	0	0	0	0	0	0	0	1	0
C	Marios	21	150	15	1	31____	72000	15	1	0	0	0	0	0	0	0	0	0
C	Marios	21	150	15	1	31____	72023	1	0	0	0	0	1	0	0	0	0	0
C	Marios	21	150	15	1	31____	72027	1	0	0	0	0	0	0	0	0	1	0
C	Marios	21	150	15	1	31____	74363	1	0	0	0	0	1	0	0	0	0	0
C	Marios	21	150	15	1	31____	74375	1	0	0	0	0	0	0	0	0	1	0
C	Marios	21	150	15	1	31____	76459	1	0	0	0	0	1	0	0	0	0	0
C	Marios	21	150	15	1	31____	76606	1	0	0	0	0	0	0	0	0	1	0
C	Marios	21	150	15	1	31____	77250	1	2	0	0	0	0	0	0	0	0	0
C	Marios	21	150	15	1	31____	77750	2	17	0	0	0	0	0	0	0	0	0
C	Marios	21	150	15	1	31____	78250	17	15	0	0	0	0	0	0	0	0	0
C	Marios	21	150	15	1	31____	78267	15	0	0	0	0	1	0	0	0	0	0
C	Marios	21	150	15	1	31____	78334	15	0	0	0	0	0	0	0	0	1	0
C	Marios	21	150	15	1	31____	78750	15	1	0	0	0	0	0	0	0	0	0
C	Marios	21	150	15	1	31____	78919	1	0	0	0	0	1	0	0	0	0	0
C	Marios	21	150	15	1	31____	78921	1	0	0	0	0	0	0	0	0	1	0
C	Marios	21	150	15	1	31____	80195	1	0	0	0	0	1	0	0	0	0	0
C	Marios	21	150	15	1	31____	80258	1	0	0	0	0	0	0	0	0	1	0
C	Marios	21	150	15	1	31____	81934	1	0	0	0	0	1	0	0	0	0	0
C	Marios	21	150	15	1	31____	81977	1	0	0	0	0	0	0	0	0	1	0
C	Marios	21	150	15	1	31____	81984	1	0	0	0	0	1	0	0	0	0	0
C	Marios	21	150	15	1	31____	81988	1	0	0	0	0	0	0	0	0	1	0
C	Marios	21	150	15	1	31____	82035	1	0	0	0	0	1	0	0	0	0	0
C	Marios	21	150	15	1	31____	82037	1	0	0	0	0	0	0	0	0	1	0
C	Marios	21	150	15	1	31____	82242	1	0	0	0	0	1	0	0	0	0	0
C	Marios	21	150	15	1	31____	82263	1	0	0	0	0	0	0	0	0	1	0
C	Marios	21	150	15	1	31____	82474	1	0	0	0	0	1	0	0	0	0	0
C	Marios	21	150	15	1	31____	82524	1	0	0	0	0	0	0	0	0	1	0
C	Marios	21	150	15	1	31____	82529	1	0	0	0	0	1	0	0	0	0	0
C	Marios	21	150	15	1	31____	82540	1	0	0	0	0	0	0	0	0	1	0
C	Marios	21	150	15	1	31____	82710	1	0	0	0	0	1	0	0	0	0	0
C	Marios	21	150	15	1	31____	82739	1	0	0	0	0	0	0	0	0	1	0
C	Marios	21	150	15	1	31____	82811	1	0	0	0	0	1	0	0	0	0	0
C	Marios	21	150	15	1	31____	82813	1	0	0	0	0	0	0	0	0	1	0
C	Marios	21	150	15	1	31____	82835	1	0	0	0	0	1	0	0	0	0	0
C	Marios	21	150	15	1	31____	82838	1	0	0	0	0	0	0	0	0	1	0
C	Marios	21	150	15	1	31____	82840	1	0	0	0	0	1	0	0	0	0	0
C	Marios	21	150	15	1	31____	82844	1	0	0	0	0	0	0	0	0	1	0
C	Marios	21	150	15	1	31____	82845	1	0	0	0	0	1	0	0	0	0	0
C	Marios	21	150	15	1	31____	82849	1	0	0	0	0	0	0	0	0	1	0
C	Marios	21	150	15	1	31____	82886	1	0	0	0	0	1	0	0	0	0	0
C	Marios	21	150	15	1	31____	82912	1	0	0	0	0	1	0	0	0	1	0
C	Marios	21	150	15	1	31____	82975	1	0	0	0	0	0	0	0	0	1	0
C	Marios	21	150	15	1	31____	82979	1	0	0	0	0	1	0	0	0	0	0
C	Marios	21	150	15	1	31____	82981	1	0	0	0	0	1	0	0	0	1	0
C	Marios	21	150	15	1	31____	83075	1	0	0	0	0	0	0	0	0	1	0
C	Marios	21	150	15	1	31____	83077	1	0	0	0	0	1	0	0	0	0	0
C	Marios	21	150	15	1	31____	83081	1	0	0	0	0	0	0	0	0	1	0
C	Marios	21	150	15	1	31____	83089	1	0	0	0	0	1	0	0	0	0	0
C	Marios	21	150	15	1	31____	83092	1	0	0	0	0	0	0	0	0	1	0
C	Marios	21	150	15	1	31____	83104	1	0	0	0	0	1	0	0	0	0	0
C	Marios	21	150	15	1	31____	83111	1	0	0	0	0	0	0	0	0	1	0
C	Marios	21	150	15	1	31____	83112	1	0	0	0	0	1	0	0	0	0	0
C	Marios	21	150	15	1	31____	83120	1	0	0	0	0	0	0	0	0	1	0
C	Marios	21	150	15	1	31____	83121	1	0	0	0	0	1	0	0	0	0	0
C	Marios	21	150	15	1	31____	83164	1	0	0	0	0	0	0	0	0	1	0
C	Marios	21	150	15	1	31____	83165	1	0	0	0	0	1	0	0	0	0	0
C	Marios	21	150	15	1	31____	83174	1	0	0	0	0	0	0	0	0	1	0
C	Marios	21	150	15	1	31____	83250	1	2	0	0	0	0	0	0	0	0	0
C	Marios	21	150	15	1	31____	83750	2	7	0	0	0	0	0	0	0	0	0
C	Marios	21	150	15	1	31____	83777	7	0	0	0	0	1	0	0	0	0	0
C	Marios	21	150	15	1	31____	83834	7	0	0	0	0	0	0	0	0	1	0
C	Marios	21	150	15	1	31____	83859	7	0	0	0	0	1	0	0	0	0	0
C	Marios	21	150	15	1	31____	84025	7	0	0	0	0	0	0	0	0	1	0
C	Marios	21	150	15	1	31____	84063	7	0	0	0	0	1	0	0	0	0	0
C	Marios	21	150	15	1	31____	84081	7	0	0	0	0	0	0	0	0	1	0
C	Marios	21	150	15	1	31____	84101	7	0	0	0	0	1	0	0	0	0	0
C	Marios	21	150	15	1	31____	84250	7	11	0	0	0	0	0	0	0	0	0
C	Marios	21	150	15	1	31____	84608	11	0	0	0	0	0	0	0	0	1	0
C	Marios	21	150	15	1	31____	84750	11	1	0	0	0	0	0	0	0	0	0
C	Marios	21	150	15	1	31____	88500	1	2	0	0	0	0	0	0	0	0	0
C	Marios	21	150	15	1	31____	89000	2	16	0	0	0	0	0	0	0	0	0
C	Marios	21	150	15	1	31____	89046	16	0	0	0	0	1	0	0	0	0	0
C	Marios	21	150	15	1	31____	89150	16	0	0	0	0	0	0	0	0	1	0
C	Marios	21	150	15	1	31____	89174	16	0	0	0	0	1	0	0	0	0	0
C	Marios	21	150	15	1	31____	89195	16	0	0	0	0	0	0	0	0	1	0
C	Marios	21	150	15	1	31____	89215	16	0	0	0	0	1	0	0	0	0	0
C	Marios	21	150	15	1	31____	89339	16	0	0	0	0	0	0	0	0	1	0
C	Marios	21	150	15	1	31____	89340	16	0	0	0	0	1	0	0	0	0	0
C	Marios	21	150	15	1	31____	89417	16	0	0	0	0	0	0	0	0	1	0
C	Marios	21	150	15	1	31____	89453	16	0	0	0	0	1	0	0	0	0	0
C	Marios	21	150	15	1	31____	89488	16	0	0	0	0	0	0	0	0	1	0
C	Marios	21	150	15	1	31____	89500	16	15	0	0	0	0	0	0	0	0	0
C	Marios	21	150	15	1	31____	89515	15	0	0	0	0	1	0	0	0	0	0
C	Marios	21	150	15	1	31____	89645	15	0	0	0	0	0	0	0	0	1	0
C	Marios	21	150	15	1	31____	89716	15	0	0	0	0	1	0	0	0	0	0
C	Marios	21	150	15	1	31____	89855	15	0	0	0	0	0	0	0	0	1	0
C	Marios	21	150	15	1	31____	90000	15	1	0	0	0	0	0	0	0	0	0
C	Marios	21	150	15	1	31____	90159	1	0	0	0	0	1	0	0	0	0	0
C	Marios	21	150	15	1	31____	90216	1	0	0	0	0	0	0	0	0	1	0
C	Marios	21	150	15	1	31____	95938	1	0	0	0	0	1	0	0	0	0	0
C	Marios	21	150	15	1	31____	95971	1	0	0	0	0	1	0	0	0	1	0
C	Marios	21	150	15	1	31____	96017	1	0	0	0	0	0	0	0	0	1	0
C	Marios	21	150	15	1	31____	96750	1	2	0	0	0	0	0	0	0	0	0
C	Marios	21	150	15	1	31____	97250	2	16	0	0	0	0	0	0	0	0	0
C	Marios	21	150	15	1	31____	97309	16	0	0	0	0	1	0	0	0	0	0
C	Marios	21	150	15	1	31____	97391	16	0	0	0	0	0	0	0	0	1	0
C	Marios	21	150	15	1	31____	97750	16	15	0	0	0	0	0	0	0	0	0
C	Marios	21	150	15	1	31____	97752	15	0	0	0	0	1	0	0	0	0	0
C	Marios	21	150	15	1	31____	97843	15	0	0	0	0	0	0	0	0	1	0
C	Marios	21	150	15	1	31____	98250	15	1	0	0	0	0	0	0	0	0	0
C	Marios	21	150	15	1	31____	101750	1	2	0	0	0	0	0	0	0	0	0
C	Marios	21	150	15	1	31____	102250	2	17	0	0	0	0	0	0	0	0	0
C	Marios	21	150	15	1	31____	102277	17	0	0	0	0	1	0	0	0	0	0
C	Marios	21	150	15	1	31____	102317	17	0	0	0	0	0	0	0	0	1	0
C	Marios	21	150	15	1	31____	102399	17	0	0	0	0	1	0	0	0	0	0
C	Marios	21	150	15	1	31____	102497	17	0	0	0	0	0	0	0	0	1	0
C	Marios	21	150	15	1	31____	102534	17	0	0	0	0	1	0	0	0	0	0
C	Marios	21	150	15	1	31____	102644	17	0	0	0	0	0	0	0	0	1	0
C	Marios	21	150	15	1	31____	102666	17	0	0	0	0	1	0	0	0	0	0
C	Marios	21	150	15	1	31____	102684	17	0	0	0	0	0	0	0	0	1	0
C	Marios	21	150	15	1	31____	102739	17	0	0	0	0	1	0	0	0	0	0
C	Marios	21	150	15	1	31____	102750	17	15	0	0	0	0	0	0	0	0	0
C	Marios	21	150	15	1	31____	102822	15	0	0	0	0	0	0	0	0	1	0
C	Marios	21	150	15	1	31____	102823	15	0	0	0	0	1	0	0	0	0	0
C	Marios	21	150	15	1	31____	102868	15	0	0	0	0	0	0	0	0	1	0
C	Marios	21	150	15	1	31____	102877	15	0	0	0	0	1	0	0	0	0	0
C	Marios	21	150	15	1	31____	102961	15	0	0	0	0	0	0	0	0	1	0
C	Marios	21	150	15	1	31____	103250	15	1	0	0	0	0	0	0	0	0	0
C	Marios	21	150	15	1	31____	108132	1	0	0	0	0	1	0	0	0	0	0
C	Marios	21	150	15	1	31____	108137	1	0	0	0	0	0	0	0	0	1	0
C	Marios	21	150	15	1	31____	110015	1	0	0	0	0	1	0	0	0	0	0
C	Marios	21	150	15	1	31____	110020	1	0	0	0	0	0	0	0	0	1	0
C	Marios	21	150	15	1	31____	110035	1	0	0	0	0	1	0	0	0	0	0
C	Marios	21	150	15	1	31____	110058	1	0	0	0	0	0	0	0	0	1	0
C	Marios	21	150	15	1	31____	110750	1	2	0	0	0	0	0	0	0	0	0
C	Marios	21	150	15	1	31____	111250	2	6	0	0	0	0	0	0	0	0	0
C	Marios	21	150	15	1	31____	111293	6	0	0	0	0	1	0	0	0	0	0
C	Marios	21	150	15	1	31____	111354	6	0	0	0	0	0	0	0	0	1	0
C	Marios	21	150	15	1	31____	111367	6	0	0	0	0	1	0	0	0	0	0
C	Marios	21	150	15	1	31____	111451	6	0	0	0	0	0	0	0	0	1	0
C	Marios	21	150	15	1	31____	111455	6	0	0	0	0	1	0	0	0	0	0
C	Marios	21	150	15	1	31____	111470	6	0	0	0	0	0	0	0	0	1	0
C	Marios	21	150	15	1	31____	111481	6	0	0	0	0	1	0	0	0	0	0
C	Marios	21	150	15	1	31____	111523	6	0	0	0	0	1	0	0	0	1	0
C	Marios	21	150	15	1	31____	111533	6	0	0	0	0	0	0	0	0	1	0
C	Marios	21	150	15	1	31____	111534	6	0	0	0	0	1	0	0	0	0	0
C	Marios	21	150	15	1	31____	111604	6	0	0	0	0	0	0	0	0	1	0
C	Marios	21	150	15	1	31____	111627	6	0	0	0	0	1	0	0	0	0	0
C	Marios	21	150	15	1	31____	111650	6	0	0	0	0	0	0	0	0	1	0
C	Marios	21	150	15	1	31____	111680	6	0	0	0	0	1	0	0	0	0	0
C	Marios	21	150	15	1	31____	111709	6	0	0	0	0	0	0	0	0	1	0
C	Marios	21	150	15	1	31____	111712	6	0	0	0	0	1	0	0	0	0	0
C	Marios	21	150	15	1	31____	111716	6	0	0	0	0	0	0	0	0	1	0
C	Marios	21	150	15	1	31____	111722	6	0	0	0	0	1	0	0	0	0	0
C	Marios	21	150	15	1	31____	111750	6	10	0	0	0	0	0	0	0	0	0
C	Marios	21	150	15	1	31____	111947	10	0	0	0	0	0	0	0	0	1	0
C	Marios	21	150	15	1	31____	111951	10	0	0	0	0	1	0	0	0	0	0
C	Marios	21	150	15	1	31____	112054	10	0	0	0	0	1	0	0	0	1	0
C	Marios	21	150	15	1	31____	112059	10	0	0	0	0	0	0	0	0	1	0
C	Marios	21	150	15	1	31____	112062	10	0	0	0	0	1	0	0	0	0	0
C	Marios	21	150	15	1	31____	112065	10	0	0	0	0	0	0	0	0	1	0
C	Marios	21	150	15	1	31____	112078	10	0	0	0	0	1	0	0	0	0	0
C	Marios	21	150	15	1	31____	112081	10	0	0	0	0	0	0	0	0	1	0
C	Marios	21	150	15	1	31____	112106	10	0	0	0	0	1	0	0	0	0	0
C	Marios	21	150	15	1	31____	112108	10	0	0	0	0	0	0	0	0	1	0
C	Marios	21	150	15	1	31____	112133	10	0	0	0	0	1	0	0	0	0	0
C	Marios	21	150	15	1	31____	112137	10	0	0	0	0	0	0	0	0	1	0
C	Marios	21	150	15	1	31____	112186	10	0	0	0	0	1	0	0	0	0	0
C	Marios	21	150	15	1	31____	112193	10	0	0	0	0	0	0	0	0	1	0
C	Marios	21	150	15	1	31____	112194	10	0	0	0	0	1	0	0	0	0	0
C	Marios	21	150	15	1	31____	112206	10	0	0	0	0	0	0	0	0	1	0
C	Marios	21	150	15	1	31____	112225	10	0	0	0	0	1	0	0	0	0	0
C	Marios	21	150	15	1	31____	112232	10	0	0	0	0	1	0	0	0	1	0
C	Marios	21	150	15	1	31____	112244	10	0	0	0	0	0	0	0	0	1	0
C	Marios	21	150	15	1	31____	112250	10	1	0	0	0	1	0	0	0	0	0
C	Marios	21	150	15	1	31____	112290	1	0	0	0	0	0	0	0	0	1	0
C	Marios	21	150	15	1	31____	112293	1	0	0	0	0	1	0	0	0	0	0
C	Marios	21	150	15	1	31____	112312	1	0	0	0	0	0	0	0	0	1	0
C	Marios	21	150	15	1	31____	112338	1	0	0	0	0	1	0	0	0	0	0
C	Marios	21	150	15	1	31____	112341	1	0	0	0	0	0	0	0	0	1	0
C	Marios	21	150	15	1	31____	112346	1	0	0	0	0	1	0	0	0	0	0
C	Marios	21	150	15	1	31____	112349	1	0	0	0	0	0	0	0	0	1	0
C	Marios	21	150	15	1	31____	112365	1	0	0	0	0	1	0	0	0	0	0
C	Marios	21	150	15	1	31____	112390	1	0	0	0	0	0	0	0	0	1	0
C	Marios	21	150	15	1	31____	112393	1	0	0	0	0	1	0	0	0	0	0
C	Marios	21	150	15	1	31____	112397	1	0	0	0	0	0	0	0	0	1	0
C	Marios	21	150	15	1	31____	112421	1	0	0	0	0	1	0	0	0	0	0
C	Marios	21	150	15	1	31____	112446	1	0	0	0	0	0	0	0	0	1	0
C	Marios	21	150	15	1	31____	112463	1	0	0	0	0	1	0	0	0	0	0
C	Marios	21	150	15	1	31____	112510	1	0	0	0	0	0	0	0	0	1	0
C	Marios	21	150	15	1	31____	112511	1	0	0	0	0	1	0	0	0	0	0
C	Marios	21	150	15	1	31____	112516	1	0	0	0	0	0	0	0	0	1	0
C	Marios	21	150	15	1	31____	113003	1	0	0	0	0	1	0	0	0	0	0
C	Marios	21	150	15	1	31____	113071	1	0	0	0	0	1	0	0	0	1	0
C	Marios	21	150	15	1	31____	113091	1	0	0	0	0	1	0	0	0	1	0
C	Marios	21	150	15	1	31____	113146	1	0	0	0	0	0	0	0	0	1	0
C	Marios	21	150	15	1	31____	113150	1	0	0	0	0	1	0	0	0	0	0
C	Marios	21	150	15	1	31____	113162	1	0	0	0	0	0	0	0	0	1	0
C	Marios	21	150	15	1	31____	113164	1	0	0	0	0	1	0	0	0	0	0
C	Marios	21	150	15	1	31____	113166	1	0	0	0	0	0	0	0	0	1	0
C	Marios	21	150	15	1	31____	113204	1	0	0	0	0	1	0	0	0	0	0
C	Marios	21	150	15	1	31____	113206	1	0	0	0	0	0	0	0	0	1	0
C	Marios	21	150	15	1	31____	113238	1	0	0	0	0	1	0	0	0	0	0
C	Marios	21	150	15	1	31____	113438	1	0	0	0	0	0	0	0	0	1	0
C	Marios	21	150	15	1	31____	113439	1	0	0	0	0	1	0	0	0	0	0
C	Marios	21	150	15	1	31____	113452	1	0	0	0	0	0	0	0	0	1	0
C	Marios	21	150	15	1	31____	114500	1	2	0	0	0	0	0	0	0	0	0
C	Marios	21	150	15	1	31____	115000	2	17	0	0	0	0	0	0	0	0	0
C	Marios	21	150	15	1	31____	115500	17	15	0	0	0	0	0	0	0	0	0
C	Marios	21	150	15	1	31____	115676	15	0	0	0	0	1	0	0	0	0	0
C	Marios	21	150	15	1	31____	115692	15	0	0	0	0	0	0	0	0	1	0
C	Marios	21	150	15	1	31____	115785	15	0	0	0	0	1	0	0	0	0	0
C	Marios	21	150	15	1	31____	115792	15	0	0	0	0	0	0	0	0	1	0
C	Marios	21	150	15	1	31____	116000	15	1	0	0	0	0	0	0	0	0	0
C	Marios	21	150	15	1	31____	116846	1	0	0	0	0	1	0	0	0	0	0
C	Marios	21	150	15	1	31____	116863	1	0	0	0	0	0	0	0	0	1	0
C	Marios	21	150	15	1	31____	117284	1	0	0	0	0	1	0	0	0	0	0
C	Marios	21	150	15	1	31____	117367	1	0	0	0	0	0	0	0	0	1	0
C	Marios	21	150	15	1	31____	117945	1	0	0	0	0	1	0	0	0	0	0
C	Marios	21	150	15	1	31____	117950	1	0	0	0	0	0	0	0	0	1	0
C	Marios	21	150	15	1	31____	118586	1	0	0	0	0	1	0	0	0	0	0
C	Marios	21	150	15	1	31____	118626	1	0	0	0	0	1	0	0	0	1	0
C	Marios	21	150	15	1	31____	118632	1	0	0	0	0	0	0	0	0	1	0
C	Marios	21	150	15	1	31____	118635	1	0	0	0	0	1	0	0	0	0	0
C	Marios	21	150	15	1	31____	118647	1	0	0	0	0	0	0	0	0	1	0
C	Marios	21	150	15	1	31____	118666	1	0	0	0	0	1	0	0	0	0	0
C	Marios	21	150	15	1	31____	118754	1	0	0	0	0	0	0	0	0	1	0
C	Marios	21	150	15	1	31____	118755	1	0	0	0	0	1	0	0	0	0	0
C	Marios	21	150	15	1	31____	118758	1	0	0	0	0	0	0	0	0	1	0
C	Marios	21	150	15	1	31____	118761	1	0	0	0	0	1	0	0	0	0	0
C	Marios	21	150	15	1	31____	118767	1	0	0	0	0	0	0	0	0	1	0
C	Marios	21	150	15	1	31____	118821	1	0	0	0	0	1	0	0	0	0	0
C	Marios	21	150	15	1	31____	118893	1	0	0	0	0	1	0	0	0	1	0
C	Marios	21	150	15	1	31____	118901	1	0	0	0	0	0	0	0	0	1	0
C	Marios	21	150	15	1	31____	122000	1	2	0	0	0	0	0	0	0	0	0
C	Marios	21	150	15	1	31____	122500	2	16	0	0	0	0	0	0	0	0	0
C	Marios	21	150	15	1	31____	122913	16	0	0	0	0	1	0	0	0	0	0
C	Marios	21	150	15	1	31____	122975	16	0	0	0	0	0	0	0	0	1	0
C	Marios	21	150	15	1	31____	122993	16	0	0	0	0	1	0	0	0	0	0
C	Marios	21	150	15	1	31____	123000	16	15	0	0	0	0	0	0	0	0	0
C	Marios	21	150	15	1	31____	123032	15	0	0	0	0	0	0	0	0	1	0
C	Marios	21	150	15	1	31____	123355	15	0	0	0	0	1	0	0	0	0	0
C	Marios	21	150	15	1	31____	123402	15	0	0	0	0	0	0	0	0	1	0
C	Marios	21	150	15	1	31____	123500	15	1	0	0	0	0	0	0	0	0	0
C	Marios	21	150	15	1	31____	126548	1	0	0	0	0	1	0	0	0	0	0
C	Marios	21	150	15	1	31____	126595	1	0	0	0	0	0	0	0	0	1	0
C	Marios	21	150	15	1	31____	128568	1	0	0	0	0	1	0	0	0	0	0
C	Marios	21	150	15	1	31____	128584	1	0	0	0	0	0	0	0	0	1	0
C	Marios	21	150	15	1	31____	128610	1	0	0	0	0	1	0	0	0	0	0
C	Marios	21	150	15	1	31____	128618	1	0	0	0	0	0	0	0	0	1	0
C	Marios	21	150	15	1	31____	128622	1	0	0	0	0	1	0	0	0	0	0
C	Marios	21	150	15	1	31____	128631	1	0	0	0	0	0	0	0	0	1	0
C	Marios	21	150	15	1	31____	128681	1	0	0	0	0	1	0	0	0	0	0
C	Marios	21	150	15	1	31____	128758	1	0	0	0	0	0	0	0	0	1	0
C	Marios	21	150	15	1	31____	128785	1	0	0	0	0	1	0	0	0	0	0
C	Marios	21	150	15	1	31____	128799	1	0	0	0	0	0	0	0	0	1	0
C	Marios	21	150	15	1	31____	129000	1	2	0	0	0	0	0	0	0	0	0
C	Marios	21	150	15	1	31____	129344	2	0	0	0	0	1	0	0	0	0	0
C	Marios	21	150	15	1	31____	129356	2	0	0	0	0	0	0	0	0	1	0
C	Marios	21	150	15	1	31____	129500	2	16	0	0	0	0	0	0	0	0	0
C	Marios	21	150	15	1	31____	130000	16	15	0	0	0	0	0	0	0	0	0
C	Marios	21	150	15	1	31____	130475	15	0	0	0	0	1	0	0	0	0	0
C	Marios	21	150	15	1	31____	130500	15	1	0	0	0	0	0	0	0	0	0
C	Marios	21	150	15	1	31____	130534	1	0	0	0	0	0	0	0	0	1	0
C	Marios	21	150	15	1	31____	132000	1	2	0	0	0	0	0	0	0	0	0
C	Marios	21	150	15	1	31____	132071	2	0	0	0	0	1	0	0	0	0	0
C	Marios	21	150	15	1	31____	132079	2	0	0	0	0	0	0	0	0	1	0
C	Marios	21	150	15	1	31____	132500	2	6	0	0	0	0	0	0	0	0	0
C	Marios	21	150	15	1	31____	132534	6	0	0	0	0	1	0	0	0	0	0
C	Marios	21	150	15	1	31____	132623	6	0	0	0	0	0	0	0	0	1	0
C	Marios	21	150	15	1	31____	132635	6	0	0	0	0	1	0	0	0	0	0
C	Marios	21	150	15	1	31____	132712	6	0	0	0	0	0	0	0	0	1	0
C	Marios	21	150	15	1	31____	132715	6	0	0	0	0	1	0	0	0	0	0
C	Marios	21	150	15	1	31____	132852	6	0	0	0	0	0	0	0	0	1	0
C	Marios	21	150	15	1	31____	132882	6	0	0	0	0	1	0	0	0	0	0
C	Marios	21	150	15	1	31____	132904	6	0	0	0	0	0	0	0	0	1	0
C	Marios	21	150	15	1	31____	132922	6	0	0	0	0	1	0	0	0	0	0
C	Marios	21	150	15	1	31____	133000	6	10	0	0	0	0	0	0	0	0	0
C	Marios	21	150	15	1	31____	133404	10	0	0	0	0	0	0	0	0	1	0
C	Marios	21	150	15	1	31____	133451	10	0	0	0	0	1	0	0	0	0	0
C	Marios	21	150	15	1	31____	133454	10	0	0	0	0	0	0	0	0	1	0
C	Marios	21	150	15	1	31____	133500	10	1	0	0	0	0	0	0	0	0	0
C	Marios	21	150	15	1	31____	133519	1	0	0	0	0	1	0	0	0	0	0
C	Marios	21	150	15	1	31____	133522	1	0	0	0	0	0	0	0	0	1	0
C	Marios	21	150	15	1	31____	133524	1	0	0	0	0	1	0	0	0	0	0
C	Marios	21	150	15	1	31____	133530	1	0	0	0	0	0	0	0	0	1	0
C	Marios	21	150	15	1	31____	133542	1	0	0	0	0	1	0	0	0	0	0
C	Marios	21	150	15	1	31____	133545	1	0	0	0	0	0	0	0	0	1	0
C	Marios	21	150	15	1	31____	133612	1	0	0	0	0	1	0	0	0	0	0
C	Marios	21	150	15	1	31____	133673	1	0	0	0	0	0	0	0	0	1	0
C	Marios	21	150	15	1	31____	136500	1	2	0	0	0	0	0	0	0	0	0
C	Marios	21	150	15	1	31____	137000	2	7	0	0	0	0	0	0	0	0	0
C	Marios	21	150	15	1	31____	137049	7	0	0	0	0	1	0	0	0	0	0
C	Marios	21	150	15	1	31____	137095	7	0	0	0	0	0	0	0	0	1	0
C	Marios	21	150	15	1	31____	137112	7	0	0	0	0	1	0	0	0	0	0
C	Marios	21	150	15	1	31____	137209	7	0	0	0	0	0	0	0	0	1	0
C	Marios	21	150	15	1	31____	137270	7	0	0	0	0	1	0	0	0	0	0
C	Marios	21	150	15	1	31____	137379	7	0	0	0	0	0	0	0	0	1	0
C	Marios	21	150	15	1	31____	137391	7	0	0	0	0	1	0	0	0	0	0
C	Marios	21	150	15	1	31____	137492	7	0	0	0	0	0	0	0	0	1	0
C	Marios	21	150	15	1	31____	137500	7	11	0	0	0	0	0	0	0	0	0
C	Marios	21	150	15	1	31____	137544	11	0	0	0	0	1	0	0	0	0	0
C	Marios	21	150	15	1	31____	137836	11	0	0	0	0	0	0	0	0	1	0
C	Marios	21	150	15	1	31____	137840	11	0	0	0	0	1	0	0	0	0	0
C	Marios	21	150	15	1	31____	137843	11	0	0	0	0	0	0	0	0	1	0
C	Marios	21	150	15	1	31____	137845	11	0	0	0	0	1	0	0	0	0	0
C	Marios	21	150	15	1	31____	137886	11	0	0	0	0	0	0	0	0	1	0
C	Marios	21	150	15	1	31____	137961	11	0	0	0	0	1	0	0	0	0	0
C	Marios	21	150	15	1	31____	137963	11	0	0	0	0	0	0	0	0	1	0
C	Marios	21	150	15	1	31____	137966	11	0	0	0	0	1	0	0	0	0	0
C	Marios	21	150	15	1	31____	137969	11	0	0	0	0	0	0	0	0	1	0
C	Marios	21	150	15	1	31____	137972	11	0	0	0	0	1	0	0	0	0	0
C	Marios	21	150	15	1	31____	137979	11	0	0	0	0	1	0	0	0	1	0
C	Marios	21	150	15	1	31____	137983	11	0	0	0	0	0	0	0	0	1	0
C	Marios	21	150	15	1	31____	138000	11	1	0	0	0	0	0	0	0	0	0
C	Marios	21	150	15	1	31____	138086	1	0	0	0	0	1	0	0	0	0	0
C	Marios	21	150	15	1	31____	138097	1	0	0	0	0	0	0	0	0	1	0
C	Marios	21	150	15	1	31____	138492	1	0	0	0	0	1	0	0	0	0	0
C	Marios	21	150	15	1	31____	138536	1	0	0	0	0	0	0	0	0	1	0
C	Marios	21	150	15	1	31____	140584	1	0	0	0	0	1	0	0	0	0	0
C	Marios	21	150	15	1	31____	140611	1	0	0	0	0	0	0	0	0	1	0
C	Marios	21	150	15	1	31____	141226	1	0	0	0	0	1	0	0	0	0	0
C	Marios	21	150	15	1	31____	141233	1	0	0	0	0	0	0	0	0	1	0
C	Marios	21	150	15	1	31____	141985	1	0	0	0	0	1	0	0	0	0	0
C	Marios	21	150	15	1	31____	142026	1	0	0	0	0	0	0	0	0	1	0
C	Marios	21	150	15	1	31____	142500	1	2	0	0	0	0	0	0	0	0	0
C	Marios	21	150	15	1	31____	142918	2	0	0	0	0	1	0	0	0	0	0
C	Marios	21	150	15	1	31____	142924	2	0	0	0	0	0	0	0	0	1	0
C	Marios	21	150	15	1	31____	142930	2	0	0	0	0	1	0	0	0	0	0
C	Marios	21	150	15	1	31____	142993	2	0	0	0	0	0	0	0	0	1	0
C	Marios	21	150	15	1	31____	143000	2	17	0	0	0	0	0	0	0	0	0
C	Marios	21	150	15	1	31____	143056	17	0	0	0	0	1	0	0	0	0	0
C	Marios	21	150	15	1	31____	143089	17	0	0	0	0	0	0	0	0	1	0
C	Marios	21	150	15	1	31____	143202	17	0	0	0	0	1	0	0	0	0	0
C	Marios	21	150	15	1	31____	143210	17	0	0	0	0	0	0	0	0	1	0
C	Marios	21	150	15	1	31____	143281	17	0	0	0	0	1	0	0	0	0	0
C	Marios	21	150	15	1	31____	143480	17	0	0	0	0	0	0	0	0	1	0
C	Marios	21	150	15	1	31____	143482	17	0	0	0	0	1	0	0	0	0	0
C	Marios	21	150	15	1	31____	143499	17	0	0	0	0	0	0	0	0	1	0
C	Marios	21	150	15	1	31____	143500	17	15	0	0	0	0	0	0	0	0	0
C	Marios	21	150	15	1	31____	143541	15	0	0	0	0	1	0	0	0	0	0
C	Marios	21	150	15	1	31____	143704	15	0	0	0	0	0	0	0	0	1	0
C	Marios	21	150	15	1	31____	144000	15	14	0	0	0	0	0	0	0	0	0
C	Marios	21	150	15	1	31____	144793	14	0	0	0	0	1	0	0	0	0	0
C	Marios	21	150	15	1	31____	144809	14	0	0	0	0	0	0	0	0	1	0
C	Marios	21	150	15	1	31____	145211	14	0	0	0	0	1	0	0	0	0	0
C	Marios	21	150	15	1	31____	145234	14	0	0	0	0	0	0	0	0	1	0
C	Marios	21	150	15	1	31____	147000	14	-1	0	0	0	0	0	0	0	0	0
