Project	UserID	Protocol	Session	Station	Run	Subject	Time	Current State	Transition State	Transition Event	A1 - LLR	A2 - RLR	A3 - MAG	A4 - 	A[1] LLR_OFF	A[2] RLR_OFF	A[3] MAG_OFF	A[4] 
C	Marios	23	156	1	1	7_____	0	0	1	0	0	0	0	0	0	0	0	0
C	Marios	23	156	1	1	7_____	136	1	0	0	0	0	1	0	0	0	0	0
C	Marios	23	156	1	1	7_____	171	1	0	0	0	0	0	0	0	0	1	0
C	Marios	23	156	1	1	7_____	982	1	0	0	0	0	1	0	0	0	0	0
C	Marios	23	156	1	1	7_____	1013	1	0	0	0	0	0	0	0	0	1	0
C	Marios	23	156	1	1	7_____	2934	1	0	0	0	0	1	0	0	0	0	0
C	Marios	23	156	1	1	7_____	2968	1	0	0	0	0	0	0	0	0	1	0
C	Marios	23	156	1	1	7_____	2979	1	0	0	0	0	1	0	0	0	0	0
C	Marios	23	156	1	1	7_____	2999	1	0	0	0	0	0	0	0	0	1	0
C	Marios	23	156	1	1	7_____	3016	1	0	0	0	0	1	0	0	0	0	0
C	Marios	23	156	1	1	7_____	3020	1	0	0	0	0	0	0	0	0	1	0
C	Marios	23	156	1	1	7_____	3658	1	0	0	0	0	1	0	0	0	0	0
C	Marios	23	156	1	1	7_____	3671	1	0	0	0	0	0	0	0	0	1	0
C	Marios	23	156	1	1	7_____	3750	1	2	0	0	0	0	0	0	0	0	0
C	Marios	23	156	1	1	7_____	4250	2	17	0	0	0	0	0	0	0	0	0
C	Marios	23	156	1	1	7_____	4750	17	15	0	0	0	0	0	0	0	0	0
C	Marios	23	156	1	1	7_____	5016	15	0	0	0	0	1	0	0	0	0	0
C	Marios	23	156	1	1	7_____	5018	15	0	0	0	0	0	0	0	0	1	0
C	Marios	23	156	1	1	7_____	5250	15	1	0	0	0	0	0	0	0	0	0
C	Marios	23	156	1	1	7_____	5985	1	0	0	0	0	1	0	0	0	0	0
C	Marios	23	156	1	1	7_____	5987	1	0	0	0	0	0	0	0	0	1	0
C	Marios	23	156	1	1	7_____	6045	1	0	0	0	0	1	0	0	0	0	0
C	Marios	23	156	1	1	7_____	6081	1	0	0	0	0	0	0	0	0	1	0
C	Marios	23	156	1	1	7_____	8007	1	0	0	0	0	1	0	0	0	0	0
C	Marios	23	156	1	1	7_____	8022	1	0	0	0	0	0	0	0	0	1	0
C	Marios	23	156	1	1	7_____	8498	1	0	0	0	0	1	0	0	0	0	0
C	Marios	23	156	1	1	7_____	8502	1	0	0	0	0	0	0	0	0	1	0
C	Marios	23	156	1	1	7_____	8596	1	0	0	0	0	1	0	0	0	0	0
C	Marios	23	156	1	1	7_____	8603	1	0	0	0	0	0	0	0	0	1	0
C	Marios	23	156	1	1	7_____	8604	1	0	0	0	0	1	0	0	0	0	0
C	Marios	23	156	1	1	7_____	8615	1	0	0	0	0	0	0	0	0	1	0
C	Marios	23	156	1	1	7_____	9750	1	2	0	0	0	0	0	0	0	0	0
C	Marios	23	156	1	1	7_____	10019	2	0	0	0	0	1	0	0	0	0	0
C	Marios	23	156	1	1	7_____	10055	2	0	0	0	0	0	0	0	0	1	0
C	Marios	23	156	1	1	7_____	10250	2	7	0	0	0	0	0	0	0	0	0
C	Marios	23	156	1	1	7_____	10577	7	0	0	0	0	1	0	0	0	0	0
C	Marios	23	156	1	1	7_____	10616	7	0	0	0	0	0	0	0	0	1	0
C	Marios	23	156	1	1	7_____	10682	7	0	0	0	0	1	0	0	0	0	0
C	Marios	23	156	1	1	7_____	10714	7	0	0	0	0	0	0	0	0	1	0
C	Marios	23	156	1	1	7_____	10750	7	10	0	0	0	0	0	0	0	0	0
C	Marios	23	156	1	1	7_____	10760	10	0	0	0	0	1	0	0	0	0	0
C	Marios	23	156	1	1	7_____	10917	10	0	0	0	0	0	0	0	0	1	0
C	Marios	23	156	1	1	7_____	11056	10	0	0	0	0	1	0	0	0	0	0
C	Marios	23	156	1	1	7_____	11073	10	0	0	0	0	0	0	0	0	1	0
C	Marios	23	156	1	1	7_____	11250	10	1	0	0	0	0	0	0	0	0	0
C	Marios	23	156	1	1	7_____	12466	1	0	0	0	0	1	0	0	0	0	0
C	Marios	23	156	1	1	7_____	12557	1	0	0	0	0	0	0	0	0	1	0
C	Marios	23	156	1	1	7_____	12565	1	0	0	0	0	1	0	0	0	0	0
C	Marios	23	156	1	1	7_____	12571	1	0	0	0	0	0	0	0	0	1	0
C	Marios	23	156	1	1	7_____	12584	1	0	0	0	0	1	0	0	0	0	0
C	Marios	23	156	1	1	7_____	12615	1	0	0	0	0	0	0	0	0	1	0
C	Marios	23	156	1	1	7_____	12622	1	0	0	0	0	1	0	0	0	0	0
C	Marios	23	156	1	1	7_____	12664	1	0	0	0	0	0	0	0	0	1	0
C	Marios	23	156	1	1	7_____	12672	1	0	0	0	0	1	0	0	0	0	0
C	Marios	23	156	1	1	7_____	12684	1	0	0	0	0	0	0	0	0	1	0
C	Marios	23	156	1	1	7_____	14050	1	0	0	0	0	1	0	0	0	0	0
C	Marios	23	156	1	1	7_____	14117	1	0	0	0	0	0	0	0	0	1	0
C	Marios	23	156	1	1	7_____	15501	1	0	0	0	0	1	0	0	0	0	0
C	Marios	23	156	1	1	7_____	15562	1	0	0	0	0	0	0	0	0	1	0
C	Marios	23	156	1	1	7_____	16125	1	0	0	0	0	1	0	0	0	0	0
C	Marios	23	156	1	1	7_____	16133	1	0	0	0	0	0	0	0	0	1	0
C	Marios	23	156	1	1	7_____	17209	1	0	0	0	0	1	0	0	0	0	0
C	Marios	23	156	1	1	7_____	17211	1	0	0	0	0	0	0	0	0	1	0
C	Marios	23	156	1	1	7_____	17278	1	0	0	0	0	1	0	0	0	0	0
C	Marios	23	156	1	1	7_____	17301	1	0	0	0	0	0	0	0	0	1	0
C	Marios	23	156	1	1	7_____	18000	1	2	0	0	0	0	0	0	0	0	0
C	Marios	23	156	1	1	7_____	18500	2	16	0	0	0	0	0	0	0	0	0
C	Marios	23	156	1	1	7_____	18600	16	0	0	0	0	1	0	0	0	0	0
C	Marios	23	156	1	1	7_____	18622	16	0	0	0	0	0	0	0	0	1	0
C	Marios	23	156	1	1	7_____	18684	16	0	0	0	0	1	0	0	0	0	0
C	Marios	23	156	1	1	7_____	18759	16	0	0	0	0	0	0	0	0	1	0
C	Marios	23	156	1	1	7_____	18803	16	0	0	0	0	1	0	0	0	0	0
C	Marios	23	156	1	1	7_____	18820	16	0	0	0	0	0	0	0	0	1	0
C	Marios	23	156	1	1	7_____	18882	16	0	0	0	0	1	0	0	0	0	0
C	Marios	23	156	1	1	7_____	18895	16	0	0	0	0	0	0	0	0	1	0
C	Marios	23	156	1	1	7_____	18952	16	0	0	0	0	1	0	0	0	0	0
C	Marios	23	156	1	1	7_____	19000	16	15	0	0	0	0	0	0	0	0	0
C	Marios	23	156	1	1	7_____	19034	15	0	0	0	0	0	0	0	0	1	0
C	Marios	23	156	1	1	7_____	19500	15	1	0	0	0	0	0	0	0	0	0
C	Marios	23	156	1	1	7_____	19651	1	0	0	0	0	1	0	0	0	0	0
C	Marios	23	156	1	1	7_____	19722	1	0	0	0	0	0	0	0	0	1	0
C	Marios	23	156	1	1	7_____	21548	1	0	0	0	0	1	0	0	0	0	0
C	Marios	23	156	1	1	7_____	21618	1	0	0	0	0	0	0	0	0	1	0
C	Marios	23	156	1	1	7_____	21671	1	0	0	0	0	1	0	0	0	0	0
C	Marios	23	156	1	1	7_____	21686	1	0	0	0	0	0	0	0	0	1	0
C	Marios	23	156	1	1	7_____	23000	1	2	0	0	0	0	0	0	0	0	0
C	Marios	23	156	1	1	7_____	23500	2	6	0	0	0	0	0	0	0	0	0
C	Marios	23	156	1	1	7_____	23523	6	0	0	0	0	1	0	0	0	0	0
C	Marios	23	156	1	1	7_____	23551	6	0	0	0	0	0	0	0	0	1	0
C	Marios	23	156	1	1	7_____	23582	6	0	0	0	0	1	0	0	0	0	0
C	Marios	23	156	1	1	7_____	23605	6	0	0	0	0	0	0	0	0	1	0
C	Marios	23	156	1	1	7_____	23643	6	0	0	0	0	1	0	0	0	0	0
C	Marios	23	156	1	1	7_____	23666	6	0	0	0	0	0	0	0	0	1	0
C	Marios	23	156	1	1	7_____	23729	6	0	0	0	0	1	0	0	0	0	0
C	Marios	23	156	1	1	7_____	23762	6	0	0	0	0	0	0	0	0	1	0
C	Marios	23	156	1	1	7_____	23792	6	0	0	0	0	1	0	0	0	0	0
C	Marios	23	156	1	1	7_____	23810	6	0	0	0	0	0	0	0	0	1	0
C	Marios	23	156	1	1	7_____	23841	6	0	0	0	0	1	0	0	0	0	0
C	Marios	23	156	1	1	7_____	23869	6	0	0	0	0	0	0	0	0	1	0
C	Marios	23	156	1	1	7_____	23958	6	0	0	0	0	1	0	0	0	0	0
C	Marios	23	156	1	1	7_____	23981	6	0	0	0	0	0	0	0	0	1	0
C	Marios	23	156	1	1	7_____	23984	6	0	0	0	0	1	0	0	0	0	0
C	Marios	23	156	1	1	7_____	24000	6	11	0	0	0	0	0	0	0	0	0
C	Marios	23	156	1	1	7_____	24232	11	0	0	0	0	0	0	0	0	1	0
C	Marios	23	156	1	1	7_____	24233	11	0	0	0	0	1	0	0	0	0	0
C	Marios	23	156	1	1	7_____	24260	11	0	0	0	0	0	0	0	0	1	0
C	Marios	23	156	1	1	7_____	24261	11	0	0	0	0	1	0	0	0	0	0
C	Marios	23	156	1	1	7_____	24321	11	0	0	0	0	0	0	0	0	1	0
C	Marios	23	156	1	1	7_____	24500	11	1	0	0	0	0	0	0	0	0	0
C	Marios	23	156	1	1	7_____	26750	1	2	0	0	0	0	0	0	0	0	0
C	Marios	23	156	1	1	7_____	27250	2	17	0	0	0	0	0	0	0	0	0
C	Marios	23	156	1	1	7_____	27750	17	15	0	0	0	0	0	0	0	0	0
C	Marios	23	156	1	1	7_____	28250	15	1	0	0	0	0	0	0	0	0	0
C	Marios	23	156	1	1	7_____	28419	1	0	0	0	0	1	0	0	0	0	0
C	Marios	23	156	1	1	7_____	28425	1	0	0	0	0	0	0	0	0	1	0
C	Marios	23	156	1	1	7_____	30133	1	0	0	0	0	1	0	0	0	0	0
C	Marios	23	156	1	1	7_____	30277	1	0	0	0	0	0	0	0	0	1	0
C	Marios	23	156	1	1	7_____	30750	1	0	0	0	0	1	0	0	0	0	0
C	Marios	23	156	1	1	7_____	30779	1	0	0	0	0	0	0	0	0	1	0
C	Marios	23	156	1	1	7_____	30784	1	0	0	0	0	1	0	0	0	0	0
C	Marios	23	156	1	1	7_____	30787	1	0	0	0	0	0	0	0	0	1	0
C	Marios	23	156	1	1	7_____	31250	1	2	0	0	0	0	0	0	0	0	0
C	Marios	23	156	1	1	7_____	31447	2	0	0	0	0	1	0	0	0	0	0
C	Marios	23	156	1	1	7_____	31458	2	0	0	0	0	0	0	0	0	1	0
C	Marios	23	156	1	1	7_____	31750	2	16	0	0	0	0	0	0	0	0	0
C	Marios	23	156	1	1	7_____	32250	16	15	0	0	0	0	0	0	0	0	0
C	Marios	23	156	1	1	7_____	32469	15	0	0	0	0	1	0	0	0	0	0
C	Marios	23	156	1	1	7_____	32491	15	0	0	0	0	0	0	0	0	1	0
C	Marios	23	156	1	1	7_____	32750	15	1	0	0	0	0	0	0	0	0	0
C	Marios	23	156	1	1	7_____	33931	1	0	0	0	0	1	0	0	0	0	0
C	Marios	23	156	1	1	7_____	34006	1	0	0	0	0	0	0	0	0	1	0
C	Marios	23	156	1	1	7_____	34079	1	0	0	0	0	1	0	0	0	0	0
C	Marios	23	156	1	1	7_____	34083	1	0	0	0	0	0	0	0	0	1	0
C	Marios	23	156	1	1	7_____	34088	1	0	0	0	0	1	0	0	0	0	0
C	Marios	23	156	1	1	7_____	34090	1	0	0	0	0	0	0	0	0	1	0
C	Marios	23	156	1	1	7_____	35099	1	0	0	0	0	1	0	0	0	0	0
C	Marios	23	156	1	1	7_____	35110	1	0	0	0	0	0	0	0	0	1	0
C	Marios	23	156	1	1	7_____	35200	1	0	0	0	0	1	0	0	0	0	0
C	Marios	23	156	1	1	7_____	35737	1	0	0	0	0	0	0	0	0	1	0
C	Marios	23	156	1	1	7_____	39268	1	0	0	0	0	1	0	0	0	0	0
C	Marios	23	156	1	1	7_____	39351	1	0	0	0	0	0	0	0	0	1	0
C	Marios	23	156	1	1	7_____	40250	1	2	0	0	0	0	0	0	0	0	0
C	Marios	23	156	1	1	7_____	40596	2	0	0	0	0	1	0	0	0	0	0
C	Marios	23	156	1	1	7_____	40599	2	0	0	0	0	0	0	0	0	1	0
C	Marios	23	156	1	1	7_____	40750	2	16	0	0	0	0	0	0	0	0	0
C	Marios	23	156	1	1	7_____	41250	16	15	0	0	0	0	0	0	0	0	0
C	Marios	23	156	1	1	7_____	41684	15	0	0	0	0	1	0	0	0	0	0
C	Marios	23	156	1	1	7_____	41702	15	0	0	0	0	0	0	0	0	1	0
C	Marios	23	156	1	1	7_____	41750	15	1	0	0	0	0	0	0	0	0	0
C	Marios	23	156	1	1	7_____	44445	1	0	0	0	0	1	0	0	0	0	0
C	Marios	23	156	1	1	7_____	44587	1	0	0	0	0	0	0	0	0	1	0
C	Marios	23	156	1	1	7_____	46526	1	0	0	0	0	1	0	0	0	0	0
C	Marios	23	156	1	1	7_____	46744	1	0	0	0	0	0	0	0	0	1	0
C	Marios	23	156	1	1	7_____	47250	1	2	0	0	0	0	0	0	0	0	0
C	Marios	23	156	1	1	7_____	47750	2	17	0	0	0	0	0	0	0	0	0
C	Marios	23	156	1	1	7_____	48250	17	15	0	0	0	0	0	0	0	0	0
C	Marios	23	156	1	1	7_____	48750	15	1	0	0	0	0	0	0	0	0	0
C	Marios	23	156	1	1	7_____	48974	1	0	0	0	0	1	0	0	0	0	0
C	Marios	23	156	1	1	7_____	49078	1	0	0	0	0	0	0	0	0	1	0
C	Marios	23	156	1	1	7_____	50250	1	2	0	0	0	0	0	0	0	0	0
C	Marios	23	156	1	1	7_____	50750	2	16	0	0	0	0	0	0	0	0	0
C	Marios	23	156	1	1	7_____	51250	16	15	0	0	0	0	0	0	0	0	0
C	Marios	23	156	1	1	7_____	51750	15	1	0	0	0	0	0	0	0	0	0
C	Marios	23	156	1	1	7_____	51966	1	0	0	0	0	1	0	0	0	0	0
C	Marios	23	156	1	1	7_____	51970	1	0	0	0	0	0	0	0	0	1	0
C	Marios	23	156	1	1	7_____	51977	1	0	0	0	0	1	0	0	0	0	0
C	Marios	23	156	1	1	7_____	52008	1	0	0	0	0	0	0	0	0	1	0
C	Marios	23	156	1	1	7_____	53045	1	0	0	0	0	1	0	0	0	0	0
C	Marios	23	156	1	1	7_____	53126	1	0	0	0	0	0	0	0	0	1	0
C	Marios	23	156	1	1	7_____	54615	1	0	0	0	0	1	0	0	0	0	0
C	Marios	23	156	1	1	7_____	54629	1	0	0	0	0	0	0	0	0	1	0
C	Marios	23	156	1	1	7_____	55518	1	0	0	0	0	1	0	0	0	0	0
C	Marios	23	156	1	1	7_____	55599	1	0	0	0	0	0	0	0	0	1	0
C	Marios	23	156	1	1	7_____	55619	1	0	0	0	0	1	0	0	0	0	0
C	Marios	23	156	1	1	7_____	55645	1	0	0	0	0	0	0	0	0	1	0
C	Marios	23	156	1	1	7_____	55800	1	0	0	0	0	1	0	0	0	0	0
C	Marios	23	156	1	1	7_____	55921	1	0	0	0	0	0	0	0	0	1	0
C	Marios	23	156	1	1	7_____	57000	1	2	0	0	0	0	0	0	0	0	0
C	Marios	23	156	1	1	7_____	57500	2	7	0	0	0	0	0	0	0	0	0
C	Marios	23	156	1	1	7_____	57530	7	0	0	0	0	1	0	0	0	0	0
C	Marios	23	156	1	1	7_____	57564	7	0	0	0	0	0	0	0	0	1	0
C	Marios	23	156	1	1	7_____	57586	7	0	0	0	0	1	0	0	0	0	0
C	Marios	23	156	1	1	7_____	57613	7	0	0	0	0	0	0	0	0	1	0
C	Marios	23	156	1	1	7_____	57631	7	0	0	0	0	1	0	0	0	0	0
C	Marios	23	156	1	1	7_____	57659	7	0	0	0	0	0	0	0	0	1	0
C	Marios	23	156	1	1	7_____	57672	7	0	0	0	0	1	0	0	0	0	0
C	Marios	23	156	1	1	7_____	57694	7	0	0	0	0	0	0	0	0	1	0
C	Marios	23	156	1	1	7_____	57734	7	0	0	0	0	1	0	0	0	0	0
C	Marios	23	156	1	1	7_____	57823	7	0	0	0	0	0	0	0	0	1	0
C	Marios	23	156	1	1	7_____	57866	7	0	0	0	0	1	0	0	0	0	0
C	Marios	23	156	1	1	7_____	57905	7	0	0	0	0	0	0	0	0	1	0
C	Marios	23	156	1	1	7_____	57916	7	0	0	0	0	1	0	0	0	0	0
C	Marios	23	156	1	1	7_____	57984	7	0	0	0	0	0	0	0	0	1	0
C	Marios	23	156	1	1	7_____	58000	7	10	0	0	0	0	0	0	0	0	0
C	Marios	23	156	1	1	7_____	58014	10	0	0	0	0	1	0	0	0	0	0
C	Marios	23	156	1	1	7_____	58141	10	0	0	0	0	0	0	0	0	1	0
C	Marios	23	156	1	1	7_____	58500	10	1	0	0	0	0	0	0	0	0	0
C	Marios	23	156	1	1	7_____	58659	1	0	0	0	0	1	0	0	0	0	0
C	Marios	23	156	1	1	7_____	58666	1	0	0	0	0	0	0	0	0	1	0
C	Marios	23	156	1	1	7_____	62236	1	0	0	0	0	1	0	0	0	0	0
C	Marios	23	156	1	1	7_____	62425	1	0	0	0	0	0	0	0	0	1	0
C	Marios	23	156	1	1	7_____	63977	1	0	0	0	0	1	0	0	0	0	0
C	Marios	23	156	1	1	7_____	64028	1	0	0	0	0	0	0	0	0	1	0
C	Marios	23	156	1	1	7_____	64450	1	0	0	0	0	1	0	0	0	0	0
C	Marios	23	156	1	1	7_____	64478	1	0	0	0	0	0	0	0	0	1	0
C	Marios	23	156	1	1	7_____	64500	1	2	0	0	0	0	0	0	0	0	0
C	Marios	23	156	1	1	7_____	65000	2	6	0	0	0	0	0	0	0	0	0
C	Marios	23	156	1	1	7_____	65066	6	0	0	0	0	1	0	0	0	0	0
C	Marios	23	156	1	1	7_____	65091	6	0	0	0	0	0	0	0	0	1	0
C	Marios	23	156	1	1	7_____	65106	6	0	0	0	0	1	0	0	0	0	0
C	Marios	23	156	1	1	7_____	65149	6	0	0	0	0	0	0	0	0	1	0
C	Marios	23	156	1	1	7_____	65174	6	0	0	0	0	1	0	0	0	0	0
C	Marios	23	156	1	1	7_____	65237	6	0	0	0	0	0	0	0	0	1	0
C	Marios	23	156	1	1	7_____	65255	6	0	0	0	0	1	0	0	0	0	0
C	Marios	23	156	1	1	7_____	65265	6	0	0	0	0	0	0	0	0	1	0
C	Marios	23	156	1	1	7_____	65314	6	0	0	0	0	1	0	0	0	0	0
C	Marios	23	156	1	1	7_____	65344	6	0	0	0	0	0	0	0	0	1	0
C	Marios	23	156	1	1	7_____	65362	6	0	0	0	0	1	0	0	0	0	0
C	Marios	23	156	1	1	7_____	65366	6	0	0	0	0	0	0	0	0	1	0
C	Marios	23	156	1	1	7_____	65394	6	0	0	0	0	1	0	0	0	0	0
C	Marios	23	156	1	1	7_____	65449	6	0	0	0	0	0	0	0	0	1	0
C	Marios	23	156	1	1	7_____	65500	6	11	0	0	0	0	0	0	0	0	0
C	Marios	23	156	1	1	7_____	65504	11	0	0	0	0	1	0	0	0	0	0
C	Marios	23	156	1	1	7_____	65823	11	0	0	0	0	0	0	0	0	1	0
C	Marios	23	156	1	1	7_____	66000	11	1	0	0	0	0	0	0	0	0	0
C	Marios	23	156	1	1	7_____	70500	1	2	0	0	0	0	0	0	0	0	0
C	Marios	23	156	1	1	7_____	71000	2	17	0	0	0	0	0	0	0	0	0
C	Marios	23	156	1	1	7_____	71500	17	15	0	0	0	0	0	0	0	0	0
C	Marios	23	156	1	1	7_____	71584	15	0	0	0	0	1	0	0	0	0	0
C	Marios	23	156	1	1	7_____	71745	15	0	0	0	0	0	0	0	0	1	0
C	Marios	23	156	1	1	7_____	71773	15	0	0	0	0	1	0	0	0	0	0
C	Marios	23	156	1	1	7_____	71775	15	0	0	0	0	0	0	0	0	1	0
C	Marios	23	156	1	1	7_____	72000	15	1	0	0	0	0	0	0	0	0	0
C	Marios	23	156	1	1	7_____	73500	1	2	0	0	0	0	0	0	0	0	0
C	Marios	23	156	1	1	7_____	74000	2	6	0	0	0	0	0	0	0	0	0
C	Marios	23	156	1	1	7_____	74041	6	0	0	0	0	1	0	0	0	0	0
C	Marios	23	156	1	1	7_____	74104	6	0	0	0	0	0	0	0	0	1	0
C	Marios	23	156	1	1	7_____	74110	6	0	0	0	0	1	0	0	0	0	0
C	Marios	23	156	1	1	7_____	74115	6	0	0	0	0	0	0	0	0	1	0
C	Marios	23	156	1	1	7_____	74150	6	0	0	0	0	1	0	0	0	0	0
C	Marios	23	156	1	1	7_____	74205	6	0	0	0	0	0	0	0	0	1	0
C	Marios	23	156	1	1	7_____	74218	6	0	0	0	0	1	0	0	0	0	0
C	Marios	23	156	1	1	7_____	74236	6	0	0	0	0	0	0	0	0	1	0
C	Marios	23	156	1	1	7_____	74254	6	0	0	0	0	1	0	0	0	0	0
C	Marios	23	156	1	1	7_____	74276	6	0	0	0	0	0	0	0	0	1	0
C	Marios	23	156	1	1	7_____	74335	6	0	0	0	0	1	0	0	0	0	0
C	Marios	23	156	1	1	7_____	74357	6	0	0	0	0	0	0	0	0	1	0
C	Marios	23	156	1	1	7_____	74371	6	0	0	0	0	1	0	0	0	0	0
C	Marios	23	156	1	1	7_____	74405	6	0	0	0	0	0	0	0	0	1	0
C	Marios	23	156	1	1	7_____	74455	6	0	0	0	0	1	0	0	0	0	0
C	Marios	23	156	1	1	7_____	74500	6	11	0	0	0	0	0	0	0	0	0
C	Marios	23	156	1	1	7_____	74744	11	0	0	0	0	0	0	0	0	1	0
C	Marios	23	156	1	1	7_____	74745	11	0	0	0	0	1	0	0	0	0	0
C	Marios	23	156	1	1	7_____	74793	11	0	0	0	0	0	0	0	0	1	0
C	Marios	23	156	1	1	7_____	75000	11	1	0	0	0	0	0	0	0	0	0
C	Marios	23	156	1	1	7_____	76403	1	0	0	0	0	1	0	0	0	0	0
C	Marios	23	156	1	1	7_____	76405	1	0	0	0	0	0	0	0	0	1	0
C	Marios	23	156	1	1	7_____	76422	1	0	0	0	0	1	0	0	0	0	0
C	Marios	23	156	1	1	7_____	76437	1	0	0	0	0	0	0	0	0	1	0
C	Marios	23	156	1	1	7_____	77451	1	0	0	0	0	1	0	0	0	0	0
C	Marios	23	156	1	1	7_____	77466	1	0	0	0	0	0	0	0	0	1	0
C	Marios	23	156	1	1	7_____	77521	1	0	0	0	0	1	0	0	0	0	0
C	Marios	23	156	1	1	7_____	77612	1	0	0	0	0	0	0	0	0	1	0
C	Marios	23	156	1	1	7_____	78750	1	2	0	0	0	0	0	0	0	0	0
C	Marios	23	156	1	1	7_____	79250	2	7	0	0	0	0	0	0	0	0	0
C	Marios	23	156	1	1	7_____	79290	7	0	0	0	0	1	0	0	0	0	0
C	Marios	23	156	1	1	7_____	79292	7	0	0	0	0	0	0	0	0	1	0
C	Marios	23	156	1	1	7_____	79325	7	0	0	0	0	1	0	0	0	0	0
C	Marios	23	156	1	1	7_____	79327	7	0	0	0	0	0	0	0	0	1	0
C	Marios	23	156	1	1	7_____	79429	7	0	0	0	0	1	0	0	0	0	0
C	Marios	23	156	1	1	7_____	79453	7	0	0	0	0	0	0	0	0	1	0
C	Marios	23	156	1	1	7_____	79509	7	0	0	0	0	1	0	0	0	0	0
C	Marios	23	156	1	1	7_____	79545	7	0	0	0	0	0	0	0	0	1	0
C	Marios	23	156	1	1	7_____	79556	7	0	0	0	0	1	0	0	0	0	0
C	Marios	23	156	1	1	7_____	79559	7	0	0	0	0	0	0	0	0	1	0
C	Marios	23	156	1	1	7_____	79618	7	0	0	0	0	1	0	0	0	0	0
C	Marios	23	156	1	1	7_____	79649	7	0	0	0	0	0	0	0	0	1	0
C	Marios	23	156	1	1	7_____	79668	7	0	0	0	0	1	0	0	0	0	0
C	Marios	23	156	1	1	7_____	79746	7	0	0	0	0	0	0	0	0	1	0
C	Marios	23	156	1	1	7_____	79750	7	10	0	0	0	0	0	0	0	0	0
C	Marios	23	156	1	1	7_____	79772	10	0	0	0	0	1	0	0	0	0	0
C	Marios	23	156	1	1	7_____	79931	10	0	0	0	0	0	0	0	0	1	0
C	Marios	23	156	1	1	7_____	80250	10	1	0	0	0	0	0	0	0	0	0
C	Marios	23	156	1	1	7_____	86250	1	2	0	0	0	0	0	0	0	0	0
C	Marios	23	156	1	1	7_____	86750	2	17	0	0	0	0	0	0	0	0	0
C	Marios	23	156	1	1	7_____	86803	17	0	0	0	0	1	0	0	0	0	0
C	Marios	23	156	1	1	7_____	86814	17	0	0	0	0	0	0	0	0	1	0
C	Marios	23	156	1	1	7_____	87250	17	15	0	0	0	0	0	0	0	0	0
C	Marios	23	156	1	1	7_____	87750	15	1	0	0	0	0	0	0	0	0	0
C	Marios	23	156	1	1	7_____	89272	1	0	0	0	0	1	0	0	0	0	0
C	Marios	23	156	1	1	7_____	89280	1	0	0	0	0	0	0	0	0	1	0
C	Marios	23	156	1	1	7_____	93000	1	2	0	0	0	0	0	0	0	0	0
C	Marios	23	156	1	1	7_____	93500	2	17	0	0	0	0	0	0	0	0	0
C	Marios	23	156	1	1	7_____	94000	17	15	0	0	0	0	0	0	0	0	0
C	Marios	23	156	1	1	7_____	94500	15	1	0	0	0	0	0	0	0	0	0
C	Marios	23	156	1	1	7_____	96635	1	0	0	0	0	1	0	0	0	0	0
C	Marios	23	156	1	1	7_____	96731	1	0	0	0	0	0	0	0	0	1	0
C	Marios	23	156	1	1	7_____	98977	1	0	0	0	0	1	0	0	0	0	0
C	Marios	23	156	1	1	7_____	99264	1	0	0	0	0	0	0	0	0	1	0
C	Marios	23	156	1	1	7_____	100038	1	0	0	0	0	1	0	0	0	0	0
C	Marios	23	156	1	1	7_____	100267	1	0	0	0	0	0	0	0	0	1	0
C	Marios	23	156	1	1	7_____	101250	1	2	0	0	0	0	0	0	0	0	0
C	Marios	23	156	1	1	7_____	101750	2	16	0	0	0	0	0	0	0	0	0
C	Marios	23	156	1	1	7_____	101817	16	0	0	0	0	1	0	0	0	0	0
C	Marios	23	156	1	1	7_____	101886	16	0	0	0	0	0	0	0	0	1	0
C	Marios	23	156	1	1	7_____	102020	16	0	0	0	0	1	0	0	0	0	0
C	Marios	23	156	1	1	7_____	102218	16	0	0	0	0	0	0	0	0	1	0
C	Marios	23	156	1	1	7_____	102250	16	15	0	0	0	0	0	0	0	0	0
C	Marios	23	156	1	1	7_____	102323	15	0	0	0	0	1	0	0	0	0	0
C	Marios	23	156	1	1	7_____	102369	15	0	0	0	0	0	0	0	0	1	0
C	Marios	23	156	1	1	7_____	102750	15	1	0	0	0	0	0	0	0	0	0
C	Marios	23	156	1	1	7_____	105000	1	2	0	0	0	0	0	0	0	0	0
C	Marios	23	156	1	1	7_____	105500	2	16	0	0	0	0	0	0	0	0	0
C	Marios	23	156	1	1	7_____	106000	16	15	0	0	0	0	0	0	0	0	0
C	Marios	23	156	1	1	7_____	106500	15	1	0	0	0	0	0	0	0	0	0
C	Marios	23	156	1	1	7_____	108160	1	0	0	0	0	1	0	0	0	0	0
C	Marios	23	156	1	1	7_____	108245	1	0	0	0	0	0	0	0	0	1	0
C	Marios	23	156	1	1	7_____	108626	1	0	0	0	0	1	0	0	0	0	0
C	Marios	23	156	1	1	7_____	108679	1	0	0	0	0	0	0	0	0	1	0
C	Marios	23	156	1	1	7_____	109500	1	2	0	0	0	0	0	0	0	0	0
C	Marios	23	156	1	1	7_____	109523	2	0	0	0	0	1	0	0	0	0	0
C	Marios	23	156	1	1	7_____	109607	2	0	0	0	0	0	0	0	0	1	0
C	Marios	23	156	1	1	7_____	109707	2	0	0	0	0	1	0	0	0	0	0
C	Marios	23	156	1	1	7_____	109744	2	0	0	0	0	0	0	0	0	1	0
C	Marios	23	156	1	1	7_____	110000	2	16	0	0	0	0	0	0	0	0	0
C	Marios	23	156	1	1	7_____	110500	16	15	0	0	0	0	0	0	0	0	0
C	Marios	23	156	1	1	7_____	110516	15	0	0	0	0	1	0	0	0	0	0
C	Marios	23	156	1	1	7_____	110558	15	0	0	0	0	0	0	0	0	1	0
C	Marios	23	156	1	1	7_____	111000	15	1	0	0	0	0	0	0	0	0	0
C	Marios	23	156	1	1	7_____	111534	1	0	0	0	0	1	0	0	0	0	0
C	Marios	23	156	1	1	7_____	111582	1	0	0	0	0	0	0	0	0	1	0
C	Marios	23	156	1	1	7_____	113028	1	0	0	0	0	1	0	0	0	0	0
C	Marios	23	156	1	1	7_____	113091	1	0	0	0	0	0	0	0	0	1	0
C	Marios	23	156	1	1	7_____	114506	1	0	0	0	0	1	0	0	0	0	0
C	Marios	23	156	1	1	7_____	114610	1	0	0	0	0	0	0	0	0	1	0
C	Marios	23	156	1	1	7_____	115500	1	2	0	0	0	0	0	0	0	0	0
C	Marios	23	156	1	1	7_____	116000	2	7	0	0	0	0	0	0	0	0	0
C	Marios	23	156	1	1	7_____	116306	7	0	0	0	0	1	0	0	0	0	0
C	Marios	23	156	1	1	7_____	116329	7	0	0	0	0	0	0	0	0	1	0
C	Marios	23	156	1	1	7_____	116355	7	0	0	0	0	1	0	0	0	0	0
C	Marios	23	156	1	1	7_____	116427	7	0	0	0	0	0	0	0	0	1	0
C	Marios	23	156	1	1	7_____	116444	7	0	0	0	0	1	0	0	0	0	0
C	Marios	23	156	1	1	7_____	116500	7	10	0	0	0	0	0	0	0	0	0
C	Marios	23	156	1	1	7_____	116514	10	0	0	0	0	0	0	0	0	1	0
C	Marios	23	156	1	1	7_____	116742	10	0	0	0	0	1	0	0	0	0	0
C	Marios	23	156	1	1	7_____	116818	10	0	0	0	0	0	0	0	0	1	0
C	Marios	23	156	1	1	7_____	117000	10	1	0	0	0	0	0	0	0	0	0
C	Marios	23	156	1	1	7_____	118434	1	0	0	0	0	1	0	0	0	0	0
C	Marios	23	156	1	1	7_____	118476	1	0	0	0	0	0	0	0	0	1	0
C	Marios	23	156	1	1	7_____	121500	1	2	0	0	0	1	0	0	0	0	0
C	Marios	23	156	1	1	7_____	121501	2	0	0	0	0	0	0	0	0	1	0
C	Marios	23	156	1	1	7_____	121503	2	0	0	0	0	1	0	0	0	0	0
C	Marios	23	156	1	1	7_____	121607	2	0	0	0	0	0	0	0	0	1	0
C	Marios	23	156	1	1	7_____	122000	2	16	0	0	0	0	0	0	0	0	0
C	Marios	23	156	1	1	7_____	122039	16	0	0	0	0	1	0	0	0	0	0
C	Marios	23	156	1	1	7_____	122056	16	0	0	0	0	0	0	0	0	1	0
C	Marios	23	156	1	1	7_____	122204	16	0	0	0	0	1	0	0	0	0	0
C	Marios	23	156	1	1	7_____	122282	16	0	0	0	0	0	0	0	0	1	0
C	Marios	23	156	1	1	7_____	122500	16	15	0	0	0	0	0	0	0	0	0
C	Marios	23	156	1	1	7_____	123000	15	1	0	0	0	0	0	0	0	0	0
C	Marios	23	156	1	1	7_____	123402	1	0	0	0	0	1	0	0	0	0	0
C	Marios	23	156	1	1	7_____	123467	1	0	0	0	0	0	0	0	0	1	0
C	Marios	23	156	1	1	7_____	125255	1	0	0	0	0	1	0	0	0	0	0
C	Marios	23	156	1	1	7_____	125267	1	0	0	0	0	0	0	0	0	1	0
C	Marios	23	156	1	1	7_____	127008	1	0	0	0	0	1	0	0	0	0	0
C	Marios	23	156	1	1	7_____	127250	1	0	0	0	0	0	0	0	0	1	0
C	Marios	23	156	1	1	7_____	127865	1	0	0	0	0	1	0	0	0	0	0
C	Marios	23	156	1	1	7_____	127921	1	0	0	0	0	0	0	0	0	1	0
C	Marios	23	156	1	1	7_____	127964	1	0	0	0	0	1	0	0	0	0	0
C	Marios	23	156	1	1	7_____	128029	1	0	0	0	0	0	0	0	0	1	0
C	Marios	23	156	1	1	7_____	128656	1	0	0	0	0	1	0	0	0	0	0
C	Marios	23	156	1	1	7_____	128700	1	0	0	0	0	0	0	0	0	1	0
C	Marios	23	156	1	1	7_____	130500	1	2	0	0	0	0	0	0	0	0	0
C	Marios	23	156	1	1	7_____	131000	2	6	0	0	0	0	0	0	0	0	0
C	Marios	23	156	1	1	7_____	131018	6	0	0	0	0	1	0	0	0	0	0
C	Marios	23	156	1	1	7_____	131122	6	0	0	0	0	0	0	0	0	1	0
C	Marios	23	156	1	1	7_____	131162	6	0	0	0	0	1	0	0	0	0	0
C	Marios	23	156	1	1	7_____	131251	6	0	0	0	0	0	0	0	0	1	0
C	Marios	23	156	1	1	7_____	131278	6	0	0	0	0	1	0	0	0	0	0
C	Marios	23	156	1	1	7_____	131350	6	0	0	0	0	0	0	0	0	1	0
C	Marios	23	156	1	1	7_____	131417	6	0	0	0	0	1	0	0	0	0	0
C	Marios	23	156	1	1	7_____	131500	6	11	0	0	0	0	0	0	0	0	0
C	Marios	23	156	1	1	7_____	131924	11	0	0	0	0	1	0	0	0	1	0
C	Marios	23	156	1	1	7_____	131937	11	0	0	0	0	0	0	0	0	1	0
C	Marios	23	156	1	1	7_____	131938	11	0	0	0	0	1	0	0	0	0	0
C	Marios	23	156	1	1	7_____	131941	11	0	0	0	0	0	0	0	0	1	0
C	Marios	23	156	1	1	7_____	132000	11	1	0	0	0	0	0	0	0	0	0
C	Marios	23	156	1	1	7_____	133859	1	0	0	0	0	1	0	0	0	0	0
C	Marios	23	156	1	1	7_____	133889	1	0	0	0	0	0	0	0	0	1	0
C	Marios	23	156	1	1	7_____	135500	1	2	0	0	0	0	0	0	0	0	0
C	Marios	23	156	1	1	7_____	135620	2	0	0	0	0	1	0	0	0	0	0
C	Marios	23	156	1	1	7_____	135665	2	0	0	0	0	0	0	0	0	1	0
C	Marios	23	156	1	1	7_____	136000	2	17	0	0	0	0	0	0	0	0	0
C	Marios	23	156	1	1	7_____	136500	17	15	0	0	0	0	0	0	0	0	0
C	Marios	23	156	1	1	7_____	137000	15	1	0	0	0	0	0	0	0	0	0
C	Marios	23	156	1	1	7_____	137134	1	0	0	0	0	1	0	0	0	0	0
C	Marios	23	156	1	1	7_____	137175	1	0	0	0	0	0	0	0	0	1	0
C	Marios	23	156	1	1	7_____	138911	1	0	0	0	0	1	0	0	0	0	0
C	Marios	23	156	1	1	7_____	138986	1	0	0	0	0	0	0	0	0	1	0
C	Marios	23	156	1	1	7_____	140341	1	0	0	0	0	1	0	0	0	0	0
C	Marios	23	156	1	1	7_____	140393	1	0	0	0	0	0	0	0	0	1	0
C	Marios	23	156	1	1	7_____	142069	1	0	0	0	0	1	0	0	0	0	0
C	Marios	23	156	1	1	7_____	142426	1	0	0	0	0	0	0	0	0	1	0
C	Marios	23	156	1	1	7_____	142500	1	2	0	0	0	0	0	0	0	0	0
C	Marios	23	156	1	1	7_____	143000	2	17	0	0	0	0	0	0	0	0	0
C	Marios	23	156	1	1	7_____	143500	17	15	0	0	0	0	0	0	0	0	0
C	Marios	23	156	1	1	7_____	144000	15	14	0	0	0	0	0	0	0	0	0
C	Marios	23	156	1	1	7_____	144275	14	0	0	0	0	1	0	0	0	0	0
C	Marios	23	156	1	1	7_____	144309	14	0	0	0	0	0	0	0	0	1	0
C	Marios	23	156	1	1	7_____	147000	14	-1	0	0	0	0	0	0	0	0	0
C	Marios	23	156	5	1	32____	0	0	1	0	0	0	0	0	0	0	0	0
C	Marios	23	156	5	1	32____	633	1	0	0	0	0	1	0	0	0	0	0
C	Marios	23	156	5	1	32____	635	1	0	0	0	0	0	0	0	0	1	0
C	Marios	23	156	5	1	32____	649	1	0	0	0	0	1	0	0	0	0	0
C	Marios	23	156	5	1	32____	654	1	0	0	0	0	0	0	0	0	1	0
C	Marios	23	156	5	1	32____	675	1	0	0	0	0	1	0	0	0	0	0
C	Marios	23	156	5	1	32____	722	1	0	0	0	0	0	0	0	0	1	0
C	Marios	23	156	5	1	32____	1578	1	0	0	0	0	1	0	0	0	0	0
C	Marios	23	156	5	1	32____	1582	1	0	0	0	0	0	0	0	0	1	0
C	Marios	23	156	5	1	32____	1622	1	0	0	0	0	1	0	0	0	0	0
C	Marios	23	156	5	1	32____	1631	1	0	0	0	0	0	0	0	0	1	0
C	Marios	23	156	5	1	32____	2740	1	0	0	0	0	1	0	0	0	0	0
C	Marios	23	156	5	1	32____	2747	1	0	0	0	0	0	0	0	0	1	0
C	Marios	23	156	5	1	32____	2761	1	0	0	0	0	1	0	0	0	0	0
C	Marios	23	156	5	1	32____	2783	1	0	0	0	0	0	0	0	0	1	0
C	Marios	23	156	5	1	32____	2794	1	0	0	0	0	1	0	0	0	0	0
C	Marios	23	156	5	1	32____	2803	1	0	0	0	0	0	0	0	0	1	0
C	Marios	23	156	5	1	32____	2819	1	0	0	0	0	1	0	0	0	0	0
C	Marios	23	156	5	1	32____	2854	1	0	0	0	0	0	0	0	0	1	0
C	Marios	23	156	5	1	32____	3485	1	0	0	0	0	1	0	0	0	0	0
C	Marios	23	156	5	1	32____	3497	1	0	0	0	0	0	0	0	0	1	0
C	Marios	23	156	5	1	32____	3750	1	2	0	0	0	0	0	0	0	0	0
C	Marios	23	156	5	1	32____	3820	2	0	0	0	0	1	0	0	0	0	0
C	Marios	23	156	5	1	32____	3931	2	0	0	0	0	0	0	0	0	1	0
C	Marios	23	156	5	1	32____	4250	2	6	0	0	0	0	0	0	0	0	0
C	Marios	23	156	5	1	32____	4298	6	0	0	0	0	1	0	0	0	0	0
C	Marios	23	156	5	1	32____	4309	6	0	0	0	0	0	0	0	0	1	0
C	Marios	23	156	5	1	32____	4343	6	0	0	0	0	1	0	0	0	0	0
C	Marios	23	156	5	1	32____	4353	6	0	0	0	0	0	0	0	0	1	0
C	Marios	23	156	5	1	32____	4429	6	0	0	0	0	1	0	0	0	0	0
C	Marios	23	156	5	1	32____	4460	6	0	0	0	0	0	0	0	0	1	0
C	Marios	23	156	5	1	32____	4490	6	0	0	0	0	1	0	0	0	0	0
C	Marios	23	156	5	1	32____	4536	6	0	0	0	0	0	0	0	0	1	0
C	Marios	23	156	5	1	32____	4566	6	0	0	0	0	1	0	0	0	0	0
C	Marios	23	156	5	1	32____	4627	6	0	0	0	0	0	0	0	0	1	0
C	Marios	23	156	5	1	32____	4656	6	0	0	0	0	1	0	0	0	0	0
C	Marios	23	156	5	1	32____	4719	6	0	0	0	0	0	0	0	0	1	0
C	Marios	23	156	5	1	32____	4749	6	0	0	0	0	1	0	0	0	0	0
C	Marios	23	156	5	1	32____	4750	6	11	0	0	0	0	0	0	0	0	0
C	Marios	23	156	5	1	32____	4890	11	0	0	0	0	0	0	0	0	1	0
C	Marios	23	156	5	1	32____	4893	11	0	0	0	0	1	0	0	0	0	0
C	Marios	23	156	5	1	32____	5010	11	0	0	0	0	0	0	0	0	1	0
C	Marios	23	156	5	1	32____	5016	11	0	0	0	0	1	0	0	0	0	0
C	Marios	23	156	5	1	32____	5018	11	0	0	0	0	0	0	0	0	1	0
C	Marios	23	156	5	1	32____	5109	11	0	0	0	0	1	0	0	0	0	0
C	Marios	23	156	5	1	32____	5142	11	0	0	0	0	0	0	0	0	1	0
C	Marios	23	156	5	1	32____	5250	11	1	0	0	0	0	0	0	0	0	0
C	Marios	23	156	5	1	32____	7234	1	0	0	0	0	1	0	0	0	0	0
C	Marios	23	156	5	1	32____	7316	1	0	0	0	0	0	0	0	0	1	0
C	Marios	23	156	5	1	32____	8253	1	0	0	0	0	1	0	0	0	0	0
C	Marios	23	156	5	1	32____	8332	1	0	0	0	0	0	0	0	0	1	0
C	Marios	23	156	5	1	32____	8869	1	0	0	0	0	1	0	0	0	0	0
C	Marios	23	156	5	1	32____	8874	1	0	0	0	0	0	0	0	0	1	0
C	Marios	23	156	5	1	32____	9125	1	0	0	0	0	1	0	0	0	0	0
C	Marios	23	156	5	1	32____	9145	1	0	0	0	0	0	0	0	0	1	0
C	Marios	23	156	5	1	32____	9647	1	0	0	0	0	1	0	0	0	0	0
C	Marios	23	156	5	1	32____	9671	1	0	0	0	0	0	0	0	0	1	0
C	Marios	23	156	5	1	32____	11250	1	2	0	0	0	0	0	0	0	0	0
C	Marios	23	156	5	1	32____	11750	2	16	0	0	0	0	0	0	0	0	0
C	Marios	23	156	5	1	32____	12250	16	15	0	0	0	0	0	0	0	0	0
C	Marios	23	156	5	1	32____	12383	15	0	0	0	0	1	0	0	0	0	0
C	Marios	23	156	5	1	32____	12423	15	0	0	0	0	0	0	0	0	1	0
C	Marios	23	156	5	1	32____	12750	15	1	0	0	0	0	0	0	0	0	0
C	Marios	23	156	5	1	32____	14938	1	0	0	0	0	1	0	0	0	0	0
C	Marios	23	156	5	1	32____	14965	1	0	0	0	0	0	0	0	0	1	0
C	Marios	23	156	5	1	32____	16798	1	0	0	0	0	1	0	0	0	0	0
C	Marios	23	156	5	1	32____	16830	1	0	0	0	0	0	0	0	0	1	0
C	Marios	23	156	5	1	32____	17853	1	0	0	0	0	1	0	0	0	0	0
C	Marios	23	156	5	1	32____	17884	1	0	0	0	0	0	0	0	0	1	0
C	Marios	23	156	5	1	32____	18250	1	2	0	0	0	0	0	0	0	0	0
C	Marios	23	156	5	1	32____	18750	2	17	0	0	0	0	0	0	0	0	0
C	Marios	23	156	5	1	32____	19211	17	0	0	0	0	1	0	0	0	0	0
C	Marios	23	156	5	1	32____	19236	17	0	0	0	0	0	0	0	0	1	0
C	Marios	23	156	5	1	32____	19250	17	15	0	0	0	0	0	0	0	0	0
C	Marios	23	156	5	1	32____	19501	15	0	0	0	0	1	0	0	0	0	0
C	Marios	23	156	5	1	32____	19510	15	0	0	0	0	0	0	0	0	1	0
C	Marios	23	156	5	1	32____	19512	15	0	0	0	0	1	0	0	0	0	0
C	Marios	23	156	5	1	32____	19532	15	0	0	0	0	0	0	0	0	1	0
C	Marios	23	156	5	1	32____	19750	15	1	0	0	0	0	0	0	0	0	0
C	Marios	23	156	5	1	32____	20510	1	0	0	0	0	1	0	0	0	0	0
C	Marios	23	156	5	1	32____	20514	1	0	0	0	0	0	0	0	0	1	0
C	Marios	23	156	5	1	32____	20577	1	0	0	0	0	1	0	0	0	0	0
C	Marios	23	156	5	1	32____	20673	1	0	0	0	0	0	0	0	0	1	0
C	Marios	23	156	5	1	32____	20709	1	0	0	0	0	1	0	0	0	0	0
C	Marios	23	156	5	1	32____	20719	1	0	0	0	0	0	0	0	0	1	0
C	Marios	23	156	5	1	32____	21579	1	0	0	0	0	1	0	0	0	0	0
C	Marios	23	156	5	1	32____	21605	1	0	0	0	0	0	0	0	0	1	0
C	Marios	23	156	5	1	32____	21612	1	0	0	0	0	1	0	0	0	0	0
C	Marios	23	156	5	1	32____	22025	1	0	0	0	0	0	0	0	0	1	0
C	Marios	23	156	5	1	32____	22750	1	2	0	0	0	0	0	0	0	0	0
C	Marios	23	156	5	1	32____	22962	2	0	0	0	0	1	0	0	0	0	0
C	Marios	23	156	5	1	32____	22986	2	0	0	0	0	0	0	0	0	1	0
C	Marios	23	156	5	1	32____	23250	2	17	0	0	0	0	0	0	0	0	0
C	Marios	23	156	5	1	32____	23750	17	15	0	0	0	0	0	0	0	0	0
C	Marios	23	156	5	1	32____	24054	15	0	0	0	0	1	0	0	0	0	0
C	Marios	23	156	5	1	32____	24084	15	0	0	0	0	0	0	0	0	1	0
C	Marios	23	156	5	1	32____	24250	15	1	0	0	0	0	0	0	0	0	0
C	Marios	23	156	5	1	32____	24665	1	0	0	0	0	1	0	0	0	0	0
C	Marios	23	156	5	1	32____	24685	1	0	0	0	0	0	0	0	0	1	0
C	Marios	23	156	5	1	32____	24796	1	0	0	0	0	1	0	0	0	0	0
C	Marios	23	156	5	1	32____	24824	1	0	0	0	0	0	0	0	0	1	0
C	Marios	23	156	5	1	32____	24868	1	0	0	0	0	1	0	0	0	0	0
C	Marios	23	156	5	1	32____	24911	1	0	0	0	0	0	0	0	0	1	0
C	Marios	23	156	5	1	32____	25378	1	0	0	0	0	1	0	0	0	0	0
C	Marios	23	156	5	1	32____	25388	1	0	0	0	0	0	0	0	0	1	0
C	Marios	23	156	5	1	32____	28044	1	0	0	0	0	1	0	0	0	0	0
C	Marios	23	156	5	1	32____	28133	1	0	0	0	0	0	0	0	0	1	0
C	Marios	23	156	5	1	32____	28288	1	0	0	0	0	1	0	0	0	0	0
C	Marios	23	156	5	1	32____	28297	1	0	0	0	0	0	0	0	0	1	0
C	Marios	23	156	5	1	32____	28300	1	0	0	0	0	1	0	0	0	0	0
C	Marios	23	156	5	1	32____	28303	1	0	0	0	0	0	0	0	0	1	0
C	Marios	23	156	5	1	32____	28310	1	0	0	0	0	1	0	0	0	0	0
C	Marios	23	156	5	1	32____	28376	1	0	0	0	0	0	0	0	0	1	0
C	Marios	23	156	5	1	32____	28390	1	0	0	0	0	1	0	0	0	0	0
C	Marios	23	156	5	1	32____	28402	1	0	0	0	0	0	0	0	0	1	0
C	Marios	23	156	5	1	32____	28750	1	2	0	0	0	0	0	0	0	0	0
C	Marios	23	156	5	1	32____	29250	2	16	0	0	0	0	0	0	0	0	0
C	Marios	23	156	5	1	32____	29750	16	15	0	0	0	0	0	0	0	0	0
C	Marios	23	156	5	1	32____	30202	15	0	0	0	0	1	0	0	0	0	0
C	Marios	23	156	5	1	32____	30213	15	0	0	0	0	0	0	0	0	1	0
C	Marios	23	156	5	1	32____	30250	15	1	0	0	0	0	0	0	0	0	0
C	Marios	23	156	5	1	32____	31304	1	0	0	0	0	1	0	0	0	0	0
C	Marios	23	156	5	1	32____	31312	1	0	0	0	0	0	0	0	0	1	0
C	Marios	23	156	5	1	32____	31747	1	0	0	0	0	1	0	0	0	0	0
C	Marios	23	156	5	1	32____	31765	1	0	0	0	0	0	0	0	0	1	0
C	Marios	23	156	5	1	32____	33318	1	0	0	0	0	1	0	0	0	0	0
C	Marios	23	156	5	1	32____	33326	1	0	0	0	0	0	0	0	0	1	0
C	Marios	23	156	5	1	32____	33759	1	0	0	0	0	1	0	0	0	0	0
C	Marios	23	156	5	1	32____	33762	1	0	0	0	0	0	0	0	0	1	0
C	Marios	23	156	5	1	32____	34602	1	0	0	0	0	1	0	0	0	0	0
C	Marios	23	156	5	1	32____	34617	1	0	0	0	0	0	0	0	0	1	0
C	Marios	23	156	5	1	32____	34693	1	0	0	0	0	1	0	0	0	0	0
C	Marios	23	156	5	1	32____	34710	1	0	0	0	0	0	0	0	0	1	0
C	Marios	23	156	5	1	32____	34720	1	0	0	0	0	1	0	0	0	0	0
C	Marios	23	156	5	1	32____	34750	1	2	0	0	0	0	0	0	0	0	0
C	Marios	23	156	5	1	32____	34759	2	0	0	0	0	0	0	0	0	1	0
C	Marios	23	156	5	1	32____	34975	2	0	0	0	0	1	0	0	0	0	0
C	Marios	23	156	5	1	32____	34990	2	0	0	0	0	0	0	0	0	1	0
C	Marios	23	156	5	1	32____	35250	2	7	0	0	0	0	0	0	0	0	0
C	Marios	23	156	5	1	32____	35364	7	0	0	0	0	1	0	0	0	0	0
C	Marios	23	156	5	1	32____	35419	7	0	0	0	0	0	0	0	0	1	0
C	Marios	23	156	5	1	32____	35482	7	0	0	0	0	1	0	0	0	0	0
C	Marios	23	156	5	1	32____	35519	7	0	0	0	0	0	0	0	0	1	0
C	Marios	23	156	5	1	32____	35533	7	0	0	0	0	1	0	0	0	0	0
C	Marios	23	156	5	1	32____	35593	7	0	0	0	0	0	0	0	0	1	0
C	Marios	23	156	5	1	32____	35667	7	0	0	0	0	1	0	0	0	0	0
C	Marios	23	156	5	1	32____	35713	7	0	0	0	0	0	0	0	0	1	0
C	Marios	23	156	5	1	32____	35719	7	0	0	0	0	1	0	0	0	0	0
C	Marios	23	156	5	1	32____	35750	7	10	0	0	0	0	0	0	0	0	0
C	Marios	23	156	5	1	32____	35904	10	0	0	0	0	1	0	0	0	1	0
C	Marios	23	156	5	1	32____	35949	10	0	0	0	0	0	0	0	0	1	0
C	Marios	23	156	5	1	32____	35952	10	0	0	0	0	1	0	0	0	0	0
C	Marios	23	156	5	1	32____	35992	10	0	0	0	0	0	0	0	0	1	0
C	Marios	23	156	5	1	32____	35994	10	0	0	0	0	1	0	0	0	0	0
C	Marios	23	156	5	1	32____	36009	10	0	0	0	0	0	0	0	0	1	0
C	Marios	23	156	5	1	32____	36012	10	0	0	0	0	1	0	0	0	0	0
C	Marios	23	156	5	1	32____	36014	10	0	0	0	0	0	0	0	0	1	0
C	Marios	23	156	5	1	32____	36015	10	0	0	0	0	1	0	0	0	0	0
C	Marios	23	156	5	1	32____	36019	10	0	0	0	0	0	0	0	0	1	0
C	Marios	23	156	5	1	32____	36022	10	0	0	0	0	1	0	0	0	0	0
C	Marios	23	156	5	1	32____	36040	10	0	0	0	0	1	0	0	0	1	0
C	Marios	23	156	5	1	32____	36046	10	0	0	0	0	0	0	0	0	1	0
C	Marios	23	156	5	1	32____	36077	10	0	0	0	0	1	0	0	0	0	0
C	Marios	23	156	5	1	32____	36084	10	0	0	0	0	0	0	0	0	1	0
C	Marios	23	156	5	1	32____	36085	10	0	0	0	0	1	0	0	0	0	0
C	Marios	23	156	5	1	32____	36102	10	0	0	0	0	0	0	0	0	1	0
C	Marios	23	156	5	1	32____	36103	10	0	0	0	0	1	0	0	0	0	0
C	Marios	23	156	5	1	32____	36121	10	0	0	0	0	0	0	0	0	1	0
C	Marios	23	156	5	1	32____	36127	10	0	0	0	0	1	0	0	0	0	0
C	Marios	23	156	5	1	32____	36131	10	0	0	0	0	0	0	0	0	1	0
C	Marios	23	156	5	1	32____	36151	10	0	0	0	0	1	0	0	0	0	0
C	Marios	23	156	5	1	32____	36163	10	0	0	0	0	0	0	0	0	1	0
C	Marios	23	156	5	1	32____	36200	10	0	0	0	0	1	0	0	0	0	0
C	Marios	23	156	5	1	32____	36218	10	0	0	0	0	0	0	0	0	1	0
C	Marios	23	156	5	1	32____	36221	10	0	0	0	0	1	0	0	0	0	0
C	Marios	23	156	5	1	32____	36234	10	0	0	0	0	0	0	0	0	1	0
C	Marios	23	156	5	1	32____	36238	10	0	0	0	0	1	0	0	0	0	0
C	Marios	23	156	5	1	32____	36239	10	0	0	0	0	0	0	0	0	1	0
C	Marios	23	156	5	1	32____	36245	10	0	0	0	0	1	0	0	0	0	0
C	Marios	23	156	5	1	32____	36250	10	1	0	0	0	0	0	0	0	0	0
C	Marios	23	156	5	1	32____	36409	1	0	0	0	0	0	0	0	0	1	0
C	Marios	23	156	5	1	32____	36471	1	0	0	0	0	1	0	0	0	0	0
C	Marios	23	156	5	1	32____	36473	1	0	0	0	0	0	0	0	0	1	0
C	Marios	23	156	5	1	32____	36478	1	0	0	0	0	1	0	0	0	0	0
C	Marios	23	156	5	1	32____	36484	1	0	0	0	0	0	0	0	0	1	0
C	Marios	23	156	5	1	32____	36626	1	0	0	0	0	1	0	0	0	0	0
C	Marios	23	156	5	1	32____	36663	1	0	0	0	0	0	0	0	0	1	0
C	Marios	23	156	5	1	32____	36725	1	0	0	0	0	1	0	0	0	0	0
C	Marios	23	156	5	1	32____	36727	1	0	0	0	0	0	0	0	0	1	0
C	Marios	23	156	5	1	32____	37017	1	0	0	0	0	1	0	0	0	0	0
C	Marios	23	156	5	1	32____	37025	1	0	0	0	0	0	0	0	0	1	0
C	Marios	23	156	5	1	32____	37219	1	0	0	0	0	1	0	0	0	0	0
C	Marios	23	156	5	1	32____	37226	1	0	0	0	0	0	0	0	0	1	0
C	Marios	23	156	5	1	32____	37273	1	0	0	0	0	1	0	0	0	0	0
C	Marios	23	156	5	1	32____	37470	1	0	0	0	0	0	0	0	0	1	0
C	Marios	23	156	5	1	32____	37475	1	0	0	0	0	1	0	0	0	0	0
C	Marios	23	156	5	1	32____	37482	1	0	0	0	0	0	0	0	0	1	0
C	Marios	23	156	5	1	32____	38752	1	0	0	0	0	1	0	0	0	0	0
C	Marios	23	156	5	1	32____	38762	1	0	0	0	0	0	0	0	0	1	0
C	Marios	23	156	5	1	32____	38763	1	0	0	0	0	1	0	0	0	0	0
C	Marios	23	156	5	1	32____	38807	1	0	0	0	0	0	0	0	0	1	0
C	Marios	23	156	5	1	32____	41351	1	0	0	0	0	1	0	0	0	0	0
C	Marios	23	156	5	1	32____	41356	1	0	0	0	0	0	0	0	0	1	0
C	Marios	23	156	5	1	32____	41390	1	0	0	0	0	1	0	0	0	0	0
C	Marios	23	156	5	1	32____	41397	1	0	0	0	0	0	0	0	0	1	0
C	Marios	23	156	5	1	32____	41491	1	0	0	0	0	1	0	0	0	0	0
C	Marios	23	156	5	1	32____	41496	1	0	0	0	0	0	0	0	0	1	0
C	Marios	23	156	5	1	32____	41498	1	0	0	0	0	1	0	0	0	0	0
C	Marios	23	156	5	1	32____	41607	1	0	0	0	0	0	0	0	0	1	0
C	Marios	23	156	5	1	32____	43126	1	0	0	0	0	1	0	0	0	0	0
C	Marios	23	156	5	1	32____	43153	1	0	0	0	0	1	0	0	0	1	0
C	Marios	23	156	5	1	32____	43159	1	0	0	0	0	0	0	0	0	1	0
C	Marios	23	156	5	1	32____	43514	1	0	0	0	0	1	0	0	0	0	0
C	Marios	23	156	5	1	32____	43531	1	0	0	0	0	0	0	0	0	1	0
C	Marios	23	156	5	1	32____	43538	1	0	0	0	0	1	0	0	0	0	0
C	Marios	23	156	5	1	32____	43731	1	0	0	0	0	0	0	0	0	1	0
C	Marios	23	156	5	1	32____	43750	1	2	0	0	0	0	0	0	0	0	0
C	Marios	23	156	5	1	32____	44250	2	7	0	0	0	0	0	0	0	0	0
C	Marios	23	156	5	1	32____	44510	7	0	0	0	0	1	0	0	0	0	0
C	Marios	23	156	5	1	32____	44584	7	0	0	0	0	0	0	0	0	1	0
C	Marios	23	156	5	1	32____	44691	7	0	0	0	0	1	0	0	0	0	0
C	Marios	23	156	5	1	32____	44714	7	0	0	0	0	0	0	0	0	1	0
C	Marios	23	156	5	1	32____	44750	7	10	0	0	0	0	0	0	0	0	0
C	Marios	23	156	5	1	32____	44760	10	0	0	0	0	1	0	0	0	0	0
C	Marios	23	156	5	1	32____	45038	10	0	0	0	0	0	0	0	0	1	0
C	Marios	23	156	5	1	32____	45076	10	0	0	0	0	1	0	0	0	0	0
C	Marios	23	156	5	1	32____	45097	10	0	0	0	0	1	0	0	0	1	0
C	Marios	23	156	5	1	32____	45106	10	0	0	0	0	0	0	0	0	1	0
C	Marios	23	156	5	1	32____	45110	10	0	0	0	0	1	0	0	0	0	0
C	Marios	23	156	5	1	32____	45116	10	0	0	0	0	0	0	0	0	1	0
C	Marios	23	156	5	1	32____	45118	10	0	0	0	0	1	0	0	0	0	0
C	Marios	23	156	5	1	32____	45125	10	0	0	0	0	1	0	0	0	1	0
C	Marios	23	156	5	1	32____	45141	10	0	0	0	0	0	0	0	0	1	0
C	Marios	23	156	5	1	32____	45191	10	0	0	0	0	1	0	0	0	0	0
C	Marios	23	156	5	1	32____	45250	10	1	0	0	0	0	0	0	0	0	0
C	Marios	23	156	5	1	32____	45256	1	0	0	0	0	0	0	0	0	1	0
C	Marios	23	156	5	1	32____	45268	1	0	0	0	0	1	0	0	0	0	0
C	Marios	23	156	5	1	32____	45275	1	0	0	0	0	0	0	0	0	1	0
C	Marios	23	156	5	1	32____	45280	1	0	0	0	0	1	0	0	0	0	0
C	Marios	23	156	5	1	32____	45334	1	0	0	0	0	0	0	0	0	1	0
C	Marios	23	156	5	1	32____	45377	1	0	0	0	0	1	0	0	0	0	0
C	Marios	23	156	5	1	32____	45395	1	0	0	0	0	0	0	0	0	1	0
C	Marios	23	156	5	1	32____	46296	1	0	0	0	0	1	0	0	0	0	0
C	Marios	23	156	5	1	32____	46326	1	0	0	0	0	0	0	0	0	1	0
C	Marios	23	156	5	1	32____	46750	1	2	0	0	0	0	0	0	0	0	0
C	Marios	23	156	5	1	32____	47250	2	16	0	0	0	0	0	0	0	0	0
C	Marios	23	156	5	1	32____	47747	16	0	0	0	0	1	0	0	0	0	0
C	Marios	23	156	5	1	32____	47750	16	15	0	0	0	0	0	0	0	0	0
C	Marios	23	156	5	1	32____	47818	15	0	0	0	0	0	0	0	0	1	0
C	Marios	23	156	5	1	32____	47931	15	0	0	0	0	1	0	0	0	0	0
C	Marios	23	156	5	1	32____	47944	15	0	0	0	0	0	0	0	0	1	0
C	Marios	23	156	5	1	32____	48250	15	1	0	0	0	0	0	0	0	0	0
C	Marios	23	156	5	1	32____	49374	1	0	0	0	0	1	0	0	0	0	0
C	Marios	23	156	5	1	32____	49430	1	0	0	0	0	0	0	0	0	1	0
C	Marios	23	156	5	1	32____	50462	1	0	0	0	0	1	0	0	0	0	0
C	Marios	23	156	5	1	32____	50486	1	0	0	0	0	0	0	0	0	1	0
C	Marios	23	156	5	1	32____	50500	1	2	0	0	0	0	0	0	0	0	0
C	Marios	23	156	5	1	32____	50540	2	0	0	0	0	1	0	0	0	0	0
C	Marios	23	156	5	1	32____	50568	2	0	0	0	0	0	0	0	0	1	0
C	Marios	23	156	5	1	32____	51000	2	16	0	0	0	0	0	0	0	0	0
C	Marios	23	156	5	1	32____	51500	16	15	0	0	0	0	0	0	0	0	0
C	Marios	23	156	5	1	32____	51956	15	0	0	0	0	1	0	0	0	0	0
C	Marios	23	156	5	1	32____	51993	15	0	0	0	0	0	0	0	0	1	0
C	Marios	23	156	5	1	32____	52000	15	1	0	0	0	0	0	0	0	0	0
C	Marios	23	156	5	1	32____	53716	1	0	0	0	0	1	0	0	0	0	0
C	Marios	23	156	5	1	32____	53812	1	0	0	0	0	0	0	0	0	1	0
C	Marios	23	156	5	1	32____	54232	1	0	0	0	0	1	0	0	0	0	0
C	Marios	23	156	5	1	32____	54290	1	0	0	0	0	0	0	0	0	1	0
C	Marios	23	156	5	1	32____	55234	1	0	0	0	0	1	0	0	0	0	0
C	Marios	23	156	5	1	32____	55252	1	0	0	0	0	0	0	0	0	1	0
C	Marios	23	156	5	1	32____	55255	1	0	0	0	0	1	0	0	0	0	0
C	Marios	23	156	5	1	32____	55274	1	0	0	0	0	0	0	0	0	1	0
C	Marios	23	156	5	1	32____	55275	1	0	0	0	0	1	0	0	0	0	0
C	Marios	23	156	5	1	32____	55290	1	0	0	0	0	0	0	0	0	1	0
C	Marios	23	156	5	1	32____	55500	1	2	0	0	0	0	0	0	0	0	0
C	Marios	23	156	5	1	32____	56000	2	17	0	0	0	0	0	0	0	0	0
C	Marios	23	156	5	1	32____	56074	17	0	0	0	0	1	0	0	0	0	0
C	Marios	23	156	5	1	32____	56086	17	0	0	0	0	0	0	0	0	1	0
C	Marios	23	156	5	1	32____	56173	17	0	0	0	0	1	0	0	0	0	0
C	Marios	23	156	5	1	32____	56184	17	0	0	0	0	0	0	0	0	1	0
C	Marios	23	156	5	1	32____	56257	17	0	0	0	0	1	0	0	0	0	0
C	Marios	23	156	5	1	32____	56272	17	0	0	0	0	0	0	0	0	1	0
C	Marios	23	156	5	1	32____	56404	17	0	0	0	0	1	0	0	0	0	0
C	Marios	23	156	5	1	32____	56427	17	0	0	0	0	0	0	0	0	1	0
C	Marios	23	156	5	1	32____	56474	17	0	0	0	0	1	0	0	0	0	0
C	Marios	23	156	5	1	32____	56500	17	15	0	0	0	0	0	0	0	0	0
C	Marios	23	156	5	1	32____	56588	15	0	0	0	0	0	0	0	0	1	0
C	Marios	23	156	5	1	32____	56775	15	0	0	0	0	1	0	0	0	0	0
C	Marios	23	156	5	1	32____	56778	15	0	0	0	0	0	0	0	0	1	0
C	Marios	23	156	5	1	32____	56781	15	0	0	0	0	1	0	0	0	0	0
C	Marios	23	156	5	1	32____	56794	15	0	0	0	0	0	0	0	0	1	0
C	Marios	23	156	5	1	32____	56858	15	0	0	0	0	1	0	0	0	0	0
C	Marios	23	156	5	1	32____	56864	15	0	0	0	0	0	0	0	0	1	0
C	Marios	23	156	5	1	32____	57000	15	1	0	0	0	0	0	0	0	0	0
C	Marios	23	156	5	1	32____	57346	1	0	0	0	0	1	0	0	0	0	0
C	Marios	23	156	5	1	32____	57361	1	0	0	0	0	0	0	0	0	1	0
C	Marios	23	156	5	1	32____	57365	1	0	0	0	0	1	0	0	0	0	0
C	Marios	23	156	5	1	32____	57405	1	0	0	0	0	0	0	0	0	1	0
C	Marios	23	156	5	1	32____	57455	1	0	0	0	0	1	0	0	0	0	0
C	Marios	23	156	5	1	32____	57567	1	0	0	0	0	0	0	0	0	1	0
C	Marios	23	156	5	1	32____	62998	1	0	0	0	0	1	0	0	0	0	0
C	Marios	23	156	5	1	32____	63269	1	0	0	0	0	0	0	0	0	1	0
C	Marios	23	156	5	1	32____	63275	1	0	0	0	0	1	0	0	0	0	0
C	Marios	23	156	5	1	32____	63277	1	0	0	0	0	0	0	0	0	1	0
C	Marios	23	156	5	1	32____	63297	1	0	0	0	0	1	0	0	0	0	0
C	Marios	23	156	5	1	32____	63299	1	0	0	0	0	1	0	0	0	1	0
C	Marios	23	156	5	1	32____	63303	1	0	0	0	0	0	0	0	0	1	0
C	Marios	23	156	5	1	32____	63304	1	0	0	0	0	1	0	0	0	0	0
C	Marios	23	156	5	1	32____	63306	1	0	0	0	0	0	0	0	0	1	0
C	Marios	23	156	5	1	32____	63750	1	2	0	0	0	0	0	0	0	0	0
C	Marios	23	156	5	1	32____	64250	2	6	0	0	0	0	0	0	0	0	0
C	Marios	23	156	5	1	32____	64284	6	0	0	0	0	1	0	0	0	0	0
C	Marios	23	156	5	1	32____	64353	6	0	0	0	0	0	0	0	0	1	0
C	Marios	23	156	5	1	32____	64409	6	0	0	0	0	1	0	0	0	0	0
C	Marios	23	156	5	1	32____	64424	6	0	0	0	0	0	0	0	0	1	0
C	Marios	23	156	5	1	32____	64607	6	0	0	0	0	1	0	0	0	0	0
C	Marios	23	156	5	1	32____	64649	6	0	0	0	0	0	0	0	0	1	0
C	Marios	23	156	5	1	32____	64661	6	0	0	0	0	1	0	0	0	0	0
C	Marios	23	156	5	1	32____	64727	6	0	0	0	0	0	0	0	0	1	0
C	Marios	23	156	5	1	32____	64750	6	11	0	0	0	0	0	0	0	0	0
C	Marios	23	156	5	1	32____	64780	11	0	0	0	0	1	0	0	0	0	0
C	Marios	23	156	5	1	32____	65010	11	0	0	0	0	0	0	0	0	1	0
C	Marios	23	156	5	1	32____	65011	11	0	0	0	0	1	0	0	0	0	0
C	Marios	23	156	5	1	32____	65071	11	0	0	0	0	0	0	0	0	1	0
C	Marios	23	156	5	1	32____	65074	11	0	0	0	0	1	0	0	0	0	0
C	Marios	23	156	5	1	32____	65127	11	0	0	0	0	0	0	0	0	1	0
C	Marios	23	156	5	1	32____	65129	11	0	0	0	0	1	0	0	0	0	0
C	Marios	23	156	5	1	32____	65189	11	0	0	0	0	0	0	0	0	1	0
C	Marios	23	156	5	1	32____	65250	11	1	0	0	0	0	0	0	0	0	0
C	Marios	23	156	5	1	32____	65511	1	0	0	0	0	1	0	0	0	0	0
C	Marios	23	156	5	1	32____	65513	1	0	0	0	0	0	0	0	0	1	0
C	Marios	23	156	5	1	32____	65515	1	0	0	0	0	1	0	0	0	0	0
C	Marios	23	156	5	1	32____	65520	1	0	0	0	0	0	0	0	0	1	0
C	Marios	23	156	5	1	32____	65585	1	0	0	0	0	1	0	0	0	0	0
C	Marios	23	156	5	1	32____	65620	1	0	0	0	0	0	0	0	0	1	0
C	Marios	23	156	5	1	32____	65622	1	0	0	0	0	1	0	0	0	0	0
C	Marios	23	156	5	1	32____	65625	1	0	0	0	0	0	0	0	0	1	0
C	Marios	23	156	5	1	32____	65872	1	0	0	0	0	1	0	0	0	0	0
C	Marios	23	156	5	1	32____	65877	1	0	0	0	0	0	0	0	0	1	0
C	Marios	23	156	5	1	32____	65878	1	0	0	0	0	1	0	0	0	0	0
C	Marios	23	156	5	1	32____	65891	1	0	0	0	0	0	0	0	0	1	0
C	Marios	23	156	5	1	32____	65910	1	0	0	0	0	1	0	0	0	0	0
C	Marios	23	156	5	1	32____	65912	1	0	0	0	0	0	0	0	0	1	0
C	Marios	23	156	5	1	32____	65915	1	0	0	0	0	1	0	0	0	0	0
C	Marios	23	156	5	1	32____	65951	1	0	0	0	0	0	0	0	0	1	0
C	Marios	23	156	5	1	32____	65952	1	0	0	0	0	1	0	0	0	0	0
C	Marios	23	156	5	1	32____	65964	1	0	0	0	0	0	0	0	0	1	0
C	Marios	23	156	5	1	32____	65968	1	0	0	0	0	1	0	0	0	0	0
C	Marios	23	156	5	1	32____	65972	1	0	0	0	0	0	0	0	0	1	0
C	Marios	23	156	5	1	32____	65997	1	0	0	0	0	1	0	0	0	0	0
C	Marios	23	156	5	1	32____	66034	1	0	0	0	0	0	0	0	0	1	0
C	Marios	23	156	5	1	32____	66050	1	0	0	0	0	1	0	0	0	0	0
C	Marios	23	156	5	1	32____	66103	1	0	0	0	0	0	0	0	0	1	0
C	Marios	23	156	5	1	32____	66105	1	0	0	0	0	1	0	0	0	0	0
C	Marios	23	156	5	1	32____	66107	1	0	0	0	0	0	0	0	0	1	0
C	Marios	23	156	5	1	32____	66110	1	0	0	0	0	1	0	0	0	0	0
C	Marios	23	156	5	1	32____	66116	1	0	0	0	0	0	0	0	0	1	0
C	Marios	23	156	5	1	32____	66247	1	0	0	0	0	1	0	0	0	0	0
C	Marios	23	156	5	1	32____	66402	1	0	0	0	0	0	0	0	0	1	0
C	Marios	23	156	5	1	32____	66481	1	0	0	0	0	1	0	0	0	0	0
C	Marios	23	156	5	1	32____	66503	1	0	0	0	0	0	0	0	0	1	0
C	Marios	23	156	5	1	32____	66514	1	0	0	0	0	1	0	0	0	0	0
C	Marios	23	156	5	1	32____	66516	1	0	0	0	0	0	0	0	0	1	0
C	Marios	23	156	5	1	32____	66522	1	0	0	0	0	1	0	0	0	0	0
C	Marios	23	156	5	1	32____	66536	1	0	0	0	0	0	0	0	0	1	0
C	Marios	23	156	5	1	32____	67894	1	0	0	0	0	1	0	0	0	0	0
C	Marios	23	156	5	1	32____	67899	1	0	0	0	0	0	0	0	0	1	0
C	Marios	23	156	5	1	32____	70500	1	2	0	0	0	0	0	0	0	0	0
C	Marios	23	156	5	1	32____	70975	2	0	0	0	0	1	0	0	0	0	0
C	Marios	23	156	5	1	32____	70998	2	0	0	0	0	0	0	0	0	1	0
C	Marios	23	156	5	1	32____	71000	2	17	0	0	0	0	0	0	0	0	0
C	Marios	23	156	5	1	32____	71038	17	0	0	0	0	1	0	0	0	0	0
C	Marios	23	156	5	1	32____	71082	17	0	0	0	0	0	0	0	0	1	0
C	Marios	23	156	5	1	32____	71500	17	15	0	0	0	0	0	0	0	0	0
C	Marios	23	156	5	1	32____	72000	15	1	0	0	0	0	0	0	0	0	0
C	Marios	23	156	5	1	32____	72534	1	0	0	0	0	1	0	0	0	0	0
C	Marios	23	156	5	1	32____	72538	1	0	0	0	0	0	0	0	0	1	0
C	Marios	23	156	5	1	32____	74445	1	0	0	0	0	1	0	0	0	0	0
C	Marios	23	156	5	1	32____	74484	1	0	0	0	0	0	0	0	0	1	0
C	Marios	23	156	5	1	32____	75150	1	0	0	0	0	1	0	0	0	0	0
C	Marios	23	156	5	1	32____	75348	1	0	0	0	0	0	0	0	0	1	0
C	Marios	23	156	5	1	32____	75457	1	0	0	0	0	1	0	0	0	0	0
C	Marios	23	156	5	1	32____	75500	1	2	0	0	0	0	0	0	0	0	0
C	Marios	23	156	5	1	32____	75787	2	0	0	0	0	0	0	0	0	1	0
C	Marios	23	156	5	1	32____	75900	2	0	0	0	0	1	0	0	0	0	0
C	Marios	23	156	5	1	32____	75949	2	0	0	0	0	0	0	0	0	1	0
C	Marios	23	156	5	1	32____	76000	2	17	0	0	0	0	0	0	0	0	0
C	Marios	23	156	5	1	32____	76256	17	0	0	0	0	1	0	0	0	0	0
C	Marios	23	156	5	1	32____	76268	17	0	0	0	0	0	0	0	0	1	0
C	Marios	23	156	5	1	32____	76384	17	0	0	0	0	1	0	0	0	0	0
C	Marios	23	156	5	1	32____	76500	17	15	0	0	0	0	0	0	0	0	0
C	Marios	23	156	5	1	32____	76791	15	0	0	0	0	0	0	0	0	1	0
C	Marios	23	156	5	1	32____	77000	15	1	0	0	0	0	0	0	0	0	0
C	Marios	23	156	5	1	32____	77213	1	0	0	0	0	1	0	0	0	0	0
C	Marios	23	156	5	1	32____	77451	1	0	0	0	0	0	0	0	0	1	0
C	Marios	23	156	5	1	32____	80310	1	0	0	0	0	1	0	0	0	0	0
C	Marios	23	156	5	1	32____	80325	1	0	0	0	0	0	0	0	0	1	0
C	Marios	23	156	5	1	32____	80329	1	0	0	0	0	1	0	0	0	0	0
C	Marios	23	156	5	1	32____	80350	1	0	0	0	0	0	0	0	0	1	0
C	Marios	23	156	5	1	32____	80353	1	0	0	0	0	1	0	0	0	0	0
C	Marios	23	156	5	1	32____	80402	1	0	0	0	0	0	0	0	0	1	0
C	Marios	23	156	5	1	32____	80618	1	0	0	0	0	1	0	0	0	0	0
C	Marios	23	156	5	1	32____	80630	1	0	0	0	0	0	0	0	0	1	0
C	Marios	23	156	5	1	32____	80636	1	0	0	0	0	1	0	0	0	0	0
C	Marios	23	156	5	1	32____	80670	1	0	0	0	0	0	0	0	0	1	0
C	Marios	23	156	5	1	32____	84500	1	2	0	0	0	0	0	0	0	0	0
C	Marios	23	156	5	1	32____	84758	2	0	0	0	0	1	0	0	0	0	0
C	Marios	23	156	5	1	32____	84867	2	0	0	0	0	0	0	0	0	1	0
C	Marios	23	156	5	1	32____	85000	2	16	0	0	0	0	0	0	0	0	0
C	Marios	23	156	5	1	32____	85500	16	15	0	0	0	0	0	0	0	0	0
C	Marios	23	156	5	1	32____	86000	15	1	0	0	0	0	0	0	0	0	0
C	Marios	23	156	5	1	32____	86846	1	0	0	0	0	1	0	0	0	0	0
C	Marios	23	156	5	1	32____	86965	1	0	0	0	0	0	0	0	0	1	0
C	Marios	23	156	5	1	32____	87248	1	0	0	0	0	1	0	0	0	0	0
C	Marios	23	156	5	1	32____	87496	1	0	0	0	0	0	0	0	0	1	0
C	Marios	23	156	5	1	32____	87705	1	0	0	0	0	1	0	0	0	0	0
C	Marios	23	156	5	1	32____	87935	1	0	0	0	0	0	0	0	0	1	0
C	Marios	23	156	5	1	32____	88250	1	2	0	0	0	0	0	0	0	0	0
C	Marios	23	156	5	1	32____	88750	2	7	0	0	0	0	0	0	0	0	0
C	Marios	23	156	5	1	32____	88820	7	0	0	0	0	1	0	0	0	0	0
C	Marios	23	156	5	1	32____	88829	7	0	0	0	0	0	0	0	0	1	0
C	Marios	23	156	5	1	32____	88926	7	0	0	0	0	1	0	0	0	0	0
C	Marios	23	156	5	1	32____	88958	7	0	0	0	0	0	0	0	0	1	0
C	Marios	23	156	5	1	32____	88969	7	0	0	0	0	1	0	0	0	0	0
C	Marios	23	156	5	1	32____	88997	7	0	0	0	0	0	0	0	0	1	0
C	Marios	23	156	5	1	32____	89002	7	0	0	0	0	1	0	0	0	0	0
C	Marios	23	156	5	1	32____	89070	7	0	0	0	0	0	0	0	0	1	0
C	Marios	23	156	5	1	32____	89085	7	0	0	0	0	1	0	0	0	0	0
C	Marios	23	156	5	1	32____	89125	7	0	0	0	0	0	0	0	0	1	0
C	Marios	23	156	5	1	32____	89169	7	0	0	0	0	1	0	0	0	0	0
C	Marios	23	156	5	1	32____	89250	7	10	0	0	0	0	0	0	0	0	0
C	Marios	23	156	5	1	32____	89559	10	0	0	0	0	0	0	0	0	1	0
C	Marios	23	156	5	1	32____	89562	10	0	0	0	0	1	0	0	0	0	0
C	Marios	23	156	5	1	32____	89576	10	0	0	0	0	0	0	0	0	1	0
C	Marios	23	156	5	1	32____	89581	10	0	0	0	0	1	0	0	0	0	0
C	Marios	23	156	5	1	32____	89584	10	0	0	0	0	0	0	0	0	1	0
C	Marios	23	156	5	1	32____	89588	10	0	0	0	0	1	0	0	0	0	0
C	Marios	23	156	5	1	32____	89613	10	0	0	0	0	0	0	0	0	1	0
C	Marios	23	156	5	1	32____	89618	10	0	0	0	0	1	0	0	0	0	0
C	Marios	23	156	5	1	32____	89621	10	0	0	0	0	0	0	0	0	1	0
C	Marios	23	156	5	1	32____	89624	10	0	0	0	0	1	0	0	0	0	0
C	Marios	23	156	5	1	32____	89626	10	0	0	0	0	0	0	0	0	1	0
C	Marios	23	156	5	1	32____	89640	10	0	0	0	0	1	0	0	0	0	0
C	Marios	23	156	5	1	32____	89688	10	0	0	0	0	0	0	0	0	1	0
C	Marios	23	156	5	1	32____	89690	10	0	0	0	0	1	0	0	0	0	0
C	Marios	23	156	5	1	32____	89706	10	0	0	0	0	0	0	0	0	1	0
C	Marios	23	156	5	1	32____	89708	10	0	0	0	0	1	0	0	0	0	0
C	Marios	23	156	5	1	32____	89716	10	0	0	0	0	0	0	0	0	1	0
C	Marios	23	156	5	1	32____	89750	10	1	0	0	0	0	0	0	0	0	0
C	Marios	23	156	5	1	32____	89800	1	0	0	0	0	1	0	0	0	0	0
C	Marios	23	156	5	1	32____	89808	1	0	0	0	0	0	0	0	0	1	0
C	Marios	23	156	5	1	32____	89814	1	0	0	0	0	1	0	0	0	0	0
C	Marios	23	156	5	1	32____	90072	1	0	0	0	0	0	0	0	0	1	0
C	Marios	23	156	5	1	32____	91012	1	0	0	0	0	1	0	0	0	0	0
C	Marios	23	156	5	1	32____	91020	1	0	0	0	0	0	0	0	0	1	0
C	Marios	23	156	5	1	32____	91077	1	0	0	0	0	1	0	0	0	0	0
C	Marios	23	156	5	1	32____	91158	1	0	0	0	0	0	0	0	0	1	0
C	Marios	23	156	5	1	32____	92439	1	0	0	0	0	1	0	0	0	0	0
C	Marios	23	156	5	1	32____	92467	1	0	0	0	0	0	0	0	0	1	0
C	Marios	23	156	5	1	32____	92471	1	0	0	0	0	1	0	0	0	0	0
C	Marios	23	156	5	1	32____	92481	1	0	0	0	0	0	0	0	0	1	0
C	Marios	23	156	5	1	32____	92820	1	0	0	0	0	1	0	0	0	0	0
C	Marios	23	156	5	1	32____	92887	1	0	0	0	0	0	0	0	0	1	0
C	Marios	23	156	5	1	32____	93500	1	2	0	0	0	0	0	0	0	0	0
C	Marios	23	156	5	1	32____	94000	2	6	0	0	0	0	0	0	0	0	0
C	Marios	23	156	5	1	32____	94044	6	0	0	0	0	1	0	0	0	0	0
C	Marios	23	156	5	1	32____	94100	6	0	0	0	0	0	0	0	0	1	0
C	Marios	23	156	5	1	32____	94107	6	0	0	0	0	1	0	0	0	0	0
C	Marios	23	156	5	1	32____	94154	6	0	0	0	0	0	0	0	0	1	0
C	Marios	23	156	5	1	32____	94188	6	0	0	0	0	1	0	0	0	0	0
C	Marios	23	156	5	1	32____	94209	6	0	0	0	0	0	0	0	0	1	0
C	Marios	23	156	5	1	32____	94255	6	0	0	0	0	1	0	0	0	0	0
C	Marios	23	156	5	1	32____	94307	6	0	0	0	0	0	0	0	0	1	0
C	Marios	23	156	5	1	32____	94402	6	0	0	0	0	1	0	0	0	0	0
C	Marios	23	156	5	1	32____	94500	6	11	0	0	0	0	0	0	0	0	0
C	Marios	23	156	5	1	32____	95000	11	1	0	0	0	0	0	0	0	0	0
C	Marios	23	156	5	1	32____	95054	1	0	0	0	0	0	0	0	0	1	0
C	Marios	23	156	5	1	32____	95056	1	0	0	0	0	1	0	0	0	0	0
C	Marios	23	156	5	1	32____	95081	1	0	0	0	0	0	0	0	0	1	0
C	Marios	23	156	5	1	32____	95084	1	0	0	0	0	1	0	0	0	0	0
C	Marios	23	156	5	1	32____	95090	1	0	0	0	0	1	0	0	0	1	0
C	Marios	23	156	5	1	32____	95092	1	0	0	0	0	0	0	0	0	1	0
C	Marios	23	156	5	1	32____	95114	1	0	0	0	0	1	0	0	0	0	0
C	Marios	23	156	5	1	32____	95133	1	0	0	0	0	0	0	0	0	1	0
C	Marios	23	156	5	1	32____	95136	1	0	0	0	0	1	0	0	0	0	0
C	Marios	23	156	5	1	32____	95139	1	0	0	0	0	0	0	0	0	1	0
C	Marios	23	156	5	1	32____	95143	1	0	0	0	0	1	0	0	0	0	0
C	Marios	23	156	5	1	32____	95145	1	0	0	0	0	0	0	0	0	1	0
C	Marios	23	156	5	1	32____	95161	1	0	0	0	0	1	0	0	0	0	0
C	Marios	23	156	5	1	32____	95180	1	0	0	0	0	0	0	0	0	1	0
C	Marios	23	156	5	1	32____	95276	1	0	0	0	0	1	0	0	0	0	0
C	Marios	23	156	5	1	32____	95491	1	0	0	0	0	0	0	0	0	1	0
C	Marios	23	156	5	1	32____	96400	1	0	0	0	0	1	0	0	0	0	0
C	Marios	23	156	5	1	32____	96440	1	0	0	0	0	0	0	0	0	1	0
C	Marios	23	156	5	1	32____	96998	1	0	0	0	0	1	0	0	0	0	0
C	Marios	23	156	5	1	32____	97009	1	0	0	0	0	0	0	0	0	1	0
C	Marios	23	156	5	1	32____	97182	1	0	0	0	0	1	0	0	0	0	0
C	Marios	23	156	5	1	32____	97404	1	0	0	0	0	0	0	0	0	1	0
C	Marios	23	156	5	1	32____	97560	1	0	0	0	0	1	0	0	0	0	0
C	Marios	23	156	5	1	32____	97773	1	0	0	0	0	0	0	0	0	1	0
C	Marios	23	156	5	1	32____	99483	1	0	0	0	0	1	0	0	0	0	0
C	Marios	23	156	5	1	32____	99548	1	0	0	0	0	0	0	0	0	1	0
C	Marios	23	156	5	1	32____	101000	1	2	0	0	0	0	0	0	0	0	0
C	Marios	23	156	5	1	32____	101500	2	16	0	0	0	0	0	0	0	0	0
C	Marios	23	156	5	1	32____	102000	16	15	0	0	0	0	0	0	0	0	0
C	Marios	23	156	5	1	32____	102079	15	0	0	0	0	1	0	0	0	0	0
C	Marios	23	156	5	1	32____	102111	15	0	0	0	0	0	0	0	0	1	0
C	Marios	23	156	5	1	32____	102500	15	1	0	0	0	0	0	0	0	0	0
C	Marios	23	156	5	1	32____	102870	1	0	0	0	0	1	0	0	0	0	0
C	Marios	23	156	5	1	32____	102875	1	0	0	0	0	0	0	0	0	1	0
C	Marios	23	156	5	1	32____	102881	1	0	0	0	0	1	0	0	0	0	0
C	Marios	23	156	5	1	32____	102928	1	0	0	0	0	0	0	0	0	1	0
C	Marios	23	156	5	1	32____	103012	1	0	0	0	0	1	0	0	0	0	0
C	Marios	23	156	5	1	32____	103050	1	0	0	0	0	0	0	0	0	1	0
C	Marios	23	156	5	1	32____	103062	1	0	0	0	0	1	0	0	0	0	0
C	Marios	23	156	5	1	32____	103071	1	0	0	0	0	0	0	0	0	1	0
C	Marios	23	156	5	1	32____	103072	1	0	0	0	0	1	0	0	0	0	0
C	Marios	23	156	5	1	32____	103078	1	0	0	0	0	0	0	0	0	1	0
C	Marios	23	156	5	1	32____	103081	1	0	0	0	0	1	0	0	0	0	0
C	Marios	23	156	5	1	32____	103088	1	0	0	0	0	0	0	0	0	1	0
C	Marios	23	156	5	1	32____	103190	1	0	0	0	0	1	0	0	0	0	0
C	Marios	23	156	5	1	32____	103251	1	0	0	0	0	0	0	0	0	1	0
C	Marios	23	156	5	1	32____	104690	1	0	0	0	0	1	0	0	0	0	0
C	Marios	23	156	5	1	32____	104719	1	0	0	0	0	0	0	0	0	1	0
C	Marios	23	156	5	1	32____	105253	1	0	0	0	0	1	0	0	0	0	0
C	Marios	23	156	5	1	32____	105336	1	0	0	0	0	0	0	0	0	1	0
C	Marios	23	156	5	1	32____	105962	1	0	0	0	0	1	0	0	0	0	0
C	Marios	23	156	5	1	32____	105967	1	0	0	0	0	0	0	0	0	1	0
C	Marios	23	156	5	1	32____	105969	1	0	0	0	0	1	0	0	0	0	0
C	Marios	23	156	5	1	32____	105972	1	0	0	0	0	0	0	0	0	1	0
C	Marios	23	156	5	1	32____	106081	1	0	0	0	0	1	0	0	0	0	0
C	Marios	23	156	5	1	32____	106116	1	0	0	0	0	0	0	0	0	1	0
C	Marios	23	156	5	1	32____	106124	1	0	0	0	0	1	0	0	0	0	0
C	Marios	23	156	5	1	32____	106137	1	0	0	0	0	0	0	0	0	1	0
C	Marios	23	156	5	1	32____	106138	1	0	0	0	0	1	0	0	0	0	0
C	Marios	23	156	5	1	32____	106404	1	0	0	0	0	0	0	0	0	1	0
C	Marios	23	156	5	1	32____	106547	1	0	0	0	0	1	0	0	0	0	0
C	Marios	23	156	5	1	32____	106597	1	0	0	0	0	0	0	0	0	1	0
C	Marios	23	156	5	1	32____	106599	1	0	0	0	0	1	0	0	0	0	0
C	Marios	23	156	5	1	32____	106606	1	0	0	0	0	0	0	0	0	1	0
C	Marios	23	156	5	1	32____	106617	1	0	0	0	0	1	0	0	0	0	0
C	Marios	23	156	5	1	32____	106627	1	0	0	0	0	0	0	0	0	1	0
C	Marios	23	156	5	1	32____	106728	1	0	0	0	0	1	0	0	0	0	0
C	Marios	23	156	5	1	32____	106946	1	0	0	0	0	0	0	0	0	1	0
C	Marios	23	156	5	1	32____	107000	1	2	0	0	0	0	0	0	0	0	0
C	Marios	23	156	5	1	32____	107023	2	0	0	0	0	1	0	0	0	0	0
C	Marios	23	156	5	1	32____	107340	2	0	0	0	0	0	0	0	0	1	0
C	Marios	23	156	5	1	32____	107500	2	17	0	0	0	0	0	0	0	0	0
C	Marios	23	156	5	1	32____	108000	17	15	0	0	0	0	0	0	0	0	0
C	Marios	23	156	5	1	32____	108229	15	0	0	0	0	1	0	0	0	0	0
C	Marios	23	156	5	1	32____	108242	15	0	0	0	0	0	0	0	0	1	0
C	Marios	23	156	5	1	32____	108500	15	1	0	0	0	0	0	0	0	0	0
C	Marios	23	156	5	1	32____	109222	1	0	0	0	0	1	0	0	0	0	0
C	Marios	23	156	5	1	32____	109275	1	0	0	0	0	0	0	0	0	1	0
C	Marios	23	156	5	1	32____	109471	1	0	0	0	0	1	0	0	0	0	0
C	Marios	23	156	5	1	32____	109531	1	0	0	0	0	0	0	0	0	1	0
C	Marios	23	156	5	1	32____	110879	1	0	0	0	0	1	0	0	0	0	0
C	Marios	23	156	5	1	32____	110971	1	0	0	0	0	0	0	0	0	1	0
C	Marios	23	156	5	1	32____	113000	1	2	0	0	0	0	0	0	0	0	0
C	Marios	23	156	5	1	32____	113500	2	16	0	0	0	0	0	0	0	0	0
C	Marios	23	156	5	1	32____	113589	16	0	0	0	0	1	0	0	0	0	0
C	Marios	23	156	5	1	32____	113704	16	0	0	0	0	0	0	0	0	1	0
C	Marios	23	156	5	1	32____	113725	16	0	0	0	0	1	0	0	0	0	0
C	Marios	23	156	5	1	32____	113805	16	0	0	0	0	0	0	0	0	1	0
C	Marios	23	156	5	1	32____	113838	16	0	0	0	0	1	0	0	0	0	0
C	Marios	23	156	5	1	32____	113970	16	0	0	0	0	0	0	0	0	1	0
C	Marios	23	156	5	1	32____	113983	16	0	0	0	0	1	0	0	0	0	0
C	Marios	23	156	5	1	32____	114000	16	15	0	0	0	0	0	0	0	0	0
C	Marios	23	156	5	1	32____	114500	15	1	0	0	0	0	0	0	0	0	0
C	Marios	23	156	5	1	32____	114642	1	0	0	0	0	0	0	0	0	1	0
C	Marios	23	156	5	1	32____	114708	1	0	0	0	0	1	0	0	0	0	0
C	Marios	23	156	5	1	32____	114845	1	0	0	0	0	0	0	0	0	1	0
C	Marios	23	156	5	1	32____	115138	1	0	0	0	0	1	0	0	0	0	0
C	Marios	23	156	5	1	32____	115149	1	0	0	0	0	0	0	0	0	1	0
C	Marios	23	156	5	1	32____	116557	1	0	0	0	0	1	0	0	0	0	0
C	Marios	23	156	5	1	32____	116569	1	0	0	0	0	0	0	0	0	1	0
C	Marios	23	156	5	1	32____	119409	1	0	0	0	0	1	0	0	0	0	0
C	Marios	23	156	5	1	32____	119466	1	0	0	0	0	0	0	0	0	1	0
C	Marios	23	156	5	1	32____	120000	1	2	0	0	0	0	0	0	0	0	0
C	Marios	23	156	5	1	32____	120500	2	17	0	0	0	0	0	0	0	0	0
C	Marios	23	156	5	1	32____	121000	17	15	0	0	0	0	0	0	0	0	0
C	Marios	23	156	5	1	32____	121319	15	0	0	0	0	1	0	0	0	0	0
C	Marios	23	156	5	1	32____	121328	15	0	0	0	0	0	0	0	0	1	0
C	Marios	23	156	5	1	32____	121500	15	1	0	0	0	0	0	0	0	0	0
C	Marios	23	156	5	1	32____	122139	1	0	0	0	0	1	0	0	0	0	0
C	Marios	23	156	5	1	32____	122141	1	0	0	0	0	0	0	0	0	1	0
C	Marios	23	156	5	1	32____	122551	1	0	0	0	0	1	0	0	0	0	0
C	Marios	23	156	5	1	32____	122607	1	0	0	0	0	0	0	0	0	1	0
C	Marios	23	156	5	1	32____	124109	1	0	0	0	0	1	0	0	0	0	0
C	Marios	23	156	5	1	32____	124189	1	0	0	0	0	0	0	0	0	1	0
C	Marios	23	156	5	1	32____	124443	1	0	0	0	0	1	0	0	0	0	0
C	Marios	23	156	5	1	32____	124572	1	0	0	0	0	0	0	0	0	1	0
C	Marios	23	156	5	1	32____	125669	1	0	0	0	0	1	0	0	0	0	0
C	Marios	23	156	5	1	32____	125710	1	0	0	0	0	0	0	0	0	1	0
C	Marios	23	156	5	1	32____	126750	1	2	0	0	0	0	0	0	0	0	0
C	Marios	23	156	5	1	32____	126754	2	0	0	0	0	1	0	0	0	0	0
C	Marios	23	156	5	1	32____	126786	2	0	0	0	0	0	0	0	0	1	0
C	Marios	23	156	5	1	32____	127250	2	16	0	0	0	0	0	0	0	0	0
C	Marios	23	156	5	1	32____	127662	16	0	0	0	0	1	0	0	0	0	0
C	Marios	23	156	5	1	32____	127750	16	15	0	0	0	0	0	0	0	0	0
C	Marios	23	156	5	1	32____	127813	15	0	0	0	0	0	0	0	0	1	0
C	Marios	23	156	5	1	32____	128053	15	0	0	0	0	1	0	0	0	0	0
C	Marios	23	156	5	1	32____	128250	15	1	0	0	0	0	0	0	0	0	0
C	Marios	23	156	5	1	32____	128262	1	0	0	0	0	0	0	0	0	1	0
C	Marios	23	156	5	1	32____	128646	1	0	0	0	0	1	0	0	0	0	0
C	Marios	23	156	5	1	32____	128747	1	0	0	0	0	0	0	0	0	1	0
C	Marios	23	156	5	1	32____	129646	1	0	0	0	0	1	0	0	0	0	0
C	Marios	23	156	5	1	32____	129714	1	0	0	0	0	0	0	0	0	1	0
C	Marios	23	156	5	1	32____	129804	1	0	0	0	0	1	0	0	0	0	0
C	Marios	23	156	5	1	32____	130394	1	0	0	0	0	0	0	0	0	1	0
C	Marios	23	156	5	1	32____	134056	1	0	0	0	0	1	0	0	0	0	0
C	Marios	23	156	5	1	32____	134125	1	0	0	0	0	0	0	0	0	1	0
C	Marios	23	156	5	1	32____	135000	1	2	0	0	0	0	0	0	0	0	0
C	Marios	23	156	5	1	32____	135500	2	6	0	0	0	0	0	0	0	0	0
C	Marios	23	156	5	1	32____	135553	6	0	0	0	0	1	0	0	0	0	0
C	Marios	23	156	5	1	32____	135842	6	0	0	0	0	0	0	0	0	1	0
C	Marios	23	156	5	1	32____	135856	6	0	0	0	0	1	0	0	0	0	0
C	Marios	23	156	5	1	32____	135900	6	0	0	0	0	0	0	0	0	1	0
C	Marios	23	156	5	1	32____	135932	6	0	0	0	0	1	0	0	0	0	0
C	Marios	23	156	5	1	32____	136000	6	11	0	0	0	0	0	0	0	0	0
C	Marios	23	156	5	1	32____	136470	11	0	0	0	0	0	0	0	0	1	0
C	Marios	23	156	5	1	32____	136472	11	0	0	0	0	1	0	0	0	0	0
C	Marios	23	156	5	1	32____	136500	11	1	0	0	0	0	0	0	0	0	0
C	Marios	23	156	5	1	32____	136513	1	0	0	0	0	0	0	0	0	1	0
C	Marios	23	156	5	1	32____	136517	1	0	0	0	0	1	0	0	0	0	0
C	Marios	23	156	5	1	32____	136522	1	0	0	0	0	0	0	0	0	1	0
C	Marios	23	156	5	1	32____	136524	1	0	0	0	0	1	0	0	0	0	0
C	Marios	23	156	5	1	32____	136531	1	0	0	0	0	0	0	0	0	1	0
C	Marios	23	156	5	1	32____	136540	1	0	0	0	0	1	0	0	0	0	0
C	Marios	23	156	5	1	32____	136543	1	0	0	0	0	0	0	0	0	1	0
C	Marios	23	156	5	1	32____	136549	1	0	0	0	0	1	0	0	0	0	0
C	Marios	23	156	5	1	32____	136567	1	0	0	0	0	0	0	0	0	1	0
C	Marios	23	156	5	1	32____	136595	1	0	0	0	0	1	0	0	0	0	0
C	Marios	23	156	5	1	32____	136598	1	0	0	0	0	0	0	0	0	1	0
C	Marios	23	156	5	1	32____	136622	1	0	0	0	0	1	0	0	0	0	0
C	Marios	23	156	5	1	32____	136631	1	0	0	0	0	0	0	0	0	1	0
C	Marios	23	156	5	1	32____	136633	1	0	0	0	0	1	0	0	0	0	0
C	Marios	23	156	5	1	32____	136639	1	0	0	0	0	0	0	0	0	1	0
C	Marios	23	156	5	1	32____	136666	1	0	0	0	0	1	0	0	0	0	0
C	Marios	23	156	5	1	32____	136668	1	0	0	0	0	0	0	0	0	1	0
C	Marios	23	156	5	1	32____	136677	1	0	0	0	0	1	0	0	0	0	0
C	Marios	23	156	5	1	32____	136696	1	0	0	0	0	0	0	0	0	1	0
C	Marios	23	156	5	1	32____	136733	1	0	0	0	0	1	0	0	0	0	0
C	Marios	23	156	5	1	32____	136933	1	0	0	0	0	0	0	0	0	1	0
C	Marios	23	156	5	1	32____	136936	1	0	0	0	0	1	0	0	0	0	0
C	Marios	23	156	5	1	32____	136955	1	0	0	0	0	0	0	0	0	1	0
C	Marios	23	156	5	1	32____	136956	1	0	0	0	0	1	0	0	0	0	0
C	Marios	23	156	5	1	32____	136998	1	0	0	0	0	0	0	0	0	1	0
C	Marios	23	156	5	1	32____	137050	1	0	0	0	0	1	0	0	0	0	0
C	Marios	23	156	5	1	32____	137091	1	0	0	0	0	0	0	0	0	1	0
C	Marios	23	156	5	1	32____	138000	1	2	0	0	0	0	0	0	0	0	0
C	Marios	23	156	5	1	32____	138500	2	17	0	0	0	0	0	0	0	0	0
C	Marios	23	156	5	1	32____	138859	17	0	0	0	0	1	0	0	0	0	0
C	Marios	23	156	5	1	32____	138873	17	0	0	0	0	0	0	0	0	1	0
C	Marios	23	156	5	1	32____	139000	17	15	0	0	0	0	0	0	0	0	0
C	Marios	23	156	5	1	32____	139278	15	0	0	0	0	1	0	0	0	0	0
C	Marios	23	156	5	1	32____	139307	15	0	0	0	0	1	0	0	0	1	0
C	Marios	23	156	5	1	32____	139313	15	0	0	0	0	0	0	0	0	1	0
C	Marios	23	156	5	1	32____	139500	15	1	0	0	0	0	0	0	0	0	0
C	Marios	23	156	5	1	32____	140110	1	0	0	0	0	1	0	0	0	0	0
C	Marios	23	156	5	1	32____	140119	1	0	0	0	0	0	0	0	0	1	0
C	Marios	23	156	5	1	32____	140142	1	0	0	0	0	1	0	0	0	0	0
C	Marios	23	156	5	1	32____	140147	1	0	0	0	0	1	0	0	0	1	0
C	Marios	23	156	5	1	32____	140161	1	0	0	0	0	0	0	0	0	1	0
C	Marios	23	156	5	1	32____	140164	1	0	0	0	0	1	0	0	0	0	0
C	Marios	23	156	5	1	32____	140185	1	0	0	0	0	0	0	0	0	1	0
C	Marios	23	156	5	1	32____	141937	1	0	0	0	0	1	0	0	0	0	0
C	Marios	23	156	5	1	32____	142074	1	0	0	0	0	0	0	0	0	1	0
C	Marios	23	156	5	1	32____	142500	1	2	0	0	0	0	0	0	0	0	0
C	Marios	23	156	5	1	32____	143000	2	7	0	0	0	0	0	0	0	0	0
C	Marios	23	156	5	1	32____	143050	7	0	0	0	0	1	0	0	0	0	0
C	Marios	23	156	5	1	32____	143101	7	0	0	0	0	0	0	0	0	1	0
C	Marios	23	156	5	1	32____	143108	7	0	0	0	0	1	0	0	0	0	0
C	Marios	23	156	5	1	32____	143131	7	0	0	0	0	0	0	0	0	1	0
C	Marios	23	156	5	1	32____	143137	7	0	0	0	0	1	0	0	0	0	0
C	Marios	23	156	5	1	32____	143218	7	0	0	0	0	0	0	0	0	1	0
C	Marios	23	156	5	1	32____	143228	7	0	0	0	0	1	0	0	0	0	0
C	Marios	23	156	5	1	32____	143277	7	0	0	0	0	0	0	0	0	1	0
C	Marios	23	156	5	1	32____	143315	7	0	0	0	0	1	0	0	0	0	0
C	Marios	23	156	5	1	32____	143441	7	0	0	0	0	0	0	0	0	1	0
C	Marios	23	156	5	1	32____	143459	7	0	0	0	0	1	0	0	0	0	0
C	Marios	23	156	5	1	32____	143500	7	10	0	0	0	0	0	0	0	0	0
C	Marios	23	156	5	1	32____	143777	10	0	0	0	0	0	0	0	0	1	0
C	Marios	23	156	5	1	32____	143778	10	0	0	0	0	1	0	0	0	0	0
C	Marios	23	156	5	1	32____	143795	10	0	0	0	0	0	0	0	0	1	0
C	Marios	23	156	5	1	32____	143796	10	0	0	0	0	1	0	0	0	0	0
C	Marios	23	156	5	1	32____	143799	10	0	0	0	0	0	0	0	0	1	0
C	Marios	23	156	5	1	32____	143852	10	0	0	0	0	1	0	0	0	0	0
C	Marios	23	156	5	1	32____	143894	10	0	0	0	0	0	0	0	0	1	0
C	Marios	23	156	5	1	32____	144000	10	14	0	0	0	0	0	0	0	0	0
C	Marios	23	156	5	1	32____	144243	14	0	0	0	0	1	0	0	0	0	0
C	Marios	23	156	5	1	32____	144426	14	0	0	0	0	0	0	0	0	1	0
C	Marios	23	156	5	1	32____	145522	14	0	0	0	0	1	0	0	0	0	0
C	Marios	23	156	5	1	32____	145781	14	0	0	0	0	0	0	0	0	1	0
C	Marios	23	156	5	1	32____	147000	14	-1	0	0	0	0	0	0	0	0	0
