Project	UserID	Protocol	Session	Station	Run	Subject	Time	Current State	Transition State	Transition Event	A1 - LLR	A2 - RLR	A3 - MAG	A4 - 	A[1] LLR_OFF	A[2] RLR_OFF	A[3] MAG_OFF	A[4] 
C	Marios	24	150	10	1	4_____	0	0	1	0	0	0	0	0	0	0	0	0
C	Marios	24	150	10	1	4_____	1485	1	0	0	0	0	1	0	0	0	0	0
C	Marios	24	150	10	1	4_____	1521	1	0	0	0	0	0	0	0	0	1	0
C	Marios	24	150	10	1	4_____	1584	1	0	0	0	0	1	0	0	0	0	0
C	Marios	24	150	10	1	4_____	1586	1	0	0	0	0	0	0	0	0	1	0
C	Marios	24	150	10	1	4_____	2024	1	0	0	0	0	1	0	0	0	0	0
C	Marios	24	150	10	1	4_____	2029	1	0	0	0	0	0	0	0	0	1	0
C	Marios	24	150	10	1	4_____	4097	1	0	0	0	0	1	0	0	0	0	0
C	Marios	24	150	10	1	4_____	4184	1	0	0	0	0	0	0	0	0	1	0
C	Marios	24	150	10	1	4_____	4500	1	2	0	0	0	0	0	0	0	0	0
C	Marios	24	150	10	1	4_____	4635	2	0	0	0	0	1	0	0	0	0	0
C	Marios	24	150	10	1	4_____	4662	2	0	0	0	0	0	0	0	0	1	0
C	Marios	24	150	10	1	4_____	5000	2	13	0	0	0	0	0	0	0	0	0
C	Marios	24	150	10	1	4_____	5500	13	15	0	0	0	0	0	0	0	0	0
C	Marios	24	150	10	1	4_____	6000	15	1	0	0	0	0	0	0	0	0	0
C	Marios	24	150	10	1	4_____	8476	1	0	0	0	0	1	0	0	0	0	0
C	Marios	24	150	10	1	4_____	8478	1	0	0	0	0	0	0	0	0	1	0
C	Marios	24	150	10	1	4_____	8560	1	0	0	0	0	1	0	0	0	0	0
C	Marios	24	150	10	1	4_____	8586	1	0	0	0	0	0	0	0	0	1	0
C	Marios	24	150	10	1	4_____	9000	1	2	0	0	0	0	0	0	0	0	0
C	Marios	24	150	10	1	4_____	9500	2	6	0	0	0	0	0	0	0	0	0
C	Marios	24	150	10	1	4_____	9567	6	0	0	0	0	1	0	0	0	0	0
C	Marios	24	150	10	1	4_____	9663	6	0	0	0	0	0	0	0	0	1	0
C	Marios	24	150	10	1	4_____	9677	6	0	0	0	0	1	0	0	0	0	0
C	Marios	24	150	10	1	4_____	9706	6	0	0	0	0	1	0	0	0	1	0
C	Marios	24	150	10	1	4_____	9783	6	0	0	0	0	0	0	0	0	1	0
C	Marios	24	150	10	1	4_____	9825	6	0	0	0	0	1	0	0	0	0	0
C	Marios	24	150	10	1	4_____	9972	6	0	0	0	0	0	0	0	0	1	0
C	Marios	24	150	10	1	4_____	9995	6	0	0	0	0	1	0	0	0	0	0
C	Marios	24	150	10	1	4_____	10000	6	11	0	0	0	0	0	0	0	0	0
C	Marios	24	150	10	1	4_____	10154	11	0	0	0	0	0	0	0	0	1	0
C	Marios	24	150	10	1	4_____	10157	11	0	0	0	0	1	0	0	0	0	0
C	Marios	24	150	10	1	4_____	10190	11	0	0	0	0	0	0	0	0	1	0
C	Marios	24	150	10	1	4_____	10500	11	1	0	0	0	0	0	0	0	0	0
C	Marios	24	150	10	1	4_____	10812	1	0	0	0	0	1	0	0	0	0	0
C	Marios	24	150	10	1	4_____	10820	1	0	0	0	0	0	0	0	0	1	0
C	Marios	24	150	10	1	4_____	10830	1	0	0	0	0	1	0	0	0	0	0
C	Marios	24	150	10	1	4_____	10851	1	0	0	0	0	0	0	0	0	1	0
C	Marios	24	150	10	1	4_____	12551	1	0	0	0	0	1	0	0	0	0	0
C	Marios	24	150	10	1	4_____	12556	1	0	0	0	0	0	0	0	0	1	0
C	Marios	24	150	10	1	4_____	14145	1	0	0	0	0	1	0	0	0	0	0
C	Marios	24	150	10	1	4_____	14148	1	0	0	0	0	0	0	0	0	1	0
C	Marios	24	150	10	1	4_____	16979	1	0	0	0	0	1	0	0	0	0	0
C	Marios	24	150	10	1	4_____	16988	1	0	0	0	0	0	0	0	0	1	0
C	Marios	24	150	10	1	4_____	17541	1	0	0	0	0	1	0	0	0	0	0
C	Marios	24	150	10	1	4_____	17583	1	0	0	0	0	0	0	0	0	1	0
C	Marios	24	150	10	1	4_____	18000	1	2	0	0	0	0	0	0	0	0	0
C	Marios	24	150	10	1	4_____	18500	2	12	0	0	0	0	0	0	0	0	0
C	Marios	24	150	10	1	4_____	18691	12	0	0	0	0	1	0	0	0	0	0
C	Marios	24	150	10	1	4_____	18700	12	0	0	0	0	0	0	0	0	1	0
C	Marios	24	150	10	1	4_____	19000	12	15	0	0	0	0	0	0	0	0	0
C	Marios	24	150	10	1	4_____	19029	15	0	0	0	0	1	0	0	0	0	0
C	Marios	24	150	10	1	4_____	19083	15	0	0	0	0	0	0	0	0	1	0
C	Marios	24	150	10	1	4_____	19084	15	0	0	0	0	1	0	0	0	0	0
C	Marios	24	150	10	1	4_____	19086	15	0	0	0	0	0	0	0	0	1	0
C	Marios	24	150	10	1	4_____	19095	15	0	0	0	0	1	0	0	0	0	0
C	Marios	24	150	10	1	4_____	19137	15	0	0	0	0	0	0	0	0	1	0
C	Marios	24	150	10	1	4_____	19500	15	1	0	0	0	0	0	0	0	0	0
C	Marios	24	150	10	1	4_____	20007	1	0	0	0	0	1	0	0	0	0	0
C	Marios	24	150	10	1	4_____	20010	1	0	0	0	0	0	0	0	0	1	0
C	Marios	24	150	10	1	4_____	21690	1	0	0	0	0	1	0	0	0	0	0
C	Marios	24	150	10	1	4_____	21737	1	0	0	0	0	0	0	0	0	1	0
C	Marios	24	150	10	1	4_____	21791	1	0	0	0	0	1	0	0	0	0	0
C	Marios	24	150	10	1	4_____	21854	1	0	0	0	0	0	0	0	0	1	0
C	Marios	24	150	10	1	4_____	23772	1	0	0	0	0	1	0	0	0	0	0
C	Marios	24	150	10	1	4_____	23785	1	0	0	0	0	0	0	0	0	1	0
C	Marios	24	150	10	1	4_____	25000	1	2	0	0	0	0	0	0	0	0	0
C	Marios	24	150	10	1	4_____	25500	2	12	0	0	0	0	0	0	0	0	0
C	Marios	24	150	10	1	4_____	26000	12	15	0	0	0	0	0	0	0	0	0
C	Marios	24	150	10	1	4_____	26336	15	0	0	0	0	1	0	0	0	0	0
C	Marios	24	150	10	1	4_____	26343	15	0	0	0	0	0	0	0	0	1	0
C	Marios	24	150	10	1	4_____	26500	15	1	0	0	0	0	0	0	0	0	0
C	Marios	24	150	10	1	4_____	28165	1	0	0	0	0	1	0	0	0	0	0
C	Marios	24	150	10	1	4_____	28242	1	0	0	0	0	0	0	0	0	1	0
C	Marios	24	150	10	1	4_____	28316	1	0	0	0	0	1	0	0	0	0	0
C	Marios	24	150	10	1	4_____	28356	1	0	0	0	0	0	0	0	0	1	0
C	Marios	24	150	10	1	4_____	28360	1	0	0	0	0	1	0	0	0	0	0
C	Marios	24	150	10	1	4_____	28408	1	0	0	0	0	0	0	0	0	1	0
C	Marios	24	150	10	1	4_____	28983	1	0	0	0	0	1	0	0	0	0	0
C	Marios	24	150	10	1	4_____	29038	1	0	0	0	0	0	0	0	0	1	0
C	Marios	24	150	10	1	4_____	29040	1	0	0	0	0	1	0	0	0	0	0
C	Marios	24	150	10	1	4_____	29112	1	0	0	0	0	0	0	0	0	1	0
C	Marios	24	150	10	1	4_____	30000	1	2	0	0	0	0	0	0	0	0	0
C	Marios	24	150	10	1	4_____	30500	2	7	0	0	0	0	0	0	0	0	0
C	Marios	24	150	10	1	4_____	30585	7	0	0	0	0	1	0	0	0	0	0
C	Marios	24	150	10	1	4_____	30615	7	0	0	0	0	0	0	0	0	1	0
C	Marios	24	150	10	1	4_____	30647	7	0	0	0	0	1	0	0	0	0	0
C	Marios	24	150	10	1	4_____	30663	7	0	0	0	0	1	0	0	0	1	0
C	Marios	24	150	10	1	4_____	30720	7	0	0	0	0	0	0	0	0	1	0
C	Marios	24	150	10	1	4_____	30724	7	0	0	0	0	1	0	0	0	0	0
C	Marios	24	150	10	1	4_____	30982	7	0	0	0	0	0	0	0	0	1	0
C	Marios	24	150	10	1	4_____	30991	7	0	0	0	0	1	0	0	0	0	0
C	Marios	24	150	10	1	4_____	31000	7	10	0	0	0	0	0	0	0	0	0
C	Marios	24	150	10	1	4_____	31006	10	0	0	0	0	0	0	0	0	1	0
C	Marios	24	150	10	1	4_____	31009	10	0	0	0	0	1	0	0	0	0	0
C	Marios	24	150	10	1	4_____	31297	10	0	0	0	0	0	0	0	0	1	0
C	Marios	24	150	10	1	4_____	31500	10	1	0	0	0	0	0	0	0	0	0
C	Marios	24	150	10	1	4_____	33000	1	2	0	0	0	0	0	0	0	0	0
C	Marios	24	150	10	1	4_____	33500	2	13	0	0	0	0	0	0	0	0	0
C	Marios	24	150	10	1	4_____	34000	13	15	0	0	0	0	0	0	0	0	0
C	Marios	24	150	10	1	4_____	34500	15	1	0	0	0	0	0	0	0	0	0
C	Marios	24	150	10	1	4_____	35225	1	0	0	0	0	1	0	0	0	0	0
C	Marios	24	150	10	1	4_____	35226	1	0	0	0	0	0	0	0	0	1	0
C	Marios	24	150	10	1	4_____	35801	1	0	0	0	0	1	0	0	0	0	0
C	Marios	24	150	10	1	4_____	35828	1	0	0	0	0	0	0	0	0	1	0
C	Marios	24	150	10	1	4_____	35976	1	0	0	0	0	1	0	0	0	0	0
C	Marios	24	150	10	1	4_____	36004	1	0	0	0	0	0	0	0	0	1	0
C	Marios	24	150	10	1	4_____	36227	1	0	0	0	0	1	0	0	0	0	0
C	Marios	24	150	10	1	4_____	36342	1	0	0	0	0	0	0	0	0	1	0
C	Marios	24	150	10	1	4_____	36548	1	0	0	0	0	1	0	0	0	0	0
C	Marios	24	150	10	1	4_____	36550	1	0	0	0	0	0	0	0	0	1	0
C	Marios	24	150	10	1	4_____	36553	1	0	0	0	0	1	0	0	0	0	0
C	Marios	24	150	10	1	4_____	36566	1	0	0	0	0	0	0	0	0	1	0
C	Marios	24	150	10	1	4_____	39657	1	0	0	0	0	1	0	0	0	0	0
C	Marios	24	150	10	1	4_____	39758	1	0	0	0	0	0	0	0	0	1	0
C	Marios	24	150	10	1	4_____	41250	1	2	0	0	0	0	0	0	0	0	0
C	Marios	24	150	10	1	4_____	41750	2	7	0	0	0	0	0	0	0	0	0
C	Marios	24	150	10	1	4_____	41810	7	0	0	0	0	1	0	0	0	0	0
C	Marios	24	150	10	1	4_____	41850	7	0	0	0	0	0	0	0	0	1	0
C	Marios	24	150	10	1	4_____	41870	7	0	0	0	0	1	0	0	0	0	0
C	Marios	24	150	10	1	4_____	41992	7	0	0	0	0	0	0	0	0	1	0
C	Marios	24	150	10	1	4_____	42008	7	0	0	0	0	1	0	0	0	0	0
C	Marios	24	150	10	1	4_____	42250	7	10	0	0	0	0	0	0	0	0	0
C	Marios	24	150	10	1	4_____	42505	10	0	0	0	0	0	0	0	0	1	0
C	Marios	24	150	10	1	4_____	42691	10	0	0	0	0	1	0	0	0	0	0
C	Marios	24	150	10	1	4_____	42726	10	0	0	0	0	0	0	0	0	1	0
C	Marios	24	150	10	1	4_____	42750	10	1	0	0	0	0	0	0	0	0	0
C	Marios	24	150	10	1	4_____	46500	1	2	0	0	0	0	0	0	0	0	0
C	Marios	24	150	10	1	4_____	47000	2	12	0	0	0	0	0	0	0	0	0
C	Marios	24	150	10	1	4_____	47500	12	15	0	0	0	0	0	0	0	0	0
C	Marios	24	150	10	1	4_____	47501	15	0	0	0	0	1	0	0	0	0	0
C	Marios	24	150	10	1	4_____	47529	15	0	0	0	0	0	0	0	0	1	0
C	Marios	24	150	10	1	4_____	47566	15	0	0	0	0	1	0	0	0	0	0
C	Marios	24	150	10	1	4_____	47583	15	0	0	0	0	0	0	0	0	1	0
C	Marios	24	150	10	1	4_____	47917	15	0	0	0	0	1	0	0	0	0	0
C	Marios	24	150	10	1	4_____	47930	15	0	0	0	0	0	0	0	0	1	0
C	Marios	24	150	10	1	4_____	47934	15	0	0	0	0	1	0	0	0	0	0
C	Marios	24	150	10	1	4_____	47971	15	0	0	0	0	0	0	0	0	1	0
C	Marios	24	150	10	1	4_____	48000	15	1	0	0	0	0	0	0	0	0	0
C	Marios	24	150	10	1	4_____	48501	1	0	0	0	0	1	0	0	0	0	0
C	Marios	24	150	10	1	4_____	48505	1	0	0	0	0	0	0	0	0	1	0
C	Marios	24	150	10	1	4_____	48507	1	0	0	0	0	1	0	0	0	0	0
C	Marios	24	150	10	1	4_____	48520	1	0	0	0	0	0	0	0	0	1	0
C	Marios	24	150	10	1	4_____	48795	1	0	0	0	0	1	0	0	0	0	0
C	Marios	24	150	10	1	4_____	48808	1	0	0	0	0	0	0	0	0	1	0
C	Marios	24	150	10	1	4_____	48899	1	0	0	0	0	1	0	0	0	0	0
C	Marios	24	150	10	1	4_____	48922	1	0	0	0	0	0	0	0	0	1	0
C	Marios	24	150	10	1	4_____	50250	1	2	0	0	0	0	0	0	0	0	0
C	Marios	24	150	10	1	4_____	50295	2	0	0	0	0	1	0	0	0	0	0
C	Marios	24	150	10	1	4_____	50297	2	0	0	0	0	0	0	0	0	1	0
C	Marios	24	150	10	1	4_____	50299	2	0	0	0	0	1	0	0	0	0	0
C	Marios	24	150	10	1	4_____	50300	2	0	0	0	0	0	0	0	0	1	0
C	Marios	24	150	10	1	4_____	50302	2	0	0	0	0	1	0	0	0	0	0
C	Marios	24	150	10	1	4_____	50329	2	0	0	0	0	0	0	0	0	1	0
C	Marios	24	150	10	1	4_____	50750	2	13	0	0	0	0	0	0	0	0	0
C	Marios	24	150	10	1	4_____	51250	13	15	0	0	0	0	0	0	0	0	0
C	Marios	24	150	10	1	4_____	51449	15	0	0	0	0	1	0	0	0	0	0
C	Marios	24	150	10	1	4_____	51464	15	0	0	0	0	0	0	0	0	1	0
C	Marios	24	150	10	1	4_____	51750	15	1	0	0	0	0	0	0	0	0	0
C	Marios	24	150	10	1	4_____	54003	1	0	0	0	0	1	0	0	0	0	0
C	Marios	24	150	10	1	4_____	54007	1	0	0	0	0	0	0	0	0	1	0
C	Marios	24	150	10	1	4_____	54019	1	0	0	0	0	1	0	0	0	0	0
C	Marios	24	150	10	1	4_____	54041	1	0	0	0	0	0	0	0	0	1	0
C	Marios	24	150	10	1	4_____	54299	1	0	0	0	0	1	0	0	0	0	0
C	Marios	24	150	10	1	4_____	54341	1	0	0	0	0	0	0	0	0	1	0
C	Marios	24	150	10	1	4_____	54342	1	0	0	0	0	1	0	0	0	0	0
C	Marios	24	150	10	1	4_____	54360	1	0	0	0	0	0	0	0	0	1	0
C	Marios	24	150	10	1	4_____	54362	1	0	0	0	0	1	0	0	0	0	0
C	Marios	24	150	10	1	4_____	54364	1	0	0	0	0	0	0	0	0	1	0
C	Marios	24	150	10	1	4_____	54369	1	0	0	0	0	1	0	0	0	0	0
C	Marios	24	150	10	1	4_____	54408	1	0	0	0	0	0	0	0	0	1	0
C	Marios	24	150	10	1	4_____	55492	1	0	0	0	0	1	0	0	0	0	0
C	Marios	24	150	10	1	4_____	55499	1	0	0	0	0	0	0	0	0	1	0
C	Marios	24	150	10	1	4_____	55501	1	0	0	0	0	1	0	0	0	0	0
C	Marios	24	150	10	1	4_____	55524	1	0	0	0	0	0	0	0	0	1	0
C	Marios	24	150	10	1	4_____	57000	1	2	0	0	0	0	0	0	0	0	0
C	Marios	24	150	10	1	4_____	57500	2	12	0	0	0	0	0	0	0	0	0
C	Marios	24	150	10	1	4_____	57964	12	0	0	0	0	1	0	0	0	0	0
C	Marios	24	150	10	1	4_____	58000	12	15	0	0	0	0	0	0	0	0	0
C	Marios	24	150	10	1	4_____	58078	15	0	0	0	0	0	0	0	0	1	0
C	Marios	24	150	10	1	4_____	58181	15	0	0	0	0	1	0	0	0	0	0
C	Marios	24	150	10	1	4_____	58223	15	0	0	0	0	0	0	0	0	1	0
C	Marios	24	150	10	1	4_____	58500	15	1	0	0	0	0	0	0	0	0	0
C	Marios	24	150	10	1	4_____	64360	1	0	0	0	0	1	0	0	0	0	0
C	Marios	24	150	10	1	4_____	64500	1	2	0	0	0	0	0	0	0	0	0
C	Marios	24	150	10	1	4_____	64548	2	0	0	0	0	0	0	0	0	1	0
C	Marios	24	150	10	1	4_____	64587	2	0	0	0	0	1	0	0	0	0	0
C	Marios	24	150	10	1	4_____	65000	2	6	0	0	0	0	0	0	0	0	0
C	Marios	24	150	10	1	4_____	65289	6	0	0	0	0	0	0	0	0	1	0
C	Marios	24	150	10	1	4_____	65309	6	0	0	0	0	1	0	0	0	0	0
C	Marios	24	150	10	1	4_____	65500	6	11	0	0	0	0	0	0	0	0	0
C	Marios	24	150	10	1	4_____	65849	11	0	0	0	0	0	0	0	0	1	0
C	Marios	24	150	10	1	4_____	66000	11	1	0	0	0	0	0	0	0	0	0
C	Marios	24	150	10	1	4_____	66076	1	0	0	0	0	1	0	0	0	0	0
C	Marios	24	150	10	1	4_____	66094	1	0	0	0	0	0	0	0	0	1	0
C	Marios	24	150	10	1	4_____	70500	1	2	0	0	0	0	0	0	0	0	0
C	Marios	24	150	10	1	4_____	71000	2	13	0	0	0	0	0	0	0	0	0
C	Marios	24	150	10	1	4_____	71081	13	0	0	0	0	1	0	0	0	0	0
C	Marios	24	150	10	1	4_____	71141	13	0	0	0	0	0	0	0	0	1	0
C	Marios	24	150	10	1	4_____	71476	13	0	0	0	0	1	0	0	0	0	0
C	Marios	24	150	10	1	4_____	71500	13	15	0	0	0	0	0	0	0	0	0
C	Marios	24	150	10	1	4_____	71692	15	0	0	0	0	0	0	0	0	1	0
C	Marios	24	150	10	1	4_____	71727	15	0	0	0	0	1	0	0	0	0	0
C	Marios	24	150	10	1	4_____	71761	15	0	0	0	0	0	0	0	0	1	0
C	Marios	24	150	10	1	4_____	71895	15	0	0	0	0	1	0	0	0	0	0
C	Marios	24	150	10	1	4_____	71898	15	0	0	0	0	0	0	0	0	1	0
C	Marios	24	150	10	1	4_____	71903	15	0	0	0	0	1	0	0	0	0	0
C	Marios	24	150	10	1	4_____	71933	15	0	0	0	0	0	0	0	0	1	0
C	Marios	24	150	10	1	4_____	71935	15	0	0	0	0	1	0	0	0	0	0
C	Marios	24	150	10	1	4_____	71951	15	0	0	0	0	0	0	0	0	1	0
C	Marios	24	150	10	1	4_____	71952	15	0	0	0	0	1	0	0	0	0	0
C	Marios	24	150	10	1	4_____	71988	15	0	0	0	0	0	0	0	0	1	0
C	Marios	24	150	10	1	4_____	72000	15	1	0	0	0	0	0	0	0	0	0
C	Marios	24	150	10	1	4_____	73737	1	0	0	0	0	1	0	0	0	0	0
C	Marios	24	150	10	1	4_____	73769	1	0	0	0	0	0	0	0	0	1	0
C	Marios	24	150	10	1	4_____	75060	1	0	0	0	0	1	0	0	0	0	0
C	Marios	24	150	10	1	4_____	75120	1	0	0	0	0	0	0	0	0	1	0
C	Marios	24	150	10	1	4_____	75704	1	0	0	0	0	1	0	0	0	0	0
C	Marios	24	150	10	1	4_____	75760	1	0	0	0	0	0	0	0	0	1	0
C	Marios	24	150	10	1	4_____	75766	1	0	0	0	0	1	0	0	0	0	0
C	Marios	24	150	10	1	4_____	75904	1	0	0	0	0	0	0	0	0	1	0
C	Marios	24	150	10	1	4_____	75906	1	0	0	0	0	1	0	0	0	0	0
C	Marios	24	150	10	1	4_____	75921	1	0	0	0	0	0	0	0	0	1	0
C	Marios	24	150	10	1	4_____	75956	1	0	0	0	0	1	0	0	0	0	0
C	Marios	24	150	10	1	4_____	75977	1	0	0	0	0	0	0	0	0	1	0
C	Marios	24	150	10	1	4_____	75982	1	0	0	0	0	1	0	0	0	0	0
C	Marios	24	150	10	1	4_____	75993	1	0	0	0	0	0	0	0	0	1	0
C	Marios	24	150	10	1	4_____	76004	1	0	0	0	0	1	0	0	0	0	0
C	Marios	24	150	10	1	4_____	76125	1	0	0	0	0	0	0	0	0	1	0
C	Marios	24	150	10	1	4_____	76140	1	0	0	0	0	1	0	0	0	0	0
C	Marios	24	150	10	1	4_____	76240	1	0	0	0	0	0	0	0	0	1	0
C	Marios	24	150	10	1	4_____	76314	1	0	0	0	0	1	0	0	0	0	0
C	Marios	24	150	10	1	4_____	76403	1	0	0	0	0	0	0	0	0	1	0
C	Marios	24	150	10	1	4_____	76599	1	0	0	0	0	1	0	0	0	0	0
C	Marios	24	150	10	1	4_____	76721	1	0	0	0	0	0	0	0	0	1	0
C	Marios	24	150	10	1	4_____	77250	1	2	0	0	0	0	0	0	0	0	0
C	Marios	24	150	10	1	4_____	77750	2	12	0	0	0	0	0	0	0	0	0
C	Marios	24	150	10	1	4_____	77911	12	0	0	0	0	1	0	0	0	0	0
C	Marios	24	150	10	1	4_____	77999	12	0	0	0	0	0	0	0	0	1	0
C	Marios	24	150	10	1	4_____	78043	12	0	0	0	0	1	0	0	0	0	0
C	Marios	24	150	10	1	4_____	78250	12	15	0	0	0	0	0	0	0	0	0
C	Marios	24	150	10	1	4_____	78394	15	0	0	0	0	0	0	0	0	1	0
C	Marios	24	150	10	1	4_____	78398	15	0	0	0	0	1	0	0	0	0	0
C	Marios	24	150	10	1	4_____	78468	15	0	0	0	0	0	0	0	0	1	0
C	Marios	24	150	10	1	4_____	78522	15	0	0	0	0	1	0	0	0	0	0
C	Marios	24	150	10	1	4_____	78750	15	1	0	0	0	0	0	0	0	0	0
C	Marios	24	150	10	1	4_____	79399	1	0	0	0	0	0	0	0	0	1	0
C	Marios	24	150	10	1	4_____	79709	1	0	0	0	0	1	0	0	0	0	0
C	Marios	24	150	10	1	4_____	80515	1	0	0	0	0	0	0	0	0	1	0
C	Marios	24	150	10	1	4_____	81000	1	2	0	0	0	0	0	0	0	0	0
C	Marios	24	150	10	1	4_____	81500	2	12	0	0	0	0	0	0	0	0	0
C	Marios	24	150	10	1	4_____	81611	12	0	0	0	0	1	0	0	0	0	0
C	Marios	24	150	10	1	4_____	81746	12	0	0	0	0	0	0	0	0	1	0
C	Marios	24	150	10	1	4_____	81754	12	0	0	0	0	1	0	0	0	0	0
C	Marios	24	150	10	1	4_____	81836	12	0	0	0	0	0	0	0	0	1	0
C	Marios	24	150	10	1	4_____	81844	12	0	0	0	0	1	0	0	0	0	0
C	Marios	24	150	10	1	4_____	82000	12	15	0	0	0	0	0	0	0	0	0
C	Marios	24	150	10	1	4_____	82105	15	0	0	0	0	0	0	0	0	1	0
C	Marios	24	150	10	1	4_____	82147	15	0	0	0	0	1	0	0	0	0	0
C	Marios	24	150	10	1	4_____	82374	15	0	0	0	0	0	0	0	0	1	0
C	Marios	24	150	10	1	4_____	82460	15	0	0	0	0	1	0	0	0	0	0
C	Marios	24	150	10	1	4_____	82500	15	1	0	0	0	0	0	0	0	0	0
C	Marios	24	150	10	1	4_____	82663	1	0	0	0	0	0	0	0	0	1	0
C	Marios	24	150	10	1	4_____	83081	1	0	0	0	0	1	0	0	0	0	0
C	Marios	24	150	10	1	4_____	83179	1	0	0	0	0	0	0	0	0	1	0
C	Marios	24	150	10	1	4_____	86428	1	0	0	0	0	1	0	0	0	0	0
C	Marios	24	150	10	1	4_____	86439	1	0	0	0	0	0	0	0	0	1	0
C	Marios	24	150	10	1	4_____	86458	1	0	0	0	0	1	0	0	0	0	0
C	Marios	24	150	10	1	4_____	86493	1	0	0	0	0	0	0	0	0	1	0
C	Marios	24	150	10	1	4_____	86496	1	0	0	0	0	1	0	0	0	0	0
C	Marios	24	150	10	1	4_____	86499	1	0	0	0	0	0	0	0	0	1	0
C	Marios	24	150	10	1	4_____	86504	1	0	0	0	0	1	0	0	0	0	0
C	Marios	24	150	10	1	4_____	86507	1	0	0	0	0	0	0	0	0	1	0
C	Marios	24	150	10	1	4_____	86516	1	0	0	0	0	1	0	0	0	0	0
C	Marios	24	150	10	1	4_____	86518	1	0	0	0	0	0	0	0	0	1	0
C	Marios	24	150	10	1	4_____	87000	1	2	0	0	0	0	0	0	0	0	0
C	Marios	24	150	10	1	4_____	87500	2	6	0	0	0	0	0	0	0	0	0
C	Marios	24	150	10	1	4_____	87589	6	0	0	0	0	1	0	0	0	0	0
C	Marios	24	150	10	1	4_____	87904	6	0	0	0	0	0	0	0	0	1	0
C	Marios	24	150	10	1	4_____	87914	6	0	0	0	0	1	0	0	0	0	0
C	Marios	24	150	10	1	4_____	88000	6	11	0	0	0	0	0	0	0	0	0
C	Marios	24	150	10	1	4_____	88178	11	0	0	0	0	0	0	0	0	1	0
C	Marios	24	150	10	1	4_____	88179	11	0	0	0	0	1	0	0	0	0	0
C	Marios	24	150	10	1	4_____	88182	11	0	0	0	0	0	0	0	0	1	0
C	Marios	24	150	10	1	4_____	88458	11	0	0	0	0	1	0	0	0	0	0
C	Marios	24	150	10	1	4_____	88500	11	1	0	0	0	0	0	0	0	0	0
C	Marios	24	150	10	1	4_____	88674	1	0	0	0	0	0	0	0	0	1	0
C	Marios	24	150	10	1	4_____	88699	1	0	0	0	0	1	0	0	0	0	0
C	Marios	24	150	10	1	4_____	88755	1	0	0	0	0	1	0	0	0	1	0
C	Marios	24	150	10	1	4_____	88765	1	0	0	0	0	0	0	0	0	1	0
C	Marios	24	150	10	1	4_____	90091	1	0	0	0	0	1	0	0	0	0	0
C	Marios	24	150	10	1	4_____	90093	1	0	0	0	0	0	0	0	0	1	0
C	Marios	24	150	10	1	4_____	91382	1	0	0	0	0	1	0	0	0	0	0
C	Marios	24	150	10	1	4_____	91385	1	0	0	0	0	0	0	0	0	1	0
C	Marios	24	150	10	1	4_____	92962	1	0	0	0	0	1	0	0	0	0	0
C	Marios	24	150	10	1	4_____	93006	1	0	0	0	0	0	0	0	0	1	0
C	Marios	24	150	10	1	4_____	93271	1	0	0	0	0	1	0	0	0	0	0
C	Marios	24	150	10	1	4_____	93335	1	0	0	0	0	0	0	0	0	1	0
C	Marios	24	150	10	1	4_____	93362	1	0	0	0	0	1	0	0	0	0	0
C	Marios	24	150	10	1	4_____	93364	1	0	0	0	0	0	0	0	0	1	0
C	Marios	24	150	10	1	4_____	93420	1	0	0	0	0	1	0	0	0	0	0
C	Marios	24	150	10	1	4_____	93425	1	0	0	0	0	0	0	0	0	1	0
C	Marios	24	150	10	1	4_____	93431	1	0	0	0	0	1	0	0	0	0	0
C	Marios	24	150	10	1	4_____	93433	1	0	0	0	0	0	0	0	0	1	0
C	Marios	24	150	10	1	4_____	94500	1	2	0	0	0	0	0	0	0	0	0
C	Marios	24	150	10	1	4_____	95000	2	13	0	0	0	0	0	0	0	0	0
C	Marios	24	150	10	1	4_____	95500	13	15	0	0	0	0	0	0	0	0	0
C	Marios	24	150	10	1	4_____	96000	15	1	0	0	0	0	0	0	0	0	0
C	Marios	24	150	10	1	4_____	96101	1	0	0	0	0	1	0	0	0	0	0
C	Marios	24	150	10	1	4_____	96120	1	0	0	0	0	0	0	0	0	1	0
C	Marios	24	150	10	1	4_____	97146	1	0	0	0	0	1	0	0	0	0	0
C	Marios	24	150	10	1	4_____	97152	1	0	0	0	0	0	0	0	0	1	0
C	Marios	24	150	10	1	4_____	97153	1	0	0	0	0	1	0	0	0	0	0
C	Marios	24	150	10	1	4_____	97170	1	0	0	0	0	0	0	0	0	1	0
C	Marios	24	150	10	1	4_____	102877	1	0	0	0	0	1	0	0	0	0	0
C	Marios	24	150	10	1	4_____	102952	1	0	0	0	0	0	0	0	0	1	0
C	Marios	24	150	10	1	4_____	103290	1	0	0	0	0	1	0	0	0	0	0
C	Marios	24	150	10	1	4_____	103500	1	2	0	0	0	0	0	0	0	0	0
C	Marios	24	150	10	1	4_____	103549	2	0	0	0	0	0	0	0	0	1	0
C	Marios	24	150	10	1	4_____	103551	2	0	0	0	0	1	0	0	0	0	0
C	Marios	24	150	10	1	4_____	103553	2	0	0	0	0	0	0	0	0	1	0
C	Marios	24	150	10	1	4_____	103555	2	0	0	0	0	1	0	0	0	0	0
C	Marios	24	150	10	1	4_____	103688	2	0	0	0	0	0	0	0	0	1	0
C	Marios	24	150	10	1	4_____	104000	2	7	0	0	0	0	0	0	0	0	0
C	Marios	24	150	10	1	4_____	104047	7	0	0	0	0	1	0	0	0	0	0
C	Marios	24	150	10	1	4_____	104316	7	0	0	0	0	0	0	0	0	1	0
C	Marios	24	150	10	1	4_____	104351	7	0	0	0	0	1	0	0	0	0	0
C	Marios	24	150	10	1	4_____	104500	7	10	0	0	0	0	0	0	0	0	0
C	Marios	24	150	10	1	4_____	104812	10	0	0	0	0	0	0	0	0	1	0
C	Marios	24	150	10	1	4_____	104829	10	0	0	0	0	1	0	0	0	0	0
C	Marios	24	150	10	1	4_____	104849	10	0	0	0	0	0	0	0	0	1	0
C	Marios	24	150	10	1	4_____	105000	10	1	0	0	0	0	0	0	0	0	0
C	Marios	24	150	10	1	4_____	106500	1	2	0	0	0	0	0	0	0	0	0
C	Marios	24	150	10	1	4_____	106817	2	0	0	0	0	1	0	0	0	0	0
C	Marios	24	150	10	1	4_____	106849	2	0	0	0	0	0	0	0	0	1	0
C	Marios	24	150	10	1	4_____	107000	2	13	0	0	0	0	0	0	0	0	0
C	Marios	24	150	10	1	4_____	107147	13	0	0	0	0	1	0	0	0	0	0
C	Marios	24	150	10	1	4_____	107184	13	0	0	0	0	0	0	0	0	1	0
C	Marios	24	150	10	1	4_____	107500	13	15	0	0	0	0	0	0	0	0	0
C	Marios	24	150	10	1	4_____	108000	15	1	0	0	0	0	0	0	0	0	0
C	Marios	24	150	10	1	4_____	109895	1	0	0	0	0	1	0	0	0	0	0
C	Marios	24	150	10	1	4_____	109897	1	0	0	0	0	0	0	0	0	1	0
C	Marios	24	150	10	1	4_____	114750	1	2	0	0	0	0	0	0	0	0	0
C	Marios	24	150	10	1	4_____	115250	2	6	0	0	0	0	0	0	0	0	0
C	Marios	24	150	10	1	4_____	115351	6	0	0	0	0	1	0	0	0	0	0
C	Marios	24	150	10	1	4_____	115486	6	0	0	0	0	0	0	0	0	1	0
C	Marios	24	150	10	1	4_____	115491	6	0	0	0	0	1	0	0	0	0	0
C	Marios	24	150	10	1	4_____	115635	6	0	0	0	0	0	0	0	0	1	0
C	Marios	24	150	10	1	4_____	115648	6	0	0	0	0	1	0	0	0	0	0
C	Marios	24	150	10	1	4_____	115750	6	11	0	0	0	0	0	0	0	0	0
C	Marios	24	150	10	1	4_____	116022	11	0	0	0	0	0	0	0	0	1	0
C	Marios	24	150	10	1	4_____	116023	11	0	0	0	0	1	0	0	0	0	0
C	Marios	24	150	10	1	4_____	116133	11	0	0	0	0	0	0	0	0	1	0
C	Marios	24	150	10	1	4_____	116135	11	0	0	0	0	1	0	0	0	0	0
C	Marios	24	150	10	1	4_____	116138	11	0	0	0	0	0	0	0	0	1	0
C	Marios	24	150	10	1	4_____	116250	11	1	0	0	0	0	0	0	0	0	0
C	Marios	24	150	10	1	4_____	119250	1	2	0	0	0	0	0	0	0	0	0
C	Marios	24	150	10	1	4_____	119750	2	13	0	0	0	0	0	0	0	0	0
C	Marios	24	150	10	1	4_____	120250	13	15	0	0	0	0	0	0	0	0	0
C	Marios	24	150	10	1	4_____	120750	15	1	0	0	0	0	0	0	0	0	0
C	Marios	24	150	10	1	4_____	124500	1	2	0	0	0	0	0	0	0	0	0
C	Marios	24	150	10	1	4_____	125000	2	7	0	0	0	0	0	0	0	0	0
C	Marios	24	150	10	1	4_____	125130	7	0	0	0	0	1	0	0	0	0	0
C	Marios	24	150	10	1	4_____	125145	7	0	0	0	0	0	0	0	0	1	0
C	Marios	24	150	10	1	4_____	125177	7	0	0	0	0	1	0	0	0	0	0
C	Marios	24	150	10	1	4_____	125188	7	0	0	0	0	0	0	0	0	1	0
C	Marios	24	150	10	1	4_____	125214	7	0	0	0	0	1	0	0	0	0	0
C	Marios	24	150	10	1	4_____	125290	7	0	0	0	0	0	0	0	0	1	0
C	Marios	24	150	10	1	4_____	125293	7	0	0	0	0	1	0	0	0	0	0
C	Marios	24	150	10	1	4_____	125462	7	0	0	0	0	1	0	0	0	1	0
C	Marios	24	150	10	1	4_____	125500	7	10	0	0	0	0	0	0	0	0	0
C	Marios	24	150	10	1	4_____	125836	10	0	0	0	0	0	0	0	0	1	0
C	Marios	24	150	10	1	4_____	126000	10	1	0	0	0	0	0	0	0	0	0
C	Marios	24	150	10	1	4_____	126423	1	0	0	0	0	1	0	0	0	0	0
C	Marios	24	150	10	1	4_____	126489	1	0	0	0	0	0	0	0	0	1	0
C	Marios	24	150	10	1	4_____	126861	1	0	0	0	0	1	0	0	0	0	0
C	Marios	24	150	10	1	4_____	126864	1	0	0	0	0	1	0	0	0	1	0
C	Marios	24	150	10	1	4_____	126893	1	0	0	0	0	0	0	0	0	1	0
C	Marios	24	150	10	1	4_____	130500	1	2	0	0	0	0	0	0	0	0	0
C	Marios	24	150	10	1	4_____	131000	2	12	0	0	0	0	0	0	0	0	0
C	Marios	24	150	10	1	4_____	131082	12	0	0	0	0	1	0	0	0	0	0
C	Marios	24	150	10	1	4_____	131141	12	0	0	0	0	0	0	0	0	1	0
C	Marios	24	150	10	1	4_____	131162	12	0	0	0	0	1	0	0	0	0	0
C	Marios	24	150	10	1	4_____	131458	12	0	0	0	0	0	0	0	0	1	0
C	Marios	24	150	10	1	4_____	131460	12	0	0	0	0	1	0	0	0	0	0
C	Marios	24	150	10	1	4_____	131484	12	0	0	0	0	0	0	0	0	1	0
C	Marios	24	150	10	1	4_____	131486	12	0	0	0	0	1	0	0	0	0	0
C	Marios	24	150	10	1	4_____	131496	12	0	0	0	0	0	0	0	0	1	0
C	Marios	24	150	10	1	4_____	131497	12	0	0	0	0	1	0	0	0	0	0
C	Marios	24	150	10	1	4_____	131500	12	15	0	0	0	0	0	0	0	0	0
C	Marios	24	150	10	1	4_____	131595	15	0	0	0	0	0	0	0	0	1	0
C	Marios	24	150	10	1	4_____	131598	15	0	0	0	0	1	0	0	0	0	0
C	Marios	24	150	10	1	4_____	131688	15	0	0	0	0	0	0	0	0	1	0
C	Marios	24	150	10	1	4_____	131734	15	0	0	0	0	1	0	0	0	0	0
C	Marios	24	150	10	1	4_____	131792	15	0	0	0	0	1	0	0	0	1	0
C	Marios	24	150	10	1	4_____	131909	15	0	0	0	0	0	0	0	0	1	0
C	Marios	24	150	10	1	4_____	132000	15	1	0	0	0	0	0	0	0	0	0
C	Marios	24	150	10	1	4_____	137500	1	2	0	0	0	0	0	0	0	0	0
C	Marios	24	150	10	1	4_____	138000	2	12	0	0	0	0	0	0	0	0	0
C	Marios	24	150	10	1	4_____	138187	12	0	0	0	0	1	0	0	0	0	0
C	Marios	24	150	10	1	4_____	138500	12	15	0	0	0	0	0	0	0	0	0
C	Marios	24	150	10	1	4_____	138575	15	0	0	0	0	0	0	0	0	1	0
C	Marios	24	150	10	1	4_____	138579	15	0	0	0	0	1	0	0	0	0	0
C	Marios	24	150	10	1	4_____	138627	15	0	0	0	0	0	0	0	0	1	0
C	Marios	24	150	10	1	4_____	138675	15	0	0	0	0	1	0	0	0	0	0
C	Marios	24	150	10	1	4_____	138716	15	0	0	0	0	0	0	0	0	1	0
C	Marios	24	150	10	1	4_____	139000	15	1	0	0	0	0	0	0	0	0	0
C	Marios	24	150	10	1	4_____	142500	1	2	0	0	0	0	0	0	0	0	0
C	Marios	24	150	10	1	4_____	143000	2	13	0	0	0	0	0	0	0	0	0
C	Marios	24	150	10	1	4_____	143500	13	15	0	0	0	0	0	0	0	0	0
C	Marios	24	150	10	1	4_____	144000	15	14	0	0	0	0	0	0	0	0	0
C	Marios	24	150	10	1	4_____	147000	14	-1	0	0	0	0	0	0	0	0	0
C	Marios	24	150	14	1	29____	0	0	1	0	0	0	0	0	0	0	0	0
C	Marios	24	150	14	1	29____	143	1	0	0	0	0	1	0	0	0	0	0
C	Marios	24	150	14	1	29____	151	1	0	0	0	0	0	0	0	0	1	0
C	Marios	24	150	14	1	29____	1256	1	0	0	0	0	1	0	0	0	0	0
C	Marios	24	150	14	1	29____	1278	1	0	0	0	0	0	0	0	0	1	0
C	Marios	24	150	14	1	29____	3513	1	0	0	0	0	1	0	0	0	0	0
C	Marios	24	150	14	1	29____	3584	1	0	0	0	0	0	0	0	0	1	0
C	Marios	24	150	14	1	29____	4500	1	2	0	0	0	0	0	0	0	0	0
C	Marios	24	150	14	1	29____	5000	2	6	0	0	0	0	0	0	0	0	0
C	Marios	24	150	14	1	29____	5052	6	0	0	0	0	1	0	0	0	0	0
C	Marios	24	150	14	1	29____	5071	6	0	0	0	0	0	0	0	0	1	0
C	Marios	24	150	14	1	29____	5096	6	0	0	0	0	1	0	0	0	0	0
C	Marios	24	150	14	1	29____	5121	6	0	0	0	0	0	0	0	0	1	0
C	Marios	24	150	14	1	29____	5161	6	0	0	0	0	1	0	0	0	0	0
C	Marios	24	150	14	1	29____	5205	6	0	0	0	0	0	0	0	0	1	0
C	Marios	24	150	14	1	29____	5232	6	0	0	0	0	1	0	0	0	0	0
C	Marios	24	150	14	1	29____	5422	6	0	0	0	0	0	0	0	0	1	0
C	Marios	24	150	14	1	29____	5500	6	11	0	0	0	0	0	0	0	0	0
C	Marios	24	150	14	1	29____	5532	11	0	0	0	0	1	0	0	0	0	0
C	Marios	24	150	14	1	29____	5704	11	0	0	0	0	0	0	0	0	1	0
C	Marios	24	150	14	1	29____	5705	11	0	0	0	0	1	0	0	0	0	0
C	Marios	24	150	14	1	29____	5742	11	0	0	0	0	0	0	0	0	1	0
C	Marios	24	150	14	1	29____	5743	11	0	0	0	0	1	0	0	0	0	0
C	Marios	24	150	14	1	29____	5745	11	0	0	0	0	0	0	0	0	1	0
C	Marios	24	150	14	1	29____	6000	11	1	0	0	0	0	0	0	0	0	0
C	Marios	24	150	14	1	29____	6582	1	0	0	0	0	1	0	0	0	0	0
C	Marios	24	150	14	1	29____	6593	1	0	0	0	0	0	0	0	0	1	0
C	Marios	24	150	14	1	29____	9642	1	0	0	0	0	1	0	0	0	0	0
C	Marios	24	150	14	1	29____	9652	1	0	0	0	0	0	0	0	0	1	0
C	Marios	24	150	14	1	29____	9655	1	0	0	0	0	1	0	0	0	0	0
C	Marios	24	150	14	1	29____	9678	1	0	0	0	0	0	0	0	0	1	0
C	Marios	24	150	14	1	29____	12000	1	2	0	0	0	0	0	0	0	0	0
C	Marios	24	150	14	1	29____	12500	2	12	0	0	0	0	0	0	0	0	0
C	Marios	24	150	14	1	29____	12817	12	0	0	0	0	1	0	0	0	0	0
C	Marios	24	150	14	1	29____	12832	12	0	0	0	0	0	0	0	0	1	0
C	Marios	24	150	14	1	29____	13000	12	15	0	0	0	0	0	0	0	0	0
C	Marios	24	150	14	1	29____	13500	15	1	0	0	0	0	0	0	0	0	0
C	Marios	24	150	14	1	29____	13597	1	0	0	0	0	1	0	0	0	0	0
C	Marios	24	150	14	1	29____	13659	1	0	0	0	0	0	0	0	0	1	0
C	Marios	24	150	14	1	29____	13767	1	0	0	0	0	1	0	0	0	0	0
C	Marios	24	150	14	1	29____	13803	1	0	0	0	0	0	0	0	0	1	0
C	Marios	24	150	14	1	29____	15962	1	0	0	0	0	1	0	0	0	0	0
C	Marios	24	150	14	1	29____	15993	1	0	0	0	0	0	0	0	0	1	0
C	Marios	24	150	14	1	29____	16486	1	0	0	0	0	1	0	0	0	0	0
C	Marios	24	150	14	1	29____	16514	1	0	0	0	0	0	0	0	0	1	0
C	Marios	24	150	14	1	29____	17250	1	2	0	0	0	0	0	0	0	0	0
C	Marios	24	150	14	1	29____	17750	2	13	0	0	0	0	0	0	0	0	0
C	Marios	24	150	14	1	29____	18250	13	15	0	0	0	0	0	0	0	0	0
C	Marios	24	150	14	1	29____	18584	15	0	0	0	0	1	0	0	0	0	0
C	Marios	24	150	14	1	29____	18586	15	0	0	0	0	0	0	0	0	1	0
C	Marios	24	150	14	1	29____	18750	15	1	0	0	0	0	0	0	0	0	0
C	Marios	24	150	14	1	29____	20320	1	0	0	0	0	1	0	0	0	0	0
C	Marios	24	150	14	1	29____	20328	1	0	0	0	0	0	0	0	0	1	0
C	Marios	24	150	14	1	29____	22455	1	0	0	0	0	1	0	0	0	0	0
C	Marios	24	150	14	1	29____	22487	1	0	0	0	0	0	0	0	0	1	0
C	Marios	24	150	14	1	29____	23250	1	2	0	0	0	0	0	0	0	0	0
C	Marios	24	150	14	1	29____	23750	2	12	0	0	0	0	0	0	0	0	0
C	Marios	24	150	14	1	29____	23802	12	0	0	0	0	1	0	0	0	0	0
C	Marios	24	150	14	1	29____	23844	12	0	0	0	0	0	0	0	0	1	0
C	Marios	24	150	14	1	29____	24004	12	0	0	0	0	1	0	0	0	0	0
C	Marios	24	150	14	1	29____	24023	12	0	0	0	0	0	0	0	0	1	0
C	Marios	24	150	14	1	29____	24046	12	0	0	0	0	1	0	0	0	0	0
C	Marios	24	150	14	1	29____	24073	12	0	0	0	0	0	0	0	0	1	0
C	Marios	24	150	14	1	29____	24234	12	0	0	0	0	1	0	0	0	0	0
C	Marios	24	150	14	1	29____	24250	12	15	0	0	0	0	0	0	0	0	0
C	Marios	24	150	14	1	29____	24293	15	0	0	0	0	0	0	0	0	1	0
C	Marios	24	150	14	1	29____	24332	15	0	0	0	0	1	0	0	0	0	0
C	Marios	24	150	14	1	29____	24334	15	0	0	0	0	0	0	0	0	1	0
C	Marios	24	150	14	1	29____	24366	15	0	0	0	0	1	0	0	0	0	0
C	Marios	24	150	14	1	29____	24370	15	0	0	0	0	0	0	0	0	1	0
C	Marios	24	150	14	1	29____	24387	15	0	0	0	0	1	0	0	0	0	0
C	Marios	24	150	14	1	29____	24401	15	0	0	0	0	0	0	0	0	1	0
C	Marios	24	150	14	1	29____	24435	15	0	0	0	0	1	0	0	0	0	0
C	Marios	24	150	14	1	29____	24456	15	0	0	0	0	0	0	0	0	1	0
C	Marios	24	150	14	1	29____	24502	15	0	0	0	0	1	0	0	0	0	0
C	Marios	24	150	14	1	29____	24536	15	0	0	0	0	0	0	0	0	1	0
C	Marios	24	150	14	1	29____	24564	15	0	0	0	0	1	0	0	0	0	0
C	Marios	24	150	14	1	29____	24596	15	0	0	0	0	0	0	0	0	1	0
C	Marios	24	150	14	1	29____	24717	15	0	0	0	0	1	0	0	0	0	0
C	Marios	24	150	14	1	29____	24750	15	1	0	0	0	0	0	0	0	0	0
C	Marios	24	150	14	1	29____	24774	1	0	0	0	0	0	0	0	0	1	0
C	Marios	24	150	14	1	29____	24803	1	0	0	0	0	1	0	0	0	0	0
C	Marios	24	150	14	1	29____	24808	1	0	0	0	0	0	0	0	0	1	0
C	Marios	24	150	14	1	29____	26250	1	2	0	0	0	0	0	0	0	0	0
C	Marios	24	150	14	1	29____	26750	2	7	0	0	0	0	0	0	0	0	0
C	Marios	24	150	14	1	29____	26786	7	0	0	0	0	1	0	0	0	0	0
C	Marios	24	150	14	1	29____	26804	7	0	0	0	0	0	0	0	0	1	0
C	Marios	24	150	14	1	29____	26931	7	0	0	0	0	1	0	0	0	0	0
C	Marios	24	150	14	1	29____	26953	7	0	0	0	0	0	0	0	0	1	0
C	Marios	24	150	14	1	29____	26995	7	0	0	0	0	1	0	0	0	0	0
C	Marios	24	150	14	1	29____	27047	7	0	0	0	0	0	0	0	0	1	0
C	Marios	24	150	14	1	29____	27096	7	0	0	0	0	1	0	0	0	0	0
C	Marios	24	150	14	1	29____	27214	7	0	0	0	0	0	0	0	0	1	0
C	Marios	24	150	14	1	29____	27250	7	10	0	0	0	0	0	0	0	0	0
C	Marios	24	150	14	1	29____	27273	10	0	0	0	0	1	0	0	0	0	0
C	Marios	24	150	14	1	29____	27419	10	0	0	0	0	0	0	0	0	1	0
C	Marios	24	150	14	1	29____	27439	10	0	0	0	0	1	0	0	0	0	0
C	Marios	24	150	14	1	29____	27442	10	0	0	0	0	0	0	0	0	1	0
C	Marios	24	150	14	1	29____	27493	10	0	0	0	0	1	0	0	0	0	0
C	Marios	24	150	14	1	29____	27500	10	0	0	0	0	0	0	0	0	1	0
C	Marios	24	150	14	1	29____	27750	10	1	0	0	0	0	0	0	0	0	0
C	Marios	24	150	14	1	29____	27762	1	0	0	0	0	1	0	0	0	0	0
C	Marios	24	150	14	1	29____	27768	1	0	0	0	0	0	0	0	0	1	0
C	Marios	24	150	14	1	29____	28306	1	0	0	0	0	1	0	0	0	0	0
C	Marios	24	150	14	1	29____	28317	1	0	0	0	0	0	0	0	0	1	0
C	Marios	24	150	14	1	29____	30038	1	0	0	0	0	1	0	0	0	0	0
C	Marios	24	150	14	1	29____	30048	1	0	0	0	0	0	0	0	0	1	0
C	Marios	24	150	14	1	29____	30055	1	0	0	0	0	1	0	0	0	0	0
C	Marios	24	150	14	1	29____	30116	1	0	0	0	0	0	0	0	0	1	0
C	Marios	24	150	14	1	29____	33000	1	2	0	0	0	0	0	0	0	0	0
C	Marios	24	150	14	1	29____	33500	2	13	0	0	0	0	0	0	0	0	0
C	Marios	24	150	14	1	29____	33580	13	0	0	0	0	1	0	0	0	0	0
C	Marios	24	150	14	1	29____	33616	13	0	0	0	0	0	0	0	0	1	0
C	Marios	24	150	14	1	29____	33654	13	0	0	0	0	1	0	0	0	0	0
C	Marios	24	150	14	1	29____	33661	13	0	0	0	0	0	0	0	0	1	0
C	Marios	24	150	14	1	29____	33787	13	0	0	0	0	1	0	0	0	0	0
C	Marios	24	150	14	1	29____	33853	13	0	0	0	0	0	0	0	0	1	0
C	Marios	24	150	14	1	29____	34000	13	15	0	0	0	0	0	0	0	0	0
C	Marios	24	150	14	1	29____	34030	15	0	0	0	0	1	0	0	0	0	0
C	Marios	24	150	14	1	29____	34075	15	0	0	0	0	0	0	0	0	1	0
C	Marios	24	150	14	1	29____	34311	15	0	0	0	0	1	0	0	0	0	0
C	Marios	24	150	14	1	29____	34317	15	0	0	0	0	0	0	0	0	1	0
C	Marios	24	150	14	1	29____	34500	15	1	0	0	0	0	0	0	0	0	0
C	Marios	24	150	14	1	29____	34527	1	0	0	0	0	1	0	0	0	0	0
C	Marios	24	150	14	1	29____	34538	1	0	0	0	0	0	0	0	0	1	0
C	Marios	24	150	14	1	29____	42000	1	2	0	0	0	0	0	0	0	0	0
C	Marios	24	150	14	1	29____	42373	2	0	0	0	0	1	0	0	0	0	0
C	Marios	24	150	14	1	29____	42400	2	0	0	0	0	0	0	0	0	1	0
C	Marios	24	150	14	1	29____	42470	2	0	0	0	0	1	0	0	0	0	0
C	Marios	24	150	14	1	29____	42477	2	0	0	0	0	0	0	0	0	1	0
C	Marios	24	150	14	1	29____	42478	2	0	0	0	0	1	0	0	0	0	0
C	Marios	24	150	14	1	29____	42481	2	0	0	0	0	0	0	0	0	1	0
C	Marios	24	150	14	1	29____	42500	2	13	0	0	0	0	0	0	0	0	0
C	Marios	24	150	14	1	29____	42540	13	0	0	0	0	1	0	0	0	0	0
C	Marios	24	150	14	1	29____	42543	13	0	0	0	0	0	0	0	0	1	0
C	Marios	24	150	14	1	29____	42546	13	0	0	0	0	1	0	0	0	0	0
C	Marios	24	150	14	1	29____	42548	13	0	0	0	0	0	0	0	0	1	0
C	Marios	24	150	14	1	29____	42553	13	0	0	0	0	1	0	0	0	0	0
C	Marios	24	150	14	1	29____	42574	13	0	0	0	0	0	0	0	0	1	0
C	Marios	24	150	14	1	29____	42599	13	0	0	0	0	1	0	0	0	0	0
C	Marios	24	150	14	1	29____	42662	13	0	0	0	0	0	0	0	0	1	0
C	Marios	24	150	14	1	29____	42704	13	0	0	0	0	1	0	0	0	0	0
C	Marios	24	150	14	1	29____	42722	13	0	0	0	0	0	0	0	0	1	0
C	Marios	24	150	14	1	29____	42793	13	0	0	0	0	1	0	0	0	0	0
C	Marios	24	150	14	1	29____	42834	13	0	0	0	0	0	0	0	0	1	0
C	Marios	24	150	14	1	29____	43000	13	15	0	0	0	0	0	0	0	0	0
C	Marios	24	150	14	1	29____	43173	15	0	0	0	0	1	0	0	0	0	0
C	Marios	24	150	14	1	29____	43178	15	0	0	0	0	0	0	0	0	1	0
C	Marios	24	150	14	1	29____	43500	15	1	0	0	0	0	0	0	0	0	0
C	Marios	24	150	14	1	29____	46574	1	0	0	0	0	1	0	0	0	0	0
C	Marios	24	150	14	1	29____	46583	1	0	0	0	0	0	0	0	0	1	0
C	Marios	24	150	14	1	29____	46589	1	0	0	0	0	1	0	0	0	0	0
C	Marios	24	150	14	1	29____	46592	1	0	0	0	0	0	0	0	0	1	0
C	Marios	24	150	14	1	29____	46622	1	0	0	0	0	1	0	0	0	0	0
C	Marios	24	150	14	1	29____	46693	1	0	0	0	0	0	0	0	0	1	0
C	Marios	24	150	14	1	29____	48954	1	0	0	0	0	1	0	0	0	0	0
C	Marios	24	150	14	1	29____	48973	1	0	0	0	0	0	0	0	0	1	0
C	Marios	24	150	14	1	29____	48981	1	0	0	0	0	1	0	0	0	0	0
C	Marios	24	150	14	1	29____	49067	1	0	0	0	0	0	0	0	0	1	0
C	Marios	24	150	14	1	29____	49143	1	0	0	0	0	1	0	0	0	0	0
C	Marios	24	150	14	1	29____	49183	1	0	0	0	0	0	0	0	0	1	0
C	Marios	24	150	14	1	29____	49224	1	0	0	0	0	1	0	0	0	0	0
C	Marios	24	150	14	1	29____	49225	1	0	0	0	0	0	0	0	0	1	0
C	Marios	24	150	14	1	29____	49250	1	0	0	0	0	1	0	0	0	0	0
C	Marios	24	150	14	1	29____	49297	1	0	0	0	0	0	0	0	0	1	0
C	Marios	24	150	14	1	29____	49404	1	0	0	0	0	1	0	0	0	0	0
C	Marios	24	150	14	1	29____	49576	1	0	0	0	0	0	0	0	0	1	0
C	Marios	24	150	14	1	29____	49648	1	0	0	0	0	1	0	0	0	0	0
C	Marios	24	150	14	1	29____	49659	1	0	0	0	0	0	0	0	0	1	0
C	Marios	24	150	14	1	29____	50250	1	2	0	0	0	0	0	0	0	0	0
C	Marios	24	150	14	1	29____	50750	2	12	0	0	0	0	0	0	0	0	0
C	Marios	24	150	14	1	29____	50968	12	0	0	0	0	1	0	0	0	0	0
C	Marios	24	150	14	1	29____	50973	12	0	0	0	0	0	0	0	0	1	0
C	Marios	24	150	14	1	29____	51011	12	0	0	0	0	1	0	0	0	0	0
C	Marios	24	150	14	1	29____	51200	12	0	0	0	0	0	0	0	0	1	0
C	Marios	24	150	14	1	29____	51250	12	15	0	0	0	0	0	0	0	0	0
C	Marios	24	150	14	1	29____	51288	15	0	0	0	0	1	0	0	0	0	0
C	Marios	24	150	14	1	29____	51388	15	0	0	0	0	0	0	0	0	1	0
C	Marios	24	150	14	1	29____	51444	15	0	0	0	0	1	0	0	0	0	0
C	Marios	24	150	14	1	29____	51502	15	0	0	0	0	0	0	0	0	1	0
C	Marios	24	150	14	1	29____	51667	15	0	0	0	0	1	0	0	0	0	0
C	Marios	24	150	14	1	29____	51707	15	0	0	0	0	0	0	0	0	1	0
C	Marios	24	150	14	1	29____	51750	15	1	0	0	0	0	0	0	0	0	0
C	Marios	24	150	14	1	29____	52318	1	0	0	0	0	1	0	0	0	0	0
C	Marios	24	150	14	1	29____	52320	1	0	0	0	0	0	0	0	0	1	0
C	Marios	24	150	14	1	29____	54829	1	0	0	0	0	1	0	0	0	0	0
C	Marios	24	150	14	1	29____	54834	1	0	0	0	0	0	0	0	0	1	0
C	Marios	24	150	14	1	29____	56427	1	0	0	0	0	1	0	0	0	0	0
C	Marios	24	150	14	1	29____	56431	1	0	0	0	0	0	0	0	0	1	0
C	Marios	24	150	14	1	29____	56877	1	0	0	0	0	1	0	0	0	0	0
C	Marios	24	150	14	1	29____	56935	1	0	0	0	0	0	0	0	0	1	0
C	Marios	24	150	14	1	29____	57250	1	2	0	0	0	0	0	0	0	0	0
C	Marios	24	150	14	1	29____	57750	2	6	0	0	0	0	0	0	0	0	0
C	Marios	24	150	14	1	29____	57802	6	0	0	0	0	1	0	0	0	0	0
C	Marios	24	150	14	1	29____	57924	6	0	0	0	0	0	0	0	0	1	0
C	Marios	24	150	14	1	29____	57961	6	0	0	0	0	1	0	0	0	0	0
C	Marios	24	150	14	1	29____	57964	6	0	0	0	0	0	0	0	0	1	0
C	Marios	24	150	14	1	29____	57968	6	0	0	0	0	1	0	0	0	0	0
C	Marios	24	150	14	1	29____	58061	6	0	0	0	0	0	0	0	0	1	0
C	Marios	24	150	14	1	29____	58103	6	0	0	0	0	1	0	0	0	0	0
C	Marios	24	150	14	1	29____	58115	6	0	0	0	0	0	0	0	0	1	0
C	Marios	24	150	14	1	29____	58128	6	0	0	0	0	1	0	0	0	0	0
C	Marios	24	150	14	1	29____	58250	6	11	0	0	0	0	0	0	0	0	0
C	Marios	24	150	14	1	29____	58608	11	0	0	0	0	0	0	0	0	1	0
C	Marios	24	150	14	1	29____	58613	11	0	0	0	0	1	0	0	0	0	0
C	Marios	24	150	14	1	29____	58627	11	0	0	0	0	0	0	0	0	1	0
C	Marios	24	150	14	1	29____	58630	11	0	0	0	0	1	0	0	0	0	0
C	Marios	24	150	14	1	29____	58638	11	0	0	0	0	1	0	0	0	1	0
C	Marios	24	150	14	1	29____	58642	11	0	0	0	0	0	0	0	0	1	0
C	Marios	24	150	14	1	29____	58646	11	0	0	0	0	1	0	0	0	0	0
C	Marios	24	150	14	1	29____	58694	11	0	0	0	0	0	0	0	0	1	0
C	Marios	24	150	14	1	29____	58711	11	0	0	0	0	1	0	0	0	0	0
C	Marios	24	150	14	1	29____	58720	11	0	0	0	0	0	0	0	0	1	0
C	Marios	24	150	14	1	29____	58723	11	0	0	0	0	1	0	0	0	0	0
C	Marios	24	150	14	1	29____	58728	11	0	0	0	0	0	0	0	0	1	0
C	Marios	24	150	14	1	29____	58730	11	0	0	0	0	1	0	0	0	0	0
C	Marios	24	150	14	1	29____	58736	11	0	0	0	0	0	0	0	0	1	0
C	Marios	24	150	14	1	29____	58750	11	1	0	0	0	0	0	0	0	0	0
C	Marios	24	150	14	1	29____	61674	1	0	0	0	0	1	0	0	0	0	0
C	Marios	24	150	14	1	29____	61699	1	0	0	0	0	0	0	0	0	1	0
C	Marios	24	150	14	1	29____	62199	1	0	0	0	0	1	0	0	0	0	0
C	Marios	24	150	14	1	29____	62228	1	0	0	0	0	0	0	0	0	1	0
C	Marios	24	150	14	1	29____	62250	1	2	0	0	0	0	0	0	0	0	0
C	Marios	24	150	14	1	29____	62255	2	0	0	0	0	1	0	0	0	0	0
C	Marios	24	150	14	1	29____	62379	2	0	0	0	0	0	0	0	0	1	0
C	Marios	24	150	14	1	29____	62458	2	0	0	0	0	1	0	0	0	0	0
C	Marios	24	150	14	1	29____	62528	2	0	0	0	0	0	0	0	0	1	0
C	Marios	24	150	14	1	29____	62548	2	0	0	0	0	1	0	0	0	0	0
C	Marios	24	150	14	1	29____	62578	2	0	0	0	0	0	0	0	0	1	0
C	Marios	24	150	14	1	29____	62612	2	0	0	0	0	1	0	0	0	0	0
C	Marios	24	150	14	1	29____	62617	2	0	0	0	0	0	0	0	0	1	0
C	Marios	24	150	14	1	29____	62650	2	0	0	0	0	1	0	0	0	0	0
C	Marios	24	150	14	1	29____	62675	2	0	0	0	0	0	0	0	0	1	0
C	Marios	24	150	14	1	29____	62750	2	12	0	0	0	0	0	0	0	0	0
C	Marios	24	150	14	1	29____	62789	12	0	0	0	0	1	0	0	0	0	0
C	Marios	24	150	14	1	29____	62882	12	0	0	0	0	0	0	0	0	1	0
C	Marios	24	150	14	1	29____	62969	12	0	0	0	0	1	0	0	0	0	0
C	Marios	24	150	14	1	29____	63085	12	0	0	0	0	0	0	0	0	1	0
C	Marios	24	150	14	1	29____	63094	12	0	0	0	0	1	0	0	0	0	0
C	Marios	24	150	14	1	29____	63110	12	0	0	0	0	0	0	0	0	1	0
C	Marios	24	150	14	1	29____	63148	12	0	0	0	0	1	0	0	0	0	0
C	Marios	24	150	14	1	29____	63213	12	0	0	0	0	0	0	0	0	1	0
C	Marios	24	150	14	1	29____	63250	12	15	0	0	0	0	0	0	0	0	0
C	Marios	24	150	14	1	29____	63621	15	0	0	0	0	1	0	0	0	0	0
C	Marios	24	150	14	1	29____	63750	15	1	0	0	0	0	0	0	0	0	0
C	Marios	24	150	14	1	29____	63763	1	0	0	0	0	0	0	0	0	1	0
C	Marios	24	150	14	1	29____	63819	1	0	0	0	0	1	0	0	0	0	0
C	Marios	24	150	14	1	29____	63882	1	0	0	0	0	0	0	0	0	1	0
C	Marios	24	150	14	1	29____	64908	1	0	0	0	0	1	0	0	0	0	0
C	Marios	24	150	14	1	29____	64926	1	0	0	0	0	0	0	0	0	1	0
C	Marios	24	150	14	1	29____	66000	1	2	0	0	0	0	0	0	0	0	0
C	Marios	24	150	14	1	29____	66500	2	13	0	0	0	0	0	0	0	0	0
C	Marios	24	150	14	1	29____	66549	13	0	0	0	0	1	0	0	0	0	0
C	Marios	24	150	14	1	29____	66682	13	0	0	0	0	0	0	0	0	1	0
C	Marios	24	150	14	1	29____	66714	13	0	0	0	0	1	0	0	0	0	0
C	Marios	24	150	14	1	29____	66811	13	0	0	0	0	0	0	0	0	1	0
C	Marios	24	150	14	1	29____	66854	13	0	0	0	0	1	0	0	0	0	0
C	Marios	24	150	14	1	29____	67000	13	15	0	0	0	0	0	0	0	0	0
C	Marios	24	150	14	1	29____	67151	15	0	0	0	0	0	0	0	0	1	0
C	Marios	24	150	14	1	29____	67233	15	0	0	0	0	1	0	0	0	0	0
C	Marios	24	150	14	1	29____	67271	15	0	0	0	0	0	0	0	0	1	0
C	Marios	24	150	14	1	29____	67288	15	0	0	0	0	1	0	0	0	0	0
C	Marios	24	150	14	1	29____	67290	15	0	0	0	0	0	0	0	0	1	0
C	Marios	24	150	14	1	29____	67298	15	0	0	0	0	1	0	0	0	0	0
C	Marios	24	150	14	1	29____	67432	15	0	0	0	0	0	0	0	0	1	0
C	Marios	24	150	14	1	29____	67500	15	1	0	0	0	0	0	0	0	0	0
C	Marios	24	150	14	1	29____	68521	1	0	0	0	0	1	0	0	0	0	0
C	Marios	24	150	14	1	29____	68539	1	0	0	0	0	0	0	0	0	1	0
C	Marios	24	150	14	1	29____	68560	1	0	0	0	0	1	0	0	0	0	0
C	Marios	24	150	14	1	29____	68563	1	0	0	0	0	0	0	0	0	1	0
C	Marios	24	150	14	1	29____	68588	1	0	0	0	0	1	0	0	0	0	0
C	Marios	24	150	14	1	29____	68613	1	0	0	0	0	0	0	0	0	1	0
C	Marios	24	150	14	1	29____	68646	1	0	0	0	0	1	0	0	0	0	0
C	Marios	24	150	14	1	29____	68684	1	0	0	0	0	0	0	0	0	1	0
C	Marios	24	150	14	1	29____	70500	1	2	0	0	0	0	0	0	0	0	0
C	Marios	24	150	14	1	29____	71000	2	7	0	0	0	0	0	0	0	0	0
C	Marios	24	150	14	1	29____	71041	7	0	0	0	0	1	0	0	0	0	0
C	Marios	24	150	14	1	29____	71084	7	0	0	0	0	0	0	0	0	1	0
C	Marios	24	150	14	1	29____	71140	7	0	0	0	0	1	0	0	0	0	0
C	Marios	24	150	14	1	29____	71164	7	0	0	0	0	0	0	0	0	1	0
C	Marios	24	150	14	1	29____	71201	7	0	0	0	0	1	0	0	0	0	0
C	Marios	24	150	14	1	29____	71254	7	0	0	0	0	0	0	0	0	1	0
C	Marios	24	150	14	1	29____	71288	7	0	0	0	0	1	0	0	0	0	0
C	Marios	24	150	14	1	29____	71343	7	0	0	0	0	0	0	0	0	1	0
C	Marios	24	150	14	1	29____	71393	7	0	0	0	0	1	0	0	0	0	0
C	Marios	24	150	14	1	29____	71500	7	10	0	0	0	0	0	0	0	0	0
C	Marios	24	150	14	1	29____	71990	10	0	0	0	0	0	0	0	0	1	0
C	Marios	24	150	14	1	29____	71991	10	0	0	0	0	1	0	0	0	0	0
C	Marios	24	150	14	1	29____	72000	10	1	0	0	0	0	0	0	0	0	0
C	Marios	24	150	14	1	29____	72031	1	0	0	0	0	0	0	0	0	1	0
C	Marios	24	150	14	1	29____	72032	1	0	0	0	0	1	0	0	0	0	0
C	Marios	24	150	14	1	29____	72166	1	0	0	0	0	0	0	0	0	1	0
C	Marios	24	150	14	1	29____	75501	1	0	0	0	0	1	0	0	0	0	0
C	Marios	24	150	14	1	29____	75517	1	0	0	0	0	0	0	0	0	1	0
C	Marios	24	150	14	1	29____	75520	1	0	0	0	0	1	0	0	0	0	0
C	Marios	24	150	14	1	29____	75526	1	0	0	0	0	0	0	0	0	1	0
C	Marios	24	150	14	1	29____	75528	1	0	0	0	0	1	0	0	0	0	0
C	Marios	24	150	14	1	29____	75530	1	0	0	0	0	0	0	0	0	1	0
C	Marios	24	150	14	1	29____	75533	1	0	0	0	0	1	0	0	0	0	0
C	Marios	24	150	14	1	29____	75551	1	0	0	0	0	0	0	0	0	1	0
C	Marios	24	150	14	1	29____	76418	1	0	0	0	0	1	0	0	0	0	0
C	Marios	24	150	14	1	29____	76456	1	0	0	0	0	0	0	0	0	1	0
C	Marios	24	150	14	1	29____	76457	1	0	0	0	0	1	0	0	0	0	0
C	Marios	24	150	14	1	29____	76459	1	0	0	0	0	0	0	0	0	1	0
C	Marios	24	150	14	1	29____	77500	1	2	0	0	0	0	0	0	0	0	0
C	Marios	24	150	14	1	29____	77859	2	0	0	0	0	1	0	0	0	0	0
C	Marios	24	150	14	1	29____	77896	2	0	0	0	0	0	0	0	0	1	0
C	Marios	24	150	14	1	29____	78000	2	7	0	0	0	0	0	0	0	0	0
C	Marios	24	150	14	1	29____	78079	7	0	0	0	0	1	0	0	0	0	0
C	Marios	24	150	14	1	29____	78115	7	0	0	0	0	0	0	0	0	1	0
C	Marios	24	150	14	1	29____	78180	7	0	0	0	0	1	0	0	0	0	0
C	Marios	24	150	14	1	29____	78278	7	0	0	0	0	0	0	0	0	1	0
C	Marios	24	150	14	1	29____	78307	7	0	0	0	0	1	0	0	0	0	0
C	Marios	24	150	14	1	29____	78451	7	0	0	0	0	0	0	0	0	1	0
C	Marios	24	150	14	1	29____	78483	7	0	0	0	0	1	0	0	0	0	0
C	Marios	24	150	14	1	29____	78500	7	10	0	0	0	0	0	0	0	0	0
C	Marios	24	150	14	1	29____	78755	10	0	0	0	0	0	0	0	0	1	0
C	Marios	24	150	14	1	29____	78781	10	0	0	0	0	1	0	0	0	0	0
C	Marios	24	150	14	1	29____	78850	10	0	0	0	0	0	0	0	0	1	0
C	Marios	24	150	14	1	29____	79000	10	1	0	0	0	0	0	0	0	0	0
C	Marios	24	150	14	1	29____	81164	1	0	0	0	0	1	0	0	0	0	0
C	Marios	24	150	14	1	29____	81204	1	0	0	0	0	0	0	0	0	1	0
C	Marios	24	150	14	1	29____	84254	1	0	0	0	0	1	0	0	0	0	0
C	Marios	24	150	14	1	29____	84263	1	0	0	0	0	0	0	0	0	1	0
C	Marios	24	150	14	1	29____	85000	1	2	0	0	0	0	0	0	0	0	0
C	Marios	24	150	14	1	29____	85500	2	13	0	0	0	0	0	0	0	0	0
C	Marios	24	150	14	1	29____	86000	13	15	0	0	0	0	0	0	0	0	0
C	Marios	24	150	14	1	29____	86500	15	1	0	0	0	0	0	0	0	0	0
C	Marios	24	150	14	1	29____	86830	1	0	0	0	0	1	0	0	0	0	0
C	Marios	24	150	14	1	29____	86842	1	0	0	0	0	0	0	0	0	1	0
C	Marios	24	150	14	1	29____	88437	1	0	0	0	0	1	0	0	0	0	0
C	Marios	24	150	14	1	29____	88457	1	0	0	0	0	0	0	0	0	1	0
C	Marios	24	150	14	1	29____	88521	1	0	0	0	0	1	0	0	0	0	0
C	Marios	24	150	14	1	29____	88535	1	0	0	0	0	0	0	0	0	1	0
C	Marios	24	150	14	1	29____	89482	1	0	0	0	0	1	0	0	0	0	0
C	Marios	24	150	14	1	29____	89485	1	0	0	0	0	0	0	0	0	1	0
C	Marios	24	150	14	1	29____	89500	1	2	0	0	0	0	0	0	0	0	0
C	Marios	24	150	14	1	29____	90000	2	6	0	0	0	0	0	0	0	0	0
C	Marios	24	150	14	1	29____	90141	6	0	0	0	0	1	0	0	0	0	0
C	Marios	24	150	14	1	29____	90202	6	0	0	0	0	0	0	0	0	1	0
C	Marios	24	150	14	1	29____	90214	6	0	0	0	0	1	0	0	0	0	0
C	Marios	24	150	14	1	29____	90327	6	0	0	0	0	0	0	0	0	1	0
C	Marios	24	150	14	1	29____	90402	6	0	0	0	0	1	0	0	0	0	0
C	Marios	24	150	14	1	29____	90500	6	11	0	0	0	0	0	0	0	0	0
C	Marios	24	150	14	1	29____	90501	11	0	0	0	0	0	0	0	0	1	0
C	Marios	24	150	14	1	29____	90519	11	0	0	0	0	1	0	0	0	0	0
C	Marios	24	150	14	1	29____	90751	11	0	0	0	0	0	0	0	0	1	0
C	Marios	24	150	14	1	29____	90770	11	0	0	0	0	1	0	0	0	0	0
C	Marios	24	150	14	1	29____	90821	11	0	0	0	0	0	0	0	0	1	0
C	Marios	24	150	14	1	29____	91000	11	1	0	0	0	0	0	0	0	0	0
C	Marios	24	150	14	1	29____	93828	1	0	0	0	0	1	0	0	0	0	0
C	Marios	24	150	14	1	29____	93843	1	0	0	0	0	0	0	0	0	1	0
C	Marios	24	150	14	1	29____	94750	1	2	0	0	0	0	0	0	0	0	0
C	Marios	24	150	14	1	29____	95250	2	12	0	0	0	0	0	0	0	0	0
C	Marios	24	150	14	1	29____	95750	12	15	0	0	0	0	0	0	0	0	0
C	Marios	24	150	14	1	29____	96250	15	1	0	0	0	0	0	0	0	0	0
C	Marios	24	150	14	1	29____	100750	1	2	0	0	0	0	0	0	0	0	0
C	Marios	24	150	14	1	29____	101248	2	0	0	0	0	1	0	0	0	0	0
C	Marios	24	150	14	1	29____	101250	2	12	0	0	0	0	0	0	0	0	0
C	Marios	24	150	14	1	29____	101253	12	0	0	0	0	0	0	0	0	1	0
C	Marios	24	150	14	1	29____	101271	12	0	0	0	0	1	0	0	0	0	0
C	Marios	24	150	14	1	29____	101300	12	0	0	0	0	0	0	0	0	1	0
C	Marios	24	150	14	1	29____	101750	12	15	0	0	0	0	0	0	0	0	0
C	Marios	24	150	14	1	29____	102238	15	0	0	0	0	1	0	0	0	0	0
C	Marios	24	150	14	1	29____	102250	15	1	0	0	0	0	0	0	0	0	0
C	Marios	24	150	14	1	29____	102257	1	0	0	0	0	0	0	0	0	1	0
C	Marios	24	150	14	1	29____	109131	1	0	0	0	0	1	0	0	0	0	0
C	Marios	24	150	14	1	29____	109151	1	0	0	0	0	0	0	0	0	1	0
C	Marios	24	150	14	1	29____	109750	1	2	0	0	0	0	0	0	0	0	0
C	Marios	24	150	14	1	29____	110058	2	0	0	0	0	1	0	0	0	0	0
C	Marios	24	150	14	1	29____	110075	2	0	0	0	0	0	0	0	0	1	0
C	Marios	24	150	14	1	29____	110250	2	13	0	0	0	0	0	0	0	0	0
C	Marios	24	150	14	1	29____	110750	13	15	0	0	0	0	0	0	0	0	0
C	Marios	24	150	14	1	29____	111250	15	1	0	0	0	0	0	0	0	0	0
C	Marios	24	150	14	1	29____	112750	1	2	0	0	0	0	0	0	0	0	0
C	Marios	24	150	14	1	29____	113001	2	0	0	0	0	1	0	0	0	0	0
C	Marios	24	150	14	1	29____	113003	2	0	0	0	0	0	0	0	0	1	0
C	Marios	24	150	14	1	29____	113052	2	0	0	0	0	1	0	0	0	0	0
C	Marios	24	150	14	1	29____	113057	2	0	0	0	0	0	0	0	0	1	0
C	Marios	24	150	14	1	29____	113250	2	12	0	0	0	0	0	0	0	0	0
C	Marios	24	150	14	1	29____	113750	12	15	0	0	0	0	0	0	0	0	0
C	Marios	24	150	14	1	29____	114250	15	1	0	0	0	0	0	0	0	0	0
C	Marios	24	150	14	1	29____	121000	1	2	0	0	0	0	0	0	0	0	0
C	Marios	24	150	14	1	29____	121500	2	12	0	0	0	0	0	0	0	0	0
C	Marios	24	150	14	1	29____	121797	12	0	0	0	0	1	0	0	0	0	0
C	Marios	24	150	14	1	29____	121799	12	0	0	0	0	0	0	0	0	1	0
C	Marios	24	150	14	1	29____	122000	12	15	0	0	0	0	0	0	0	0	0
C	Marios	24	150	14	1	29____	122500	15	1	0	0	0	0	0	0	0	0	0
C	Marios	24	150	14	1	29____	123016	1	0	0	0	0	1	0	0	0	0	0
C	Marios	24	150	14	1	29____	123018	1	0	0	0	0	0	0	0	0	1	0
C	Marios	24	150	14	1	29____	123037	1	0	0	0	0	1	0	0	0	0	0
C	Marios	24	150	14	1	29____	123040	1	0	0	0	0	0	0	0	0	1	0
C	Marios	24	150	14	1	29____	123042	1	0	0	0	0	1	0	0	0	0	0
C	Marios	24	150	14	1	29____	123045	1	0	0	0	0	0	0	0	0	1	0
C	Marios	24	150	14	1	29____	123900	1	0	0	0	0	1	0	0	0	0	0
C	Marios	24	150	14	1	29____	123907	1	0	0	0	0	0	0	0	0	1	0
C	Marios	24	150	14	1	29____	127000	1	2	0	0	0	0	0	0	0	0	0
C	Marios	24	150	14	1	29____	127500	2	6	0	0	0	0	0	0	0	0	0
C	Marios	24	150	14	1	29____	127550	6	0	0	0	0	1	0	0	0	0	0
C	Marios	24	150	14	1	29____	127581	6	0	0	0	0	0	0	0	0	1	0
C	Marios	24	150	14	1	29____	127720	6	0	0	0	0	1	0	0	0	0	0
C	Marios	24	150	14	1	29____	127773	6	0	0	0	0	0	0	0	0	1	0
C	Marios	24	150	14	1	29____	127872	6	0	0	0	0	1	0	0	0	0	0
C	Marios	24	150	14	1	29____	127930	6	0	0	0	0	0	0	0	0	1	0
C	Marios	24	150	14	1	29____	127968	6	0	0	0	0	1	0	0	0	0	0
C	Marios	24	150	14	1	29____	127980	6	0	0	0	0	0	0	0	0	1	0
C	Marios	24	150	14	1	29____	127989	6	0	0	0	0	1	0	0	0	0	0
C	Marios	24	150	14	1	29____	128000	6	11	0	0	0	0	0	0	0	0	0
C	Marios	24	150	14	1	29____	128239	11	0	0	0	0	0	0	0	0	1	0
C	Marios	24	150	14	1	29____	128240	11	0	0	0	0	1	0	0	0	0	0
C	Marios	24	150	14	1	29____	128282	11	0	0	0	0	1	0	0	0	1	0
C	Marios	24	150	14	1	29____	128322	11	0	0	0	0	0	0	0	0	1	0
C	Marios	24	150	14	1	29____	128326	11	0	0	0	0	1	0	0	0	0	0
C	Marios	24	150	14	1	29____	128328	11	0	0	0	0	0	0	0	0	1	0
C	Marios	24	150	14	1	29____	128330	11	0	0	0	0	1	0	0	0	0	0
C	Marios	24	150	14	1	29____	128333	11	0	0	0	0	0	0	0	0	1	0
C	Marios	24	150	14	1	29____	128334	11	0	0	0	0	1	0	0	0	0	0
C	Marios	24	150	14	1	29____	128337	11	0	0	0	0	0	0	0	0	1	0
C	Marios	24	150	14	1	29____	128338	11	0	0	0	0	1	0	0	0	0	0
C	Marios	24	150	14	1	29____	128500	11	1	0	0	0	0	0	0	0	0	0
C	Marios	24	150	14	1	29____	128509	1	0	0	0	0	1	0	0	0	1	0
C	Marios	24	150	14	1	29____	128511	1	0	0	0	0	0	0	0	0	1	0
C	Marios	24	150	14	1	29____	128741	1	0	0	0	0	1	0	0	0	0	0
C	Marios	24	150	14	1	29____	128758	1	0	0	0	0	0	0	0	0	1	0
C	Marios	24	150	14	1	29____	128789	1	0	0	0	0	1	0	0	0	0	0
C	Marios	24	150	14	1	29____	128791	1	0	0	0	0	0	0	0	0	1	0
C	Marios	24	150	14	1	29____	128841	1	0	0	0	0	1	0	0	0	0	0
C	Marios	24	150	14	1	29____	128899	1	0	0	0	0	0	0	0	0	1	0
C	Marios	24	150	14	1	29____	132000	1	2	0	0	0	0	0	0	0	0	0
C	Marios	24	150	14	1	29____	132129	2	0	0	0	0	1	0	0	0	0	0
C	Marios	24	150	14	1	29____	132151	2	0	0	0	0	0	0	0	0	1	0
C	Marios	24	150	14	1	29____	132500	2	7	0	0	0	0	0	0	0	0	0
C	Marios	24	150	14	1	29____	132620	7	0	0	0	0	1	0	0	0	0	0
C	Marios	24	150	14	1	29____	132696	7	0	0	0	0	0	0	0	0	1	0
C	Marios	24	150	14	1	29____	132731	7	0	0	0	0	1	0	0	0	0	0
C	Marios	24	150	14	1	29____	132745	7	0	0	0	0	0	0	0	0	1	0
C	Marios	24	150	14	1	29____	132801	7	0	0	0	0	1	0	0	0	0	0
C	Marios	24	150	14	1	29____	132861	7	0	0	0	0	0	0	0	0	1	0
C	Marios	24	150	14	1	29____	132901	7	0	0	0	0	1	0	0	0	0	0
C	Marios	24	150	14	1	29____	132913	7	0	0	0	0	0	0	0	0	1	0
C	Marios	24	150	14	1	29____	133000	7	10	0	0	0	0	0	0	0	0	0
C	Marios	24	150	14	1	29____	133003	10	0	0	0	0	1	0	0	0	0	0
C	Marios	24	150	14	1	29____	133125	10	0	0	0	0	0	0	0	0	1	0
C	Marios	24	150	14	1	29____	133131	10	0	0	0	0	1	0	0	0	0	0
C	Marios	24	150	14	1	29____	133133	10	0	0	0	0	1	0	0	0	1	0
C	Marios	24	150	14	1	29____	133144	10	0	0	0	0	0	0	0	0	1	0
C	Marios	24	150	14	1	29____	133148	10	0	0	0	0	1	0	0	0	0	0
C	Marios	24	150	14	1	29____	133152	10	0	0	0	0	1	0	0	0	1	0
C	Marios	24	150	14	1	29____	133154	10	0	0	0	0	0	0	0	0	1	0
C	Marios	24	150	14	1	29____	133157	10	0	0	0	0	1	0	0	0	0	0
C	Marios	24	150	14	1	29____	133161	10	0	0	0	0	0	0	0	0	1	0
C	Marios	24	150	14	1	29____	133197	10	0	0	0	0	1	0	0	0	0	0
C	Marios	24	150	14	1	29____	133223	10	0	0	0	0	0	0	0	0	1	0
C	Marios	24	150	14	1	29____	133274	10	0	0	0	0	1	0	0	0	0	0
C	Marios	24	150	14	1	29____	133297	10	0	0	0	0	0	0	0	0	1	0
C	Marios	24	150	14	1	29____	133500	10	1	0	0	0	0	0	0	0	0	0
C	Marios	24	150	14	1	29____	138375	1	0	0	0	0	1	0	0	0	0	0
C	Marios	24	150	14	1	29____	138392	1	0	0	0	0	0	0	0	0	1	0
C	Marios	24	150	14	1	29____	138750	1	2	0	0	0	0	0	0	0	0	0
C	Marios	24	150	14	1	29____	139250	2	13	0	0	0	0	0	0	0	0	0
C	Marios	24	150	14	1	29____	139750	13	15	0	0	0	0	0	0	0	0	0
C	Marios	24	150	14	1	29____	140250	15	1	0	0	0	0	0	0	0	0	0
C	Marios	24	150	14	1	29____	142500	1	2	0	0	0	0	0	0	0	0	0
C	Marios	24	150	14	1	29____	143000	2	13	0	0	0	0	0	0	0	0	0
C	Marios	24	150	14	1	29____	143500	13	15	0	0	0	0	0	0	0	0	0
C	Marios	24	150	14	1	29____	144000	15	14	0	0	0	0	0	0	0	0	0
C	Marios	24	150	14	1	29____	146321	14	0	0	0	0	1	0	0	0	0	0
C	Marios	24	150	14	1	29____	146345	14	0	0	0	0	0	0	0	0	1	0
C	Marios	24	150	14	1	29____	147000	14	-1	0	0	0	0	0	0	0	0	0
