Project	UserID	Protocol	Session	Station	Run	Subject	Time	Current State	Transition State	Transition Event	A1 - LLR	A2 - RLR	A3 - MAG	A4 - 	A[1] LLR_OFF	A[2] RLR_OFF	A[3] MAG_OFF	A[4] 
C	Marios	19	150	4	1	5_____	0	0	1	0	0	0	0	0	0	0	0	0
C	Marios	19	150	4	1	5_____	1653	1	0	0	0	0	1	0	0	0	0	0
C	Marios	19	150	4	1	5_____	1661	1	0	0	0	0	0	0	0	0	1	0
C	Marios	19	150	4	1	5_____	1662	1	0	0	0	0	1	0	0	0	0	0
C	Marios	19	150	4	1	5_____	1704	1	0	0	0	0	0	0	0	0	1	0
C	Marios	19	150	4	1	5_____	1727	1	0	0	0	0	1	0	0	0	0	0
C	Marios	19	150	4	1	5_____	1800	1	0	0	0	0	0	0	0	0	1	0
C	Marios	19	150	4	1	5_____	2639	1	0	0	0	0	1	0	0	0	0	0
C	Marios	19	150	4	1	5_____	2726	1	0	0	0	0	0	0	0	0	1	0
C	Marios	19	150	4	1	5_____	4069	1	0	0	0	0	1	0	0	0	0	0
C	Marios	19	150	4	1	5_____	4287	1	0	0	0	0	0	0	0	0	1	0
C	Marios	19	150	4	1	5_____	4325	1	0	0	0	0	1	0	0	0	0	0
C	Marios	19	150	4	1	5_____	4336	1	0	0	0	0	0	0	0	0	1	0
C	Marios	19	150	4	1	5_____	4339	1	0	0	0	0	1	0	0	0	0	0
C	Marios	19	150	4	1	5_____	4347	1	0	0	0	0	0	0	0	0	1	0
C	Marios	19	150	4	1	5_____	4350	1	0	0	0	0	1	0	0	0	0	0
C	Marios	19	150	4	1	5_____	4400	1	0	0	0	0	0	0	0	0	1	0
C	Marios	19	150	4	1	5_____	4500	1	2	0	0	0	0	0	0	0	0	0
C	Marios	19	150	4	1	5_____	5000	2	6	0	0	0	0	0	0	0	0	0
C	Marios	19	150	4	1	5_____	5099	6	0	0	0	0	1	0	0	0	0	0
C	Marios	19	150	4	1	5_____	5128	6	0	0	0	0	0	0	0	0	1	0
C	Marios	19	150	4	1	5_____	5166	6	0	0	0	0	1	0	0	0	0	0
C	Marios	19	150	4	1	5_____	5190	6	0	0	0	0	0	0	0	0	1	0
C	Marios	19	150	4	1	5_____	5199	6	0	0	0	0	1	0	0	0	0	0
C	Marios	19	150	4	1	5_____	5235	6	0	0	0	0	0	0	0	0	1	0
C	Marios	19	150	4	1	5_____	5260	6	0	0	0	0	1	0	0	0	0	0
C	Marios	19	150	4	1	5_____	5272	6	0	0	0	0	0	0	0	0	1	0
C	Marios	19	150	4	1	5_____	5373	6	0	0	0	0	1	0	0	0	0	0
C	Marios	19	150	4	1	5_____	5416	6	0	0	0	0	0	0	0	0	1	0
C	Marios	19	150	4	1	5_____	5486	6	0	0	0	0	1	0	0	0	0	0
C	Marios	19	150	4	1	5_____	5500	6	10	0	0	0	0	0	0	0	0	0
C	Marios	19	150	4	1	5_____	5632	10	0	0	0	0	0	0	0	0	1	0
C	Marios	19	150	4	1	5_____	5732	10	0	0	0	0	1	0	0	0	0	0
C	Marios	19	150	4	1	5_____	5798	10	0	0	0	0	0	0	0	0	1	0
C	Marios	19	150	4	1	5_____	6000	10	1	0	0	0	0	0	0	0	0	0
C	Marios	19	150	4	1	5_____	7075	1	0	0	0	0	1	0	0	0	0	0
C	Marios	19	150	4	1	5_____	7077	1	0	0	0	0	0	0	0	0	1	0
C	Marios	19	150	4	1	5_____	7078	1	0	0	0	0	1	0	0	0	0	0
C	Marios	19	150	4	1	5_____	7090	1	0	0	0	0	0	0	0	0	1	0
C	Marios	19	150	4	1	5_____	8829	1	0	0	0	0	1	0	0	0	0	0
C	Marios	19	150	4	1	5_____	8835	1	0	0	0	0	0	0	0	0	1	0
C	Marios	19	150	4	1	5_____	8836	1	0	0	0	0	1	0	0	0	0	0
C	Marios	19	150	4	1	5_____	8905	1	0	0	0	0	0	0	0	0	1	0
C	Marios	19	150	4	1	5_____	9500	1	2	0	0	0	0	0	0	0	0	0
C	Marios	19	150	4	1	5_____	9770	2	0	0	0	0	1	0	0	0	0	0
C	Marios	19	150	4	1	5_____	9778	2	0	0	0	0	0	0	0	0	1	0
C	Marios	19	150	4	1	5_____	9820	2	0	0	0	0	1	0	0	0	0	0
C	Marios	19	150	4	1	5_____	9823	2	0	0	0	0	0	0	0	0	1	0
C	Marios	19	150	4	1	5_____	9834	2	0	0	0	0	1	0	0	0	0	0
C	Marios	19	150	4	1	5_____	9835	2	0	0	0	0	0	0	0	0	1	0
C	Marios	19	150	4	1	5_____	9848	2	0	0	0	0	1	0	0	0	0	0
C	Marios	19	150	4	1	5_____	9850	2	0	0	0	0	0	0	0	0	1	0
C	Marios	19	150	4	1	5_____	9851	2	0	0	0	0	1	0	0	0	0	0
C	Marios	19	150	4	1	5_____	9871	2	0	0	0	0	0	0	0	0	1	0
C	Marios	19	150	4	1	5_____	9906	2	0	0	0	0	1	0	0	0	0	0
C	Marios	19	150	4	1	5_____	9974	2	0	0	0	0	0	0	0	0	1	0
C	Marios	19	150	4	1	5_____	9994	2	0	0	0	0	1	0	0	0	0	0
C	Marios	19	150	4	1	5_____	9999	2	0	0	0	0	1	0	0	0	1	0
C	Marios	19	150	4	1	5_____	10000	2	17	0	0	0	0	0	0	0	0	0
C	Marios	19	150	4	1	5_____	10001	17	0	0	0	0	0	0	0	0	1	0
C	Marios	19	150	4	1	5_____	10022	17	0	0	0	0	1	0	0	0	0	0
C	Marios	19	150	4	1	5_____	10027	17	0	0	0	0	0	0	0	0	1	0
C	Marios	19	150	4	1	5_____	10129	17	0	0	0	0	1	0	0	0	0	0
C	Marios	19	150	4	1	5_____	10175	17	0	0	0	0	0	0	0	0	1	0
C	Marios	19	150	4	1	5_____	10204	17	0	0	0	0	1	0	0	0	0	0
C	Marios	19	150	4	1	5_____	10286	17	0	0	0	0	0	0	0	0	1	0
C	Marios	19	150	4	1	5_____	10478	17	0	0	0	0	1	0	0	0	0	0
C	Marios	19	150	4	1	5_____	10500	17	15	0	0	0	0	0	0	0	0	0
C	Marios	19	150	4	1	5_____	10540	15	0	0	0	0	0	0	0	0	1	0
C	Marios	19	150	4	1	5_____	10575	15	0	0	0	0	1	0	0	0	0	0
C	Marios	19	150	4	1	5_____	10581	15	0	0	0	0	0	0	0	0	1	0
C	Marios	19	150	4	1	5_____	10596	15	0	0	0	0	1	0	0	0	0	0
C	Marios	19	150	4	1	5_____	10597	15	0	0	0	0	0	0	0	0	1	0
C	Marios	19	150	4	1	5_____	10654	15	0	0	0	0	1	0	0	0	0	0
C	Marios	19	150	4	1	5_____	10657	15	0	0	0	0	0	0	0	0	1	0
C	Marios	19	150	4	1	5_____	10690	15	0	0	0	0	1	0	0	0	0	0
C	Marios	19	150	4	1	5_____	10743	15	0	0	0	0	0	0	0	0	1	0
C	Marios	19	150	4	1	5_____	10839	15	0	0	0	0	1	0	0	0	0	0
C	Marios	19	150	4	1	5_____	10850	15	0	0	0	0	0	0	0	0	1	0
C	Marios	19	150	4	1	5_____	10874	15	0	0	0	0	1	0	0	0	0	0
C	Marios	19	150	4	1	5_____	10876	15	0	0	0	0	0	0	0	0	1	0
C	Marios	19	150	4	1	5_____	10881	15	0	0	0	0	1	0	0	0	0	0
C	Marios	19	150	4	1	5_____	11000	15	1	0	0	0	0	0	0	0	0	0
C	Marios	19	150	4	1	5_____	11031	1	0	0	0	0	0	0	0	0	1	0
C	Marios	19	150	4	1	5_____	11069	1	0	0	0	0	1	0	0	0	0	0
C	Marios	19	150	4	1	5_____	11071	1	0	0	0	0	0	0	0	0	1	0
C	Marios	19	150	4	1	5_____	11072	1	0	0	0	0	1	0	0	0	0	0
C	Marios	19	150	4	1	5_____	11089	1	0	0	0	0	0	0	0	0	1	0
C	Marios	19	150	4	1	5_____	11095	1	0	0	0	0	1	0	0	0	0	0
C	Marios	19	150	4	1	5_____	11096	1	0	0	0	0	0	0	0	0	1	0
C	Marios	19	150	4	1	5_____	11098	1	0	0	0	0	1	0	0	0	0	0
C	Marios	19	150	4	1	5_____	11100	1	0	0	0	0	0	0	0	0	1	0
C	Marios	19	150	4	1	5_____	11108	1	0	0	0	0	1	0	0	0	0	0
C	Marios	19	150	4	1	5_____	11110	1	0	0	0	0	0	0	0	0	1	0
C	Marios	19	150	4	1	5_____	11119	1	0	0	0	0	1	0	0	0	0	0
C	Marios	19	150	4	1	5_____	11140	1	0	0	0	0	0	0	0	0	1	0
C	Marios	19	150	4	1	5_____	11143	1	0	0	0	0	1	0	0	0	0	0
C	Marios	19	150	4	1	5_____	11145	1	0	0	0	0	0	0	0	0	1	0
C	Marios	19	150	4	1	5_____	11147	1	0	0	0	0	1	0	0	0	0	0
C	Marios	19	150	4	1	5_____	11157	1	0	0	0	0	0	0	0	0	1	0
C	Marios	19	150	4	1	5_____	11158	1	0	0	0	0	1	0	0	0	0	0
C	Marios	19	150	4	1	5_____	11170	1	0	0	0	0	0	0	0	0	1	0
C	Marios	19	150	4	1	5_____	11172	1	0	0	0	0	1	0	0	0	0	0
C	Marios	19	150	4	1	5_____	11174	1	0	0	0	0	0	0	0	0	1	0
C	Marios	19	150	4	1	5_____	11176	1	0	0	0	0	1	0	0	0	0	0
C	Marios	19	150	4	1	5_____	11178	1	0	0	0	0	0	0	0	0	1	0
C	Marios	19	150	4	1	5_____	11181	1	0	0	0	0	1	0	0	0	0	0
C	Marios	19	150	4	1	5_____	11184	1	0	0	0	0	0	0	0	0	1	0
C	Marios	19	150	4	1	5_____	11197	1	0	0	0	0	1	0	0	0	0	0
C	Marios	19	150	4	1	5_____	11205	1	0	0	0	0	0	0	0	0	1	0
C	Marios	19	150	4	1	5_____	11241	1	0	0	0	0	1	0	0	0	0	0
C	Marios	19	150	4	1	5_____	11243	1	0	0	0	0	0	0	0	0	1	0
C	Marios	19	150	4	1	5_____	11263	1	0	0	0	0	1	0	0	0	0	0
C	Marios	19	150	4	1	5_____	11311	1	0	0	0	0	0	0	0	0	1	0
C	Marios	19	150	4	1	5_____	11401	1	0	0	0	0	1	0	0	0	0	0
C	Marios	19	150	4	1	5_____	11403	1	0	0	0	0	0	0	0	0	1	0
C	Marios	19	150	4	1	5_____	11421	1	0	0	0	0	1	0	0	0	0	0
C	Marios	19	150	4	1	5_____	11470	1	0	0	0	0	0	0	0	0	1	0
C	Marios	19	150	4	1	5_____	11476	1	0	0	0	0	1	0	0	0	0	0
C	Marios	19	150	4	1	5_____	11479	1	0	0	0	0	0	0	0	0	1	0
C	Marios	19	150	4	1	5_____	11491	1	0	0	0	0	1	0	0	0	0	0
C	Marios	19	150	4	1	5_____	11493	1	0	0	0	0	0	0	0	0	1	0
C	Marios	19	150	4	1	5_____	11503	1	0	0	0	0	1	0	0	0	0	0
C	Marios	19	150	4	1	5_____	11504	1	0	0	0	0	0	0	0	0	1	0
C	Marios	19	150	4	1	5_____	11514	1	0	0	0	0	1	0	0	0	0	0
C	Marios	19	150	4	1	5_____	11678	1	0	0	0	0	0	0	0	0	1	0
C	Marios	19	150	4	1	5_____	11692	1	0	0	0	0	1	0	0	0	0	0
C	Marios	19	150	4	1	5_____	11757	1	0	0	0	0	0	0	0	0	1	0
C	Marios	19	150	4	1	5_____	11758	1	0	0	0	0	1	0	0	0	0	0
C	Marios	19	150	4	1	5_____	11760	1	0	0	0	0	0	0	0	0	1	0
C	Marios	19	150	4	1	5_____	11763	1	0	0	0	0	1	0	0	0	0	0
C	Marios	19	150	4	1	5_____	11771	1	0	0	0	0	0	0	0	0	1	0
C	Marios	19	150	4	1	5_____	11772	1	0	0	0	0	1	0	0	0	0	0
C	Marios	19	150	4	1	5_____	11773	1	0	0	0	0	0	0	0	0	1	0
C	Marios	19	150	4	1	5_____	11776	1	0	0	0	0	1	0	0	0	0	0
C	Marios	19	150	4	1	5_____	11777	1	0	0	0	0	0	0	0	0	1	0
C	Marios	19	150	4	1	5_____	11807	1	0	0	0	0	1	0	0	0	0	0
C	Marios	19	150	4	1	5_____	11809	1	0	0	0	0	0	0	0	0	1	0
C	Marios	19	150	4	1	5_____	11842	1	0	0	0	0	1	0	0	0	0	0
C	Marios	19	150	4	1	5_____	11851	1	0	0	0	0	0	0	0	0	1	0
C	Marios	19	150	4	1	5_____	11969	1	0	0	0	0	1	0	0	0	0	0
C	Marios	19	150	4	1	5_____	12002	1	0	0	0	0	0	0	0	0	1	0
C	Marios	19	150	4	1	5_____	12801	1	0	0	0	0	1	0	0	0	0	0
C	Marios	19	150	4	1	5_____	12805	1	0	0	0	0	1	0	0	0	1	0
C	Marios	19	150	4	1	5_____	12807	1	0	0	0	0	0	0	0	0	1	0
C	Marios	19	150	4	1	5_____	12808	1	0	0	0	0	1	0	0	0	0	0
C	Marios	19	150	4	1	5_____	12832	1	0	0	0	0	0	0	0	0	1	0
C	Marios	19	150	4	1	5_____	12875	1	0	0	0	0	1	0	0	0	0	0
C	Marios	19	150	4	1	5_____	12890	1	0	0	0	0	0	0	0	0	1	0
C	Marios	19	150	4	1	5_____	12900	1	0	0	0	0	1	0	0	0	0	0
C	Marios	19	150	4	1	5_____	12907	1	0	0	0	0	0	0	0	0	1	0
C	Marios	19	150	4	1	5_____	12995	1	0	0	0	0	1	0	0	0	0	0
C	Marios	19	150	4	1	5_____	13073	1	0	0	0	0	0	0	0	0	1	0
C	Marios	19	150	4	1	5_____	13851	1	0	0	0	0	1	0	0	0	0	0
C	Marios	19	150	4	1	5_____	13854	1	0	0	0	0	0	0	0	0	1	0
C	Marios	19	150	4	1	5_____	14180	1	0	0	0	0	1	0	0	0	0	0
C	Marios	19	150	4	1	5_____	14184	1	0	0	0	0	0	0	0	0	1	0
C	Marios	19	150	4	1	5_____	15290	1	0	0	0	0	1	0	0	0	0	0
C	Marios	19	150	4	1	5_____	15305	1	0	0	0	0	0	0	0	0	1	0
C	Marios	19	150	4	1	5_____	15356	1	0	0	0	0	1	0	0	0	0	0
C	Marios	19	150	4	1	5_____	15369	1	0	0	0	0	0	0	0	0	1	0
C	Marios	19	150	4	1	5_____	15375	1	0	0	0	0	1	0	0	0	0	0
C	Marios	19	150	4	1	5_____	15393	1	0	0	0	0	0	0	0	0	1	0
C	Marios	19	150	4	1	5_____	15503	1	0	0	0	0	1	0	0	0	0	0
C	Marios	19	150	4	1	5_____	15570	1	0	0	0	0	0	0	0	0	1	0
C	Marios	19	150	4	1	5_____	15645	1	0	0	0	0	1	0	0	0	0	0
C	Marios	19	150	4	1	5_____	15648	1	0	0	0	0	0	0	0	0	1	0
C	Marios	19	150	4	1	5_____	15690	1	0	0	0	0	1	0	0	0	0	0
C	Marios	19	150	4	1	5_____	15766	1	0	0	0	0	0	0	0	0	1	0
C	Marios	19	150	4	1	5_____	16250	1	2	0	0	0	0	0	0	0	0	0
C	Marios	19	150	4	1	5_____	16750	2	17	0	0	0	0	0	0	0	0	0
C	Marios	19	150	4	1	5_____	17250	17	15	0	0	0	0	0	0	0	0	0
C	Marios	19	150	4	1	5_____	17750	15	1	0	0	0	0	0	0	0	0	0
C	Marios	19	150	4	1	5_____	18167	1	0	0	0	0	1	0	0	0	0	0
C	Marios	19	150	4	1	5_____	18194	1	0	0	0	0	0	0	0	0	1	0
C	Marios	19	150	4	1	5_____	18474	1	0	0	0	0	1	0	0	0	0	0
C	Marios	19	150	4	1	5_____	18537	1	0	0	0	0	0	0	0	0	1	0
C	Marios	19	150	4	1	5_____	20485	1	0	0	0	0	1	0	0	0	0	0
C	Marios	19	150	4	1	5_____	20532	1	0	0	0	0	0	0	0	0	1	0
C	Marios	19	150	4	1	5_____	20631	1	0	0	0	0	1	0	0	0	0	0
C	Marios	19	150	4	1	5_____	20725	1	0	0	0	0	0	0	0	0	1	0
C	Marios	19	150	4	1	5_____	20738	1	0	0	0	0	1	0	0	0	0	0
C	Marios	19	150	4	1	5_____	20909	1	0	0	0	0	0	0	0	0	1	0
C	Marios	19	150	4	1	5_____	21100	1	0	0	0	0	1	0	0	0	0	0
C	Marios	19	150	4	1	5_____	21108	1	0	0	0	0	0	0	0	0	1	0
C	Marios	19	150	4	1	5_____	21110	1	0	0	0	0	1	0	0	0	0	0
C	Marios	19	150	4	1	5_____	21147	1	0	0	0	0	0	0	0	0	1	0
C	Marios	19	150	4	1	5_____	23132	1	0	0	0	0	1	0	0	0	0	0
C	Marios	19	150	4	1	5_____	23217	1	0	0	0	0	0	0	0	0	1	0
C	Marios	19	150	4	1	5_____	23250	1	2	0	0	0	0	0	0	0	0	0
C	Marios	19	150	4	1	5_____	23256	2	0	0	0	0	1	0	0	0	0	0
C	Marios	19	150	4	1	5_____	23350	2	0	0	0	0	0	0	0	0	1	0
C	Marios	19	150	4	1	5_____	23499	2	0	0	0	0	1	0	0	0	0	0
C	Marios	19	150	4	1	5_____	23528	2	0	0	0	0	0	0	0	0	1	0
C	Marios	19	150	4	1	5_____	23750	2	7	0	0	0	0	0	0	0	0	0
C	Marios	19	150	4	1	5_____	23888	7	0	0	0	0	1	0	0	0	0	0
C	Marios	19	150	4	1	5_____	23896	7	0	0	0	0	0	0	0	0	1	0
C	Marios	19	150	4	1	5_____	23906	7	0	0	0	0	1	0	0	0	0	0
C	Marios	19	150	4	1	5_____	23993	7	0	0	0	0	0	0	0	0	1	0
C	Marios	19	150	4	1	5_____	24026	7	0	0	0	0	1	0	0	0	0	0
C	Marios	19	150	4	1	5_____	24037	7	0	0	0	0	0	0	0	0	1	0
C	Marios	19	150	4	1	5_____	24047	7	0	0	0	0	1	0	0	0	0	0
C	Marios	19	150	4	1	5_____	24049	7	0	0	0	0	0	0	0	0	1	0
C	Marios	19	150	4	1	5_____	24167	7	0	0	0	0	1	0	0	0	0	0
C	Marios	19	150	4	1	5_____	24250	7	11	0	0	0	0	0	0	0	0	0
C	Marios	19	150	4	1	5_____	24750	11	1	0	0	0	0	0	0	0	0	0
C	Marios	19	150	4	1	5_____	24811	1	0	0	0	0	0	0	0	0	1	0
C	Marios	19	150	4	1	5_____	25411	1	0	0	0	0	1	0	0	0	0	0
C	Marios	19	150	4	1	5_____	25471	1	0	0	0	0	0	0	0	0	1	0
C	Marios	19	150	4	1	5_____	27750	1	2	0	0	0	0	0	0	0	0	0
C	Marios	19	150	4	1	5_____	28250	2	16	0	0	0	0	0	0	0	0	0
C	Marios	19	150	4	1	5_____	28750	16	15	0	0	0	0	0	0	0	0	0
C	Marios	19	150	4	1	5_____	28785	15	0	0	0	0	1	0	0	0	0	0
C	Marios	19	150	4	1	5_____	28798	15	0	0	0	0	0	0	0	0	1	0
C	Marios	19	150	4	1	5_____	29250	15	1	0	0	0	0	0	0	0	0	0
C	Marios	19	150	4	1	5_____	29745	1	0	0	0	0	1	0	0	0	0	0
C	Marios	19	150	4	1	5_____	29788	1	0	0	0	0	0	0	0	0	1	0
C	Marios	19	150	4	1	5_____	29917	1	0	0	0	0	1	0	0	0	0	0
C	Marios	19	150	4	1	5_____	30018	1	0	0	0	0	0	0	0	0	1	0
C	Marios	19	150	4	1	5_____	30037	1	0	0	0	0	1	0	0	0	0	0
C	Marios	19	150	4	1	5_____	30054	1	0	0	0	0	0	0	0	0	1	0
C	Marios	19	150	4	1	5_____	30066	1	0	0	0	0	1	0	0	0	0	0
C	Marios	19	150	4	1	5_____	30069	1	0	0	0	0	0	0	0	0	1	0
C	Marios	19	150	4	1	5_____	30173	1	0	0	0	0	1	0	0	0	0	0
C	Marios	19	150	4	1	5_____	30185	1	0	0	0	0	0	0	0	0	1	0
C	Marios	19	150	4	1	5_____	30189	1	0	0	0	0	1	0	0	0	0	0
C	Marios	19	150	4	1	5_____	30192	1	0	0	0	0	0	0	0	0	1	0
C	Marios	19	150	4	1	5_____	30195	1	0	0	0	0	1	0	0	0	0	0
C	Marios	19	150	4	1	5_____	30205	1	0	0	0	0	0	0	0	0	1	0
C	Marios	19	150	4	1	5_____	30360	1	0	0	0	0	1	0	0	0	0	0
C	Marios	19	150	4	1	5_____	30418	1	0	0	0	0	0	0	0	0	1	0
C	Marios	19	150	4	1	5_____	30553	1	0	0	0	0	1	0	0	0	0	0
C	Marios	19	150	4	1	5_____	30561	1	0	0	0	0	0	0	0	0	1	0
C	Marios	19	150	4	1	5_____	32382	1	0	0	0	0	1	0	0	0	0	0
C	Marios	19	150	4	1	5_____	32420	1	0	0	0	0	0	0	0	0	1	0
C	Marios	19	150	4	1	5_____	33085	1	0	0	0	0	1	0	0	0	0	0
C	Marios	19	150	4	1	5_____	33198	1	0	0	0	0	0	0	0	0	1	0
C	Marios	19	150	4	1	5_____	33286	1	0	0	0	0	1	0	0	0	0	0
C	Marios	19	150	4	1	5_____	33298	1	0	0	0	0	0	0	0	0	1	0
C	Marios	19	150	4	1	5_____	33356	1	0	0	0	0	1	0	0	0	0	0
C	Marios	19	150	4	1	5_____	33461	1	0	0	0	0	0	0	0	0	1	0
C	Marios	19	150	4	1	5_____	33502	1	0	0	0	0	1	0	0	0	0	0
C	Marios	19	150	4	1	5_____	33527	1	0	0	0	0	0	0	0	0	1	0
C	Marios	19	150	4	1	5_____	33646	1	0	0	0	0	1	0	0	0	0	0
C	Marios	19	150	4	1	5_____	33665	1	0	0	0	0	0	0	0	0	1	0
C	Marios	19	150	4	1	5_____	33720	1	0	0	0	0	1	0	0	0	0	0
C	Marios	19	150	4	1	5_____	33883	1	0	0	0	0	0	0	0	0	1	0
C	Marios	19	150	4	1	5_____	34273	1	0	0	0	0	1	0	0	0	0	0
C	Marios	19	150	4	1	5_____	34341	1	0	0	0	0	0	0	0	0	1	0
C	Marios	19	150	4	1	5_____	35329	1	0	0	0	0	1	0	0	0	0	0
C	Marios	19	150	4	1	5_____	35394	1	0	0	0	0	0	0	0	0	1	0
C	Marios	19	150	4	1	5_____	35691	1	0	0	0	0	1	0	0	0	0	0
C	Marios	19	150	4	1	5_____	35694	1	0	0	0	0	0	0	0	0	1	0
C	Marios	19	150	4	1	5_____	35767	1	0	0	0	0	1	0	0	0	0	0
C	Marios	19	150	4	1	5_____	35893	1	0	0	0	0	0	0	0	0	1	0
C	Marios	19	150	4	1	5_____	35897	1	0	0	0	0	1	0	0	0	0	0
C	Marios	19	150	4	1	5_____	35952	1	0	0	0	0	0	0	0	0	1	0
C	Marios	19	150	4	1	5_____	36000	1	2	0	0	0	0	0	0	0	0	0
C	Marios	19	150	4	1	5_____	36427	2	0	0	0	0	1	0	0	0	0	0
C	Marios	19	150	4	1	5_____	36434	2	0	0	0	0	0	0	0	0	1	0
C	Marios	19	150	4	1	5_____	36500	2	16	0	0	0	0	0	0	0	0	0
C	Marios	19	150	4	1	5_____	37000	16	15	0	0	0	0	0	0	0	0	0
C	Marios	19	150	4	1	5_____	37500	15	1	0	0	0	0	0	0	0	0	0
C	Marios	19	150	4	1	5_____	37938	1	0	0	0	0	1	0	0	0	0	0
C	Marios	19	150	4	1	5_____	37946	1	0	0	0	0	0	0	0	0	1	0
C	Marios	19	150	4	1	5_____	38284	1	0	0	0	0	1	0	0	0	0	0
C	Marios	19	150	4	1	5_____	38286	1	0	0	0	0	0	0	0	0	1	0
C	Marios	19	150	4	1	5_____	39789	1	0	0	0	0	1	0	0	0	0	0
C	Marios	19	150	4	1	5_____	39871	1	0	0	0	0	0	0	0	0	1	0
C	Marios	19	150	4	1	5_____	39983	1	0	0	0	0	1	0	0	0	0	0
C	Marios	19	150	4	1	5_____	40102	1	0	0	0	0	0	0	0	0	1	0
C	Marios	19	150	4	1	5_____	40192	1	0	0	0	0	1	0	0	0	0	0
C	Marios	19	150	4	1	5_____	40204	1	0	0	0	0	0	0	0	0	1	0
C	Marios	19	150	4	1	5_____	40216	1	0	0	0	0	1	0	0	0	0	0
C	Marios	19	150	4	1	5_____	40240	1	0	0	0	0	0	0	0	0	1	0
C	Marios	19	150	4	1	5_____	40286	1	0	0	0	0	1	0	0	0	0	0
C	Marios	19	150	4	1	5_____	40483	1	0	0	0	0	0	0	0	0	1	0
C	Marios	19	150	4	1	5_____	40686	1	0	0	0	0	1	0	0	0	0	0
C	Marios	19	150	4	1	5_____	40729	1	0	0	0	0	0	0	0	0	1	0
C	Marios	19	150	4	1	5_____	40865	1	0	0	0	0	1	0	0	0	0	0
C	Marios	19	150	4	1	5_____	40879	1	0	0	0	0	0	0	0	0	1	0
C	Marios	19	150	4	1	5_____	42000	1	2	0	0	0	0	0	0	0	0	0
C	Marios	19	150	4	1	5_____	42111	2	0	0	0	0	1	0	0	0	0	0
C	Marios	19	150	4	1	5_____	42130	2	0	0	0	0	0	0	0	0	1	0
C	Marios	19	150	4	1	5_____	42500	2	7	0	0	0	0	0	0	0	0	0
C	Marios	19	150	4	1	5_____	42669	7	0	0	0	0	1	0	0	0	0	0
C	Marios	19	150	4	1	5_____	42803	7	0	0	0	0	0	0	0	0	1	0
C	Marios	19	150	4	1	5_____	42813	7	0	0	0	0	1	0	0	0	0	0
C	Marios	19	150	4	1	5_____	42847	7	0	0	0	0	0	0	0	0	1	0
C	Marios	19	150	4	1	5_____	42883	7	0	0	0	0	1	0	0	0	0	0
C	Marios	19	150	4	1	5_____	43000	7	11	0	0	0	0	0	0	0	0	0
C	Marios	19	150	4	1	5_____	43014	11	0	0	0	0	0	0	0	0	1	0
C	Marios	19	150	4	1	5_____	43036	11	0	0	0	0	1	0	0	0	0	0
C	Marios	19	150	4	1	5_____	43355	11	0	0	0	0	0	0	0	0	1	0
C	Marios	19	150	4	1	5_____	43357	11	0	0	0	0	1	0	0	0	0	0
C	Marios	19	150	4	1	5_____	43377	11	0	0	0	0	0	0	0	0	1	0
C	Marios	19	150	4	1	5_____	43414	11	0	0	0	0	1	0	0	0	0	0
C	Marios	19	150	4	1	5_____	43421	11	0	0	0	0	0	0	0	0	1	0
C	Marios	19	150	4	1	5_____	43500	11	1	0	0	0	0	0	0	0	0	0
C	Marios	19	150	4	1	5_____	43641	1	0	0	0	0	1	0	0	0	0	0
C	Marios	19	150	4	1	5_____	43644	1	0	0	0	0	0	0	0	0	1	0
C	Marios	19	150	4	1	5_____	43648	1	0	0	0	0	1	0	0	0	0	0
C	Marios	19	150	4	1	5_____	43649	1	0	0	0	0	0	0	0	0	1	0
C	Marios	19	150	4	1	5_____	43686	1	0	0	0	0	1	0	0	0	0	0
C	Marios	19	150	4	1	5_____	43693	1	0	0	0	0	0	0	0	0	1	0
C	Marios	19	150	4	1	5_____	43795	1	0	0	0	0	1	0	0	0	0	0
C	Marios	19	150	4	1	5_____	43797	1	0	0	0	0	0	0	0	0	1	0
C	Marios	19	150	4	1	5_____	43799	1	0	0	0	0	1	0	0	0	0	0
C	Marios	19	150	4	1	5_____	43833	1	0	0	0	0	0	0	0	0	1	0
C	Marios	19	150	4	1	5_____	43968	1	0	0	0	0	1	0	0	0	0	0
C	Marios	19	150	4	1	5_____	44088	1	0	0	0	0	0	0	0	0	1	0
C	Marios	19	150	4	1	5_____	44097	1	0	0	0	0	1	0	0	0	0	0
C	Marios	19	150	4	1	5_____	44102	1	0	0	0	0	0	0	0	0	1	0
C	Marios	19	150	4	1	5_____	44116	1	0	0	0	0	1	0	0	0	0	0
C	Marios	19	150	4	1	5_____	44118	1	0	0	0	0	0	0	0	0	1	0
C	Marios	19	150	4	1	5_____	44125	1	0	0	0	0	1	0	0	0	0	0
C	Marios	19	150	4	1	5_____	44198	1	0	0	0	0	0	0	0	0	1	0
C	Marios	19	150	4	1	5_____	44202	1	0	0	0	0	1	0	0	0	0	0
C	Marios	19	150	4	1	5_____	44205	1	0	0	0	0	0	0	0	0	1	0
C	Marios	19	150	4	1	5_____	44307	1	0	0	0	0	1	0	0	0	0	0
C	Marios	19	150	4	1	5_____	44339	1	0	0	0	0	0	0	0	0	1	0
C	Marios	19	150	4	1	5_____	44356	1	0	0	0	0	1	0	0	0	0	0
C	Marios	19	150	4	1	5_____	44360	1	0	0	0	0	0	0	0	0	1	0
C	Marios	19	150	4	1	5_____	44387	1	0	0	0	0	1	0	0	0	0	0
C	Marios	19	150	4	1	5_____	44407	1	0	0	0	0	0	0	0	0	1	0
C	Marios	19	150	4	1	5_____	44419	1	0	0	0	0	1	0	0	0	0	0
C	Marios	19	150	4	1	5_____	44422	1	0	0	0	0	0	0	0	0	1	0
C	Marios	19	150	4	1	5_____	44425	1	0	0	0	0	1	0	0	0	0	0
C	Marios	19	150	4	1	5_____	44427	1	0	0	0	0	0	0	0	0	1	0
C	Marios	19	150	4	1	5_____	44428	1	0	0	0	0	1	0	0	0	0	0
C	Marios	19	150	4	1	5_____	44474	1	0	0	0	0	0	0	0	0	1	0
C	Marios	19	150	4	1	5_____	44481	1	0	0	0	0	1	0	0	0	0	0
C	Marios	19	150	4	1	5_____	44502	1	0	0	0	0	0	0	0	0	1	0
C	Marios	19	150	4	1	5_____	44510	1	0	0	0	0	1	0	0	0	0	0
C	Marios	19	150	4	1	5_____	44576	1	0	0	0	0	0	0	0	0	1	0
C	Marios	19	150	4	1	5_____	44577	1	0	0	0	0	1	0	0	0	0	0
C	Marios	19	150	4	1	5_____	44580	1	0	0	0	0	0	0	0	0	1	0
C	Marios	19	150	4	1	5_____	44589	1	0	0	0	0	1	0	0	0	0	0
C	Marios	19	150	4	1	5_____	44592	1	0	0	0	0	0	0	0	0	1	0
C	Marios	19	150	4	1	5_____	44609	1	0	0	0	0	1	0	0	0	0	0
C	Marios	19	150	4	1	5_____	44613	1	0	0	0	0	0	0	0	0	1	0
C	Marios	19	150	4	1	5_____	44655	1	0	0	0	0	1	0	0	0	0	0
C	Marios	19	150	4	1	5_____	44656	1	0	0	0	0	0	0	0	0	1	0
C	Marios	19	150	4	1	5_____	44693	1	0	0	0	0	1	0	0	0	0	0
C	Marios	19	150	4	1	5_____	44695	1	0	0	0	0	0	0	0	0	1	0
C	Marios	19	150	4	1	5_____	44714	1	0	0	0	0	1	0	0	0	0	0
C	Marios	19	150	4	1	5_____	44721	1	0	0	0	0	0	0	0	0	1	0
C	Marios	19	150	4	1	5_____	44730	1	0	0	0	0	1	0	0	0	0	0
C	Marios	19	150	4	1	5_____	44785	1	0	0	0	0	0	0	0	0	1	0
C	Marios	19	150	4	1	5_____	44803	1	0	0	0	0	1	0	0	0	0	0
C	Marios	19	150	4	1	5_____	44808	1	0	0	0	0	0	0	0	0	1	0
C	Marios	19	150	4	1	5_____	44858	1	0	0	0	0	1	0	0	0	0	0
C	Marios	19	150	4	1	5_____	44860	1	0	0	0	0	0	0	0	0	1	0
C	Marios	19	150	4	1	5_____	44864	1	0	0	0	0	1	0	0	0	0	0
C	Marios	19	150	4	1	5_____	44866	1	0	0	0	0	0	0	0	0	1	0
C	Marios	19	150	4	1	5_____	44877	1	0	0	0	0	1	0	0	0	0	0
C	Marios	19	150	4	1	5_____	44878	1	0	0	0	0	0	0	0	0	1	0
C	Marios	19	150	4	1	5_____	44899	1	0	0	0	0	1	0	0	0	0	0
C	Marios	19	150	4	1	5_____	44901	1	0	0	0	0	0	0	0	0	1	0
C	Marios	19	150	4	1	5_____	44920	1	0	0	0	0	1	0	0	0	0	0
C	Marios	19	150	4	1	5_____	45000	1	2	0	0	0	0	0	0	0	0	0
C	Marios	19	150	4	1	5_____	45031	2	0	0	0	0	0	0	0	0	1	0
C	Marios	19	150	4	1	5_____	45033	2	0	0	0	0	1	0	0	0	0	0
C	Marios	19	150	4	1	5_____	45041	2	0	0	0	0	0	0	0	0	1	0
C	Marios	19	150	4	1	5_____	45044	2	0	0	0	0	1	0	0	0	0	0
C	Marios	19	150	4	1	5_____	45047	2	0	0	0	0	0	0	0	0	1	0
C	Marios	19	150	4	1	5_____	45500	2	17	0	0	0	0	0	0	0	0	0
C	Marios	19	150	4	1	5_____	46000	17	15	0	0	0	0	0	0	0	0	0
C	Marios	19	150	4	1	5_____	46346	15	0	0	0	0	1	0	0	0	0	0
C	Marios	19	150	4	1	5_____	46351	15	0	0	0	0	0	0	0	0	1	0
C	Marios	19	150	4	1	5_____	46500	15	1	0	0	0	0	0	0	0	0	0
C	Marios	19	150	4	1	5_____	47082	1	0	0	0	0	1	0	0	0	0	0
C	Marios	19	150	4	1	5_____	47120	1	0	0	0	0	0	0	0	0	1	0
C	Marios	19	150	4	1	5_____	47122	1	0	0	0	0	1	0	0	0	0	0
C	Marios	19	150	4	1	5_____	47123	1	0	0	0	0	0	0	0	0	1	0
C	Marios	19	150	4	1	5_____	47196	1	0	0	0	0	1	0	0	0	0	0
C	Marios	19	150	4	1	5_____	47201	1	0	0	0	0	0	0	0	0	1	0
C	Marios	19	150	4	1	5_____	47205	1	0	0	0	0	1	0	0	0	0	0
C	Marios	19	150	4	1	5_____	47206	1	0	0	0	0	0	0	0	0	1	0
C	Marios	19	150	4	1	5_____	47220	1	0	0	0	0	1	0	0	0	0	0
C	Marios	19	150	4	1	5_____	47271	1	0	0	0	0	0	0	0	0	1	0
C	Marios	19	150	4	1	5_____	47286	1	0	0	0	0	1	0	0	0	0	0
C	Marios	19	150	4	1	5_____	47428	1	0	0	0	0	0	0	0	0	1	0
C	Marios	19	150	4	1	5_____	47911	1	0	0	0	0	1	0	0	0	0	0
C	Marios	19	150	4	1	5_____	47921	1	0	0	0	0	0	0	0	0	1	0
C	Marios	19	150	4	1	5_____	47935	1	0	0	0	0	1	0	0	0	0	0
C	Marios	19	150	4	1	5_____	47963	1	0	0	0	0	0	0	0	0	1	0
C	Marios	19	150	4	1	5_____	48642	1	0	0	0	0	1	0	0	0	0	0
C	Marios	19	150	4	1	5_____	48650	1	0	0	0	0	0	0	0	0	1	0
C	Marios	19	150	4	1	5_____	48909	1	0	0	0	0	1	0	0	0	0	0
C	Marios	19	150	4	1	5_____	48941	1	0	0	0	0	0	0	0	0	1	0
C	Marios	19	150	4	1	5_____	49538	1	0	0	0	0	1	0	0	0	0	0
C	Marios	19	150	4	1	5_____	49711	1	0	0	0	0	0	0	0	0	1	0
C	Marios	19	150	4	1	5_____	49842	1	0	0	0	0	1	0	0	0	0	0
C	Marios	19	150	4	1	5_____	49857	1	0	0	0	0	0	0	0	0	1	0
C	Marios	19	150	4	1	5_____	49909	1	0	0	0	0	1	0	0	0	0	0
C	Marios	19	150	4	1	5_____	50052	1	0	0	0	0	0	0	0	0	1	0
C	Marios	19	150	4	1	5_____	50157	1	0	0	0	0	1	0	0	0	0	0
C	Marios	19	150	4	1	5_____	50207	1	0	0	0	0	0	0	0	0	1	0
C	Marios	19	150	4	1	5_____	50209	1	0	0	0	0	1	0	0	0	0	0
C	Marios	19	150	4	1	5_____	50490	1	0	0	0	0	0	0	0	0	1	0
C	Marios	19	150	4	1	5_____	51017	1	0	0	0	0	1	0	0	0	0	0
C	Marios	19	150	4	1	5_____	51082	1	0	0	0	0	0	0	0	0	1	0
C	Marios	19	150	4	1	5_____	51735	1	0	0	0	0	1	0	0	0	0	0
C	Marios	19	150	4	1	5_____	51756	1	0	0	0	0	0	0	0	0	1	0
C	Marios	19	150	4	1	5_____	52500	1	2	0	0	0	0	0	0	0	0	0
C	Marios	19	150	4	1	5_____	53000	2	16	0	0	0	0	0	0	0	0	0
C	Marios	19	150	4	1	5_____	53120	16	0	0	0	0	1	0	0	0	0	0
C	Marios	19	150	4	1	5_____	53271	16	0	0	0	0	0	0	0	0	1	0
C	Marios	19	150	4	1	5_____	53336	16	0	0	0	0	1	0	0	0	0	0
C	Marios	19	150	4	1	5_____	53500	16	15	0	0	0	0	0	0	0	0	0
C	Marios	19	150	4	1	5_____	53525	15	0	0	0	0	0	0	0	0	1	0
C	Marios	19	150	4	1	5_____	53744	15	0	0	0	0	1	0	0	0	0	0
C	Marios	19	150	4	1	5_____	53809	15	0	0	0	0	0	0	0	0	1	0
C	Marios	19	150	4	1	5_____	54000	15	1	0	0	0	0	0	0	0	0	0
C	Marios	19	150	4	1	5_____	54240	1	0	0	0	0	1	0	0	0	0	0
C	Marios	19	150	4	1	5_____	54252	1	0	0	0	0	0	0	0	0	1	0
C	Marios	19	150	4	1	5_____	55310	1	0	0	0	0	1	0	0	0	0	0
C	Marios	19	150	4	1	5_____	55710	1	0	0	0	0	0	0	0	0	1	0
C	Marios	19	150	4	1	5_____	57750	1	2	0	0	0	0	0	0	0	0	0
C	Marios	19	150	4	1	5_____	58250	2	6	0	0	0	0	0	0	0	0	0
C	Marios	19	150	4	1	5_____	58272	6	0	0	0	0	1	0	0	0	0	0
C	Marios	19	150	4	1	5_____	58411	6	0	0	0	0	0	0	0	0	1	0
C	Marios	19	150	4	1	5_____	58412	6	0	0	0	0	1	0	0	0	0	0
C	Marios	19	150	4	1	5_____	58472	6	0	0	0	0	0	0	0	0	1	0
C	Marios	19	150	4	1	5_____	58476	6	0	0	0	0	1	0	0	0	0	0
C	Marios	19	150	4	1	5_____	58483	6	0	0	0	0	0	0	0	0	1	0
C	Marios	19	150	4	1	5_____	58495	6	0	0	0	0	1	0	0	0	0	0
C	Marios	19	150	4	1	5_____	58501	6	0	0	0	0	0	0	0	0	1	0
C	Marios	19	150	4	1	5_____	58504	6	0	0	0	0	1	0	0	0	0	0
C	Marios	19	150	4	1	5_____	58538	6	0	0	0	0	0	0	0	0	1	0
C	Marios	19	150	4	1	5_____	58546	6	0	0	0	0	1	0	0	0	0	0
C	Marios	19	150	4	1	5_____	58560	6	0	0	0	0	0	0	0	0	1	0
C	Marios	19	150	4	1	5_____	58565	6	0	0	0	0	1	0	0	0	0	0
C	Marios	19	150	4	1	5_____	58624	6	0	0	0	0	0	0	0	0	1	0
C	Marios	19	150	4	1	5_____	58637	6	0	0	0	0	1	0	0	0	0	0
C	Marios	19	150	4	1	5_____	58648	6	0	0	0	0	0	0	0	0	1	0
C	Marios	19	150	4	1	5_____	58657	6	0	0	0	0	1	0	0	0	0	0
C	Marios	19	150	4	1	5_____	58663	6	0	0	0	0	0	0	0	0	1	0
C	Marios	19	150	4	1	5_____	58727	6	0	0	0	0	1	0	0	0	0	0
C	Marios	19	150	4	1	5_____	58735	6	0	0	0	0	0	0	0	0	1	0
C	Marios	19	150	4	1	5_____	58745	6	0	0	0	0	1	0	0	0	0	0
C	Marios	19	150	4	1	5_____	58750	6	10	0	0	0	0	0	0	0	0	0
C	Marios	19	150	4	1	5_____	59060	10	0	0	0	0	0	0	0	0	1	0
C	Marios	19	150	4	1	5_____	59068	10	0	0	0	0	1	0	0	0	0	0
C	Marios	19	150	4	1	5_____	59071	10	0	0	0	0	0	0	0	0	1	0
C	Marios	19	150	4	1	5_____	59074	10	0	0	0	0	1	0	0	0	0	0
C	Marios	19	150	4	1	5_____	59098	10	0	0	0	0	0	0	0	0	1	0
C	Marios	19	150	4	1	5_____	59105	10	0	0	0	0	1	0	0	0	0	0
C	Marios	19	150	4	1	5_____	59241	10	0	0	0	0	0	0	0	0	1	0
C	Marios	19	150	4	1	5_____	59250	10	1	0	0	0	0	0	0	0	0	0
C	Marios	19	150	4	1	5_____	59299	1	0	0	0	0	1	0	0	0	0	0
C	Marios	19	150	4	1	5_____	59324	1	0	0	0	0	0	0	0	0	1	0
C	Marios	19	150	4	1	5_____	59329	1	0	0	0	0	1	0	0	0	0	0
C	Marios	19	150	4	1	5_____	59642	1	0	0	0	0	0	0	0	0	1	0
C	Marios	19	150	4	1	5_____	61500	1	2	0	0	0	0	0	0	0	0	0
C	Marios	19	150	4	1	5_____	62000	2	16	0	0	0	0	0	0	0	0	0
C	Marios	19	150	4	1	5_____	62500	16	15	0	0	0	0	0	0	0	0	0
C	Marios	19	150	4	1	5_____	62940	15	0	0	0	0	1	0	0	0	0	0
C	Marios	19	150	4	1	5_____	62945	15	0	0	0	0	0	0	0	0	1	0
C	Marios	19	150	4	1	5_____	62963	15	0	0	0	0	1	0	0	0	0	0
C	Marios	19	150	4	1	5_____	62997	15	0	0	0	0	0	0	0	0	1	0
C	Marios	19	150	4	1	5_____	63000	15	1	0	0	0	0	0	0	0	0	0
C	Marios	19	150	4	1	5_____	64374	1	0	0	0	0	1	0	0	0	0	0
C	Marios	19	150	4	1	5_____	64494	1	0	0	0	0	0	0	0	0	1	0
C	Marios	19	150	4	1	5_____	64631	1	0	0	0	0	1	0	0	0	0	0
C	Marios	19	150	4	1	5_____	64735	1	0	0	0	0	0	0	0	0	1	0
C	Marios	19	150	4	1	5_____	64740	1	0	0	0	0	1	0	0	0	0	0
C	Marios	19	150	4	1	5_____	64746	1	0	0	0	0	0	0	0	0	1	0
C	Marios	19	150	4	1	5_____	65131	1	0	0	0	0	1	0	0	0	0	0
C	Marios	19	150	4	1	5_____	65157	1	0	0	0	0	0	0	0	0	1	0
C	Marios	19	150	4	1	5_____	65165	1	0	0	0	0	1	0	0	0	0	0
C	Marios	19	150	4	1	5_____	65350	1	0	0	0	0	0	0	0	0	1	0
C	Marios	19	150	4	1	5_____	65402	1	0	0	0	0	1	0	0	0	0	0
C	Marios	19	150	4	1	5_____	65444	1	0	0	0	0	0	0	0	0	1	0
C	Marios	19	150	4	1	5_____	65445	1	0	0	0	0	1	0	0	0	0	0
C	Marios	19	150	4	1	5_____	65448	1	0	0	0	0	0	0	0	0	1	0
C	Marios	19	150	4	1	5_____	65540	1	0	0	0	0	1	0	0	0	0	0
C	Marios	19	150	4	1	5_____	65611	1	0	0	0	0	0	0	0	0	1	0
C	Marios	19	150	4	1	5_____	65616	1	0	0	0	0	1	0	0	0	0	0
C	Marios	19	150	4	1	5_____	65630	1	0	0	0	0	0	0	0	0	1	0
C	Marios	19	150	4	1	5_____	65746	1	0	0	0	0	1	0	0	0	0	0
C	Marios	19	150	4	1	5_____	65748	1	0	0	0	0	0	0	0	0	1	0
C	Marios	19	150	4	1	5_____	65761	1	0	0	0	0	1	0	0	0	0	0
C	Marios	19	150	4	1	5_____	65775	1	0	0	0	0	0	0	0	0	1	0
C	Marios	19	150	4	1	5_____	65778	1	0	0	0	0	1	0	0	0	0	0
C	Marios	19	150	4	1	5_____	65781	1	0	0	0	0	0	0	0	0	1	0
C	Marios	19	150	4	1	5_____	65822	1	0	0	0	0	1	0	0	0	0	0
C	Marios	19	150	4	1	5_____	65931	1	0	0	0	0	0	0	0	0	1	0
C	Marios	19	150	4	1	5_____	68245	1	0	0	0	0	1	0	0	0	0	0
C	Marios	19	150	4	1	5_____	68311	1	0	0	0	0	0	0	0	0	1	0
C	Marios	19	150	4	1	5_____	70500	1	2	0	0	0	0	0	0	0	0	0
C	Marios	19	150	4	1	5_____	71000	2	17	0	0	0	0	0	0	0	0	0
C	Marios	19	150	4	1	5_____	71159	17	0	0	0	0	1	0	0	0	0	0
C	Marios	19	150	4	1	5_____	71345	17	0	0	0	0	0	0	0	0	1	0
C	Marios	19	150	4	1	5_____	71458	17	0	0	0	0	1	0	0	0	0	0
C	Marios	19	150	4	1	5_____	71500	17	15	0	0	0	0	0	0	0	0	0
C	Marios	19	150	4	1	5_____	71665	15	0	0	0	0	0	0	0	0	1	0
C	Marios	19	150	4	1	5_____	72000	15	1	0	0	0	0	0	0	0	0	0
C	Marios	19	150	4	1	5_____	73500	1	2	0	0	0	0	0	0	0	0	0
C	Marios	19	150	4	1	5_____	74000	2	17	0	0	0	0	0	0	0	0	0
C	Marios	19	150	4	1	5_____	74109	17	0	0	0	0	1	0	0	0	0	0
C	Marios	19	150	4	1	5_____	74191	17	0	0	0	0	0	0	0	0	1	0
C	Marios	19	150	4	1	5_____	74332	17	0	0	0	0	1	0	0	0	0	0
C	Marios	19	150	4	1	5_____	74403	17	0	0	0	0	0	0	0	0	1	0
C	Marios	19	150	4	1	5_____	74500	17	15	0	0	0	0	0	0	0	0	0
C	Marios	19	150	4	1	5_____	74844	15	0	0	0	0	1	0	0	0	0	0
C	Marios	19	150	4	1	5_____	74937	15	0	0	0	0	0	0	0	0	1	0
C	Marios	19	150	4	1	5_____	75000	15	1	0	0	0	0	0	0	0	0	0
C	Marios	19	150	4	1	5_____	77251	1	0	0	0	0	1	0	0	0	0	0
C	Marios	19	150	4	1	5_____	77271	1	0	0	0	0	0	0	0	0	1	0
C	Marios	19	150	4	1	5_____	78480	1	0	0	0	0	1	0	0	0	0	0
C	Marios	19	150	4	1	5_____	78590	1	0	0	0	0	0	0	0	0	1	0
C	Marios	19	150	4	1	5_____	79500	1	2	0	0	0	0	0	0	0	0	0
C	Marios	19	150	4	1	5_____	80000	2	7	0	0	0	0	0	0	0	0	0
C	Marios	19	150	4	1	5_____	80102	7	0	0	0	0	1	0	0	0	0	0
C	Marios	19	150	4	1	5_____	80500	7	11	0	0	0	0	0	0	0	0	0
C	Marios	19	150	4	1	5_____	80518	11	0	0	0	0	0	0	0	0	1	0
C	Marios	19	150	4	1	5_____	80519	11	0	0	0	0	1	0	0	0	0	0
C	Marios	19	150	4	1	5_____	80522	11	0	0	0	0	0	0	0	0	1	0
C	Marios	19	150	4	1	5_____	80524	11	0	0	0	0	1	0	0	0	0	0
C	Marios	19	150	4	1	5_____	80730	11	0	0	0	0	0	0	0	0	1	0
C	Marios	19	150	4	1	5_____	80768	11	0	0	0	0	1	0	0	0	0	0
C	Marios	19	150	4	1	5_____	80830	11	0	0	0	0	0	0	0	0	1	0
C	Marios	19	150	4	1	5_____	81000	11	1	0	0	0	0	0	0	0	0	0
C	Marios	19	150	4	1	5_____	81128	1	0	0	0	0	1	0	0	0	0	0
C	Marios	19	150	4	1	5_____	81177	1	0	0	0	0	0	0	0	0	1	0
C	Marios	19	150	4	1	5_____	85803	1	0	0	0	0	1	0	0	0	0	0
C	Marios	19	150	4	1	5_____	85808	1	0	0	0	0	0	0	0	0	1	0
C	Marios	19	150	4	1	5_____	86500	1	2	0	0	0	0	0	0	0	0	0
C	Marios	19	150	4	1	5_____	87000	2	6	0	0	0	0	0	0	0	0	0
C	Marios	19	150	4	1	5_____	87070	6	0	0	0	0	1	0	0	0	0	0
C	Marios	19	150	4	1	5_____	87141	6	0	0	0	0	0	0	0	0	1	0
C	Marios	19	150	4	1	5_____	87178	6	0	0	0	0	1	0	0	0	0	0
C	Marios	19	150	4	1	5_____	87246	6	0	0	0	0	0	0	0	0	1	0
C	Marios	19	150	4	1	5_____	87267	6	0	0	0	0	1	0	0	0	0	0
C	Marios	19	150	4	1	5_____	87304	6	0	0	0	0	0	0	0	0	1	0
C	Marios	19	150	4	1	5_____	87334	6	0	0	0	0	1	0	0	0	0	0
C	Marios	19	150	4	1	5_____	87363	6	0	0	0	0	0	0	0	0	1	0
C	Marios	19	150	4	1	5_____	87394	6	0	0	0	0	1	0	0	0	0	0
C	Marios	19	150	4	1	5_____	87396	6	0	0	0	0	0	0	0	0	1	0
C	Marios	19	150	4	1	5_____	87472	6	0	0	0	0	1	0	0	0	0	0
C	Marios	19	150	4	1	5_____	87486	6	0	0	0	0	0	0	0	0	1	0
C	Marios	19	150	4	1	5_____	87489	6	0	0	0	0	1	0	0	0	0	0
C	Marios	19	150	4	1	5_____	87500	6	10	0	0	0	0	0	0	0	0	0
C	Marios	19	150	4	1	5_____	88000	10	1	0	0	0	0	0	0	0	0	0
C	Marios	19	150	4	1	5_____	88124	1	0	0	0	0	0	0	0	0	1	0
C	Marios	19	150	4	1	5_____	88163	1	0	0	0	0	1	0	0	0	0	0
C	Marios	19	150	4	1	5_____	88316	1	0	0	0	0	0	0	0	0	1	0
C	Marios	19	150	4	1	5_____	88358	1	0	0	0	0	1	0	0	0	0	0
C	Marios	19	150	4	1	5_____	88397	1	0	0	0	0	0	0	0	0	1	0
C	Marios	19	150	4	1	5_____	88408	1	0	0	0	0	1	0	0	0	0	0
C	Marios	19	150	4	1	5_____	88422	1	0	0	0	0	1	0	0	0	1	0
C	Marios	19	150	4	1	5_____	88429	1	0	0	0	0	0	0	0	0	1	0
C	Marios	19	150	4	1	5_____	88459	1	0	0	0	0	1	0	0	0	0	0
C	Marios	19	150	4	1	5_____	88543	1	0	0	0	0	0	0	0	0	1	0
C	Marios	19	150	4	1	5_____	89672	1	0	0	0	0	1	0	0	0	0	0
C	Marios	19	150	4	1	5_____	89692	1	0	0	0	0	0	0	0	0	1	0
C	Marios	19	150	4	1	5_____	91000	1	2	0	0	0	0	0	0	0	0	0
C	Marios	19	150	4	1	5_____	91136	2	0	0	0	0	1	0	0	0	0	0
C	Marios	19	150	4	1	5_____	91220	2	0	0	0	0	0	0	0	0	1	0
C	Marios	19	150	4	1	5_____	91500	2	17	0	0	0	0	0	0	0	0	0
C	Marios	19	150	4	1	5_____	91509	17	0	0	0	0	1	0	0	0	0	0
C	Marios	19	150	4	1	5_____	91511	17	0	0	0	0	0	0	0	0	1	0
C	Marios	19	150	4	1	5_____	91542	17	0	0	0	0	1	0	0	0	0	0
C	Marios	19	150	4	1	5_____	91548	17	0	0	0	0	0	0	0	0	1	0
C	Marios	19	150	4	1	5_____	92000	17	15	0	0	0	0	0	0	0	0	0
C	Marios	19	150	4	1	5_____	92500	15	1	0	0	0	0	0	0	0	0	0
C	Marios	19	150	4	1	5_____	94155	1	0	0	0	0	1	0	0	0	0	0
C	Marios	19	150	4	1	5_____	94198	1	0	0	0	0	0	0	0	0	1	0
C	Marios	19	150	4	1	5_____	94734	1	0	0	0	0	1	0	0	0	0	0
C	Marios	19	150	4	1	5_____	95046	1	0	0	0	0	0	0	0	0	1	0
C	Marios	19	150	4	1	5_____	97202	1	0	0	0	0	1	0	0	0	0	0
C	Marios	19	150	4	1	5_____	97209	1	0	0	0	0	0	0	0	0	1	0
C	Marios	19	150	4	1	5_____	97750	1	2	0	0	0	0	0	0	0	0	0
C	Marios	19	150	4	1	5_____	98250	2	16	0	0	0	0	0	0	0	0	0
C	Marios	19	150	4	1	5_____	98361	16	0	0	0	0	1	0	0	0	0	0
C	Marios	19	150	4	1	5_____	98434	16	0	0	0	0	0	0	0	0	1	0
C	Marios	19	150	4	1	5_____	98750	16	15	0	0	0	0	0	0	0	0	0
C	Marios	19	150	4	1	5_____	99250	15	1	0	0	0	0	0	0	0	0	0
C	Marios	19	150	4	1	5_____	100107	1	0	0	0	0	1	0	0	0	0	0
C	Marios	19	150	4	1	5_____	100118	1	0	0	0	0	0	0	0	0	1	0
C	Marios	19	150	4	1	5_____	101062	1	0	0	0	0	1	0	0	0	0	0
C	Marios	19	150	4	1	5_____	101158	1	0	0	0	0	0	0	0	0	1	0
C	Marios	19	150	4	1	5_____	101182	1	0	0	0	0	1	0	0	0	0	0
C	Marios	19	150	4	1	5_____	101221	1	0	0	0	0	0	0	0	0	1	0
C	Marios	19	150	4	1	5_____	101223	1	0	0	0	0	1	0	0	0	0	0
C	Marios	19	150	4	1	5_____	101226	1	0	0	0	0	0	0	0	0	1	0
C	Marios	19	150	4	1	5_____	101227	1	0	0	0	0	1	0	0	0	0	0
C	Marios	19	150	4	1	5_____	101245	1	0	0	0	0	1	0	0	0	1	0
C	Marios	19	150	4	1	5_____	101252	1	0	0	0	0	0	0	0	0	1	0
C	Marios	19	150	4	1	5_____	101262	1	0	0	0	0	1	0	0	0	0	0
C	Marios	19	150	4	1	5_____	101266	1	0	0	0	0	0	0	0	0	1	0
C	Marios	19	150	4	1	5_____	101267	1	0	0	0	0	1	0	0	0	0	0
C	Marios	19	150	4	1	5_____	101291	1	0	0	0	0	1	0	0	0	1	0
C	Marios	19	150	4	1	5_____	101299	1	0	0	0	0	0	0	0	0	1	0
C	Marios	19	150	4	1	5_____	101301	1	0	0	0	0	1	0	0	0	0	0
C	Marios	19	150	4	1	5_____	101306	1	0	0	0	0	1	0	0	0	1	0
C	Marios	19	150	4	1	5_____	101313	1	0	0	0	0	0	0	0	0	1	0
C	Marios	19	150	4	1	5_____	101318	1	0	0	0	0	1	0	0	0	0	0
C	Marios	19	150	4	1	5_____	101368	1	0	0	0	0	0	0	0	0	1	0
C	Marios	19	150	4	1	5_____	101369	1	0	0	0	0	1	0	0	0	0	0
C	Marios	19	150	4	1	5_____	101373	1	0	0	0	0	0	0	0	0	1	0
C	Marios	19	150	4	1	5_____	101380	1	0	0	0	0	1	0	0	0	0	0
C	Marios	19	150	4	1	5_____	101382	1	0	0	0	0	0	0	0	0	1	0
C	Marios	19	150	4	1	5_____	101414	1	0	0	0	0	1	0	0	0	0	0
C	Marios	19	150	4	1	5_____	101415	1	0	0	0	0	0	0	0	0	1	0
C	Marios	19	150	4	1	5_____	101419	1	0	0	0	0	1	0	0	0	0	0
C	Marios	19	150	4	1	5_____	101733	1	0	0	0	0	0	0	0	0	1	0
C	Marios	19	150	4	1	5_____	101749	1	0	0	0	0	1	0	0	0	0	0
C	Marios	19	150	4	1	5_____	101871	1	0	0	0	0	0	0	0	0	1	0
C	Marios	19	150	4	1	5_____	101872	1	0	0	0	0	1	0	0	0	0	0
C	Marios	19	150	4	1	5_____	101883	1	0	0	0	0	0	0	0	0	1	0
C	Marios	19	150	4	1	5_____	101922	1	0	0	0	0	1	0	0	0	0	0
C	Marios	19	150	4	1	5_____	102050	1	0	0	0	0	0	0	0	0	1	0
C	Marios	19	150	4	1	5_____	102140	1	0	0	0	0	1	0	0	0	0	0
C	Marios	19	150	4	1	5_____	102142	1	0	0	0	0	0	0	0	0	1	0
C	Marios	19	150	4	1	5_____	102216	1	0	0	0	0	1	0	0	0	0	0
C	Marios	19	150	4	1	5_____	102237	1	0	0	0	0	0	0	0	0	1	0
C	Marios	19	150	4	1	5_____	102257	1	0	0	0	0	1	0	0	0	0	0
C	Marios	19	150	4	1	5_____	102288	1	0	0	0	0	0	0	0	0	1	0
C	Marios	19	150	4	1	5_____	102502	1	0	0	0	0	1	0	0	0	0	0
C	Marios	19	150	4	1	5_____	102558	1	0	0	0	0	0	0	0	0	1	0
C	Marios	19	150	4	1	5_____	102580	1	0	0	0	0	1	0	0	0	0	0
C	Marios	19	150	4	1	5_____	102664	1	0	0	0	0	0	0	0	0	1	0
C	Marios	19	150	4	1	5_____	103000	1	2	0	0	0	0	0	0	0	0	0
C	Marios	19	150	4	1	5_____	103500	2	16	0	0	0	0	0	0	0	0	0
C	Marios	19	150	4	1	5_____	103547	16	0	0	0	0	1	0	0	0	0	0
C	Marios	19	150	4	1	5_____	103566	16	0	0	0	0	0	0	0	0	1	0
C	Marios	19	150	4	1	5_____	103572	16	0	0	0	0	1	0	0	0	0	0
C	Marios	19	150	4	1	5_____	103583	16	0	0	0	0	0	0	0	0	1	0
C	Marios	19	150	4	1	5_____	103586	16	0	0	0	0	1	0	0	0	0	0
C	Marios	19	150	4	1	5_____	103726	16	0	0	0	0	0	0	0	0	1	0
C	Marios	19	150	4	1	5_____	103786	16	0	0	0	0	1	0	0	0	0	0
C	Marios	19	150	4	1	5_____	103889	16	0	0	0	0	0	0	0	0	1	0
C	Marios	19	150	4	1	5_____	103945	16	0	0	0	0	1	0	0	0	0	0
C	Marios	19	150	4	1	5_____	104000	16	15	0	0	0	0	0	0	0	0	0
C	Marios	19	150	4	1	5_____	104275	15	0	0	0	0	0	0	0	0	1	0
C	Marios	19	150	4	1	5_____	104301	15	0	0	0	0	1	0	0	0	0	0
C	Marios	19	150	4	1	5_____	104326	15	0	0	0	0	0	0	0	0	1	0
C	Marios	19	150	4	1	5_____	104500	15	1	0	0	0	0	0	0	0	0	0
C	Marios	19	150	4	1	5_____	105602	1	0	0	0	0	1	0	0	0	0	0
C	Marios	19	150	4	1	5_____	105669	1	0	0	0	0	0	0	0	0	1	0
C	Marios	19	150	4	1	5_____	105880	1	0	0	0	0	1	0	0	0	0	0
C	Marios	19	150	4	1	5_____	105895	1	0	0	0	0	0	0	0	0	1	0
C	Marios	19	150	4	1	5_____	106042	1	0	0	0	0	1	0	0	0	0	0
C	Marios	19	150	4	1	5_____	106186	1	0	0	0	0	0	0	0	0	1	0
C	Marios	19	150	4	1	5_____	106219	1	0	0	0	0	1	0	0	0	0	0
C	Marios	19	150	4	1	5_____	106429	1	0	0	0	0	0	0	0	0	1	0
C	Marios	19	150	4	1	5_____	106455	1	0	0	0	0	1	0	0	0	0	0
C	Marios	19	150	4	1	5_____	106461	1	0	0	0	0	1	0	0	0	1	0
C	Marios	19	150	4	1	5_____	106464	1	0	0	0	0	0	0	0	0	1	0
C	Marios	19	150	4	1	5_____	106522	1	0	0	0	0	1	0	0	0	0	0
C	Marios	19	150	4	1	5_____	106537	1	0	0	0	0	0	0	0	0	1	0
C	Marios	19	150	4	1	5_____	106585	1	0	0	0	0	1	0	0	0	0	0
C	Marios	19	150	4	1	5_____	106594	1	0	0	0	0	0	0	0	0	1	0
C	Marios	19	150	4	1	5_____	106598	1	0	0	0	0	1	0	0	0	0	0
C	Marios	19	150	4	1	5_____	106607	1	0	0	0	0	0	0	0	0	1	0
C	Marios	19	150	4	1	5_____	106624	1	0	0	0	0	1	0	0	0	0	0
C	Marios	19	150	4	1	5_____	106626	1	0	0	0	0	0	0	0	0	1	0
C	Marios	19	150	4	1	5_____	106664	1	0	0	0	0	1	0	0	0	0	0
C	Marios	19	150	4	1	5_____	106666	1	0	0	0	0	0	0	0	0	1	0
C	Marios	19	150	4	1	5_____	106683	1	0	0	0	0	1	0	0	0	0	0
C	Marios	19	150	4	1	5_____	106695	1	0	0	0	0	0	0	0	0	1	0
C	Marios	19	150	4	1	5_____	106781	1	0	0	0	0	1	0	0	0	0	0
C	Marios	19	150	4	1	5_____	106838	1	0	0	0	0	0	0	0	0	1	0
C	Marios	19	150	4	1	5_____	107001	1	0	0	0	0	1	0	0	0	0	0
C	Marios	19	150	4	1	5_____	107081	1	0	0	0	0	0	0	0	0	1	0
C	Marios	19	150	4	1	5_____	109928	1	0	0	0	0	1	0	0	0	0	0
C	Marios	19	150	4	1	5_____	109968	1	0	0	0	0	0	0	0	0	1	0
C	Marios	19	150	4	1	5_____	110500	1	2	0	0	0	0	0	0	0	0	0
C	Marios	19	150	4	1	5_____	110600	2	0	0	0	0	1	0	0	0	0	0
C	Marios	19	150	4	1	5_____	110732	2	0	0	0	0	0	0	0	0	1	0
C	Marios	19	150	4	1	5_____	111000	2	7	0	0	0	0	0	0	0	0	0
C	Marios	19	150	4	1	5_____	111122	7	0	0	0	0	1	0	0	0	0	0
C	Marios	19	150	4	1	5_____	111140	7	0	0	0	0	0	0	0	0	1	0
C	Marios	19	150	4	1	5_____	111212	7	0	0	0	0	1	0	0	0	0	0
C	Marios	19	150	4	1	5_____	111256	7	0	0	0	0	0	0	0	0	1	0
C	Marios	19	150	4	1	5_____	111279	7	0	0	0	0	1	0	0	0	0	0
C	Marios	19	150	4	1	5_____	111373	7	0	0	0	0	0	0	0	0	1	0
C	Marios	19	150	4	1	5_____	111432	7	0	0	0	0	1	0	0	0	0	0
C	Marios	19	150	4	1	5_____	111500	7	11	0	0	0	0	0	0	0	0	0
C	Marios	19	150	4	1	5_____	112000	11	1	0	0	0	0	0	0	0	0	0
C	Marios	19	150	4	1	5_____	112315	1	0	0	0	0	0	0	0	0	1	0
C	Marios	19	150	4	1	5_____	114732	1	0	0	0	0	1	0	0	0	0	0
C	Marios	19	150	4	1	5_____	114779	1	0	0	0	0	0	0	0	0	1	0
C	Marios	19	150	4	1	5_____	115500	1	2	0	0	0	0	0	0	0	0	0
C	Marios	19	150	4	1	5_____	115721	2	0	0	0	0	1	0	0	0	0	0
C	Marios	19	150	4	1	5_____	115737	2	0	0	0	0	0	0	0	0	1	0
C	Marios	19	150	4	1	5_____	115902	2	0	0	0	0	1	0	0	0	0	0
C	Marios	19	150	4	1	5_____	115997	2	0	0	0	0	0	0	0	0	1	0
C	Marios	19	150	4	1	5_____	115998	2	0	0	0	0	1	0	0	0	0	0
C	Marios	19	150	4	1	5_____	116000	2	16	0	0	0	0	0	0	0	0	0
C	Marios	19	150	4	1	5_____	116004	16	0	0	0	0	0	0	0	0	1	0
C	Marios	19	150	4	1	5_____	116088	16	0	0	0	0	1	0	0	0	0	0
C	Marios	19	150	4	1	5_____	116173	16	0	0	0	0	1	0	0	0	1	0
C	Marios	19	150	4	1	5_____	116175	16	0	0	0	0	0	0	0	0	1	0
C	Marios	19	150	4	1	5_____	116261	16	0	0	0	0	1	0	0	0	0	0
C	Marios	19	150	4	1	5_____	116313	16	0	0	0	0	0	0	0	0	1	0
C	Marios	19	150	4	1	5_____	116419	16	0	0	0	0	1	0	0	0	0	0
C	Marios	19	150	4	1	5_____	116500	16	15	0	0	0	0	0	0	0	0	0
C	Marios	19	150	4	1	5_____	116518	15	0	0	0	0	0	0	0	0	1	0
C	Marios	19	150	4	1	5_____	116644	15	0	0	0	0	1	0	0	0	0	0
C	Marios	19	150	4	1	5_____	116706	15	0	0	0	0	0	0	0	0	1	0
C	Marios	19	150	4	1	5_____	116723	15	0	0	0	0	1	0	0	0	0	0
C	Marios	19	150	4	1	5_____	116742	15	0	0	0	0	0	0	0	0	1	0
C	Marios	19	150	4	1	5_____	116794	15	0	0	0	0	1	0	0	0	0	0
C	Marios	19	150	4	1	5_____	116824	15	0	0	0	0	0	0	0	0	1	0
C	Marios	19	150	4	1	5_____	116880	15	0	0	0	0	1	0	0	0	0	0
C	Marios	19	150	4	1	5_____	116888	15	0	0	0	0	0	0	0	0	1	0
C	Marios	19	150	4	1	5_____	116927	15	0	0	0	0	1	0	0	0	0	0
C	Marios	19	150	4	1	5_____	117000	15	1	0	0	0	0	0	0	0	0	0
C	Marios	19	150	4	1	5_____	117042	1	0	0	0	0	0	0	0	0	1	0
C	Marios	19	150	4	1	5_____	118031	1	0	0	0	0	1	0	0	0	0	0
C	Marios	19	150	4	1	5_____	118118	1	0	0	0	0	0	0	0	0	1	0
C	Marios	19	150	4	1	5_____	122875	1	0	0	0	0	1	0	0	0	0	0
C	Marios	19	150	4	1	5_____	122877	1	0	0	0	0	0	0	0	0	1	0
C	Marios	19	150	4	1	5_____	123034	1	0	0	0	0	1	0	0	0	0	0
C	Marios	19	150	4	1	5_____	123334	1	0	0	0	0	0	0	0	0	1	0
C	Marios	19	150	4	1	5_____	124322	1	0	0	0	0	1	0	0	0	0	0
C	Marios	19	150	4	1	5_____	124394	1	0	0	0	0	0	0	0	0	1	0
C	Marios	19	150	4	1	5_____	124500	1	2	0	0	0	0	0	0	0	0	0
C	Marios	19	150	4	1	5_____	125000	2	16	0	0	0	0	0	0	0	0	0
C	Marios	19	150	4	1	5_____	125184	16	0	0	0	0	1	0	0	0	0	0
C	Marios	19	150	4	1	5_____	125344	16	0	0	0	0	0	0	0	0	1	0
C	Marios	19	150	4	1	5_____	125379	16	0	0	0	0	1	0	0	0	0	0
C	Marios	19	150	4	1	5_____	125393	16	0	0	0	0	0	0	0	0	1	0
C	Marios	19	150	4	1	5_____	125427	16	0	0	0	0	1	0	0	0	0	0
C	Marios	19	150	4	1	5_____	125484	16	0	0	0	0	0	0	0	0	1	0
C	Marios	19	150	4	1	5_____	125500	16	15	0	0	0	0	0	0	0	0	0
C	Marios	19	150	4	1	5_____	125529	15	0	0	0	0	1	0	0	0	0	0
C	Marios	19	150	4	1	5_____	125535	15	0	0	0	0	0	0	0	0	1	0
C	Marios	19	150	4	1	5_____	125597	15	0	0	0	0	1	0	0	0	0	0
C	Marios	19	150	4	1	5_____	125749	15	0	0	0	0	0	0	0	0	1	0
C	Marios	19	150	4	1	5_____	126000	15	1	0	0	0	0	0	0	0	0	0
C	Marios	19	150	4	1	5_____	127363	1	0	0	0	0	1	0	0	0	0	0
C	Marios	19	150	4	1	5_____	127371	1	0	0	0	0	0	0	0	0	1	0
C	Marios	19	150	4	1	5_____	127372	1	0	0	0	0	1	0	0	0	0	0
C	Marios	19	150	4	1	5_____	127530	1	0	0	0	0	0	0	0	0	1	0
C	Marios	19	150	4	1	5_____	128250	1	2	0	0	0	0	0	0	0	0	0
C	Marios	19	150	4	1	5_____	128750	2	17	0	0	0	0	0	0	0	0	0
C	Marios	19	150	4	1	5_____	129019	17	0	0	0	0	1	0	0	0	0	0
C	Marios	19	150	4	1	5_____	129250	17	15	0	0	0	0	0	0	0	0	0
C	Marios	19	150	4	1	5_____	129255	15	0	0	0	0	0	0	0	0	1	0
C	Marios	19	150	4	1	5_____	129273	15	0	0	0	0	1	0	0	0	0	0
C	Marios	19	150	4	1	5_____	129283	15	0	0	0	0	0	0	0	0	1	0
C	Marios	19	150	4	1	5_____	129293	15	0	0	0	0	1	0	0	0	0	0
C	Marios	19	150	4	1	5_____	129323	15	0	0	0	0	0	0	0	0	1	0
C	Marios	19	150	4	1	5_____	129361	15	0	0	0	0	1	0	0	0	0	0
C	Marios	19	150	4	1	5_____	129487	15	0	0	0	0	0	0	0	0	1	0
C	Marios	19	150	4	1	5_____	129750	15	1	0	0	0	0	0	0	0	0	0
C	Marios	19	150	4	1	5_____	129799	1	0	0	0	0	1	0	0	0	0	0
C	Marios	19	150	4	1	5_____	129894	1	0	0	0	0	0	0	0	0	1	0
C	Marios	19	150	4	1	5_____	129929	1	0	0	0	0	1	0	0	0	0	0
C	Marios	19	150	4	1	5_____	130034	1	0	0	0	0	0	0	0	0	1	0
C	Marios	19	150	4	1	5_____	130149	1	0	0	0	0	1	0	0	0	0	0
C	Marios	19	150	4	1	5_____	130161	1	0	0	0	0	0	0	0	0	1	0
C	Marios	19	150	4	1	5_____	132060	1	0	0	0	0	1	0	0	0	0	0
C	Marios	19	150	4	1	5_____	132090	1	0	0	0	0	0	0	0	0	1	0
C	Marios	19	150	4	1	5_____	134250	1	2	0	0	0	0	0	0	0	0	0
C	Marios	19	150	4	1	5_____	134750	2	17	0	0	0	0	0	0	0	0	0
C	Marios	19	150	4	1	5_____	134927	17	0	0	0	0	1	0	0	0	0	0
C	Marios	19	150	4	1	5_____	135166	17	0	0	0	0	0	0	0	0	1	0
C	Marios	19	150	4	1	5_____	135250	17	15	0	0	0	0	0	0	0	0	0
C	Marios	19	150	4	1	5_____	135317	15	0	0	0	0	1	0	0	0	0	0
C	Marios	19	150	4	1	5_____	135456	15	0	0	0	0	0	0	0	0	1	0
C	Marios	19	150	4	1	5_____	135750	15	1	0	0	0	0	0	0	0	0	0
C	Marios	19	150	4	1	5_____	137581	1	0	0	0	0	1	0	0	0	0	0
C	Marios	19	150	4	1	5_____	137849	1	0	0	0	0	0	0	0	0	1	0
C	Marios	19	150	4	1	5_____	142094	1	0	0	0	0	1	0	0	0	0	0
C	Marios	19	150	4	1	5_____	142207	1	0	0	0	0	0	0	0	0	1	0
C	Marios	19	150	4	1	5_____	142406	1	0	0	0	0	1	0	0	0	0	0
C	Marios	19	150	4	1	5_____	142500	1	2	0	0	0	0	0	0	0	0	0
C	Marios	19	150	4	1	5_____	142534	2	0	0	0	0	0	0	0	0	1	0
C	Marios	19	150	4	1	5_____	143000	2	6	0	0	0	0	0	0	0	0	0
C	Marios	19	150	4	1	5_____	143050	6	0	0	0	0	1	0	0	0	0	0
C	Marios	19	150	4	1	5_____	143127	6	0	0	0	0	0	0	0	0	1	0
C	Marios	19	150	4	1	5_____	143177	6	0	0	0	0	1	0	0	0	0	0
C	Marios	19	150	4	1	5_____	143296	6	0	0	0	0	0	0	0	0	1	0
C	Marios	19	150	4	1	5_____	143455	6	0	0	0	0	1	0	0	0	0	0
C	Marios	19	150	4	1	5_____	143458	6	0	0	0	0	0	0	0	0	1	0
C	Marios	19	150	4	1	5_____	143492	6	0	0	0	0	1	0	0	0	0	0
C	Marios	19	150	4	1	5_____	143500	6	10	0	0	0	0	0	0	0	0	0
C	Marios	19	150	4	1	5_____	143864	10	0	0	0	0	0	0	0	0	1	0
C	Marios	19	150	4	1	5_____	144000	10	14	0	0	0	0	0	0	0	0	0
C	Marios	19	150	4	1	5_____	144773	14	0	0	0	0	1	0	0	0	0	0
C	Marios	19	150	4	1	5_____	144794	14	0	0	0	0	0	0	0	0	1	0
C	Marios	19	150	4	1	5_____	144795	14	0	0	0	0	1	0	0	0	0	0
C	Marios	19	150	4	1	5_____	144806	14	0	0	0	0	0	0	0	0	1	0
C	Marios	19	150	4	1	5_____	144822	14	0	0	0	0	1	0	0	0	0	0
C	Marios	19	150	4	1	5_____	144828	14	0	0	0	0	0	0	0	0	1	0
C	Marios	19	150	4	1	5_____	146822	14	0	0	0	0	1	0	0	0	0	0
C	Marios	19	150	4	1	5_____	146889	14	0	0	0	0	0	0	0	0	1	0
C	Marios	19	150	4	1	5_____	146941	14	0	0	0	0	1	0	0	0	0	0
C	Marios	19	150	4	1	5_____	146942	14	0	0	0	0	0	0	0	0	1	0
C	Marios	19	150	4	1	5_____	146949	14	0	0	0	0	1	0	0	0	0	0
C	Marios	19	150	4	1	5_____	147000	14	-1	0	0	0	0	0	0	0	0	0
C	Marios	19	150	7	1	30____	0	0	1	0	0	0	0	0	0	0	0	0
C	Marios	19	150	7	1	30____	1281	1	0	0	0	0	1	0	0	0	0	0
C	Marios	19	150	7	1	30____	1285	1	0	0	0	0	0	0	0	0	1	0
C	Marios	19	150	7	1	30____	1288	1	0	0	0	0	1	0	0	0	0	0
C	Marios	19	150	7	1	30____	1319	1	0	0	0	0	0	0	0	0	1	0
C	Marios	19	150	7	1	30____	2055	1	0	0	0	0	1	0	0	0	0	0
C	Marios	19	150	7	1	30____	2067	1	0	0	0	0	0	0	0	0	1	0
C	Marios	19	150	7	1	30____	3514	1	0	0	0	0	1	0	0	0	0	0
C	Marios	19	150	7	1	30____	3545	1	0	0	0	0	0	0	0	0	1	0
C	Marios	19	150	7	1	30____	3596	1	0	0	0	0	1	0	0	0	0	0
C	Marios	19	150	7	1	30____	3609	1	0	0	0	0	0	0	0	0	1	0
C	Marios	19	150	7	1	30____	3618	1	0	0	0	0	1	0	0	0	0	0
C	Marios	19	150	7	1	30____	3641	1	0	0	0	0	0	0	0	0	1	0
C	Marios	19	150	7	1	30____	4500	1	2	0	0	0	0	0	0	0	0	0
C	Marios	19	150	7	1	30____	4733	2	0	0	0	0	1	0	0	0	0	0
C	Marios	19	150	7	1	30____	4735	2	0	0	0	0	0	0	0	0	1	0
C	Marios	19	150	7	1	30____	5000	2	7	0	0	0	0	0	0	0	0	0
C	Marios	19	150	7	1	30____	5058	7	0	0	0	0	1	0	0	0	0	0
C	Marios	19	150	7	1	30____	5081	7	0	0	0	0	0	0	0	0	1	0
C	Marios	19	150	7	1	30____	5086	7	0	0	0	0	1	0	0	0	0	0
C	Marios	19	150	7	1	30____	5097	7	0	0	0	0	0	0	0	0	1	0
C	Marios	19	150	7	1	30____	5113	7	0	0	0	0	1	0	0	0	0	0
C	Marios	19	150	7	1	30____	5122	7	0	0	0	0	0	0	0	0	1	0
C	Marios	19	150	7	1	30____	5131	7	0	0	0	0	1	0	0	0	0	0
C	Marios	19	150	7	1	30____	5355	7	0	0	0	0	0	0	0	0	1	0
C	Marios	19	150	7	1	30____	5393	7	0	0	0	0	1	0	0	0	0	0
C	Marios	19	150	7	1	30____	5500	7	11	0	0	0	0	0	0	0	0	0
C	Marios	19	150	7	1	30____	5599	11	0	0	0	0	0	0	0	0	1	0
C	Marios	19	150	7	1	30____	5778	11	0	0	0	0	1	0	0	0	0	0
C	Marios	19	150	7	1	30____	5787	11	0	0	0	0	0	0	0	0	1	0
C	Marios	19	150	7	1	30____	6000	11	1	0	0	0	0	0	0	0	0	0
C	Marios	19	150	7	1	30____	6399	1	0	0	0	0	1	0	0	0	0	0
C	Marios	19	150	7	1	30____	6404	1	0	0	0	0	0	0	0	0	1	0
C	Marios	19	150	7	1	30____	6409	1	0	0	0	0	1	0	0	0	0	0
C	Marios	19	150	7	1	30____	6420	1	0	0	0	0	0	0	0	0	1	0
C	Marios	19	150	7	1	30____	6546	1	0	0	0	0	1	0	0	0	0	0
C	Marios	19	150	7	1	30____	6574	1	0	0	0	0	0	0	0	0	1	0
C	Marios	19	150	7	1	30____	7306	1	0	0	0	0	1	0	0	0	0	0
C	Marios	19	150	7	1	30____	7318	1	0	0	0	0	0	0	0	0	1	0
C	Marios	19	150	7	1	30____	8610	1	0	0	0	0	1	0	0	0	0	0
C	Marios	19	150	7	1	30____	8627	1	0	0	0	0	0	0	0	0	1	0
C	Marios	19	150	7	1	30____	8645	1	0	0	0	0	1	0	0	0	0	0
C	Marios	19	150	7	1	30____	8659	1	0	0	0	0	0	0	0	0	1	0
C	Marios	19	150	7	1	30____	8693	1	0	0	0	0	1	0	0	0	0	0
C	Marios	19	150	7	1	30____	8695	1	0	0	0	0	0	0	0	0	1	0
C	Marios	19	150	7	1	30____	8697	1	0	0	0	0	1	0	0	0	0	0
C	Marios	19	150	7	1	30____	8720	1	0	0	0	0	0	0	0	0	1	0
C	Marios	19	150	7	1	30____	8802	1	0	0	0	0	1	0	0	0	0	0
C	Marios	19	150	7	1	30____	8839	1	0	0	0	0	0	0	0	0	1	0
C	Marios	19	150	7	1	30____	8887	1	0	0	0	0	1	0	0	0	0	0
C	Marios	19	150	7	1	30____	8898	1	0	0	0	0	0	0	0	0	1	0
C	Marios	19	150	7	1	30____	8926	1	0	0	0	0	1	0	0	0	0	0
C	Marios	19	150	7	1	30____	8944	1	0	0	0	0	0	0	0	0	1	0
C	Marios	19	150	7	1	30____	9938	1	0	0	0	0	1	0	0	0	0	0
C	Marios	19	150	7	1	30____	9946	1	0	0	0	0	0	0	0	0	1	0
C	Marios	19	150	7	1	30____	10498	1	0	0	0	0	1	0	0	0	0	0
C	Marios	19	150	7	1	30____	10504	1	0	0	0	0	0	0	0	0	1	0
C	Marios	19	150	7	1	30____	10626	1	0	0	0	0	1	0	0	0	0	0
C	Marios	19	150	7	1	30____	10641	1	0	0	0	0	0	0	0	0	1	0
C	Marios	19	150	7	1	30____	11089	1	0	0	0	0	1	0	0	0	0	0
C	Marios	19	150	7	1	30____	11149	1	0	0	0	0	0	0	0	0	1	0
C	Marios	19	150	7	1	30____	11193	1	0	0	0	0	1	0	0	0	0	0
C	Marios	19	150	7	1	30____	11219	1	0	0	0	0	0	0	0	0	1	0
C	Marios	19	150	7	1	30____	11716	1	0	0	0	0	1	0	0	0	0	0
C	Marios	19	150	7	1	30____	11718	1	0	0	0	0	0	0	0	0	1	0
C	Marios	19	150	7	1	30____	11826	1	0	0	0	0	1	0	0	0	0	0
C	Marios	19	150	7	1	30____	11831	1	0	0	0	0	0	0	0	0	1	0
C	Marios	19	150	7	1	30____	12000	1	2	0	0	0	0	0	0	0	0	0
C	Marios	19	150	7	1	30____	12213	2	0	0	0	0	1	0	0	0	0	0
C	Marios	19	150	7	1	30____	12232	2	0	0	0	0	0	0	0	0	1	0
C	Marios	19	150	7	1	30____	12500	2	6	0	0	0	0	0	0	0	0	0
C	Marios	19	150	7	1	30____	12583	6	0	0	0	0	1	0	0	0	0	0
C	Marios	19	150	7	1	30____	12600	6	0	0	0	0	0	0	0	0	1	0
C	Marios	19	150	7	1	30____	12627	6	0	0	0	0	1	0	0	0	0	0
C	Marios	19	150	7	1	30____	12669	6	0	0	0	0	0	0	0	0	1	0
C	Marios	19	150	7	1	30____	12682	6	0	0	0	0	1	0	0	0	0	0
C	Marios	19	150	7	1	30____	12702	6	0	0	0	0	0	0	0	0	1	0
C	Marios	19	150	7	1	30____	12707	6	0	0	0	0	1	0	0	0	0	0
C	Marios	19	150	7	1	30____	12719	6	0	0	0	0	0	0	0	0	1	0
C	Marios	19	150	7	1	30____	12720	6	0	0	0	0	1	0	0	0	0	0
C	Marios	19	150	7	1	30____	13000	6	10	0	0	0	0	0	0	0	0	0
C	Marios	19	150	7	1	30____	13015	10	0	0	0	0	0	0	0	0	1	0
C	Marios	19	150	7	1	30____	13021	10	0	0	0	0	1	0	0	0	0	0
C	Marios	19	150	7	1	30____	13220	10	0	0	0	0	0	0	0	0	1	0
C	Marios	19	150	7	1	30____	13223	10	0	0	0	0	1	0	0	0	0	0
C	Marios	19	150	7	1	30____	13256	10	0	0	0	0	0	0	0	0	1	0
C	Marios	19	150	7	1	30____	13500	10	1	0	0	0	0	0	0	0	0	0
C	Marios	19	150	7	1	30____	14508	1	0	0	0	0	1	0	0	0	0	0
C	Marios	19	150	7	1	30____	14536	1	0	0	0	0	0	0	0	0	1	0
C	Marios	19	150	7	1	30____	15406	1	0	0	0	0	1	0	0	0	0	0
C	Marios	19	150	7	1	30____	15412	1	0	0	0	0	0	0	0	0	1	0
C	Marios	19	150	7	1	30____	15414	1	0	0	0	0	1	0	0	0	0	0
C	Marios	19	150	7	1	30____	15450	1	0	0	0	0	0	0	0	0	1	0
C	Marios	19	150	7	1	30____	15453	1	0	0	0	0	1	0	0	0	0	0
C	Marios	19	150	7	1	30____	15463	1	0	0	0	0	0	0	0	0	1	0
C	Marios	19	150	7	1	30____	15487	1	0	0	0	0	1	0	0	0	0	0
C	Marios	19	150	7	1	30____	15518	1	0	0	0	0	0	0	0	0	1	0
C	Marios	19	150	7	1	30____	16530	1	0	0	0	0	1	0	0	0	0	0
C	Marios	19	150	7	1	30____	16542	1	0	0	0	0	0	0	0	0	1	0
C	Marios	19	150	7	1	30____	16586	1	0	0	0	0	1	0	0	0	0	0
C	Marios	19	150	7	1	30____	16587	1	0	0	0	0	0	0	0	0	1	0
C	Marios	19	150	7	1	30____	17250	1	2	0	0	0	0	0	0	0	0	0
C	Marios	19	150	7	1	30____	17750	2	16	0	0	0	0	0	0	0	0	0
C	Marios	19	150	7	1	30____	18250	16	15	0	0	0	0	0	0	0	0	0
C	Marios	19	150	7	1	30____	18750	15	1	0	0	0	0	0	0	0	0	0
C	Marios	19	150	7	1	30____	18845	1	0	0	0	0	1	0	0	0	0	0
C	Marios	19	150	7	1	30____	18851	1	0	0	0	0	0	0	0	0	1	0
C	Marios	19	150	7	1	30____	19431	1	0	0	0	0	1	0	0	0	0	0
C	Marios	19	150	7	1	30____	19440	1	0	0	0	0	0	0	0	0	1	0
C	Marios	19	150	7	1	30____	19490	1	0	0	0	0	1	0	0	0	0	0
C	Marios	19	150	7	1	30____	19508	1	0	0	0	0	0	0	0	0	1	0
C	Marios	19	150	7	1	30____	19556	1	0	0	0	0	1	0	0	0	0	0
C	Marios	19	150	7	1	30____	19564	1	0	0	0	0	0	0	0	0	1	0
C	Marios	19	150	7	1	30____	19780	1	0	0	0	0	1	0	0	0	0	0
C	Marios	19	150	7	1	30____	19784	1	0	0	0	0	0	0	0	0	1	0
C	Marios	19	150	7	1	30____	19794	1	0	0	0	0	1	0	0	0	0	0
C	Marios	19	150	7	1	30____	19813	1	0	0	0	0	0	0	0	0	1	0
C	Marios	19	150	7	1	30____	20402	1	0	0	0	0	1	0	0	0	0	0
C	Marios	19	150	7	1	30____	20405	1	0	0	0	0	0	0	0	0	1	0
C	Marios	19	150	7	1	30____	20408	1	0	0	0	0	1	0	0	0	0	0
C	Marios	19	150	7	1	30____	20410	1	0	0	0	0	0	0	0	0	1	0
C	Marios	19	150	7	1	30____	21810	1	0	0	0	0	1	0	0	0	0	0
C	Marios	19	150	7	1	30____	21837	1	0	0	0	0	0	0	0	0	1	0
C	Marios	19	150	7	1	30____	22166	1	0	0	0	0	1	0	0	0	0	0
C	Marios	19	150	7	1	30____	22174	1	0	0	0	0	0	0	0	0	1	0
C	Marios	19	150	7	1	30____	22250	1	2	0	0	0	0	0	0	0	0	0
C	Marios	19	150	7	1	30____	22750	2	17	0	0	0	0	0	0	0	0	0
C	Marios	19	150	7	1	30____	22810	17	0	0	0	0	1	0	0	0	0	0
C	Marios	19	150	7	1	30____	22815	17	0	0	0	0	0	0	0	0	1	0
C	Marios	19	150	7	1	30____	23250	17	15	0	0	0	0	0	0	0	0	0
C	Marios	19	150	7	1	30____	23750	15	1	0	0	0	0	0	0	0	0	0
C	Marios	19	150	7	1	30____	24300	1	0	0	0	0	1	0	0	0	0	0
C	Marios	19	150	7	1	30____	24317	1	0	0	0	0	0	0	0	0	1	0
C	Marios	19	150	7	1	30____	24331	1	0	0	0	0	1	0	0	0	0	0
C	Marios	19	150	7	1	30____	24333	1	0	0	0	0	0	0	0	0	1	0
C	Marios	19	150	7	1	30____	24334	1	0	0	0	0	1	0	0	0	0	0
C	Marios	19	150	7	1	30____	24335	1	0	0	0	0	0	0	0	0	1	0
C	Marios	19	150	7	1	30____	24930	1	0	0	0	0	1	0	0	0	0	0
C	Marios	19	150	7	1	30____	24947	1	0	0	0	0	0	0	0	0	1	0
C	Marios	19	150	7	1	30____	25054	1	0	0	0	0	1	0	0	0	0	0
C	Marios	19	150	7	1	30____	25056	1	0	0	0	0	0	0	0	0	1	0
C	Marios	19	150	7	1	30____	25174	1	0	0	0	0	1	0	0	0	0	0
C	Marios	19	150	7	1	30____	25200	1	0	0	0	0	0	0	0	0	1	0
C	Marios	19	150	7	1	30____	25310	1	0	0	0	0	1	0	0	0	0	0
C	Marios	19	150	7	1	30____	25395	1	0	0	0	0	0	0	0	0	1	0
C	Marios	19	150	7	1	30____	25646	1	0	0	0	0	1	0	0	0	0	0
C	Marios	19	150	7	1	30____	25655	1	0	0	0	0	0	0	0	0	1	0
C	Marios	19	150	7	1	30____	26715	1	0	0	0	0	1	0	0	0	0	0
C	Marios	19	150	7	1	30____	26728	1	0	0	0	0	0	0	0	0	1	0
C	Marios	19	150	7	1	30____	26750	1	2	0	0	0	0	0	0	0	0	0
C	Marios	19	150	7	1	30____	26783	2	0	0	0	0	1	0	0	0	0	0
C	Marios	19	150	7	1	30____	26804	2	0	0	0	0	0	0	0	0	1	0
C	Marios	19	150	7	1	30____	27087	2	0	0	0	0	1	0	0	0	0	0
C	Marios	19	150	7	1	30____	27131	2	0	0	0	0	0	0	0	0	1	0
C	Marios	19	150	7	1	30____	27250	2	16	0	0	0	0	0	0	0	0	0
C	Marios	19	150	7	1	30____	27750	16	15	0	0	0	0	0	0	0	0	0
C	Marios	19	150	7	1	30____	28250	15	1	0	0	0	0	0	0	0	0	0
C	Marios	19	150	7	1	30____	29121	1	0	0	0	0	1	0	0	0	0	0
C	Marios	19	150	7	1	30____	29136	1	0	0	0	0	0	0	0	0	1	0
C	Marios	19	150	7	1	30____	29705	1	0	0	0	0	1	0	0	0	0	0
C	Marios	19	150	7	1	30____	29727	1	0	0	0	0	0	0	0	0	1	0
C	Marios	19	150	7	1	30____	29852	1	0	0	0	0	1	0	0	0	0	0
C	Marios	19	150	7	1	30____	29891	1	0	0	0	0	0	0	0	0	1	0
C	Marios	19	150	7	1	30____	30446	1	0	0	0	0	1	0	0	0	0	0
C	Marios	19	150	7	1	30____	30457	1	0	0	0	0	1	0	0	0	1	0
C	Marios	19	150	7	1	30____	30476	1	0	0	0	0	0	0	0	0	1	0
C	Marios	19	150	7	1	30____	31261	1	0	0	0	0	1	0	0	0	0	0
C	Marios	19	150	7	1	30____	31319	1	0	0	0	0	0	0	0	0	1	0
C	Marios	19	150	7	1	30____	31382	1	0	0	0	0	1	0	0	0	0	0
C	Marios	19	150	7	1	30____	31384	1	0	0	0	0	0	0	0	0	1	0
C	Marios	19	150	7	1	30____	31391	1	0	0	0	0	1	0	0	0	0	0
C	Marios	19	150	7	1	30____	31401	1	0	0	0	0	0	0	0	0	1	0
C	Marios	19	150	7	1	30____	31572	1	0	0	0	0	1	0	0	0	0	0
C	Marios	19	150	7	1	30____	31619	1	0	0	0	0	0	0	0	0	1	0
C	Marios	19	150	7	1	30____	31650	1	0	0	0	0	1	0	0	0	0	0
C	Marios	19	150	7	1	30____	31654	1	0	0	0	0	0	0	0	0	1	0
C	Marios	19	150	7	1	30____	31678	1	0	0	0	0	1	0	0	0	0	0
C	Marios	19	150	7	1	30____	31713	1	0	0	0	0	0	0	0	0	1	0
C	Marios	19	150	7	1	30____	31720	1	0	0	0	0	1	0	0	0	0	0
C	Marios	19	150	7	1	30____	31723	1	0	0	0	0	0	0	0	0	1	0
C	Marios	19	150	7	1	30____	31735	1	0	0	0	0	1	0	0	0	0	0
C	Marios	19	150	7	1	30____	31740	1	0	0	0	0	0	0	0	0	1	0
C	Marios	19	150	7	1	30____	31755	1	0	0	0	0	1	0	0	0	0	0
C	Marios	19	150	7	1	30____	31835	1	0	0	0	0	0	0	0	0	1	0
C	Marios	19	150	7	1	30____	32304	1	0	0	0	0	1	0	0	0	0	0
C	Marios	19	150	7	1	30____	32306	1	0	0	0	0	0	0	0	0	1	0
C	Marios	19	150	7	1	30____	32308	1	0	0	0	0	1	0	0	0	0	0
C	Marios	19	150	7	1	30____	32318	1	0	0	0	0	0	0	0	0	1	0
C	Marios	19	150	7	1	30____	32322	1	0	0	0	0	1	0	0	0	0	0
C	Marios	19	150	7	1	30____	32434	1	0	0	0	0	0	0	0	0	1	0
C	Marios	19	150	7	1	30____	32788	1	0	0	0	0	1	0	0	0	0	0
C	Marios	19	150	7	1	30____	32806	1	0	0	0	0	0	0	0	0	1	0
C	Marios	19	150	7	1	30____	32807	1	0	0	0	0	1	0	0	0	0	0
C	Marios	19	150	7	1	30____	32831	1	0	0	0	0	0	0	0	0	1	0
C	Marios	19	150	7	1	30____	33500	1	2	0	0	0	0	0	0	0	0	0
C	Marios	19	150	7	1	30____	34000	2	17	0	0	0	0	0	0	0	0	0
C	Marios	19	150	7	1	30____	34500	17	15	0	0	0	0	0	0	0	0	0
C	Marios	19	150	7	1	30____	34990	15	0	0	0	0	1	0	0	0	0	0
C	Marios	19	150	7	1	30____	35000	15	1	0	0	0	0	0	0	0	0	0
C	Marios	19	150	7	1	30____	35168	1	0	0	0	0	0	0	0	0	1	0
C	Marios	19	150	7	1	30____	35411	1	0	0	0	0	1	0	0	0	0	0
C	Marios	19	150	7	1	30____	35441	1	0	0	0	0	0	0	0	0	1	0
C	Marios	19	150	7	1	30____	35480	1	0	0	0	0	1	0	0	0	0	0
C	Marios	19	150	7	1	30____	35482	1	0	0	0	0	0	0	0	0	1	0
C	Marios	19	150	7	1	30____	35807	1	0	0	0	0	1	0	0	0	0	0
C	Marios	19	150	7	1	30____	35816	1	0	0	0	0	0	0	0	0	1	0
C	Marios	19	150	7	1	30____	37828	1	0	0	0	0	1	0	0	0	0	0
C	Marios	19	150	7	1	30____	37840	1	0	0	0	0	0	0	0	0	1	0
C	Marios	19	150	7	1	30____	38202	1	0	0	0	0	1	0	0	0	0	0
C	Marios	19	150	7	1	30____	38297	1	0	0	0	0	0	0	0	0	1	0
C	Marios	19	150	7	1	30____	38300	1	0	0	0	0	1	0	0	0	0	0
C	Marios	19	150	7	1	30____	38319	1	0	0	0	0	0	0	0	0	1	0
C	Marios	19	150	7	1	30____	38325	1	0	0	0	0	1	0	0	0	0	0
C	Marios	19	150	7	1	30____	38337	1	0	0	0	0	0	0	0	0	1	0
C	Marios	19	150	7	1	30____	42500	1	2	0	0	0	0	0	0	0	0	0
C	Marios	19	150	7	1	30____	43000	2	7	0	0	0	0	0	0	0	0	0
C	Marios	19	150	7	1	30____	43280	7	0	0	0	0	1	0	0	0	0	0
C	Marios	19	150	7	1	30____	43334	7	0	0	0	0	0	0	0	0	1	0
C	Marios	19	150	7	1	30____	43364	7	0	0	0	0	1	0	0	0	0	0
C	Marios	19	150	7	1	30____	43463	7	0	0	0	0	0	0	0	0	1	0
C	Marios	19	150	7	1	30____	43500	7	11	0	0	0	0	0	0	0	0	0
C	Marios	19	150	7	1	30____	43503	11	0	0	0	0	1	0	0	0	0	0
C	Marios	19	150	7	1	30____	43505	11	0	0	0	0	0	0	0	0	1	0
C	Marios	19	150	7	1	30____	43506	11	0	0	0	0	1	0	0	0	0	0
C	Marios	19	150	7	1	30____	43507	11	0	0	0	0	0	0	0	0	1	0
C	Marios	19	150	7	1	30____	43517	11	0	0	0	0	1	0	0	0	0	0
C	Marios	19	150	7	1	30____	43526	11	0	0	0	0	0	0	0	0	1	0
C	Marios	19	150	7	1	30____	43534	11	0	0	0	0	1	0	0	0	0	0
C	Marios	19	150	7	1	30____	43802	11	0	0	0	0	0	0	0	0	1	0
C	Marios	19	150	7	1	30____	43866	11	0	0	0	0	1	0	0	0	0	0
C	Marios	19	150	7	1	30____	43902	11	0	0	0	0	0	0	0	0	1	0
C	Marios	19	150	7	1	30____	43904	11	0	0	0	0	1	0	0	0	0	0
C	Marios	19	150	7	1	30____	43908	11	0	0	0	0	0	0	0	0	1	0
C	Marios	19	150	7	1	30____	43916	11	0	0	0	0	1	0	0	0	0	0
C	Marios	19	150	7	1	30____	43918	11	0	0	0	0	0	0	0	0	1	0
C	Marios	19	150	7	1	30____	43933	11	0	0	0	0	1	0	0	0	0	0
C	Marios	19	150	7	1	30____	43935	11	0	0	0	0	0	0	0	0	1	0
C	Marios	19	150	7	1	30____	43938	11	0	0	0	0	1	0	0	0	0	0
C	Marios	19	150	7	1	30____	43942	11	0	0	0	0	0	0	0	0	1	0
C	Marios	19	150	7	1	30____	43963	11	0	0	0	0	1	0	0	0	0	0
C	Marios	19	150	7	1	30____	44000	11	1	0	0	0	0	0	0	0	0	0
C	Marios	19	150	7	1	30____	44009	1	0	0	0	0	0	0	0	0	1	0
C	Marios	19	150	7	1	30____	44014	1	0	0	0	0	1	0	0	0	0	0
C	Marios	19	150	7	1	30____	44015	1	0	0	0	0	0	0	0	0	1	0
C	Marios	19	150	7	1	30____	44017	1	0	0	0	0	1	0	0	0	0	0
C	Marios	19	150	7	1	30____	44064	1	0	0	0	0	0	0	0	0	1	0
C	Marios	19	150	7	1	30____	44077	1	0	0	0	0	1	0	0	0	0	0
C	Marios	19	150	7	1	30____	44087	1	0	0	0	0	0	0	0	0	1	0
C	Marios	19	150	7	1	30____	45759	1	0	0	0	0	1	0	0	0	0	0
C	Marios	19	150	7	1	30____	45883	1	0	0	0	0	0	0	0	0	1	0
C	Marios	19	150	7	1	30____	47582	1	0	0	0	0	1	0	0	0	0	0
C	Marios	19	150	7	1	30____	47587	1	0	0	0	0	0	0	0	0	1	0
C	Marios	19	150	7	1	30____	47602	1	0	0	0	0	1	0	0	0	0	0
C	Marios	19	150	7	1	30____	47606	1	0	0	0	0	0	0	0	0	1	0
C	Marios	19	150	7	1	30____	48481	1	0	0	0	0	1	0	0	0	0	0
C	Marios	19	150	7	1	30____	48500	1	2	0	0	0	0	0	0	0	0	0
C	Marios	19	150	7	1	30____	48551	2	0	0	0	0	0	0	0	0	1	0
C	Marios	19	150	7	1	30____	48556	2	0	0	0	0	1	0	0	0	0	0
C	Marios	19	150	7	1	30____	48597	2	0	0	0	0	0	0	0	0	1	0
C	Marios	19	150	7	1	30____	48600	2	0	0	0	0	1	0	0	0	0	0
C	Marios	19	150	7	1	30____	48664	2	0	0	0	0	0	0	0	0	1	0
C	Marios	19	150	7	1	30____	48983	2	0	0	0	0	1	0	0	0	0	0
C	Marios	19	150	7	1	30____	48999	2	0	0	0	0	0	0	0	0	1	0
C	Marios	19	150	7	1	30____	49000	2	6	0	0	0	0	0	0	0	0	0
C	Marios	19	150	7	1	30____	49002	6	0	0	0	0	1	0	0	0	0	0
C	Marios	19	150	7	1	30____	49004	6	0	0	0	0	0	0	0	0	1	0
C	Marios	19	150	7	1	30____	49091	6	0	0	0	0	1	0	0	0	0	0
C	Marios	19	150	7	1	30____	49125	6	0	0	0	0	0	0	0	0	1	0
C	Marios	19	150	7	1	30____	49131	6	0	0	0	0	1	0	0	0	0	0
C	Marios	19	150	7	1	30____	49338	6	0	0	0	0	0	0	0	0	1	0
C	Marios	19	150	7	1	30____	49339	6	0	0	0	0	1	0	0	0	0	0
C	Marios	19	150	7	1	30____	49500	6	10	0	0	0	0	0	0	0	0	0
C	Marios	19	150	7	1	30____	49788	10	0	0	0	0	0	0	0	0	1	0
C	Marios	19	150	7	1	30____	49793	10	0	0	0	0	1	0	0	0	0	0
C	Marios	19	150	7	1	30____	49849	10	0	0	0	0	0	0	0	0	1	0
C	Marios	19	150	7	1	30____	50000	10	1	0	0	0	0	0	0	0	0	0
C	Marios	19	150	7	1	30____	50948	1	0	0	0	0	1	0	0	0	0	0
C	Marios	19	150	7	1	30____	51112	1	0	0	0	0	0	0	0	0	1	0
C	Marios	19	150	7	1	30____	51372	1	0	0	0	0	1	0	0	0	0	0
C	Marios	19	150	7	1	30____	51435	1	0	0	0	0	0	0	0	0	1	0
C	Marios	19	150	7	1	30____	51500	1	2	0	0	0	0	0	0	0	0	0
C	Marios	19	150	7	1	30____	52000	2	16	0	0	0	0	0	0	0	0	0
C	Marios	19	150	7	1	30____	52500	16	15	0	0	0	0	0	0	0	0	0
C	Marios	19	150	7	1	30____	52899	15	0	0	0	0	1	0	0	0	0	0
C	Marios	19	150	7	1	30____	52973	15	0	0	0	0	0	0	0	0	1	0
C	Marios	19	150	7	1	30____	53000	15	1	0	0	0	0	0	0	0	0	0
C	Marios	19	150	7	1	30____	53349	1	0	0	0	0	1	0	0	0	0	0
C	Marios	19	150	7	1	30____	53376	1	0	0	0	0	0	0	0	0	1	0
C	Marios	19	150	7	1	30____	53628	1	0	0	0	0	1	0	0	0	0	0
C	Marios	19	150	7	1	30____	53640	1	0	0	0	0	0	0	0	0	1	0
C	Marios	19	150	7	1	30____	53644	1	0	0	0	0	1	0	0	0	0	0
C	Marios	19	150	7	1	30____	53646	1	0	0	0	0	0	0	0	0	1	0
C	Marios	19	150	7	1	30____	53686	1	0	0	0	0	1	0	0	0	0	0
C	Marios	19	150	7	1	30____	53704	1	0	0	0	0	0	0	0	0	1	0
C	Marios	19	150	7	1	30____	53958	1	0	0	0	0	1	0	0	0	0	0
C	Marios	19	150	7	1	30____	54016	1	0	0	0	0	0	0	0	0	1	0
C	Marios	19	150	7	1	30____	54424	1	0	0	0	0	1	0	0	0	0	0
C	Marios	19	150	7	1	30____	54532	1	0	0	0	0	0	0	0	0	1	0
C	Marios	19	150	7	1	30____	55250	1	2	0	0	0	0	0	0	0	0	0
C	Marios	19	150	7	1	30____	55380	2	0	0	0	0	1	0	0	0	0	0
C	Marios	19	150	7	1	30____	55435	2	0	0	0	0	0	0	0	0	1	0
C	Marios	19	150	7	1	30____	55750	2	17	0	0	0	0	0	0	0	0	0
C	Marios	19	150	7	1	30____	55928	17	0	0	0	0	1	0	0	0	0	0
C	Marios	19	150	7	1	30____	56016	17	0	0	0	0	0	0	0	0	1	0
C	Marios	19	150	7	1	30____	56051	17	0	0	0	0	1	0	0	0	0	0
C	Marios	19	150	7	1	30____	56121	17	0	0	0	0	0	0	0	0	1	0
C	Marios	19	150	7	1	30____	56153	17	0	0	0	0	1	0	0	0	0	0
C	Marios	19	150	7	1	30____	56250	17	15	0	0	0	0	0	0	0	0	0
C	Marios	19	150	7	1	30____	56313	15	0	0	0	0	0	0	0	0	1	0
C	Marios	19	150	7	1	30____	56318	15	0	0	0	0	1	0	0	0	0	0
C	Marios	19	150	7	1	30____	56320	15	0	0	0	0	0	0	0	0	1	0
C	Marios	19	150	7	1	30____	56358	15	0	0	0	0	1	0	0	0	0	0
C	Marios	19	150	7	1	30____	56365	15	0	0	0	0	0	0	0	0	1	0
C	Marios	19	150	7	1	30____	56367	15	0	0	0	0	1	0	0	0	0	0
C	Marios	19	150	7	1	30____	56560	15	0	0	0	0	0	0	0	0	1	0
C	Marios	19	150	7	1	30____	56564	15	0	0	0	0	1	0	0	0	0	0
C	Marios	19	150	7	1	30____	56571	15	0	0	0	0	0	0	0	0	1	0
C	Marios	19	150	7	1	30____	56750	15	1	0	0	0	0	0	0	0	0	0
C	Marios	19	150	7	1	30____	57783	1	0	0	0	0	1	0	0	0	0	0
C	Marios	19	150	7	1	30____	57905	1	0	0	0	0	0	0	0	0	1	0
C	Marios	19	150	7	1	30____	58153	1	0	0	0	0	1	0	0	0	0	0
C	Marios	19	150	7	1	30____	58306	1	0	0	0	0	0	0	0	0	1	0
C	Marios	19	150	7	1	30____	58439	1	0	0	0	0	1	0	0	0	0	0
C	Marios	19	150	7	1	30____	58508	1	0	0	0	0	0	0	0	0	1	0
C	Marios	19	150	7	1	30____	58870	1	0	0	0	0	1	0	0	0	0	0
C	Marios	19	150	7	1	30____	58947	1	0	0	0	0	0	0	0	0	1	0
C	Marios	19	150	7	1	30____	61722	1	0	0	0	0	1	0	0	0	0	0
C	Marios	19	150	7	1	30____	61753	1	0	0	0	0	0	0	0	0	1	0
C	Marios	19	150	7	1	30____	61972	1	0	0	0	0	1	0	0	0	0	0
C	Marios	19	150	7	1	30____	62056	1	0	0	0	0	0	0	0	0	1	0
C	Marios	19	150	7	1	30____	62138	1	0	0	0	0	1	0	0	0	0	0
C	Marios	19	150	7	1	30____	62151	1	0	0	0	0	0	0	0	0	1	0
C	Marios	19	150	7	1	30____	62155	1	0	0	0	0	1	0	0	0	0	0
C	Marios	19	150	7	1	30____	62167	1	0	0	0	0	0	0	0	0	1	0
C	Marios	19	150	7	1	30____	62472	1	0	0	0	0	1	0	0	0	0	0
C	Marios	19	150	7	1	30____	62491	1	0	0	0	0	0	0	0	0	1	0
C	Marios	19	150	7	1	30____	62516	1	0	0	0	0	1	0	0	0	0	0
C	Marios	19	150	7	1	30____	62520	1	0	0	0	0	0	0	0	0	1	0
C	Marios	19	150	7	1	30____	62522	1	0	0	0	0	1	0	0	0	0	0
C	Marios	19	150	7	1	30____	62546	1	0	0	0	0	0	0	0	0	1	0
C	Marios	19	150	7	1	30____	62548	1	0	0	0	0	1	0	0	0	0	0
C	Marios	19	150	7	1	30____	62593	1	0	0	0	0	0	0	0	0	1	0
C	Marios	19	150	7	1	30____	62600	1	0	0	0	0	1	0	0	0	0	0
C	Marios	19	150	7	1	30____	62604	1	0	0	0	0	0	0	0	0	1	0
C	Marios	19	150	7	1	30____	63178	1	0	0	0	0	1	0	0	0	0	0
C	Marios	19	150	7	1	30____	63180	1	0	0	0	0	0	0	0	0	1	0
C	Marios	19	150	7	1	30____	63183	1	0	0	0	0	1	0	0	0	0	0
C	Marios	19	150	7	1	30____	63229	1	0	0	0	0	0	0	0	0	1	0
C	Marios	19	150	7	1	30____	63500	1	2	0	0	0	0	0	0	0	0	0
C	Marios	19	150	7	1	30____	63984	2	0	0	0	0	1	0	0	0	0	0
C	Marios	19	150	7	1	30____	64000	2	16	0	0	0	0	0	0	0	0	0
C	Marios	19	150	7	1	30____	64004	16	0	0	0	0	0	0	0	0	1	0
C	Marios	19	150	7	1	30____	64500	16	15	0	0	0	0	0	0	0	0	0
C	Marios	19	150	7	1	30____	64525	15	0	0	0	0	1	0	0	0	0	0
C	Marios	19	150	7	1	30____	64528	15	0	0	0	0	0	0	0	0	1	0
C	Marios	19	150	7	1	30____	64531	15	0	0	0	0	1	0	0	0	0	0
C	Marios	19	150	7	1	30____	64536	15	0	0	0	0	0	0	0	0	1	0
C	Marios	19	150	7	1	30____	65000	15	1	0	0	0	0	0	0	0	0	0
C	Marios	19	150	7	1	30____	65271	1	0	0	0	0	1	0	0	0	0	0
C	Marios	19	150	7	1	30____	65283	1	0	0	0	0	0	0	0	0	1	0
C	Marios	19	150	7	1	30____	65588	1	0	0	0	0	1	0	0	0	0	0
C	Marios	19	150	7	1	30____	65594	1	0	0	0	0	0	0	0	0	1	0
C	Marios	19	150	7	1	30____	65596	1	0	0	0	0	1	0	0	0	0	0
C	Marios	19	150	7	1	30____	65598	1	0	0	0	0	0	0	0	0	1	0
C	Marios	19	150	7	1	30____	65759	1	0	0	0	0	1	0	0	0	0	0
C	Marios	19	150	7	1	30____	65765	1	0	0	0	0	0	0	0	0	1	0
C	Marios	19	150	7	1	30____	65939	1	0	0	0	0	1	0	0	0	0	0
C	Marios	19	150	7	1	30____	66003	1	0	0	0	0	0	0	0	0	1	0
C	Marios	19	150	7	1	30____	66167	1	0	0	0	0	1	0	0	0	0	0
C	Marios	19	150	7	1	30____	66174	1	0	0	0	0	0	0	0	0	1	0
C	Marios	19	150	7	1	30____	66211	1	0	0	0	0	1	0	0	0	0	0
C	Marios	19	150	7	1	30____	66219	1	0	0	0	0	0	0	0	0	1	0
C	Marios	19	150	7	1	30____	66232	1	0	0	0	0	1	0	0	0	0	0
C	Marios	19	150	7	1	30____	66272	1	0	0	0	0	0	0	0	0	1	0
C	Marios	19	150	7	1	30____	67062	1	0	0	0	0	1	0	0	0	0	0
C	Marios	19	150	7	1	30____	67070	1	0	0	0	0	0	0	0	0	1	0
C	Marios	19	150	7	1	30____	67225	1	0	0	0	0	1	0	0	0	0	0
C	Marios	19	150	7	1	30____	67230	1	0	0	0	0	0	0	0	0	1	0
C	Marios	19	150	7	1	30____	67357	1	0	0	0	0	1	0	0	0	0	0
C	Marios	19	150	7	1	30____	67375	1	0	0	0	0	0	0	0	0	1	0
C	Marios	19	150	7	1	30____	67408	1	0	0	0	0	1	0	0	0	0	0
C	Marios	19	150	7	1	30____	67461	1	0	0	0	0	0	0	0	0	1	0
C	Marios	19	150	7	1	30____	67468	1	0	0	0	0	1	0	0	0	0	0
C	Marios	19	150	7	1	30____	67476	1	0	0	0	0	0	0	0	0	1	0
C	Marios	19	150	7	1	30____	67485	1	0	0	0	0	1	0	0	0	0	0
C	Marios	19	150	7	1	30____	67491	1	0	0	0	0	0	0	0	0	1	0
C	Marios	19	150	7	1	30____	70500	1	2	0	0	0	0	0	0	0	0	0
C	Marios	19	150	7	1	30____	70978	2	0	0	0	0	1	0	0	0	0	0
C	Marios	19	150	7	1	30____	71000	2	17	0	0	0	0	0	0	0	0	0
C	Marios	19	150	7	1	30____	71004	17	0	0	0	0	0	0	0	0	1	0
C	Marios	19	150	7	1	30____	71064	17	0	0	0	0	1	0	0	0	0	0
C	Marios	19	150	7	1	30____	71111	17	0	0	0	0	0	0	0	0	1	0
C	Marios	19	150	7	1	30____	71114	17	0	0	0	0	1	0	0	0	0	0
C	Marios	19	150	7	1	30____	71118	17	0	0	0	0	0	0	0	0	1	0
C	Marios	19	150	7	1	30____	71131	17	0	0	0	0	1	0	0	0	0	0
C	Marios	19	150	7	1	30____	71140	17	0	0	0	0	0	0	0	0	1	0
C	Marios	19	150	7	1	30____	71143	17	0	0	0	0	1	0	0	0	0	0
C	Marios	19	150	7	1	30____	71145	17	0	0	0	0	0	0	0	0	1	0
C	Marios	19	150	7	1	30____	71147	17	0	0	0	0	1	0	0	0	0	0
C	Marios	19	150	7	1	30____	71267	17	0	0	0	0	0	0	0	0	1	0
C	Marios	19	150	7	1	30____	71278	17	0	0	0	0	1	0	0	0	0	0
C	Marios	19	150	7	1	30____	71500	17	15	0	0	0	0	0	0	0	0	0
C	Marios	19	150	7	1	30____	71698	15	0	0	0	0	0	0	0	0	1	0
C	Marios	19	150	7	1	30____	71857	15	0	0	0	0	1	0	0	0	0	0
C	Marios	19	150	7	1	30____	71866	15	0	0	0	0	0	0	0	0	1	0
C	Marios	19	150	7	1	30____	72000	15	1	0	0	0	0	0	0	0	0	0
C	Marios	19	150	7	1	30____	72908	1	0	0	0	0	1	0	0	0	0	0
C	Marios	19	150	7	1	30____	72917	1	0	0	0	0	0	0	0	0	1	0
C	Marios	19	150	7	1	30____	72923	1	0	0	0	0	1	0	0	0	0	0
C	Marios	19	150	7	1	30____	72963	1	0	0	0	0	0	0	0	0	1	0
C	Marios	19	150	7	1	30____	73385	1	0	0	0	0	1	0	0	0	0	0
C	Marios	19	150	7	1	30____	73389	1	0	0	0	0	0	0	0	0	1	0
C	Marios	19	150	7	1	30____	74620	1	0	0	0	0	1	0	0	0	0	0
C	Marios	19	150	7	1	30____	74625	1	0	0	0	0	0	0	0	0	1	0
C	Marios	19	150	7	1	30____	74626	1	0	0	0	0	1	0	0	0	0	0
C	Marios	19	150	7	1	30____	74691	1	0	0	0	0	0	0	0	0	1	0
C	Marios	19	150	7	1	30____	75669	1	0	0	0	0	1	0	0	0	0	0
C	Marios	19	150	7	1	30____	75684	1	0	0	0	0	0	0	0	0	1	0
C	Marios	19	150	7	1	30____	75747	1	0	0	0	0	1	0	0	0	0	0
C	Marios	19	150	7	1	30____	75752	1	0	0	0	0	0	0	0	0	1	0
C	Marios	19	150	7	1	30____	76682	1	0	0	0	0	1	0	0	0	0	0
C	Marios	19	150	7	1	30____	76796	1	0	0	0	0	0	0	0	0	1	0
C	Marios	19	150	7	1	30____	76928	1	0	0	0	0	1	0	0	0	0	0
C	Marios	19	150	7	1	30____	76939	1	0	0	0	0	0	0	0	0	1	0
C	Marios	19	150	7	1	30____	76950	1	0	0	0	0	1	0	0	0	0	0
C	Marios	19	150	7	1	30____	76973	1	0	0	0	0	0	0	0	0	1	0
C	Marios	19	150	7	1	30____	76976	1	0	0	0	0	1	0	0	0	0	0
C	Marios	19	150	7	1	30____	77017	1	0	0	0	0	0	0	0	0	1	0
C	Marios	19	150	7	1	30____	77256	1	0	0	0	0	1	0	0	0	0	0
C	Marios	19	150	7	1	30____	77278	1	0	0	0	0	0	0	0	0	1	0
C	Marios	19	150	7	1	30____	79059	1	0	0	0	0	1	0	0	0	0	0
C	Marios	19	150	7	1	30____	79064	1	0	0	0	0	0	0	0	0	1	0
C	Marios	19	150	7	1	30____	79124	1	0	0	0	0	1	0	0	0	0	0
C	Marios	19	150	7	1	30____	79128	1	0	0	0	0	0	0	0	0	1	0
C	Marios	19	150	7	1	30____	79158	1	0	0	0	0	1	0	0	0	0	0
C	Marios	19	150	7	1	30____	79195	1	0	0	0	0	0	0	0	0	1	0
C	Marios	19	150	7	1	30____	79303	1	0	0	0	0	1	0	0	0	0	0
C	Marios	19	150	7	1	30____	79311	1	0	0	0	0	0	0	0	0	1	0
C	Marios	19	150	7	1	30____	79318	1	0	0	0	0	1	0	0	0	0	0
C	Marios	19	150	7	1	30____	79412	1	0	0	0	0	0	0	0	0	1	0
C	Marios	19	150	7	1	30____	79417	1	0	0	0	0	1	0	0	0	0	0
C	Marios	19	150	7	1	30____	79423	1	0	0	0	0	0	0	0	0	1	0
C	Marios	19	150	7	1	30____	79474	1	0	0	0	0	1	0	0	0	0	0
C	Marios	19	150	7	1	30____	79476	1	0	0	0	0	0	0	0	0	1	0
C	Marios	19	150	7	1	30____	79481	1	0	0	0	0	1	0	0	0	0	0
C	Marios	19	150	7	1	30____	79486	1	0	0	0	0	0	0	0	0	1	0
C	Marios	19	150	7	1	30____	79500	1	2	0	0	0	0	0	0	0	0	0
C	Marios	19	150	7	1	30____	79739	2	0	0	0	0	1	0	0	0	0	0
C	Marios	19	150	7	1	30____	79816	2	0	0	0	0	0	0	0	0	1	0
C	Marios	19	150	7	1	30____	80000	2	6	0	0	0	0	0	0	0	0	0
C	Marios	19	150	7	1	30____	80098	6	0	0	0	0	1	0	0	0	0	0
C	Marios	19	150	7	1	30____	80135	6	0	0	0	0	0	0	0	0	1	0
C	Marios	19	150	7	1	30____	80143	6	0	0	0	0	1	0	0	0	0	0
C	Marios	19	150	7	1	30____	80174	6	0	0	0	0	0	0	0	0	1	0
C	Marios	19	150	7	1	30____	80183	6	0	0	0	0	1	0	0	0	0	0
C	Marios	19	150	7	1	30____	80196	6	0	0	0	0	0	0	0	0	1	0
C	Marios	19	150	7	1	30____	80207	6	0	0	0	0	1	0	0	0	0	0
C	Marios	19	150	7	1	30____	80227	6	0	0	0	0	0	0	0	0	1	0
C	Marios	19	150	7	1	30____	80228	6	0	0	0	0	1	0	0	0	0	0
C	Marios	19	150	7	1	30____	80247	6	0	0	0	0	0	0	0	0	1	0
C	Marios	19	150	7	1	30____	80253	6	0	0	0	0	1	0	0	0	0	0
C	Marios	19	150	7	1	30____	80260	6	0	0	0	0	0	0	0	0	1	0
C	Marios	19	150	7	1	30____	80263	6	0	0	0	0	1	0	0	0	0	0
C	Marios	19	150	7	1	30____	80269	6	0	0	0	0	1	0	0	0	1	0
C	Marios	19	150	7	1	30____	80406	6	0	0	0	0	0	0	0	0	1	0
C	Marios	19	150	7	1	30____	80408	6	0	0	0	0	1	0	0	0	0	0
C	Marios	19	150	7	1	30____	80415	6	0	0	0	0	0	0	0	0	1	0
C	Marios	19	150	7	1	30____	80419	6	0	0	0	0	1	0	0	0	0	0
C	Marios	19	150	7	1	30____	80500	6	10	0	0	0	0	0	0	0	0	0
C	Marios	19	150	7	1	30____	80845	10	0	0	0	0	0	0	0	0	1	0
C	Marios	19	150	7	1	30____	80847	10	0	0	0	0	1	0	0	0	0	0
C	Marios	19	150	7	1	30____	80914	10	0	0	0	0	0	0	0	0	1	0
C	Marios	19	150	7	1	30____	80915	10	0	0	0	0	1	0	0	0	0	0
C	Marios	19	150	7	1	30____	80932	10	0	0	0	0	0	0	0	0	1	0
C	Marios	19	150	7	1	30____	80951	10	0	0	0	0	1	0	0	0	0	0
C	Marios	19	150	7	1	30____	80958	10	0	0	0	0	0	0	0	0	1	0
C	Marios	19	150	7	1	30____	80974	10	0	0	0	0	1	0	0	0	0	0
C	Marios	19	150	7	1	30____	81000	10	1	0	0	0	0	0	0	0	0	0
C	Marios	19	150	7	1	30____	81022	1	0	0	0	0	0	0	0	0	1	0
C	Marios	19	150	7	1	30____	83133	1	0	0	0	0	1	0	0	0	0	0
C	Marios	19	150	7	1	30____	83140	1	0	0	0	0	0	0	0	0	1	0
C	Marios	19	150	7	1	30____	83250	1	2	0	0	0	0	0	0	0	0	0
C	Marios	19	150	7	1	30____	83750	2	17	0	0	0	0	0	0	0	0	0
C	Marios	19	150	7	1	30____	83954	17	0	0	0	0	1	0	0	0	0	0
C	Marios	19	150	7	1	30____	83965	17	0	0	0	0	0	0	0	0	1	0
C	Marios	19	150	7	1	30____	84250	17	15	0	0	0	0	0	0	0	0	0
C	Marios	19	150	7	1	30____	84750	15	1	0	0	0	0	0	0	0	0	0
C	Marios	19	150	7	1	30____	86644	1	0	0	0	0	1	0	0	0	0	0
C	Marios	19	150	7	1	30____	86810	1	0	0	0	0	0	0	0	0	1	0
C	Marios	19	150	7	1	30____	86873	1	0	0	0	0	1	0	0	0	0	0
C	Marios	19	150	7	1	30____	86883	1	0	0	0	0	0	0	0	0	1	0
C	Marios	19	150	7	1	30____	87185	1	0	0	0	0	1	0	0	0	0	0
C	Marios	19	150	7	1	30____	87199	1	0	0	0	0	0	0	0	0	1	0
C	Marios	19	150	7	1	30____	87850	1	0	0	0	0	1	0	0	0	0	0
C	Marios	19	150	7	1	30____	87925	1	0	0	0	0	0	0	0	0	1	0
C	Marios	19	150	7	1	30____	88837	1	0	0	0	0	1	0	0	0	0	0
C	Marios	19	150	7	1	30____	88905	1	0	0	0	0	0	0	0	0	1	0
C	Marios	19	150	7	1	30____	89220	1	0	0	0	0	1	0	0	0	0	0
C	Marios	19	150	7	1	30____	89250	1	2	0	0	0	0	0	0	0	0	0
C	Marios	19	150	7	1	30____	89252	2	0	0	0	0	0	0	0	0	1	0
C	Marios	19	150	7	1	30____	89253	2	0	0	0	0	1	0	0	0	0	0
C	Marios	19	150	7	1	30____	89271	2	0	0	0	0	0	0	0	0	1	0
C	Marios	19	150	7	1	30____	89297	2	0	0	0	0	1	0	0	0	0	0
C	Marios	19	150	7	1	30____	89334	2	0	0	0	0	0	0	0	0	1	0
C	Marios	19	150	7	1	30____	89750	2	16	0	0	0	0	0	0	0	0	0
C	Marios	19	150	7	1	30____	90250	16	15	0	0	0	0	0	0	0	0	0
C	Marios	19	150	7	1	30____	90291	15	0	0	0	0	1	0	0	0	0	0
C	Marios	19	150	7	1	30____	90294	15	0	0	0	0	0	0	0	0	1	0
C	Marios	19	150	7	1	30____	90750	15	1	0	0	0	0	0	0	0	0	0
C	Marios	19	150	7	1	30____	90779	1	0	0	0	0	1	0	0	0	0	0
C	Marios	19	150	7	1	30____	90803	1	0	0	0	0	0	0	0	0	1	0
C	Marios	19	150	7	1	30____	90806	1	0	0	0	0	1	0	0	0	0	0
C	Marios	19	150	7	1	30____	90864	1	0	0	0	0	0	0	0	0	1	0
C	Marios	19	150	7	1	30____	90995	1	0	0	0	0	1	0	0	0	0	0
C	Marios	19	150	7	1	30____	91030	1	0	0	0	0	0	0	0	0	1	0
C	Marios	19	150	7	1	30____	91037	1	0	0	0	0	1	0	0	0	0	0
C	Marios	19	150	7	1	30____	91046	1	0	0	0	0	0	0	0	0	1	0
C	Marios	19	150	7	1	30____	91052	1	0	0	0	0	1	0	0	0	0	0
C	Marios	19	150	7	1	30____	91061	1	0	0	0	0	0	0	0	0	1	0
C	Marios	19	150	7	1	30____	92300	1	0	0	0	0	1	0	0	0	0	0
C	Marios	19	150	7	1	30____	92344	1	0	0	0	0	0	0	0	0	1	0
C	Marios	19	150	7	1	30____	93531	1	0	0	0	0	1	0	0	0	0	0
C	Marios	19	150	7	1	30____	93547	1	0	0	0	0	0	0	0	0	1	0
C	Marios	19	150	7	1	30____	93817	1	0	0	0	0	1	0	0	0	0	0
C	Marios	19	150	7	1	30____	93867	1	0	0	0	0	0	0	0	0	1	0
C	Marios	19	150	7	1	30____	94522	1	0	0	0	0	1	0	0	0	0	0
C	Marios	19	150	7	1	30____	94667	1	0	0	0	0	0	0	0	0	1	0
C	Marios	19	150	7	1	30____	95276	1	0	0	0	0	1	0	0	0	0	0
C	Marios	19	150	7	1	30____	95356	1	0	0	0	0	0	0	0	0	1	0
C	Marios	19	150	7	1	30____	96250	1	2	0	0	0	0	0	0	0	0	0
C	Marios	19	150	7	1	30____	96750	2	16	0	0	0	0	0	0	0	0	0
C	Marios	19	150	7	1	30____	96905	16	0	0	0	0	1	0	0	0	0	0
C	Marios	19	150	7	1	30____	96927	16	0	0	0	0	0	0	0	0	1	0
C	Marios	19	150	7	1	30____	96943	16	0	0	0	0	1	0	0	0	0	0
C	Marios	19	150	7	1	30____	96972	16	0	0	0	0	0	0	0	0	1	0
C	Marios	19	150	7	1	30____	96977	16	0	0	0	0	1	0	0	0	0	0
C	Marios	19	150	7	1	30____	96994	16	0	0	0	0	0	0	0	0	1	0
C	Marios	19	150	7	1	30____	97044	16	0	0	0	0	1	0	0	0	0	0
C	Marios	19	150	7	1	30____	97121	16	0	0	0	0	0	0	0	0	1	0
C	Marios	19	150	7	1	30____	97173	16	0	0	0	0	1	0	0	0	0	0
C	Marios	19	150	7	1	30____	97250	16	15	0	0	0	0	0	0	0	0	0
C	Marios	19	150	7	1	30____	97290	15	0	0	0	0	0	0	0	0	1	0
C	Marios	19	150	7	1	30____	97348	15	0	0	0	0	1	0	0	0	0	0
C	Marios	19	150	7	1	30____	97703	15	0	0	0	0	0	0	0	0	1	0
C	Marios	19	150	7	1	30____	97750	15	1	0	0	0	0	0	0	0	0	0
C	Marios	19	150	7	1	30____	97755	1	0	0	0	0	1	0	0	0	0	0
C	Marios	19	150	7	1	30____	97757	1	0	0	0	0	0	0	0	0	1	0
C	Marios	19	150	7	1	30____	97793	1	0	0	0	0	1	0	0	0	0	0
C	Marios	19	150	7	1	30____	97852	1	0	0	0	0	0	0	0	0	1	0
C	Marios	19	150	7	1	30____	98663	1	0	0	0	0	1	0	0	0	0	0
C	Marios	19	150	7	1	30____	98730	1	0	0	0	0	0	0	0	0	1	0
C	Marios	19	150	7	1	30____	99584	1	0	0	0	0	1	0	0	0	0	0
C	Marios	19	150	7	1	30____	99622	1	0	0	0	0	0	0	0	0	1	0
C	Marios	19	150	7	1	30____	100989	1	0	0	0	0	1	0	0	0	0	0
C	Marios	19	150	7	1	30____	101004	1	0	0	0	0	0	0	0	0	1	0
C	Marios	19	150	7	1	30____	101264	1	0	0	0	0	1	0	0	0	0	0
C	Marios	19	150	7	1	30____	101317	1	0	0	0	0	0	0	0	0	1	0
C	Marios	19	150	7	1	30____	101527	1	0	0	0	0	1	0	0	0	0	0
C	Marios	19	150	7	1	30____	101532	1	0	0	0	0	0	0	0	0	1	0
C	Marios	19	150	7	1	30____	101537	1	0	0	0	0	1	0	0	0	0	0
C	Marios	19	150	7	1	30____	101673	1	0	0	0	0	0	0	0	0	1	0
C	Marios	19	150	7	1	30____	101674	1	0	0	0	0	1	0	0	0	0	0
C	Marios	19	150	7	1	30____	101722	1	0	0	0	0	0	0	0	0	1	0
C	Marios	19	150	7	1	30____	101725	1	0	0	0	0	1	0	0	0	0	0
C	Marios	19	150	7	1	30____	101999	1	0	0	0	0	1	0	0	0	1	0
C	Marios	19	150	7	1	30____	102010	1	0	0	0	0	0	0	0	0	1	0
C	Marios	19	150	7	1	30____	102368	1	0	0	0	0	1	0	0	0	0	0
C	Marios	19	150	7	1	30____	102416	1	0	0	0	0	0	0	0	0	1	0
C	Marios	19	150	7	1	30____	102419	1	0	0	0	0	1	0	0	0	0	0
C	Marios	19	150	7	1	30____	102455	1	0	0	0	0	0	0	0	0	1	0
C	Marios	19	150	7	1	30____	102768	1	0	0	0	0	1	0	0	0	0	0
C	Marios	19	150	7	1	30____	102832	1	0	0	0	0	0	0	0	0	1	0
C	Marios	19	150	7	1	30____	102834	1	0	0	0	0	1	0	0	0	0	0
C	Marios	19	150	7	1	30____	102837	1	0	0	0	0	0	0	0	0	1	0
C	Marios	19	150	7	1	30____	102838	1	0	0	0	0	1	0	0	0	0	0
C	Marios	19	150	7	1	30____	102892	1	0	0	0	0	0	0	0	0	1	0
C	Marios	19	150	7	1	30____	103000	1	2	0	0	0	0	0	0	0	0	0
C	Marios	19	150	7	1	30____	103500	2	17	0	0	0	0	0	0	0	0	0
C	Marios	19	150	7	1	30____	103551	17	0	0	0	0	1	0	0	0	0	0
C	Marios	19	150	7	1	30____	103557	17	0	0	0	0	0	0	0	0	1	0
C	Marios	19	150	7	1	30____	103569	17	0	0	0	0	1	0	0	0	0	0
C	Marios	19	150	7	1	30____	103614	17	0	0	0	0	0	0	0	0	1	0
C	Marios	19	150	7	1	30____	103631	17	0	0	0	0	1	0	0	0	0	0
C	Marios	19	150	7	1	30____	103757	17	0	0	0	0	0	0	0	0	1	0
C	Marios	19	150	7	1	30____	103778	17	0	0	0	0	1	0	0	0	0	0
C	Marios	19	150	7	1	30____	104000	17	15	0	0	0	0	0	0	0	0	0
C	Marios	19	150	7	1	30____	104073	15	0	0	0	0	0	0	0	0	1	0
C	Marios	19	150	7	1	30____	104077	15	0	0	0	0	1	0	0	0	0	0
C	Marios	19	150	7	1	30____	104083	15	0	0	0	0	0	0	0	0	1	0
C	Marios	19	150	7	1	30____	104085	15	0	0	0	0	1	0	0	0	0	0
C	Marios	19	150	7	1	30____	104173	15	0	0	0	0	0	0	0	0	1	0
C	Marios	19	150	7	1	30____	104500	15	1	0	0	0	0	0	0	0	0	0
C	Marios	19	150	7	1	30____	105913	1	0	0	0	0	1	0	0	0	0	0
C	Marios	19	150	7	1	30____	106193	1	0	0	0	0	0	0	0	0	1	0
C	Marios	19	150	7	1	30____	106200	1	0	0	0	0	1	0	0	0	0	0
C	Marios	19	150	7	1	30____	106218	1	0	0	0	0	0	0	0	0	1	0
C	Marios	19	150	7	1	30____	106230	1	0	0	0	0	1	0	0	0	0	0
C	Marios	19	150	7	1	30____	106234	1	0	0	0	0	0	0	0	0	1	0
C	Marios	19	150	7	1	30____	106237	1	0	0	0	0	1	0	0	0	0	0
C	Marios	19	150	7	1	30____	106274	1	0	0	0	0	0	0	0	0	1	0
C	Marios	19	150	7	1	30____	106277	1	0	0	0	0	1	0	0	0	0	0
C	Marios	19	150	7	1	30____	106313	1	0	0	0	0	0	0	0	0	1	0
C	Marios	19	150	7	1	30____	106316	1	0	0	0	0	1	0	0	0	0	0
C	Marios	19	150	7	1	30____	106330	1	0	0	0	0	0	0	0	0	1	0
C	Marios	19	150	7	1	30____	106333	1	0	0	0	0	1	0	0	0	0	0
C	Marios	19	150	7	1	30____	106335	1	0	0	0	0	0	0	0	0	1	0
C	Marios	19	150	7	1	30____	106344	1	0	0	0	0	1	0	0	0	0	0
C	Marios	19	150	7	1	30____	106347	1	0	0	0	0	0	0	0	0	1	0
C	Marios	19	150	7	1	30____	106352	1	0	0	0	0	1	0	0	0	0	0
C	Marios	19	150	7	1	30____	106393	1	0	0	0	0	0	0	0	0	1	0
C	Marios	19	150	7	1	30____	106575	1	0	0	0	0	1	0	0	0	0	0
C	Marios	19	150	7	1	30____	106578	1	0	0	0	0	0	0	0	0	1	0
C	Marios	19	150	7	1	30____	107175	1	0	0	0	0	1	0	0	0	0	0
C	Marios	19	150	7	1	30____	107387	1	0	0	0	0	0	0	0	0	1	0
C	Marios	19	150	7	1	30____	107500	1	2	0	0	0	0	0	0	0	0	0
C	Marios	19	150	7	1	30____	107788	2	0	0	0	0	1	0	0	0	0	0
C	Marios	19	150	7	1	30____	107854	2	0	0	0	0	0	0	0	0	1	0
C	Marios	19	150	7	1	30____	107861	2	0	0	0	0	1	0	0	0	0	0
C	Marios	19	150	7	1	30____	107904	2	0	0	0	0	0	0	0	0	1	0
C	Marios	19	150	7	1	30____	107912	2	0	0	0	0	1	0	0	0	0	0
C	Marios	19	150	7	1	30____	107943	2	0	0	0	0	0	0	0	0	1	0
C	Marios	19	150	7	1	30____	108000	2	7	0	0	0	0	0	0	0	0	0
C	Marios	19	150	7	1	30____	108073	7	0	0	0	0	1	0	0	0	0	0
C	Marios	19	150	7	1	30____	108107	7	0	0	0	0	0	0	0	0	1	0
C	Marios	19	150	7	1	30____	108119	7	0	0	0	0	1	0	0	0	0	0
C	Marios	19	150	7	1	30____	108167	7	0	0	0	0	0	0	0	0	1	0
C	Marios	19	150	7	1	30____	108184	7	0	0	0	0	1	0	0	0	0	0
C	Marios	19	150	7	1	30____	108387	7	0	0	0	0	0	0	0	0	1	0
C	Marios	19	150	7	1	30____	108412	7	0	0	0	0	1	0	0	0	0	0
C	Marios	19	150	7	1	30____	108500	7	11	0	0	0	0	0	0	0	0	0
C	Marios	19	150	7	1	30____	108841	11	0	0	0	0	0	0	0	0	1	0
C	Marios	19	150	7	1	30____	108842	11	0	0	0	0	1	0	0	0	0	0
C	Marios	19	150	7	1	30____	108847	11	0	0	0	0	0	0	0	0	1	0
C	Marios	19	150	7	1	30____	108848	11	0	0	0	0	1	0	0	0	0	0
C	Marios	19	150	7	1	30____	108862	11	0	0	0	0	0	0	0	0	1	0
C	Marios	19	150	7	1	30____	109000	11	1	0	0	0	0	0	0	0	0	0
C	Marios	19	150	7	1	30____	109197	1	0	0	0	0	1	0	0	0	0	0
C	Marios	19	150	7	1	30____	109333	1	0	0	0	0	0	0	0	0	1	0
C	Marios	19	150	7	1	30____	109337	1	0	0	0	0	1	0	0	0	0	0
C	Marios	19	150	7	1	30____	109339	1	0	0	0	0	0	0	0	0	1	0
C	Marios	19	150	7	1	30____	109531	1	0	0	0	0	1	0	0	0	0	0
C	Marios	19	150	7	1	30____	109736	1	0	0	0	0	0	0	0	0	1	0
C	Marios	19	150	7	1	30____	109742	1	0	0	0	0	1	0	0	0	0	0
C	Marios	19	150	7	1	30____	109750	1	0	0	0	0	0	0	0	0	1	0
C	Marios	19	150	7	1	30____	110007	1	0	0	0	0	1	0	0	0	0	0
C	Marios	19	150	7	1	30____	110171	1	0	0	0	0	0	0	0	0	1	0
C	Marios	19	150	7	1	30____	110172	1	0	0	0	0	1	0	0	0	0	0
C	Marios	19	150	7	1	30____	110177	1	0	0	0	0	0	0	0	0	1	0
C	Marios	19	150	7	1	30____	110626	1	0	0	0	0	1	0	0	0	0	0
C	Marios	19	150	7	1	30____	110707	1	0	0	0	0	0	0	0	0	1	0
C	Marios	19	150	7	1	30____	111723	1	0	0	0	0	1	0	0	0	0	0
C	Marios	19	150	7	1	30____	111828	1	0	0	0	0	0	0	0	0	1	0
C	Marios	19	150	7	1	30____	111830	1	0	0	0	0	1	0	0	0	0	0
C	Marios	19	150	7	1	30____	111831	1	0	0	0	0	0	0	0	0	1	0
C	Marios	19	150	7	1	30____	111836	1	0	0	0	0	1	0	0	0	0	0
C	Marios	19	150	7	1	30____	111840	1	0	0	0	0	1	0	0	0	1	0
C	Marios	19	150	7	1	30____	111844	1	0	0	0	0	0	0	0	0	1	0
C	Marios	19	150	7	1	30____	112383	1	0	0	0	0	1	0	0	0	0	0
C	Marios	19	150	7	1	30____	112396	1	0	0	0	0	0	0	0	0	1	0
C	Marios	19	150	7	1	30____	112406	1	0	0	0	0	1	0	0	0	0	0
C	Marios	19	150	7	1	30____	112485	1	0	0	0	0	0	0	0	0	1	0
C	Marios	19	150	7	1	30____	112487	1	0	0	0	0	1	0	0	0	0	0
C	Marios	19	150	7	1	30____	112492	1	0	0	0	0	0	0	0	0	1	0
C	Marios	19	150	7	1	30____	112495	1	0	0	0	0	1	0	0	0	0	0
C	Marios	19	150	7	1	30____	112500	1	2	0	0	0	0	0	0	0	0	0
C	Marios	19	150	7	1	30____	112541	2	0	0	0	0	0	0	0	0	1	0
C	Marios	19	150	7	1	30____	112927	2	0	0	0	0	1	0	0	0	0	0
C	Marios	19	150	7	1	30____	112939	2	0	0	0	0	0	0	0	0	1	0
C	Marios	19	150	7	1	30____	112946	2	0	0	0	0	1	0	0	0	0	0
C	Marios	19	150	7	1	30____	113000	2	16	0	0	0	0	0	0	0	0	0
C	Marios	19	150	7	1	30____	113005	16	0	0	0	0	0	0	0	0	1	0
C	Marios	19	150	7	1	30____	113105	16	0	0	0	0	1	0	0	0	0	0
C	Marios	19	150	7	1	30____	113205	16	0	0	0	0	0	0	0	0	1	0
C	Marios	19	150	7	1	30____	113244	16	0	0	0	0	1	0	0	0	0	0
C	Marios	19	150	7	1	30____	113264	16	0	0	0	0	1	0	0	0	1	0
C	Marios	19	150	7	1	30____	113369	16	0	0	0	0	0	0	0	0	1	0
C	Marios	19	150	7	1	30____	113419	16	0	0	0	0	1	0	0	0	0	0
C	Marios	19	150	7	1	30____	113500	16	15	0	0	0	0	0	0	0	0	0
C	Marios	19	150	7	1	30____	113527	15	0	0	0	0	0	0	0	0	1	0
C	Marios	19	150	7	1	30____	113871	15	0	0	0	0	1	0	0	0	0	0
C	Marios	19	150	7	1	30____	113893	15	0	0	0	0	0	0	0	0	1	0
C	Marios	19	150	7	1	30____	114000	15	1	0	0	0	0	0	0	0	0	0
C	Marios	19	150	7	1	30____	115250	1	0	0	0	0	1	0	0	0	0	0
C	Marios	19	150	7	1	30____	115500	1	2	0	0	0	0	0	0	0	0	0
C	Marios	19	150	7	1	30____	115548	2	0	0	0	0	0	0	0	0	1	0
C	Marios	19	150	7	1	30____	115820	2	0	0	0	0	1	0	0	0	0	0
C	Marios	19	150	7	1	30____	115940	2	0	0	0	0	1	0	0	0	1	0
C	Marios	19	150	7	1	30____	115943	2	0	0	0	0	0	0	0	0	1	0
C	Marios	19	150	7	1	30____	116000	2	17	0	0	0	0	0	0	0	0	0
C	Marios	19	150	7	1	30____	116072	17	0	0	0	0	1	0	0	0	0	0
C	Marios	19	150	7	1	30____	116087	17	0	0	0	0	0	0	0	0	1	0
C	Marios	19	150	7	1	30____	116100	17	0	0	0	0	1	0	0	0	0	0
C	Marios	19	150	7	1	30____	116181	17	0	0	0	0	0	0	0	0	1	0
C	Marios	19	150	7	1	30____	116217	17	0	0	0	0	1	0	0	0	0	0
C	Marios	19	150	7	1	30____	116219	17	0	0	0	0	0	0	0	0	1	0
C	Marios	19	150	7	1	30____	116220	17	0	0	0	0	1	0	0	0	0	0
C	Marios	19	150	7	1	30____	116332	17	0	0	0	0	0	0	0	0	1	0
C	Marios	19	150	7	1	30____	116360	17	0	0	0	0	1	0	0	0	0	0
C	Marios	19	150	7	1	30____	116362	17	0	0	0	0	0	0	0	0	1	0
C	Marios	19	150	7	1	30____	116364	17	0	0	0	0	1	0	0	0	0	0
C	Marios	19	150	7	1	30____	116423	17	0	0	0	0	0	0	0	0	1	0
C	Marios	19	150	7	1	30____	116500	17	15	0	0	0	0	0	0	0	0	0
C	Marios	19	150	7	1	30____	117000	15	1	0	0	0	0	0	0	0	0	0
C	Marios	19	150	7	1	30____	117158	1	0	0	0	0	1	0	0	0	0	0
C	Marios	19	150	7	1	30____	117305	1	0	0	0	0	0	0	0	0	1	0
C	Marios	19	150	7	1	30____	117331	1	0	0	0	0	1	0	0	0	0	0
C	Marios	19	150	7	1	30____	117333	1	0	0	0	0	0	0	0	0	1	0
C	Marios	19	150	7	1	30____	117348	1	0	0	0	0	1	0	0	0	0	0
C	Marios	19	150	7	1	30____	117388	1	0	0	0	0	0	0	0	0	1	0
C	Marios	19	150	7	1	30____	117402	1	0	0	0	0	1	0	0	0	0	0
C	Marios	19	150	7	1	30____	117412	1	0	0	0	0	0	0	0	0	1	0
C	Marios	19	150	7	1	30____	117438	1	0	0	0	0	1	0	0	0	0	0
C	Marios	19	150	7	1	30____	117440	1	0	0	0	0	0	0	0	0	1	0
C	Marios	19	150	7	1	30____	118237	1	0	0	0	0	1	0	0	0	0	0
C	Marios	19	150	7	1	30____	118248	1	0	0	0	0	0	0	0	0	1	0
C	Marios	19	150	7	1	30____	118384	1	0	0	0	0	1	0	0	0	0	0
C	Marios	19	150	7	1	30____	118542	1	0	0	0	0	0	0	0	0	1	0
C	Marios	19	150	7	1	30____	120761	1	0	0	0	0	1	0	0	0	0	0
C	Marios	19	150	7	1	30____	121116	1	0	0	0	0	0	0	0	0	1	0
C	Marios	19	150	7	1	30____	121500	1	2	0	0	0	0	0	0	0	0	0
C	Marios	19	150	7	1	30____	122000	2	17	0	0	0	0	0	0	0	0	0
C	Marios	19	150	7	1	30____	122062	17	0	0	0	0	1	0	0	0	0	0
C	Marios	19	150	7	1	30____	122107	17	0	0	0	0	0	0	0	0	1	0
C	Marios	19	150	7	1	30____	122115	17	0	0	0	0	1	0	0	0	0	0
C	Marios	19	150	7	1	30____	122154	17	0	0	0	0	0	0	0	0	1	0
C	Marios	19	150	7	1	30____	122500	17	15	0	0	0	0	0	0	0	0	0
C	Marios	19	150	7	1	30____	122720	15	0	0	0	0	1	0	0	0	0	0
C	Marios	19	150	7	1	30____	122728	15	0	0	0	0	0	0	0	0	1	0
C	Marios	19	150	7	1	30____	123000	15	1	0	0	0	0	0	0	0	0	0
C	Marios	19	150	7	1	30____	123388	1	0	0	0	0	1	0	0	0	0	0
C	Marios	19	150	7	1	30____	123492	1	0	0	0	0	0	0	0	0	1	0
C	Marios	19	150	7	1	30____	124009	1	0	0	0	0	1	0	0	0	0	0
C	Marios	19	150	7	1	30____	124170	1	0	0	0	0	0	0	0	0	1	0
C	Marios	19	150	7	1	30____	124704	1	0	0	0	0	1	0	0	0	0	0
C	Marios	19	150	7	1	30____	124715	1	0	0	0	0	0	0	0	0	1	0
C	Marios	19	150	7	1	30____	126762	1	0	0	0	0	1	0	0	0	0	0
C	Marios	19	150	7	1	30____	126832	1	0	0	0	0	0	0	0	0	1	0
C	Marios	19	150	7	1	30____	126888	1	0	0	0	0	1	0	0	0	0	0
C	Marios	19	150	7	1	30____	127029	1	0	0	0	0	0	0	0	0	1	0
C	Marios	19	150	7	1	30____	127440	1	0	0	0	0	1	0	0	0	0	0
C	Marios	19	150	7	1	30____	127613	1	0	0	0	0	0	0	0	0	1	0
C	Marios	19	150	7	1	30____	127995	1	0	0	0	0	1	0	0	0	0	0
C	Marios	19	150	7	1	30____	128024	1	0	0	0	0	0	0	0	0	1	0
C	Marios	19	150	7	1	30____	128079	1	0	0	0	0	1	0	0	0	0	0
C	Marios	19	150	7	1	30____	128081	1	0	0	0	0	0	0	0	0	1	0
C	Marios	19	150	7	1	30____	128085	1	0	0	0	0	1	0	0	0	0	0
C	Marios	19	150	7	1	30____	128102	1	0	0	0	0	0	0	0	0	1	0
C	Marios	19	150	7	1	30____	128104	1	0	0	0	0	1	0	0	0	0	0
C	Marios	19	150	7	1	30____	128105	1	0	0	0	0	0	0	0	0	1	0
C	Marios	19	150	7	1	30____	128109	1	0	0	0	0	1	0	0	0	0	0
C	Marios	19	150	7	1	30____	128286	1	0	0	0	0	0	0	0	0	1	0
C	Marios	19	150	7	1	30____	128291	1	0	0	0	0	1	0	0	0	0	0
C	Marios	19	150	7	1	30____	128298	1	0	0	0	0	0	0	0	0	1	0
C	Marios	19	150	7	1	30____	128304	1	0	0	0	0	1	0	0	0	0	0
C	Marios	19	150	7	1	30____	128439	1	0	0	0	0	0	0	0	0	1	0
C	Marios	19	150	7	1	30____	128441	1	0	0	0	0	1	0	0	0	0	0
C	Marios	19	150	7	1	30____	128455	1	0	0	0	0	0	0	0	0	1	0
C	Marios	19	150	7	1	30____	128780	1	0	0	0	0	1	0	0	0	0	0
C	Marios	19	150	7	1	30____	128784	1	0	0	0	0	0	0	0	0	1	0
C	Marios	19	150	7	1	30____	128792	1	0	0	0	0	1	0	0	0	0	0
C	Marios	19	150	7	1	30____	128795	1	0	0	0	0	0	0	0	0	1	0
C	Marios	19	150	7	1	30____	128922	1	0	0	0	0	1	0	0	0	0	0
C	Marios	19	150	7	1	30____	128938	1	0	0	0	0	0	0	0	0	1	0
C	Marios	19	150	7	1	30____	128954	1	0	0	0	0	1	0	0	0	0	0
C	Marios	19	150	7	1	30____	129000	1	2	0	0	0	0	0	0	0	0	0
C	Marios	19	150	7	1	30____	129155	2	0	0	0	0	0	0	0	0	1	0
C	Marios	19	150	7	1	30____	129163	2	0	0	0	0	1	0	0	0	0	0
C	Marios	19	150	7	1	30____	129165	2	0	0	0	0	0	0	0	0	1	0
C	Marios	19	150	7	1	30____	129170	2	0	0	0	0	1	0	0	0	0	0
C	Marios	19	150	7	1	30____	129315	2	0	0	0	0	0	0	0	0	1	0
C	Marios	19	150	7	1	30____	129500	2	6	0	0	0	0	0	0	0	0	0
C	Marios	19	150	7	1	30____	129559	6	0	0	0	0	1	0	0	0	0	0
C	Marios	19	150	7	1	30____	129582	6	0	0	0	0	0	0	0	0	1	0
C	Marios	19	150	7	1	30____	129590	6	0	0	0	0	1	0	0	0	0	0
C	Marios	19	150	7	1	30____	129696	6	0	0	0	0	0	0	0	0	1	0
C	Marios	19	150	7	1	30____	129734	6	0	0	0	0	1	0	0	0	0	0
C	Marios	19	150	7	1	30____	129959	6	0	0	0	0	0	0	0	0	1	0
C	Marios	19	150	7	1	30____	129968	6	0	0	0	0	1	0	0	0	0	0
C	Marios	19	150	7	1	30____	130000	6	10	0	0	0	0	0	0	0	0	0
C	Marios	19	150	7	1	30____	130366	10	0	0	0	0	0	0	0	0	1	0
C	Marios	19	150	7	1	30____	130378	10	0	0	0	0	1	0	0	0	0	0
C	Marios	19	150	7	1	30____	130382	10	0	0	0	0	0	0	0	0	1	0
C	Marios	19	150	7	1	30____	130389	10	0	0	0	0	1	0	0	0	0	0
C	Marios	19	150	7	1	30____	130392	10	0	0	0	0	0	0	0	0	1	0
C	Marios	19	150	7	1	30____	130414	10	0	0	0	0	1	0	0	0	0	0
C	Marios	19	150	7	1	30____	130415	10	0	0	0	0	0	0	0	0	1	0
C	Marios	19	150	7	1	30____	130440	10	0	0	0	0	1	0	0	0	0	0
C	Marios	19	150	7	1	30____	130444	10	0	0	0	0	0	0	0	0	1	0
C	Marios	19	150	7	1	30____	130466	10	0	0	0	0	1	0	0	0	0	0
C	Marios	19	150	7	1	30____	130480	10	0	0	0	0	0	0	0	0	1	0
C	Marios	19	150	7	1	30____	130500	10	1	0	0	0	0	0	0	0	0	0
C	Marios	19	150	7	1	30____	130576	1	0	0	0	0	1	0	0	0	0	0
C	Marios	19	150	7	1	30____	130635	1	0	0	0	0	0	0	0	0	1	0
C	Marios	19	150	7	1	30____	130640	1	0	0	0	0	1	0	0	0	0	0
C	Marios	19	150	7	1	30____	130692	1	0	0	0	0	0	0	0	0	1	0
C	Marios	19	150	7	1	30____	130724	1	0	0	0	0	1	0	0	0	0	0
C	Marios	19	150	7	1	30____	130726	1	0	0	0	0	0	0	0	0	1	0
C	Marios	19	150	7	1	30____	130749	1	0	0	0	0	1	0	0	0	0	0
C	Marios	19	150	7	1	30____	130833	1	0	0	0	0	0	0	0	0	1	0
C	Marios	19	150	7	1	30____	130844	1	0	0	0	0	1	0	0	0	0	0
C	Marios	19	150	7	1	30____	130854	1	0	0	0	0	0	0	0	0	1	0
C	Marios	19	150	7	1	30____	130857	1	0	0	0	0	1	0	0	0	0	0
C	Marios	19	150	7	1	30____	130867	1	0	0	0	0	0	0	0	0	1	0
C	Marios	19	150	7	1	30____	130874	1	0	0	0	0	1	0	0	0	0	0
C	Marios	19	150	7	1	30____	130889	1	0	0	0	0	0	0	0	0	1	0
C	Marios	19	150	7	1	30____	130894	1	0	0	0	0	1	0	0	0	0	0
C	Marios	19	150	7	1	30____	131000	1	0	0	0	0	0	0	0	0	1	0
C	Marios	19	150	7	1	30____	131009	1	0	0	0	0	1	0	0	0	0	0
C	Marios	19	150	7	1	30____	131065	1	0	0	0	0	0	0	0	0	1	0
C	Marios	19	150	7	1	30____	131077	1	0	0	0	0	1	0	0	0	0	0
C	Marios	19	150	7	1	30____	131195	1	0	0	0	0	0	0	0	0	1	0
C	Marios	19	150	7	1	30____	132074	1	0	0	0	0	1	0	0	0	0	0
C	Marios	19	150	7	1	30____	132146	1	0	0	0	0	0	0	0	0	1	0
C	Marios	19	150	7	1	30____	132845	1	0	0	0	0	1	0	0	0	0	0
C	Marios	19	150	7	1	30____	132870	1	0	0	0	0	0	0	0	0	1	0
C	Marios	19	150	7	1	30____	132874	1	0	0	0	0	1	0	0	0	0	0
C	Marios	19	150	7	1	30____	132875	1	0	0	0	0	0	0	0	0	1	0
C	Marios	19	150	7	1	30____	132888	1	0	0	0	0	1	0	0	0	0	0
C	Marios	19	150	7	1	30____	132989	1	0	0	0	0	0	0	0	0	1	0
C	Marios	19	150	7	1	30____	136316	1	0	0	0	0	1	0	0	0	0	0
C	Marios	19	150	7	1	30____	136519	1	0	0	0	0	0	0	0	0	1	0
C	Marios	19	150	7	1	30____	136526	1	0	0	0	0	1	0	0	0	0	0
C	Marios	19	150	7	1	30____	136599	1	0	0	0	0	0	0	0	0	1	0
C	Marios	19	150	7	1	30____	136680	1	0	0	0	0	1	0	0	0	0	0
C	Marios	19	150	7	1	30____	136682	1	0	0	0	0	0	0	0	0	1	0
C	Marios	19	150	7	1	30____	136816	1	0	0	0	0	1	0	0	0	0	0
C	Marios	19	150	7	1	30____	137091	1	0	0	0	0	0	0	0	0	1	0
C	Marios	19	150	7	1	30____	137250	1	2	0	0	0	0	0	0	0	0	0
C	Marios	19	150	7	1	30____	137750	2	16	0	0	0	0	0	0	0	0	0
C	Marios	19	150	7	1	30____	138250	16	15	0	0	0	0	0	0	0	0	0
C	Marios	19	150	7	1	30____	138441	15	0	0	0	0	1	0	0	0	0	0
C	Marios	19	150	7	1	30____	138512	15	0	0	0	0	0	0	0	0	1	0
C	Marios	19	150	7	1	30____	138656	15	0	0	0	0	1	0	0	0	0	0
C	Marios	19	150	7	1	30____	138750	15	1	0	0	0	0	0	0	0	0	0
C	Marios	19	150	7	1	30____	138987	1	0	0	0	0	0	0	0	0	1	0
C	Marios	19	150	7	1	30____	139843	1	0	0	0	0	1	0	0	0	0	0
C	Marios	19	150	7	1	30____	140036	1	0	0	0	0	0	0	0	0	1	0
C	Marios	19	150	7	1	30____	140287	1	0	0	0	0	1	0	0	0	0	0
C	Marios	19	150	7	1	30____	140319	1	0	0	0	0	0	0	0	0	1	0
C	Marios	19	150	7	1	30____	140327	1	0	0	0	0	1	0	0	0	0	0
C	Marios	19	150	7	1	30____	140333	1	0	0	0	0	0	0	0	0	1	0
C	Marios	19	150	7	1	30____	141322	1	0	0	0	0	1	0	0	0	0	0
C	Marios	19	150	7	1	30____	141594	1	0	0	0	0	0	0	0	0	1	0
C	Marios	19	150	7	1	30____	141753	1	0	0	0	0	1	0	0	0	0	0
C	Marios	19	150	7	1	30____	141756	1	0	0	0	0	0	0	0	0	1	0
C	Marios	19	150	7	1	30____	141759	1	0	0	0	0	1	0	0	0	0	0
C	Marios	19	150	7	1	30____	141867	1	0	0	0	0	0	0	0	0	1	0
C	Marios	19	150	7	1	30____	141868	1	0	0	0	0	1	0	0	0	0	0
C	Marios	19	150	7	1	30____	141870	1	0	0	0	0	0	0	0	0	1	0
C	Marios	19	150	7	1	30____	141888	1	0	0	0	0	1	0	0	0	0	0
C	Marios	19	150	7	1	30____	142036	1	0	0	0	0	0	0	0	0	1	0
C	Marios	19	150	7	1	30____	142500	1	2	0	0	0	0	0	0	0	0	0
C	Marios	19	150	7	1	30____	142508	2	0	0	0	0	1	0	0	0	0	0
C	Marios	19	150	7	1	30____	142536	2	0	0	0	0	0	0	0	0	1	0
C	Marios	19	150	7	1	30____	143000	2	7	0	0	0	0	0	0	0	0	0
C	Marios	19	150	7	1	30____	143036	7	0	0	0	0	1	0	0	0	0	0
C	Marios	19	150	7	1	30____	143113	7	0	0	0	0	0	0	0	0	1	0
C	Marios	19	150	7	1	30____	143142	7	0	0	0	0	1	0	0	0	0	0
C	Marios	19	150	7	1	30____	143500	7	11	0	0	0	0	0	0	0	0	0
C	Marios	19	150	7	1	30____	143941	11	0	0	0	0	0	0	0	0	1	0
C	Marios	19	150	7	1	30____	143942	11	0	0	0	0	1	0	0	0	0	0
C	Marios	19	150	7	1	30____	143961	11	0	0	0	0	0	0	0	0	1	0
C	Marios	19	150	7	1	30____	143963	11	0	0	0	0	1	0	0	0	0	0
C	Marios	19	150	7	1	30____	143980	11	0	0	0	0	0	0	0	0	1	0
C	Marios	19	150	7	1	30____	143983	11	0	0	0	0	1	0	0	0	0	0
C	Marios	19	150	7	1	30____	143986	11	0	0	0	0	0	0	0	0	1	0
C	Marios	19	150	7	1	30____	143989	11	0	0	0	0	1	0	0	0	0	0
C	Marios	19	150	7	1	30____	143992	11	0	0	0	0	0	0	0	0	1	0
C	Marios	19	150	7	1	30____	144000	11	14	0	0	0	0	0	0	0	0	0
C	Marios	19	150	7	1	30____	144014	14	0	0	0	0	1	0	0	0	0	0
C	Marios	19	150	7	1	30____	144247	14	0	0	0	0	0	0	0	0	1	0
C	Marios	19	150	7	1	30____	144249	14	0	0	0	0	1	0	0	0	0	0
C	Marios	19	150	7	1	30____	144251	14	0	0	0	0	0	0	0	0	1	0
C	Marios	19	150	7	1	30____	145137	14	0	0	0	0	1	0	0	0	0	0
C	Marios	19	150	7	1	30____	145235	14	0	0	0	0	0	0	0	0	1	0
C	Marios	19	150	7	1	30____	145236	14	0	0	0	0	1	0	0	0	0	0
C	Marios	19	150	7	1	30____	145242	14	0	0	0	0	0	0	0	0	1	0
C	Marios	19	150	7	1	30____	146146	14	0	0	0	0	1	0	0	0	0	0
C	Marios	19	150	7	1	30____	146182	14	0	0	0	0	0	0	0	0	1	0
C	Marios	19	150	7	1	30____	146183	14	0	0	0	0	1	0	0	0	0	0
C	Marios	19	150	7	1	30____	146371	14	0	0	0	0	0	0	0	0	1	0
C	Marios	19	150	7	1	30____	146409	14	0	0	0	0	1	0	0	0	0	0
C	Marios	19	150	7	1	30____	146493	14	0	0	0	0	0	0	0	0	1	0
C	Marios	19	150	7	1	30____	147000	14	-1	0	0	0	0	0	0	0	0	0
