Project	UserID	Protocol	Session	Station	Run	Subject	Time	Current State	Transition State	Transition Event	A1 - LLR	A2 - RLR	A3 - MAG	A4 - 	A[1] LLR_OFF	A[2] RLR_OFF	A[3] MAG_OFF	A[4] 
C	Marios	22	150	2	1	3_____	0	0	1	0	0	0	0	0	0	0	0	0
C	Marios	22	150	2	1	3_____	30	1	0	0	0	0	1	0	0	0	0	0
C	Marios	22	150	2	1	3_____	34	1	0	0	0	0	0	0	0	0	1	0
C	Marios	22	150	2	1	3_____	37	1	0	0	0	0	1	0	0	0	0	0
C	Marios	22	150	2	1	3_____	107	1	0	0	0	0	0	0	0	0	1	0
C	Marios	22	150	2	1	3_____	109	1	0	0	0	0	1	0	0	0	0	0
C	Marios	22	150	2	1	3_____	136	1	0	0	0	0	0	0	0	0	1	0
C	Marios	22	150	2	1	3_____	490	1	0	0	0	0	1	0	0	0	0	0
C	Marios	22	150	2	1	3_____	599	1	0	0	0	0	0	0	0	0	1	0
C	Marios	22	150	2	1	3_____	1721	1	0	0	0	0	1	0	0	0	0	0
C	Marios	22	150	2	1	3_____	1729	1	0	0	0	0	0	0	0	0	1	0
C	Marios	22	150	2	1	3_____	1734	1	0	0	0	0	1	0	0	0	0	0
C	Marios	22	150	2	1	3_____	1753	1	0	0	0	0	0	0	0	0	1	0
C	Marios	22	150	2	1	3_____	2711	1	0	0	0	0	1	0	0	0	0	0
C	Marios	22	150	2	1	3_____	2740	1	0	0	0	0	0	0	0	0	1	0
C	Marios	22	150	2	1	3_____	4500	1	2	0	0	0	0	0	0	0	0	0
C	Marios	22	150	2	1	3_____	4624	2	0	0	0	0	1	0	0	0	0	0
C	Marios	22	150	2	1	3_____	4671	2	0	0	0	0	0	0	0	0	1	0
C	Marios	22	150	2	1	3_____	4731	2	0	0	0	0	1	0	0	0	0	0
C	Marios	22	150	2	1	3_____	4753	2	0	0	0	0	0	0	0	0	1	0
C	Marios	22	150	2	1	3_____	5000	2	13	0	0	0	0	0	0	0	0	0
C	Marios	22	150	2	1	3_____	5500	13	15	0	0	0	0	0	0	0	0	0
C	Marios	22	150	2	1	3_____	5663	15	0	0	0	0	1	0	0	0	0	0
C	Marios	22	150	2	1	3_____	5675	15	0	0	0	0	0	0	0	0	1	0
C	Marios	22	150	2	1	3_____	6000	15	1	0	0	0	0	0	0	0	0	0
C	Marios	22	150	2	1	3_____	6009	1	0	0	0	0	1	0	0	0	0	0
C	Marios	22	150	2	1	3_____	6011	1	0	0	0	0	0	0	0	0	1	0
C	Marios	22	150	2	1	3_____	6013	1	0	0	0	0	1	0	0	0	0	0
C	Marios	22	150	2	1	3_____	6018	1	0	0	0	0	0	0	0	0	1	0
C	Marios	22	150	2	1	3_____	8247	1	0	0	0	0	1	0	0	0	0	0
C	Marios	22	150	2	1	3_____	8252	1	0	0	0	0	0	0	0	0	1	0
C	Marios	22	150	2	1	3_____	8257	1	0	0	0	0	1	0	0	0	0	0
C	Marios	22	150	2	1	3_____	8288	1	0	0	0	0	0	0	0	0	1	0
C	Marios	22	150	2	1	3_____	9479	1	0	0	0	0	1	0	0	0	0	0
C	Marios	22	150	2	1	3_____	9485	1	0	0	0	0	0	0	0	0	1	0
C	Marios	22	150	2	1	3_____	10120	1	0	0	0	0	1	0	0	0	0	0
C	Marios	22	150	2	1	3_____	10124	1	0	0	0	0	0	0	0	0	1	0
C	Marios	22	150	2	1	3_____	12974	1	0	0	0	0	1	0	0	0	0	0
C	Marios	22	150	2	1	3_____	13005	1	0	0	0	0	0	0	0	0	1	0
C	Marios	22	150	2	1	3_____	13010	1	0	0	0	0	1	0	0	0	0	0
C	Marios	22	150	2	1	3_____	13014	1	0	0	0	0	0	0	0	0	1	0
C	Marios	22	150	2	1	3_____	13017	1	0	0	0	0	1	0	0	0	0	0
C	Marios	22	150	2	1	3_____	13019	1	0	0	0	0	0	0	0	0	1	0
C	Marios	22	150	2	1	3_____	13021	1	0	0	0	0	1	0	0	0	0	0
C	Marios	22	150	2	1	3_____	13050	1	0	0	0	0	0	0	0	0	1	0
C	Marios	22	150	2	1	3_____	13051	1	0	0	0	0	1	0	0	0	0	0
C	Marios	22	150	2	1	3_____	13079	1	0	0	0	0	0	0	0	0	1	0
C	Marios	22	150	2	1	3_____	13500	1	2	0	0	0	0	0	0	0	0	0
C	Marios	22	150	2	1	3_____	14000	2	12	0	0	0	0	0	0	0	0	0
C	Marios	22	150	2	1	3_____	14500	12	15	0	0	0	0	0	0	0	0	0
C	Marios	22	150	2	1	3_____	14697	15	0	0	0	0	1	0	0	0	0	0
C	Marios	22	150	2	1	3_____	14745	15	0	0	0	0	0	0	0	0	1	0
C	Marios	22	150	2	1	3_____	14821	15	0	0	0	0	1	0	0	0	0	0
C	Marios	22	150	2	1	3_____	14855	15	0	0	0	0	0	0	0	0	1	0
C	Marios	22	150	2	1	3_____	14946	15	0	0	0	0	1	0	0	0	0	0
C	Marios	22	150	2	1	3_____	15000	15	1	0	0	0	0	0	0	0	0	0
C	Marios	22	150	2	1	3_____	15105	1	0	0	0	0	0	0	0	0	1	0
C	Marios	22	150	2	1	3_____	17250	1	2	0	0	0	0	0	0	0	0	0
C	Marios	22	150	2	1	3_____	17750	2	13	0	0	0	0	0	0	0	0	0
C	Marios	22	150	2	1	3_____	18250	13	15	0	0	0	0	0	0	0	0	0
C	Marios	22	150	2	1	3_____	18750	15	1	0	0	0	0	0	0	0	0	0
C	Marios	22	150	2	1	3_____	18954	1	0	0	0	0	1	0	0	0	0	0
C	Marios	22	150	2	1	3_____	18963	1	0	0	0	0	0	0	0	0	1	0
C	Marios	22	150	2	1	3_____	20748	1	0	0	0	0	1	0	0	0	0	0
C	Marios	22	150	2	1	3_____	20773	1	0	0	0	0	0	0	0	0	1	0
C	Marios	22	150	2	1	3_____	20786	1	0	0	0	0	1	0	0	0	0	0
C	Marios	22	150	2	1	3_____	20804	1	0	0	0	0	0	0	0	0	1	0
C	Marios	22	150	2	1	3_____	22098	1	0	0	0	0	1	0	0	0	0	0
C	Marios	22	150	2	1	3_____	22109	1	0	0	0	0	0	0	0	0	1	0
C	Marios	22	150	2	1	3_____	22500	1	2	0	0	0	0	0	0	0	0	0
C	Marios	22	150	2	1	3_____	22667	2	0	0	0	0	1	0	0	0	0	0
C	Marios	22	150	2	1	3_____	22679	2	0	0	0	0	0	0	0	0	1	0
C	Marios	22	150	2	1	3_____	23000	2	6	0	0	0	0	0	0	0	0	0
C	Marios	22	150	2	1	3_____	23144	6	0	0	0	0	1	0	0	0	0	0
C	Marios	22	150	2	1	3_____	23213	6	0	0	0	0	0	0	0	0	1	0
C	Marios	22	150	2	1	3_____	23328	6	0	0	0	0	1	0	0	0	0	0
C	Marios	22	150	2	1	3_____	23416	6	0	0	0	0	0	0	0	0	1	0
C	Marios	22	150	2	1	3_____	23500	6	11	0	0	0	0	0	0	0	0	0
C	Marios	22	150	2	1	3_____	23565	11	0	0	0	0	1	0	0	0	0	0
C	Marios	22	150	2	1	3_____	23932	11	0	0	0	0	0	0	0	0	1	0
C	Marios	22	150	2	1	3_____	24000	11	1	0	0	0	0	0	0	0	0	0
C	Marios	22	150	2	1	3_____	24012	1	0	0	0	0	1	0	0	0	0	0
C	Marios	22	150	2	1	3_____	24023	1	0	0	0	0	0	0	0	0	1	0
C	Marios	22	150	2	1	3_____	24033	1	0	0	0	0	1	0	0	0	0	0
C	Marios	22	150	2	1	3_____	24036	1	0	0	0	0	0	0	0	0	1	0
C	Marios	22	150	2	1	3_____	24038	1	0	0	0	0	1	0	0	0	0	0
C	Marios	22	150	2	1	3_____	24069	1	0	0	0	0	0	0	0	0	1	0
C	Marios	22	150	2	1	3_____	24315	1	0	0	0	0	1	0	0	0	0	0
C	Marios	22	150	2	1	3_____	24324	1	0	0	0	0	0	0	0	0	1	0
C	Marios	22	150	2	1	3_____	25887	1	0	0	0	0	1	0	0	0	0	0
C	Marios	22	150	2	1	3_____	25939	1	0	0	0	0	0	0	0	0	1	0
C	Marios	22	150	2	1	3_____	26111	1	0	0	0	0	1	0	0	0	0	0
C	Marios	22	150	2	1	3_____	26445	1	0	0	0	0	0	0	0	0	1	0
C	Marios	22	150	2	1	3_____	27111	1	0	0	0	0	1	0	0	0	0	0
C	Marios	22	150	2	1	3_____	27181	1	0	0	0	0	0	0	0	0	1	0
C	Marios	22	150	2	1	3_____	27368	1	0	0	0	0	1	0	0	0	0	0
C	Marios	22	150	2	1	3_____	27424	1	0	0	0	0	0	0	0	0	1	0
C	Marios	22	150	2	1	3_____	30134	1	0	0	0	0	1	0	0	0	0	0
C	Marios	22	150	2	1	3_____	30207	1	0	0	0	0	0	0	0	0	1	0
C	Marios	22	150	2	1	3_____	30642	1	0	0	0	0	1	0	0	0	0	0
C	Marios	22	150	2	1	3_____	30649	1	0	0	0	0	1	0	0	0	1	0
C	Marios	22	150	2	1	3_____	30657	1	0	0	0	0	0	0	0	0	1	0
C	Marios	22	150	2	1	3_____	30704	1	0	0	0	0	1	0	0	0	0	0
C	Marios	22	150	2	1	3_____	30750	1	2	0	0	0	0	0	0	0	0	0
C	Marios	22	150	2	1	3_____	30889	2	0	0	0	0	0	0	0	0	1	0
C	Marios	22	150	2	1	3_____	31250	2	7	0	0	0	0	0	0	0	0	0
C	Marios	22	150	2	1	3_____	31356	7	0	0	0	0	1	0	0	0	0	0
C	Marios	22	150	2	1	3_____	31392	7	0	0	0	0	0	0	0	0	1	0
C	Marios	22	150	2	1	3_____	31471	7	0	0	0	0	1	0	0	0	0	0
C	Marios	22	150	2	1	3_____	31521	7	0	0	0	0	0	0	0	0	1	0
C	Marios	22	150	2	1	3_____	31618	7	0	0	0	0	1	0	0	0	0	0
C	Marios	22	150	2	1	3_____	31723	7	0	0	0	0	0	0	0	0	1	0
C	Marios	22	150	2	1	3_____	31750	7	10	0	0	0	0	0	0	0	0	0
C	Marios	22	150	2	1	3_____	31790	10	0	0	0	0	1	0	0	0	0	0
C	Marios	22	150	2	1	3_____	31992	10	0	0	0	0	0	0	0	0	1	0
C	Marios	22	150	2	1	3_____	32250	10	1	0	0	0	0	0	0	0	0	0
C	Marios	22	150	2	1	3_____	32371	1	0	0	0	0	1	0	0	0	0	0
C	Marios	22	150	2	1	3_____	32379	1	0	0	0	0	0	0	0	0	1	0
C	Marios	22	150	2	1	3_____	32381	1	0	0	0	0	1	0	0	0	0	0
C	Marios	22	150	2	1	3_____	32382	1	0	0	0	0	0	0	0	0	1	0
C	Marios	22	150	2	1	3_____	35280	1	0	0	0	0	1	0	0	0	0	0
C	Marios	22	150	2	1	3_____	35283	1	0	0	0	0	1	0	0	0	1	0
C	Marios	22	150	2	1	3_____	35290	1	0	0	0	0	0	0	0	0	1	0
C	Marios	22	150	2	1	3_____	35349	1	0	0	0	0	1	0	0	0	0	0
C	Marios	22	150	2	1	3_____	35406	1	0	0	0	0	0	0	0	0	1	0
C	Marios	22	150	2	1	3_____	35583	1	0	0	0	0	1	0	0	0	0	0
C	Marios	22	150	2	1	3_____	35595	1	0	0	0	0	0	0	0	0	1	0
C	Marios	22	150	2	1	3_____	36252	1	0	0	0	0	1	0	0	0	0	0
C	Marios	22	150	2	1	3_____	36278	1	0	0	0	0	0	0	0	0	1	0
C	Marios	22	150	2	1	3_____	36576	1	0	0	0	0	1	0	0	0	0	0
C	Marios	22	150	2	1	3_____	36709	1	0	0	0	0	0	0	0	0	1	0
C	Marios	22	150	2	1	3_____	36750	1	2	0	0	0	0	0	0	0	0	0
C	Marios	22	150	2	1	3_____	36836	2	0	0	0	0	1	0	0	0	0	0
C	Marios	22	150	2	1	3_____	36970	2	0	0	0	0	0	0	0	0	1	0
C	Marios	22	150	2	1	3_____	37250	2	12	0	0	0	0	0	0	0	0	0
C	Marios	22	150	2	1	3_____	37416	12	0	0	0	0	1	0	0	0	0	0
C	Marios	22	150	2	1	3_____	37498	12	0	0	0	0	0	0	0	0	1	0
C	Marios	22	150	2	1	3_____	37687	12	0	0	0	0	1	0	0	0	0	0
C	Marios	22	150	2	1	3_____	37750	12	15	0	0	0	0	0	0	0	0	0
C	Marios	22	150	2	1	3_____	37762	15	0	0	0	0	0	0	0	0	1	0
C	Marios	22	150	2	1	3_____	37915	15	0	0	0	0	1	0	0	0	0	0
C	Marios	22	150	2	1	3_____	38027	15	0	0	0	0	0	0	0	0	1	0
C	Marios	22	150	2	1	3_____	38034	15	0	0	0	0	1	0	0	0	0	0
C	Marios	22	150	2	1	3_____	38059	15	0	0	0	0	0	0	0	0	1	0
C	Marios	22	150	2	1	3_____	38250	15	1	0	0	0	0	0	0	0	0	0
C	Marios	22	150	2	1	3_____	38490	1	0	0	0	0	1	0	0	0	0	0
C	Marios	22	150	2	1	3_____	38519	1	0	0	0	0	0	0	0	0	1	0
C	Marios	22	150	2	1	3_____	38799	1	0	0	0	0	1	0	0	0	0	0
C	Marios	22	150	2	1	3_____	39167	1	0	0	0	0	0	0	0	0	1	0
C	Marios	22	150	2	1	3_____	39170	1	0	0	0	0	1	0	0	0	0	0
C	Marios	22	150	2	1	3_____	39177	1	0	0	0	0	0	0	0	0	1	0
C	Marios	22	150	2	1	3_____	39183	1	0	0	0	0	1	0	0	0	0	0
C	Marios	22	150	2	1	3_____	39206	1	0	0	0	0	0	0	0	0	1	0
C	Marios	22	150	2	1	3_____	39208	1	0	0	0	0	1	0	0	0	0	0
C	Marios	22	150	2	1	3_____	39328	1	0	0	0	0	0	0	0	0	1	0
C	Marios	22	150	2	1	3_____	39884	1	0	0	0	0	1	0	0	0	0	0
C	Marios	22	150	2	1	3_____	39897	1	0	0	0	0	0	0	0	0	1	0
C	Marios	22	150	2	1	3_____	40582	1	0	0	0	0	1	0	0	0	0	0
C	Marios	22	150	2	1	3_____	40816	1	0	0	0	0	0	0	0	0	1	0
C	Marios	22	150	2	1	3_____	41199	1	0	0	0	0	1	0	0	0	0	0
C	Marios	22	150	2	1	3_____	41250	1	2	0	0	0	0	0	0	0	0	0
C	Marios	22	150	2	1	3_____	41324	2	0	0	0	0	0	0	0	0	1	0
C	Marios	22	150	2	1	3_____	41750	2	6	0	0	0	0	0	0	0	0	0
C	Marios	22	150	2	1	3_____	41804	6	0	0	0	0	1	0	0	0	0	0
C	Marios	22	150	2	1	3_____	41902	6	0	0	0	0	0	0	0	0	1	0
C	Marios	22	150	2	1	3_____	42018	6	0	0	0	0	1	0	0	0	0	0
C	Marios	22	150	2	1	3_____	42100	6	0	0	0	0	0	0	0	0	1	0
C	Marios	22	150	2	1	3_____	42103	6	0	0	0	0	1	0	0	0	0	0
C	Marios	22	150	2	1	3_____	42165	6	0	0	0	0	0	0	0	0	1	0
C	Marios	22	150	2	1	3_____	42250	6	11	0	0	0	0	0	0	0	0	0
C	Marios	22	150	2	1	3_____	42275	11	0	0	0	0	1	0	0	0	0	0
C	Marios	22	150	2	1	3_____	42655	11	0	0	0	0	0	0	0	0	1	0
C	Marios	22	150	2	1	3_____	42657	11	0	0	0	0	1	0	0	0	0	0
C	Marios	22	150	2	1	3_____	42661	11	0	0	0	0	0	0	0	0	1	0
C	Marios	22	150	2	1	3_____	42669	11	0	0	0	0	1	0	0	0	0	0
C	Marios	22	150	2	1	3_____	42707	11	0	0	0	0	0	0	0	0	1	0
C	Marios	22	150	2	1	3_____	42743	11	0	0	0	0	1	0	0	0	0	0
C	Marios	22	150	2	1	3_____	42745	11	0	0	0	0	0	0	0	0	1	0
C	Marios	22	150	2	1	3_____	42746	11	0	0	0	0	1	0	0	0	0	0
C	Marios	22	150	2	1	3_____	42748	11	0	0	0	0	0	0	0	0	1	0
C	Marios	22	150	2	1	3_____	42750	11	1	0	0	0	0	0	0	0	0	0
C	Marios	22	150	2	1	3_____	42759	1	0	0	0	0	1	0	0	0	0	0
C	Marios	22	150	2	1	3_____	42767	1	0	0	0	0	0	0	0	0	1	0
C	Marios	22	150	2	1	3_____	42768	1	0	0	0	0	1	0	0	0	0	0
C	Marios	22	150	2	1	3_____	42888	1	0	0	0	0	0	0	0	0	1	0
C	Marios	22	150	2	1	3_____	43046	1	0	0	0	0	1	0	0	0	0	0
C	Marios	22	150	2	1	3_____	43061	1	0	0	0	0	0	0	0	0	1	0
C	Marios	22	150	2	1	3_____	43065	1	0	0	0	0	1	0	0	0	0	0
C	Marios	22	150	2	1	3_____	43184	1	0	0	0	0	0	0	0	0	1	0
C	Marios	22	150	2	1	3_____	44795	1	0	0	0	0	1	0	0	0	0	0
C	Marios	22	150	2	1	3_____	44899	1	0	0	0	0	0	0	0	0	1	0
C	Marios	22	150	2	1	3_____	45215	1	0	0	0	0	1	0	0	0	0	0
C	Marios	22	150	2	1	3_____	45220	1	0	0	0	0	0	0	0	0	1	0
C	Marios	22	150	2	1	3_____	46250	1	2	0	0	0	0	0	0	0	0	0
C	Marios	22	150	2	1	3_____	46750	2	13	0	0	0	0	0	0	0	0	0
C	Marios	22	150	2	1	3_____	46800	13	0	0	0	0	1	0	0	0	0	0
C	Marios	22	150	2	1	3_____	46812	13	0	0	0	0	0	0	0	0	1	0
C	Marios	22	150	2	1	3_____	47250	13	15	0	0	0	0	0	0	0	0	0
C	Marios	22	150	2	1	3_____	47352	15	0	0	0	0	1	0	0	0	0	0
C	Marios	22	150	2	1	3_____	47438	15	0	0	0	0	0	0	0	0	1	0
C	Marios	22	150	2	1	3_____	47440	15	0	0	0	0	1	0	0	0	0	0
C	Marios	22	150	2	1	3_____	47494	15	0	0	0	0	0	0	0	0	1	0
C	Marios	22	150	2	1	3_____	47750	15	1	0	0	0	0	0	0	0	0	0
C	Marios	22	150	2	1	3_____	48822	1	0	0	0	0	1	0	0	0	0	0
C	Marios	22	150	2	1	3_____	48831	1	0	0	0	0	0	0	0	0	1	0
C	Marios	22	150	2	1	3_____	48843	1	0	0	0	0	1	0	0	0	0	0
C	Marios	22	150	2	1	3_____	48933	1	0	0	0	0	0	0	0	0	1	0
C	Marios	22	150	2	1	3_____	49206	1	0	0	0	0	1	0	0	0	0	0
C	Marios	22	150	2	1	3_____	49211	1	0	0	0	0	0	0	0	0	1	0
C	Marios	22	150	2	1	3_____	49525	1	0	0	0	0	1	0	0	0	0	0
C	Marios	22	150	2	1	3_____	49950	1	0	0	0	0	0	0	0	0	1	0
C	Marios	22	150	2	1	3_____	51238	1	0	0	0	0	1	0	0	0	0	0
C	Marios	22	150	2	1	3_____	51913	1	0	0	0	0	0	0	0	0	1	0
C	Marios	22	150	2	1	3_____	52797	1	0	0	0	0	1	0	0	0	0	0
C	Marios	22	150	2	1	3_____	52897	1	0	0	0	0	0	0	0	0	1	0
C	Marios	22	150	2	1	3_____	53250	1	2	0	0	0	0	0	0	0	0	0
C	Marios	22	150	2	1	3_____	53750	2	12	0	0	0	0	0	0	0	0	0
C	Marios	22	150	2	1	3_____	53835	12	0	0	0	0	1	0	0	0	0	0
C	Marios	22	150	2	1	3_____	54002	12	0	0	0	0	0	0	0	0	1	0
C	Marios	22	150	2	1	3_____	54169	12	0	0	0	0	1	0	0	0	0	0
C	Marios	22	150	2	1	3_____	54250	12	15	0	0	0	0	0	0	0	0	0
C	Marios	22	150	2	1	3_____	54353	15	0	0	0	0	0	0	0	0	1	0
C	Marios	22	150	2	1	3_____	54750	15	1	0	0	0	0	0	0	0	0	0
C	Marios	22	150	2	1	3_____	54880	1	0	0	0	0	1	0	0	0	0	0
C	Marios	22	150	2	1	3_____	54896	1	0	0	0	0	0	0	0	0	1	0
C	Marios	22	150	2	1	3_____	57541	1	0	0	0	0	1	0	0	0	0	0
C	Marios	22	150	2	1	3_____	57747	1	0	0	0	0	0	0	0	0	1	0
C	Marios	22	150	2	1	3_____	57929	1	0	0	0	0	1	0	0	0	0	0
C	Marios	22	150	2	1	3_____	58058	1	0	0	0	0	0	0	0	0	1	0
C	Marios	22	150	2	1	3_____	58600	1	0	0	0	0	1	0	0	0	0	0
C	Marios	22	150	2	1	3_____	58686	1	0	0	0	0	0	0	0	0	1	0
C	Marios	22	150	2	1	3_____	60000	1	2	0	0	0	0	0	0	0	0	0
C	Marios	22	150	2	1	3_____	60500	2	7	0	0	0	0	0	0	0	0	0
C	Marios	22	150	2	1	3_____	60590	7	0	0	0	0	1	0	0	0	0	0
C	Marios	22	150	2	1	3_____	60722	7	0	0	0	0	0	0	0	0	1	0
C	Marios	22	150	2	1	3_____	60865	7	0	0	0	0	1	0	0	0	0	0
C	Marios	22	150	2	1	3_____	60956	7	0	0	0	0	0	0	0	0	1	0
C	Marios	22	150	2	1	3_____	61000	7	10	0	0	0	0	0	0	0	0	0
C	Marios	22	150	2	1	3_____	61038	10	0	0	0	0	1	0	0	0	0	0
C	Marios	22	150	2	1	3_____	61256	10	0	0	0	0	1	0	0	0	1	0
C	Marios	22	150	2	1	3_____	61266	10	0	0	0	0	0	0	0	0	1	0
C	Marios	22	150	2	1	3_____	61333	10	0	0	0	0	1	0	0	0	0	0
C	Marios	22	150	2	1	3_____	61334	10	0	0	0	0	0	0	0	0	1	0
C	Marios	22	150	2	1	3_____	61445	10	0	0	0	0	1	0	0	0	0	0
C	Marios	22	150	2	1	3_____	61482	10	0	0	0	0	0	0	0	0	1	0
C	Marios	22	150	2	1	3_____	61500	10	1	0	0	0	0	0	0	0	0	0
C	Marios	22	150	2	1	3_____	62788	1	0	0	0	0	1	0	0	0	0	0
C	Marios	22	150	2	1	3_____	62799	1	0	0	0	0	0	0	0	0	1	0
C	Marios	22	150	2	1	3_____	63041	1	0	0	0	0	1	0	0	0	0	0
C	Marios	22	150	2	1	3_____	63135	1	0	0	0	0	0	0	0	0	1	0
C	Marios	22	150	2	1	3_____	64164	1	0	0	0	0	1	0	0	0	0	0
C	Marios	22	150	2	1	3_____	64240	1	0	0	0	0	0	0	0	0	1	0
C	Marios	22	150	2	1	3_____	64246	1	0	0	0	0	1	0	0	0	0	0
C	Marios	22	150	2	1	3_____	64508	1	0	0	0	0	0	0	0	0	1	0
C	Marios	22	150	2	1	3_____	64509	1	0	0	0	0	1	0	0	0	0	0
C	Marios	22	150	2	1	3_____	64514	1	0	0	0	0	0	0	0	0	1	0
C	Marios	22	150	2	1	3_____	64516	1	0	0	0	0	1	0	0	0	0	0
C	Marios	22	150	2	1	3_____	64644	1	0	0	0	0	0	0	0	0	1	0
C	Marios	22	150	2	1	3_____	65582	1	0	0	0	0	1	0	0	0	0	0
C	Marios	22	150	2	1	3_____	65611	1	0	0	0	0	0	0	0	0	1	0
C	Marios	22	150	2	1	3_____	65616	1	0	0	0	0	1	0	0	0	0	0
C	Marios	22	150	2	1	3_____	65631	1	0	0	0	0	0	0	0	0	1	0
C	Marios	22	150	2	1	3_____	65645	1	0	0	0	0	1	0	0	0	0	0
C	Marios	22	150	2	1	3_____	65723	1	0	0	0	0	0	0	0	0	1	0
C	Marios	22	150	2	1	3_____	65724	1	0	0	0	0	1	0	0	0	0	0
C	Marios	22	150	2	1	3_____	65732	1	0	0	0	0	0	0	0	0	1	0
C	Marios	22	150	2	1	3_____	66410	1	0	0	0	0	1	0	0	0	0	0
C	Marios	22	150	2	1	3_____	66620	1	0	0	0	0	0	0	0	0	1	0
C	Marios	22	150	2	1	3_____	66626	1	0	0	0	0	1	0	0	0	0	0
C	Marios	22	150	2	1	3_____	67089	1	0	0	0	0	0	0	0	0	1	0
C	Marios	22	150	2	1	3_____	67500	1	2	0	0	0	0	0	0	0	0	0
C	Marios	22	150	2	1	3_____	68000	2	12	0	0	0	0	0	0	0	0	0
C	Marios	22	150	2	1	3_____	68090	12	0	0	0	0	1	0	0	0	0	0
C	Marios	22	150	2	1	3_____	68132	12	0	0	0	0	0	0	0	0	1	0
C	Marios	22	150	2	1	3_____	68245	12	0	0	0	0	1	0	0	0	0	0
C	Marios	22	150	2	1	3_____	68342	12	0	0	0	0	0	0	0	0	1	0
C	Marios	22	150	2	1	3_____	68500	12	15	0	0	0	0	0	0	0	0	0
C	Marios	22	150	2	1	3_____	68551	15	0	0	0	0	1	0	0	0	0	0
C	Marios	22	150	2	1	3_____	68706	15	0	0	0	0	0	0	0	0	1	0
C	Marios	22	150	2	1	3_____	69000	15	1	0	0	0	0	0	0	0	0	0
C	Marios	22	150	2	1	3_____	70500	1	2	0	0	0	0	0	0	0	0	0
C	Marios	22	150	2	1	3_____	70502	2	0	0	0	0	1	0	0	0	0	0
C	Marios	22	150	2	1	3_____	70633	2	0	0	0	0	0	0	0	0	1	0
C	Marios	22	150	2	1	3_____	70920	2	0	0	0	0	1	0	0	0	0	0
C	Marios	22	150	2	1	3_____	71000	2	13	0	0	0	0	0	0	0	0	0
C	Marios	22	150	2	1	3_____	71012	13	0	0	0	0	0	0	0	0	1	0
C	Marios	22	150	2	1	3_____	71045	13	0	0	0	0	1	0	0	0	0	0
C	Marios	22	150	2	1	3_____	71081	13	0	0	0	0	0	0	0	0	1	0
C	Marios	22	150	2	1	3_____	71362	13	0	0	0	0	1	0	0	0	0	0
C	Marios	22	150	2	1	3_____	71494	13	0	0	0	0	0	0	0	0	1	0
C	Marios	22	150	2	1	3_____	71500	13	15	0	0	0	0	0	0	0	0	0
C	Marios	22	150	2	1	3_____	72000	15	1	0	0	0	0	0	0	0	0	0
C	Marios	22	150	2	1	3_____	72453	1	0	0	0	0	1	0	0	0	0	0
C	Marios	22	150	2	1	3_____	72919	1	0	0	0	0	0	0	0	0	1	0
C	Marios	22	150	2	1	3_____	75750	1	2	0	0	0	0	0	0	0	0	0
C	Marios	22	150	2	1	3_____	76134	2	0	0	0	0	1	0	0	0	0	0
C	Marios	22	150	2	1	3_____	76250	2	6	0	0	0	0	0	0	0	1	0
C	Marios	22	150	2	1	3_____	76294	6	0	0	0	0	1	0	0	0	0	0
C	Marios	22	150	2	1	3_____	76351	6	0	0	0	0	0	0	0	0	1	0
C	Marios	22	150	2	1	3_____	76408	6	0	0	0	0	1	0	0	0	0	0
C	Marios	22	150	2	1	3_____	76457	6	0	0	0	0	0	0	0	0	1	0
C	Marios	22	150	2	1	3_____	76537	6	0	0	0	0	1	0	0	0	0	0
C	Marios	22	150	2	1	3_____	76597	6	0	0	0	0	0	0	0	0	1	0
C	Marios	22	150	2	1	3_____	76713	6	0	0	0	0	1	0	0	0	0	0
C	Marios	22	150	2	1	3_____	76750	6	11	0	0	0	0	0	0	0	0	0
C	Marios	22	150	2	1	3_____	76925	11	0	0	0	0	0	0	0	0	1	0
C	Marios	22	150	2	1	3_____	76956	11	0	0	0	0	1	0	0	0	0	0
C	Marios	22	150	2	1	3_____	76958	11	0	0	0	0	0	0	0	0	1	0
C	Marios	22	150	2	1	3_____	76963	11	0	0	0	0	1	0	0	0	0	0
C	Marios	22	150	2	1	3_____	76968	11	0	0	0	0	0	0	0	0	1	0
C	Marios	22	150	2	1	3_____	76976	11	0	0	0	0	1	0	0	0	0	0
C	Marios	22	150	2	1	3_____	76978	11	0	0	0	0	0	0	0	0	1	0
C	Marios	22	150	2	1	3_____	76982	11	0	0	0	0	1	0	0	0	0	0
C	Marios	22	150	2	1	3_____	76985	11	0	0	0	0	0	0	0	0	1	0
C	Marios	22	150	2	1	3_____	77005	11	0	0	0	0	1	0	0	0	0	0
C	Marios	22	150	2	1	3_____	77007	11	0	0	0	0	0	0	0	0	1	0
C	Marios	22	150	2	1	3_____	77008	11	0	0	0	0	1	0	0	0	0	0
C	Marios	22	150	2	1	3_____	77011	11	0	0	0	0	0	0	0	0	1	0
C	Marios	22	150	2	1	3_____	77050	11	0	0	0	0	1	0	0	0	0	0
C	Marios	22	150	2	1	3_____	77056	11	0	0	0	0	0	0	0	0	1	0
C	Marios	22	150	2	1	3_____	77059	11	0	0	0	0	1	0	0	0	0	0
C	Marios	22	150	2	1	3_____	77064	11	0	0	0	0	0	0	0	0	1	0
C	Marios	22	150	2	1	3_____	77108	11	0	0	0	0	1	0	0	0	0	0
C	Marios	22	150	2	1	3_____	77123	11	0	0	0	0	0	0	0	0	1	0
C	Marios	22	150	2	1	3_____	77171	11	0	0	0	0	1	0	0	0	0	0
C	Marios	22	150	2	1	3_____	77177	11	0	0	0	0	0	0	0	0	1	0
C	Marios	22	150	2	1	3_____	77178	11	0	0	0	0	1	0	0	0	0	0
C	Marios	22	150	2	1	3_____	77183	11	0	0	0	0	0	0	0	0	1	0
C	Marios	22	150	2	1	3_____	77186	11	0	0	0	0	1	0	0	0	0	0
C	Marios	22	150	2	1	3_____	77250	11	1	0	0	0	0	0	0	0	0	0
C	Marios	22	150	2	1	3_____	77371	1	0	0	0	0	0	0	0	0	1	0
C	Marios	22	150	2	1	3_____	77715	1	0	0	0	0	1	0	0	0	0	0
C	Marios	22	150	2	1	3_____	77730	1	0	0	0	0	0	0	0	0	1	0
C	Marios	22	150	2	1	3_____	78719	1	0	0	0	0	1	0	0	0	0	0
C	Marios	22	150	2	1	3_____	78721	1	0	0	0	0	0	0	0	0	1	0
C	Marios	22	150	2	1	3_____	79038	1	0	0	0	0	1	0	0	0	0	0
C	Marios	22	150	2	1	3_____	79173	1	0	0	0	0	0	0	0	0	1	0
C	Marios	22	150	2	1	3_____	79315	1	0	0	0	0	1	0	0	0	0	0
C	Marios	22	150	2	1	3_____	79415	1	0	0	0	0	0	0	0	0	1	0
C	Marios	22	150	2	1	3_____	80106	1	0	0	0	0	1	0	0	0	0	0
C	Marios	22	150	2	1	3_____	80122	1	0	0	0	0	0	0	0	0	1	0
C	Marios	22	150	2	1	3_____	80442	1	0	0	0	0	1	0	0	0	0	0
C	Marios	22	150	2	1	3_____	80609	1	0	0	0	0	0	0	0	0	1	0
C	Marios	22	150	2	1	3_____	80965	1	0	0	0	0	1	0	0	0	0	0
C	Marios	22	150	2	1	3_____	81208	1	0	0	0	0	0	0	0	0	1	0
C	Marios	22	150	2	1	3_____	81646	1	0	0	0	0	1	0	0	0	0	0
C	Marios	22	150	2	1	3_____	82132	1	0	0	0	0	0	0	0	0	1	0
C	Marios	22	150	2	1	3_____	82178	1	0	0	0	0	1	0	0	0	0	0
C	Marios	22	150	2	1	3_____	82208	1	0	0	0	0	0	0	0	0	1	0
C	Marios	22	150	2	1	3_____	83454	1	0	0	0	0	1	0	0	0	0	0
C	Marios	22	150	2	1	3_____	83458	1	0	0	0	0	0	0	0	0	1	0
C	Marios	22	150	2	1	3_____	83511	1	0	0	0	0	1	0	0	0	0	0
C	Marios	22	150	2	1	3_____	83664	1	0	0	0	0	0	0	0	0	1	0
C	Marios	22	150	2	1	3_____	83879	1	0	0	0	0	1	0	0	0	0	0
C	Marios	22	150	2	1	3_____	84000	1	2	0	0	0	0	0	0	0	0	0
C	Marios	22	150	2	1	3_____	84101	2	0	0	0	0	0	0	0	0	1	0
C	Marios	22	150	2	1	3_____	84500	2	12	0	0	0	0	0	0	0	0	0
C	Marios	22	150	2	1	3_____	84625	12	0	0	0	0	1	0	0	0	0	0
C	Marios	22	150	2	1	3_____	84738	12	0	0	0	0	0	0	0	0	1	0
C	Marios	22	150	2	1	3_____	84962	12	0	0	0	0	1	0	0	0	0	0
C	Marios	22	150	2	1	3_____	85000	12	15	0	0	0	0	0	0	0	0	0
C	Marios	22	150	2	1	3_____	85222	15	0	0	0	0	0	0	0	0	1	0
C	Marios	22	150	2	1	3_____	85224	15	0	0	0	0	1	0	0	0	0	0
C	Marios	22	150	2	1	3_____	85354	15	0	0	0	0	0	0	0	0	1	0
C	Marios	22	150	2	1	3_____	85500	15	1	0	0	0	0	0	0	0	0	0
C	Marios	22	150	2	1	3_____	86008	1	0	0	0	0	1	0	0	0	0	0
C	Marios	22	150	2	1	3_____	86013	1	0	0	0	0	0	0	0	0	1	0
C	Marios	22	150	2	1	3_____	86015	1	0	0	0	0	1	0	0	0	0	0
C	Marios	22	150	2	1	3_____	86418	1	0	0	0	0	0	0	0	0	1	0
C	Marios	22	150	2	1	3_____	87235	1	0	0	0	0	1	0	0	0	0	0
C	Marios	22	150	2	1	3_____	87381	1	0	0	0	0	0	0	0	0	1	0
C	Marios	22	150	2	1	3_____	87566	1	0	0	0	0	1	0	0	0	0	0
C	Marios	22	150	2	1	3_____	87576	1	0	0	0	0	0	0	0	0	1	0
C	Marios	22	150	2	1	3_____	87613	1	0	0	0	0	1	0	0	0	0	0
C	Marios	22	150	2	1	3_____	87663	1	0	0	0	0	0	0	0	0	1	0
C	Marios	22	150	2	1	3_____	89000	1	2	0	0	0	0	0	0	0	0	0
C	Marios	22	150	2	1	3_____	89295	2	0	0	0	0	1	0	0	0	0	0
C	Marios	22	150	2	1	3_____	89466	2	0	0	0	0	0	0	0	0	1	0
C	Marios	22	150	2	1	3_____	89500	2	12	0	0	0	0	0	0	0	0	0
C	Marios	22	150	2	1	3_____	89584	12	0	0	0	0	1	0	0	0	0	0
C	Marios	22	150	2	1	3_____	89675	12	0	0	0	0	0	0	0	0	1	0
C	Marios	22	150	2	1	3_____	89875	12	0	0	0	0	1	0	0	0	0	0
C	Marios	22	150	2	1	3_____	90000	12	15	0	0	0	0	0	0	0	0	0
C	Marios	22	150	2	1	3_____	90059	15	0	0	0	0	0	0	0	0	1	0
C	Marios	22	150	2	1	3_____	90381	15	0	0	0	0	1	0	0	0	0	0
C	Marios	22	150	2	1	3_____	90500	15	1	0	0	0	0	0	0	0	0	0
C	Marios	22	150	2	1	3_____	90541	1	0	0	0	0	0	0	0	0	1	0
C	Marios	22	150	2	1	3_____	91724	1	0	0	0	0	1	0	0	0	0	0
C	Marios	22	150	2	1	3_____	91860	1	0	0	0	0	0	0	0	0	1	0
C	Marios	22	150	2	1	3_____	92488	1	0	0	0	0	1	0	0	0	0	0
C	Marios	22	150	2	1	3_____	92541	1	0	0	0	0	0	0	0	0	1	0
C	Marios	22	150	2	1	3_____	92686	1	0	0	0	0	1	0	0	0	0	0
C	Marios	22	150	2	1	3_____	92723	1	0	0	0	0	0	0	0	0	1	0
C	Marios	22	150	2	1	3_____	94719	1	0	0	0	0	1	0	0	0	0	0
C	Marios	22	150	2	1	3_____	94792	1	0	0	0	0	0	0	0	0	1	0
C	Marios	22	150	2	1	3_____	94966	1	0	0	0	0	1	0	0	0	0	0
C	Marios	22	150	2	1	3_____	95333	1	0	0	0	0	0	0	0	0	1	0
C	Marios	22	150	2	1	3_____	95750	1	2	0	0	0	0	0	0	0	0	0
C	Marios	22	150	2	1	3_____	95933	2	0	0	0	0	1	0	0	0	0	0
C	Marios	22	150	2	1	3_____	96250	2	13	0	0	0	0	0	0	0	0	0
C	Marios	22	150	2	1	3_____	96258	13	0	0	0	0	0	0	0	0	1	0
C	Marios	22	150	2	1	3_____	96377	13	0	0	0	0	1	0	0	0	0	0
C	Marios	22	150	2	1	3_____	96553	13	0	0	0	0	0	0	0	0	1	0
C	Marios	22	150	2	1	3_____	96666	13	0	0	0	0	1	0	0	0	0	0
C	Marios	22	150	2	1	3_____	96750	13	15	0	0	0	0	0	0	0	0	0
C	Marios	22	150	2	1	3_____	96860	15	0	0	0	0	0	0	0	0	1	0
C	Marios	22	150	2	1	3_____	97072	15	0	0	0	0	1	0	0	0	0	0
C	Marios	22	150	2	1	3_____	97206	15	0	0	0	0	0	0	0	0	1	0
C	Marios	22	150	2	1	3_____	97250	15	1	0	0	0	0	0	0	0	0	0
C	Marios	22	150	2	1	3_____	98057	1	0	0	0	0	1	0	0	0	0	0
C	Marios	22	150	2	1	3_____	98563	1	0	0	0	0	0	0	0	0	1	0
C	Marios	22	150	2	1	3_____	98566	1	0	0	0	0	1	0	0	0	0	0
C	Marios	22	150	2	1	3_____	98736	1	0	0	0	0	0	0	0	0	1	0
C	Marios	22	150	2	1	3_____	99392	1	0	0	0	0	1	0	0	0	0	0
C	Marios	22	150	2	1	3_____	99536	1	0	0	0	0	0	0	0	0	1	0
C	Marios	22	150	2	1	3_____	99926	1	0	0	0	0	1	0	0	0	0	0
C	Marios	22	150	2	1	3_____	100125	1	0	0	0	0	0	0	0	0	1	0
C	Marios	22	150	2	1	3_____	100134	1	0	0	0	0	1	0	0	0	0	0
C	Marios	22	150	2	1	3_____	100144	1	0	0	0	0	0	0	0	0	1	0
C	Marios	22	150	2	1	3_____	100151	1	0	0	0	0	1	0	0	0	0	0
C	Marios	22	150	2	1	3_____	100316	1	0	0	0	0	0	0	0	0	1	0
C	Marios	22	150	2	1	3_____	100372	1	0	0	0	0	1	0	0	0	0	0
C	Marios	22	150	2	1	3_____	100375	1	0	0	0	0	0	0	0	0	1	0
C	Marios	22	150	2	1	3_____	101750	1	2	0	0	0	0	0	0	0	0	0
C	Marios	22	150	2	1	3_____	102250	2	7	0	0	0	0	0	0	0	0	0
C	Marios	22	150	2	1	3_____	102295	7	0	0	0	0	1	0	0	0	0	0
C	Marios	22	150	2	1	3_____	102368	7	0	0	0	0	0	0	0	0	1	0
C	Marios	22	150	2	1	3_____	102437	7	0	0	0	0	1	0	0	0	0	0
C	Marios	22	150	2	1	3_____	102560	7	0	0	0	0	0	0	0	0	1	0
C	Marios	22	150	2	1	3_____	102640	7	0	0	0	0	1	0	0	0	0	0
C	Marios	22	150	2	1	3_____	102711	7	0	0	0	0	0	0	0	0	1	0
C	Marios	22	150	2	1	3_____	102750	7	10	0	0	0	0	0	0	0	0	0
C	Marios	22	150	2	1	3_____	102790	10	0	0	0	0	1	0	0	0	0	0
C	Marios	22	150	2	1	3_____	103162	10	0	0	0	0	0	0	0	0	1	0
C	Marios	22	150	2	1	3_____	103180	10	0	0	0	0	1	0	0	0	0	0
C	Marios	22	150	2	1	3_____	103186	10	0	0	0	0	0	0	0	0	1	0
C	Marios	22	150	2	1	3_____	103187	10	0	0	0	0	1	0	0	0	0	0
C	Marios	22	150	2	1	3_____	103241	10	0	0	0	0	0	0	0	0	1	0
C	Marios	22	150	2	1	3_____	103243	10	0	0	0	0	1	0	0	0	0	0
C	Marios	22	150	2	1	3_____	103250	10	1	0	0	0	0	0	0	0	0	0
C	Marios	22	150	2	1	3_____	103314	1	0	0	0	0	0	0	0	0	1	0
C	Marios	22	150	2	1	3_____	103339	1	0	0	0	0	1	0	0	0	0	0
C	Marios	22	150	2	1	3_____	103342	1	0	0	0	0	0	0	0	0	1	0
C	Marios	22	150	2	1	3_____	103343	1	0	0	0	0	1	0	0	0	0	0
C	Marios	22	150	2	1	3_____	103375	1	0	0	0	0	1	0	0	0	1	0
C	Marios	22	150	2	1	3_____	103449	1	0	0	0	0	0	0	0	0	1	0
C	Marios	22	150	2	1	3_____	103450	1	0	0	0	0	1	0	0	0	0	0
C	Marios	22	150	2	1	3_____	103466	1	0	0	0	0	0	0	0	0	1	0
C	Marios	22	150	2	1	3_____	103978	1	0	0	0	0	1	0	0	0	0	0
C	Marios	22	150	2	1	3_____	103994	1	0	0	0	0	0	0	0	0	1	0
C	Marios	22	150	2	1	3_____	105569	1	0	0	0	0	1	0	0	0	0	0
C	Marios	22	150	2	1	3_____	105582	1	0	0	0	0	0	0	0	0	1	0
C	Marios	22	150	2	1	3_____	105594	1	0	0	0	0	1	0	0	0	0	0
C	Marios	22	150	2	1	3_____	105628	1	0	0	0	0	0	0	0	0	1	0
C	Marios	22	150	2	1	3_____	106034	1	0	0	0	0	1	0	0	0	0	0
C	Marios	22	150	2	1	3_____	106064	1	0	0	0	0	0	0	0	0	1	0
C	Marios	22	150	2	1	3_____	106073	1	0	0	0	0	1	0	0	0	0	0
C	Marios	22	150	2	1	3_____	106138	1	0	0	0	0	0	0	0	0	1	0
C	Marios	22	150	2	1	3_____	106140	1	0	0	0	0	1	0	0	0	0	0
C	Marios	22	150	2	1	3_____	106146	1	0	0	0	0	0	0	0	0	1	0
C	Marios	22	150	2	1	3_____	109798	1	0	0	0	0	1	0	0	0	0	0
C	Marios	22	150	2	1	3_____	109899	1	0	0	0	0	0	0	0	0	1	0
C	Marios	22	150	2	1	3_____	110750	1	2	0	0	0	0	0	0	0	0	0
C	Marios	22	150	2	1	3_____	111250	2	13	0	0	0	0	0	0	0	0	0
C	Marios	22	150	2	1	3_____	111323	13	0	0	0	0	1	0	0	0	0	0
C	Marios	22	150	2	1	3_____	111512	13	0	0	0	0	0	0	0	0	1	0
C	Marios	22	150	2	1	3_____	111626	13	0	0	0	0	1	0	0	0	0	0
C	Marios	22	150	2	1	3_____	111750	13	15	0	0	0	0	0	0	0	0	0
C	Marios	22	150	2	1	3_____	111891	15	0	0	0	0	0	0	0	0	1	0
C	Marios	22	150	2	1	3_____	112250	15	1	0	0	0	0	0	0	0	0	0
C	Marios	22	150	2	1	3_____	112364	1	0	0	0	0	1	0	0	0	0	0
C	Marios	22	150	2	1	3_____	112655	1	0	0	0	0	0	0	0	0	1	0
C	Marios	22	150	2	1	3_____	113676	1	0	0	0	0	1	0	0	0	0	0
C	Marios	22	150	2	1	3_____	114062	1	0	0	0	0	0	0	0	0	1	0
C	Marios	22	150	2	1	3_____	115093	1	0	0	0	0	1	0	0	0	0	0
C	Marios	22	150	2	1	3_____	115250	1	2	0	0	0	0	0	0	0	0	0
C	Marios	22	150	2	1	3_____	115252	2	0	0	0	0	0	0	0	0	1	0
C	Marios	22	150	2	1	3_____	115381	2	0	0	0	0	1	0	0	0	0	0
C	Marios	22	150	2	1	3_____	115395	2	0	0	0	0	0	0	0	0	1	0
C	Marios	22	150	2	1	3_____	115750	2	12	0	0	0	0	0	0	0	0	0
C	Marios	22	150	2	1	3_____	115795	12	0	0	0	0	1	0	0	0	0	0
C	Marios	22	150	2	1	3_____	115882	12	0	0	0	0	0	0	0	0	1	0
C	Marios	22	150	2	1	3_____	115988	12	0	0	0	0	1	0	0	0	0	0
C	Marios	22	150	2	1	3_____	116098	12	0	0	0	0	0	0	0	0	1	0
C	Marios	22	150	2	1	3_____	116224	12	0	0	0	0	1	0	0	0	0	0
C	Marios	22	150	2	1	3_____	116250	12	15	0	0	0	0	0	0	0	0	0
C	Marios	22	150	2	1	3_____	116350	15	0	0	0	0	0	0	0	0	1	0
C	Marios	22	150	2	1	3_____	116701	15	0	0	0	0	1	0	0	0	0	0
C	Marios	22	150	2	1	3_____	116750	15	1	0	0	0	0	0	0	0	0	0
C	Marios	22	150	2	1	3_____	117027	1	0	0	0	0	0	0	0	0	1	0
C	Marios	22	150	2	1	3_____	118250	1	2	0	0	0	0	0	0	0	0	0
C	Marios	22	150	2	1	3_____	118750	2	6	0	0	0	0	0	0	0	0	0
C	Marios	22	150	2	1	3_____	118791	6	0	0	0	0	1	0	0	0	0	0
C	Marios	22	150	2	1	3_____	118886	6	0	0	0	0	0	0	0	0	1	0
C	Marios	22	150	2	1	3_____	118952	6	0	0	0	0	1	0	0	0	0	0
C	Marios	22	150	2	1	3_____	119057	6	0	0	0	0	0	0	0	0	1	0
C	Marios	22	150	2	1	3_____	119124	6	0	0	0	0	1	0	0	0	0	0
C	Marios	22	150	2	1	3_____	119192	6	0	0	0	0	0	0	0	0	1	0
C	Marios	22	150	2	1	3_____	119250	6	11	0	0	0	0	0	0	0	0	0
C	Marios	22	150	2	1	3_____	119268	11	0	0	0	0	1	0	0	0	0	0
C	Marios	22	150	2	1	3_____	119589	11	0	0	0	0	0	0	0	0	1	0
C	Marios	22	150	2	1	3_____	119593	11	0	0	0	0	1	0	0	0	0	0
C	Marios	22	150	2	1	3_____	119598	11	0	0	0	0	0	0	0	0	1	0
C	Marios	22	150	2	1	3_____	119601	11	0	0	0	0	1	0	0	0	0	0
C	Marios	22	150	2	1	3_____	119608	11	0	0	0	0	0	0	0	0	1	0
C	Marios	22	150	2	1	3_____	119637	11	0	0	0	0	1	0	0	0	0	0
C	Marios	22	150	2	1	3_____	119649	11	0	0	0	0	1	0	0	0	1	0
C	Marios	22	150	2	1	3_____	119652	11	0	0	0	0	0	0	0	0	1	0
C	Marios	22	150	2	1	3_____	119678	11	0	0	0	0	1	0	0	0	0	0
C	Marios	22	150	2	1	3_____	119687	11	0	0	0	0	0	0	0	0	1	0
C	Marios	22	150	2	1	3_____	119689	11	0	0	0	0	1	0	0	0	0	0
C	Marios	22	150	2	1	3_____	119750	11	1	0	0	0	0	0	0	0	0	0
C	Marios	22	150	2	1	3_____	119794	1	0	0	0	0	0	0	0	0	1	0
C	Marios	22	150	2	1	3_____	122699	1	0	0	0	0	1	0	0	0	0	0
C	Marios	22	150	2	1	3_____	122740	1	0	0	0	0	0	0	0	0	1	0
C	Marios	22	150	2	1	3_____	122741	1	0	0	0	0	1	0	0	0	0	0
C	Marios	22	150	2	1	3_____	122848	1	0	0	0	0	0	0	0	0	1	0
C	Marios	22	150	2	1	3_____	123226	1	0	0	0	0	1	0	0	0	0	0
C	Marios	22	150	2	1	3_____	123338	1	0	0	0	0	0	0	0	0	1	0
C	Marios	22	150	2	1	3_____	123349	1	0	0	0	0	1	0	0	0	0	0
C	Marios	22	150	2	1	3_____	123369	1	0	0	0	0	0	0	0	0	1	0
C	Marios	22	150	2	1	3_____	123372	1	0	0	0	0	1	0	0	0	0	0
C	Marios	22	150	2	1	3_____	123390	1	0	0	0	0	0	0	0	0	1	0
C	Marios	22	150	2	1	3_____	123393	1	0	0	0	0	1	0	0	0	0	0
C	Marios	22	150	2	1	3_____	123413	1	0	0	0	0	0	0	0	0	1	0
C	Marios	22	150	2	1	3_____	123414	1	0	0	0	0	1	0	0	0	0	0
C	Marios	22	150	2	1	3_____	123460	1	0	0	0	0	0	0	0	0	1	0
C	Marios	22	150	2	1	3_____	124105	1	0	0	0	0	1	0	0	0	0	0
C	Marios	22	150	2	1	3_____	124109	1	0	0	0	0	0	0	0	0	1	0
C	Marios	22	150	2	1	3_____	124171	1	0	0	0	0	1	0	0	0	0	0
C	Marios	22	150	2	1	3_____	124175	1	0	0	0	0	0	0	0	0	1	0
C	Marios	22	150	2	1	3_____	125267	1	0	0	0	0	1	0	0	0	0	0
C	Marios	22	150	2	1	3_____	125448	1	0	0	0	0	0	0	0	0	1	0
C	Marios	22	150	2	1	3_____	125750	1	2	0	0	0	0	0	0	0	0	0
C	Marios	22	150	2	1	3_____	126250	2	7	0	0	0	0	0	0	0	0	0
C	Marios	22	150	2	1	3_____	126446	7	0	0	0	0	1	0	0	0	0	0
C	Marios	22	150	2	1	3_____	126485	7	0	0	0	0	0	0	0	0	1	0
C	Marios	22	150	2	1	3_____	126541	7	0	0	0	0	1	0	0	0	0	0
C	Marios	22	150	2	1	3_____	126570	7	0	0	0	0	0	0	0	0	1	0
C	Marios	22	150	2	1	3_____	126686	7	0	0	0	0	1	0	0	0	0	0
C	Marios	22	150	2	1	3_____	126750	7	10	0	0	0	0	0	0	0	0	0
C	Marios	22	150	2	1	3_____	126945	10	0	0	0	0	0	0	0	0	1	0
C	Marios	22	150	2	1	3_____	127048	10	0	0	0	0	1	0	0	0	0	0
C	Marios	22	150	2	1	3_____	127060	10	0	0	0	0	0	0	0	0	1	0
C	Marios	22	150	2	1	3_____	127250	10	1	0	0	0	0	0	0	0	0	0
C	Marios	22	150	2	1	3_____	131750	1	2	0	0	0	0	0	0	0	0	0
C	Marios	22	150	2	1	3_____	132250	2	12	0	0	0	0	0	0	0	0	0
C	Marios	22	150	2	1	3_____	132291	12	0	0	0	0	1	0	0	0	0	0
C	Marios	22	150	2	1	3_____	132334	12	0	0	0	0	0	0	0	0	1	0
C	Marios	22	150	2	1	3_____	132500	12	0	0	0	0	1	0	0	0	0	0
C	Marios	22	150	2	1	3_____	132609	12	0	0	0	0	0	0	0	0	1	0
C	Marios	22	150	2	1	3_____	132650	12	0	0	0	0	1	0	0	0	0	0
C	Marios	22	150	2	1	3_____	132744	12	0	0	0	0	0	0	0	0	1	0
C	Marios	22	150	2	1	3_____	132750	12	15	0	0	0	0	0	0	0	0	0
C	Marios	22	150	2	1	3_____	133250	15	1	0	0	0	0	0	0	0	0	0
C	Marios	22	150	2	1	3_____	135500	1	2	0	0	0	0	0	0	0	0	0
C	Marios	22	150	2	1	3_____	136000	2	13	0	0	0	0	0	0	0	0	0
C	Marios	22	150	2	1	3_____	136054	13	0	0	0	0	1	0	0	0	0	0
C	Marios	22	150	2	1	3_____	136249	13	0	0	0	0	0	0	0	0	1	0
C	Marios	22	150	2	1	3_____	136500	13	15	0	0	0	0	0	0	0	0	0
C	Marios	22	150	2	1	3_____	137000	15	1	0	0	0	0	0	0	0	0	0
C	Marios	22	150	2	1	3_____	137619	1	0	0	0	0	1	0	0	0	0	0
C	Marios	22	150	2	1	3_____	137738	1	0	0	0	0	0	0	0	0	1	0
C	Marios	22	150	2	1	3_____	141659	1	0	0	0	0	1	0	0	0	0	0
C	Marios	22	150	2	1	3_____	142043	1	0	0	0	0	0	0	0	0	1	0
C	Marios	22	150	2	1	3_____	142063	1	0	0	0	0	1	0	0	0	0	0
C	Marios	22	150	2	1	3_____	142237	1	0	0	0	0	0	0	0	0	1	0
C	Marios	22	150	2	1	3_____	142500	1	2	0	0	0	0	0	0	0	0	0
C	Marios	22	150	2	1	3_____	142829	2	0	0	0	0	1	0	0	0	0	0
C	Marios	22	150	2	1	3_____	143000	2	13	0	0	0	0	0	0	0	0	0
C	Marios	22	150	2	1	3_____	143007	13	0	0	0	0	0	0	0	0	1	0
C	Marios	22	150	2	1	3_____	143211	13	0	0	0	0	1	0	0	0	0	0
C	Marios	22	150	2	1	3_____	143378	13	0	0	0	0	0	0	0	0	1	0
C	Marios	22	150	2	1	3_____	143500	13	15	0	0	0	0	0	0	0	0	0
C	Marios	22	150	2	1	3_____	143693	15	0	0	0	0	1	0	0	0	0	0
C	Marios	22	150	2	1	3_____	143862	15	0	0	0	0	0	0	0	0	1	0
C	Marios	22	150	2	1	3_____	144000	15	14	0	0	0	0	0	0	0	0	0
C	Marios	22	150	2	1	3_____	146620	14	0	0	0	0	1	0	0	0	0	0
C	Marios	22	150	2	1	3_____	146786	14	0	0	0	0	0	0	0	0	1	0
C	Marios	22	150	2	1	3_____	146836	14	0	0	0	0	1	0	0	0	0	0
C	Marios	22	150	2	1	3_____	147000	14	-1	0	0	0	0	0	0	0	0	0
C	Marios	22	150	6	1	28____	0	0	1	0	0	0	0	0	0	0	0	0
C	Marios	22	150	6	1	28____	707	1	0	0	0	0	1	0	0	0	0	0
C	Marios	22	150	6	1	28____	718	1	0	0	0	0	0	0	0	0	1	0
C	Marios	22	150	6	1	28____	1668	1	0	0	0	0	1	0	0	0	0	0
C	Marios	22	150	6	1	28____	1692	1	0	0	0	0	0	0	0	0	1	0
C	Marios	22	150	6	1	28____	4252	1	0	0	0	0	1	0	0	0	0	0
C	Marios	22	150	6	1	28____	4280	1	0	0	0	0	0	0	0	0	1	0
C	Marios	22	150	6	1	28____	4500	1	2	0	0	0	0	0	0	0	0	0
C	Marios	22	150	6	1	28____	5000	2	7	0	0	0	0	0	0	0	0	0
C	Marios	22	150	6	1	28____	5108	7	0	0	0	0	1	0	0	0	0	0
C	Marios	22	150	6	1	28____	5130	7	0	0	0	0	0	0	0	0	1	0
C	Marios	22	150	6	1	28____	5181	7	0	0	0	0	1	0	0	0	0	0
C	Marios	22	150	6	1	28____	5237	7	0	0	0	0	0	0	0	0	1	0
C	Marios	22	150	6	1	28____	5269	7	0	0	0	0	1	0	0	0	0	0
C	Marios	22	150	6	1	28____	5330	7	0	0	0	0	0	0	0	0	1	0
C	Marios	22	150	6	1	28____	5470	7	0	0	0	0	1	0	0	0	0	0
C	Marios	22	150	6	1	28____	5500	7	10	0	0	0	0	0	0	0	0	0
C	Marios	22	150	6	1	28____	5694	10	0	0	0	0	0	0	0	0	1	0
C	Marios	22	150	6	1	28____	5714	10	0	0	0	0	1	0	0	0	0	0
C	Marios	22	150	6	1	28____	5773	10	0	0	0	0	0	0	0	0	1	0
C	Marios	22	150	6	1	28____	6000	10	1	0	0	0	0	0	0	0	0	0
C	Marios	22	150	6	1	28____	7396	1	0	0	0	0	1	0	0	0	0	0
C	Marios	22	150	6	1	28____	7419	1	0	0	0	0	0	0	0	0	1	0
C	Marios	22	150	6	1	28____	7500	1	2	0	0	0	0	0	0	0	0	0
C	Marios	22	150	6	1	28____	7633	2	0	0	0	0	1	0	0	0	0	0
C	Marios	22	150	6	1	28____	7635	2	0	0	0	0	0	0	0	0	1	0
C	Marios	22	150	6	1	28____	7638	2	0	0	0	0	1	0	0	0	0	0
C	Marios	22	150	6	1	28____	7648	2	0	0	0	0	0	0	0	0	1	0
C	Marios	22	150	6	1	28____	7725	2	0	0	0	0	1	0	0	0	0	0
C	Marios	22	150	6	1	28____	7746	2	0	0	0	0	0	0	0	0	1	0
C	Marios	22	150	6	1	28____	7752	2	0	0	0	0	1	0	0	0	0	0
C	Marios	22	150	6	1	28____	7753	2	0	0	0	0	0	0	0	0	1	0
C	Marios	22	150	6	1	28____	7773	2	0	0	0	0	1	0	0	0	0	0
C	Marios	22	150	6	1	28____	7803	2	0	0	0	0	0	0	0	0	1	0
C	Marios	22	150	6	1	28____	7991	2	0	0	0	0	1	0	0	0	0	0
C	Marios	22	150	6	1	28____	8000	2	13	0	0	0	0	0	0	0	0	0
C	Marios	22	150	6	1	28____	8009	13	0	0	0	0	0	0	0	0	1	0
C	Marios	22	150	6	1	28____	8500	13	15	0	0	0	0	0	0	0	0	0
C	Marios	22	150	6	1	28____	8539	15	0	0	0	0	1	0	0	0	0	0
C	Marios	22	150	6	1	28____	8541	15	0	0	0	0	0	0	0	0	1	0
C	Marios	22	150	6	1	28____	8542	15	0	0	0	0	1	0	0	0	0	0
C	Marios	22	150	6	1	28____	8582	15	0	0	0	0	0	0	0	0	1	0
C	Marios	22	150	6	1	28____	8725	15	0	0	0	0	1	0	0	0	0	0
C	Marios	22	150	6	1	28____	8768	15	0	0	0	0	0	0	0	0	1	0
C	Marios	22	150	6	1	28____	8771	15	0	0	0	0	1	0	0	0	0	0
C	Marios	22	150	6	1	28____	8834	15	0	0	0	0	0	0	0	0	1	0
C	Marios	22	150	6	1	28____	9000	15	1	0	0	0	0	0	0	0	0	0
C	Marios	22	150	6	1	28____	9822	1	0	0	0	0	1	0	0	0	0	0
C	Marios	22	150	6	1	28____	9833	1	0	0	0	0	0	0	0	0	1	0
C	Marios	22	150	6	1	28____	10260	1	0	0	0	0	1	0	0	0	0	0
C	Marios	22	150	6	1	28____	10266	1	0	0	0	0	0	0	0	0	1	0
C	Marios	22	150	6	1	28____	10616	1	0	0	0	0	1	0	0	0	0	0
C	Marios	22	150	6	1	28____	10653	1	0	0	0	0	0	0	0	0	1	0
C	Marios	22	150	6	1	28____	11815	1	0	0	0	0	1	0	0	0	0	0
C	Marios	22	150	6	1	28____	11859	1	0	0	0	0	0	0	0	0	1	0
C	Marios	22	150	6	1	28____	13163	1	0	0	0	0	1	0	0	0	0	0
C	Marios	22	150	6	1	28____	13176	1	0	0	0	0	0	0	0	0	1	0
C	Marios	22	150	6	1	28____	13395	1	0	0	0	0	1	0	0	0	0	0
C	Marios	22	150	6	1	28____	13403	1	0	0	0	0	0	0	0	0	1	0
C	Marios	22	150	6	1	28____	13520	1	0	0	0	0	1	0	0	0	0	0
C	Marios	22	150	6	1	28____	13543	1	0	0	0	0	0	0	0	0	1	0
C	Marios	22	150	6	1	28____	13914	1	0	0	0	0	1	0	0	0	0	0
C	Marios	22	150	6	1	28____	13928	1	0	0	0	0	0	0	0	0	1	0
C	Marios	22	150	6	1	28____	15571	1	0	0	0	0	1	0	0	0	0	0
C	Marios	22	150	6	1	28____	15574	1	0	0	0	0	0	0	0	0	1	0
C	Marios	22	150	6	1	28____	15716	1	0	0	0	0	1	0	0	0	0	0
C	Marios	22	150	6	1	28____	15734	1	0	0	0	0	0	0	0	0	1	0
C	Marios	22	150	6	1	28____	15750	1	2	0	0	0	0	0	0	0	0	0
C	Marios	22	150	6	1	28____	16250	2	13	0	0	0	0	0	0	0	0	0
C	Marios	22	150	6	1	28____	16750	13	15	0	0	0	0	0	0	0	0	0
C	Marios	22	150	6	1	28____	17250	15	1	0	0	0	0	0	0	0	0	0
C	Marios	22	150	6	1	28____	17724	1	0	0	0	0	1	0	0	0	0	0
C	Marios	22	150	6	1	28____	17746	1	0	0	0	0	0	0	0	0	1	0
C	Marios	22	150	6	1	28____	19411	1	0	0	0	0	1	0	0	0	0	0
C	Marios	22	150	6	1	28____	19417	1	0	0	0	0	0	0	0	0	1	0
C	Marios	22	150	6	1	28____	19435	1	0	0	0	0	1	0	0	0	0	0
C	Marios	22	150	6	1	28____	19483	1	0	0	0	0	0	0	0	0	1	0
C	Marios	22	150	6	1	28____	20250	1	2	0	0	0	0	0	0	0	0	0
C	Marios	22	150	6	1	28____	20750	2	12	0	0	0	0	0	0	0	0	0
C	Marios	22	150	6	1	28____	20913	12	0	0	0	0	1	0	0	0	0	0
C	Marios	22	150	6	1	28____	20927	12	0	0	0	0	0	0	0	0	1	0
C	Marios	22	150	6	1	28____	21250	12	15	0	0	0	0	0	0	0	0	0
C	Marios	22	150	6	1	28____	21750	15	1	0	0	0	0	0	0	0	0	0
C	Marios	22	150	6	1	28____	24168	1	0	0	0	0	1	0	0	0	0	0
C	Marios	22	150	6	1	28____	24207	1	0	0	0	0	0	0	0	0	1	0
C	Marios	22	150	6	1	28____	24308	1	0	0	0	0	1	0	0	0	0	0
C	Marios	22	150	6	1	28____	24335	1	0	0	0	0	0	0	0	0	1	0
C	Marios	22	150	6	1	28____	27250	1	2	0	0	0	0	0	0	0	0	0
C	Marios	22	150	6	1	28____	27750	2	12	0	0	0	0	0	0	0	0	0
C	Marios	22	150	6	1	28____	28250	12	15	0	0	0	0	0	0	0	0	0
C	Marios	22	150	6	1	28____	28750	15	1	0	0	0	0	0	0	0	0	0
C	Marios	22	150	6	1	28____	30851	1	0	0	0	0	1	0	0	0	0	0
C	Marios	22	150	6	1	28____	30871	1	0	0	0	0	0	0	0	0	1	0
C	Marios	22	150	6	1	28____	31457	1	0	0	0	0	1	0	0	0	0	0
C	Marios	22	150	6	1	28____	31711	1	0	0	0	0	0	0	0	0	1	0
C	Marios	22	150	6	1	28____	31738	1	0	0	0	0	1	0	0	0	0	0
C	Marios	22	150	6	1	28____	31972	1	0	0	0	0	0	0	0	0	1	0
C	Marios	22	150	6	1	28____	31976	1	0	0	0	0	1	0	0	0	0	0
C	Marios	22	150	6	1	28____	31999	1	0	0	0	0	0	0	0	0	1	0
C	Marios	22	150	6	1	28____	32070	1	0	0	0	0	1	0	0	0	0	0
C	Marios	22	150	6	1	28____	32124	1	0	0	0	0	0	0	0	0	1	0
C	Marios	22	150	6	1	28____	33795	1	0	0	0	0	1	0	0	0	0	0
C	Marios	22	150	6	1	28____	33876	1	0	0	0	0	0	0	0	0	1	0
C	Marios	22	150	6	1	28____	33912	1	0	0	0	0	1	0	0	0	0	0
C	Marios	22	150	6	1	28____	33999	1	0	0	0	0	0	0	0	0	1	0
C	Marios	22	150	6	1	28____	34000	1	2	0	0	0	0	0	0	0	0	0
C	Marios	22	150	6	1	28____	34009	2	0	0	0	0	1	0	0	0	0	0
C	Marios	22	150	6	1	28____	34012	2	0	0	0	0	0	0	0	0	1	0
C	Marios	22	150	6	1	28____	34037	2	0	0	0	0	1	0	0	0	0	0
C	Marios	22	150	6	1	28____	34039	2	0	0	0	0	0	0	0	0	1	0
C	Marios	22	150	6	1	28____	34071	2	0	0	0	0	1	0	0	0	0	0
C	Marios	22	150	6	1	28____	34075	2	0	0	0	0	1	0	0	0	1	0
C	Marios	22	150	6	1	28____	34077	2	0	0	0	0	0	0	0	0	1	0
C	Marios	22	150	6	1	28____	34087	2	0	0	0	0	1	0	0	0	0	0
C	Marios	22	150	6	1	28____	34102	2	0	0	0	0	0	0	0	0	1	0
C	Marios	22	150	6	1	28____	34112	2	0	0	0	0	1	0	0	0	0	0
C	Marios	22	150	6	1	28____	34114	2	0	0	0	0	0	0	0	0	1	0
C	Marios	22	150	6	1	28____	34500	2	6	0	0	0	0	0	0	0	0	0
C	Marios	22	150	6	1	28____	34585	6	0	0	0	0	1	0	0	0	0	0
C	Marios	22	150	6	1	28____	34632	6	0	0	0	0	0	0	0	0	1	0
C	Marios	22	150	6	1	28____	34726	6	0	0	0	0	1	0	0	0	0	0
C	Marios	22	150	6	1	28____	34796	6	0	0	0	0	0	0	0	0	1	0
C	Marios	22	150	6	1	28____	34823	6	0	0	0	0	1	0	0	0	0	0
C	Marios	22	150	6	1	28____	34915	6	0	0	0	0	0	0	0	0	1	0
C	Marios	22	150	6	1	28____	34995	6	0	0	0	0	1	0	0	0	0	0
C	Marios	22	150	6	1	28____	35000	6	11	0	0	0	0	0	0	0	0	0
C	Marios	22	150	6	1	28____	35346	11	0	0	0	0	0	0	0	0	1	0
C	Marios	22	150	6	1	28____	35500	11	1	0	0	0	0	0	0	0	0	0
C	Marios	22	150	6	1	28____	35774	1	0	0	0	0	1	0	0	0	0	0
C	Marios	22	150	6	1	28____	35830	1	0	0	0	0	0	0	0	0	1	0
C	Marios	22	150	6	1	28____	37756	1	0	0	0	0	1	0	0	0	0	0
C	Marios	22	150	6	1	28____	37761	1	0	0	0	0	0	0	0	0	1	0
C	Marios	22	150	6	1	28____	38987	1	0	0	0	0	1	0	0	0	0	0
C	Marios	22	150	6	1	28____	39009	1	0	0	0	0	0	0	0	0	1	0
C	Marios	22	150	6	1	28____	39692	1	0	0	0	0	1	0	0	0	0	0
C	Marios	22	150	6	1	28____	39720	1	0	0	0	0	0	0	0	0	1	0
C	Marios	22	150	6	1	28____	40000	1	2	0	0	0	0	0	0	0	0	0
C	Marios	22	150	6	1	28____	40500	2	13	0	0	0	0	0	0	0	0	0
C	Marios	22	150	6	1	28____	41000	13	15	0	0	0	0	0	0	0	0	0
C	Marios	22	150	6	1	28____	41500	15	1	0	0	0	0	0	0	0	0	0
C	Marios	22	150	6	1	28____	42622	1	0	0	0	0	1	0	0	0	0	0
C	Marios	22	150	6	1	28____	42643	1	0	0	0	0	0	0	0	0	1	0
C	Marios	22	150	6	1	28____	42995	1	0	0	0	0	1	0	0	0	0	0
C	Marios	22	150	6	1	28____	43031	1	0	0	0	0	0	0	0	0	1	0
C	Marios	22	150	6	1	28____	43104	1	0	0	0	0	1	0	0	0	0	0
C	Marios	22	150	6	1	28____	43130	1	0	0	0	0	0	0	0	0	1	0
C	Marios	22	150	6	1	28____	43699	1	0	0	0	0	1	0	0	0	0	0
C	Marios	22	150	6	1	28____	43721	1	0	0	0	0	0	0	0	0	1	0
C	Marios	22	150	6	1	28____	43725	1	0	0	0	0	1	0	0	0	0	0
C	Marios	22	150	6	1	28____	43810	1	0	0	0	0	0	0	0	0	1	0
C	Marios	22	150	6	1	28____	44035	1	0	0	0	0	1	0	0	0	0	0
C	Marios	22	150	6	1	28____	44116	1	0	0	0	0	0	0	0	0	1	0
C	Marios	22	150	6	1	28____	44223	1	0	0	0	0	1	0	0	0	0	0
C	Marios	22	150	6	1	28____	44317	1	0	0	0	0	0	0	0	0	1	0
C	Marios	22	150	6	1	28____	44606	1	0	0	0	0	1	0	0	0	0	0
C	Marios	22	150	6	1	28____	44645	1	0	0	0	0	0	0	0	0	1	0
C	Marios	22	150	6	1	28____	44727	1	0	0	0	0	1	0	0	0	0	0
C	Marios	22	150	6	1	28____	44838	1	0	0	0	0	0	0	0	0	1	0
C	Marios	22	150	6	1	28____	44870	1	0	0	0	0	1	0	0	0	0	0
C	Marios	22	150	6	1	28____	44879	1	0	0	0	0	0	0	0	0	1	0
C	Marios	22	150	6	1	28____	44881	1	0	0	0	0	1	0	0	0	0	0
C	Marios	22	150	6	1	28____	44926	1	0	0	0	0	0	0	0	0	1	0
C	Marios	22	150	6	1	28____	44930	1	0	0	0	0	1	0	0	0	0	0
C	Marios	22	150	6	1	28____	44932	1	0	0	0	0	0	0	0	0	1	0
C	Marios	22	150	6	1	28____	45061	1	0	0	0	0	1	0	0	0	0	0
C	Marios	22	150	6	1	28____	45116	1	0	0	0	0	0	0	0	0	1	0
C	Marios	22	150	6	1	28____	45180	1	0	0	0	0	1	0	0	0	0	0
C	Marios	22	150	6	1	28____	45205	1	0	0	0	0	0	0	0	0	1	0
C	Marios	22	150	6	1	28____	45212	1	0	0	0	0	1	0	0	0	0	0
C	Marios	22	150	6	1	28____	45221	1	0	0	0	0	0	0	0	0	1	0
C	Marios	22	150	6	1	28____	45228	1	0	0	0	0	1	0	0	0	0	0
C	Marios	22	150	6	1	28____	45237	1	0	0	0	0	0	0	0	0	1	0
C	Marios	22	150	6	1	28____	45315	1	0	0	0	0	1	0	0	0	0	0
C	Marios	22	150	6	1	28____	45319	1	0	0	0	0	0	0	0	0	1	0
C	Marios	22	150	6	1	28____	45369	1	0	0	0	0	1	0	0	0	0	0
C	Marios	22	150	6	1	28____	45376	1	0	0	0	0	0	0	0	0	1	0
C	Marios	22	150	6	1	28____	45427	1	0	0	0	0	1	0	0	0	0	0
C	Marios	22	150	6	1	28____	45429	1	0	0	0	0	0	0	0	0	1	0
C	Marios	22	150	6	1	28____	45435	1	0	0	0	0	1	0	0	0	0	0
C	Marios	22	150	6	1	28____	45437	1	0	0	0	0	0	0	0	0	1	0
C	Marios	22	150	6	1	28____	45446	1	0	0	0	0	1	0	0	0	0	0
C	Marios	22	150	6	1	28____	45458	1	0	0	0	0	0	0	0	0	1	0
C	Marios	22	150	6	1	28____	45483	1	0	0	0	0	1	0	0	0	0	0
C	Marios	22	150	6	1	28____	45488	1	0	0	0	0	0	0	0	0	1	0
C	Marios	22	150	6	1	28____	45580	1	0	0	0	0	1	0	0	0	0	0
C	Marios	22	150	6	1	28____	45708	1	0	0	0	0	0	0	0	0	1	0
C	Marios	22	150	6	1	28____	45712	1	0	0	0	0	1	0	0	0	0	0
C	Marios	22	150	6	1	28____	45930	1	0	0	0	0	0	0	0	0	1	0
C	Marios	22	150	6	1	28____	45938	1	0	0	0	0	1	0	0	0	0	0
C	Marios	22	150	6	1	28____	46103	1	0	0	0	0	0	0	0	0	1	0
C	Marios	22	150	6	1	28____	46104	1	0	0	0	0	1	0	0	0	0	0
C	Marios	22	150	6	1	28____	46108	1	0	0	0	0	0	0	0	0	1	0
C	Marios	22	150	6	1	28____	46110	1	0	0	0	0	1	0	0	0	0	0
C	Marios	22	150	6	1	28____	46126	1	0	0	0	0	0	0	0	0	1	0
C	Marios	22	150	6	1	28____	46128	1	0	0	0	0	1	0	0	0	0	0
C	Marios	22	150	6	1	28____	46176	1	0	0	0	0	0	0	0	0	1	0
C	Marios	22	150	6	1	28____	47342	1	0	0	0	0	1	0	0	0	0	0
C	Marios	22	150	6	1	28____	47352	1	0	0	0	0	0	0	0	0	1	0
C	Marios	22	150	6	1	28____	47500	1	2	0	0	0	0	0	0	0	0	0
C	Marios	22	150	6	1	28____	48000	2	12	0	0	0	0	0	0	0	0	0
C	Marios	22	150	6	1	28____	48500	12	15	0	0	0	0	0	0	0	0	0
C	Marios	22	150	6	1	28____	48802	15	0	0	0	0	1	0	0	0	0	0
C	Marios	22	150	6	1	28____	48813	15	0	0	0	0	0	0	0	0	1	0
C	Marios	22	150	6	1	28____	48814	15	0	0	0	0	1	0	0	0	0	0
C	Marios	22	150	6	1	28____	48816	15	0	0	0	0	0	0	0	0	1	0
C	Marios	22	150	6	1	28____	49000	15	1	0	0	0	0	0	0	0	0	0
C	Marios	22	150	6	1	28____	49987	1	0	0	0	0	1	0	0	0	0	0
C	Marios	22	150	6	1	28____	49994	1	0	0	0	0	0	0	0	0	1	0
C	Marios	22	150	6	1	28____	50037	1	0	0	0	0	1	0	0	0	0	0
C	Marios	22	150	6	1	28____	50042	1	0	0	0	0	0	0	0	0	1	0
C	Marios	22	150	6	1	28____	50209	1	0	0	0	0	1	0	0	0	0	0
C	Marios	22	150	6	1	28____	50254	1	0	0	0	0	0	0	0	0	1	0
C	Marios	22	150	6	1	28____	51246	1	0	0	0	0	1	0	0	0	0	0
C	Marios	22	150	6	1	28____	51253	1	0	0	0	0	0	0	0	0	1	0
C	Marios	22	150	6	1	28____	51287	1	0	0	0	0	1	0	0	0	0	0
C	Marios	22	150	6	1	28____	51307	1	0	0	0	0	0	0	0	0	1	0
C	Marios	22	150	6	1	28____	51320	1	0	0	0	0	1	0	0	0	0	0
C	Marios	22	150	6	1	28____	51348	1	0	0	0	0	0	0	0	0	1	0
C	Marios	22	150	6	1	28____	51402	1	0	0	0	0	1	0	0	0	0	0
C	Marios	22	150	6	1	28____	51501	1	0	0	0	0	0	0	0	0	1	0
C	Marios	22	150	6	1	28____	51527	1	0	0	0	0	1	0	0	0	0	0
C	Marios	22	150	6	1	28____	51567	1	0	0	0	0	0	0	0	0	1	0
C	Marios	22	150	6	1	28____	51579	1	0	0	0	0	1	0	0	0	0	0
C	Marios	22	150	6	1	28____	51623	1	0	0	0	0	0	0	0	0	1	0
C	Marios	22	150	6	1	28____	51682	1	0	0	0	0	1	0	0	0	0	0
C	Marios	22	150	6	1	28____	51728	1	0	0	0	0	0	0	0	0	1	0
C	Marios	22	150	6	1	28____	51747	1	0	0	0	0	1	0	0	0	0	0
C	Marios	22	150	6	1	28____	51852	1	0	0	0	0	0	0	0	0	1	0
C	Marios	22	150	6	1	28____	52103	1	0	0	0	0	1	0	0	0	0	0
C	Marios	22	150	6	1	28____	52152	1	0	0	0	0	0	0	0	0	1	0
C	Marios	22	150	6	1	28____	52500	1	2	0	0	0	0	0	0	0	0	0
C	Marios	22	150	6	1	28____	53000	2	12	0	0	0	0	0	0	0	0	0
C	Marios	22	150	6	1	28____	53500	12	15	0	0	0	0	0	0	0	0	0
C	Marios	22	150	6	1	28____	54000	15	1	0	0	0	0	0	0	0	0	0
C	Marios	22	150	6	1	28____	54099	1	0	0	0	0	1	0	0	0	0	0
C	Marios	22	150	6	1	28____	54110	1	0	0	0	0	0	0	0	0	1	0
C	Marios	22	150	6	1	28____	55878	1	0	0	0	0	1	0	0	0	0	0
C	Marios	22	150	6	1	28____	55883	1	0	0	0	0	0	0	0	0	1	0
C	Marios	22	150	6	1	28____	55994	1	0	0	0	0	1	0	0	0	0	0
C	Marios	22	150	6	1	28____	56020	1	0	0	0	0	0	0	0	0	1	0
C	Marios	22	150	6	1	28____	56079	1	0	0	0	0	1	0	0	0	0	0
C	Marios	22	150	6	1	28____	56107	1	0	0	0	0	0	0	0	0	1	0
C	Marios	22	150	6	1	28____	56210	1	0	0	0	0	1	0	0	0	0	0
C	Marios	22	150	6	1	28____	56552	1	0	0	0	0	0	0	0	0	1	0
C	Marios	22	150	6	1	28____	56567	1	0	0	0	0	1	0	0	0	0	0
C	Marios	22	150	6	1	28____	56579	1	0	0	0	0	0	0	0	0	1	0
C	Marios	22	150	6	1	28____	58556	1	0	0	0	0	1	0	0	0	0	0
C	Marios	22	150	6	1	28____	58615	1	0	0	0	0	0	0	0	0	1	0
C	Marios	22	150	6	1	28____	58645	1	0	0	0	0	1	0	0	0	0	0
C	Marios	22	150	6	1	28____	58688	1	0	0	0	0	0	0	0	0	1	0
C	Marios	22	150	6	1	28____	58742	1	0	0	0	0	1	0	0	0	0	0
C	Marios	22	150	6	1	28____	58782	1	0	0	0	0	0	0	0	0	1	0
C	Marios	22	150	6	1	28____	58831	1	0	0	0	0	1	0	0	0	0	0
C	Marios	22	150	6	1	28____	58875	1	0	0	0	0	0	0	0	0	1	0
C	Marios	22	150	6	1	28____	58887	1	0	0	0	0	1	0	0	0	0	0
C	Marios	22	150	6	1	28____	58927	1	0	0	0	0	0	0	0	0	1	0
C	Marios	22	150	6	1	28____	58961	1	0	0	0	0	1	0	0	0	0	0
C	Marios	22	150	6	1	28____	59000	1	0	0	0	0	0	0	0	0	1	0
C	Marios	22	150	6	1	28____	59037	1	0	0	0	0	1	0	0	0	0	0
C	Marios	22	150	6	1	28____	59084	1	0	0	0	0	0	0	0	0	1	0
C	Marios	22	150	6	1	28____	59111	1	0	0	0	0	1	0	0	0	0	0
C	Marios	22	150	6	1	28____	59161	1	0	0	0	0	0	0	0	0	1	0
C	Marios	22	150	6	1	28____	59203	1	0	0	0	0	1	0	0	0	0	0
C	Marios	22	150	6	1	28____	59299	1	0	0	0	0	0	0	0	0	1	0
C	Marios	22	150	6	1	28____	59325	1	0	0	0	0	1	0	0	0	0	0
C	Marios	22	150	6	1	28____	59365	1	0	0	0	0	0	0	0	0	1	0
C	Marios	22	150	6	1	28____	59447	1	0	0	0	0	1	0	0	0	0	0
C	Marios	22	150	6	1	28____	59528	1	0	0	0	0	0	0	0	0	1	0
C	Marios	22	150	6	1	28____	61393	1	0	0	0	0	1	0	0	0	0	0
C	Marios	22	150	6	1	28____	61400	1	0	0	0	0	0	0	0	0	1	0
C	Marios	22	150	6	1	28____	61500	1	2	0	0	0	0	0	0	0	0	0
C	Marios	22	150	6	1	28____	62000	2	6	0	0	0	0	0	0	0	0	0
C	Marios	22	150	6	1	28____	62098	6	0	0	0	0	1	0	0	0	0	0
C	Marios	22	150	6	1	28____	62144	6	0	0	0	0	0	0	0	0	1	0
C	Marios	22	150	6	1	28____	62252	6	0	0	0	0	1	0	0	0	0	0
C	Marios	22	150	6	1	28____	62295	6	0	0	0	0	0	0	0	0	1	0
C	Marios	22	150	6	1	28____	62357	6	0	0	0	0	1	0	0	0	0	0
C	Marios	22	150	6	1	28____	62480	6	0	0	0	0	0	0	0	0	1	0
C	Marios	22	150	6	1	28____	62500	6	11	0	0	0	0	0	0	0	0	0
C	Marios	22	150	6	1	28____	62535	11	0	0	0	0	1	0	0	0	0	0
C	Marios	22	150	6	1	28____	62895	11	0	0	0	0	0	0	0	0	1	0
C	Marios	22	150	6	1	28____	63000	11	1	0	0	0	0	0	0	0	0	0
C	Marios	22	150	6	1	28____	63088	1	0	0	0	0	1	0	0	0	0	0
C	Marios	22	150	6	1	28____	63125	1	0	0	0	0	0	0	0	0	1	0
C	Marios	22	150	6	1	28____	64412	1	0	0	0	0	1	0	0	0	0	0
C	Marios	22	150	6	1	28____	64429	1	0	0	0	0	0	0	0	0	1	0
C	Marios	22	150	6	1	28____	64446	1	0	0	0	0	1	0	0	0	0	0
C	Marios	22	150	6	1	28____	64496	1	0	0	0	0	0	0	0	0	1	0
C	Marios	22	150	6	1	28____	64510	1	0	0	0	0	1	0	0	0	0	0
C	Marios	22	150	6	1	28____	64528	1	0	0	0	0	0	0	0	0	1	0
C	Marios	22	150	6	1	28____	64942	1	0	0	0	0	1	0	0	0	0	0
C	Marios	22	150	6	1	28____	64961	1	0	0	0	0	0	0	0	0	1	0
C	Marios	22	150	6	1	28____	65071	1	0	0	0	0	1	0	0	0	0	0
C	Marios	22	150	6	1	28____	65124	1	0	0	0	0	0	0	0	0	1	0
C	Marios	22	150	6	1	28____	65172	1	0	0	0	0	1	0	0	0	0	0
C	Marios	22	150	6	1	28____	65174	1	0	0	0	0	0	0	0	0	1	0
C	Marios	22	150	6	1	28____	66687	1	0	0	0	0	1	0	0	0	0	0
C	Marios	22	150	6	1	28____	66697	1	0	0	0	0	0	0	0	0	1	0
C	Marios	22	150	6	1	28____	66730	1	0	0	0	0	1	0	0	0	0	0
C	Marios	22	150	6	1	28____	66740	1	0	0	0	0	0	0	0	0	1	0
C	Marios	22	150	6	1	28____	66750	1	2	0	0	0	0	0	0	0	0	0
C	Marios	22	150	6	1	28____	67250	2	7	0	0	0	0	0	0	0	0	0
C	Marios	22	150	6	1	28____	67377	7	0	0	0	0	1	0	0	0	0	0
C	Marios	22	150	6	1	28____	67398	7	0	0	0	0	0	0	0	0	1	0
C	Marios	22	150	6	1	28____	67410	7	0	0	0	0	1	0	0	0	0	0
C	Marios	22	150	6	1	28____	67443	7	0	0	0	0	0	0	0	0	1	0
C	Marios	22	150	6	1	28____	67496	7	0	0	0	0	1	0	0	0	0	0
C	Marios	22	150	6	1	28____	67563	7	0	0	0	0	0	0	0	0	1	0
C	Marios	22	150	6	1	28____	67580	7	0	0	0	0	1	0	0	0	0	0
C	Marios	22	150	6	1	28____	67630	7	0	0	0	0	0	0	0	0	1	0
C	Marios	22	150	6	1	28____	67640	7	0	0	0	0	1	0	0	0	0	0
C	Marios	22	150	6	1	28____	67657	7	0	0	0	0	0	0	0	0	1	0
C	Marios	22	150	6	1	28____	67685	7	0	0	0	0	1	0	0	0	0	0
C	Marios	22	150	6	1	28____	67745	7	0	0	0	0	0	0	0	0	1	0
C	Marios	22	150	6	1	28____	67750	7	10	0	0	0	0	0	0	0	0	0
C	Marios	22	150	6	1	28____	67755	10	0	0	0	0	1	0	0	0	0	0
C	Marios	22	150	6	1	28____	68168	10	0	0	0	0	0	0	0	0	1	0
C	Marios	22	150	6	1	28____	68250	10	1	0	0	0	0	0	0	0	0	0
C	Marios	22	150	6	1	28____	70500	1	2	0	0	0	0	0	0	0	0	0
C	Marios	22	150	6	1	28____	71000	2	13	0	0	0	0	0	0	0	0	0
C	Marios	22	150	6	1	28____	71500	13	15	0	0	0	0	0	0	0	0	0
C	Marios	22	150	6	1	28____	71604	15	0	0	0	0	1	0	0	0	0	0
C	Marios	22	150	6	1	28____	71627	15	0	0	0	0	0	0	0	0	1	0
C	Marios	22	150	6	1	28____	71633	15	0	0	0	0	1	0	0	0	0	0
C	Marios	22	150	6	1	28____	71643	15	0	0	0	0	0	0	0	0	1	0
C	Marios	22	150	6	1	28____	72000	15	1	0	0	0	0	0	0	0	0	0
C	Marios	22	150	6	1	28____	72772	1	0	0	0	0	1	0	0	0	0	0
C	Marios	22	150	6	1	28____	72785	1	0	0	0	0	0	0	0	0	1	0
C	Marios	22	150	6	1	28____	76500	1	2	0	0	0	0	0	0	0	0	0
C	Marios	22	150	6	1	28____	77000	2	12	0	0	0	0	0	0	0	0	0
C	Marios	22	150	6	1	28____	77500	12	15	0	0	0	0	0	0	0	0	0
C	Marios	22	150	6	1	28____	77672	15	0	0	0	0	1	0	0	0	0	0
C	Marios	22	150	6	1	28____	77720	15	0	0	0	0	0	0	0	0	1	0
C	Marios	22	150	6	1	28____	78000	15	1	0	0	0	0	0	0	0	0	0
C	Marios	22	150	6	1	28____	81500	1	2	0	0	0	0	0	0	0	0	0
C	Marios	22	150	6	1	28____	82000	2	7	0	0	0	0	0	0	0	0	0
C	Marios	22	150	6	1	28____	82092	7	0	0	0	0	1	0	0	0	0	0
C	Marios	22	150	6	1	28____	82106	7	0	0	0	0	0	0	0	0	1	0
C	Marios	22	150	6	1	28____	82141	7	0	0	0	0	1	0	0	0	0	0
C	Marios	22	150	6	1	28____	82162	7	0	0	0	0	0	0	0	0	1	0
C	Marios	22	150	6	1	28____	82193	7	0	0	0	0	1	0	0	0	0	0
C	Marios	22	150	6	1	28____	82219	7	0	0	0	0	0	0	0	0	1	0
C	Marios	22	150	6	1	28____	82272	7	0	0	0	0	1	0	0	0	0	0
C	Marios	22	150	6	1	28____	82307	7	0	0	0	0	0	0	0	0	1	0
C	Marios	22	150	6	1	28____	82321	7	0	0	0	0	1	0	0	0	0	0
C	Marios	22	150	6	1	28____	82380	7	0	0	0	0	0	0	0	0	1	0
C	Marios	22	150	6	1	28____	82393	7	0	0	0	0	1	0	0	0	0	0
C	Marios	22	150	6	1	28____	82424	7	0	0	0	0	0	0	0	0	1	0
C	Marios	22	150	6	1	28____	82461	7	0	0	0	0	1	0	0	0	0	0
C	Marios	22	150	6	1	28____	82500	7	10	0	0	0	0	0	0	0	0	0
C	Marios	22	150	6	1	28____	82802	10	0	0	0	0	0	0	0	0	1	0
C	Marios	22	150	6	1	28____	82812	10	0	0	0	0	1	0	0	0	0	0
C	Marios	22	150	6	1	28____	82816	10	0	0	0	0	0	0	0	0	1	0
C	Marios	22	150	6	1	28____	82915	10	0	0	0	0	1	0	0	0	0	0
C	Marios	22	150	6	1	28____	83000	10	1	0	0	0	0	0	0	0	0	0
C	Marios	22	150	6	1	28____	83397	1	0	0	0	0	1	0	0	0	1	0
C	Marios	22	150	6	1	28____	83739	1	0	0	0	0	0	0	0	0	1	0
C	Marios	22	150	6	1	28____	84198	1	0	0	0	0	1	0	0	0	0	0
C	Marios	22	150	6	1	28____	84461	1	0	0	0	0	0	0	0	0	1	0
C	Marios	22	150	6	1	28____	87500	1	2	0	0	0	0	0	0	0	0	0
C	Marios	22	150	6	1	28____	88000	2	12	0	0	0	0	0	0	0	0	0
C	Marios	22	150	6	1	28____	88500	12	15	0	0	0	0	0	0	0	0	0
C	Marios	22	150	6	1	28____	89000	15	1	0	0	0	0	0	0	0	0	0
C	Marios	22	150	6	1	28____	89599	1	0	0	0	0	1	0	0	0	0	0
C	Marios	22	150	6	1	28____	89610	1	0	0	0	0	0	0	0	0	1	0
C	Marios	22	150	6	1	28____	89683	1	0	0	0	0	1	0	0	0	0	0
C	Marios	22	150	6	1	28____	89695	1	0	0	0	0	0	0	0	0	1	0
C	Marios	22	150	6	1	28____	89697	1	0	0	0	0	1	0	0	0	0	0
C	Marios	22	150	6	1	28____	89699	1	0	0	0	0	0	0	0	0	1	0
C	Marios	22	150	6	1	28____	89703	1	0	0	0	0	1	0	0	0	0	0
C	Marios	22	150	6	1	28____	90186	1	0	0	0	0	0	0	0	0	1	0
C	Marios	22	150	6	1	28____	90200	1	0	0	0	0	1	0	0	0	0	0
C	Marios	22	150	6	1	28____	90219	1	0	0	0	0	0	0	0	0	1	0
C	Marios	22	150	6	1	28____	90477	1	0	0	0	0	1	0	0	0	0	0
C	Marios	22	150	6	1	28____	90532	1	0	0	0	0	0	0	0	0	1	0
C	Marios	22	150	6	1	28____	90706	1	0	0	0	0	1	0	0	0	0	0
C	Marios	22	150	6	1	28____	91042	1	0	0	0	0	0	0	0	0	1	0
C	Marios	22	150	6	1	28____	91050	1	0	0	0	0	1	0	0	0	0	0
C	Marios	22	150	6	1	28____	91105	1	0	0	0	0	0	0	0	0	1	0
C	Marios	22	150	6	1	28____	91403	1	0	0	0	0	1	0	0	0	0	0
C	Marios	22	150	6	1	28____	91525	1	0	0	0	0	0	0	0	0	1	0
C	Marios	22	150	6	1	28____	91547	1	0	0	0	0	1	0	0	0	0	0
C	Marios	22	150	6	1	28____	91794	1	0	0	0	0	0	0	0	0	1	0
C	Marios	22	150	6	1	28____	92000	1	2	0	0	0	0	0	0	0	0	0
C	Marios	22	150	6	1	28____	92075	2	0	0	0	0	1	0	0	0	0	0
C	Marios	22	150	6	1	28____	92264	2	0	0	0	0	0	0	0	0	1	0
C	Marios	22	150	6	1	28____	92268	2	0	0	0	0	1	0	0	0	0	0
C	Marios	22	150	6	1	28____	92283	2	0	0	0	0	0	0	0	0	1	0
C	Marios	22	150	6	1	28____	92284	2	0	0	0	0	1	0	0	0	0	0
C	Marios	22	150	6	1	28____	92286	2	0	0	0	0	0	0	0	0	1	0
C	Marios	22	150	6	1	28____	92292	2	0	0	0	0	1	0	0	0	0	0
C	Marios	22	150	6	1	28____	92301	2	0	0	0	0	0	0	0	0	1	0
C	Marios	22	150	6	1	28____	92451	2	0	0	0	0	1	0	0	0	0	0
C	Marios	22	150	6	1	28____	92456	2	0	0	0	0	0	0	0	0	1	0
C	Marios	22	150	6	1	28____	92500	2	6	0	0	0	0	0	0	0	0	0
C	Marios	22	150	6	1	28____	92625	6	0	0	0	0	1	0	0	0	0	0
C	Marios	22	150	6	1	28____	92667	6	0	0	0	0	0	0	0	0	1	0
C	Marios	22	150	6	1	28____	92678	6	0	0	0	0	1	0	0	0	0	0
C	Marios	22	150	6	1	28____	92727	6	0	0	0	0	0	0	0	0	1	0
C	Marios	22	150	6	1	28____	92772	6	0	0	0	0	1	0	0	0	0	0
C	Marios	22	150	6	1	28____	92811	6	0	0	0	0	0	0	0	0	1	0
C	Marios	22	150	6	1	28____	92844	6	0	0	0	0	1	0	0	0	0	0
C	Marios	22	150	6	1	28____	92885	6	0	0	0	0	0	0	0	0	1	0
C	Marios	22	150	6	1	28____	92940	6	0	0	0	0	1	0	0	0	0	0
C	Marios	22	150	6	1	28____	93000	6	11	0	0	0	0	0	0	0	0	0
C	Marios	22	150	6	1	28____	93345	11	0	0	0	0	1	0	0	0	1	0
C	Marios	22	150	6	1	28____	93352	11	0	0	0	0	0	0	0	0	1	0
C	Marios	22	150	6	1	28____	93369	11	0	0	0	0	1	0	0	0	0	0
C	Marios	22	150	6	1	28____	93405	11	0	0	0	0	0	0	0	0	1	0
C	Marios	22	150	6	1	28____	93406	11	0	0	0	0	1	0	0	0	0	0
C	Marios	22	150	6	1	28____	93414	11	0	0	0	0	0	0	0	0	1	0
C	Marios	22	150	6	1	28____	93465	11	0	0	0	0	1	0	0	0	0	0
C	Marios	22	150	6	1	28____	93500	11	1	0	0	0	0	0	0	0	0	0
C	Marios	22	150	6	1	28____	93585	1	0	0	0	0	0	0	0	0	1	0
C	Marios	22	150	6	1	28____	96470	1	0	0	0	0	1	0	0	0	0	0
C	Marios	22	150	6	1	28____	96475	1	0	0	0	0	0	0	0	0	1	0
C	Marios	22	150	6	1	28____	96478	1	0	0	0	0	1	0	0	0	0	0
C	Marios	22	150	6	1	28____	96540	1	0	0	0	0	0	0	0	0	1	0
C	Marios	22	150	6	1	28____	97966	1	0	0	0	0	1	0	0	0	0	0
C	Marios	22	150	6	1	28____	97985	1	0	0	0	0	0	0	0	0	1	0
C	Marios	22	150	6	1	28____	98010	1	0	0	0	0	1	0	0	0	0	0
C	Marios	22	150	6	1	28____	98159	1	0	0	0	0	0	0	0	0	1	0
C	Marios	22	150	6	1	28____	99000	1	2	0	0	0	0	0	0	0	0	0
C	Marios	22	150	6	1	28____	99500	2	13	0	0	0	0	0	0	0	0	0
C	Marios	22	150	6	1	28____	99856	13	0	0	0	0	1	0	0	0	0	0
C	Marios	22	150	6	1	28____	99873	13	0	0	0	0	0	0	0	0	1	0
C	Marios	22	150	6	1	28____	100000	13	15	0	0	0	0	0	0	0	0	0
C	Marios	22	150	6	1	28____	100500	15	1	0	0	0	0	0	0	0	0	0
C	Marios	22	150	6	1	28____	100986	1	0	0	0	0	1	0	0	0	0	0
C	Marios	22	150	6	1	28____	101040	1	0	0	0	0	0	0	0	0	1	0
C	Marios	22	150	6	1	28____	101353	1	0	0	0	0	1	0	0	0	0	0
C	Marios	22	150	6	1	28____	101451	1	0	0	0	0	0	0	0	0	1	0
C	Marios	22	150	6	1	28____	101630	1	0	0	0	0	1	0	0	0	0	0
C	Marios	22	150	6	1	28____	101747	1	0	0	0	0	0	0	0	0	1	0
C	Marios	22	150	6	1	28____	101847	1	0	0	0	0	1	0	0	0	0	0
C	Marios	22	150	6	1	28____	101916	1	0	0	0	0	0	0	0	0	1	0
C	Marios	22	150	6	1	28____	101967	1	0	0	0	0	1	0	0	0	0	0
C	Marios	22	150	6	1	28____	102046	1	0	0	0	0	0	0	0	0	1	0
C	Marios	22	150	6	1	28____	103714	1	0	0	0	0	1	0	0	0	0	0
C	Marios	22	150	6	1	28____	103863	1	0	0	0	0	0	0	0	0	1	0
C	Marios	22	150	6	1	28____	104083	1	0	0	0	0	1	0	0	0	0	0
C	Marios	22	150	6	1	28____	104132	1	0	0	0	0	1	0	0	0	1	0
C	Marios	22	150	6	1	28____	104135	1	0	0	0	0	0	0	0	0	1	0
C	Marios	22	150	6	1	28____	105067	1	0	0	0	0	1	0	0	0	0	0
C	Marios	22	150	6	1	28____	105086	1	0	0	0	0	0	0	0	0	1	0
C	Marios	22	150	6	1	28____	105191	1	0	0	0	0	1	0	0	0	0	0
C	Marios	22	150	6	1	28____	105283	1	0	0	0	0	0	0	0	0	1	0
C	Marios	22	150	6	1	28____	106656	1	0	0	0	0	1	0	0	0	0	0
C	Marios	22	150	6	1	28____	106719	1	0	0	0	0	0	0	0	0	1	0
C	Marios	22	150	6	1	28____	106986	1	0	0	0	0	1	0	0	0	0	0
C	Marios	22	150	6	1	28____	107007	1	0	0	0	0	0	0	0	0	1	0
C	Marios	22	150	6	1	28____	107168	1	0	0	0	0	1	0	0	0	0	0
C	Marios	22	150	6	1	28____	107222	1	0	0	0	0	0	0	0	0	1	0
C	Marios	22	150	6	1	28____	107250	1	2	0	0	0	0	0	0	0	0	0
C	Marios	22	150	6	1	28____	107319	2	0	0	0	0	1	0	0	0	0	0
C	Marios	22	150	6	1	28____	107351	2	0	0	0	0	0	0	0	0	1	0
C	Marios	22	150	6	1	28____	107393	2	0	0	0	0	1	0	0	0	0	0
C	Marios	22	150	6	1	28____	107447	2	0	0	0	0	0	0	0	0	1	0
C	Marios	22	150	6	1	28____	107750	2	13	0	0	0	0	0	0	0	0	0
C	Marios	22	150	6	1	28____	108250	13	15	0	0	0	0	0	0	0	0	0
C	Marios	22	150	6	1	28____	108750	15	1	0	0	0	0	0	0	0	0	0
C	Marios	22	150	6	1	28____	108940	1	0	0	0	0	1	0	0	0	0	0
C	Marios	22	150	6	1	28____	109051	1	0	0	0	0	0	0	0	0	1	0
C	Marios	22	150	6	1	28____	109053	1	0	0	0	0	1	0	0	0	0	0
C	Marios	22	150	6	1	28____	109121	1	0	0	0	0	0	0	0	0	1	0
C	Marios	22	150	6	1	28____	109122	1	0	0	0	0	1	0	0	0	0	0
C	Marios	22	150	6	1	28____	109136	1	0	0	0	0	0	0	0	0	1	0
C	Marios	22	150	6	1	28____	109142	1	0	0	0	0	1	0	0	0	0	0
C	Marios	22	150	6	1	28____	109289	1	0	0	0	0	0	0	0	0	1	0
C	Marios	22	150	6	1	28____	109326	1	0	0	0	0	1	0	0	0	0	0
C	Marios	22	150	6	1	28____	109370	1	0	0	0	0	1	0	0	0	1	0
C	Marios	22	150	6	1	28____	109372	1	0	0	0	0	0	0	0	0	1	0
C	Marios	22	150	6	1	28____	109399	1	0	0	0	0	1	0	0	0	0	0
C	Marios	22	150	6	1	28____	109432	1	0	0	0	0	0	0	0	0	1	0
C	Marios	22	150	6	1	28____	111388	1	0	0	0	0	1	0	0	0	0	0
C	Marios	22	150	6	1	28____	111424	1	0	0	0	0	0	0	0	0	1	0
C	Marios	22	150	6	1	28____	111675	1	0	0	0	0	1	0	0	0	0	0
C	Marios	22	150	6	1	28____	111765	1	0	0	0	0	0	0	0	0	1	0
C	Marios	22	150	6	1	28____	111773	1	0	0	0	0	1	0	0	0	0	0
C	Marios	22	150	6	1	28____	111780	1	0	0	0	0	0	0	0	0	1	0
C	Marios	22	150	6	1	28____	111808	1	0	0	0	0	1	0	0	0	0	0
C	Marios	22	150	6	1	28____	111864	1	0	0	0	0	0	0	0	0	1	0
C	Marios	22	150	6	1	28____	114750	1	2	0	0	0	0	0	0	0	0	0
C	Marios	22	150	6	1	28____	115250	2	13	0	0	0	0	0	0	0	0	0
C	Marios	22	150	6	1	28____	115750	13	15	0	0	0	0	0	0	0	0	0
C	Marios	22	150	6	1	28____	116250	15	1	0	0	0	0	0	0	0	0	0
C	Marios	22	150	6	1	28____	118500	1	2	0	0	0	0	0	0	0	0	0
C	Marios	22	150	6	1	28____	119000	2	12	0	0	0	0	0	0	0	0	0
C	Marios	22	150	6	1	28____	119500	12	15	0	0	0	0	0	0	0	0	0
C	Marios	22	150	6	1	28____	120000	15	1	0	0	0	0	0	0	0	0	0
C	Marios	22	150	6	1	28____	125250	1	2	0	0	0	0	0	0	0	0	0
C	Marios	22	150	6	1	28____	125750	2	7	0	0	0	0	0	0	0	0	0
C	Marios	22	150	6	1	28____	126191	7	0	0	0	0	1	0	0	0	0	0
C	Marios	22	150	6	1	28____	126234	7	0	0	0	0	0	0	0	0	1	0
C	Marios	22	150	6	1	28____	126250	7	10	0	0	0	0	0	0	0	0	0
C	Marios	22	150	6	1	28____	126259	10	0	0	0	0	1	0	0	0	0	0
C	Marios	22	150	6	1	28____	126563	10	0	0	0	0	0	0	0	0	1	0
C	Marios	22	150	6	1	28____	126587	10	0	0	0	0	1	0	0	0	0	0
C	Marios	22	150	6	1	28____	126599	10	0	0	0	0	0	0	0	0	1	0
C	Marios	22	150	6	1	28____	126604	10	0	0	0	0	1	0	0	0	0	0
C	Marios	22	150	6	1	28____	126618	10	0	0	0	0	0	0	0	0	1	0
C	Marios	22	150	6	1	28____	126696	10	0	0	0	0	1	0	0	0	0	0
C	Marios	22	150	6	1	28____	126750	10	1	0	0	0	0	0	0	0	1	0
C	Marios	22	150	6	1	28____	126766	1	0	0	0	0	1	0	0	0	0	0
C	Marios	22	150	6	1	28____	126798	1	0	0	0	0	0	0	0	0	1	0
C	Marios	22	150	6	1	28____	134250	1	2	0	0	0	0	0	0	0	0	0
C	Marios	22	150	6	1	28____	134750	2	6	0	0	0	0	0	0	0	0	0
C	Marios	22	150	6	1	28____	135250	6	11	0	0	0	0	0	0	0	0	0
C	Marios	22	150	6	1	28____	135465	11	0	0	0	0	1	0	0	0	0	0
C	Marios	22	150	6	1	28____	135735	11	0	0	0	0	0	0	0	0	1	0
C	Marios	22	150	6	1	28____	135750	11	1	0	0	0	0	0	0	0	0	0
C	Marios	22	150	6	1	28____	135756	1	0	0	0	0	1	0	0	0	0	0
C	Marios	22	150	6	1	28____	135792	1	0	0	0	0	0	0	0	0	1	0
C	Marios	22	150	6	1	28____	139500	1	2	0	0	0	0	0	0	0	0	0
C	Marios	22	150	6	1	28____	140000	2	13	0	0	0	0	0	0	0	0	0
C	Marios	22	150	6	1	28____	140406	13	0	0	0	0	1	0	0	0	0	0
C	Marios	22	150	6	1	28____	140438	13	0	0	0	0	0	0	0	0	1	0
C	Marios	22	150	6	1	28____	140451	13	0	0	0	0	1	0	0	0	0	0
C	Marios	22	150	6	1	28____	140480	13	0	0	0	0	0	0	0	0	1	0
C	Marios	22	150	6	1	28____	140500	13	15	0	0	0	0	0	0	0	0	0
C	Marios	22	150	6	1	28____	140503	15	0	0	0	0	1	0	0	0	0	0
C	Marios	22	150	6	1	28____	140552	15	0	0	0	0	0	0	0	0	1	0
C	Marios	22	150	6	1	28____	140702	15	0	0	0	0	1	0	0	0	0	0
C	Marios	22	150	6	1	28____	140725	15	0	0	0	0	0	0	0	0	1	0
C	Marios	22	150	6	1	28____	141000	15	1	0	0	0	0	0	0	0	0	0
C	Marios	22	150	6	1	28____	142500	1	2	0	0	0	0	0	0	0	0	0
C	Marios	22	150	6	1	28____	143000	2	12	0	0	0	0	0	0	0	0	0
C	Marios	22	150	6	1	28____	143389	12	0	0	0	0	1	0	0	0	0	0
C	Marios	22	150	6	1	28____	143462	12	0	0	0	0	0	0	0	0	1	0
C	Marios	22	150	6	1	28____	143488	12	0	0	0	0	1	0	0	0	0	0
C	Marios	22	150	6	1	28____	143500	12	15	0	0	0	0	0	0	0	0	0
C	Marios	22	150	6	1	28____	143540	15	0	0	0	0	0	0	0	0	1	0
C	Marios	22	150	6	1	28____	143751	15	0	0	0	0	1	0	0	0	0	0
C	Marios	22	150	6	1	28____	143780	15	0	0	0	0	0	0	0	0	1	0
C	Marios	22	150	6	1	28____	143795	15	0	0	0	0	1	0	0	0	0	0
C	Marios	22	150	6	1	28____	143819	15	0	0	0	0	0	0	0	0	1	0
C	Marios	22	150	6	1	28____	143882	15	0	0	0	0	1	0	0	0	0	0
C	Marios	22	150	6	1	28____	143939	15	0	0	0	0	0	0	0	0	1	0
C	Marios	22	150	6	1	28____	144000	15	14	0	0	0	0	0	0	0	0	0
C	Marios	22	150	6	1	28____	145654	14	0	0	0	0	1	0	0	0	0	0
C	Marios	22	150	6	1	28____	145679	14	0	0	0	0	0	0	0	0	1	0
C	Marios	22	150	6	1	28____	146457	14	0	0	0	0	1	0	0	0	0	0
C	Marios	22	150	6	1	28____	146489	14	0	0	0	0	0	0	0	0	1	0
C	Marios	22	150	6	1	28____	147000	14	-1	0	0	0	0	0	0	0	0	0
