Project	UserID	Protocol	Session	Station	Run	Subject	Time	Current State	Transition State	Transition Event	A1 - LLR	A2 - RLR	A3 - MAG	A4 - 	A[1] LLR_OFF	A[2] RLR_OFF	A[3] MAG_OFF	A[4] 
C	Marios	2	44	4	1	13____	0	0	1	0	0	0	0	0	0	0	0	0
C	Marios	2	44	4	1	13____	1575	1	0	0	0	0	1	0	0	0	0	0
C	Marios	2	44	4	1	13____	1583	1	0	0	0	0	0	0	0	0	1	0
C	Marios	2	44	4	1	13____	4462	1	0	0	0	0	1	0	0	0	0	0
C	Marios	2	44	4	1	13____	4683	1	0	0	0	0	0	0	0	0	1	0
C	Marios	2	44	4	1	13____	5500	1	2	0	0	0	0	0	0	0	0	0
C	Marios	2	44	4	1	13____	6000	2	3	0	0	0	0	0	0	0	0	0
C	Marios	2	44	4	1	13____	6500	3	1	0	0	0	0	0	0	0	0	0
C	Marios	2	44	4	1	13____	8531	1	0	0	0	0	1	0	0	0	0	0
C	Marios	2	44	4	1	13____	8654	1	0	0	0	0	0	0	0	0	1	0
C	Marios	2	44	4	1	13____	8770	1	0	0	0	0	1	0	0	0	0	0
C	Marios	2	44	4	1	13____	8794	1	0	0	0	0	0	0	0	0	1	0
C	Marios	2	44	4	1	13____	8798	1	0	0	0	0	1	0	0	0	0	0
C	Marios	2	44	4	1	13____	8821	1	0	0	0	0	0	0	0	0	1	0
C	Marios	2	44	4	1	13____	8854	1	0	0	0	0	1	0	0	0	0	0
C	Marios	2	44	4	1	13____	8858	1	0	0	0	0	0	0	0	0	1	0
C	Marios	2	44	4	1	13____	9215	1	0	0	0	0	1	0	0	0	0	0
C	Marios	2	44	4	1	13____	9216	1	0	0	0	0	0	0	0	0	1	0
C	Marios	2	44	4	1	13____	12750	1	2	0	0	0	0	0	0	0	0	0
C	Marios	2	44	4	1	13____	13250	2	3	0	0	0	0	0	0	0	0	0
C	Marios	2	44	4	1	13____	13750	3	1	0	0	0	0	0	0	0	0	0
C	Marios	2	44	4	1	13____	14018	1	0	0	0	0	1	0	0	0	0	0
C	Marios	2	44	4	1	13____	14027	1	0	0	0	0	0	0	0	0	1	0
C	Marios	2	44	4	1	13____	14035	1	0	0	0	0	1	0	0	0	0	0
C	Marios	2	44	4	1	13____	14037	1	0	0	0	0	0	0	0	0	1	0
C	Marios	2	44	4	1	13____	14080	1	0	0	0	0	1	0	0	0	0	0
C	Marios	2	44	4	1	13____	14187	1	0	0	0	0	0	0	0	0	1	0
C	Marios	2	44	4	1	13____	14189	1	0	0	0	0	1	0	0	0	0	0
C	Marios	2	44	4	1	13____	14428	1	0	0	0	0	0	0	0	0	1	0
C	Marios	2	44	4	1	13____	15482	1	0	0	0	0	1	0	0	0	0	0
C	Marios	2	44	4	1	13____	15485	1	0	0	0	0	0	0	0	0	1	0
C	Marios	2	44	4	1	13____	15495	1	0	0	0	0	1	0	0	0	0	0
C	Marios	2	44	4	1	13____	15567	1	0	0	0	0	0	0	0	0	1	0
C	Marios	2	44	4	1	13____	16432	1	0	0	0	0	1	0	0	0	0	0
C	Marios	2	44	4	1	13____	16515	1	0	0	0	0	0	0	0	0	1	0
C	Marios	2	44	4	1	13____	17064	1	0	0	0	0	1	0	0	0	0	0
C	Marios	2	44	4	1	13____	17132	1	0	0	0	0	0	0	0	0	1	0
C	Marios	2	44	4	1	13____	17632	1	0	0	0	0	1	0	0	0	0	0
C	Marios	2	44	4	1	13____	17634	1	0	0	0	0	0	0	0	0	1	0
C	Marios	2	44	4	1	13____	17659	1	0	0	0	0	1	0	0	0	0	0
C	Marios	2	44	4	1	13____	17775	1	0	0	0	0	0	0	0	0	1	0
C	Marios	2	44	4	1	13____	17782	1	0	0	0	0	1	0	0	0	0	0
C	Marios	2	44	4	1	13____	17789	1	0	0	0	0	0	0	0	0	1	0
C	Marios	2	44	4	1	13____	17807	1	0	0	0	0	1	0	0	0	0	0
C	Marios	2	44	4	1	13____	18022	1	0	0	0	0	0	0	0	0	1	0
C	Marios	2	44	4	1	13____	18056	1	0	0	0	0	1	0	0	0	0	0
C	Marios	2	44	4	1	13____	18157	1	0	0	0	0	0	0	0	0	1	0
C	Marios	2	44	4	1	13____	18236	1	0	0	0	0	1	0	0	0	0	0
C	Marios	2	44	4	1	13____	18336	1	0	0	0	0	0	0	0	0	1	0
C	Marios	2	44	4	1	13____	18750	1	2	0	0	0	0	0	0	0	0	0
C	Marios	2	44	4	1	13____	18815	2	0	0	0	0	1	0	0	0	0	0
C	Marios	2	44	4	1	13____	18828	2	0	0	0	0	0	0	0	0	1	0
C	Marios	2	44	4	1	13____	19250	2	3	0	0	0	0	0	0	0	0	0
C	Marios	2	44	4	1	13____	19424	3	0	0	0	0	1	0	0	0	0	0
C	Marios	2	44	4	1	13____	19518	3	0	0	0	0	0	0	0	0	1	0
C	Marios	2	44	4	1	13____	19750	3	1	0	0	0	0	0	0	0	0	0
C	Marios	2	44	4	1	13____	19862	1	0	0	0	0	1	0	0	0	0	0
C	Marios	2	44	4	1	13____	19870	1	0	0	0	0	0	0	0	0	1	0
C	Marios	2	44	4	1	13____	19877	1	0	0	0	0	1	0	0	0	0	0
C	Marios	2	44	4	1	13____	19938	1	0	0	0	0	0	0	0	0	1	0
C	Marios	2	44	4	1	13____	20101	1	0	0	0	0	1	0	0	0	0	0
C	Marios	2	44	4	1	13____	20486	1	0	0	0	0	0	0	0	0	1	0
C	Marios	2	44	4	1	13____	20488	1	0	0	0	0	1	0	0	0	0	0
C	Marios	2	44	4	1	13____	20495	1	0	0	0	0	0	0	0	0	1	0
C	Marios	2	44	4	1	13____	20504	1	0	0	0	0	1	0	0	0	0	0
C	Marios	2	44	4	1	13____	20557	1	0	0	0	0	0	0	0	0	1	0
C	Marios	2	44	4	1	13____	20800	1	0	0	0	0	1	0	0	0	0	0
C	Marios	2	44	4	1	13____	20937	1	0	0	0	0	0	0	0	0	1	0
C	Marios	2	44	4	1	13____	21005	1	0	0	0	0	1	0	0	0	0	0
C	Marios	2	44	4	1	13____	21007	1	0	0	0	0	0	0	0	0	1	0
C	Marios	2	44	4	1	13____	21635	1	0	0	0	0	1	0	0	0	0	0
C	Marios	2	44	4	1	13____	21637	1	0	0	0	0	0	0	0	0	1	0
C	Marios	2	44	4	1	13____	21654	1	0	0	0	0	1	0	0	0	0	0
C	Marios	2	44	4	1	13____	21714	1	0	0	0	0	0	0	0	0	1	0
C	Marios	2	44	4	1	13____	22297	1	0	0	0	0	1	0	0	0	0	0
C	Marios	2	44	4	1	13____	22386	1	0	0	0	0	0	0	0	0	1	0
C	Marios	2	44	4	1	13____	22462	1	0	0	0	0	1	0	0	0	0	0
C	Marios	2	44	4	1	13____	22487	1	0	0	0	0	0	0	0	0	1	0
C	Marios	2	44	4	1	13____	22521	1	0	0	0	0	1	0	0	0	0	0
C	Marios	2	44	4	1	13____	22523	1	0	0	0	0	0	0	0	0	1	0
C	Marios	2	44	4	1	13____	22549	1	0	0	0	0	1	0	0	0	0	0
C	Marios	2	44	4	1	13____	22553	1	0	0	0	0	0	0	0	0	1	0
C	Marios	2	44	4	1	13____	22558	1	0	0	0	0	1	0	0	0	0	0
C	Marios	2	44	4	1	13____	22563	1	0	0	0	0	0	0	0	0	1	0
C	Marios	2	44	4	1	13____	22572	1	0	0	0	0	1	0	0	0	0	0
C	Marios	2	44	4	1	13____	22594	1	0	0	0	0	0	0	0	0	1	0
C	Marios	2	44	4	1	13____	22597	1	0	0	0	0	1	0	0	0	0	0
C	Marios	2	44	4	1	13____	22601	1	0	0	0	0	1	0	0	0	1	0
C	Marios	2	44	4	1	13____	22630	1	0	0	0	0	0	0	0	0	1	0
C	Marios	2	44	4	1	13____	22631	1	0	0	0	0	1	0	0	0	0	0
C	Marios	2	44	4	1	13____	22716	1	0	0	0	0	0	0	0	0	1	0
C	Marios	2	44	4	1	13____	23016	1	0	0	0	0	1	0	0	0	0	0
C	Marios	2	44	4	1	13____	23090	1	0	0	0	0	0	0	0	0	1	0
C	Marios	2	44	4	1	13____	23094	1	0	0	0	0	1	0	0	0	0	0
C	Marios	2	44	4	1	13____	23100	1	0	0	0	0	0	0	0	0	1	0
C	Marios	2	44	4	1	13____	23123	1	0	0	0	0	1	0	0	0	0	0
C	Marios	2	44	4	1	13____	23128	1	0	0	0	0	0	0	0	0	1	0
C	Marios	2	44	4	1	13____	23162	1	0	0	0	0	1	0	0	0	0	0
C	Marios	2	44	4	1	13____	23184	1	0	0	0	0	0	0	0	0	1	0
C	Marios	2	44	4	1	13____	24000	1	2	0	0	0	0	0	0	0	0	0
C	Marios	2	44	4	1	13____	24500	2	3	0	0	0	0	0	0	0	0	0
C	Marios	2	44	4	1	13____	25000	3	1	0	0	0	0	0	0	0	0	0
C	Marios	2	44	4	1	13____	25891	1	0	0	0	0	1	0	0	0	0	0
C	Marios	2	44	4	1	13____	25998	1	0	0	0	0	0	0	0	0	1	0
C	Marios	2	44	4	1	13____	26436	1	0	0	0	0	1	0	0	0	0	0
C	Marios	2	44	4	1	13____	26593	1	0	0	0	0	0	0	0	0	1	0
C	Marios	2	44	4	1	13____	26667	1	0	0	0	0	1	0	0	0	0	0
C	Marios	2	44	4	1	13____	26674	1	0	0	0	0	0	0	0	0	1	0
C	Marios	2	44	4	1	13____	26761	1	0	0	0	0	1	0	0	0	0	0
C	Marios	2	44	4	1	13____	26861	1	0	0	0	0	0	0	0	0	1	0
C	Marios	2	44	4	1	13____	26866	1	0	0	0	0	1	0	0	0	0	0
C	Marios	2	44	4	1	13____	26894	1	0	0	0	0	0	0	0	0	1	0
C	Marios	2	44	4	1	13____	27026	1	0	0	0	0	1	0	0	0	0	0
C	Marios	2	44	4	1	13____	27039	1	0	0	0	0	0	0	0	0	1	0
C	Marios	2	44	4	1	13____	27051	1	0	0	0	0	1	0	0	0	0	0
C	Marios	2	44	4	1	13____	27056	1	0	0	0	0	0	0	0	0	1	0
C	Marios	2	44	4	1	13____	27940	1	0	0	0	0	1	0	0	0	0	0
C	Marios	2	44	4	1	13____	27942	1	0	0	0	0	0	0	0	0	1	0
C	Marios	2	44	4	1	13____	27944	1	0	0	0	0	1	0	0	0	0	0
C	Marios	2	44	4	1	13____	28353	1	0	0	0	0	0	0	0	0	1	0
C	Marios	2	44	4	1	13____	28357	1	0	0	0	0	1	0	0	0	0	0
C	Marios	2	44	4	1	13____	28397	1	0	0	0	0	0	0	0	0	1	0
C	Marios	2	44	4	1	13____	28474	1	0	0	0	0	1	0	0	0	0	0
C	Marios	2	44	4	1	13____	28492	1	0	0	0	0	0	0	0	0	1	0
C	Marios	2	44	4	1	13____	28500	1	2	0	0	0	0	0	0	0	0	0
C	Marios	2	44	4	1	13____	28506	2	0	0	0	0	1	0	0	0	0	0
C	Marios	2	44	4	1	13____	28511	2	0	0	0	0	0	0	0	0	1	0
C	Marios	2	44	4	1	13____	28535	2	0	0	0	0	1	0	0	0	0	0
C	Marios	2	44	4	1	13____	28549	2	0	0	0	0	0	0	0	0	1	0
C	Marios	2	44	4	1	13____	28558	2	0	0	0	0	1	0	0	0	0	0
C	Marios	2	44	4	1	13____	28656	2	0	0	0	0	0	0	0	0	1	0
C	Marios	2	44	4	1	13____	29000	2	3	0	0	0	0	0	0	0	0	0
C	Marios	2	44	4	1	13____	29500	3	1	0	0	0	0	0	0	0	0	0
C	Marios	2	44	4	1	13____	30937	1	0	0	0	0	1	0	0	0	0	0
C	Marios	2	44	4	1	13____	30942	1	0	0	0	0	0	0	0	0	1	0
C	Marios	2	44	4	1	13____	30943	1	0	0	0	0	1	0	0	0	0	0
C	Marios	2	44	4	1	13____	30967	1	0	0	0	0	0	0	0	0	1	0
C	Marios	2	44	4	1	13____	30969	1	0	0	0	0	1	0	0	0	0	0
C	Marios	2	44	4	1	13____	31029	1	0	0	0	0	0	0	0	0	1	0
C	Marios	2	44	4	1	13____	33250	1	2	0	0	0	0	0	0	0	0	0
C	Marios	2	44	4	1	13____	33750	2	3	0	0	0	0	0	0	0	0	0
C	Marios	2	44	4	1	13____	34250	3	1	0	0	0	0	0	0	0	0	0
C	Marios	2	44	4	1	13____	35037	1	0	0	0	0	1	0	0	0	0	0
C	Marios	2	44	4	1	13____	35043	1	0	0	0	0	0	0	0	0	1	0
C	Marios	2	44	4	1	13____	35045	1	0	0	0	0	1	0	0	0	0	0
C	Marios	2	44	4	1	13____	35199	1	0	0	0	0	0	0	0	0	1	0
C	Marios	2	44	4	1	13____	35858	1	0	0	0	0	1	0	0	0	0	0
C	Marios	2	44	4	1	13____	36081	1	0	0	0	0	0	0	0	0	1	0
C	Marios	2	44	4	1	13____	36110	1	0	0	0	0	1	0	0	0	0	0
C	Marios	2	44	4	1	13____	36119	1	0	0	0	0	0	0	0	0	1	0
C	Marios	2	44	4	1	13____	36143	1	0	0	0	0	1	0	0	0	0	0
C	Marios	2	44	4	1	13____	36147	1	0	0	0	0	0	0	0	0	1	0
C	Marios	2	44	4	1	13____	36604	1	0	0	0	0	1	0	0	0	0	0
C	Marios	2	44	4	1	13____	36948	1	0	0	0	0	0	0	0	0	1	0
C	Marios	2	44	4	1	13____	36965	1	0	0	0	0	1	0	0	0	0	0
C	Marios	2	44	4	1	13____	36973	1	0	0	0	0	0	0	0	0	1	0
C	Marios	2	44	4	1	13____	36982	1	0	0	0	0	1	0	0	0	0	0
C	Marios	2	44	4	1	13____	37025	1	0	0	0	0	0	0	0	0	1	0
C	Marios	2	44	4	1	13____	37030	1	0	0	0	0	1	0	0	0	0	0
C	Marios	2	44	4	1	13____	37032	1	0	0	0	0	0	0	0	0	1	0
C	Marios	2	44	4	1	13____	37034	1	0	0	0	0	1	0	0	0	0	0
C	Marios	2	44	4	1	13____	37075	1	0	0	0	0	0	0	0	0	1	0
C	Marios	2	44	4	1	13____	37076	1	0	0	0	0	1	0	0	0	0	0
C	Marios	2	44	4	1	13____	37081	1	0	0	0	0	0	0	0	0	1	0
C	Marios	2	44	4	1	13____	37087	1	0	0	0	0	1	0	0	0	0	0
C	Marios	2	44	4	1	13____	37196	1	0	0	0	0	0	0	0	0	1	0
C	Marios	2	44	4	1	13____	37197	1	0	0	0	0	1	0	0	0	0	0
C	Marios	2	44	4	1	13____	37200	1	0	0	0	0	0	0	0	0	1	0
C	Marios	2	44	4	1	13____	37208	1	0	0	0	0	1	0	0	0	0	0
C	Marios	2	44	4	1	13____	37250	1	2	0	0	0	0	0	0	0	0	0
C	Marios	2	44	4	1	13____	37342	2	0	0	0	0	1	0	0	0	1	0
C	Marios	2	44	4	1	13____	37419	2	0	0	0	0	0	0	0	0	1	0
C	Marios	2	44	4	1	13____	37561	2	0	0	0	0	1	0	0	0	0	0
C	Marios	2	44	4	1	13____	37640	2	0	0	0	0	0	0	0	0	1	0
C	Marios	2	44	4	1	13____	37652	2	0	0	0	0	1	0	0	0	0	0
C	Marios	2	44	4	1	13____	37676	2	0	0	0	0	0	0	0	0	1	0
C	Marios	2	44	4	1	13____	37688	2	0	0	0	0	1	0	0	0	0	0
C	Marios	2	44	4	1	13____	37703	2	0	0	0	0	0	0	0	0	1	0
C	Marios	2	44	4	1	13____	37704	2	0	0	0	0	1	0	0	0	0	0
C	Marios	2	44	4	1	13____	37750	2	3	0	0	0	0	0	0	0	0	0
C	Marios	2	44	4	1	13____	37757	3	0	0	0	0	0	0	0	0	1	0
C	Marios	2	44	4	1	13____	38250	3	1	0	0	0	0	0	0	0	0	0
C	Marios	2	44	4	1	13____	41557	1	0	0	0	0	1	0	0	0	0	0
C	Marios	2	44	4	1	13____	41651	1	0	0	0	0	0	0	0	0	1	0
C	Marios	2	44	4	1	13____	41933	1	0	0	0	0	1	0	0	0	0	0
C	Marios	2	44	4	1	13____	42056	1	0	0	0	0	0	0	0	0	1	0
C	Marios	2	44	4	1	13____	42065	1	0	0	0	0	1	0	0	0	0	0
C	Marios	2	44	4	1	13____	42084	1	0	0	0	0	0	0	0	0	1	0
C	Marios	2	44	4	1	13____	42101	1	0	0	0	0	1	0	0	0	0	0
C	Marios	2	44	4	1	13____	42109	1	0	0	0	0	0	0	0	0	1	0
C	Marios	2	44	4	1	13____	42238	1	0	0	0	0	1	0	0	0	0	0
C	Marios	2	44	4	1	13____	42240	1	0	0	0	0	0	0	0	0	1	0
C	Marios	2	44	4	1	13____	42243	1	0	0	0	0	1	0	0	0	0	0
C	Marios	2	44	4	1	13____	42247	1	0	0	0	0	0	0	0	0	1	0
C	Marios	2	44	4	1	13____	42402	1	0	0	0	0	1	0	0	0	0	0
C	Marios	2	44	4	1	13____	42407	1	0	0	0	0	0	0	0	0	1	0
C	Marios	2	44	4	1	13____	42408	1	0	0	0	0	1	0	0	0	0	0
C	Marios	2	44	4	1	13____	42413	1	0	0	0	0	0	0	0	0	1	0
C	Marios	2	44	4	1	13____	42416	1	0	0	0	0	1	0	0	0	0	0
C	Marios	2	44	4	1	13____	42431	1	0	0	0	0	0	0	0	0	1	0
C	Marios	2	44	4	1	13____	42750	1	2	0	0	0	0	0	0	0	0	0
C	Marios	2	44	4	1	13____	43250	2	3	0	0	0	0	0	0	0	0	0
C	Marios	2	44	4	1	13____	43750	3	1	0	0	0	0	0	0	0	0	0
C	Marios	2	44	4	1	13____	43824	1	0	0	0	0	1	0	0	0	0	0
C	Marios	2	44	4	1	13____	44003	1	0	0	0	0	0	0	0	0	1	0
C	Marios	2	44	4	1	13____	44155	1	0	0	0	0	1	0	0	0	0	0
C	Marios	2	44	4	1	13____	44160	1	0	0	0	0	0	0	0	0	1	0
C	Marios	2	44	4	1	13____	44163	1	0	0	0	0	1	0	0	0	0	0
C	Marios	2	44	4	1	13____	44249	1	0	0	0	0	0	0	0	0	1	0
C	Marios	2	44	4	1	13____	44266	1	0	0	0	0	1	0	0	0	0	0
C	Marios	2	44	4	1	13____	44296	1	0	0	0	0	0	0	0	0	1	0
C	Marios	2	44	4	1	13____	47260	1	0	0	0	0	1	0	0	0	0	0
C	Marios	2	44	4	1	13____	47262	1	0	0	0	0	0	0	0	0	1	0
C	Marios	2	44	4	1	13____	47266	1	0	0	0	0	1	0	0	0	0	0
C	Marios	2	44	4	1	13____	47271	1	0	0	0	0	0	0	0	0	1	0
C	Marios	2	44	4	1	13____	47275	1	0	0	0	0	1	0	0	0	0	0
C	Marios	2	44	4	1	13____	47618	1	0	0	0	0	1	0	0	0	1	0
C	Marios	2	44	4	1	13____	47632	1	0	0	0	0	0	0	0	0	1	0
C	Marios	2	44	4	1	13____	47641	1	0	0	0	0	1	0	0	0	0	0
C	Marios	2	44	4	1	13____	47707	1	0	0	0	0	0	0	0	0	1	0
C	Marios	2	44	4	1	13____	47710	1	0	0	0	0	1	0	0	0	0	0
C	Marios	2	44	4	1	13____	47713	1	0	0	0	0	0	0	0	0	1	0
C	Marios	2	44	4	1	13____	48699	1	0	0	0	0	1	0	0	0	0	0
C	Marios	2	44	4	1	13____	48821	1	0	0	0	0	0	0	0	0	1	0
C	Marios	2	44	4	1	13____	49077	1	0	0	0	0	1	0	0	0	0	0
C	Marios	2	44	4	1	13____	49088	1	0	0	0	0	0	0	0	0	1	0
C	Marios	2	44	4	1	13____	49136	1	0	0	0	0	1	0	0	0	0	0
C	Marios	2	44	4	1	13____	49146	1	0	0	0	0	0	0	0	0	1	0
C	Marios	2	44	4	1	13____	49242	1	0	0	0	0	1	0	0	0	0	0
C	Marios	2	44	4	1	13____	49500	1	2	0	0	0	0	0	0	0	0	0
C	Marios	2	44	4	1	13____	49564	2	0	0	0	0	0	0	0	0	1	0
C	Marios	2	44	4	1	13____	49567	2	0	0	0	0	1	0	0	0	0	0
C	Marios	2	44	4	1	13____	49576	2	0	0	0	0	0	0	0	0	1	0
C	Marios	2	44	4	1	13____	50000	2	3	0	0	0	0	0	0	0	0	0
C	Marios	2	44	4	1	13____	50500	3	1	0	0	0	0	0	0	0	0	0
C	Marios	2	44	4	1	13____	51656	1	0	0	0	0	1	0	0	0	0	0
C	Marios	2	44	4	1	13____	51739	1	0	0	0	0	0	0	0	0	1	0
C	Marios	2	44	4	1	13____	51986	1	0	0	0	0	1	0	0	0	0	0
C	Marios	2	44	4	1	13____	52257	1	0	0	0	0	0	0	0	0	1	0
C	Marios	2	44	4	1	13____	52271	1	0	0	0	0	1	0	0	0	0	0
C	Marios	2	44	4	1	13____	52277	1	0	0	0	0	0	0	0	0	1	0
C	Marios	2	44	4	1	13____	52460	1	0	0	0	0	1	0	0	0	0	0
C	Marios	2	44	4	1	13____	52519	1	0	0	0	0	0	0	0	0	1	0
C	Marios	2	44	4	1	13____	52522	1	0	0	0	0	1	0	0	0	0	0
C	Marios	2	44	4	1	13____	52533	1	0	0	0	0	0	0	0	0	1	0
C	Marios	2	44	4	1	13____	54642	1	0	0	0	0	1	0	0	0	0	0
C	Marios	2	44	4	1	13____	54807	1	0	0	0	0	0	0	0	0	1	0
C	Marios	2	44	4	1	13____	55112	1	0	0	0	0	1	0	0	0	0	0
C	Marios	2	44	4	1	13____	55117	1	0	0	0	0	0	0	0	0	1	0
C	Marios	2	44	4	1	13____	55129	1	0	0	0	0	1	0	0	0	0	0
C	Marios	2	44	4	1	13____	55133	1	0	0	0	0	0	0	0	0	1	0
C	Marios	2	44	4	1	13____	55250	1	2	0	0	0	0	0	0	0	0	0
C	Marios	2	44	4	1	13____	55418	2	0	0	0	0	1	0	0	0	0	0
C	Marios	2	44	4	1	13____	55635	2	0	0	0	0	0	0	0	0	1	0
C	Marios	2	44	4	1	13____	55637	2	0	0	0	0	1	0	0	0	0	0
C	Marios	2	44	4	1	13____	55732	2	0	0	0	0	0	0	0	0	1	0
C	Marios	2	44	4	1	13____	55741	2	0	0	0	0	1	0	0	0	0	0
C	Marios	2	44	4	1	13____	55750	2	3	0	0	0	0	0	0	0	0	0
C	Marios	2	44	4	1	13____	55759	3	0	0	0	0	0	0	0	0	1	0
C	Marios	2	44	4	1	13____	56031	3	0	0	0	0	1	0	0	0	0	0
C	Marios	2	44	4	1	13____	56119	3	0	0	0	0	0	0	0	0	1	0
C	Marios	2	44	4	1	13____	56198	3	0	0	0	0	1	0	0	0	0	0
C	Marios	2	44	4	1	13____	56250	3	1	0	0	0	0	0	0	0	0	0
C	Marios	2	44	4	1	13____	56516	1	0	0	0	0	0	0	0	0	1	0
C	Marios	2	44	4	1	13____	57015	1	0	0	0	0	1	0	0	0	0	0
C	Marios	2	44	4	1	13____	57021	1	0	0	0	0	0	0	0	0	1	0
C	Marios	2	44	4	1	13____	57022	1	0	0	0	0	1	0	0	0	0	0
C	Marios	2	44	4	1	13____	57079	1	0	0	0	0	0	0	0	0	1	0
C	Marios	2	44	4	1	13____	57152	1	0	0	0	0	1	0	0	0	0	0
C	Marios	2	44	4	1	13____	57154	1	0	0	0	0	0	0	0	0	1	0
C	Marios	2	44	4	1	13____	57155	1	0	0	0	0	1	0	0	0	0	0
C	Marios	2	44	4	1	13____	57209	1	0	0	0	0	0	0	0	0	1	0
C	Marios	2	44	4	1	13____	58285	1	0	0	0	0	1	0	0	0	0	0
C	Marios	2	44	4	1	13____	58291	1	0	0	0	0	0	0	0	0	1	0
C	Marios	2	44	4	1	13____	58295	1	0	0	0	0	1	0	0	0	0	0
C	Marios	2	44	4	1	13____	58454	1	0	0	0	0	0	0	0	0	1	0
C	Marios	2	44	4	1	13____	58810	1	0	0	0	0	1	0	0	0	0	0
C	Marios	2	44	4	1	13____	58817	1	0	0	0	0	0	0	0	0	1	0
C	Marios	2	44	4	1	13____	58819	1	0	0	0	0	1	0	0	0	0	0
C	Marios	2	44	4	1	13____	59199	1	0	0	0	0	0	0	0	0	1	0
C	Marios	2	44	4	1	13____	59551	1	0	0	0	0	1	0	0	0	0	0
C	Marios	2	44	4	1	13____	59824	1	0	0	0	0	0	0	0	0	1	0
C	Marios	2	44	4	1	13____	59825	1	0	0	0	0	1	0	0	0	0	0
C	Marios	2	44	4	1	13____	59857	1	0	0	0	0	0	0	0	0	1	0
C	Marios	2	44	4	1	13____	60250	1	2	0	0	0	0	0	0	0	0	0
C	Marios	2	44	4	1	13____	60750	2	3	0	0	0	0	0	0	0	0	0
C	Marios	2	44	4	1	13____	61250	3	1	0	0	0	0	0	0	0	0	0
C	Marios	2	44	4	1	13____	62509	1	0	0	0	0	1	0	0	0	0	0
C	Marios	2	44	4	1	13____	62623	1	0	0	0	0	0	0	0	0	1	0
C	Marios	2	44	4	1	13____	62892	1	0	0	0	0	1	0	0	0	0	0
C	Marios	2	44	4	1	13____	62893	1	0	0	0	0	1	0	0	0	1	0
C	Marios	2	44	4	1	13____	63080	1	0	0	0	0	0	0	0	0	1	0
C	Marios	2	44	4	1	13____	63117	1	0	0	0	0	1	0	0	0	0	0
C	Marios	2	44	4	1	13____	63147	1	0	0	0	0	0	0	0	0	1	0
C	Marios	2	44	4	1	13____	63148	1	0	0	0	0	1	0	0	0	0	0
C	Marios	2	44	4	1	13____	63267	1	0	0	0	0	0	0	0	0	1	0
C	Marios	2	44	4	1	13____	63407	1	0	0	0	0	1	0	0	0	0	0
C	Marios	2	44	4	1	13____	63483	1	0	0	0	0	0	0	0	0	1	0
C	Marios	2	44	4	1	13____	63600	1	0	0	0	0	1	0	0	0	0	0
C	Marios	2	44	4	1	13____	63630	1	0	0	0	0	0	0	0	0	1	0
C	Marios	2	44	4	1	13____	65418	1	0	0	0	0	1	0	0	0	0	0
C	Marios	2	44	4	1	13____	65524	1	0	0	0	0	0	0	0	0	1	0
C	Marios	2	44	4	1	13____	65530	1	0	0	0	0	1	0	0	0	0	0
C	Marios	2	44	4	1	13____	65531	1	0	0	0	0	0	0	0	0	1	0
C	Marios	2	44	4	1	13____	66500	1	2	0	0	0	0	0	0	0	0	0
C	Marios	2	44	4	1	13____	66823	2	0	0	0	0	1	0	0	0	0	0
C	Marios	2	44	4	1	13____	67000	2	3	0	0	0	0	0	0	0	0	0
C	Marios	2	44	4	1	13____	67036	3	0	0	0	0	0	0	0	0	1	0
C	Marios	2	44	4	1	13____	67046	3	0	0	0	0	1	0	0	0	0	0
C	Marios	2	44	4	1	13____	67162	3	0	0	0	0	0	0	0	0	1	0
C	Marios	2	44	4	1	13____	67475	3	0	0	0	0	1	0	0	0	0	0
C	Marios	2	44	4	1	13____	67500	3	1	0	0	0	0	0	0	0	0	0
C	Marios	2	44	4	1	13____	67667	1	0	0	0	0	0	0	0	0	1	0
C	Marios	2	44	4	1	13____	67682	1	0	0	0	0	1	0	0	0	0	0
C	Marios	2	44	4	1	13____	67864	1	0	0	0	0	0	0	0	0	1	0
C	Marios	2	44	4	1	13____	68125	1	0	0	0	0	1	0	0	0	0	0
C	Marios	2	44	4	1	13____	68126	1	0	0	0	0	0	0	0	0	1	0
C	Marios	2	44	4	1	13____	68275	1	0	0	0	0	1	0	0	0	0	0
C	Marios	2	44	4	1	13____	68277	1	0	0	0	0	0	0	0	0	1	0
C	Marios	2	44	4	1	13____	68370	1	0	0	0	0	1	0	0	0	0	0
C	Marios	2	44	4	1	13____	68377	1	0	0	0	0	0	0	0	0	1	0
C	Marios	2	44	4	1	13____	68395	1	0	0	0	0	1	0	0	0	0	0
C	Marios	2	44	4	1	13____	68398	1	0	0	0	0	0	0	0	0	1	0
C	Marios	2	44	4	1	13____	68434	1	0	0	0	0	1	0	0	0	0	0
C	Marios	2	44	4	1	13____	68449	1	0	0	0	0	0	0	0	0	1	0
C	Marios	2	44	4	1	13____	68482	1	0	0	0	0	1	0	0	0	0	0
C	Marios	2	44	4	1	13____	68555	1	0	0	0	0	0	0	0	0	1	0
C	Marios	2	44	4	1	13____	68559	1	0	0	0	0	1	0	0	0	0	0
C	Marios	2	44	4	1	13____	68580	1	0	0	0	0	0	0	0	0	1	0
C	Marios	2	44	4	1	13____	68845	1	0	0	0	0	1	0	0	0	0	0
C	Marios	2	44	4	1	13____	69104	1	0	0	0	0	0	0	0	0	1	0
C	Marios	2	44	4	1	13____	69117	1	0	0	0	0	1	0	0	0	0	0
C	Marios	2	44	4	1	13____	69122	1	0	0	0	0	0	0	0	0	1	0
C	Marios	2	44	4	1	13____	69445	1	0	0	0	0	1	0	0	0	0	0
C	Marios	2	44	4	1	13____	69461	1	0	0	0	0	0	0	0	0	1	0
C	Marios	2	44	4	1	13____	69470	1	0	0	0	0	1	0	0	0	0	0
C	Marios	2	44	4	1	13____	69589	1	0	0	0	0	0	0	0	0	1	0
C	Marios	2	44	4	1	13____	71870	1	0	0	0	0	1	0	0	0	0	0
C	Marios	2	44	4	1	13____	71875	1	0	0	0	0	0	0	0	0	1	0
C	Marios	2	44	4	1	13____	71879	1	0	0	0	0	1	0	0	0	0	0
C	Marios	2	44	4	1	13____	72185	1	0	0	0	0	0	0	0	0	1	0
C	Marios	2	44	4	1	13____	72230	1	0	0	0	0	1	0	0	0	0	0
C	Marios	2	44	4	1	13____	72273	1	0	0	0	0	0	0	0	0	1	0
C	Marios	2	44	4	1	13____	72475	1	0	0	0	0	1	0	0	0	0	0
C	Marios	2	44	4	1	13____	72477	1	0	0	0	0	0	0	0	0	1	0
C	Marios	2	44	4	1	13____	72478	1	0	0	0	0	1	0	0	0	0	0
C	Marios	2	44	4	1	13____	72499	1	0	0	0	0	0	0	0	0	1	0
C	Marios	2	44	4	1	13____	72501	1	0	0	0	0	1	0	0	0	0	0
C	Marios	2	44	4	1	13____	72569	1	0	0	0	0	0	0	0	0	1	0
C	Marios	2	44	4	1	13____	72863	1	0	0	0	0	1	0	0	0	0	0
C	Marios	2	44	4	1	13____	72867	1	0	0	0	0	0	0	0	0	1	0
C	Marios	2	44	4	1	13____	72869	1	0	0	0	0	1	0	0	0	0	0
C	Marios	2	44	4	1	13____	72879	1	0	0	0	0	0	0	0	0	1	0
C	Marios	2	44	4	1	13____	72881	1	0	0	0	0	1	0	0	0	0	0
C	Marios	2	44	4	1	13____	72894	1	0	0	0	0	0	0	0	0	1	0
C	Marios	2	44	4	1	13____	73062	1	0	0	0	0	1	0	0	0	0	0
C	Marios	2	44	4	1	13____	73366	1	0	0	0	0	0	0	0	0	1	0
C	Marios	2	44	4	1	13____	73387	1	0	0	0	0	1	0	0	0	0	0
C	Marios	2	44	4	1	13____	73500	1	2	0	0	0	0	0	0	0	0	0
C	Marios	2	44	4	1	13____	73530	2	0	0	0	0	0	0	0	0	1	0
C	Marios	2	44	4	1	13____	73536	2	0	0	0	0	1	0	0	0	0	0
C	Marios	2	44	4	1	13____	73539	2	0	0	0	0	0	0	0	0	1	0
C	Marios	2	44	4	1	13____	73657	2	0	0	0	0	1	0	0	0	0	0
C	Marios	2	44	4	1	13____	73665	2	0	0	0	0	0	0	0	0	1	0
C	Marios	2	44	4	1	13____	74000	2	3	0	0	0	0	0	0	0	0	0
C	Marios	2	44	4	1	13____	74500	3	1	0	0	0	0	0	0	0	0	0
C	Marios	2	44	4	1	13____	75070	1	0	0	0	0	1	0	0	0	0	0
C	Marios	2	44	4	1	13____	75077	1	0	0	0	0	0	0	0	0	1	0
C	Marios	2	44	4	1	13____	75080	1	0	0	0	0	1	0	0	0	0	0
C	Marios	2	44	4	1	13____	75152	1	0	0	0	0	0	0	0	0	1	0
C	Marios	2	44	4	1	13____	75183	1	0	0	0	0	1	0	0	0	0	0
C	Marios	2	44	4	1	13____	75185	1	0	0	0	0	0	0	0	0	1	0
C	Marios	2	44	4	1	13____	75186	1	0	0	0	0	1	0	0	0	0	0
C	Marios	2	44	4	1	13____	75372	1	0	0	0	0	0	0	0	0	1	0
C	Marios	2	44	4	1	13____	75389	1	0	0	0	0	1	0	0	0	0	0
C	Marios	2	44	4	1	13____	75394	1	0	0	0	0	0	0	0	0	1	0
C	Marios	2	44	4	1	13____	75406	1	0	0	0	0	1	0	0	0	0	0
C	Marios	2	44	4	1	13____	75420	1	0	0	0	0	0	0	0	0	1	0
C	Marios	2	44	4	1	13____	75480	1	0	0	0	0	1	0	0	0	0	0
C	Marios	2	44	4	1	13____	75482	1	0	0	0	0	0	0	0	0	1	0
C	Marios	2	44	4	1	13____	75486	1	0	0	0	0	1	0	0	0	0	0
C	Marios	2	44	4	1	13____	75493	1	0	0	0	0	0	0	0	0	1	0
C	Marios	2	44	4	1	13____	75503	1	0	0	0	0	1	0	0	0	0	0
C	Marios	2	44	4	1	13____	75505	1	0	0	0	0	0	0	0	0	1	0
C	Marios	2	44	4	1	13____	75506	1	0	0	0	0	1	0	0	0	0	0
C	Marios	2	44	4	1	13____	75591	1	0	0	0	0	0	0	0	0	1	0
C	Marios	2	44	4	1	13____	75593	1	0	0	0	0	1	0	0	0	0	0
C	Marios	2	44	4	1	13____	75610	1	0	0	0	0	0	0	0	0	1	0
C	Marios	2	44	4	1	13____	75635	1	0	0	0	0	1	0	0	0	0	0
C	Marios	2	44	4	1	13____	75637	1	0	0	0	0	0	0	0	0	1	0
C	Marios	2	44	4	1	13____	75720	1	0	0	0	0	1	0	0	0	0	0
C	Marios	2	44	4	1	13____	75782	1	0	0	0	0	0	0	0	0	1	0
C	Marios	2	44	4	1	13____	75803	1	0	0	0	0	1	0	0	0	0	0
C	Marios	2	44	4	1	13____	75805	1	0	0	0	0	0	0	0	0	1	0
C	Marios	2	44	4	1	13____	75811	1	0	0	0	0	1	0	0	0	0	0
C	Marios	2	44	4	1	13____	75820	1	0	0	0	0	0	0	0	0	1	0
C	Marios	2	44	4	1	13____	75864	1	0	0	0	0	1	0	0	0	0	0
C	Marios	2	44	4	1	13____	75925	1	0	0	0	0	0	0	0	0	1	0
C	Marios	2	44	4	1	13____	76025	1	0	0	0	0	1	0	0	0	0	0
C	Marios	2	44	4	1	13____	76026	1	0	0	0	0	0	0	0	0	1	0
C	Marios	2	44	4	1	13____	76038	1	0	0	0	0	1	0	0	0	0	0
C	Marios	2	44	4	1	13____	76062	1	0	0	0	0	0	0	0	0	1	0
C	Marios	2	44	4	1	13____	76063	1	0	0	0	0	1	0	0	0	0	0
C	Marios	2	44	4	1	13____	76064	1	0	0	0	0	0	0	0	0	1	0
C	Marios	2	44	4	1	13____	79000	1	2	0	0	0	0	0	0	0	0	0
C	Marios	2	44	4	1	13____	79500	2	3	0	0	0	0	0	0	0	0	0
C	Marios	2	44	4	1	13____	79679	3	0	0	0	0	1	0	0	0	0	0
C	Marios	2	44	4	1	13____	80000	3	1	0	0	0	0	0	0	0	0	0
C	Marios	2	44	4	1	13____	80367	1	0	0	0	0	0	0	0	0	1	0
C	Marios	2	44	4	1	13____	80371	1	0	0	0	0	1	0	0	0	0	0
C	Marios	2	44	4	1	13____	80548	1	0	0	0	0	0	0	0	0	1	0
C	Marios	2	44	4	1	13____	80628	1	0	0	0	0	1	0	0	0	0	0
C	Marios	2	44	4	1	13____	80654	1	0	0	0	0	0	0	0	0	1	0
C	Marios	2	44	4	1	13____	80684	1	0	0	0	0	1	0	0	0	0	0
C	Marios	2	44	4	1	13____	80777	1	0	0	0	0	0	0	0	0	1	0
C	Marios	2	44	4	1	13____	81890	1	0	0	0	0	1	0	0	0	0	0
C	Marios	2	44	4	1	13____	82231	1	0	0	0	0	0	0	0	0	1	0
C	Marios	2	44	4	1	13____	82242	1	0	0	0	0	1	0	0	0	0	0
C	Marios	2	44	4	1	13____	82314	1	0	0	0	0	0	0	0	0	1	0
C	Marios	2	44	4	1	13____	82377	1	0	0	0	0	1	0	0	0	0	0
C	Marios	2	44	4	1	13____	82384	1	0	0	0	0	0	0	0	0	1	0
C	Marios	2	44	4	1	13____	82843	1	0	0	0	0	1	0	0	0	0	0
C	Marios	2	44	4	1	13____	83117	1	0	0	0	0	0	0	0	0	1	0
C	Marios	2	44	4	1	13____	83135	1	0	0	0	0	1	0	0	0	0	0
C	Marios	2	44	4	1	13____	83146	1	0	0	0	0	0	0	0	0	1	0
C	Marios	2	44	4	1	13____	83229	1	0	0	0	0	1	0	0	0	0	0
C	Marios	2	44	4	1	13____	83241	1	0	0	0	0	0	0	0	0	1	0
C	Marios	2	44	4	1	13____	83243	1	0	0	0	0	1	0	0	0	0	0
C	Marios	2	44	4	1	13____	83245	1	0	0	0	0	0	0	0	0	1	0
C	Marios	2	44	4	1	13____	83276	1	0	0	0	0	1	0	0	0	0	0
C	Marios	2	44	4	1	13____	83419	1	0	0	0	0	0	0	0	0	1	0
C	Marios	2	44	4	1	13____	83430	1	0	0	0	0	1	0	0	0	0	0
C	Marios	2	44	4	1	13____	83485	1	0	0	0	0	0	0	0	0	1	0
C	Marios	2	44	4	1	13____	83500	1	0	0	0	0	1	0	0	0	0	0
C	Marios	2	44	4	1	13____	83502	1	0	0	0	0	0	0	0	0	1	0
C	Marios	2	44	4	1	13____	83504	1	0	0	0	0	1	0	0	0	0	0
C	Marios	2	44	4	1	13____	83509	1	0	0	0	0	1	0	0	0	1	0
C	Marios	2	44	4	1	13____	83511	1	0	0	0	0	0	0	0	0	1	0
C	Marios	2	44	4	1	13____	84806	1	0	0	0	0	1	0	0	0	0	0
C	Marios	2	44	4	1	13____	84967	1	0	0	0	0	0	0	0	0	1	0
C	Marios	2	44	4	1	13____	84987	1	0	0	0	0	1	0	0	0	0	0
C	Marios	2	44	4	1	13____	85078	1	0	0	0	0	0	0	0	0	1	0
C	Marios	2	44	4	1	13____	85105	1	0	0	0	0	1	0	0	0	0	0
C	Marios	2	44	4	1	13____	85119	1	0	0	0	0	0	0	0	0	1	0
C	Marios	2	44	4	1	13____	85283	1	0	0	0	0	1	0	0	0	0	0
C	Marios	2	44	4	1	13____	85360	1	0	0	0	0	0	0	0	0	1	0
C	Marios	2	44	4	1	13____	85898	1	0	0	0	0	1	0	0	0	0	0
C	Marios	2	44	4	1	13____	86000	1	2	0	0	0	0	0	0	0	0	0
C	Marios	2	44	4	1	13____	86034	2	0	0	0	0	0	0	0	0	1	0
C	Marios	2	44	4	1	13____	86500	2	3	0	0	0	0	0	0	0	0	0
C	Marios	2	44	4	1	13____	86779	3	0	0	0	0	1	0	0	0	0	0
C	Marios	2	44	4	1	13____	86865	3	0	0	0	0	0	0	0	0	1	0
C	Marios	2	44	4	1	13____	86880	3	0	0	0	0	1	0	0	0	0	0
C	Marios	2	44	4	1	13____	87000	3	1	0	0	0	0	0	0	0	0	0
C	Marios	2	44	4	1	13____	87072	1	0	0	0	0	0	0	0	0	1	0
C	Marios	2	44	4	1	13____	87206	1	0	0	0	0	1	0	0	0	0	0
C	Marios	2	44	4	1	13____	87246	1	0	0	0	0	0	0	0	0	1	0
C	Marios	2	44	4	1	13____	88428	1	0	0	0	0	1	0	0	0	0	0
C	Marios	2	44	4	1	13____	88676	1	0	0	0	0	0	0	0	0	1	0
C	Marios	2	44	4	1	13____	88821	1	0	0	0	0	1	0	0	0	0	0
C	Marios	2	44	4	1	13____	88931	1	0	0	0	0	0	0	0	0	1	0
C	Marios	2	44	4	1	13____	88937	1	0	0	0	0	1	0	0	0	0	0
C	Marios	2	44	4	1	13____	88981	1	0	0	0	0	0	0	0	0	1	0
C	Marios	2	44	4	1	13____	89712	1	0	0	0	0	1	0	0	0	0	0
C	Marios	2	44	4	1	13____	89814	1	0	0	0	0	0	0	0	0	1	0
C	Marios	2	44	4	1	13____	90650	1	2	0	0	0	0	0	0	0	0	0
C	Marios	2	44	4	1	13____	90815	2	0	0	0	0	1	0	0	0	0	0
C	Marios	2	44	4	1	13____	90930	2	0	0	0	0	0	0	0	0	1	0
C	Marios	2	44	4	1	13____	90935	2	0	0	0	0	1	0	0	0	0	0
C	Marios	2	44	4	1	13____	90940	2	0	0	0	0	0	0	0	0	1	0
C	Marios	2	44	4	1	13____	90958	2	0	0	0	0	1	0	0	0	0	0
C	Marios	2	44	4	1	13____	90967	2	0	0	0	0	0	0	0	0	1	0
C	Marios	2	44	4	1	13____	90988	2	0	0	0	0	1	0	0	0	0	0
C	Marios	2	44	4	1	13____	91010	2	0	0	0	0	0	0	0	0	1	0
C	Marios	2	44	4	1	13____	91150	2	3	0	0	0	0	0	0	0	0	0
C	Marios	2	44	4	1	13____	91650	3	-1	0	0	0	0	0	0	0	0	0
