Project	UserID	Protocol	Session	Station	Run	Subject	Time	Current State	Transition State	Transition Event	A1 - LLR	A2 - RLR	A3 - MAG	A4 - 	A[1] LLR_OFF	A[2] RLR_OFF	A[3] MAG_OFF	A[4] 
C	Marios	23	119	1	1	7_____	0	0	1	0	0	0	0	0	0	0	0	0
C	Marios	23	119	1	1	7_____	683	1	0	0	0	0	1	0	0	0	0	0
C	Marios	23	119	1	1	7_____	720	1	0	0	0	0	0	0	0	0	1	0
C	Marios	23	119	1	1	7_____	2424	1	0	0	0	0	1	0	0	0	0	0
C	Marios	23	119	1	1	7_____	2429	1	0	0	0	0	0	0	0	0	1	0
C	Marios	23	119	1	1	7_____	2435	1	0	0	0	0	1	0	0	0	0	0
C	Marios	23	119	1	1	7_____	2493	1	0	0	0	0	0	0	0	0	1	0
C	Marios	23	119	1	1	7_____	3051	1	0	0	0	0	1	0	0	0	0	0
C	Marios	23	119	1	1	7_____	3063	1	0	0	0	0	0	0	0	0	1	0
C	Marios	23	119	1	1	7_____	3145	1	0	0	0	0	1	0	0	0	0	0
C	Marios	23	119	1	1	7_____	3147	1	0	0	0	0	0	0	0	0	1	0
C	Marios	23	119	1	1	7_____	3150	1	0	0	0	0	1	0	0	0	0	0
C	Marios	23	119	1	1	7_____	3152	1	0	0	0	0	0	0	0	0	1	0
C	Marios	23	119	1	1	7_____	3158	1	0	0	0	0	1	0	0	0	0	0
C	Marios	23	119	1	1	7_____	3160	1	0	0	0	0	0	0	0	0	1	0
C	Marios	23	119	1	1	7_____	3390	1	0	0	0	0	1	0	0	0	0	0
C	Marios	23	119	1	1	7_____	3431	1	0	0	0	0	0	0	0	0	1	0
C	Marios	23	119	1	1	7_____	3500	1	2	0	0	0	0	0	0	0	0	0
C	Marios	23	119	1	1	7_____	4000	2	17	0	0	0	0	0	0	0	0	0
C	Marios	23	119	1	1	7_____	4500	17	15	0	0	0	0	0	0	0	0	0
C	Marios	23	119	1	1	7_____	5000	15	1	0	0	0	0	0	0	0	0	0
C	Marios	23	119	1	1	7_____	5731	1	0	0	0	0	1	0	0	0	0	0
C	Marios	23	119	1	1	7_____	5821	1	0	0	0	0	0	0	0	0	1	0
C	Marios	23	119	1	1	7_____	5883	1	0	0	0	0	1	0	0	0	0	0
C	Marios	23	119	1	1	7_____	5921	1	0	0	0	0	0	0	0	0	1	0
C	Marios	23	119	1	1	7_____	6156	1	0	0	0	0	1	0	0	0	0	0
C	Marios	23	119	1	1	7_____	6158	1	0	0	0	0	0	0	0	0	1	0
C	Marios	23	119	1	1	7_____	6271	1	0	0	0	0	1	0	0	0	0	0
C	Marios	23	119	1	1	7_____	6274	1	0	0	0	0	0	0	0	0	1	0
C	Marios	23	119	1	1	7_____	6279	1	0	0	0	0	1	0	0	0	0	0
C	Marios	23	119	1	1	7_____	6476	1	0	0	0	0	0	0	0	0	1	0
C	Marios	23	119	1	1	7_____	7256	1	0	0	0	0	1	0	0	0	0	0
C	Marios	23	119	1	1	7_____	7296	1	0	0	0	0	0	0	0	0	1	0
C	Marios	23	119	1	1	7_____	8189	1	0	0	0	0	1	0	0	0	0	0
C	Marios	23	119	1	1	7_____	8279	1	0	0	0	0	0	0	0	0	1	0
C	Marios	23	119	1	1	7_____	9285	1	0	0	0	0	1	0	0	0	0	0
C	Marios	23	119	1	1	7_____	9314	1	0	0	0	0	0	0	0	0	1	0
C	Marios	23	119	1	1	7_____	9500	1	2	0	0	0	0	0	0	0	0	0
C	Marios	23	119	1	1	7_____	9946	2	0	0	0	0	1	0	0	0	0	0
C	Marios	23	119	1	1	7_____	10000	2	7	0	0	0	0	0	0	0	0	0
C	Marios	23	119	1	1	7_____	10005	7	0	0	0	0	0	0	0	0	1	0
C	Marios	23	119	1	1	7_____	10041	7	0	0	0	0	1	0	0	0	0	0
C	Marios	23	119	1	1	7_____	10046	7	0	0	0	0	0	0	0	0	1	0
C	Marios	23	119	1	1	7_____	10091	7	0	0	0	0	1	0	0	0	0	0
C	Marios	23	119	1	1	7_____	10118	7	0	0	0	0	0	0	0	0	1	0
C	Marios	23	119	1	1	7_____	10141	7	0	0	0	0	1	0	0	0	0	0
C	Marios	23	119	1	1	7_____	10152	7	0	0	0	0	0	0	0	0	1	0
C	Marios	23	119	1	1	7_____	10169	7	0	0	0	0	1	0	0	0	0	0
C	Marios	23	119	1	1	7_____	10200	7	0	0	0	0	0	0	0	0	1	0
C	Marios	23	119	1	1	7_____	10225	7	0	0	0	0	1	0	0	0	0	0
C	Marios	23	119	1	1	7_____	10272	7	0	0	0	0	0	0	0	0	1	0
C	Marios	23	119	1	1	7_____	10305	7	0	0	0	0	1	0	0	0	0	0
C	Marios	23	119	1	1	7_____	10346	7	0	0	0	0	0	0	0	0	1	0
C	Marios	23	119	1	1	7_____	10360	7	0	0	0	0	1	0	0	0	0	0
C	Marios	23	119	1	1	7_____	10366	7	0	0	0	0	0	0	0	0	1	0
C	Marios	23	119	1	1	7_____	10396	7	0	0	0	0	1	0	0	0	0	0
C	Marios	23	119	1	1	7_____	10441	7	0	0	0	0	0	0	0	0	1	0
C	Marios	23	119	1	1	7_____	10500	7	10	0	0	0	0	0	0	0	0	0
C	Marios	23	119	1	1	7_____	10513	10	0	0	0	0	1	0	0	0	0	0
C	Marios	23	119	1	1	7_____	10773	10	0	0	0	0	0	0	0	0	1	0
C	Marios	23	119	1	1	7_____	10905	10	0	0	0	0	1	0	0	0	0	0
C	Marios	23	119	1	1	7_____	10965	10	0	0	0	0	0	0	0	0	1	0
C	Marios	23	119	1	1	7_____	11000	10	1	0	0	0	0	0	0	0	0	0
C	Marios	23	119	1	1	7_____	12586	1	0	0	0	0	1	0	0	0	0	0
C	Marios	23	119	1	1	7_____	12590	1	0	0	0	0	0	0	0	0	1	0
C	Marios	23	119	1	1	7_____	13073	1	0	0	0	0	1	0	0	0	0	0
C	Marios	23	119	1	1	7_____	13102	1	0	0	0	0	0	0	0	0	1	0
C	Marios	23	119	1	1	7_____	13329	1	0	0	0	0	1	0	0	0	0	0
C	Marios	23	119	1	1	7_____	13338	1	0	0	0	0	0	0	0	0	1	0
C	Marios	23	119	1	1	7_____	13352	1	0	0	0	0	1	0	0	0	0	0
C	Marios	23	119	1	1	7_____	13408	1	0	0	0	0	0	0	0	0	1	0
C	Marios	23	119	1	1	7_____	13620	1	0	0	0	0	1	0	0	0	0	0
C	Marios	23	119	1	1	7_____	13639	1	0	0	0	0	0	0	0	0	1	0
C	Marios	23	119	1	1	7_____	14340	1	0	0	0	0	1	0	0	0	0	0
C	Marios	23	119	1	1	7_____	14343	1	0	0	0	0	0	0	0	0	1	0
C	Marios	23	119	1	1	7_____	14345	1	0	0	0	0	1	0	0	0	0	0
C	Marios	23	119	1	1	7_____	14361	1	0	0	0	0	0	0	0	0	1	0
C	Marios	23	119	1	1	7_____	14684	1	0	0	0	0	1	0	0	0	0	0
C	Marios	23	119	1	1	7_____	14686	1	0	0	0	0	0	0	0	0	1	0
C	Marios	23	119	1	1	7_____	14713	1	0	0	0	0	1	0	0	0	0	0
C	Marios	23	119	1	1	7_____	14725	1	0	0	0	0	0	0	0	0	1	0
C	Marios	23	119	1	1	7_____	15026	1	0	0	0	0	1	0	0	0	0	0
C	Marios	23	119	1	1	7_____	15028	1	0	0	0	0	0	0	0	0	1	0
C	Marios	23	119	1	1	7_____	15243	1	0	0	0	0	1	0	0	0	0	0
C	Marios	23	119	1	1	7_____	15245	1	0	0	0	0	0	0	0	0	1	0
C	Marios	23	119	1	1	7_____	16250	1	0	0	0	0	1	0	0	0	0	0
C	Marios	23	119	1	1	7_____	16252	1	0	0	0	0	0	0	0	0	1	0
C	Marios	23	119	1	1	7_____	16933	1	0	0	0	0	1	0	0	0	0	0
C	Marios	23	119	1	1	7_____	16975	1	0	0	0	0	0	0	0	0	1	0
C	Marios	23	119	1	1	7_____	16999	1	0	0	0	0	1	0	0	0	0	0
C	Marios	23	119	1	1	7_____	17001	1	0	0	0	0	0	0	0	0	1	0
C	Marios	23	119	1	1	7_____	17018	1	0	0	0	0	1	0	0	0	0	0
C	Marios	23	119	1	1	7_____	17026	1	0	0	0	0	0	0	0	0	1	0
C	Marios	23	119	1	1	7_____	17033	1	0	0	0	0	1	0	0	0	0	0
C	Marios	23	119	1	1	7_____	17034	1	0	0	0	0	0	0	0	0	1	0
C	Marios	23	119	1	1	7_____	17036	1	0	0	0	0	1	0	0	0	0	0
C	Marios	23	119	1	1	7_____	17057	1	0	0	0	0	0	0	0	0	1	0
C	Marios	23	119	1	1	7_____	17071	1	0	0	0	0	1	0	0	0	0	0
C	Marios	23	119	1	1	7_____	17076	1	0	0	0	0	0	0	0	0	1	0
C	Marios	23	119	1	1	7_____	17077	1	0	0	0	0	1	0	0	0	0	0
C	Marios	23	119	1	1	7_____	17079	1	0	0	0	0	0	0	0	0	1	0
C	Marios	23	119	1	1	7_____	17131	1	0	0	0	0	1	0	0	0	0	0
C	Marios	23	119	1	1	7_____	17191	1	0	0	0	0	0	0	0	0	1	0
C	Marios	23	119	1	1	7_____	17195	1	0	0	0	0	1	0	0	0	0	0
C	Marios	23	119	1	1	7_____	17256	1	0	0	0	0	0	0	0	0	1	0
C	Marios	23	119	1	1	7_____	18500	1	2	0	0	0	0	0	0	0	0	0
C	Marios	23	119	1	1	7_____	18976	2	0	0	0	0	1	0	0	0	0	0
C	Marios	23	119	1	1	7_____	19000	2	16	0	0	0	0	0	0	0	0	0
C	Marios	23	119	1	1	7_____	19003	16	0	0	0	0	0	0	0	0	1	0
C	Marios	23	119	1	1	7_____	19500	16	15	0	0	0	0	0	0	0	0	0
C	Marios	23	119	1	1	7_____	19717	15	0	0	0	0	1	0	0	0	0	0
C	Marios	23	119	1	1	7_____	19736	15	0	0	0	0	0	0	0	0	1	0
C	Marios	23	119	1	1	7_____	19902	15	0	0	0	0	1	0	0	0	0	0
C	Marios	23	119	1	1	7_____	19954	15	0	0	0	0	0	0	0	0	1	0
C	Marios	23	119	1	1	7_____	20000	15	1	0	0	0	0	0	0	0	0	0
C	Marios	23	119	1	1	7_____	21002	1	0	0	0	0	1	0	0	0	0	0
C	Marios	23	119	1	1	7_____	21039	1	0	0	0	0	0	0	0	0	1	0
C	Marios	23	119	1	1	7_____	21704	1	0	0	0	0	1	0	0	0	0	0
C	Marios	23	119	1	1	7_____	21708	1	0	0	0	0	0	0	0	0	1	0
C	Marios	23	119	1	1	7_____	21716	1	0	0	0	0	1	0	0	0	0	0
C	Marios	23	119	1	1	7_____	21799	1	0	0	0	0	0	0	0	0	1	0
C	Marios	23	119	1	1	7_____	21896	1	0	0	0	0	1	0	0	0	0	0
C	Marios	23	119	1	1	7_____	21927	1	0	0	0	0	0	0	0	0	1	0
C	Marios	23	119	1	1	7_____	21962	1	0	0	0	0	1	0	0	0	0	0
C	Marios	23	119	1	1	7_____	22047	1	0	0	0	0	0	0	0	0	1	0
C	Marios	23	119	1	1	7_____	22972	1	0	0	0	0	1	0	0	0	0	0
C	Marios	23	119	1	1	7_____	22997	1	0	0	0	0	0	0	0	0	1	0
C	Marios	23	119	1	1	7_____	23719	1	0	0	0	0	1	0	0	0	0	0
C	Marios	23	119	1	1	7_____	23871	1	0	0	0	0	0	0	0	0	1	0
C	Marios	23	119	1	1	7_____	25006	1	0	0	0	0	1	0	0	0	0	0
C	Marios	23	119	1	1	7_____	25008	1	0	0	0	0	0	0	0	0	1	0
C	Marios	23	119	1	1	7_____	25009	1	0	0	0	0	1	0	0	0	0	0
C	Marios	23	119	1	1	7_____	25011	1	0	0	0	0	0	0	0	0	1	0
C	Marios	23	119	1	1	7_____	25500	1	2	0	0	0	0	0	0	0	0	0
C	Marios	23	119	1	1	7_____	25823	2	0	0	0	0	1	0	0	0	0	0
C	Marios	23	119	1	1	7_____	25857	2	0	0	0	0	0	0	0	0	1	0
C	Marios	23	119	1	1	7_____	26000	2	16	0	0	0	0	0	0	0	0	0
C	Marios	23	119	1	1	7_____	26500	16	15	0	0	0	0	0	0	0	0	0
C	Marios	23	119	1	1	7_____	26986	15	0	0	0	0	1	0	0	0	0	0
C	Marios	23	119	1	1	7_____	27000	15	1	0	0	0	0	0	0	0	0	0
C	Marios	23	119	1	1	7_____	27029	1	0	0	0	0	0	0	0	0	1	0
C	Marios	23	119	1	1	7_____	29816	1	0	0	0	0	1	0	0	0	0	0
C	Marios	23	119	1	1	7_____	29834	1	0	0	0	0	0	0	0	0	1	0
C	Marios	23	119	1	1	7_____	29838	1	0	0	0	0	1	0	0	0	0	0
C	Marios	23	119	1	1	7_____	29874	1	0	0	0	0	0	0	0	0	1	0
C	Marios	23	119	1	1	7_____	29895	1	0	0	0	0	1	0	0	0	0	0
C	Marios	23	119	1	1	7_____	29909	1	0	0	0	0	0	0	0	0	1	0
C	Marios	23	119	1	1	7_____	29970	1	0	0	0	0	1	0	0	0	0	0
C	Marios	23	119	1	1	7_____	29973	1	0	0	0	0	0	0	0	0	1	0
C	Marios	23	119	1	1	7_____	29980	1	0	0	0	0	1	0	0	0	0	0
C	Marios	23	119	1	1	7_____	29982	1	0	0	0	0	1	0	0	0	1	0
C	Marios	23	119	1	1	7_____	29991	1	0	0	0	0	0	0	0	0	1	0
C	Marios	23	119	1	1	7_____	30000	1	2	0	0	0	0	0	0	0	0	0
C	Marios	23	119	1	1	7_____	30003	2	0	0	0	0	1	0	0	0	0	0
C	Marios	23	119	1	1	7_____	30052	2	0	0	0	0	0	0	0	0	1	0
C	Marios	23	119	1	1	7_____	30500	2	17	0	0	0	0	0	0	0	0	0
C	Marios	23	119	1	1	7_____	31000	17	15	0	0	0	0	0	0	0	0	0
C	Marios	23	119	1	1	7_____	31500	15	1	0	0	0	0	0	0	0	0	0
C	Marios	23	119	1	1	7_____	31937	1	0	0	0	0	1	0	0	0	0	0
C	Marios	23	119	1	1	7_____	32034	1	0	0	0	0	0	0	0	0	1	0
C	Marios	23	119	1	1	7_____	32052	1	0	0	0	0	1	0	0	0	0	0
C	Marios	23	119	1	1	7_____	32054	1	0	0	0	0	0	0	0	0	1	0
C	Marios	23	119	1	1	7_____	32055	1	0	0	0	0	1	0	0	0	0	0
C	Marios	23	119	1	1	7_____	32059	1	0	0	0	0	0	0	0	0	1	0
C	Marios	23	119	1	1	7_____	32072	1	0	0	0	0	1	0	0	0	0	0
C	Marios	23	119	1	1	7_____	32074	1	0	0	0	0	0	0	0	0	1	0
C	Marios	23	119	1	1	7_____	32077	1	0	0	0	0	1	0	0	0	0	0
C	Marios	23	119	1	1	7_____	32082	1	0	0	0	0	0	0	0	0	1	0
C	Marios	23	119	1	1	7_____	32118	1	0	0	0	0	1	0	0	0	0	0
C	Marios	23	119	1	1	7_____	32120	1	0	0	0	0	0	0	0	0	1	0
C	Marios	23	119	1	1	7_____	32128	1	0	0	0	0	1	0	0	0	0	0
C	Marios	23	119	1	1	7_____	32175	1	0	0	0	0	0	0	0	0	1	0
C	Marios	23	119	1	1	7_____	32176	1	0	0	0	0	1	0	0	0	0	0
C	Marios	23	119	1	1	7_____	32179	1	0	0	0	0	0	0	0	0	1	0
C	Marios	23	119	1	1	7_____	32196	1	0	0	0	0	1	0	0	0	0	0
C	Marios	23	119	1	1	7_____	32198	1	0	0	0	0	0	0	0	0	1	0
C	Marios	23	119	1	1	7_____	33000	1	2	0	0	0	0	0	0	0	0	0
C	Marios	23	119	1	1	7_____	33107	2	0	0	0	0	1	0	0	0	0	0
C	Marios	23	119	1	1	7_____	33177	2	0	0	0	0	0	0	0	0	1	0
C	Marios	23	119	1	1	7_____	33178	2	0	0	0	0	1	0	0	0	0	0
C	Marios	23	119	1	1	7_____	33181	2	0	0	0	0	1	0	0	0	1	0
C	Marios	23	119	1	1	7_____	33377	2	0	0	0	0	0	0	0	0	1	0
C	Marios	23	119	1	1	7_____	33384	2	0	0	0	0	1	0	0	0	0	0
C	Marios	23	119	1	1	7_____	33387	2	0	0	0	0	0	0	0	0	1	0
C	Marios	23	119	1	1	7_____	33390	2	0	0	0	0	1	0	0	0	0	0
C	Marios	23	119	1	1	7_____	33396	2	0	0	0	0	0	0	0	0	1	0
C	Marios	23	119	1	1	7_____	33419	2	0	0	0	0	1	0	0	0	0	0
C	Marios	23	119	1	1	7_____	33500	2	6	0	0	0	0	0	0	0	0	0
C	Marios	23	119	1	1	7_____	33571	6	0	0	0	0	0	0	0	0	1	0
C	Marios	23	119	1	1	7_____	33663	6	0	0	0	0	1	0	0	0	0	0
C	Marios	23	119	1	1	7_____	33688	6	0	0	0	0	0	0	0	0	1	0
C	Marios	23	119	1	1	7_____	33834	6	0	0	0	0	1	0	0	0	0	0
C	Marios	23	119	1	1	7_____	33859	6	0	0	0	0	0	0	0	0	1	0
C	Marios	23	119	1	1	7_____	33926	6	0	0	0	0	1	0	0	0	0	0
C	Marios	23	119	1	1	7_____	33948	6	0	0	0	0	0	0	0	0	1	0
C	Marios	23	119	1	1	7_____	34000	6	11	0	0	0	0	0	0	0	0	0
C	Marios	23	119	1	1	7_____	34023	11	0	0	0	0	1	0	0	0	0	0
C	Marios	23	119	1	1	7_____	34211	11	0	0	0	0	0	0	0	0	1	0
C	Marios	23	119	1	1	7_____	34450	11	0	0	0	0	1	0	0	0	0	0
C	Marios	23	119	1	1	7_____	34488	11	0	0	0	0	0	0	0	0	1	0
C	Marios	23	119	1	1	7_____	34500	11	1	0	0	0	0	0	0	0	0	0
C	Marios	23	119	1	1	7_____	34507	1	0	0	0	0	1	0	0	0	0	0
C	Marios	23	119	1	1	7_____	34651	1	0	0	0	0	0	0	0	0	1	0
C	Marios	23	119	1	1	7_____	35518	1	0	0	0	0	1	0	0	0	0	0
C	Marios	23	119	1	1	7_____	35622	1	0	0	0	0	0	0	0	0	1	0
C	Marios	23	119	1	1	7_____	35630	1	0	0	0	0	1	0	0	0	0	0
C	Marios	23	119	1	1	7_____	35795	1	0	0	0	0	0	0	0	0	1	0
C	Marios	23	119	1	1	7_____	35804	1	0	0	0	0	1	0	0	0	0	0
C	Marios	23	119	1	1	7_____	36008	1	0	0	0	0	0	0	0	0	1	0
C	Marios	23	119	1	1	7_____	36237	1	0	0	0	0	1	0	0	0	0	0
C	Marios	23	119	1	1	7_____	36239	1	0	0	0	0	0	0	0	0	1	0
C	Marios	23	119	1	1	7_____	36259	1	0	0	0	0	1	0	0	0	0	0
C	Marios	23	119	1	1	7_____	36266	1	0	0	0	0	0	0	0	0	1	0
C	Marios	23	119	1	1	7_____	36280	1	0	0	0	0	1	0	0	0	0	0
C	Marios	23	119	1	1	7_____	36502	1	0	0	0	0	0	0	0	0	1	0
C	Marios	23	119	1	1	7_____	37902	1	0	0	0	0	1	0	0	0	0	0
C	Marios	23	119	1	1	7_____	37911	1	0	0	0	0	0	0	0	0	1	0
C	Marios	23	119	1	1	7_____	38805	1	0	0	0	0	1	0	0	0	0	0
C	Marios	23	119	1	1	7_____	39000	1	2	0	0	0	0	0	0	0	0	0
C	Marios	23	119	1	1	7_____	39005	2	0	0	0	0	0	0	0	0	1	0
C	Marios	23	119	1	1	7_____	39013	2	0	0	0	0	1	0	0	0	0	0
C	Marios	23	119	1	1	7_____	39445	2	0	0	0	0	0	0	0	0	1	0
C	Marios	23	119	1	1	7_____	39466	2	0	0	0	0	1	0	0	0	0	0
C	Marios	23	119	1	1	7_____	39500	2	6	0	0	0	0	0	0	0	0	0
C	Marios	23	119	1	1	7_____	39515	6	0	0	0	0	0	0	0	0	1	0
C	Marios	23	119	1	1	7_____	39574	6	0	0	0	0	1	0	0	0	0	0
C	Marios	23	119	1	1	7_____	39597	6	0	0	0	0	0	0	0	0	1	0
C	Marios	23	119	1	1	7_____	39686	6	0	0	0	0	1	0	0	0	0	0
C	Marios	23	119	1	1	7_____	39706	6	0	0	0	0	0	0	0	0	1	0
C	Marios	23	119	1	1	7_____	39810	6	0	0	0	0	1	0	0	0	0	0
C	Marios	23	119	1	1	7_____	39837	6	0	0	0	0	0	0	0	0	1	0
C	Marios	23	119	1	1	7_____	40000	6	11	0	0	0	0	0	0	0	0	0
C	Marios	23	119	1	1	7_____	40010	11	0	0	0	0	1	0	0	0	0	0
C	Marios	23	119	1	1	7_____	40317	11	0	0	0	0	0	0	0	0	1	0
C	Marios	23	119	1	1	7_____	40318	11	0	0	0	0	1	0	0	0	0	0
C	Marios	23	119	1	1	7_____	40343	11	0	0	0	0	0	0	0	0	1	0
C	Marios	23	119	1	1	7_____	40350	11	0	0	0	0	1	0	0	0	0	0
C	Marios	23	119	1	1	7_____	40355	11	0	0	0	0	0	0	0	0	1	0
C	Marios	23	119	1	1	7_____	40378	11	0	0	0	0	1	0	0	0	0	0
C	Marios	23	119	1	1	7_____	40380	11	0	0	0	0	0	0	0	0	1	0
C	Marios	23	119	1	1	7_____	40383	11	0	0	0	0	1	0	0	0	0	0
C	Marios	23	119	1	1	7_____	40409	11	0	0	0	0	1	0	0	0	1	0
C	Marios	23	119	1	1	7_____	40413	11	0	0	0	0	0	0	0	0	1	0
C	Marios	23	119	1	1	7_____	40415	11	0	0	0	0	1	0	0	0	0	0
C	Marios	23	119	1	1	7_____	40444	11	0	0	0	0	0	0	0	0	1	0
C	Marios	23	119	1	1	7_____	40445	11	0	0	0	0	1	0	0	0	0	0
C	Marios	23	119	1	1	7_____	40450	11	0	0	0	0	0	0	0	0	1	0
C	Marios	23	119	1	1	7_____	40474	11	0	0	0	0	1	0	0	0	0	0
C	Marios	23	119	1	1	7_____	40476	11	0	0	0	0	0	0	0	0	1	0
C	Marios	23	119	1	1	7_____	40478	11	0	0	0	0	1	0	0	0	0	0
C	Marios	23	119	1	1	7_____	40488	11	0	0	0	0	0	0	0	0	1	0
C	Marios	23	119	1	1	7_____	40500	11	1	0	0	0	0	0	0	0	0	0
C	Marios	23	119	1	1	7_____	40503	1	0	0	0	0	1	0	0	0	0	0
C	Marios	23	119	1	1	7_____	40506	1	0	0	0	0	0	0	0	0	1	0
C	Marios	23	119	1	1	7_____	40508	1	0	0	0	0	1	0	0	0	0	0
C	Marios	23	119	1	1	7_____	40510	1	0	0	0	0	0	0	0	0	1	0
C	Marios	23	119	1	1	7_____	40511	1	0	0	0	0	1	0	0	0	0	0
C	Marios	23	119	1	1	7_____	40516	1	0	0	0	0	0	0	0	0	1	0
C	Marios	23	119	1	1	7_____	40542	1	0	0	0	0	1	0	0	0	0	0
C	Marios	23	119	1	1	7_____	40545	1	0	0	0	0	0	0	0	0	1	0
C	Marios	23	119	1	1	7_____	40547	1	0	0	0	0	1	0	0	0	0	0
C	Marios	23	119	1	1	7_____	40551	1	0	0	0	0	0	0	0	0	1	0
C	Marios	23	119	1	1	7_____	40575	1	0	0	0	0	1	0	0	0	0	0
C	Marios	23	119	1	1	7_____	40577	1	0	0	0	0	1	0	0	0	1	0
C	Marios	23	119	1	1	7_____	40583	1	0	0	0	0	0	0	0	0	1	0
C	Marios	23	119	1	1	7_____	40681	1	0	0	0	0	1	0	0	0	0	0
C	Marios	23	119	1	1	7_____	40692	1	0	0	0	0	0	0	0	0	1	0
C	Marios	23	119	1	1	7_____	40693	1	0	0	0	0	1	0	0	0	0	0
C	Marios	23	119	1	1	7_____	40695	1	0	0	0	0	1	0	0	0	1	0
C	Marios	23	119	1	1	7_____	40704	1	0	0	0	0	0	0	0	0	1	0
C	Marios	23	119	1	1	7_____	40747	1	0	0	0	0	1	0	0	0	0	0
C	Marios	23	119	1	1	7_____	40896	1	0	0	0	0	0	0	0	0	1	0
C	Marios	23	119	1	1	7_____	40897	1	0	0	0	0	1	0	0	0	0	0
C	Marios	23	119	1	1	7_____	40934	1	0	0	0	0	0	0	0	0	1	0
C	Marios	23	119	1	1	7_____	42750	1	2	0	0	0	0	0	0	0	0	0
C	Marios	23	119	1	1	7_____	42819	2	0	0	0	0	1	0	0	0	0	0
C	Marios	23	119	1	1	7_____	42834	2	0	0	0	0	0	0	0	0	1	0
C	Marios	23	119	1	1	7_____	42892	2	0	0	0	0	1	0	0	0	0	0
C	Marios	23	119	1	1	7_____	43250	2	16	0	0	0	0	0	0	0	0	0
C	Marios	23	119	1	1	7_____	43265	16	0	0	0	0	0	0	0	0	1	0
C	Marios	23	119	1	1	7_____	43394	16	0	0	0	0	1	0	0	0	0	0
C	Marios	23	119	1	1	7_____	43406	16	0	0	0	0	0	0	0	0	1	0
C	Marios	23	119	1	1	7_____	43750	16	15	0	0	0	0	0	0	0	0	0
C	Marios	23	119	1	1	7_____	43797	15	0	0	0	0	1	0	0	0	0	0
C	Marios	23	119	1	1	7_____	43883	15	0	0	0	0	0	0	0	0	1	0
C	Marios	23	119	1	1	7_____	43945	15	0	0	0	0	1	0	0	0	0	0
C	Marios	23	119	1	1	7_____	43974	15	0	0	0	0	0	0	0	0	1	0
C	Marios	23	119	1	1	7_____	44119	15	0	0	0	0	1	0	0	0	0	0
C	Marios	23	119	1	1	7_____	44250	15	1	0	0	0	0	0	0	0	0	0
C	Marios	23	119	1	1	7_____	44369	1	0	0	0	0	0	0	0	0	1	0
C	Marios	23	119	1	1	7_____	44494	1	0	0	0	0	1	0	0	0	0	0
C	Marios	23	119	1	1	7_____	44524	1	0	0	0	0	0	0	0	0	1	0
C	Marios	23	119	1	1	7_____	44549	1	0	0	0	0	1	0	0	0	0	0
C	Marios	23	119	1	1	7_____	44554	1	0	0	0	0	0	0	0	0	1	0
C	Marios	23	119	1	1	7_____	44566	1	0	0	0	0	1	0	0	0	0	0
C	Marios	23	119	1	1	7_____	44718	1	0	0	0	0	0	0	0	0	1	0
C	Marios	23	119	1	1	7_____	44783	1	0	0	0	0	1	0	0	0	0	0
C	Marios	23	119	1	1	7_____	44808	1	0	0	0	0	0	0	0	0	1	0
C	Marios	23	119	1	1	7_____	44942	1	0	0	0	0	1	0	0	0	0	0
C	Marios	23	119	1	1	7_____	45043	1	0	0	0	0	0	0	0	0	1	0
C	Marios	23	119	1	1	7_____	45694	1	0	0	0	0	1	0	0	0	0	0
C	Marios	23	119	1	1	7_____	45710	1	0	0	0	0	0	0	0	0	1	0
C	Marios	23	119	1	1	7_____	45714	1	0	0	0	0	1	0	0	0	0	0
C	Marios	23	119	1	1	7_____	45748	1	0	0	0	0	0	0	0	0	1	0
C	Marios	23	119	1	1	7_____	45839	1	0	0	0	0	1	0	0	0	0	0
C	Marios	23	119	1	1	7_____	45879	1	0	0	0	0	0	0	0	0	1	0
C	Marios	23	119	1	1	7_____	47552	1	0	0	0	0	1	0	0	0	0	0
C	Marios	23	119	1	1	7_____	47561	1	0	0	0	0	0	0	0	0	1	0
C	Marios	23	119	1	1	7_____	47769	1	0	0	0	0	1	0	0	0	0	0
C	Marios	23	119	1	1	7_____	47972	1	0	0	0	0	0	0	0	0	1	0
C	Marios	23	119	1	1	7_____	48738	1	0	0	0	0	1	0	0	0	0	0
C	Marios	23	119	1	1	7_____	48743	1	0	0	0	0	0	0	0	0	1	0
C	Marios	23	119	1	1	7_____	49500	1	2	0	0	0	0	0	0	0	0	0
C	Marios	23	119	1	1	7_____	49836	2	0	0	0	0	1	0	0	0	0	0
C	Marios	23	119	1	1	7_____	49838	2	0	0	0	0	0	0	0	0	1	0
C	Marios	23	119	1	1	7_____	49994	2	0	0	0	0	1	0	0	0	0	0
C	Marios	23	119	1	1	7_____	50000	2	17	0	0	0	0	0	0	0	0	0
C	Marios	23	119	1	1	7_____	50010	17	0	0	0	0	0	0	0	0	1	0
C	Marios	23	119	1	1	7_____	50500	17	15	0	0	0	0	0	0	0	0	0
C	Marios	23	119	1	1	7_____	51000	15	1	0	0	0	0	0	0	0	0	0
C	Marios	23	119	1	1	7_____	51250	1	0	0	0	0	1	0	0	0	0	0
C	Marios	23	119	1	1	7_____	51273	1	0	0	0	0	0	0	0	0	1	0
C	Marios	23	119	1	1	7_____	51274	1	0	0	0	0	1	0	0	0	0	0
C	Marios	23	119	1	1	7_____	51277	1	0	0	0	0	0	0	0	0	1	0
C	Marios	23	119	1	1	7_____	51279	1	0	0	0	0	1	0	0	0	0	0
C	Marios	23	119	1	1	7_____	51285	1	0	0	0	0	0	0	0	0	1	0
C	Marios	23	119	1	1	7_____	51313	1	0	0	0	0	1	0	0	0	0	0
C	Marios	23	119	1	1	7_____	51336	1	0	0	0	0	0	0	0	0	1	0
C	Marios	23	119	1	1	7_____	51405	1	0	0	0	0	1	0	0	0	0	0
C	Marios	23	119	1	1	7_____	51756	1	0	0	0	0	0	0	0	0	1	0
C	Marios	23	119	1	1	7_____	51874	1	0	0	0	0	1	0	0	0	0	0
C	Marios	23	119	1	1	7_____	51903	1	0	0	0	0	0	0	0	0	1	0
C	Marios	23	119	1	1	7_____	51919	1	0	0	0	0	1	0	0	0	0	0
C	Marios	23	119	1	1	7_____	52172	1	0	0	0	0	0	0	0	0	1	0
C	Marios	23	119	1	1	7_____	52187	1	0	0	0	0	1	0	0	0	0	0
C	Marios	23	119	1	1	7_____	52191	1	0	0	0	0	0	0	0	0	1	0
C	Marios	23	119	1	1	7_____	52206	1	0	0	0	0	1	0	0	0	0	0
C	Marios	23	119	1	1	7_____	52215	1	0	0	0	0	0	0	0	0	1	0
C	Marios	23	119	1	1	7_____	52217	1	0	0	0	0	1	0	0	0	0	0
C	Marios	23	119	1	1	7_____	52231	1	0	0	0	0	0	0	0	0	1	0
C	Marios	23	119	1	1	7_____	52239	1	0	0	0	0	1	0	0	0	0	0
C	Marios	23	119	1	1	7_____	52375	1	0	0	0	0	0	0	0	0	1	0
C	Marios	23	119	1	1	7_____	53671	1	0	0	0	0	1	0	0	0	0	0
C	Marios	23	119	1	1	7_____	53679	1	0	0	0	0	0	0	0	0	1	0
C	Marios	23	119	1	1	7_____	53682	1	0	0	0	0	1	0	0	0	0	0
C	Marios	23	119	1	1	7_____	53809	1	0	0	0	0	0	0	0	0	1	0
C	Marios	23	119	1	1	7_____	53849	1	0	0	0	0	1	0	0	0	0	0
C	Marios	23	119	1	1	7_____	53865	1	0	0	0	0	0	0	0	0	1	0
C	Marios	23	119	1	1	7_____	55917	1	0	0	0	0	1	0	0	0	0	0
C	Marios	23	119	1	1	7_____	55957	1	0	0	0	0	0	0	0	0	1	0
C	Marios	23	119	1	1	7_____	57000	1	2	0	0	0	0	0	0	0	0	0
C	Marios	23	119	1	1	7_____	57147	2	0	0	0	0	1	0	0	0	0	0
C	Marios	23	119	1	1	7_____	57149	2	0	0	0	0	0	0	0	0	1	0
C	Marios	23	119	1	1	7_____	57214	2	0	0	0	0	1	0	0	0	0	0
C	Marios	23	119	1	1	7_____	57243	2	0	0	0	0	0	0	0	0	1	0
C	Marios	23	119	1	1	7_____	57500	2	7	0	0	0	0	0	0	0	0	0
C	Marios	23	119	1	1	7_____	57583	7	0	0	0	0	1	0	0	0	0	0
C	Marios	23	119	1	1	7_____	57648	7	0	0	0	0	0	0	0	0	1	0
C	Marios	23	119	1	1	7_____	57719	7	0	0	0	0	1	0	0	0	0	0
C	Marios	23	119	1	1	7_____	57737	7	0	0	0	0	0	0	0	0	1	0
C	Marios	23	119	1	1	7_____	57783	7	0	0	0	0	1	0	0	0	0	0
C	Marios	23	119	1	1	7_____	57805	7	0	0	0	0	0	0	0	0	1	0
C	Marios	23	119	1	1	7_____	57941	7	0	0	0	0	1	0	0	0	0	0
C	Marios	23	119	1	1	7_____	57991	7	0	0	0	0	0	0	0	0	1	0
C	Marios	23	119	1	1	7_____	58000	7	10	0	0	0	0	0	0	0	0	0
C	Marios	23	119	1	1	7_____	58018	10	0	0	0	0	1	0	0	0	0	0
C	Marios	23	119	1	1	7_____	58253	10	0	0	0	0	0	0	0	0	1	0
C	Marios	23	119	1	1	7_____	58367	10	0	0	0	0	1	0	0	0	0	0
C	Marios	23	119	1	1	7_____	58469	10	0	0	0	0	0	0	0	0	1	0
C	Marios	23	119	1	1	7_____	58472	10	0	0	0	0	1	0	0	0	0	0
C	Marios	23	119	1	1	7_____	58500	10	1	0	0	0	0	0	0	0	0	0
C	Marios	23	119	1	1	7_____	58623	1	0	0	0	0	0	0	0	0	1	0
C	Marios	23	119	1	1	7_____	58631	1	0	0	0	0	1	0	0	0	0	0
C	Marios	23	119	1	1	7_____	58645	1	0	0	0	0	0	0	0	0	1	0
C	Marios	23	119	1	1	7_____	58650	1	0	0	0	0	1	0	0	0	0	0
C	Marios	23	119	1	1	7_____	58654	1	0	0	0	0	0	0	0	0	1	0
C	Marios	23	119	1	1	7_____	60555	1	0	0	0	0	1	0	0	0	0	0
C	Marios	23	119	1	1	7_____	60631	1	0	0	0	0	0	0	0	0	1	0
C	Marios	23	119	1	1	7_____	63839	1	0	0	0	0	1	0	0	0	0	0
C	Marios	23	119	1	1	7_____	63863	1	0	0	0	0	0	0	0	0	1	0
C	Marios	23	119	1	1	7_____	64777	1	0	0	0	0	1	0	0	0	0	0
C	Marios	23	119	1	1	7_____	64877	1	0	0	0	0	0	0	0	0	1	0
C	Marios	23	119	1	1	7_____	64979	1	0	0	0	0	1	0	0	0	0	0
C	Marios	23	119	1	1	7_____	65058	1	0	0	0	0	0	0	0	0	1	0
C	Marios	23	119	1	1	7_____	65250	1	2	0	0	0	0	0	0	0	0	0
C	Marios	23	119	1	1	7_____	65750	2	17	0	0	0	0	0	0	0	0	0
C	Marios	23	119	1	1	7_____	66185	17	0	0	0	0	1	0	0	0	0	0
C	Marios	23	119	1	1	7_____	66192	17	0	0	0	0	0	0	0	0	1	0
C	Marios	23	119	1	1	7_____	66232	17	0	0	0	0	1	0	0	0	0	0
C	Marios	23	119	1	1	7_____	66242	17	0	0	0	0	0	0	0	0	1	0
C	Marios	23	119	1	1	7_____	66250	17	15	0	0	0	0	0	0	0	0	0
C	Marios	23	119	1	1	7_____	66331	15	0	0	0	0	1	0	0	0	0	0
C	Marios	23	119	1	1	7_____	66405	15	0	0	0	0	0	0	0	0	1	0
C	Marios	23	119	1	1	7_____	66428	15	0	0	0	0	1	0	0	0	0	0
C	Marios	23	119	1	1	7_____	66457	15	0	0	0	0	0	0	0	0	1	0
C	Marios	23	119	1	1	7_____	66610	15	0	0	0	0	1	0	0	0	0	0
C	Marios	23	119	1	1	7_____	66750	15	1	0	0	0	0	0	0	0	0	0
C	Marios	23	119	1	1	7_____	66839	1	0	0	0	0	0	0	0	0	1	0
C	Marios	23	119	1	1	7_____	67124	1	0	0	0	0	1	0	0	0	0	0
C	Marios	23	119	1	1	7_____	67144	1	0	0	0	0	0	0	0	0	1	0
C	Marios	23	119	1	1	7_____	70500	1	2	0	0	0	0	0	0	0	0	0
C	Marios	23	119	1	1	7_____	71000	2	16	0	0	0	0	0	0	0	0	0
C	Marios	23	119	1	1	7_____	71500	16	15	0	0	0	0	0	0	0	0	0
C	Marios	23	119	1	1	7_____	71513	15	0	0	0	0	1	0	0	0	0	0
C	Marios	23	119	1	1	7_____	71514	15	0	0	0	0	0	0	0	0	1	0
C	Marios	23	119	1	1	7_____	71519	15	0	0	0	0	1	0	0	0	0	0
C	Marios	23	119	1	1	7_____	71522	15	0	0	0	0	0	0	0	0	1	0
C	Marios	23	119	1	1	7_____	71581	15	0	0	0	0	1	0	0	0	0	0
C	Marios	23	119	1	1	7_____	71584	15	0	0	0	0	0	0	0	0	1	0
C	Marios	23	119	1	1	7_____	71585	15	0	0	0	0	1	0	0	0	0	0
C	Marios	23	119	1	1	7_____	71600	15	0	0	0	0	0	0	0	0	1	0
C	Marios	23	119	1	1	7_____	71704	15	0	0	0	0	1	0	0	0	0	0
C	Marios	23	119	1	1	7_____	71729	15	0	0	0	0	0	0	0	0	1	0
C	Marios	23	119	1	1	7_____	72000	15	1	0	0	0	0	0	0	0	0	0
C	Marios	23	119	1	1	7_____	73388	1	0	0	0	0	1	0	0	0	0	0
C	Marios	23	119	1	1	7_____	73506	1	0	0	0	0	0	0	0	0	1	0
C	Marios	23	119	1	1	7_____	73521	1	0	0	0	0	1	0	0	0	0	0
C	Marios	23	119	1	1	7_____	73540	1	0	0	0	0	0	0	0	0	1	0
C	Marios	23	119	1	1	7_____	73548	1	0	0	0	0	1	0	0	0	0	0
C	Marios	23	119	1	1	7_____	73661	1	0	0	0	0	0	0	0	0	1	0
C	Marios	23	119	1	1	7_____	75369	1	0	0	0	0	1	0	0	0	0	0
C	Marios	23	119	1	1	7_____	75375	1	0	0	0	0	0	0	0	0	1	0
C	Marios	23	119	1	1	7_____	76956	1	0	0	0	0	1	0	0	0	0	0
C	Marios	23	119	1	1	7_____	76959	1	0	0	0	0	0	0	0	0	1	0
C	Marios	23	119	1	1	7_____	77250	1	2	0	0	0	0	0	0	0	0	0
C	Marios	23	119	1	1	7_____	77750	2	16	0	0	0	0	0	0	0	0	0
C	Marios	23	119	1	1	7_____	78250	16	15	0	0	0	0	0	0	0	0	0
C	Marios	23	119	1	1	7_____	78373	15	0	0	0	0	1	0	0	0	0	0
C	Marios	23	119	1	1	7_____	78408	15	0	0	0	0	0	0	0	0	1	0
C	Marios	23	119	1	1	7_____	78750	15	1	0	0	0	0	0	0	0	0	0
C	Marios	23	119	1	1	7_____	78843	1	0	0	0	0	1	0	0	0	0	0
C	Marios	23	119	1	1	7_____	78979	1	0	0	0	0	0	0	0	0	1	0
C	Marios	23	119	1	1	7_____	80197	1	0	0	0	0	1	0	0	0	0	0
C	Marios	23	119	1	1	7_____	80235	1	0	0	0	0	0	0	0	0	1	0
C	Marios	23	119	1	1	7_____	80267	1	0	0	0	0	1	0	0	0	0	0
C	Marios	23	119	1	1	7_____	80367	1	0	0	0	0	0	0	0	0	1	0
C	Marios	23	119	1	1	7_____	80525	1	0	0	0	0	1	0	0	0	0	0
C	Marios	23	119	1	1	7_____	80551	1	0	0	0	0	0	0	0	0	1	0
C	Marios	23	119	1	1	7_____	80575	1	0	0	0	0	1	0	0	0	0	0
C	Marios	23	119	1	1	7_____	80577	1	0	0	0	0	0	0	0	0	1	0
C	Marios	23	119	1	1	7_____	80578	1	0	0	0	0	1	0	0	0	0	0
C	Marios	23	119	1	1	7_____	80582	1	0	0	0	0	0	0	0	0	1	0
C	Marios	23	119	1	1	7_____	80600	1	0	0	0	0	1	0	0	0	0	0
C	Marios	23	119	1	1	7_____	80602	1	0	0	0	0	0	0	0	0	1	0
C	Marios	23	119	1	1	7_____	80609	1	0	0	0	0	1	0	0	0	0	0
C	Marios	23	119	1	1	7_____	80627	1	0	0	0	0	0	0	0	0	1	0
C	Marios	23	119	1	1	7_____	80628	1	0	0	0	0	1	0	0	0	0	0
C	Marios	23	119	1	1	7_____	80632	1	0	0	0	0	0	0	0	0	1	0
C	Marios	23	119	1	1	7_____	80639	1	0	0	0	0	1	0	0	0	0	0
C	Marios	23	119	1	1	7_____	80680	1	0	0	0	0	0	0	0	0	1	0
C	Marios	23	119	1	1	7_____	82574	1	0	0	0	0	1	0	0	0	0	0
C	Marios	23	119	1	1	7_____	82652	1	0	0	0	0	0	0	0	0	1	0
C	Marios	23	119	1	1	7_____	83185	1	0	0	0	0	1	0	0	0	0	0
C	Marios	23	119	1	1	7_____	83263	1	0	0	0	0	0	0	0	0	1	0
C	Marios	23	119	1	1	7_____	83840	1	0	0	0	0	1	0	0	0	0	0
C	Marios	23	119	1	1	7_____	83848	1	0	0	0	0	0	0	0	0	1	0
C	Marios	23	119	1	1	7_____	83854	1	0	0	0	0	1	0	0	0	0	0
C	Marios	23	119	1	1	7_____	83925	1	0	0	0	0	0	0	0	0	1	0
C	Marios	23	119	1	1	7_____	83962	1	0	0	0	0	1	0	0	0	0	0
C	Marios	23	119	1	1	7_____	84047	1	0	0	0	0	0	0	0	0	1	0
C	Marios	23	119	1	1	7_____	84084	1	0	0	0	0	1	0	0	0	0	0
C	Marios	23	119	1	1	7_____	84250	1	2	0	0	0	0	0	0	0	0	0
C	Marios	23	119	1	1	7_____	84346	2	0	0	0	0	0	0	0	0	1	0
C	Marios	23	119	1	1	7_____	84382	2	0	0	0	0	1	0	0	0	0	0
C	Marios	23	119	1	1	7_____	84685	2	0	0	0	0	0	0	0	0	1	0
C	Marios	23	119	1	1	7_____	84750	2	17	0	0	0	0	0	0	0	0	0
C	Marios	23	119	1	1	7_____	85250	17	15	0	0	0	0	0	0	0	0	0
C	Marios	23	119	1	1	7_____	85750	15	1	0	0	0	0	0	0	0	0	0
C	Marios	23	119	1	1	7_____	87540	1	0	0	0	0	1	0	0	0	0	0
C	Marios	23	119	1	1	7_____	87613	1	0	0	0	0	0	0	0	0	1	0
C	Marios	23	119	1	1	7_____	89500	1	2	0	0	0	0	0	0	0	0	0
C	Marios	23	119	1	1	7_____	90000	2	16	0	0	0	0	0	0	0	0	0
C	Marios	23	119	1	1	7_____	90058	16	0	0	0	0	1	0	0	0	0	0
C	Marios	23	119	1	1	7_____	90101	16	0	0	0	0	0	0	0	0	1	0
C	Marios	23	119	1	1	7_____	90500	16	15	0	0	0	0	0	0	0	0	0
C	Marios	23	119	1	1	7_____	90823	15	0	0	0	0	1	0	0	0	0	0
C	Marios	23	119	1	1	7_____	90844	15	0	0	0	0	0	0	0	0	1	0
C	Marios	23	119	1	1	7_____	91000	15	1	0	0	0	0	0	0	0	0	0
C	Marios	23	119	1	1	7_____	94000	1	2	0	0	0	0	0	0	0	0	0
C	Marios	23	119	1	1	7_____	94347	2	0	0	0	0	1	0	0	0	0	0
C	Marios	23	119	1	1	7_____	94371	2	0	0	0	0	0	0	0	0	1	0
C	Marios	23	119	1	1	7_____	94500	2	17	0	0	0	0	0	0	0	0	0
C	Marios	23	119	1	1	7_____	95000	17	15	0	0	0	0	0	0	0	0	0
C	Marios	23	119	1	1	7_____	95147	15	0	0	0	0	1	0	0	0	0	0
C	Marios	23	119	1	1	7_____	95232	15	0	0	0	0	0	0	0	0	1	0
C	Marios	23	119	1	1	7_____	95500	15	1	0	0	0	0	0	0	0	0	0
C	Marios	23	119	1	1	7_____	95758	1	0	0	0	0	1	0	0	0	0	0
C	Marios	23	119	1	1	7_____	95787	1	0	0	0	0	0	0	0	0	1	0
C	Marios	23	119	1	1	7_____	95828	1	0	0	0	0	1	0	0	0	0	0
C	Marios	23	119	1	1	7_____	95929	1	0	0	0	0	0	0	0	0	1	0
C	Marios	23	119	1	1	7_____	98304	1	0	0	0	0	1	0	0	0	0	0
C	Marios	23	119	1	1	7_____	98396	1	0	0	0	0	0	0	0	0	1	0
C	Marios	23	119	1	1	7_____	100100	1	0	0	0	0	1	0	0	0	0	0
C	Marios	23	119	1	1	7_____	100102	1	0	0	0	0	0	0	0	0	1	0
C	Marios	23	119	1	1	7_____	100103	1	0	0	0	0	1	0	0	0	0	0
C	Marios	23	119	1	1	7_____	100105	1	0	0	0	0	0	0	0	0	1	0
C	Marios	23	119	1	1	7_____	101500	1	2	0	0	0	0	0	0	0	0	0
C	Marios	23	119	1	1	7_____	101623	2	0	0	0	0	1	0	0	0	0	0
C	Marios	23	119	1	1	7_____	101625	2	0	0	0	0	0	0	0	0	1	0
C	Marios	23	119	1	1	7_____	101635	2	0	0	0	0	1	0	0	0	0	0
C	Marios	23	119	1	1	7_____	101637	2	0	0	0	0	0	0	0	0	1	0
C	Marios	23	119	1	1	7_____	101641	2	0	0	0	0	1	0	0	0	0	0
C	Marios	23	119	1	1	7_____	101643	2	0	0	0	0	0	0	0	0	1	0
C	Marios	23	119	1	1	7_____	101839	2	0	0	0	0	1	0	0	0	0	0
C	Marios	23	119	1	1	7_____	101897	2	0	0	0	0	0	0	0	0	1	0
C	Marios	23	119	1	1	7_____	101922	2	0	0	0	0	1	0	0	0	0	0
C	Marios	23	119	1	1	7_____	101924	2	0	0	0	0	0	0	0	0	1	0
C	Marios	23	119	1	1	7_____	101932	2	0	0	0	0	1	0	0	0	0	0
C	Marios	23	119	1	1	7_____	101937	2	0	0	0	0	1	0	0	0	1	0
C	Marios	23	119	1	1	7_____	101949	2	0	0	0	0	0	0	0	0	1	0
C	Marios	23	119	1	1	7_____	102000	2	7	0	0	0	0	0	0	0	0	0
C	Marios	23	119	1	1	7_____	102279	7	0	0	0	0	1	0	0	0	0	0
C	Marios	23	119	1	1	7_____	102306	7	0	0	0	0	0	0	0	0	1	0
C	Marios	23	119	1	1	7_____	102385	7	0	0	0	0	1	0	0	0	0	0
C	Marios	23	119	1	1	7_____	102387	7	0	0	0	0	0	0	0	0	1	0
C	Marios	23	119	1	1	7_____	102396	7	0	0	0	0	1	0	0	0	0	0
C	Marios	23	119	1	1	7_____	102422	7	0	0	0	0	0	0	0	0	1	0
C	Marios	23	119	1	1	7_____	102456	7	0	0	0	0	1	0	0	0	0	0
C	Marios	23	119	1	1	7_____	102474	7	0	0	0	0	0	0	0	0	1	0
C	Marios	23	119	1	1	7_____	102500	7	10	0	0	0	0	0	0	0	0	0
C	Marios	23	119	1	1	7_____	102519	10	0	0	0	0	1	0	0	0	0	0
C	Marios	23	119	1	1	7_____	102652	10	0	0	0	0	0	0	0	0	1	0
C	Marios	23	119	1	1	7_____	102656	10	0	0	0	0	1	0	0	0	0	0
C	Marios	23	119	1	1	7_____	102660	10	0	0	0	0	0	0	0	0	1	0
C	Marios	23	119	1	1	7_____	102723	10	0	0	0	0	1	0	0	0	0	0
C	Marios	23	119	1	1	7_____	102730	10	0	0	0	0	0	0	0	0	1	0
C	Marios	23	119	1	1	7_____	103000	10	1	0	0	0	0	0	0	0	0	0
C	Marios	23	119	1	1	7_____	107500	1	2	0	0	0	0	0	0	0	0	0
C	Marios	23	119	1	1	7_____	108000	2	6	0	0	0	0	0	0	0	0	0
C	Marios	23	119	1	1	7_____	108066	6	0	0	0	0	1	0	0	0	0	0
C	Marios	23	119	1	1	7_____	108069	6	0	0	0	0	0	0	0	0	1	0
C	Marios	23	119	1	1	7_____	108132	6	0	0	0	0	1	0	0	0	0	0
C	Marios	23	119	1	1	7_____	108138	6	0	0	0	0	0	0	0	0	1	0
C	Marios	23	119	1	1	7_____	108157	6	0	0	0	0	1	0	0	0	0	0
C	Marios	23	119	1	1	7_____	108175	6	0	0	0	0	0	0	0	0	1	0
C	Marios	23	119	1	1	7_____	108258	6	0	0	0	0	1	0	0	0	0	0
C	Marios	23	119	1	1	7_____	108287	6	0	0	0	0	0	0	0	0	1	0
C	Marios	23	119	1	1	7_____	108339	6	0	0	0	0	1	0	0	0	0	0
C	Marios	23	119	1	1	7_____	108394	6	0	0	0	0	0	0	0	0	1	0
C	Marios	23	119	1	1	7_____	108460	6	0	0	0	0	1	0	0	0	0	0
C	Marios	23	119	1	1	7_____	108475	6	0	0	0	0	0	0	0	0	1	0
C	Marios	23	119	1	1	7_____	108500	6	11	0	0	0	0	0	0	0	0	0
C	Marios	23	119	1	1	7_____	108539	11	0	0	0	0	1	0	0	0	0	0
C	Marios	23	119	1	1	7_____	108742	11	0	0	0	0	0	0	0	0	1	0
C	Marios	23	119	1	1	7_____	109000	11	1	0	0	0	0	0	0	0	0	0
C	Marios	23	119	1	1	7_____	109300	1	0	0	0	0	1	0	0	0	0	0
C	Marios	23	119	1	1	7_____	109311	1	0	0	0	0	0	0	0	0	1	0
C	Marios	23	119	1	1	7_____	109338	1	0	0	0	0	1	0	0	0	0	0
C	Marios	23	119	1	1	7_____	109560	1	0	0	0	0	0	0	0	0	1	0
C	Marios	23	119	1	1	7_____	111620	1	0	0	0	0	1	0	0	0	0	0
C	Marios	23	119	1	1	7_____	111679	1	0	0	0	0	0	0	0	0	1	0
C	Marios	23	119	1	1	7_____	111681	1	0	0	0	0	1	0	0	0	0	0
C	Marios	23	119	1	1	7_____	111970	1	0	0	0	0	0	0	0	0	1	0
C	Marios	23	119	1	1	7_____	113500	1	2	0	0	0	0	0	0	0	0	0
C	Marios	23	119	1	1	7_____	114000	2	7	0	0	0	0	0	0	0	0	0
C	Marios	23	119	1	1	7_____	114255	7	0	0	0	0	1	0	0	0	0	0
C	Marios	23	119	1	1	7_____	114303	7	0	0	0	0	0	0	0	0	1	0
C	Marios	23	119	1	1	7_____	114328	7	0	0	0	0	1	0	0	0	0	0
C	Marios	23	119	1	1	7_____	114350	7	0	0	0	0	0	0	0	0	1	0
C	Marios	23	119	1	1	7_____	114400	7	0	0	0	0	1	0	0	0	0	0
C	Marios	23	119	1	1	7_____	114412	7	0	0	0	0	0	0	0	0	1	0
C	Marios	23	119	1	1	7_____	114416	7	0	0	0	0	1	0	0	0	0	0
C	Marios	23	119	1	1	7_____	114456	7	0	0	0	0	0	0	0	0	1	0
C	Marios	23	119	1	1	7_____	114457	7	0	0	0	0	1	0	0	0	0	0
C	Marios	23	119	1	1	7_____	114460	7	0	0	0	0	0	0	0	0	1	0
C	Marios	23	119	1	1	7_____	114500	7	10	0	0	0	0	0	0	0	0	0
C	Marios	23	119	1	1	7_____	114538	10	0	0	0	0	1	0	0	0	0	0
C	Marios	23	119	1	1	7_____	114823	10	0	0	0	0	0	0	0	0	1	0
C	Marios	23	119	1	1	7_____	114828	10	0	0	0	0	1	0	0	0	0	0
C	Marios	23	119	1	1	7_____	114872	10	0	0	0	0	0	0	0	0	1	0
C	Marios	23	119	1	1	7_____	115000	10	1	0	0	0	0	0	0	0	0	0
C	Marios	23	119	1	1	7_____	115115	1	0	0	0	0	1	0	0	0	0	0
C	Marios	23	119	1	1	7_____	115170	1	0	0	0	0	0	0	0	0	1	0
C	Marios	23	119	1	1	7_____	115427	1	0	0	0	0	1	0	0	0	0	0
C	Marios	23	119	1	1	7_____	115473	1	0	0	0	0	0	0	0	0	1	0
C	Marios	23	119	1	1	7_____	122500	1	2	0	0	0	0	0	0	0	0	0
C	Marios	23	119	1	1	7_____	123000	2	17	0	0	0	0	0	0	0	0	0
C	Marios	23	119	1	1	7_____	123500	17	15	0	0	0	0	0	0	0	0	0
C	Marios	23	119	1	1	7_____	123774	15	0	0	0	0	1	0	0	0	0	0
C	Marios	23	119	1	1	7_____	123948	15	0	0	0	0	0	0	0	0	1	0
C	Marios	23	119	1	1	7_____	124000	15	1	0	0	0	0	0	0	0	0	0
C	Marios	23	119	1	1	7_____	124747	1	0	0	0	0	1	0	0	0	0	0
C	Marios	23	119	1	1	7_____	124750	1	0	0	0	0	0	0	0	0	1	0
C	Marios	23	119	1	1	7_____	126250	1	2	0	0	0	0	0	0	0	0	0
C	Marios	23	119	1	1	7_____	126750	2	16	0	0	0	0	0	0	0	0	0
C	Marios	23	119	1	1	7_____	127250	16	15	0	0	0	0	0	0	0	0	0
C	Marios	23	119	1	1	7_____	127696	15	0	0	0	0	1	0	0	0	0	0
C	Marios	23	119	1	1	7_____	127750	15	1	0	0	0	0	0	0	0	0	0
C	Marios	23	119	1	1	7_____	127919	1	0	0	0	0	0	0	0	0	1	0
C	Marios	23	119	1	1	7_____	127923	1	0	0	0	0	1	0	0	0	0	0
C	Marios	23	119	1	1	7_____	127934	1	0	0	0	0	0	0	0	0	1	0
C	Marios	23	119	1	1	7_____	127943	1	0	0	0	0	1	0	0	0	0	0
C	Marios	23	119	1	1	7_____	127950	1	0	0	0	0	0	0	0	0	1	0
C	Marios	23	119	1	1	7_____	127953	1	0	0	0	0	1	0	0	0	0	0
C	Marios	23	119	1	1	7_____	127964	1	0	0	0	0	0	0	0	0	1	0
C	Marios	23	119	1	1	7_____	127989	1	0	0	0	0	1	0	0	0	0	0
C	Marios	23	119	1	1	7_____	128049	1	0	0	0	0	0	0	0	0	1	0
C	Marios	23	119	1	1	7_____	128067	1	0	0	0	0	1	0	0	0	0	0
C	Marios	23	119	1	1	7_____	128069	1	0	0	0	0	0	0	0	0	1	0
C	Marios	23	119	1	1	7_____	128076	1	0	0	0	0	1	0	0	0	0	0
C	Marios	23	119	1	1	7_____	128104	1	0	0	0	0	0	0	0	0	1	0
C	Marios	23	119	1	1	7_____	128117	1	0	0	0	0	1	0	0	0	0	0
C	Marios	23	119	1	1	7_____	128199	1	0	0	0	0	0	0	0	0	1	0
C	Marios	23	119	1	1	7_____	128212	1	0	0	0	0	1	0	0	0	0	0
C	Marios	23	119	1	1	7_____	128557	1	0	0	0	0	0	0	0	0	1	0
C	Marios	23	119	1	1	7_____	128818	1	0	0	0	0	1	0	0	0	0	0
C	Marios	23	119	1	1	7_____	128855	1	0	0	0	0	0	0	0	0	1	0
C	Marios	23	119	1	1	7_____	128874	1	0	0	0	0	1	0	0	0	0	0
C	Marios	23	119	1	1	7_____	128877	1	0	0	0	0	0	0	0	0	1	0
C	Marios	23	119	1	1	7_____	128894	1	0	0	0	0	1	0	0	0	0	0
C	Marios	23	119	1	1	7_____	128897	1	0	0	0	0	0	0	0	0	1	0
C	Marios	23	119	1	1	7_____	128934	1	0	0	0	0	1	0	0	0	0	0
C	Marios	23	119	1	1	7_____	128939	1	0	0	0	0	0	0	0	0	1	0
C	Marios	23	119	1	1	7_____	129250	1	2	0	0	0	0	0	0	0	0	0
C	Marios	23	119	1	1	7_____	129750	2	16	0	0	0	0	0	0	0	0	0
C	Marios	23	119	1	1	7_____	130250	16	15	0	0	0	0	0	0	0	0	0
C	Marios	23	119	1	1	7_____	130750	15	1	0	0	0	0	0	0	0	0	0
C	Marios	23	119	1	1	7_____	130972	1	0	0	0	0	1	0	0	0	0	0
C	Marios	23	119	1	1	7_____	131000	1	0	0	0	0	0	0	0	0	1	0
C	Marios	23	119	1	1	7_____	131015	1	0	0	0	0	1	0	0	0	0	0
C	Marios	23	119	1	1	7_____	131020	1	0	0	0	0	0	0	0	0	1	0
C	Marios	23	119	1	1	7_____	131021	1	0	0	0	0	1	0	0	0	0	0
C	Marios	23	119	1	1	7_____	131026	1	0	0	0	0	0	0	0	0	1	0
C	Marios	23	119	1	1	7_____	131101	1	0	0	0	0	1	0	0	0	0	0
C	Marios	23	119	1	1	7_____	131114	1	0	0	0	0	0	0	0	0	1	0
C	Marios	23	119	1	1	7_____	131127	1	0	0	0	0	1	0	0	0	0	0
C	Marios	23	119	1	1	7_____	131253	1	0	0	0	0	0	0	0	0	1	0
C	Marios	23	119	1	1	7_____	131259	1	0	0	0	0	1	0	0	0	0	0
C	Marios	23	119	1	1	7_____	131287	1	0	0	0	0	0	0	0	0	1	0
C	Marios	23	119	1	1	7_____	131310	1	0	0	0	0	1	0	0	0	0	0
C	Marios	23	119	1	1	7_____	131340	1	0	0	0	0	0	0	0	0	1	0
C	Marios	23	119	1	1	7_____	131369	1	0	0	0	0	1	0	0	0	0	0
C	Marios	23	119	1	1	7_____	131384	1	0	0	0	0	0	0	0	0	1	0
C	Marios	23	119	1	1	7_____	131424	1	0	0	0	0	1	0	0	0	0	0
C	Marios	23	119	1	1	7_____	131426	1	0	0	0	0	0	0	0	0	1	0
C	Marios	23	119	1	1	7_____	131616	1	0	0	0	0	1	0	0	0	0	0
C	Marios	23	119	1	1	7_____	131627	1	0	0	0	0	0	0	0	0	1	0
C	Marios	23	119	1	1	7_____	131648	1	0	0	0	0	1	0	0	0	0	0
C	Marios	23	119	1	1	7_____	131663	1	0	0	0	0	0	0	0	0	1	0
C	Marios	23	119	1	1	7_____	131735	1	0	0	0	0	1	0	0	0	0	0
C	Marios	23	119	1	1	7_____	131760	1	0	0	0	0	1	0	0	0	1	0
C	Marios	23	119	1	1	7_____	131764	1	0	0	0	0	0	0	0	0	1	0
C	Marios	23	119	1	1	7_____	131769	1	0	0	0	0	1	0	0	0	0	0
C	Marios	23	119	1	1	7_____	131773	1	0	0	0	0	0	0	0	0	1	0
C	Marios	23	119	1	1	7_____	131777	1	0	0	0	0	1	0	0	0	0	0
C	Marios	23	119	1	1	7_____	131779	1	0	0	0	0	0	0	0	0	1	0
C	Marios	23	119	1	1	7_____	131791	1	0	0	0	0	1	0	0	0	0	0
C	Marios	23	119	1	1	7_____	131794	1	0	0	0	0	0	0	0	0	1	0
C	Marios	23	119	1	1	7_____	132020	1	0	0	0	0	1	0	0	0	0	0
C	Marios	23	119	1	1	7_____	132033	1	0	0	0	0	0	0	0	0	1	0
C	Marios	23	119	1	1	7_____	132039	1	0	0	0	0	1	0	0	0	0	0
C	Marios	23	119	1	1	7_____	132042	1	0	0	0	0	0	0	0	0	1	0
C	Marios	23	119	1	1	7_____	132085	1	0	0	0	0	1	0	0	0	0	0
C	Marios	23	119	1	1	7_____	132088	1	0	0	0	0	0	0	0	0	1	0
C	Marios	23	119	1	1	7_____	132851	1	0	0	0	0	1	0	0	0	0	0
C	Marios	23	119	1	1	7_____	132865	1	0	0	0	0	0	0	0	0	1	0
C	Marios	23	119	1	1	7_____	132958	1	0	0	0	0	1	0	0	0	0	0
C	Marios	23	119	1	1	7_____	132961	1	0	0	0	0	0	0	0	0	1	0
C	Marios	23	119	1	1	7_____	132965	1	0	0	0	0	1	0	0	0	0	0
C	Marios	23	119	1	1	7_____	132969	1	0	0	0	0	0	0	0	0	1	0
C	Marios	23	119	1	1	7_____	133071	1	0	0	0	0	1	0	0	0	0	0
C	Marios	23	119	1	1	7_____	133082	1	0	0	0	0	0	0	0	0	1	0
C	Marios	23	119	1	1	7_____	133084	1	0	0	0	0	1	0	0	0	0	0
C	Marios	23	119	1	1	7_____	133086	1	0	0	0	0	0	0	0	0	1	0
C	Marios	23	119	1	1	7_____	133214	1	0	0	0	0	1	0	0	0	0	0
C	Marios	23	119	1	1	7_____	133223	1	0	0	0	0	1	0	0	0	1	0
C	Marios	23	119	1	1	7_____	133225	1	0	0	0	0	0	0	0	0	1	0
C	Marios	23	119	1	1	7_____	133226	1	0	0	0	0	1	0	0	0	0	0
C	Marios	23	119	1	1	7_____	133229	1	0	0	0	0	0	0	0	0	1	0
C	Marios	23	119	1	1	7_____	133273	1	0	0	0	0	1	0	0	0	0	0
C	Marios	23	119	1	1	7_____	133306	1	0	0	0	0	0	0	0	0	1	0
C	Marios	23	119	1	1	7_____	133320	1	0	0	0	0	1	0	0	0	0	0
C	Marios	23	119	1	1	7_____	133322	1	0	0	0	0	0	0	0	0	1	0
C	Marios	23	119	1	1	7_____	133329	1	0	0	0	0	1	0	0	0	0	0
C	Marios	23	119	1	1	7_____	133589	1	0	0	0	0	0	0	0	0	1	0
C	Marios	23	119	1	1	7_____	134131	1	0	0	0	0	1	0	0	0	0	0
C	Marios	23	119	1	1	7_____	134197	1	0	0	0	0	0	0	0	0	1	0
C	Marios	23	119	1	1	7_____	134232	1	0	0	0	0	1	0	0	0	0	0
C	Marios	23	119	1	1	7_____	134236	1	0	0	0	0	0	0	0	0	1	0
C	Marios	23	119	1	1	7_____	134244	1	0	0	0	0	1	0	0	0	0	0
C	Marios	23	119	1	1	7_____	134250	1	0	0	0	0	0	0	0	0	1	0
C	Marios	23	119	1	1	7_____	134260	1	0	0	0	0	1	0	0	0	0	0
C	Marios	23	119	1	1	7_____	134459	1	0	0	0	0	0	0	0	0	1	0
C	Marios	23	119	1	1	7_____	134460	1	0	0	0	0	1	0	0	0	0	0
C	Marios	23	119	1	1	7_____	134531	1	0	0	0	0	0	0	0	0	1	0
C	Marios	23	119	1	1	7_____	134533	1	0	0	0	0	1	0	0	0	0	0
C	Marios	23	119	1	1	7_____	134893	1	0	0	0	0	0	0	0	0	1	0
C	Marios	23	119	1	1	7_____	134954	1	0	0	0	0	1	0	0	0	0	0
C	Marios	23	119	1	1	7_____	135157	1	0	0	0	0	0	0	0	0	1	0
C	Marios	23	119	1	1	7_____	135198	1	0	0	0	0	1	0	0	0	0	0
C	Marios	23	119	1	1	7_____	135222	1	0	0	0	0	0	0	0	0	1	0
C	Marios	23	119	1	1	7_____	135231	1	0	0	0	0	1	0	0	0	0	0
C	Marios	23	119	1	1	7_____	135235	1	0	0	0	0	0	0	0	0	1	0
C	Marios	23	119	1	1	7_____	137500	1	2	0	0	0	0	0	0	0	0	0
C	Marios	23	119	1	1	7_____	138000	2	6	0	0	0	0	0	0	0	0	0
C	Marios	23	119	1	1	7_____	138069	6	0	0	0	0	1	0	0	0	0	0
C	Marios	23	119	1	1	7_____	138115	6	0	0	0	0	0	0	0	0	1	0
C	Marios	23	119	1	1	7_____	138169	6	0	0	0	0	1	0	0	0	0	0
C	Marios	23	119	1	1	7_____	138216	6	0	0	0	0	0	0	0	0	1	0
C	Marios	23	119	1	1	7_____	138316	6	0	0	0	0	1	0	0	0	0	0
C	Marios	23	119	1	1	7_____	138362	6	0	0	0	0	0	0	0	0	1	0
C	Marios	23	119	1	1	7_____	138380	6	0	0	0	0	1	0	0	0	0	0
C	Marios	23	119	1	1	7_____	138412	6	0	0	0	0	0	0	0	0	1	0
C	Marios	23	119	1	1	7_____	138500	6	11	0	0	0	0	0	0	0	0	0
C	Marios	23	119	1	1	7_____	138518	11	0	0	0	0	1	0	0	0	0	0
C	Marios	23	119	1	1	7_____	138805	11	0	0	0	0	0	0	0	0	1	0
C	Marios	23	119	1	1	7_____	138814	11	0	0	0	0	1	0	0	0	0	0
C	Marios	23	119	1	1	7_____	138818	11	0	0	0	0	0	0	0	0	1	0
C	Marios	23	119	1	1	7_____	138820	11	0	0	0	0	1	0	0	0	0	0
C	Marios	23	119	1	1	7_____	138844	11	0	0	0	0	1	0	0	0	1	0
C	Marios	23	119	1	1	7_____	138848	11	0	0	0	0	0	0	0	0	1	0
C	Marios	23	119	1	1	7_____	138853	11	0	0	0	0	1	0	0	0	0	0
C	Marios	23	119	1	1	7_____	138885	11	0	0	0	0	0	0	0	0	1	0
C	Marios	23	119	1	1	7_____	138887	11	0	0	0	0	1	0	0	0	0	0
C	Marios	23	119	1	1	7_____	138889	11	0	0	0	0	0	0	0	0	1	0
C	Marios	23	119	1	1	7_____	139000	11	1	0	0	0	0	0	0	0	0	0
C	Marios	23	119	1	1	7_____	139190	1	0	0	0	0	1	0	0	0	0	0
C	Marios	23	119	1	1	7_____	139192	1	0	0	0	0	0	0	0	0	1	0
C	Marios	23	119	1	1	7_____	139194	1	0	0	0	0	1	0	0	0	0	0
C	Marios	23	119	1	1	7_____	139198	1	0	0	0	0	0	0	0	0	1	0
C	Marios	23	119	1	1	7_____	139199	1	0	0	0	0	1	0	0	0	0	0
C	Marios	23	119	1	1	7_____	139203	1	0	0	0	0	0	0	0	0	1	0
C	Marios	23	119	1	1	7_____	139204	1	0	0	0	0	1	0	0	0	0	0
C	Marios	23	119	1	1	7_____	139213	1	0	0	0	0	0	0	0	0	1	0
C	Marios	23	119	1	1	7_____	139214	1	0	0	0	0	1	0	0	0	0	0
C	Marios	23	119	1	1	7_____	139242	1	0	0	0	0	0	0	0	0	1	0
C	Marios	23	119	1	1	7_____	139245	1	0	0	0	0	1	0	0	0	0	0
C	Marios	23	119	1	1	7_____	139248	1	0	0	0	0	0	0	0	0	1	0
C	Marios	23	119	1	1	7_____	139675	1	0	0	0	0	1	0	0	0	0	0
C	Marios	23	119	1	1	7_____	139771	1	0	0	0	0	0	0	0	0	1	0
C	Marios	23	119	1	1	7_____	139780	1	0	0	0	0	1	0	0	0	0	0
C	Marios	23	119	1	1	7_____	139909	1	0	0	0	0	0	0	0	0	1	0
C	Marios	23	119	1	1	7_____	139928	1	0	0	0	0	1	0	0	0	0	0
C	Marios	23	119	1	1	7_____	140076	1	0	0	0	0	0	0	0	0	1	0
C	Marios	23	119	1	1	7_____	140749	1	0	0	0	0	1	0	0	0	0	0
C	Marios	23	119	1	1	7_____	140766	1	0	0	0	0	0	0	0	0	1	0
C	Marios	23	119	1	1	7_____	140793	1	0	0	0	0	1	0	0	0	0	0
C	Marios	23	119	1	1	7_____	140806	1	0	0	0	0	0	0	0	0	1	0
C	Marios	23	119	1	1	7_____	140807	1	0	0	0	0	1	0	0	0	0	0
C	Marios	23	119	1	1	7_____	140811	1	0	0	0	0	0	0	0	0	1	0
C	Marios	23	119	1	1	7_____	140831	1	0	0	0	0	1	0	0	0	0	0
C	Marios	23	119	1	1	7_____	140832	1	0	0	0	0	0	0	0	0	1	0
C	Marios	23	119	1	1	7_____	140833	1	0	0	0	0	1	0	0	0	0	0
C	Marios	23	119	1	1	7_____	140834	1	0	0	0	0	0	0	0	0	1	0
C	Marios	23	119	1	1	7_____	140897	1	0	0	0	0	1	0	0	0	0	0
C	Marios	23	119	1	1	7_____	140917	1	0	0	0	0	0	0	0	0	1	0
C	Marios	23	119	1	1	7_____	140956	1	0	0	0	0	1	0	0	0	0	0
C	Marios	23	119	1	1	7_____	140980	1	0	0	0	0	0	0	0	0	1	0
C	Marios	23	119	1	1	7_____	141000	1	0	0	0	0	1	0	0	0	0	0
C	Marios	23	119	1	1	7_____	141002	1	0	0	0	0	0	0	0	0	1	0
C	Marios	23	119	1	1	7_____	141030	1	0	0	0	0	1	0	0	0	0	0
C	Marios	23	119	1	1	7_____	141032	1	0	0	0	0	0	0	0	0	1	0
C	Marios	23	119	1	1	7_____	141144	1	0	0	0	0	1	0	0	0	0	0
C	Marios	23	119	1	1	7_____	141440	1	0	0	0	0	0	0	0	0	1	0
C	Marios	23	119	1	1	7_____	141573	1	0	0	0	0	1	0	0	0	0	0
C	Marios	23	119	1	1	7_____	141639	1	0	0	0	0	0	0	0	0	1	0
C	Marios	23	119	1	1	7_____	141645	1	0	0	0	0	1	0	0	0	0	0
C	Marios	23	119	1	1	7_____	141647	1	0	0	0	0	0	0	0	0	1	0
C	Marios	23	119	1	1	7_____	141658	1	0	0	0	0	1	0	0	0	0	0
C	Marios	23	119	1	1	7_____	141931	1	0	0	0	0	0	0	0	0	1	0
C	Marios	23	119	1	1	7_____	142500	1	2	0	0	0	0	0	0	0	0	0
C	Marios	23	119	1	1	7_____	143000	2	17	0	0	0	0	0	0	0	0	0
C	Marios	23	119	1	1	7_____	143500	17	15	0	0	0	0	0	0	0	0	0
C	Marios	23	119	1	1	7_____	144000	15	14	0	0	0	0	0	0	0	0	0
C	Marios	23	119	1	1	7_____	145308	14	0	0	0	0	1	0	0	0	0	0
C	Marios	23	119	1	1	7_____	145329	14	0	0	0	0	0	0	0	0	1	0
C	Marios	23	119	1	1	7_____	145360	14	0	0	0	0	1	0	0	0	0	0
C	Marios	23	119	1	1	7_____	145366	14	0	0	0	0	0	0	0	0	1	0
C	Marios	23	119	1	1	7_____	145391	14	0	0	0	0	1	0	0	0	0	0
C	Marios	23	119	1	1	7_____	145461	14	0	0	0	0	0	0	0	0	1	0
C	Marios	23	119	1	1	7_____	145470	14	0	0	0	0	1	0	0	0	0	0
C	Marios	23	119	1	1	7_____	145471	14	0	0	0	0	0	0	0	0	1	0
C	Marios	23	119	1	1	7_____	145477	14	0	0	0	0	1	0	0	0	0	0
C	Marios	23	119	1	1	7_____	145481	14	0	0	0	0	0	0	0	0	1	0
C	Marios	23	119	1	1	7_____	145484	14	0	0	0	0	1	0	0	0	0	0
C	Marios	23	119	1	1	7_____	145509	14	0	0	0	0	0	0	0	0	1	0
C	Marios	23	119	1	1	7_____	145579	14	0	0	0	0	1	0	0	0	0	0
C	Marios	23	119	1	1	7_____	145640	14	0	0	0	0	0	0	0	0	1	0
C	Marios	23	119	1	1	7_____	147000	14	-1	0	0	0	0	0	0	0	0	0
C	Marios	23	119	5	1	32____	0	0	1	0	0	0	0	0	0	0	0	0
C	Marios	23	119	5	1	32____	124	1	0	0	0	0	1	0	0	0	0	0
C	Marios	23	119	5	1	32____	126	1	0	0	0	0	0	0	0	0	1	0
C	Marios	23	119	5	1	32____	177	1	0	0	0	0	1	0	0	0	0	0
C	Marios	23	119	5	1	32____	183	1	0	0	0	0	0	0	0	0	1	0
C	Marios	23	119	5	1	32____	187	1	0	0	0	0	1	0	0	0	0	0
C	Marios	23	119	5	1	32____	203	1	0	0	0	0	0	0	0	0	1	0
C	Marios	23	119	5	1	32____	213	1	0	0	0	0	1	0	0	0	0	0
C	Marios	23	119	5	1	32____	318	1	0	0	0	0	0	0	0	0	1	0
C	Marios	23	119	5	1	32____	860	1	0	0	0	0	1	0	0	0	0	0
C	Marios	23	119	5	1	32____	872	1	0	0	0	0	0	0	0	0	1	0
C	Marios	23	119	5	1	32____	1549	1	0	0	0	0	1	0	0	0	0	0
C	Marios	23	119	5	1	32____	1566	1	0	0	0	0	0	0	0	0	1	0
C	Marios	23	119	5	1	32____	2237	1	0	0	0	0	1	0	0	0	0	0
C	Marios	23	119	5	1	32____	2264	1	0	0	0	0	0	0	0	0	1	0
C	Marios	23	119	5	1	32____	3500	1	2	0	0	0	0	0	0	0	0	0
C	Marios	23	119	5	1	32____	4000	2	17	0	0	0	0	0	0	0	0	0
C	Marios	23	119	5	1	32____	4500	17	15	0	0	0	0	0	0	0	0	0
C	Marios	23	119	5	1	32____	5000	15	1	0	0	0	0	0	0	0	0	0
C	Marios	23	119	5	1	32____	5141	1	0	0	0	0	1	0	0	0	0	0
C	Marios	23	119	5	1	32____	5174	1	0	0	0	0	0	0	0	0	1	0
C	Marios	23	119	5	1	32____	6254	1	0	0	0	0	1	0	0	0	0	0
C	Marios	23	119	5	1	32____	6275	1	0	0	0	0	0	0	0	0	1	0
C	Marios	23	119	5	1	32____	7287	1	0	0	0	0	1	0	0	0	0	0
C	Marios	23	119	5	1	32____	7299	1	0	0	0	0	0	0	0	0	1	0
C	Marios	23	119	5	1	32____	8178	1	0	0	0	0	1	0	0	0	0	0
C	Marios	23	119	5	1	32____	8235	1	0	0	0	0	0	0	0	0	1	0
C	Marios	23	119	5	1	32____	9000	1	0	0	0	0	1	0	0	0	0	0
C	Marios	23	119	5	1	32____	9068	1	0	0	0	0	0	0	0	0	1	0
C	Marios	23	119	5	1	32____	9723	1	0	0	0	0	1	0	0	0	0	0
C	Marios	23	119	5	1	32____	9730	1	0	0	0	0	0	0	0	0	1	0
C	Marios	23	119	5	1	32____	11000	1	2	0	0	0	0	0	0	0	0	0
C	Marios	23	119	5	1	32____	11500	2	16	0	0	0	0	0	0	0	0	0
C	Marios	23	119	5	1	32____	11762	16	0	0	0	0	1	0	0	0	0	0
C	Marios	23	119	5	1	32____	11770	16	0	0	0	0	0	0	0	0	1	0
C	Marios	23	119	5	1	32____	12000	16	15	0	0	0	0	0	0	0	0	0
C	Marios	23	119	5	1	32____	12251	15	0	0	0	0	1	0	0	0	0	0
C	Marios	23	119	5	1	32____	12276	15	0	0	0	0	0	0	0	0	1	0
C	Marios	23	119	5	1	32____	12500	15	1	0	0	0	0	0	0	0	0	0
C	Marios	23	119	5	1	32____	12920	1	0	0	0	0	1	0	0	0	0	0
C	Marios	23	119	5	1	32____	12927	1	0	0	0	0	0	0	0	0	1	0
C	Marios	23	119	5	1	32____	12955	1	0	0	0	0	1	0	0	0	0	0
C	Marios	23	119	5	1	32____	12982	1	0	0	0	0	0	0	0	0	1	0
C	Marios	23	119	5	1	32____	13700	1	0	0	0	0	1	0	0	0	0	0
C	Marios	23	119	5	1	32____	13740	1	0	0	0	0	0	0	0	0	1	0
C	Marios	23	119	5	1	32____	13750	1	0	0	0	0	1	0	0	0	0	0
C	Marios	23	119	5	1	32____	13754	1	0	0	0	0	0	0	0	0	1	0
C	Marios	23	119	5	1	32____	14574	1	0	0	0	0	1	0	0	0	0	0
C	Marios	23	119	5	1	32____	14579	1	0	0	0	0	1	0	0	0	1	0
C	Marios	23	119	5	1	32____	14597	1	0	0	0	0	0	0	0	0	1	0
C	Marios	23	119	5	1	32____	15569	1	0	0	0	0	1	0	0	0	0	0
C	Marios	23	119	5	1	32____	15576	1	0	0	0	0	0	0	0	0	1	0
C	Marios	23	119	5	1	32____	15617	1	0	0	0	0	1	0	0	0	0	0
C	Marios	23	119	5	1	32____	15638	1	0	0	0	0	0	0	0	0	1	0
C	Marios	23	119	5	1	32____	17000	1	2	0	0	0	0	0	0	0	0	0
C	Marios	23	119	5	1	32____	17414	2	0	0	0	0	1	0	0	0	0	0
C	Marios	23	119	5	1	32____	17450	2	0	0	0	0	0	0	0	0	1	0
C	Marios	23	119	5	1	32____	17500	2	7	0	0	0	0	0	0	0	0	0
C	Marios	23	119	5	1	32____	17913	7	0	0	0	0	1	0	0	0	0	0
C	Marios	23	119	5	1	32____	17943	7	0	0	0	0	0	0	0	0	1	0
C	Marios	23	119	5	1	32____	18000	7	10	0	0	0	0	0	0	0	0	0
C	Marios	23	119	5	1	32____	18019	10	0	0	0	0	1	0	0	0	0	0
C	Marios	23	119	5	1	32____	18222	10	0	0	0	0	0	0	0	0	1	0
C	Marios	23	119	5	1	32____	18231	10	0	0	0	0	1	0	0	0	0	0
C	Marios	23	119	5	1	32____	18249	10	0	0	0	0	0	0	0	0	1	0
C	Marios	23	119	5	1	32____	18500	10	1	0	0	0	0	0	0	0	0	0
C	Marios	23	119	5	1	32____	19832	1	0	0	0	0	1	0	0	0	0	0
C	Marios	23	119	5	1	32____	19859	1	0	0	0	0	0	0	0	0	1	0
C	Marios	23	119	5	1	32____	20450	1	0	0	0	0	1	0	0	0	0	0
C	Marios	23	119	5	1	32____	20463	1	0	0	0	0	0	0	0	0	1	0
C	Marios	23	119	5	1	32____	21040	1	0	0	0	0	1	0	0	0	0	0
C	Marios	23	119	5	1	32____	21084	1	0	0	0	0	0	0	0	0	1	0
C	Marios	23	119	5	1	32____	21742	1	0	0	0	0	1	0	0	0	0	0
C	Marios	23	119	5	1	32____	21747	1	0	0	0	0	0	0	0	0	1	0
C	Marios	23	119	5	1	32____	21765	1	0	0	0	0	1	0	0	0	0	0
C	Marios	23	119	5	1	32____	21795	1	0	0	0	0	0	0	0	0	1	0
C	Marios	23	119	5	1	32____	21796	1	0	0	0	0	1	0	0	0	0	0
C	Marios	23	119	5	1	32____	21943	1	0	0	0	0	0	0	0	0	1	0
C	Marios	23	119	5	1	32____	21958	1	0	0	0	0	1	0	0	0	0	0
C	Marios	23	119	5	1	32____	22072	1	0	0	0	0	0	0	0	0	1	0
C	Marios	23	119	5	1	32____	22073	1	0	0	0	0	1	0	0	0	0	0
C	Marios	23	119	5	1	32____	22108	1	0	0	0	0	0	0	0	0	1	0
C	Marios	23	119	5	1	32____	22346	1	0	0	0	0	1	0	0	0	0	0
C	Marios	23	119	5	1	32____	22355	1	0	0	0	0	0	0	0	0	1	0
C	Marios	23	119	5	1	32____	22379	1	0	0	0	0	1	0	0	0	0	0
C	Marios	23	119	5	1	32____	22412	1	0	0	0	0	0	0	0	0	1	0
C	Marios	23	119	5	1	32____	22998	1	0	0	0	0	1	0	0	0	0	0
C	Marios	23	119	5	1	32____	23002	1	0	0	0	0	0	0	0	0	1	0
C	Marios	23	119	5	1	32____	23041	1	0	0	0	0	1	0	0	0	0	0
C	Marios	23	119	5	1	32____	23131	1	0	0	0	0	0	0	0	0	1	0
C	Marios	23	119	5	1	32____	24687	1	0	0	0	0	1	0	0	0	0	0
C	Marios	23	119	5	1	32____	24699	1	0	0	0	0	0	0	0	0	1	0
C	Marios	23	119	5	1	32____	25250	1	2	0	0	0	0	0	0	0	0	0
C	Marios	23	119	5	1	32____	25424	2	0	0	0	0	1	0	0	0	0	0
C	Marios	23	119	5	1	32____	25485	2	0	0	0	0	0	0	0	0	1	0
C	Marios	23	119	5	1	32____	25533	2	0	0	0	0	1	0	0	0	0	0
C	Marios	23	119	5	1	32____	25584	2	0	0	0	0	0	0	0	0	1	0
C	Marios	23	119	5	1	32____	25750	2	6	0	0	0	0	0	0	0	0	0
C	Marios	23	119	5	1	32____	25828	6	0	0	0	0	1	0	0	0	0	0
C	Marios	23	119	5	1	32____	25846	6	0	0	0	0	0	0	0	0	1	0
C	Marios	23	119	5	1	32____	25862	6	0	0	0	0	1	0	0	0	0	0
C	Marios	23	119	5	1	32____	25919	6	0	0	0	0	0	0	0	0	1	0
C	Marios	23	119	5	1	32____	25928	6	0	0	0	0	1	0	0	0	0	0
C	Marios	23	119	5	1	32____	26058	6	0	0	0	0	0	0	0	0	1	0
C	Marios	23	119	5	1	32____	26099	6	0	0	0	0	1	0	0	0	0	0
C	Marios	23	119	5	1	32____	26245	6	0	0	0	0	0	0	0	0	1	0
C	Marios	23	119	5	1	32____	26250	6	11	0	0	0	0	0	0	0	0	0
C	Marios	23	119	5	1	32____	26264	11	0	0	0	0	1	0	0	0	0	0
C	Marios	23	119	5	1	32____	26661	11	0	0	0	0	0	0	0	0	1	0
C	Marios	23	119	5	1	32____	26750	11	1	0	0	0	0	0	0	0	0	0
C	Marios	23	119	5	1	32____	26805	1	0	0	0	0	1	0	0	0	0	0
C	Marios	23	119	5	1	32____	26818	1	0	0	0	0	0	0	0	0	1	0
C	Marios	23	119	5	1	32____	27861	1	0	0	0	0	1	0	0	0	0	0
C	Marios	23	119	5	1	32____	27887	1	0	0	0	0	0	0	0	0	1	0
C	Marios	23	119	5	1	32____	28828	1	0	0	0	0	1	0	0	0	0	0
C	Marios	23	119	5	1	32____	28833	1	0	0	0	0	0	0	0	0	1	0
C	Marios	23	119	5	1	32____	29601	1	0	0	0	0	1	0	0	0	0	0
C	Marios	23	119	5	1	32____	29622	1	0	0	0	0	0	0	0	0	1	0
C	Marios	23	119	5	1	32____	30244	1	0	0	0	0	1	0	0	0	0	0
C	Marios	23	119	5	1	32____	30283	1	0	0	0	0	0	0	0	0	1	0
C	Marios	23	119	5	1	32____	31250	1	2	0	0	0	0	0	0	0	0	0
C	Marios	23	119	5	1	32____	31750	2	17	0	0	0	0	0	0	0	0	0
C	Marios	23	119	5	1	32____	32250	17	15	0	0	0	0	0	0	0	0	0
C	Marios	23	119	5	1	32____	32385	15	0	0	0	0	1	0	0	0	0	0
C	Marios	23	119	5	1	32____	32432	15	0	0	0	0	0	0	0	0	1	0
C	Marios	23	119	5	1	32____	32750	15	1	0	0	0	0	0	0	0	0	0
C	Marios	23	119	5	1	32____	33405	1	0	0	0	0	1	0	0	0	0	0
C	Marios	23	119	5	1	32____	33436	1	0	0	0	0	0	0	0	0	1	0
C	Marios	23	119	5	1	32____	35452	1	0	0	0	0	1	0	0	0	0	0
C	Marios	23	119	5	1	32____	35481	1	0	0	0	0	0	0	0	0	1	0
C	Marios	23	119	5	1	32____	35728	1	0	0	0	0	1	0	0	0	0	0
C	Marios	23	119	5	1	32____	35799	1	0	0	0	0	0	0	0	0	1	0
C	Marios	23	119	5	1	32____	36500	1	2	0	0	0	0	0	0	0	0	0
C	Marios	23	119	5	1	32____	37000	2	16	0	0	0	0	0	0	0	0	0
C	Marios	23	119	5	1	32____	37500	16	15	0	0	0	0	0	0	0	0	0
C	Marios	23	119	5	1	32____	38000	15	1	0	0	0	0	0	0	0	0	0
C	Marios	23	119	5	1	32____	38643	1	0	0	0	0	1	0	0	0	0	0
C	Marios	23	119	5	1	32____	38695	1	0	0	0	0	0	0	0	0	1	0
C	Marios	23	119	5	1	32____	39500	1	2	0	0	0	0	0	0	0	0	0
C	Marios	23	119	5	1	32____	39641	2	0	0	0	0	1	0	0	0	0	0
C	Marios	23	119	5	1	32____	39765	2	0	0	0	0	0	0	0	0	1	0
C	Marios	23	119	5	1	32____	40000	2	7	0	0	0	0	0	0	0	0	0
C	Marios	23	119	5	1	32____	40174	7	0	0	0	0	1	0	0	0	0	0
C	Marios	23	119	5	1	32____	40209	7	0	0	0	0	0	0	0	0	1	0
C	Marios	23	119	5	1	32____	40217	7	0	0	0	0	1	0	0	0	0	0
C	Marios	23	119	5	1	32____	40280	7	0	0	0	0	0	0	0	0	1	0
C	Marios	23	119	5	1	32____	40290	7	0	0	0	0	1	0	0	0	0	0
C	Marios	23	119	5	1	32____	40348	7	0	0	0	0	0	0	0	0	1	0
C	Marios	23	119	5	1	32____	40362	7	0	0	0	0	1	0	0	0	0	0
C	Marios	23	119	5	1	32____	40377	7	0	0	0	0	0	0	0	0	1	0
C	Marios	23	119	5	1	32____	40431	7	0	0	0	0	1	0	0	0	0	0
C	Marios	23	119	5	1	32____	40500	7	10	0	0	0	0	0	0	0	0	0
C	Marios	23	119	5	1	32____	40924	10	0	0	0	0	0	0	0	0	1	0
C	Marios	23	119	5	1	32____	40964	10	0	0	0	0	1	0	0	0	0	0
C	Marios	23	119	5	1	32____	40981	10	0	0	0	0	0	0	0	0	1	0
C	Marios	23	119	5	1	32____	40994	10	0	0	0	0	1	0	0	0	0	0
C	Marios	23	119	5	1	32____	41000	10	1	0	0	0	0	0	0	0	0	0
C	Marios	23	119	5	1	32____	41005	1	0	0	0	0	0	0	0	0	1	0
C	Marios	23	119	5	1	32____	41015	1	0	0	0	0	1	0	0	0	0	0
C	Marios	23	119	5	1	32____	41021	1	0	0	0	0	0	0	0	0	1	0
C	Marios	23	119	5	1	32____	41023	1	0	0	0	0	1	0	0	0	0	0
C	Marios	23	119	5	1	32____	41033	1	0	0	0	0	0	0	0	0	1	0
C	Marios	23	119	5	1	32____	42879	1	0	0	0	0	1	0	0	0	0	0
C	Marios	23	119	5	1	32____	42992	1	0	0	0	0	0	0	0	0	1	0
C	Marios	23	119	5	1	32____	43250	1	2	0	0	0	0	0	0	0	0	0
C	Marios	23	119	5	1	32____	43750	2	17	0	0	0	0	0	0	0	0	0
C	Marios	23	119	5	1	32____	44250	17	15	0	0	0	0	0	0	0	0	0
C	Marios	23	119	5	1	32____	44481	15	0	0	0	0	1	0	0	0	0	0
C	Marios	23	119	5	1	32____	44486	15	0	0	0	0	0	0	0	0	1	0
C	Marios	23	119	5	1	32____	44750	15	1	0	0	0	0	0	0	0	0	0
C	Marios	23	119	5	1	32____	45092	1	0	0	0	0	1	0	0	0	0	0
C	Marios	23	119	5	1	32____	45099	1	0	0	0	0	0	0	0	0	1	0
C	Marios	23	119	5	1	32____	45132	1	0	0	0	0	1	0	0	0	0	0
C	Marios	23	119	5	1	32____	45140	1	0	0	0	0	0	0	0	0	1	0
C	Marios	23	119	5	1	32____	45143	1	0	0	0	0	1	0	0	0	0	0
C	Marios	23	119	5	1	32____	45201	1	0	0	0	0	0	0	0	0	1	0
C	Marios	23	119	5	1	32____	46505	1	0	0	0	0	1	0	0	0	0	0
C	Marios	23	119	5	1	32____	46510	1	0	0	0	0	0	0	0	0	1	0
C	Marios	23	119	5	1	32____	46574	1	0	0	0	0	1	0	0	0	0	0
C	Marios	23	119	5	1	32____	46623	1	0	0	0	0	0	0	0	0	1	0
C	Marios	23	119	5	1	32____	47750	1	2	0	0	0	0	0	0	0	0	0
C	Marios	23	119	5	1	32____	47939	2	0	0	0	0	1	0	0	0	0	0
C	Marios	23	119	5	1	32____	48094	2	0	0	0	0	0	0	0	0	1	0
C	Marios	23	119	5	1	32____	48250	2	16	0	0	0	0	0	0	0	0	0
C	Marios	23	119	5	1	32____	48750	16	15	0	0	0	0	0	0	0	0	0
C	Marios	23	119	5	1	32____	48772	15	0	0	0	0	1	0	0	0	0	0
C	Marios	23	119	5	1	32____	48806	15	0	0	0	0	0	0	0	0	1	0
C	Marios	23	119	5	1	32____	49143	15	0	0	0	0	1	0	0	0	0	0
C	Marios	23	119	5	1	32____	49250	15	1	0	0	0	0	0	0	0	0	0
C	Marios	23	119	5	1	32____	49345	1	0	0	0	0	0	0	0	0	1	0
C	Marios	23	119	5	1	32____	49422	1	0	0	0	0	1	0	0	0	0	0
C	Marios	23	119	5	1	32____	49448	1	0	0	0	0	0	0	0	0	1	0
C	Marios	23	119	5	1	32____	49522	1	0	0	0	0	1	0	0	0	0	0
C	Marios	23	119	5	1	32____	49627	1	0	0	0	0	0	0	0	0	1	0
C	Marios	23	119	5	1	32____	50260	1	0	0	0	0	1	0	0	0	0	0
C	Marios	23	119	5	1	32____	50414	1	0	0	0	0	0	0	0	0	1	0
C	Marios	23	119	5	1	32____	50738	1	0	0	0	0	1	0	0	0	0	0
C	Marios	23	119	5	1	32____	50922	1	0	0	0	0	0	0	0	0	1	0
C	Marios	23	119	5	1	32____	51532	1	0	0	0	0	1	0	0	0	0	0
C	Marios	23	119	5	1	32____	51560	1	0	0	0	0	0	0	0	0	1	0
C	Marios	23	119	5	1	32____	54181	1	0	0	0	0	1	0	0	0	0	0
C	Marios	23	119	5	1	32____	54228	1	0	0	0	0	0	0	0	0	1	0
C	Marios	23	119	5	1	32____	54750	1	2	0	0	0	0	0	0	0	0	0
C	Marios	23	119	5	1	32____	55250	2	6	0	0	0	0	0	0	0	0	0
C	Marios	23	119	5	1	32____	55292	6	0	0	0	0	1	0	0	0	0	0
C	Marios	23	119	5	1	32____	55353	6	0	0	0	0	0	0	0	0	1	0
C	Marios	23	119	5	1	32____	55394	6	0	0	0	0	1	0	0	0	0	0
C	Marios	23	119	5	1	32____	55491	6	0	0	0	0	0	0	0	0	1	0
C	Marios	23	119	5	1	32____	55503	6	0	0	0	0	1	0	0	0	0	0
C	Marios	23	119	5	1	32____	55597	6	0	0	0	0	0	0	0	0	1	0
C	Marios	23	119	5	1	32____	55622	6	0	0	0	0	1	0	0	0	0	0
C	Marios	23	119	5	1	32____	55682	6	0	0	0	0	0	0	0	0	1	0
C	Marios	23	119	5	1	32____	55750	6	11	0	0	0	0	0	0	0	0	0
C	Marios	23	119	5	1	32____	55754	11	0	0	0	0	1	0	0	0	0	0
C	Marios	23	119	5	1	32____	56035	11	0	0	0	0	1	0	0	0	1	0
C	Marios	23	119	5	1	32____	56060	11	0	0	0	0	0	0	0	0	1	0
C	Marios	23	119	5	1	32____	56062	11	0	0	0	0	1	0	0	0	0	0
C	Marios	23	119	5	1	32____	56064	11	0	0	0	0	0	0	0	0	1	0
C	Marios	23	119	5	1	32____	56073	11	0	0	0	0	1	0	0	0	0	0
C	Marios	23	119	5	1	32____	56075	11	0	0	0	0	0	0	0	0	1	0
C	Marios	23	119	5	1	32____	56078	11	0	0	0	0	1	0	0	0	0	0
C	Marios	23	119	5	1	32____	56085	11	0	0	0	0	0	0	0	0	1	0
C	Marios	23	119	5	1	32____	56087	11	0	0	0	0	1	0	0	0	0	0
C	Marios	23	119	5	1	32____	56100	11	0	0	0	0	0	0	0	0	1	0
C	Marios	23	119	5	1	32____	56106	11	0	0	0	0	1	0	0	0	0	0
C	Marios	23	119	5	1	32____	56108	11	0	0	0	0	0	0	0	0	1	0
C	Marios	23	119	5	1	32____	56113	11	0	0	0	0	1	0	0	0	0	0
C	Marios	23	119	5	1	32____	56172	11	0	0	0	0	0	0	0	0	1	0
C	Marios	23	119	5	1	32____	56178	11	0	0	0	0	1	0	0	0	0	0
C	Marios	23	119	5	1	32____	56235	11	0	0	0	0	0	0	0	0	1	0
C	Marios	23	119	5	1	32____	56237	11	0	0	0	0	1	0	0	0	0	0
C	Marios	23	119	5	1	32____	56250	11	1	0	0	0	0	0	0	0	0	0
C	Marios	23	119	5	1	32____	56256	1	0	0	0	0	0	0	0	0	1	0
C	Marios	23	119	5	1	32____	56558	1	0	0	0	0	1	0	0	0	0	0
C	Marios	23	119	5	1	32____	56626	1	0	0	0	0	0	0	0	0	1	0
C	Marios	23	119	5	1	32____	56628	1	0	0	0	0	1	0	0	0	0	0
C	Marios	23	119	5	1	32____	56631	1	0	0	0	0	0	0	0	0	1	0
C	Marios	23	119	5	1	32____	56663	1	0	0	0	0	1	0	0	0	0	0
C	Marios	23	119	5	1	32____	56666	1	0	0	0	0	0	0	0	0	1	0
C	Marios	23	119	5	1	32____	56757	1	0	0	0	0	1	0	0	0	0	0
C	Marios	23	119	5	1	32____	56759	1	0	0	0	0	0	0	0	0	1	0
C	Marios	23	119	5	1	32____	56772	1	0	0	0	0	1	0	0	0	0	0
C	Marios	23	119	5	1	32____	56778	1	0	0	0	0	0	0	0	0	1	0
C	Marios	23	119	5	1	32____	56781	1	0	0	0	0	1	0	0	0	0	0
C	Marios	23	119	5	1	32____	56801	1	0	0	0	0	0	0	0	0	1	0
C	Marios	23	119	5	1	32____	56862	1	0	0	0	0	1	0	0	0	0	0
C	Marios	23	119	5	1	32____	56867	1	0	0	0	0	0	0	0	0	1	0
C	Marios	23	119	5	1	32____	56879	1	0	0	0	0	1	0	0	0	0	0
C	Marios	23	119	5	1	32____	56885	1	0	0	0	0	0	0	0	0	1	0
C	Marios	23	119	5	1	32____	56905	1	0	0	0	0	1	0	0	0	0	0
C	Marios	23	119	5	1	32____	56907	1	0	0	0	0	0	0	0	0	1	0
C	Marios	23	119	5	1	32____	57936	1	0	0	0	0	1	0	0	0	0	0
C	Marios	23	119	5	1	32____	58055	1	0	0	0	0	0	0	0	0	1	0
C	Marios	23	119	5	1	32____	59047	1	0	0	0	0	1	0	0	0	0	0
C	Marios	23	119	5	1	32____	59053	1	0	0	0	0	0	0	0	0	1	0
C	Marios	23	119	5	1	32____	59152	1	0	0	0	0	1	0	0	0	0	0
C	Marios	23	119	5	1	32____	59206	1	0	0	0	0	0	0	0	0	1	0
C	Marios	23	119	5	1	32____	60016	1	0	0	0	0	1	0	0	0	0	0
C	Marios	23	119	5	1	32____	60029	1	0	0	0	0	0	0	0	0	1	0
C	Marios	23	119	5	1	32____	60081	1	0	0	0	0	1	0	0	0	0	0
C	Marios	23	119	5	1	32____	60270	1	0	0	0	0	0	0	0	0	1	0
C	Marios	23	119	5	1	32____	61461	1	0	0	0	0	1	0	0	0	0	0
C	Marios	23	119	5	1	32____	61500	1	2	0	0	0	0	0	0	0	0	0
C	Marios	23	119	5	1	32____	61526	2	0	0	0	0	0	0	0	0	1	0
C	Marios	23	119	5	1	32____	62000	2	17	0	0	0	0	0	0	0	0	0
C	Marios	23	119	5	1	32____	62422	17	0	0	0	0	1	0	0	0	0	0
C	Marios	23	119	5	1	32____	62482	17	0	0	0	0	0	0	0	0	1	0
C	Marios	23	119	5	1	32____	62500	17	15	0	0	0	0	0	0	0	0	0
C	Marios	23	119	5	1	32____	62531	15	0	0	0	0	1	0	0	0	0	0
C	Marios	23	119	5	1	32____	62596	15	0	0	0	0	0	0	0	0	1	0
C	Marios	23	119	5	1	32____	62697	15	0	0	0	0	1	0	0	0	0	0
C	Marios	23	119	5	1	32____	62746	15	0	0	0	0	0	0	0	0	1	0
C	Marios	23	119	5	1	32____	62808	15	0	0	0	0	1	0	0	0	0	0
C	Marios	23	119	5	1	32____	62953	15	0	0	0	0	0	0	0	0	1	0
C	Marios	23	119	5	1	32____	63000	15	1	0	0	0	0	0	0	0	0	0
C	Marios	23	119	5	1	32____	63039	1	0	0	0	0	1	0	0	0	0	0
C	Marios	23	119	5	1	32____	63068	1	0	0	0	0	0	0	0	0	1	0
C	Marios	23	119	5	1	32____	63364	1	0	0	0	0	1	0	0	0	0	0
C	Marios	23	119	5	1	32____	63382	1	0	0	0	0	0	0	0	0	1	0
C	Marios	23	119	5	1	32____	63452	1	0	0	0	0	1	0	0	0	0	0
C	Marios	23	119	5	1	32____	63464	1	0	0	0	0	0	0	0	0	1	0
C	Marios	23	119	5	1	32____	63773	1	0	0	0	0	1	0	0	0	0	0
C	Marios	23	119	5	1	32____	63823	1	0	0	0	0	0	0	0	0	1	0
C	Marios	23	119	5	1	32____	64934	1	0	0	0	0	1	0	0	0	0	0
C	Marios	23	119	5	1	32____	64936	1	0	0	0	0	0	0	0	0	1	0
C	Marios	23	119	5	1	32____	65465	1	0	0	0	0	1	0	0	0	0	0
C	Marios	23	119	5	1	32____	65595	1	0	0	0	0	0	0	0	0	1	0
C	Marios	23	119	5	1	32____	66255	1	0	0	0	0	1	0	0	0	0	0
C	Marios	23	119	5	1	32____	66294	1	0	0	0	0	0	0	0	0	1	0
C	Marios	23	119	5	1	32____	66301	1	0	0	0	0	1	0	0	0	0	0
C	Marios	23	119	5	1	32____	66716	1	0	0	0	0	0	0	0	0	1	0
C	Marios	23	119	5	1	32____	66718	1	0	0	0	0	1	0	0	0	0	0
C	Marios	23	119	5	1	32____	66847	1	0	0	0	0	0	0	0	0	1	0
C	Marios	23	119	5	1	32____	66850	1	0	0	0	0	1	0	0	0	0	0
C	Marios	23	119	5	1	32____	66852	1	0	0	0	0	0	0	0	0	1	0
C	Marios	23	119	5	1	32____	66854	1	0	0	0	0	1	0	0	0	0	0
C	Marios	23	119	5	1	32____	66910	1	0	0	0	0	0	0	0	0	1	0
C	Marios	23	119	5	1	32____	66912	1	0	0	0	0	1	0	0	0	0	0
C	Marios	23	119	5	1	32____	66997	1	0	0	0	0	0	0	0	0	1	0
C	Marios	23	119	5	1	32____	67038	1	0	0	0	0	1	0	0	0	0	0
C	Marios	23	119	5	1	32____	67128	1	0	0	0	0	0	0	0	0	1	0
C	Marios	23	119	5	1	32____	67194	1	0	0	0	0	1	0	0	0	0	0
C	Marios	23	119	5	1	32____	67221	1	0	0	0	0	0	0	0	0	1	0
C	Marios	23	119	5	1	32____	67241	1	0	0	0	0	1	0	0	0	0	0
C	Marios	23	119	5	1	32____	67258	1	0	0	0	0	0	0	0	0	1	0
C	Marios	23	119	5	1	32____	67499	1	0	0	0	0	1	0	0	0	0	0
C	Marios	23	119	5	1	32____	67667	1	0	0	0	0	0	0	0	0	1	0
C	Marios	23	119	5	1	32____	69257	1	0	0	0	0	1	0	0	0	0	0
C	Marios	23	119	5	1	32____	69348	1	0	0	0	0	0	0	0	0	1	0
C	Marios	23	119	5	1	32____	69481	1	0	0	0	0	1	0	0	0	0	0
C	Marios	23	119	5	1	32____	69542	1	0	0	0	0	0	0	0	0	1	0
C	Marios	23	119	5	1	32____	70034	1	0	0	0	0	1	0	0	0	0	0
C	Marios	23	119	5	1	32____	70118	1	0	0	0	0	0	0	0	0	1	0
C	Marios	23	119	5	1	32____	70500	1	2	0	0	0	0	0	0	0	0	0
C	Marios	23	119	5	1	32____	71000	2	16	0	0	0	0	0	0	0	0	0
C	Marios	23	119	5	1	32____	71500	16	15	0	0	0	0	0	0	0	0	0
C	Marios	23	119	5	1	32____	71988	15	0	0	0	0	1	0	0	0	0	0
C	Marios	23	119	5	1	32____	72000	15	1	0	0	0	0	0	0	0	0	0
C	Marios	23	119	5	1	32____	72052	1	0	0	0	0	0	0	0	0	1	0
C	Marios	23	119	5	1	32____	72279	1	0	0	0	0	1	0	0	0	0	0
C	Marios	23	119	5	1	32____	72284	1	0	0	0	0	0	0	0	0	1	0
C	Marios	23	119	5	1	32____	72314	1	0	0	0	0	1	0	0	0	0	0
C	Marios	23	119	5	1	32____	72316	1	0	0	0	0	0	0	0	0	1	0
C	Marios	23	119	5	1	32____	72345	1	0	0	0	0	1	0	0	0	0	0
C	Marios	23	119	5	1	32____	72347	1	0	0	0	0	0	0	0	0	1	0
C	Marios	23	119	5	1	32____	72772	1	0	0	0	0	1	0	0	0	0	0
C	Marios	23	119	5	1	32____	72811	1	0	0	0	0	0	0	0	0	1	0
C	Marios	23	119	5	1	32____	74144	1	0	0	0	0	1	0	0	0	0	0
C	Marios	23	119	5	1	32____	74311	1	0	0	0	0	0	0	0	0	1	0
C	Marios	23	119	5	1	32____	76500	1	2	0	0	0	0	0	0	0	0	0
C	Marios	23	119	5	1	32____	76632	2	0	0	0	0	1	0	0	0	0	0
C	Marios	23	119	5	1	32____	76668	2	0	0	0	0	0	0	0	0	1	0
C	Marios	23	119	5	1	32____	77000	2	17	0	0	0	0	0	0	0	0	0
C	Marios	23	119	5	1	32____	77500	17	15	0	0	0	0	0	0	0	0	0
C	Marios	23	119	5	1	32____	78000	15	1	0	0	0	0	0	0	0	0	0
C	Marios	23	119	5	1	32____	78036	1	0	0	0	0	1	0	0	0	0	0
C	Marios	23	119	5	1	32____	78065	1	0	0	0	0	0	0	0	0	1	0
C	Marios	23	119	5	1	32____	78214	1	0	0	0	0	1	0	0	0	0	0
C	Marios	23	119	5	1	32____	78255	1	0	0	0	0	0	0	0	0	1	0
C	Marios	23	119	5	1	32____	79231	1	0	0	0	0	1	0	0	0	0	0
C	Marios	23	119	5	1	32____	79255	1	0	0	0	0	0	0	0	0	1	0
C	Marios	23	119	5	1	32____	80781	1	0	0	0	0	1	0	0	0	0	0
C	Marios	23	119	5	1	32____	81197	1	0	0	0	0	0	0	0	0	1	0
C	Marios	23	119	5	1	32____	81199	1	0	0	0	0	1	0	0	0	0	0
C	Marios	23	119	5	1	32____	81219	1	0	0	0	0	0	0	0	0	1	0
C	Marios	23	119	5	1	32____	81239	1	0	0	0	0	1	0	0	0	0	0
C	Marios	23	119	5	1	32____	81259	1	0	0	0	0	0	0	0	0	1	0
C	Marios	23	119	5	1	32____	82156	1	0	0	0	0	1	0	0	0	0	0
C	Marios	23	119	5	1	32____	82181	1	0	0	0	0	0	0	0	0	1	0
C	Marios	23	119	5	1	32____	84757	1	0	0	0	0	1	0	0	0	0	0
C	Marios	23	119	5	1	32____	84760	1	0	0	0	0	0	0	0	0	1	0
C	Marios	23	119	5	1	32____	85220	1	0	0	0	0	1	0	0	0	0	0
C	Marios	23	119	5	1	32____	85295	1	0	0	0	0	0	0	0	0	1	0
C	Marios	23	119	5	1	32____	85500	1	2	0	0	0	0	0	0	0	0	0
C	Marios	23	119	5	1	32____	85628	2	0	0	0	0	1	0	0	0	0	0
C	Marios	23	119	5	1	32____	85643	2	0	0	0	0	0	0	0	0	1	0
C	Marios	23	119	5	1	32____	86000	2	16	0	0	0	0	0	0	0	0	0
C	Marios	23	119	5	1	32____	86500	16	15	0	0	0	0	0	0	0	0	0
C	Marios	23	119	5	1	32____	86734	15	0	0	0	0	1	0	0	0	0	0
C	Marios	23	119	5	1	32____	86751	15	0	0	0	0	0	0	0	0	1	0
C	Marios	23	119	5	1	32____	87000	15	1	0	0	0	0	0	0	0	0	0
C	Marios	23	119	5	1	32____	89866	1	0	0	0	0	1	0	0	0	0	0
C	Marios	23	119	5	1	32____	89908	1	0	0	0	0	0	0	0	0	1	0
C	Marios	23	119	5	1	32____	89919	1	0	0	0	0	1	0	0	0	0	0
C	Marios	23	119	5	1	32____	89950	1	0	0	0	0	0	0	0	0	1	0
C	Marios	23	119	5	1	32____	89952	1	0	0	0	0	1	0	0	0	0	0
C	Marios	23	119	5	1	32____	89977	1	0	0	0	0	0	0	0	0	1	0
C	Marios	23	119	5	1	32____	90225	1	0	0	0	0	1	0	0	0	0	0
C	Marios	23	119	5	1	32____	90686	1	0	0	0	0	0	0	0	0	1	0
C	Marios	23	119	5	1	32____	90721	1	0	0	0	0	1	0	0	0	0	0
C	Marios	23	119	5	1	32____	90844	1	0	0	0	0	0	0	0	0	1	0
C	Marios	23	119	5	1	32____	91195	1	0	0	0	0	1	0	0	0	0	0
C	Marios	23	119	5	1	32____	91201	1	0	0	0	0	0	0	0	0	1	0
C	Marios	23	119	5	1	32____	91218	1	0	0	0	0	1	0	0	0	0	0
C	Marios	23	119	5	1	32____	91500	1	2	0	0	0	0	0	0	0	0	0
C	Marios	23	119	5	1	32____	91520	2	0	0	0	0	0	0	0	0	1	0
C	Marios	23	119	5	1	32____	91525	2	0	0	0	0	1	0	0	0	0	0
C	Marios	23	119	5	1	32____	91533	2	0	0	0	0	0	0	0	0	1	0
C	Marios	23	119	5	1	32____	91569	2	0	0	0	0	1	0	0	0	0	0
C	Marios	23	119	5	1	32____	91577	2	0	0	0	0	0	0	0	0	1	0
C	Marios	23	119	5	1	32____	91628	2	0	0	0	0	1	0	0	0	0	0
C	Marios	23	119	5	1	32____	91635	2	0	0	0	0	0	0	0	0	1	0
C	Marios	23	119	5	1	32____	91977	2	0	0	0	0	1	0	0	0	0	0
C	Marios	23	119	5	1	32____	92000	2	7	0	0	0	0	0	0	0	0	0
C	Marios	23	119	5	1	32____	92004	7	0	0	0	0	0	0	0	0	1	0
C	Marios	23	119	5	1	32____	92144	7	0	0	0	0	1	0	0	0	0	0
C	Marios	23	119	5	1	32____	92295	7	0	0	0	0	0	0	0	0	1	0
C	Marios	23	119	5	1	32____	92373	7	0	0	0	0	1	0	0	0	0	0
C	Marios	23	119	5	1	32____	92433	7	0	0	0	0	0	0	0	0	1	0
C	Marios	23	119	5	1	32____	92500	7	10	0	0	0	0	0	0	0	0	0
C	Marios	23	119	5	1	32____	92508	10	0	0	0	0	1	0	0	0	0	0
C	Marios	23	119	5	1	32____	93000	10	1	0	0	0	0	0	0	0	0	0
C	Marios	23	119	5	1	32____	93371	1	0	0	0	0	0	0	0	0	1	0
C	Marios	23	119	5	1	32____	93375	1	0	0	0	0	1	0	0	0	0	0
C	Marios	23	119	5	1	32____	93416	1	0	0	0	0	0	0	0	0	1	0
C	Marios	23	119	5	1	32____	93421	1	0	0	0	0	1	0	0	0	0	0
C	Marios	23	119	5	1	32____	93430	1	0	0	0	0	0	0	0	0	1	0
C	Marios	23	119	5	1	32____	93487	1	0	0	0	0	1	0	0	0	0	0
C	Marios	23	119	5	1	32____	93536	1	0	0	0	0	0	0	0	0	1	0
C	Marios	23	119	5	1	32____	93545	1	0	0	0	0	1	0	0	0	0	0
C	Marios	23	119	5	1	32____	93637	1	0	0	0	0	0	0	0	0	1	0
C	Marios	23	119	5	1	32____	94189	1	0	0	0	0	1	0	0	0	0	0
C	Marios	23	119	5	1	32____	94402	1	0	0	0	0	0	0	0	0	1	0
C	Marios	23	119	5	1	32____	96000	1	2	0	0	0	0	0	0	0	0	0
C	Marios	23	119	5	1	32____	96471	2	0	0	0	0	1	0	0	0	0	0
C	Marios	23	119	5	1	32____	96500	2	16	0	0	0	0	0	0	0	0	0
C	Marios	23	119	5	1	32____	96513	16	0	0	0	0	0	0	0	0	1	0
C	Marios	23	119	5	1	32____	96534	16	0	0	0	0	1	0	0	0	0	0
C	Marios	23	119	5	1	32____	96819	16	0	0	0	0	0	0	0	0	1	0
C	Marios	23	119	5	1	32____	97000	16	15	0	0	0	0	0	0	0	0	0
C	Marios	23	119	5	1	32____	97500	15	1	0	0	0	0	0	0	0	0	0
C	Marios	23	119	5	1	32____	98163	1	0	0	0	0	1	0	0	0	0	0
C	Marios	23	119	5	1	32____	98297	1	0	0	0	0	0	0	0	0	1	0
C	Marios	23	119	5	1	32____	100415	1	0	0	0	0	1	0	0	0	0	0
C	Marios	23	119	5	1	32____	100538	1	0	0	0	0	0	0	0	0	1	0
C	Marios	23	119	5	1	32____	100539	1	0	0	0	0	1	0	0	0	0	0
C	Marios	23	119	5	1	32____	100565	1	0	0	0	0	0	0	0	0	1	0
C	Marios	23	119	5	1	32____	100821	1	0	0	0	0	1	0	0	0	0	0
C	Marios	23	119	5	1	32____	100857	1	0	0	0	0	0	0	0	0	1	0
C	Marios	23	119	5	1	32____	102973	1	0	0	0	0	1	0	0	0	0	0
C	Marios	23	119	5	1	32____	103000	1	2	0	0	0	0	0	0	0	0	0
C	Marios	23	119	5	1	32____	103072	2	0	0	0	0	0	0	0	0	1	0
C	Marios	23	119	5	1	32____	103500	2	6	0	0	0	0	0	0	0	0	0
C	Marios	23	119	5	1	32____	103566	6	0	0	0	0	1	0	0	0	0	0
C	Marios	23	119	5	1	32____	103611	6	0	0	0	0	0	0	0	0	1	0
C	Marios	23	119	5	1	32____	103683	6	0	0	0	0	1	0	0	0	0	0
C	Marios	23	119	5	1	32____	103826	6	0	0	0	0	0	0	0	0	1	0
C	Marios	23	119	5	1	32____	103859	6	0	0	0	0	1	0	0	0	0	0
C	Marios	23	119	5	1	32____	103882	6	0	0	0	0	0	0	0	0	1	0
C	Marios	23	119	5	1	32____	103977	6	0	0	0	0	1	0	0	0	0	0
C	Marios	23	119	5	1	32____	104000	6	11	0	0	0	0	0	0	0	0	0
C	Marios	23	119	5	1	32____	104395	11	0	0	0	0	0	0	0	0	1	0
C	Marios	23	119	5	1	32____	104397	11	0	0	0	0	1	0	0	0	0	0
C	Marios	23	119	5	1	32____	104466	11	0	0	0	0	0	0	0	0	1	0
C	Marios	23	119	5	1	32____	104470	11	0	0	0	0	1	0	0	0	0	0
C	Marios	23	119	5	1	32____	104474	11	0	0	0	0	0	0	0	0	1	0
C	Marios	23	119	5	1	32____	104488	11	0	0	0	0	1	0	0	0	0	0
C	Marios	23	119	5	1	32____	104500	11	1	0	0	0	0	0	0	0	0	0
C	Marios	23	119	5	1	32____	104664	1	0	0	0	0	0	0	0	0	1	0
C	Marios	23	119	5	1	32____	104665	1	0	0	0	0	1	0	0	0	0	0
C	Marios	23	119	5	1	32____	104678	1	0	0	0	0	0	0	0	0	1	0
C	Marios	23	119	5	1	32____	105102	1	0	0	0	0	1	0	0	0	0	0
C	Marios	23	119	5	1	32____	105104	1	0	0	0	0	0	0	0	0	1	0
C	Marios	23	119	5	1	32____	105105	1	0	0	0	0	1	0	0	0	0	0
C	Marios	23	119	5	1	32____	105108	1	0	0	0	0	1	0	0	0	1	0
C	Marios	23	119	5	1	32____	105262	1	0	0	0	0	0	0	0	0	1	0
C	Marios	23	119	5	1	32____	105268	1	0	0	0	0	1	0	0	0	0	0
C	Marios	23	119	5	1	32____	105275	1	0	0	0	0	0	0	0	0	1	0
C	Marios	23	119	5	1	32____	105277	1	0	0	0	0	1	0	0	0	0	0
C	Marios	23	119	5	1	32____	105281	1	0	0	0	0	0	0	0	0	1	0
C	Marios	23	119	5	1	32____	105298	1	0	0	0	0	1	0	0	0	0	0
C	Marios	23	119	5	1	32____	105307	1	0	0	0	0	0	0	0	0	1	0
C	Marios	23	119	5	1	32____	106989	1	0	0	0	0	1	0	0	0	0	0
C	Marios	23	119	5	1	32____	107068	1	0	0	0	0	0	0	0	0	1	0
C	Marios	23	119	5	1	32____	107634	1	0	0	0	0	1	0	0	0	0	0
C	Marios	23	119	5	1	32____	107802	1	0	0	0	0	0	0	0	0	1	0
C	Marios	23	119	5	1	32____	108919	1	0	0	0	0	1	0	0	0	0	0
C	Marios	23	119	5	1	32____	109007	1	0	0	0	0	0	0	0	0	1	0
C	Marios	23	119	5	1	32____	109075	1	0	0	0	0	1	0	0	0	0	0
C	Marios	23	119	5	1	32____	109090	1	0	0	0	0	0	0	0	0	1	0
C	Marios	23	119	5	1	32____	109095	1	0	0	0	0	1	0	0	0	0	0
C	Marios	23	119	5	1	32____	109110	1	0	0	0	0	1	0	0	0	1	0
C	Marios	23	119	5	1	32____	109116	1	0	0	0	0	0	0	0	0	1	0
C	Marios	23	119	5	1	32____	109121	1	0	0	0	0	1	0	0	0	0	0
C	Marios	23	119	5	1	32____	109124	1	0	0	0	0	0	0	0	0	1	0
C	Marios	23	119	5	1	32____	109160	1	0	0	0	0	1	0	0	0	0	0
C	Marios	23	119	5	1	32____	109364	1	0	0	0	0	0	0	0	0	1	0
C	Marios	23	119	5	1	32____	109701	1	0	0	0	0	1	0	0	0	0	0
C	Marios	23	119	5	1	32____	109889	1	0	0	0	0	0	0	0	0	1	0
C	Marios	23	119	5	1	32____	110500	1	2	0	0	0	0	0	0	0	0	0
C	Marios	23	119	5	1	32____	110589	2	0	0	0	0	1	0	0	0	0	0
C	Marios	23	119	5	1	32____	110615	2	0	0	0	0	0	0	0	0	1	0
C	Marios	23	119	5	1	32____	111000	2	17	0	0	0	0	0	0	0	0	0
C	Marios	23	119	5	1	32____	111347	17	0	0	0	0	1	0	0	0	0	0
C	Marios	23	119	5	1	32____	111394	17	0	0	0	0	0	0	0	0	1	0
C	Marios	23	119	5	1	32____	111482	17	0	0	0	0	1	0	0	0	0	0
C	Marios	23	119	5	1	32____	111500	17	15	0	0	0	0	0	0	0	0	0
C	Marios	23	119	5	1	32____	111593	15	0	0	0	0	0	0	0	0	1	0
C	Marios	23	119	5	1	32____	111627	15	0	0	0	0	1	0	0	0	0	0
C	Marios	23	119	5	1	32____	111709	15	0	0	0	0	0	0	0	0	1	0
C	Marios	23	119	5	1	32____	111752	15	0	0	0	0	1	0	0	0	0	0
C	Marios	23	119	5	1	32____	111813	15	0	0	0	0	0	0	0	0	1	0
C	Marios	23	119	5	1	32____	111946	15	0	0	0	0	1	0	0	0	0	0
C	Marios	23	119	5	1	32____	112000	15	1	0	0	0	0	0	0	0	0	0
C	Marios	23	119	5	1	32____	112054	1	0	0	0	0	0	0	0	0	1	0
C	Marios	23	119	5	1	32____	112186	1	0	0	0	0	1	0	0	0	0	0
C	Marios	23	119	5	1	32____	112239	1	0	0	0	0	0	0	0	0	1	0
C	Marios	23	119	5	1	32____	112489	1	0	0	0	0	1	0	0	0	0	0
C	Marios	23	119	5	1	32____	112538	1	0	0	0	0	0	0	0	0	1	0
C	Marios	23	119	5	1	32____	113250	1	0	0	0	0	1	0	0	0	0	0
C	Marios	23	119	5	1	32____	113354	1	0	0	0	0	0	0	0	0	1	0
C	Marios	23	119	5	1	32____	114373	1	0	0	0	0	1	0	0	0	0	0
C	Marios	23	119	5	1	32____	114471	1	0	0	0	0	0	0	0	0	1	0
C	Marios	23	119	5	1	32____	115750	1	2	0	0	0	0	0	0	0	0	0
C	Marios	23	119	5	1	32____	115944	2	0	0	0	0	1	0	0	0	0	0
C	Marios	23	119	5	1	32____	116250	2	17	0	0	0	0	0	0	0	0	0
C	Marios	23	119	5	1	32____	116257	17	0	0	0	0	0	0	0	0	1	0
C	Marios	23	119	5	1	32____	116442	17	0	0	0	0	1	0	0	0	0	0
C	Marios	23	119	5	1	32____	116495	17	0	0	0	0	0	0	0	0	1	0
C	Marios	23	119	5	1	32____	116604	17	0	0	0	0	1	0	0	0	0	0
C	Marios	23	119	5	1	32____	116694	17	0	0	0	0	0	0	0	0	1	0
C	Marios	23	119	5	1	32____	116750	17	15	0	0	0	0	0	0	0	0	0
C	Marios	23	119	5	1	32____	116977	15	0	0	0	0	1	0	0	0	0	0
C	Marios	23	119	5	1	32____	117250	15	1	0	0	0	0	0	0	0	0	0
C	Marios	23	119	5	1	32____	117264	1	0	0	0	0	0	0	0	0	1	0
C	Marios	23	119	5	1	32____	118371	1	0	0	0	0	1	0	0	0	0	0
C	Marios	23	119	5	1	32____	118448	1	0	0	0	0	0	0	0	0	1	0
C	Marios	23	119	5	1	32____	119863	1	0	0	0	0	1	0	0	0	0	0
C	Marios	23	119	5	1	32____	119957	1	0	0	0	0	0	0	0	0	1	0
C	Marios	23	119	5	1	32____	120426	1	0	0	0	0	1	0	0	0	0	0
C	Marios	23	119	5	1	32____	120540	1	0	0	0	0	0	0	0	0	1	0
C	Marios	23	119	5	1	32____	121955	1	0	0	0	0	1	0	0	0	0	0
C	Marios	23	119	5	1	32____	122003	1	0	0	0	0	0	0	0	0	1	0
C	Marios	23	119	5	1	32____	122982	1	0	0	0	0	1	0	0	0	0	0
C	Marios	23	119	5	1	32____	123125	1	0	0	0	0	0	0	0	0	1	0
C	Marios	23	119	5	1	32____	124000	1	2	0	0	0	0	0	0	0	0	0
C	Marios	23	119	5	1	32____	124500	2	7	0	0	0	0	0	0	0	0	0
C	Marios	23	119	5	1	32____	124927	7	0	0	0	0	1	0	0	0	0	0
C	Marios	23	119	5	1	32____	125000	7	10	0	0	0	0	0	0	0	0	0
C	Marios	23	119	5	1	32____	125411	10	0	0	0	0	0	0	0	0	1	0
C	Marios	23	119	5	1	32____	125414	10	0	0	0	0	1	0	0	0	0	0
C	Marios	23	119	5	1	32____	125416	10	0	0	0	0	0	0	0	0	1	0
C	Marios	23	119	5	1	32____	125500	10	1	0	0	0	0	0	0	0	0	0
C	Marios	23	119	5	1	32____	125551	1	0	0	0	0	1	0	0	0	0	0
C	Marios	23	119	5	1	32____	125570	1	0	0	0	0	0	0	0	0	1	0
C	Marios	23	119	5	1	32____	125571	1	0	0	0	0	1	0	0	0	0	0
C	Marios	23	119	5	1	32____	125590	1	0	0	0	0	0	0	0	0	1	0
C	Marios	23	119	5	1	32____	125635	1	0	0	0	0	1	0	0	0	0	0
C	Marios	23	119	5	1	32____	125657	1	0	0	0	0	0	0	0	0	1	0
C	Marios	23	119	5	1	32____	125779	1	0	0	0	0	1	0	0	0	0	0
C	Marios	23	119	5	1	32____	126052	1	0	0	0	0	1	0	0	0	1	0
C	Marios	23	119	5	1	32____	126054	1	0	0	0	0	0	0	0	0	1	0
C	Marios	23	119	5	1	32____	126057	1	0	0	0	0	1	0	0	0	0	0
C	Marios	23	119	5	1	32____	126060	1	0	0	0	0	0	0	0	0	1	0
C	Marios	23	119	5	1	32____	126089	1	0	0	0	0	1	0	0	0	0	0
C	Marios	23	119	5	1	32____	126091	1	0	0	0	0	0	0	0	0	1	0
C	Marios	23	119	5	1	32____	126128	1	0	0	0	0	1	0	0	0	0	0
C	Marios	23	119	5	1	32____	126349	1	0	0	0	0	0	0	0	0	1	0
C	Marios	23	119	5	1	32____	126351	1	0	0	0	0	1	0	0	0	0	0
C	Marios	23	119	5	1	32____	126431	1	0	0	0	0	0	0	0	0	1	0
C	Marios	23	119	5	1	32____	126554	1	0	0	0	0	1	0	0	0	0	0
C	Marios	23	119	5	1	32____	126749	1	0	0	0	0	0	0	0	0	1	0
C	Marios	23	119	5	1	32____	126948	1	0	0	0	0	1	0	0	0	0	0
C	Marios	23	119	5	1	32____	126994	1	0	0	0	0	0	0	0	0	1	0
C	Marios	23	119	5	1	32____	127066	1	0	0	0	0	1	0	0	0	0	0
C	Marios	23	119	5	1	32____	127091	1	0	0	0	0	0	0	0	0	1	0
C	Marios	23	119	5	1	32____	127212	1	0	0	0	0	1	0	0	0	0	0
C	Marios	23	119	5	1	32____	127430	1	0	0	0	0	0	0	0	0	1	0
C	Marios	23	119	5	1	32____	128944	1	0	0	0	0	1	0	0	0	0	0
C	Marios	23	119	5	1	32____	129098	1	0	0	0	0	0	0	0	0	1	0
C	Marios	23	119	5	1	32____	130252	1	0	0	0	0	1	0	0	0	0	0
C	Marios	23	119	5	1	32____	130296	1	0	0	0	0	0	0	0	0	1	0
C	Marios	23	119	5	1	32____	130750	1	2	0	0	0	0	0	0	0	0	0
C	Marios	23	119	5	1	32____	131250	2	16	0	0	0	0	0	0	0	0	0
C	Marios	23	119	5	1	32____	131652	16	0	0	0	0	1	0	0	0	0	0
C	Marios	23	119	5	1	32____	131669	16	0	0	0	0	0	0	0	0	1	0
C	Marios	23	119	5	1	32____	131750	16	15	0	0	0	0	0	0	0	0	0
C	Marios	23	119	5	1	32____	131865	15	0	0	0	0	1	0	0	0	0	0
C	Marios	23	119	5	1	32____	131937	15	0	0	0	0	0	0	0	0	1	0
C	Marios	23	119	5	1	32____	131941	15	0	0	0	0	1	0	0	0	0	0
C	Marios	23	119	5	1	32____	131954	15	0	0	0	0	0	0	0	0	1	0
C	Marios	23	119	5	1	32____	132004	15	0	0	0	0	1	0	0	0	0	0
C	Marios	23	119	5	1	32____	132048	15	0	0	0	0	0	0	0	0	1	0
C	Marios	23	119	5	1	32____	132125	15	0	0	0	0	1	0	0	0	0	0
C	Marios	23	119	5	1	32____	132156	15	0	0	0	0	0	0	0	0	1	0
C	Marios	23	119	5	1	32____	132165	15	0	0	0	0	1	0	0	0	0	0
C	Marios	23	119	5	1	32____	132176	15	0	0	0	0	0	0	0	0	1	0
C	Marios	23	119	5	1	32____	132250	15	1	0	0	0	0	0	0	0	0	0
C	Marios	23	119	5	1	32____	132586	1	0	0	0	0	1	0	0	0	0	0
C	Marios	23	119	5	1	32____	132618	1	0	0	0	0	0	0	0	0	1	0
C	Marios	23	119	5	1	32____	133499	1	0	0	0	0	1	0	0	0	0	0
C	Marios	23	119	5	1	32____	133679	1	0	0	0	0	0	0	0	0	1	0
C	Marios	23	119	5	1	32____	133684	1	0	0	0	0	1	0	0	0	0	0
C	Marios	23	119	5	1	32____	133736	1	0	0	0	0	0	0	0	0	1	0
C	Marios	23	119	5	1	32____	133750	1	2	0	0	0	0	0	0	0	0	0
C	Marios	23	119	5	1	32____	134250	2	17	0	0	0	0	0	0	0	0	0
C	Marios	23	119	5	1	32____	134750	17	15	0	0	0	0	0	0	0	0	0
C	Marios	23	119	5	1	32____	135250	15	1	0	0	0	0	0	0	0	0	0
C	Marios	23	119	5	1	32____	135459	1	0	0	0	0	1	0	0	0	0	0
C	Marios	23	119	5	1	32____	135507	1	0	0	0	0	0	0	0	0	1	0
C	Marios	23	119	5	1	32____	135627	1	0	0	0	0	1	0	0	0	0	0
C	Marios	23	119	5	1	32____	135634	1	0	0	0	0	0	0	0	0	1	0
C	Marios	23	119	5	1	32____	136528	1	0	0	0	0	1	0	0	0	0	0
C	Marios	23	119	5	1	32____	136595	1	0	0	0	0	0	0	0	0	1	0
C	Marios	23	119	5	1	32____	137644	1	0	0	0	0	1	0	0	0	0	0
C	Marios	23	119	5	1	32____	137687	1	0	0	0	0	0	0	0	0	1	0
C	Marios	23	119	5	1	32____	137794	1	0	0	0	0	1	0	0	0	0	0
C	Marios	23	119	5	1	32____	137812	1	0	0	0	0	0	0	0	0	1	0
C	Marios	23	119	5	1	32____	138283	1	0	0	0	0	1	0	0	0	0	0
C	Marios	23	119	5	1	32____	138469	1	0	0	0	0	0	0	0	0	1	0
C	Marios	23	119	5	1	32____	138750	1	2	0	0	0	0	0	0	0	0	0
C	Marios	23	119	5	1	32____	138983	2	0	0	0	0	1	0	0	0	0	0
C	Marios	23	119	5	1	32____	139058	2	0	0	0	0	0	0	0	0	1	0
C	Marios	23	119	5	1	32____	139250	2	16	0	0	0	0	0	0	0	0	0
C	Marios	23	119	5	1	32____	139311	16	0	0	0	0	1	0	0	0	0	0
C	Marios	23	119	5	1	32____	139395	16	0	0	0	0	0	0	0	0	1	0
C	Marios	23	119	5	1	32____	139400	16	0	0	0	0	1	0	0	0	0	0
C	Marios	23	119	5	1	32____	139404	16	0	0	0	0	0	0	0	0	1	0
C	Marios	23	119	5	1	32____	139497	16	0	0	0	0	1	0	0	0	0	0
C	Marios	23	119	5	1	32____	139517	16	0	0	0	0	0	0	0	0	1	0
C	Marios	23	119	5	1	32____	139532	16	0	0	0	0	1	0	0	0	0	0
C	Marios	23	119	5	1	32____	139535	16	0	0	0	0	0	0	0	0	1	0
C	Marios	23	119	5	1	32____	139571	16	0	0	0	0	1	0	0	0	0	0
C	Marios	23	119	5	1	32____	139637	16	0	0	0	0	0	0	0	0	1	0
C	Marios	23	119	5	1	32____	139750	16	15	0	0	0	0	0	0	0	0	0
C	Marios	23	119	5	1	32____	139757	15	0	0	0	0	1	0	0	0	0	0
C	Marios	23	119	5	1	32____	139778	15	0	0	0	0	0	0	0	0	1	0
C	Marios	23	119	5	1	32____	139858	15	0	0	0	0	1	0	0	0	0	0
C	Marios	23	119	5	1	32____	139980	15	0	0	0	0	0	0	0	0	1	0
C	Marios	23	119	5	1	32____	140189	15	0	0	0	0	1	0	0	0	0	0
C	Marios	23	119	5	1	32____	140250	15	1	0	0	0	0	0	0	0	0	0
C	Marios	23	119	5	1	32____	140482	1	0	0	0	0	0	0	0	0	1	0
C	Marios	23	119	5	1	32____	140701	1	0	0	0	0	1	0	0	0	0	0
C	Marios	23	119	5	1	32____	140830	1	0	0	0	0	0	0	0	0	1	0
C	Marios	23	119	5	1	32____	141766	1	0	0	0	0	1	0	0	0	0	0
C	Marios	23	119	5	1	32____	141786	1	0	0	0	0	0	0	0	0	1	0
C	Marios	23	119	5	1	32____	141795	1	0	0	0	0	1	0	0	0	0	0
C	Marios	23	119	5	1	32____	141893	1	0	0	0	0	0	0	0	0	1	0
C	Marios	23	119	5	1	32____	142165	1	0	0	0	0	1	0	0	0	0	0
C	Marios	23	119	5	1	32____	142263	1	0	0	0	0	0	0	0	0	1	0
C	Marios	23	119	5	1	32____	142500	1	2	0	0	0	0	0	0	0	0	0
C	Marios	23	119	5	1	32____	143000	2	6	0	0	0	0	0	0	0	0	0
C	Marios	23	119	5	1	32____	143048	6	0	0	0	0	1	0	0	0	0	0
C	Marios	23	119	5	1	32____	143212	6	0	0	0	0	0	0	0	0	1	0
C	Marios	23	119	5	1	32____	143312	6	0	0	0	0	1	0	0	0	0	0
C	Marios	23	119	5	1	32____	143333	6	0	0	0	0	0	0	0	0	1	0
C	Marios	23	119	5	1	32____	143382	6	0	0	0	0	1	0	0	0	0	0
C	Marios	23	119	5	1	32____	143436	6	0	0	0	0	0	0	0	0	1	0
C	Marios	23	119	5	1	32____	143500	6	11	0	0	0	0	0	0	0	0	0
C	Marios	23	119	5	1	32____	143502	11	0	0	0	0	1	0	0	0	0	0
C	Marios	23	119	5	1	32____	143957	11	0	0	0	0	0	0	0	0	1	0
C	Marios	23	119	5	1	32____	143960	11	0	0	0	0	1	0	0	0	0	0
C	Marios	23	119	5	1	32____	144000	11	14	0	0	0	0	0	0	0	0	0
C	Marios	23	119	5	1	32____	144056	14	0	0	0	0	0	0	0	0	1	0
C	Marios	23	119	5	1	32____	144059	14	0	0	0	0	1	0	0	0	0	0
C	Marios	23	119	5	1	32____	144065	14	0	0	0	0	0	0	0	0	1	0
C	Marios	23	119	5	1	32____	145870	14	0	0	0	0	1	0	0	0	0	0
C	Marios	23	119	5	1	32____	145872	14	0	0	0	0	0	0	0	0	1	0
C	Marios	23	119	5	1	32____	146515	14	0	0	0	0	1	0	0	0	0	0
C	Marios	23	119	5	1	32____	146776	14	0	0	0	0	0	0	0	0	1	0
C	Marios	23	119	5	1	32____	146781	14	0	0	0	0	1	0	0	0	0	0
C	Marios	23	119	5	1	32____	146908	14	0	0	0	0	0	0	0	0	1	0
C	Marios	23	119	5	1	32____	147000	14	-1	0	0	0	0	0	0	0	0	0
