Project	UserID	Protocol	Session	Station	Run	Subject	Time	Current State	Transition State	Transition Event	A1 - LLR	A2 - RLR	A3 - MAG	A4 - 	A[1] LLR_OFF	A[2] RLR_OFF	A[3] MAG_OFF	A[4] 
C	Marios	25	119	9	1	8_____	0	0	1	0	0	0	0	0	0	0	0	0
C	Marios	25	119	9	1	8_____	69	1	0	0	0	0	1	0	0	0	0	0
C	Marios	25	119	9	1	8_____	154	1	0	0	0	0	0	0	0	0	1	0
C	Marios	25	119	9	1	8_____	1210	1	0	0	0	0	1	0	0	0	0	0
C	Marios	25	119	9	1	8_____	1219	1	0	0	0	0	0	0	0	0	1	0
C	Marios	25	119	9	1	8_____	1226	1	0	0	0	0	1	0	0	0	0	0
C	Marios	25	119	9	1	8_____	1239	1	0	0	0	0	0	0	0	0	1	0
C	Marios	25	119	9	1	8_____	1309	1	0	0	0	0	1	0	0	0	0	0
C	Marios	25	119	9	1	8_____	1333	1	0	0	0	0	0	0	0	0	1	0
C	Marios	25	119	9	1	8_____	1715	1	0	0	0	0	1	0	0	0	0	0
C	Marios	25	119	9	1	8_____	1724	1	0	0	0	0	0	0	0	0	1	0
C	Marios	25	119	9	1	8_____	3028	1	0	0	0	0	1	0	0	0	0	0
C	Marios	25	119	9	1	8_____	3032	1	0	0	0	0	0	0	0	0	1	0
C	Marios	25	119	9	1	8_____	3051	1	0	0	0	0	1	0	0	0	0	0
C	Marios	25	119	9	1	8_____	3173	1	0	0	0	0	0	0	0	0	1	0
C	Marios	25	119	9	1	8_____	3500	1	2	0	0	0	0	0	0	0	0	0
C	Marios	25	119	9	1	8_____	3927	2	0	0	0	0	1	0	0	0	0	0
C	Marios	25	119	9	1	8_____	3932	2	0	0	0	0	0	0	0	0	1	0
C	Marios	25	119	9	1	8_____	3948	2	0	0	0	0	1	0	0	0	0	0
C	Marios	25	119	9	1	8_____	4000	2	6	0	0	0	0	0	0	0	0	0
C	Marios	25	119	9	1	8_____	4011	6	0	0	0	0	0	0	0	0	1	0
C	Marios	25	119	9	1	8_____	4148	6	0	0	0	0	1	0	0	0	0	0
C	Marios	25	119	9	1	8_____	4280	6	0	0	0	0	0	0	0	0	1	0
C	Marios	25	119	9	1	8_____	4347	6	0	0	0	0	1	0	0	0	0	0
C	Marios	25	119	9	1	8_____	4446	6	0	0	0	0	0	0	0	0	1	0
C	Marios	25	119	9	1	8_____	4463	6	0	0	0	0	1	0	0	0	0	0
C	Marios	25	119	9	1	8_____	4500	6	11	0	0	0	0	0	0	0	0	0
C	Marios	25	119	9	1	8_____	4589	11	0	0	0	0	0	0	0	0	1	0
C	Marios	25	119	9	1	8_____	5000	11	1	0	0	0	0	0	0	0	0	0
C	Marios	25	119	9	1	8_____	6237	1	0	0	0	0	1	0	0	0	0	0
C	Marios	25	119	9	1	8_____	6347	1	0	0	0	0	0	0	0	0	1	0
C	Marios	25	119	9	1	8_____	6353	1	0	0	0	0	1	0	0	0	0	0
C	Marios	25	119	9	1	8_____	6443	1	0	0	0	0	0	0	0	0	1	0
C	Marios	25	119	9	1	8_____	6470	1	0	0	0	0	1	0	0	0	0	0
C	Marios	25	119	9	1	8_____	6476	1	0	0	0	0	0	0	0	0	1	0
C	Marios	25	119	9	1	8_____	6486	1	0	0	0	0	1	0	0	0	0	0
C	Marios	25	119	9	1	8_____	6563	1	0	0	0	0	0	0	0	0	1	0
C	Marios	25	119	9	1	8_____	6776	1	0	0	0	0	1	0	0	0	0	0
C	Marios	25	119	9	1	8_____	6842	1	0	0	0	0	0	0	0	0	1	0
C	Marios	25	119	9	1	8_____	7843	1	0	0	0	0	1	0	0	0	0	0
C	Marios	25	119	9	1	8_____	7914	1	0	0	0	0	0	0	0	0	1	0
C	Marios	25	119	9	1	8_____	8766	1	0	0	0	0	1	0	0	0	0	0
C	Marios	25	119	9	1	8_____	8821	1	0	0	0	0	0	0	0	0	1	0
C	Marios	25	119	9	1	8_____	8845	1	0	0	0	0	1	0	0	0	0	0
C	Marios	25	119	9	1	8_____	8914	1	0	0	0	0	0	0	0	0	1	0
C	Marios	25	119	9	1	8_____	10677	1	0	0	0	0	1	0	0	0	0	0
C	Marios	25	119	9	1	8_____	10748	1	0	0	0	0	0	0	0	0	1	0
C	Marios	25	119	9	1	8_____	12500	1	2	0	0	0	0	0	0	0	0	0
C	Marios	25	119	9	1	8_____	13000	2	7	0	0	0	0	0	0	0	0	0
C	Marios	25	119	9	1	8_____	13060	7	0	0	0	0	1	0	0	0	0	0
C	Marios	25	119	9	1	8_____	13094	7	0	0	0	0	0	0	0	0	1	0
C	Marios	25	119	9	1	8_____	13156	7	0	0	0	0	1	0	0	0	0	0
C	Marios	25	119	9	1	8_____	13360	7	0	0	0	0	0	0	0	0	1	0
C	Marios	25	119	9	1	8_____	13386	7	0	0	0	0	1	0	0	0	0	0
C	Marios	25	119	9	1	8_____	13500	7	10	0	0	0	0	0	0	0	0	0
C	Marios	25	119	9	1	8_____	13626	10	0	0	0	0	0	0	0	0	1	0
C	Marios	25	119	9	1	8_____	14000	10	1	0	0	0	0	0	0	0	0	0
C	Marios	25	119	9	1	8_____	14507	1	0	0	0	0	1	0	0	0	0	0
C	Marios	25	119	9	1	8_____	15017	1	0	0	0	0	0	0	0	0	1	0
C	Marios	25	119	9	1	8_____	15072	1	0	0	0	0	1	0	0	0	0	0
C	Marios	25	119	9	1	8_____	15086	1	0	0	0	0	0	0	0	0	1	0
C	Marios	25	119	9	1	8_____	15733	1	0	0	0	0	1	0	0	0	0	0
C	Marios	25	119	9	1	8_____	15782	1	0	0	0	0	0	0	0	0	1	0
C	Marios	25	119	9	1	8_____	17564	1	0	0	0	0	1	0	0	0	0	0
C	Marios	25	119	9	1	8_____	17768	1	0	0	0	0	0	0	0	0	1	0
C	Marios	25	119	9	1	8_____	17870	1	0	0	0	0	1	0	0	0	0	0
C	Marios	25	119	9	1	8_____	17915	1	0	0	0	0	0	0	0	0	1	0
C	Marios	25	119	9	1	8_____	17917	1	0	0	0	0	1	0	0	0	0	0
C	Marios	25	119	9	1	8_____	17959	1	0	0	0	0	0	0	0	0	1	0
C	Marios	25	119	9	1	8_____	17964	1	0	0	0	0	1	0	0	0	0	0
C	Marios	25	119	9	1	8_____	17970	1	0	0	0	0	0	0	0	0	1	0
C	Marios	25	119	9	1	8_____	18763	1	0	0	0	0	1	0	0	0	0	0
C	Marios	25	119	9	1	8_____	18839	1	0	0	0	0	0	0	0	0	1	0
C	Marios	25	119	9	1	8_____	18939	1	0	0	0	0	1	0	0	0	0	0
C	Marios	25	119	9	1	8_____	18941	1	0	0	0	0	0	0	0	0	1	0
C	Marios	25	119	9	1	8_____	18950	1	0	0	0	0	1	0	0	0	0	0
C	Marios	25	119	9	1	8_____	18952	1	0	0	0	0	0	0	0	0	1	0
C	Marios	25	119	9	1	8_____	18983	1	0	0	0	0	1	0	0	0	0	0
C	Marios	25	119	9	1	8_____	18987	1	0	0	0	0	0	0	0	0	1	0
C	Marios	25	119	9	1	8_____	19250	1	2	0	0	0	0	0	0	0	0	0
C	Marios	25	119	9	1	8_____	19750	2	16	0	0	0	0	0	0	0	0	0
C	Marios	25	119	9	1	8_____	20250	16	15	0	0	0	0	0	0	0	0	0
C	Marios	25	119	9	1	8_____	20750	15	1	0	0	0	0	0	0	0	0	0
C	Marios	25	119	9	1	8_____	21337	1	0	0	0	0	1	0	0	0	0	0
C	Marios	25	119	9	1	8_____	21364	1	0	0	0	0	0	0	0	0	1	0
C	Marios	25	119	9	1	8_____	21425	1	0	0	0	0	1	0	0	0	0	0
C	Marios	25	119	9	1	8_____	21566	1	0	0	0	0	0	0	0	0	1	0
C	Marios	25	119	9	1	8_____	21671	1	0	0	0	0	1	0	0	0	0	0
C	Marios	25	119	9	1	8_____	21913	1	0	0	0	0	0	0	0	0	1	0
C	Marios	25	119	9	1	8_____	22012	1	0	0	0	0	1	0	0	0	0	0
C	Marios	25	119	9	1	8_____	22069	1	0	0	0	0	0	0	0	0	1	0
C	Marios	25	119	9	1	8_____	22273	1	0	0	0	0	1	0	0	0	0	0
C	Marios	25	119	9	1	8_____	22428	1	0	0	0	0	0	0	0	0	1	0
C	Marios	25	119	9	1	8_____	22482	1	0	0	0	0	1	0	0	0	0	0
C	Marios	25	119	9	1	8_____	22499	1	0	0	0	0	0	0	0	0	1	0
C	Marios	25	119	9	1	8_____	23000	1	2	0	0	0	0	0	0	0	0	0
C	Marios	25	119	9	1	8_____	23500	2	16	0	0	0	0	0	0	0	0	0
C	Marios	25	119	9	1	8_____	23620	16	0	0	0	0	1	0	0	0	0	0
C	Marios	25	119	9	1	8_____	23625	16	0	0	0	0	0	0	0	0	1	0
C	Marios	25	119	9	1	8_____	23631	16	0	0	0	0	1	0	0	0	0	0
C	Marios	25	119	9	1	8_____	23653	16	0	0	0	0	0	0	0	0	1	0
C	Marios	25	119	9	1	8_____	24000	16	15	0	0	0	0	0	0	0	0	0
C	Marios	25	119	9	1	8_____	24500	15	1	0	0	0	0	0	0	0	0	0
C	Marios	25	119	9	1	8_____	24741	1	0	0	0	0	1	0	0	0	0	0
C	Marios	25	119	9	1	8_____	24743	1	0	0	0	0	0	0	0	0	1	0
C	Marios	25	119	9	1	8_____	24942	1	0	0	0	0	1	0	0	0	0	0
C	Marios	25	119	9	1	8_____	24961	1	0	0	0	0	0	0	0	0	1	0
C	Marios	25	119	9	1	8_____	24967	1	0	0	0	0	1	0	0	0	0	0
C	Marios	25	119	9	1	8_____	24997	1	0	0	0	0	0	0	0	0	1	0
C	Marios	25	119	9	1	8_____	26683	1	0	0	0	0	1	0	0	0	0	0
C	Marios	25	119	9	1	8_____	26716	1	0	0	0	0	0	0	0	0	1	0
C	Marios	25	119	9	1	8_____	26759	1	0	0	0	0	1	0	0	0	0	0
C	Marios	25	119	9	1	8_____	26809	1	0	0	0	0	0	0	0	0	1	0
C	Marios	25	119	9	1	8_____	28238	1	0	0	0	0	1	0	0	0	0	0
C	Marios	25	119	9	1	8_____	28244	1	0	0	0	0	0	0	0	0	1	0
C	Marios	25	119	9	1	8_____	28864	1	0	0	0	0	1	0	0	0	0	0
C	Marios	25	119	9	1	8_____	28896	1	0	0	0	0	0	0	0	0	1	0
C	Marios	25	119	9	1	8_____	29000	1	2	0	0	0	0	0	0	0	0	0
C	Marios	25	119	9	1	8_____	29298	2	0	0	0	0	1	0	0	0	0	0
C	Marios	25	119	9	1	8_____	29309	2	0	0	0	0	0	0	0	0	1	0
C	Marios	25	119	9	1	8_____	29500	2	17	0	0	0	0	0	0	0	0	0
C	Marios	25	119	9	1	8_____	30000	17	15	0	0	0	0	0	0	0	0	0
C	Marios	25	119	9	1	8_____	30153	15	0	0	0	0	1	0	0	0	0	0
C	Marios	25	119	9	1	8_____	30191	15	0	0	0	0	0	0	0	0	1	0
C	Marios	25	119	9	1	8_____	30500	15	1	0	0	0	0	0	0	0	0	0
C	Marios	25	119	9	1	8_____	30882	1	0	0	0	0	1	0	0	0	0	0
C	Marios	25	119	9	1	8_____	30999	1	0	0	0	0	0	0	0	0	1	0
C	Marios	25	119	9	1	8_____	31212	1	0	0	0	0	1	0	0	0	0	0
C	Marios	25	119	9	1	8_____	31214	1	0	0	0	0	0	0	0	0	1	0
C	Marios	25	119	9	1	8_____	31238	1	0	0	0	0	1	0	0	0	0	0
C	Marios	25	119	9	1	8_____	31361	1	0	0	0	0	0	0	0	0	1	0
C	Marios	25	119	9	1	8_____	32000	1	2	0	0	0	0	0	0	0	0	0
C	Marios	25	119	9	1	8_____	32500	2	17	0	0	0	0	0	0	0	0	0
C	Marios	25	119	9	1	8_____	33000	17	15	0	0	0	0	0	0	0	0	0
C	Marios	25	119	9	1	8_____	33500	15	1	0	0	0	0	0	0	0	0	0
C	Marios	25	119	9	1	8_____	34395	1	0	0	0	0	1	0	0	0	0	0
C	Marios	25	119	9	1	8_____	34408	1	0	0	0	0	0	0	0	0	1	0
C	Marios	25	119	9	1	8_____	34415	1	0	0	0	0	1	0	0	0	0	0
C	Marios	25	119	9	1	8_____	34557	1	0	0	0	0	0	0	0	0	1	0
C	Marios	25	119	9	1	8_____	38750	1	0	0	0	0	1	0	0	0	0	0
C	Marios	25	119	9	1	8_____	38851	1	0	0	0	0	0	0	0	0	1	0
C	Marios	25	119	9	1	8_____	39000	1	2	0	0	0	0	0	0	0	0	0
C	Marios	25	119	9	1	8_____	39500	2	16	0	0	0	0	0	0	0	0	0
C	Marios	25	119	9	1	8_____	39687	16	0	0	0	0	1	0	0	0	0	0
C	Marios	25	119	9	1	8_____	39698	16	0	0	0	0	0	0	0	0	1	0
C	Marios	25	119	9	1	8_____	40000	16	15	0	0	0	0	0	0	0	0	0
C	Marios	25	119	9	1	8_____	40269	15	0	0	0	0	1	0	0	0	0	0
C	Marios	25	119	9	1	8_____	40469	15	0	0	0	0	0	0	0	0	1	0
C	Marios	25	119	9	1	8_____	40500	15	1	0	0	0	0	0	0	0	0	0
C	Marios	25	119	9	1	8_____	40527	1	0	0	0	0	1	0	0	0	0	0
C	Marios	25	119	9	1	8_____	40587	1	0	0	0	0	0	0	0	0	1	0
C	Marios	25	119	9	1	8_____	40618	1	0	0	0	0	1	0	0	0	0	0
C	Marios	25	119	9	1	8_____	41115	1	0	0	0	0	0	0	0	0	1	0
C	Marios	25	119	9	1	8_____	41256	1	0	0	0	0	1	0	0	0	0	0
C	Marios	25	119	9	1	8_____	41401	1	0	0	0	0	0	0	0	0	1	0
C	Marios	25	119	9	1	8_____	42683	1	0	0	0	0	1	0	0	0	0	0
C	Marios	25	119	9	1	8_____	42696	1	0	0	0	0	0	0	0	0	1	0
C	Marios	25	119	9	1	8_____	42721	1	0	0	0	0	1	0	0	0	0	0
C	Marios	25	119	9	1	8_____	42779	1	0	0	0	0	0	0	0	0	1	0
C	Marios	25	119	9	1	8_____	42791	1	0	0	0	0	1	0	0	0	0	0
C	Marios	25	119	9	1	8_____	42793	1	0	0	0	0	0	0	0	0	1	0
C	Marios	25	119	9	1	8_____	42794	1	0	0	0	0	1	0	0	0	0	0
C	Marios	25	119	9	1	8_____	42812	1	0	0	0	0	0	0	0	0	1	0
C	Marios	25	119	9	1	8_____	42819	1	0	0	0	0	1	0	0	0	0	0
C	Marios	25	119	9	1	8_____	42860	1	0	0	0	0	0	0	0	0	1	0
C	Marios	25	119	9	1	8_____	42968	1	0	0	0	0	1	0	0	0	0	0
C	Marios	25	119	9	1	8_____	43000	1	0	0	0	0	0	0	0	0	1	0
C	Marios	25	119	9	1	8_____	43003	1	0	0	0	0	1	0	0	0	0	0
C	Marios	25	119	9	1	8_____	43009	1	0	0	0	0	0	0	0	0	1	0
C	Marios	25	119	9	1	8_____	43014	1	0	0	0	0	1	0	0	0	0	0
C	Marios	25	119	9	1	8_____	43085	1	0	0	0	0	0	0	0	0	1	0
C	Marios	25	119	9	1	8_____	43089	1	0	0	0	0	1	0	0	0	0	0
C	Marios	25	119	9	1	8_____	43133	1	0	0	0	0	0	0	0	0	1	0
C	Marios	25	119	9	1	8_____	43285	1	0	0	0	0	1	0	0	0	0	0
C	Marios	25	119	9	1	8_____	43323	1	0	0	0	0	0	0	0	0	1	0
C	Marios	25	119	9	1	8_____	43391	1	0	0	0	0	1	0	0	0	0	0
C	Marios	25	119	9	1	8_____	43399	1	0	0	0	0	0	0	0	0	1	0
C	Marios	25	119	9	1	8_____	43564	1	0	0	0	0	1	0	0	0	0	0
C	Marios	25	119	9	1	8_____	43574	1	0	0	0	0	0	0	0	0	1	0
C	Marios	25	119	9	1	8_____	45638	1	0	0	0	0	1	0	0	0	0	0
C	Marios	25	119	9	1	8_____	45679	1	0	0	0	0	1	0	0	0	1	0
C	Marios	25	119	9	1	8_____	45686	1	0	0	0	0	0	0	0	0	1	0
C	Marios	25	119	9	1	8_____	46500	1	2	0	0	0	0	0	0	0	0	0
C	Marios	25	119	9	1	8_____	46927	2	0	0	0	0	1	0	0	0	0	0
C	Marios	25	119	9	1	8_____	46938	2	0	0	0	0	0	0	0	0	1	0
C	Marios	25	119	9	1	8_____	47000	2	7	0	0	0	0	0	0	0	0	0
C	Marios	25	119	9	1	8_____	47233	7	0	0	0	0	1	0	0	0	0	0
C	Marios	25	119	9	1	8_____	47307	7	0	0	0	0	0	0	0	0	1	0
C	Marios	25	119	9	1	8_____	47385	7	0	0	0	0	1	0	0	0	0	0
C	Marios	25	119	9	1	8_____	47469	7	0	0	0	0	0	0	0	0	1	0
C	Marios	25	119	9	1	8_____	47499	7	0	0	0	0	1	0	0	0	0	0
C	Marios	25	119	9	1	8_____	47500	7	10	0	0	0	0	0	0	0	0	0
C	Marios	25	119	9	1	8_____	47698	10	0	0	0	0	0	0	0	0	1	0
C	Marios	25	119	9	1	8_____	47702	10	0	0	0	0	1	0	0	0	0	0
C	Marios	25	119	9	1	8_____	47743	10	0	0	0	0	0	0	0	0	1	0
C	Marios	25	119	9	1	8_____	47744	10	0	0	0	0	1	0	0	0	0	0
C	Marios	25	119	9	1	8_____	47758	10	0	0	0	0	1	0	0	0	1	0
C	Marios	25	119	9	1	8_____	47760	10	0	0	0	0	0	0	0	0	1	0
C	Marios	25	119	9	1	8_____	48000	10	1	0	0	0	0	0	0	0	0	0
C	Marios	25	119	9	1	8_____	48146	1	0	0	0	0	1	0	0	0	0	0
C	Marios	25	119	9	1	8_____	48154	1	0	0	0	0	0	0	0	0	1	0
C	Marios	25	119	9	1	8_____	48161	1	0	0	0	0	1	0	0	0	0	0
C	Marios	25	119	9	1	8_____	48172	1	0	0	0	0	0	0	0	0	1	0
C	Marios	25	119	9	1	8_____	48175	1	0	0	0	0	1	0	0	0	0	0
C	Marios	25	119	9	1	8_____	48257	1	0	0	0	0	0	0	0	0	1	0
C	Marios	25	119	9	1	8_____	50160	1	0	0	0	0	1	0	0	0	0	0
C	Marios	25	119	9	1	8_____	50240	1	0	0	0	0	0	0	0	0	1	0
C	Marios	25	119	9	1	8_____	50329	1	0	0	0	0	1	0	0	0	0	0
C	Marios	25	119	9	1	8_____	50332	1	0	0	0	0	0	0	0	0	1	0
C	Marios	25	119	9	1	8_____	50385	1	0	0	0	0	1	0	0	0	0	0
C	Marios	25	119	9	1	8_____	50627	1	0	0	0	0	0	0	0	0	1	0
C	Marios	25	119	9	1	8_____	50965	1	0	0	0	0	1	0	0	0	0	0
C	Marios	25	119	9	1	8_____	50986	1	0	0	0	0	0	0	0	0	1	0
C	Marios	25	119	9	1	8_____	51696	1	0	0	0	0	1	0	0	0	0	0
C	Marios	25	119	9	1	8_____	51699	1	0	0	0	0	0	0	0	0	1	0
C	Marios	25	119	9	1	8_____	52500	1	2	0	0	0	0	0	0	0	0	0
C	Marios	25	119	9	1	8_____	52901	2	0	0	0	0	1	0	0	0	0	0
C	Marios	25	119	9	1	8_____	52908	2	0	0	0	0	0	0	0	0	1	0
C	Marios	25	119	9	1	8_____	52919	2	0	0	0	0	1	0	0	0	0	0
C	Marios	25	119	9	1	8_____	53000	2	16	0	0	0	0	0	0	0	0	0
C	Marios	25	119	9	1	8_____	53009	16	0	0	0	0	0	0	0	0	1	0
C	Marios	25	119	9	1	8_____	53335	16	0	0	0	0	1	0	0	0	0	0
C	Marios	25	119	9	1	8_____	53408	16	0	0	0	0	0	0	0	0	1	0
C	Marios	25	119	9	1	8_____	53422	16	0	0	0	0	1	0	0	0	0	0
C	Marios	25	119	9	1	8_____	53500	16	15	0	0	0	0	0	0	0	0	0
C	Marios	25	119	9	1	8_____	53553	15	0	0	0	0	0	0	0	0	1	0
C	Marios	25	119	9	1	8_____	53948	15	0	0	0	0	1	0	0	0	0	0
C	Marios	25	119	9	1	8_____	54000	15	1	0	0	0	0	0	0	0	0	0
C	Marios	25	119	9	1	8_____	54121	1	0	0	0	0	0	0	0	0	1	0
C	Marios	25	119	9	1	8_____	54659	1	0	0	0	0	1	0	0	0	0	0
C	Marios	25	119	9	1	8_____	54675	1	0	0	0	0	0	0	0	0	1	0
C	Marios	25	119	9	1	8_____	56750	1	0	0	0	0	1	0	0	0	0	0
C	Marios	25	119	9	1	8_____	56752	1	0	0	0	0	0	0	0	0	1	0
C	Marios	25	119	9	1	8_____	56899	1	0	0	0	0	1	0	0	0	0	0
C	Marios	25	119	9	1	8_____	56954	1	0	0	0	0	0	0	0	0	1	0
C	Marios	25	119	9	1	8_____	57021	1	0	0	0	0	1	0	0	0	0	0
C	Marios	25	119	9	1	8_____	57025	1	0	0	0	0	1	0	0	0	1	0
C	Marios	25	119	9	1	8_____	57030	1	0	0	0	0	0	0	0	0	1	0
C	Marios	25	119	9	1	8_____	57034	1	0	0	0	0	1	0	0	0	0	0
C	Marios	25	119	9	1	8_____	57036	1	0	0	0	0	0	0	0	0	1	0
C	Marios	25	119	9	1	8_____	57042	1	0	0	0	0	1	0	0	0	0	0
C	Marios	25	119	9	1	8_____	57069	1	0	0	0	0	0	0	0	0	1	0
C	Marios	25	119	9	1	8_____	57071	1	0	0	0	0	1	0	0	0	0	0
C	Marios	25	119	9	1	8_____	57085	1	0	0	0	0	0	0	0	0	1	0
C	Marios	25	119	9	1	8_____	57094	1	0	0	0	0	1	0	0	0	0	0
C	Marios	25	119	9	1	8_____	57310	1	0	0	0	0	0	0	0	0	1	0
C	Marios	25	119	9	1	8_____	57750	1	2	0	0	0	0	0	0	0	0	0
C	Marios	25	119	9	1	8_____	58250	2	17	0	0	0	0	0	0	0	0	0
C	Marios	25	119	9	1	8_____	58750	17	15	0	0	0	0	0	0	0	0	0
C	Marios	25	119	9	1	8_____	59250	15	1	0	0	0	0	0	0	0	0	0
C	Marios	25	119	9	1	8_____	60034	1	0	0	0	0	1	0	0	0	0	0
C	Marios	25	119	9	1	8_____	60055	1	0	0	0	0	0	0	0	0	1	0
C	Marios	25	119	9	1	8_____	63667	1	0	0	0	0	1	0	0	0	0	0
C	Marios	25	119	9	1	8_____	63829	1	0	0	0	0	0	0	0	0	1	0
C	Marios	25	119	9	1	8_____	64745	1	0	0	0	0	1	0	0	0	0	0
C	Marios	25	119	9	1	8_____	64802	1	0	0	0	0	0	0	0	0	1	0
C	Marios	25	119	9	1	8_____	64804	1	0	0	0	0	1	0	0	0	0	0
C	Marios	25	119	9	1	8_____	64815	1	0	0	0	0	0	0	0	0	1	0
C	Marios	25	119	9	1	8_____	64823	1	0	0	0	0	1	0	0	0	0	0
C	Marios	25	119	9	1	8_____	64831	1	0	0	0	0	0	0	0	0	1	0
C	Marios	25	119	9	1	8_____	64888	1	0	0	0	0	1	0	0	0	0	0
C	Marios	25	119	9	1	8_____	65035	1	0	0	0	0	0	0	0	0	1	0
C	Marios	25	119	9	1	8_____	66000	1	2	0	0	0	0	0	0	0	0	0
C	Marios	25	119	9	1	8_____	66500	2	6	0	0	0	0	0	0	0	0	0
C	Marios	25	119	9	1	8_____	66524	6	0	0	0	0	1	0	0	0	0	0
C	Marios	25	119	9	1	8_____	66545	6	0	0	0	0	0	0	0	0	1	0
C	Marios	25	119	9	1	8_____	66587	6	0	0	0	0	1	0	0	0	0	0
C	Marios	25	119	9	1	8_____	66607	6	0	0	0	0	0	0	0	0	1	0
C	Marios	25	119	9	1	8_____	66620	6	0	0	0	0	1	0	0	0	0	0
C	Marios	25	119	9	1	8_____	66677	6	0	0	0	0	0	0	0	0	1	0
C	Marios	25	119	9	1	8_____	66709	6	0	0	0	0	1	0	0	0	0	0
C	Marios	25	119	9	1	8_____	66865	6	0	0	0	0	0	0	0	0	1	0
C	Marios	25	119	9	1	8_____	66893	6	0	0	0	0	1	0	0	0	0	0
C	Marios	25	119	9	1	8_____	67000	6	11	0	0	0	0	0	0	0	0	0
C	Marios	25	119	9	1	8_____	67332	11	0	0	0	0	0	0	0	0	1	0
C	Marios	25	119	9	1	8_____	67341	11	0	0	0	0	1	0	0	0	0	0
C	Marios	25	119	9	1	8_____	67366	11	0	0	0	0	0	0	0	0	1	0
C	Marios	25	119	9	1	8_____	67368	11	0	0	0	0	1	0	0	0	0	0
C	Marios	25	119	9	1	8_____	67370	11	0	0	0	0	0	0	0	0	1	0
C	Marios	25	119	9	1	8_____	67375	11	0	0	0	0	1	0	0	0	0	0
C	Marios	25	119	9	1	8_____	67500	11	1	0	0	0	0	0	0	0	0	0
C	Marios	25	119	9	1	8_____	67642	1	0	0	0	0	0	0	0	0	1	0
C	Marios	25	119	9	1	8_____	67726	1	0	0	0	0	1	0	0	0	0	0
C	Marios	25	119	9	1	8_____	67730	1	0	0	0	0	1	0	0	0	1	0
C	Marios	25	119	9	1	8_____	67735	1	0	0	0	0	0	0	0	0	1	0
C	Marios	25	119	9	1	8_____	67736	1	0	0	0	0	1	0	0	0	0	0
C	Marios	25	119	9	1	8_____	67738	1	0	0	0	0	0	0	0	0	1	0
C	Marios	25	119	9	1	8_____	68015	1	0	0	0	0	1	0	0	0	0	0
C	Marios	25	119	9	1	8_____	68038	1	0	0	0	0	0	0	0	0	1	0
C	Marios	25	119	9	1	8_____	68114	1	0	0	0	0	1	0	0	0	0	0
C	Marios	25	119	9	1	8_____	68117	1	0	0	0	0	0	0	0	0	1	0
C	Marios	25	119	9	1	8_____	68154	1	0	0	0	0	1	0	0	0	0	0
C	Marios	25	119	9	1	8_____	68175	1	0	0	0	0	1	0	0	0	1	0
C	Marios	25	119	9	1	8_____	68244	1	0	0	0	0	0	0	0	0	1	0
C	Marios	25	119	9	1	8_____	68259	1	0	0	0	0	1	0	0	0	0	0
C	Marios	25	119	9	1	8_____	68420	1	0	0	0	0	0	0	0	0	1	0
C	Marios	25	119	9	1	8_____	68447	1	0	0	0	0	1	0	0	0	0	0
C	Marios	25	119	9	1	8_____	68757	1	0	0	0	0	0	0	0	0	1	0
C	Marios	25	119	9	1	8_____	70500	1	2	0	0	0	0	0	0	0	0	0
C	Marios	25	119	9	1	8_____	71000	2	17	0	0	0	0	0	0	0	0	0
C	Marios	25	119	9	1	8_____	71500	17	15	0	0	0	0	0	0	0	0	0
C	Marios	25	119	9	1	8_____	72000	15	1	0	0	0	0	0	0	0	0	0
C	Marios	25	119	9	1	8_____	72453	1	0	0	0	0	1	0	0	0	0	0
C	Marios	25	119	9	1	8_____	72459	1	0	0	0	0	0	0	0	0	1	0
C	Marios	25	119	9	1	8_____	72462	1	0	0	0	0	1	0	0	0	0	0
C	Marios	25	119	9	1	8_____	72580	1	0	0	0	0	0	0	0	0	1	0
C	Marios	25	119	9	1	8_____	74017	1	0	0	0	0	1	0	0	0	0	0
C	Marios	25	119	9	1	8_____	74023	1	0	0	0	0	0	0	0	0	1	0
C	Marios	25	119	9	1	8_____	74091	1	0	0	0	0	1	0	0	0	0	0
C	Marios	25	119	9	1	8_____	74183	1	0	0	0	0	0	0	0	0	1	0
C	Marios	25	119	9	1	8_____	76564	1	0	0	0	0	1	0	0	0	0	0
C	Marios	25	119	9	1	8_____	76639	1	0	0	0	0	0	0	0	0	1	0
C	Marios	25	119	9	1	8_____	78612	1	0	0	0	0	1	0	0	0	0	0
C	Marios	25	119	9	1	8_____	78635	1	0	0	0	0	0	0	0	0	1	0
C	Marios	25	119	9	1	8_____	78956	1	0	0	0	0	1	0	0	0	0	0
C	Marios	25	119	9	1	8_____	78961	1	0	0	0	0	0	0	0	0	1	0
C	Marios	25	119	9	1	8_____	79500	1	2	0	0	0	0	0	0	0	0	0
C	Marios	25	119	9	1	8_____	80000	2	17	0	0	0	0	0	0	0	0	0
C	Marios	25	119	9	1	8_____	80500	17	15	0	0	0	0	0	0	0	0	0
C	Marios	25	119	9	1	8_____	81000	15	1	0	0	0	0	0	0	0	0	0
C	Marios	25	119	9	1	8_____	81926	1	0	0	0	0	1	0	0	0	0	0
C	Marios	25	119	9	1	8_____	81936	1	0	0	0	0	0	0	0	0	1	0
C	Marios	25	119	9	1	8_____	83350	1	0	0	0	0	1	0	0	0	0	0
C	Marios	25	119	9	1	8_____	83356	1	0	0	0	0	0	0	0	0	1	0
C	Marios	25	119	9	1	8_____	83365	1	0	0	0	0	1	0	0	0	0	0
C	Marios	25	119	9	1	8_____	83554	1	0	0	0	0	0	0	0	0	1	0
C	Marios	25	119	9	1	8_____	83571	1	0	0	0	0	1	0	0	0	0	0
C	Marios	25	119	9	1	8_____	83631	1	0	0	0	0	0	0	0	0	1	0
C	Marios	25	119	9	1	8_____	85500	1	2	0	0	0	0	0	0	0	0	0
C	Marios	25	119	9	1	8_____	85737	2	0	0	0	0	1	0	0	0	0	0
C	Marios	25	119	9	1	8_____	85743	2	0	0	0	0	0	0	0	0	1	0
C	Marios	25	119	9	1	8_____	85754	2	0	0	0	0	1	0	0	0	0	0
C	Marios	25	119	9	1	8_____	86000	2	16	0	0	0	0	0	0	0	0	0
C	Marios	25	119	9	1	8_____	86005	16	0	0	0	0	0	0	0	0	1	0
C	Marios	25	119	9	1	8_____	86089	16	0	0	0	0	1	0	0	0	0	0
C	Marios	25	119	9	1	8_____	86184	16	0	0	0	0	0	0	0	0	1	0
C	Marios	25	119	9	1	8_____	86185	16	0	0	0	0	1	0	0	0	0	0
C	Marios	25	119	9	1	8_____	86500	16	15	0	0	0	0	0	0	0	0	0
C	Marios	25	119	9	1	8_____	86553	15	0	0	0	0	0	0	0	0	1	0
C	Marios	25	119	9	1	8_____	86710	15	0	0	0	0	1	0	0	0	0	0
C	Marios	25	119	9	1	8_____	86843	15	0	0	0	0	0	0	0	0	1	0
C	Marios	25	119	9	1	8_____	86950	15	0	0	0	0	1	0	0	0	0	0
C	Marios	25	119	9	1	8_____	86995	15	0	0	0	0	0	0	0	0	1	0
C	Marios	25	119	9	1	8_____	87000	15	1	0	0	0	0	0	0	0	0	0
C	Marios	25	119	9	1	8_____	88281	1	0	0	0	0	1	0	0	0	0	0
C	Marios	25	119	9	1	8_____	88475	1	0	0	0	0	0	0	0	0	1	0
C	Marios	25	119	9	1	8_____	90500	1	2	0	0	0	0	0	0	0	0	0
C	Marios	25	119	9	1	8_____	91000	2	16	0	0	0	0	0	0	0	0	0
C	Marios	25	119	9	1	8_____	91084	16	0	0	0	0	1	0	0	0	0	0
C	Marios	25	119	9	1	8_____	91155	16	0	0	0	0	0	0	0	0	1	0
C	Marios	25	119	9	1	8_____	91500	16	15	0	0	0	0	0	0	0	0	0
C	Marios	25	119	9	1	8_____	92000	15	1	0	0	0	0	0	0	0	0	0
C	Marios	25	119	9	1	8_____	93273	1	0	0	0	0	1	0	0	0	0	0
C	Marios	25	119	9	1	8_____	93358	1	0	0	0	0	0	0	0	0	1	0
C	Marios	25	119	9	1	8_____	94018	1	0	0	0	0	1	0	0	0	0	0
C	Marios	25	119	9	1	8_____	94056	1	0	0	0	0	0	0	0	0	1	0
C	Marios	25	119	9	1	8_____	94067	1	0	0	0	0	1	0	0	0	0	0
C	Marios	25	119	9	1	8_____	94071	1	0	0	0	0	0	0	0	0	1	0
C	Marios	25	119	9	1	8_____	94080	1	0	0	0	0	1	0	0	0	0	0
C	Marios	25	119	9	1	8_____	94117	1	0	0	0	0	0	0	0	0	1	0
C	Marios	25	119	9	1	8_____	96764	1	0	0	0	0	1	0	0	0	0	0
C	Marios	25	119	9	1	8_____	96766	1	0	0	0	0	0	0	0	0	1	0
C	Marios	25	119	9	1	8_____	96767	1	0	0	0	0	1	0	0	0	0	0
C	Marios	25	119	9	1	8_____	96935	1	0	0	0	0	0	0	0	0	1	0
C	Marios	25	119	9	1	8_____	96945	1	0	0	0	0	1	0	0	0	0	0
C	Marios	25	119	9	1	8_____	96976	1	0	0	0	0	0	0	0	0	1	0
C	Marios	25	119	9	1	8_____	98750	1	2	0	0	0	0	0	0	0	0	0
C	Marios	25	119	9	1	8_____	99250	2	6	0	0	0	0	0	0	0	0	0
C	Marios	25	119	9	1	8_____	99316	6	0	0	0	0	1	0	0	0	0	0
C	Marios	25	119	9	1	8_____	99345	6	0	0	0	0	0	0	0	0	1	0
C	Marios	25	119	9	1	8_____	99391	6	0	0	0	0	1	0	0	0	0	0
C	Marios	25	119	9	1	8_____	99744	6	0	0	0	0	0	0	0	0	1	0
C	Marios	25	119	9	1	8_____	99750	6	11	0	0	0	0	0	0	0	0	0
C	Marios	25	119	9	1	8_____	99770	11	0	0	0	0	1	0	0	0	0	0
C	Marios	25	119	9	1	8_____	100068	11	0	0	0	0	0	0	0	0	1	0
C	Marios	25	119	9	1	8_____	100081	11	0	0	0	0	1	0	0	0	0	0
C	Marios	25	119	9	1	8_____	100084	11	0	0	0	0	0	0	0	0	1	0
C	Marios	25	119	9	1	8_____	100093	11	0	0	0	0	1	0	0	0	0	0
C	Marios	25	119	9	1	8_____	100134	11	0	0	0	0	0	0	0	0	1	0
C	Marios	25	119	9	1	8_____	100190	11	0	0	0	0	1	0	0	0	0	0
C	Marios	25	119	9	1	8_____	100202	11	0	0	0	0	0	0	0	0	1	0
C	Marios	25	119	9	1	8_____	100250	11	1	0	0	0	0	0	0	0	0	0
C	Marios	25	119	9	1	8_____	100321	1	0	0	0	0	1	0	0	0	0	0
C	Marios	25	119	9	1	8_____	100334	1	0	0	0	0	0	0	0	0	1	0
C	Marios	25	119	9	1	8_____	100335	1	0	0	0	0	1	0	0	0	0	0
C	Marios	25	119	9	1	8_____	100338	1	0	0	0	0	0	0	0	0	1	0
C	Marios	25	119	9	1	8_____	100683	1	0	0	0	0	1	0	0	0	0	0
C	Marios	25	119	9	1	8_____	100930	1	0	0	0	0	0	0	0	0	1	0
C	Marios	25	119	9	1	8_____	103250	1	2	0	0	0	0	0	0	0	0	0
C	Marios	25	119	9	1	8_____	103750	2	7	0	0	0	0	0	0	0	0	0
C	Marios	25	119	9	1	8_____	103824	7	0	0	0	0	1	0	0	0	0	0
C	Marios	25	119	9	1	8_____	103853	7	0	0	0	0	0	0	0	0	1	0
C	Marios	25	119	9	1	8_____	103890	7	0	0	0	0	1	0	0	0	0	0
C	Marios	25	119	9	1	8_____	103914	7	0	0	0	0	0	0	0	0	1	0
C	Marios	25	119	9	1	8_____	103993	7	0	0	0	0	1	0	0	0	0	0
C	Marios	25	119	9	1	8_____	104022	7	0	0	0	0	0	0	0	0	1	0
C	Marios	25	119	9	1	8_____	104060	7	0	0	0	0	1	0	0	0	0	0
C	Marios	25	119	9	1	8_____	104183	7	0	0	0	0	0	0	0	0	1	0
C	Marios	25	119	9	1	8_____	104250	7	10	0	0	0	0	0	0	0	0	0
C	Marios	25	119	9	1	8_____	104271	10	0	0	0	0	1	0	0	0	0	0
C	Marios	25	119	9	1	8_____	104488	10	0	0	0	0	0	0	0	0	1	0
C	Marios	25	119	9	1	8_____	104490	10	0	0	0	0	1	0	0	0	0	0
C	Marios	25	119	9	1	8_____	104655	10	0	0	0	0	0	0	0	0	1	0
C	Marios	25	119	9	1	8_____	104750	10	1	0	0	0	0	0	0	0	0	0
C	Marios	25	119	9	1	8_____	106122	1	0	0	0	0	1	0	0	0	0	0
C	Marios	25	119	9	1	8_____	106126	1	0	0	0	0	0	0	0	0	1	0
C	Marios	25	119	9	1	8_____	106142	1	0	0	0	0	1	0	0	0	0	0
C	Marios	25	119	9	1	8_____	106182	1	0	0	0	0	0	0	0	0	1	0
C	Marios	25	119	9	1	8_____	106187	1	0	0	0	0	1	0	0	0	0	0
C	Marios	25	119	9	1	8_____	106205	1	0	0	0	0	0	0	0	0	1	0
C	Marios	25	119	9	1	8_____	107411	1	0	0	0	0	1	0	0	0	0	0
C	Marios	25	119	9	1	8_____	107413	1	0	0	0	0	0	0	0	0	1	0
C	Marios	25	119	9	1	8_____	107426	1	0	0	0	0	1	0	0	0	0	0
C	Marios	25	119	9	1	8_____	107428	1	0	0	0	0	0	0	0	0	1	0
C	Marios	25	119	9	1	8_____	107460	1	0	0	0	0	1	0	0	0	0	0
C	Marios	25	119	9	1	8_____	107723	1	0	0	0	0	0	0	0	0	1	0
C	Marios	25	119	9	1	8_____	107784	1	0	0	0	0	1	0	0	0	0	0
C	Marios	25	119	9	1	8_____	107786	1	0	0	0	0	0	0	0	0	1	0
C	Marios	25	119	9	1	8_____	107974	1	0	0	0	0	1	0	0	0	0	0
C	Marios	25	119	9	1	8_____	107978	1	0	0	0	0	0	0	0	0	1	0
C	Marios	25	119	9	1	8_____	107984	1	0	0	0	0	1	0	0	0	0	0
C	Marios	25	119	9	1	8_____	108067	1	0	0	0	0	0	0	0	0	1	0
C	Marios	25	119	9	1	8_____	108081	1	0	0	0	0	1	0	0	0	0	0
C	Marios	25	119	9	1	8_____	108171	1	0	0	0	0	0	0	0	0	1	0
C	Marios	25	119	9	1	8_____	108228	1	0	0	0	0	1	0	0	0	0	0
C	Marios	25	119	9	1	8_____	108242	1	0	0	0	0	0	0	0	0	1	0
C	Marios	25	119	9	1	8_____	108243	1	0	0	0	0	1	0	0	0	0	0
C	Marios	25	119	9	1	8_____	108278	1	0	0	0	0	0	0	0	0	1	0
C	Marios	25	119	9	1	8_____	108297	1	0	0	0	0	1	0	0	0	0	0
C	Marios	25	119	9	1	8_____	108298	1	0	0	0	0	0	0	0	0	1	0
C	Marios	25	119	9	1	8_____	108396	1	0	0	0	0	1	0	0	0	0	0
C	Marios	25	119	9	1	8_____	108417	1	0	0	0	0	0	0	0	0	1	0
C	Marios	25	119	9	1	8_____	108423	1	0	0	0	0	1	0	0	0	0	0
C	Marios	25	119	9	1	8_____	108438	1	0	0	0	0	0	0	0	0	1	0
C	Marios	25	119	9	1	8_____	108452	1	0	0	0	0	1	0	0	0	0	0
C	Marios	25	119	9	1	8_____	108461	1	0	0	0	0	0	0	0	0	1	0
C	Marios	25	119	9	1	8_____	108462	1	0	0	0	0	1	0	0	0	0	0
C	Marios	25	119	9	1	8_____	108562	1	0	0	0	0	0	0	0	0	1	0
C	Marios	25	119	9	1	8_____	108679	1	0	0	0	0	1	0	0	0	0	0
C	Marios	25	119	9	1	8_____	108726	1	0	0	0	0	0	0	0	0	1	0
C	Marios	25	119	9	1	8_____	108774	1	0	0	0	0	1	0	0	0	0	0
C	Marios	25	119	9	1	8_____	108776	1	0	0	0	0	1	0	0	0	1	0
C	Marios	25	119	9	1	8_____	108778	1	0	0	0	0	0	0	0	0	1	0
C	Marios	25	119	9	1	8_____	108779	1	0	0	0	0	1	0	0	0	0	0
C	Marios	25	119	9	1	8_____	108788	1	0	0	0	0	0	0	0	0	1	0
C	Marios	25	119	9	1	8_____	108798	1	0	0	0	0	1	0	0	0	0	0
C	Marios	25	119	9	1	8_____	108823	1	0	0	0	0	0	0	0	0	1	0
C	Marios	25	119	9	1	8_____	108840	1	0	0	0	0	1	0	0	0	0	0
C	Marios	25	119	9	1	8_____	108900	1	0	0	0	0	0	0	0	0	1	0
C	Marios	25	119	9	1	8_____	109483	1	0	0	0	0	1	0	0	0	0	0
C	Marios	25	119	9	1	8_____	109502	1	0	0	0	0	0	0	0	0	1	0
C	Marios	25	119	9	1	8_____	109531	1	0	0	0	0	1	0	0	0	0	0
C	Marios	25	119	9	1	8_____	109536	1	0	0	0	0	0	0	0	0	1	0
C	Marios	25	119	9	1	8_____	109582	1	0	0	0	0	1	0	0	0	0	0
C	Marios	25	119	9	1	8_____	109785	1	0	0	0	0	0	0	0	0	1	0
C	Marios	25	119	9	1	8_____	110405	1	0	0	0	0	1	0	0	0	0	0
C	Marios	25	119	9	1	8_____	110433	1	0	0	0	0	0	0	0	0	1	0
C	Marios	25	119	9	1	8_____	110482	1	0	0	0	0	1	0	0	0	0	0
C	Marios	25	119	9	1	8_____	110505	1	0	0	0	0	1	0	0	0	1	0
C	Marios	25	119	9	1	8_____	110515	1	0	0	0	0	0	0	0	0	1	0
C	Marios	25	119	9	1	8_____	110535	1	0	0	0	0	1	0	0	0	0	0
C	Marios	25	119	9	1	8_____	110537	1	0	0	0	0	0	0	0	0	1	0
C	Marios	25	119	9	1	8_____	110552	1	0	0	0	0	1	0	0	0	0	0
C	Marios	25	119	9	1	8_____	110565	1	0	0	0	0	0	0	0	0	1	0
C	Marios	25	119	9	1	8_____	110566	1	0	0	0	0	1	0	0	0	0	0
C	Marios	25	119	9	1	8_____	110571	1	0	0	0	0	0	0	0	0	1	0
C	Marios	25	119	9	1	8_____	110576	1	0	0	0	0	1	0	0	0	0	0
C	Marios	25	119	9	1	8_____	110579	1	0	0	0	0	0	0	0	0	1	0
C	Marios	25	119	9	1	8_____	110588	1	0	0	0	0	1	0	0	0	0	0
C	Marios	25	119	9	1	8_____	110692	1	0	0	0	0	0	0	0	0	1	0
C	Marios	25	119	9	1	8_____	110739	1	0	0	0	0	1	0	0	0	0	0
C	Marios	25	119	9	1	8_____	110741	1	0	0	0	0	0	0	0	0	1	0
C	Marios	25	119	9	1	8_____	110750	1	2	0	0	0	0	0	0	0	0	0
C	Marios	25	119	9	1	8_____	111003	2	0	0	0	0	1	0	0	0	0	0
C	Marios	25	119	9	1	8_____	111020	2	0	0	0	0	0	0	0	0	1	0
C	Marios	25	119	9	1	8_____	111068	2	0	0	0	0	1	0	0	0	0	0
C	Marios	25	119	9	1	8_____	111100	2	0	0	0	0	0	0	0	0	1	0
C	Marios	25	119	9	1	8_____	111160	2	0	0	0	0	1	0	0	0	0	0
C	Marios	25	119	9	1	8_____	111164	2	0	0	0	0	0	0	0	0	1	0
C	Marios	25	119	9	1	8_____	111166	2	0	0	0	0	1	0	0	0	0	0
C	Marios	25	119	9	1	8_____	111178	2	0	0	0	0	0	0	0	0	1	0
C	Marios	25	119	9	1	8_____	111250	2	17	0	0	0	0	0	0	0	0	0
C	Marios	25	119	9	1	8_____	111535	17	0	0	0	0	1	0	0	0	0	0
C	Marios	25	119	9	1	8_____	111564	17	0	0	0	0	0	0	0	0	1	0
C	Marios	25	119	9	1	8_____	111750	17	15	0	0	0	0	0	0	0	0	0
C	Marios	25	119	9	1	8_____	112239	15	0	0	0	0	1	0	0	0	0	0
C	Marios	25	119	9	1	8_____	112244	15	0	0	0	0	0	0	0	0	1	0
C	Marios	25	119	9	1	8_____	112246	15	0	0	0	0	1	0	0	0	0	0
C	Marios	25	119	9	1	8_____	112247	15	0	0	0	0	0	0	0	0	1	0
C	Marios	25	119	9	1	8_____	112250	15	1	0	0	0	0	0	0	0	0	0
C	Marios	25	119	9	1	8_____	113307	1	0	0	0	0	1	0	0	0	0	0
C	Marios	25	119	9	1	8_____	113344	1	0	0	0	0	0	0	0	0	1	0
C	Marios	25	119	9	1	8_____	113364	1	0	0	0	0	1	0	0	0	0	0
C	Marios	25	119	9	1	8_____	113366	1	0	0	0	0	0	0	0	0	1	0
C	Marios	25	119	9	1	8_____	113419	1	0	0	0	0	1	0	0	0	0	0
C	Marios	25	119	9	1	8_____	113480	1	0	0	0	0	0	0	0	0	1	0
C	Marios	25	119	9	1	8_____	113536	1	0	0	0	0	1	0	0	0	0	0
C	Marios	25	119	9	1	8_____	113539	1	0	0	0	0	0	0	0	0	1	0
C	Marios	25	119	9	1	8_____	113578	1	0	0	0	0	1	0	0	0	0	0
C	Marios	25	119	9	1	8_____	113580	1	0	0	0	0	0	0	0	0	1	0
C	Marios	25	119	9	1	8_____	113582	1	0	0	0	0	1	0	0	0	0	0
C	Marios	25	119	9	1	8_____	113741	1	0	0	0	0	0	0	0	0	1	0
C	Marios	25	119	9	1	8_____	113766	1	0	0	0	0	1	0	0	0	0	0
C	Marios	25	119	9	1	8_____	113908	1	0	0	0	0	0	0	0	0	1	0
C	Marios	25	119	9	1	8_____	113914	1	0	0	0	0	1	0	0	0	0	0
C	Marios	25	119	9	1	8_____	113927	1	0	0	0	0	0	0	0	0	1	0
C	Marios	25	119	9	1	8_____	113955	1	0	0	0	0	1	0	0	0	0	0
C	Marios	25	119	9	1	8_____	114029	1	0	0	0	0	0	0	0	0	1	0
C	Marios	25	119	9	1	8_____	114126	1	0	0	0	0	1	0	0	0	0	0
C	Marios	25	119	9	1	8_____	114136	1	0	0	0	0	0	0	0	0	1	0
C	Marios	25	119	9	1	8_____	114169	1	0	0	0	0	1	0	0	0	0	0
C	Marios	25	119	9	1	8_____	114184	1	0	0	0	0	0	0	0	0	1	0
C	Marios	25	119	9	1	8_____	114204	1	0	0	0	0	1	0	0	0	0	0
C	Marios	25	119	9	1	8_____	114206	1	0	0	0	0	0	0	0	0	1	0
C	Marios	25	119	9	1	8_____	114207	1	0	0	0	0	1	0	0	0	0	0
C	Marios	25	119	9	1	8_____	114212	1	0	0	0	0	0	0	0	0	1	0
C	Marios	25	119	9	1	8_____	114229	1	0	0	0	0	1	0	0	0	0	0
C	Marios	25	119	9	1	8_____	114279	1	0	0	0	0	0	0	0	0	1	0
C	Marios	25	119	9	1	8_____	114310	1	0	0	0	0	1	0	0	0	0	0
C	Marios	25	119	9	1	8_____	114319	1	0	0	0	0	0	0	0	0	1	0
C	Marios	25	119	9	1	8_____	114324	1	0	0	0	0	1	0	0	0	0	0
C	Marios	25	119	9	1	8_____	114345	1	0	0	0	0	0	0	0	0	1	0
C	Marios	25	119	9	1	8_____	116202	1	0	0	0	0	1	0	0	0	0	0
C	Marios	25	119	9	1	8_____	116381	1	0	0	0	0	0	0	0	0	1	0
C	Marios	25	119	9	1	8_____	117500	1	2	0	0	0	0	0	0	0	0	0
C	Marios	25	119	9	1	8_____	118000	2	16	0	0	0	0	0	0	0	0	0
C	Marios	25	119	9	1	8_____	118500	16	15	0	0	0	0	0	0	0	0	0
C	Marios	25	119	9	1	8_____	118641	15	0	0	0	0	1	0	0	0	0	0
C	Marios	25	119	9	1	8_____	118698	15	0	0	0	0	0	0	0	0	1	0
C	Marios	25	119	9	1	8_____	118958	15	0	0	0	0	1	0	0	0	0	0
C	Marios	25	119	9	1	8_____	119000	15	1	0	0	0	0	0	0	0	0	0
C	Marios	25	119	9	1	8_____	119007	1	0	0	0	0	0	0	0	0	1	0
C	Marios	25	119	9	1	8_____	119532	1	0	0	0	0	1	0	0	0	0	0
C	Marios	25	119	9	1	8_____	119626	1	0	0	0	0	0	0	0	0	1	0
C	Marios	25	119	9	1	8_____	119749	1	0	0	0	0	1	0	0	0	0	0
C	Marios	25	119	9	1	8_____	119912	1	0	0	0	0	0	0	0	0	1	0
C	Marios	25	119	9	1	8_____	120110	1	0	0	0	0	1	0	0	0	0	0
C	Marios	25	119	9	1	8_____	120181	1	0	0	0	0	0	0	0	0	1	0
C	Marios	25	119	9	1	8_____	121250	1	2	0	0	0	0	0	0	0	0	0
C	Marios	25	119	9	1	8_____	121692	2	0	0	0	0	1	0	0	0	0	0
C	Marios	25	119	9	1	8_____	121694	2	0	0	0	0	0	0	0	0	1	0
C	Marios	25	119	9	1	8_____	121750	2	16	0	0	0	0	0	0	0	0	0
C	Marios	25	119	9	1	8_____	122250	16	15	0	0	0	0	0	0	0	0	0
C	Marios	25	119	9	1	8_____	122750	15	1	0	0	0	0	0	0	0	0	0
C	Marios	25	119	9	1	8_____	122827	1	0	0	0	0	1	0	0	0	0	0
C	Marios	25	119	9	1	8_____	122832	1	0	0	0	0	0	0	0	0	1	0
C	Marios	25	119	9	1	8_____	122837	1	0	0	0	0	1	0	0	0	0	0
C	Marios	25	119	9	1	8_____	122858	1	0	0	0	0	0	0	0	0	1	0
C	Marios	25	119	9	1	8_____	123645	1	0	0	0	0	1	0	0	0	0	0
C	Marios	25	119	9	1	8_____	123680	1	0	0	0	0	0	0	0	0	1	0
C	Marios	25	119	9	1	8_____	124656	1	0	0	0	0	1	0	0	0	0	0
C	Marios	25	119	9	1	8_____	124763	1	0	0	0	0	0	0	0	0	1	0
C	Marios	25	119	9	1	8_____	127184	1	0	0	0	0	1	0	0	0	0	0
C	Marios	25	119	9	1	8_____	127346	1	0	0	0	0	0	0	0	0	1	0
C	Marios	25	119	9	1	8_____	128250	1	2	0	0	0	0	0	0	0	0	0
C	Marios	25	119	9	1	8_____	128750	2	7	0	0	0	0	0	0	0	0	0
C	Marios	25	119	9	1	8_____	128807	7	0	0	0	0	1	0	0	0	0	0
C	Marios	25	119	9	1	8_____	128852	7	0	0	0	0	0	0	0	0	1	0
C	Marios	25	119	9	1	8_____	128906	7	0	0	0	0	1	0	0	0	0	0
C	Marios	25	119	9	1	8_____	128938	7	0	0	0	0	0	0	0	0	1	0
C	Marios	25	119	9	1	8_____	129011	7	0	0	0	0	1	0	0	0	0	0
C	Marios	25	119	9	1	8_____	129065	7	0	0	0	0	0	0	0	0	1	0
C	Marios	25	119	9	1	8_____	129087	7	0	0	0	0	1	0	0	0	0	0
C	Marios	25	119	9	1	8_____	129125	7	0	0	0	0	0	0	0	0	1	0
C	Marios	25	119	9	1	8_____	129222	7	0	0	0	0	1	0	0	0	0	0
C	Marios	25	119	9	1	8_____	129250	7	10	0	0	0	0	0	0	0	0	0
C	Marios	25	119	9	1	8_____	129742	10	0	0	0	0	0	0	0	0	1	0
C	Marios	25	119	9	1	8_____	129750	10	1	0	0	0	0	0	0	0	0	0
C	Marios	25	119	9	1	8_____	134250	1	2	0	0	0	0	0	0	0	0	0
C	Marios	25	119	9	1	8_____	134348	2	0	0	0	0	1	0	0	0	0	0
C	Marios	25	119	9	1	8_____	134389	2	0	0	0	0	0	0	0	0	1	0
C	Marios	25	119	9	1	8_____	134750	2	17	0	0	0	0	0	0	0	0	0
C	Marios	25	119	9	1	8_____	135250	17	15	0	0	0	0	0	0	0	0	0
C	Marios	25	119	9	1	8_____	135259	15	0	0	0	0	1	0	0	0	0	0
C	Marios	25	119	9	1	8_____	135341	15	0	0	0	0	0	0	0	0	1	0
C	Marios	25	119	9	1	8_____	135549	15	0	0	0	0	1	0	0	0	0	0
C	Marios	25	119	9	1	8_____	135591	15	0	0	0	0	0	0	0	0	1	0
C	Marios	25	119	9	1	8_____	135750	15	1	0	0	0	0	0	0	0	0	0
C	Marios	25	119	9	1	8_____	136388	1	0	0	0	0	1	0	0	0	0	0
C	Marios	25	119	9	1	8_____	136468	1	0	0	0	0	0	0	0	0	1	0
C	Marios	25	119	9	1	8_____	137250	1	2	0	0	0	0	0	0	0	0	0
C	Marios	25	119	9	1	8_____	137750	2	6	0	0	0	0	0	0	0	0	0
C	Marios	25	119	9	1	8_____	137809	6	0	0	0	0	1	0	0	0	0	0
C	Marios	25	119	9	1	8_____	137897	6	0	0	0	0	0	0	0	0	1	0
C	Marios	25	119	9	1	8_____	137937	6	0	0	0	0	1	0	0	0	0	0
C	Marios	25	119	9	1	8_____	138059	6	0	0	0	0	0	0	0	0	1	0
C	Marios	25	119	9	1	8_____	138074	6	0	0	0	0	1	0	0	0	0	0
C	Marios	25	119	9	1	8_____	138196	6	0	0	0	0	0	0	0	0	1	0
C	Marios	25	119	9	1	8_____	138204	6	0	0	0	0	1	0	0	0	0	0
C	Marios	25	119	9	1	8_____	138213	6	0	0	0	0	0	0	0	0	1	0
C	Marios	25	119	9	1	8_____	138235	6	0	0	0	0	1	0	0	0	0	0
C	Marios	25	119	9	1	8_____	138250	6	11	0	0	0	0	0	0	0	0	0
C	Marios	25	119	9	1	8_____	138252	11	0	0	0	0	0	0	0	0	1	0
C	Marios	25	119	9	1	8_____	138262	11	0	0	0	0	1	0	0	0	0	0
C	Marios	25	119	9	1	8_____	138499	11	0	0	0	0	0	0	0	0	1	0
C	Marios	25	119	9	1	8_____	138747	11	0	0	0	0	1	0	0	0	0	0
C	Marios	25	119	9	1	8_____	138750	11	1	0	0	0	0	0	0	0	0	0
C	Marios	25	119	9	1	8_____	138771	1	0	0	0	0	0	0	0	0	1	0
C	Marios	25	119	9	1	8_____	139964	1	0	0	0	0	1	0	0	0	0	0
C	Marios	25	119	9	1	8_____	139981	1	0	0	0	0	0	0	0	0	1	0
C	Marios	25	119	9	1	8_____	139999	1	0	0	0	0	1	0	0	0	0	0
C	Marios	25	119	9	1	8_____	140099	1	0	0	0	0	0	0	0	0	1	0
C	Marios	25	119	9	1	8_____	140354	1	0	0	0	0	1	0	0	0	0	0
C	Marios	25	119	9	1	8_____	140355	1	0	0	0	0	0	0	0	0	1	0
C	Marios	25	119	9	1	8_____	142500	1	2	0	0	0	0	0	0	0	0	0
C	Marios	25	119	9	1	8_____	143000	2	17	0	0	0	0	0	0	0	0	0
C	Marios	25	119	9	1	8_____	143466	17	0	0	0	0	1	0	0	0	0	0
C	Marios	25	119	9	1	8_____	143483	17	0	0	0	0	0	0	0	0	1	0
C	Marios	25	119	9	1	8_____	143500	17	15	0	0	0	0	0	0	0	0	0
C	Marios	25	119	9	1	8_____	143528	15	0	0	0	0	1	0	0	0	0	0
C	Marios	25	119	9	1	8_____	143594	15	0	0	0	0	0	0	0	0	1	0
C	Marios	25	119	9	1	8_____	143720	15	0	0	0	0	1	0	0	0	0	0
C	Marios	25	119	9	1	8_____	143743	15	0	0	0	0	0	0	0	0	1	0
C	Marios	25	119	9	1	8_____	143836	15	0	0	0	0	1	0	0	0	0	0
C	Marios	25	119	9	1	8_____	143913	15	0	0	0	0	0	0	0	0	1	0
C	Marios	25	119	9	1	8_____	144000	15	14	0	0	0	0	0	0	0	0	0
C	Marios	25	119	9	1	8_____	145542	14	0	0	0	0	1	0	0	0	0	0
C	Marios	25	119	9	1	8_____	145548	14	0	0	0	0	0	0	0	0	1	0
C	Marios	25	119	9	1	8_____	145552	14	0	0	0	0	1	0	0	0	0	0
C	Marios	25	119	9	1	8_____	145592	14	0	0	0	0	0	0	0	0	1	0
C	Marios	25	119	9	1	8_____	146267	14	0	0	0	0	1	0	0	0	0	0
C	Marios	25	119	9	1	8_____	146350	14	0	0	0	0	0	0	0	0	1	0
C	Marios	25	119	9	1	8_____	146808	14	0	0	0	0	1	0	0	0	0	0
C	Marios	25	119	9	1	8_____	146811	14	0	0	0	0	0	0	0	0	1	0
C	Marios	25	119	9	1	8_____	147000	14	-1	0	0	0	0	0	0	0	0	0
C	Marios	25	119	13	1	33____	0	0	1	0	0	0	0	0	0	0	0	0
C	Marios	25	119	13	1	33____	32	1	0	0	0	0	1	0	0	0	0	0
C	Marios	25	119	13	1	33____	35	1	0	0	0	0	0	0	0	0	1	0
C	Marios	25	119	13	1	33____	44	1	0	0	0	0	1	0	0	0	0	0
C	Marios	25	119	13	1	33____	47	1	0	0	0	0	0	0	0	0	1	0
C	Marios	25	119	13	1	33____	48	1	0	0	0	0	1	0	0	0	0	0
C	Marios	25	119	13	1	33____	50	1	0	0	0	0	0	0	0	0	1	0
C	Marios	25	119	13	1	33____	1552	1	0	0	0	0	1	0	0	0	0	0
C	Marios	25	119	13	1	33____	1555	1	0	0	0	0	0	0	0	0	1	0
C	Marios	25	119	13	1	33____	1588	1	0	0	0	0	1	0	0	0	0	0
C	Marios	25	119	13	1	33____	1618	1	0	0	0	0	0	0	0	0	1	0
C	Marios	25	119	13	1	33____	3245	1	0	0	0	0	1	0	0	0	0	0
C	Marios	25	119	13	1	33____	3250	1	0	0	0	0	0	0	0	0	1	0
C	Marios	25	119	13	1	33____	3263	1	0	0	0	0	1	0	0	0	0	0
C	Marios	25	119	13	1	33____	3288	1	0	0	0	0	0	0	0	0	1	0
C	Marios	25	119	13	1	33____	3500	1	2	0	0	0	0	0	0	0	0	0
C	Marios	25	119	13	1	33____	4000	2	16	0	0	0	0	0	0	0	0	0
C	Marios	25	119	13	1	33____	4500	16	15	0	0	0	0	0	0	0	0	0
C	Marios	25	119	13	1	33____	5000	15	1	0	0	0	0	0	0	0	0	0
C	Marios	25	119	13	1	33____	6889	1	0	0	0	0	1	0	0	0	0	0
C	Marios	25	119	13	1	33____	6976	1	0	0	0	0	0	0	0	0	1	0
C	Marios	25	119	13	1	33____	7074	1	0	0	0	0	1	0	0	0	0	0
C	Marios	25	119	13	1	33____	7079	1	0	0	0	0	1	0	0	0	1	0
C	Marios	25	119	13	1	33____	7088	1	0	0	0	0	1	0	0	0	1	0
C	Marios	25	119	13	1	33____	7090	1	0	0	0	0	0	0	0	0	1	0
C	Marios	25	119	13	1	33____	7103	1	0	0	0	0	1	0	0	0	0	0
C	Marios	25	119	13	1	33____	7124	1	0	0	0	0	0	0	0	0	1	0
C	Marios	25	119	13	1	33____	7152	1	0	0	0	0	1	0	0	0	0	0
C	Marios	25	119	13	1	33____	7179	1	0	0	0	0	0	0	0	0	1	0
C	Marios	25	119	13	1	33____	7286	1	0	0	0	0	1	0	0	0	0	0
C	Marios	25	119	13	1	33____	7377	1	0	0	0	0	0	0	0	0	1	0
C	Marios	25	119	13	1	33____	9278	1	0	0	0	0	1	0	0	0	0	0
C	Marios	25	119	13	1	33____	9297	1	0	0	0	0	0	0	0	0	1	0
C	Marios	25	119	13	1	33____	10250	1	2	0	0	0	0	0	0	0	0	0
C	Marios	25	119	13	1	33____	10589	2	0	0	0	0	1	0	0	0	0	0
C	Marios	25	119	13	1	33____	10632	2	0	0	0	0	0	0	0	0	1	0
C	Marios	25	119	13	1	33____	10750	2	16	0	0	0	0	0	0	0	0	0
C	Marios	25	119	13	1	33____	11250	16	15	0	0	0	0	0	0	0	0	0
C	Marios	25	119	13	1	33____	11750	15	1	0	0	0	0	0	0	0	0	0
C	Marios	25	119	13	1	33____	13768	1	0	0	0	0	1	0	0	0	0	0
C	Marios	25	119	13	1	33____	13786	1	0	0	0	0	0	0	0	0	1	0
C	Marios	25	119	13	1	33____	14539	1	0	0	0	0	1	0	0	0	0	0
C	Marios	25	119	13	1	33____	14552	1	0	0	0	0	0	0	0	0	1	0
C	Marios	25	119	13	1	33____	15052	1	0	0	0	0	1	0	0	0	0	0
C	Marios	25	119	13	1	33____	15054	1	0	0	0	0	0	0	0	0	1	0
C	Marios	25	119	13	1	33____	15062	1	0	0	0	0	1	0	0	0	0	0
C	Marios	25	119	13	1	33____	15133	1	0	0	0	0	0	0	0	0	1	0
C	Marios	25	119	13	1	33____	16250	1	2	0	0	0	0	0	0	0	0	0
C	Marios	25	119	13	1	33____	16675	2	0	0	0	0	1	0	0	0	0	0
C	Marios	25	119	13	1	33____	16711	2	0	0	0	0	0	0	0	0	1	0
C	Marios	25	119	13	1	33____	16750	2	17	0	0	0	0	0	0	0	0	0
C	Marios	25	119	13	1	33____	16842	17	0	0	0	0	1	0	0	0	0	0
C	Marios	25	119	13	1	33____	16863	17	0	0	0	0	0	0	0	0	1	0
C	Marios	25	119	13	1	33____	17250	17	15	0	0	0	0	0	0	0	0	0
C	Marios	25	119	13	1	33____	17750	15	1	0	0	0	0	0	0	0	0	0
C	Marios	25	119	13	1	33____	17919	1	0	0	0	0	1	0	0	0	0	0
C	Marios	25	119	13	1	33____	17921	1	0	0	0	0	0	0	0	0	1	0
C	Marios	25	119	13	1	33____	17922	1	0	0	0	0	1	0	0	0	0	0
C	Marios	25	119	13	1	33____	18007	1	0	0	0	0	0	0	0	0	1	0
C	Marios	25	119	13	1	33____	19024	1	0	0	0	0	1	0	0	0	0	0
C	Marios	25	119	13	1	33____	19031	1	0	0	0	0	0	0	0	0	1	0
C	Marios	25	119	13	1	33____	21500	1	2	0	0	0	0	0	0	0	0	0
C	Marios	25	119	13	1	33____	22000	2	7	0	0	0	0	0	0	0	0	0
C	Marios	25	119	13	1	33____	22366	7	0	0	0	0	1	0	0	0	0	0
C	Marios	25	119	13	1	33____	22383	7	0	0	0	0	0	0	0	0	1	0
C	Marios	25	119	13	1	33____	22431	7	0	0	0	0	1	0	0	0	0	0
C	Marios	25	119	13	1	33____	22500	7	10	0	0	0	0	0	0	0	0	0
C	Marios	25	119	13	1	33____	22660	10	0	0	0	0	0	0	0	0	1	0
C	Marios	25	119	13	1	33____	22663	10	0	0	0	0	1	0	0	0	0	0
C	Marios	25	119	13	1	33____	22711	10	0	0	0	0	0	0	0	0	1	0
C	Marios	25	119	13	1	33____	22712	10	0	0	0	0	1	0	0	0	0	0
C	Marios	25	119	13	1	33____	22722	10	0	0	0	0	0	0	0	0	1	0
C	Marios	25	119	13	1	33____	22755	10	0	0	0	0	1	0	0	0	0	0
C	Marios	25	119	13	1	33____	22776	10	0	0	0	0	0	0	0	0	1	0
C	Marios	25	119	13	1	33____	22813	10	0	0	0	0	1	0	0	0	0	0
C	Marios	25	119	13	1	33____	22841	10	0	0	0	0	0	0	0	0	1	0
C	Marios	25	119	13	1	33____	22842	10	0	0	0	0	1	0	0	0	0	0
C	Marios	25	119	13	1	33____	22853	10	0	0	0	0	0	0	0	0	1	0
C	Marios	25	119	13	1	33____	23000	10	1	0	0	0	0	0	0	0	0	0
C	Marios	25	119	13	1	33____	23138	1	0	0	0	0	1	0	0	0	0	0
C	Marios	25	119	13	1	33____	23175	1	0	0	0	0	0	0	0	0	1	0
C	Marios	25	119	13	1	33____	24500	1	2	0	0	0	0	0	0	0	0	0
C	Marios	25	119	13	1	33____	25000	2	6	0	0	0	0	0	0	0	0	0
C	Marios	25	119	13	1	33____	25093	6	0	0	0	0	1	0	0	0	0	0
C	Marios	25	119	13	1	33____	25207	6	0	0	0	0	0	0	0	0	1	0
C	Marios	25	119	13	1	33____	25254	6	0	0	0	0	1	0	0	0	0	0
C	Marios	25	119	13	1	33____	25289	6	0	0	0	0	0	0	0	0	1	0
C	Marios	25	119	13	1	33____	25304	6	0	0	0	0	1	0	0	0	0	0
C	Marios	25	119	13	1	33____	25325	6	0	0	0	0	0	0	0	0	1	0
C	Marios	25	119	13	1	33____	25360	6	0	0	0	0	1	0	0	0	0	0
C	Marios	25	119	13	1	33____	25468	6	0	0	0	0	0	0	0	0	1	0
C	Marios	25	119	13	1	33____	25500	6	11	0	0	0	0	0	0	0	0	0
C	Marios	25	119	13	1	33____	25515	11	0	0	0	0	1	0	0	0	0	0
C	Marios	25	119	13	1	33____	25718	11	0	0	0	0	0	0	0	0	1	0
C	Marios	25	119	13	1	33____	25721	11	0	0	0	0	1	0	0	0	0	0
C	Marios	25	119	13	1	33____	25727	11	0	0	0	0	0	0	0	0	1	0
C	Marios	25	119	13	1	33____	25728	11	0	0	0	0	1	0	0	0	0	0
C	Marios	25	119	13	1	33____	25740	11	0	0	0	0	0	0	0	0	1	0
C	Marios	25	119	13	1	33____	26000	11	1	0	0	0	0	0	0	0	0	0
C	Marios	25	119	13	1	33____	28165	1	0	0	0	0	1	0	0	0	0	0
C	Marios	25	119	13	1	33____	28250	1	2	0	0	0	0	0	0	0	0	0
C	Marios	25	119	13	1	33____	28319	2	0	0	0	0	0	0	0	0	1	0
C	Marios	25	119	13	1	33____	28750	2	17	0	0	0	0	0	0	0	0	0
C	Marios	25	119	13	1	33____	29250	17	15	0	0	0	0	0	0	0	0	0
C	Marios	25	119	13	1	33____	29526	15	0	0	0	0	1	0	0	0	0	0
C	Marios	25	119	13	1	33____	29704	15	0	0	0	0	0	0	0	0	1	0
C	Marios	25	119	13	1	33____	29750	15	1	0	0	0	0	0	0	0	0	0
C	Marios	25	119	13	1	33____	34478	1	0	0	0	0	1	0	0	0	0	0
C	Marios	25	119	13	1	33____	34483	1	0	0	0	0	0	0	0	0	1	0
C	Marios	25	119	13	1	33____	34732	1	0	0	0	0	1	0	0	0	0	0
C	Marios	25	119	13	1	33____	34755	1	0	0	0	0	0	0	0	0	1	0
C	Marios	25	119	13	1	33____	34757	1	0	0	0	0	1	0	0	0	0	0
C	Marios	25	119	13	1	33____	34780	1	0	0	0	0	1	0	0	0	1	0
C	Marios	25	119	13	1	33____	34806	1	0	0	0	0	0	0	0	0	1	0
C	Marios	25	119	13	1	33____	35250	1	2	0	0	0	0	0	0	0	0	0
C	Marios	25	119	13	1	33____	35705	2	0	0	0	0	1	0	0	0	0	0
C	Marios	25	119	13	1	33____	35733	2	0	0	0	0	0	0	0	0	1	0
C	Marios	25	119	13	1	33____	35750	2	16	0	0	0	0	0	0	0	0	0
C	Marios	25	119	13	1	33____	35813	16	0	0	0	0	1	0	0	0	0	0
C	Marios	25	119	13	1	33____	35846	16	0	0	0	0	0	0	0	0	1	0
C	Marios	25	119	13	1	33____	35933	16	0	0	0	0	1	0	0	0	0	0
C	Marios	25	119	13	1	33____	36013	16	0	0	0	0	0	0	0	0	1	0
C	Marios	25	119	13	1	33____	36166	16	0	0	0	0	1	0	0	0	0	0
C	Marios	25	119	13	1	33____	36195	16	0	0	0	0	0	0	0	0	1	0
C	Marios	25	119	13	1	33____	36245	16	0	0	0	0	1	0	0	0	0	0
C	Marios	25	119	13	1	33____	36250	16	15	0	0	0	0	0	0	0	0	0
C	Marios	25	119	13	1	33____	36332	15	0	0	0	0	0	0	0	0	1	0
C	Marios	25	119	13	1	33____	36554	15	0	0	0	0	1	0	0	0	0	0
C	Marios	25	119	13	1	33____	36601	15	0	0	0	0	0	0	0	0	1	0
C	Marios	25	119	13	1	33____	36750	15	1	0	0	0	0	0	0	0	0	0
C	Marios	25	119	13	1	33____	39750	1	2	0	0	0	0	0	0	0	0	0
C	Marios	25	119	13	1	33____	40142	2	0	0	0	0	1	0	0	0	0	0
C	Marios	25	119	13	1	33____	40152	2	0	0	0	0	0	0	0	0	1	0
C	Marios	25	119	13	1	33____	40160	2	0	0	0	0	1	0	0	0	0	0
C	Marios	25	119	13	1	33____	40171	2	0	0	0	0	0	0	0	0	1	0
C	Marios	25	119	13	1	33____	40250	2	6	0	0	0	0	0	0	0	0	0
C	Marios	25	119	13	1	33____	40341	6	0	0	0	0	1	0	0	0	0	0
C	Marios	25	119	13	1	33____	40345	6	0	0	0	0	0	0	0	0	1	0
C	Marios	25	119	13	1	33____	40499	6	0	0	0	0	1	0	0	0	0	0
C	Marios	25	119	13	1	33____	40548	6	0	0	0	0	0	0	0	0	1	0
C	Marios	25	119	13	1	33____	40599	6	0	0	0	0	1	0	0	0	0	0
C	Marios	25	119	13	1	33____	40713	6	0	0	0	0	0	0	0	0	1	0
C	Marios	25	119	13	1	33____	40750	6	11	0	0	0	0	0	0	0	0	0
C	Marios	25	119	13	1	33____	40765	11	0	0	0	0	1	0	0	0	0	0
C	Marios	25	119	13	1	33____	41001	11	0	0	0	0	0	0	0	0	1	0
C	Marios	25	119	13	1	33____	41003	11	0	0	0	0	1	0	0	0	0	0
C	Marios	25	119	13	1	33____	41005	11	0	0	0	0	0	0	0	0	1	0
C	Marios	25	119	13	1	33____	41009	11	0	0	0	0	1	0	0	0	0	0
C	Marios	25	119	13	1	33____	41014	11	0	0	0	0	0	0	0	0	1	0
C	Marios	25	119	13	1	33____	41016	11	0	0	0	0	1	0	0	0	0	0
C	Marios	25	119	13	1	33____	41029	11	0	0	0	0	0	0	0	0	1	0
C	Marios	25	119	13	1	33____	41030	11	0	0	0	0	1	0	0	0	0	0
C	Marios	25	119	13	1	33____	41044	11	0	0	0	0	0	0	0	0	1	0
C	Marios	25	119	13	1	33____	41047	11	0	0	0	0	1	0	0	0	0	0
C	Marios	25	119	13	1	33____	41059	11	0	0	0	0	0	0	0	0	1	0
C	Marios	25	119	13	1	33____	41099	11	0	0	0	0	1	0	0	0	0	0
C	Marios	25	119	13	1	33____	41107	11	0	0	0	0	1	0	0	0	1	0
C	Marios	25	119	13	1	33____	41112	11	0	0	0	0	1	0	0	0	1	0
C	Marios	25	119	13	1	33____	41114	11	0	0	0	0	0	0	0	0	1	0
C	Marios	25	119	13	1	33____	41120	11	0	0	0	0	1	0	0	0	0	0
C	Marios	25	119	13	1	33____	41122	11	0	0	0	0	0	0	0	0	1	0
C	Marios	25	119	13	1	33____	41164	11	0	0	0	0	1	0	0	0	0	0
C	Marios	25	119	13	1	33____	41202	11	0	0	0	0	0	0	0	0	1	0
C	Marios	25	119	13	1	33____	41219	11	0	0	0	0	1	0	0	0	0	0
C	Marios	25	119	13	1	33____	41221	11	0	0	0	0	0	0	0	0	1	0
C	Marios	25	119	13	1	33____	41230	11	0	0	0	0	1	0	0	0	0	0
C	Marios	25	119	13	1	33____	41250	11	1	0	0	0	0	0	0	0	0	0
C	Marios	25	119	13	1	33____	41261	1	0	0	0	0	0	0	0	0	1	0
C	Marios	25	119	13	1	33____	41264	1	0	0	0	0	1	0	0	0	0	0
C	Marios	25	119	13	1	33____	41268	1	0	0	0	0	0	0	0	0	1	0
C	Marios	25	119	13	1	33____	41275	1	0	0	0	0	1	0	0	0	0	0
C	Marios	25	119	13	1	33____	41284	1	0	0	0	0	0	0	0	0	1	0
C	Marios	25	119	13	1	33____	41290	1	0	0	0	0	1	0	0	0	0	0
C	Marios	25	119	13	1	33____	41297	1	0	0	0	0	0	0	0	0	1	0
C	Marios	25	119	13	1	33____	41298	1	0	0	0	0	1	0	0	0	0	0
C	Marios	25	119	13	1	33____	41300	1	0	0	0	0	0	0	0	0	1	0
C	Marios	25	119	13	1	33____	41408	1	0	0	0	0	1	0	0	0	0	0
C	Marios	25	119	13	1	33____	41425	1	0	0	0	0	0	0	0	0	1	0
C	Marios	25	119	13	1	33____	41431	1	0	0	0	0	1	0	0	0	0	0
C	Marios	25	119	13	1	33____	41433	1	0	0	0	0	0	0	0	0	1	0
C	Marios	25	119	13	1	33____	41565	1	0	0	0	0	1	0	0	0	0	0
C	Marios	25	119	13	1	33____	41587	1	0	0	0	0	0	0	0	0	1	0
C	Marios	25	119	13	1	33____	41588	1	0	0	0	0	1	0	0	0	0	0
C	Marios	25	119	13	1	33____	41606	1	0	0	0	0	0	0	0	0	1	0
C	Marios	25	119	13	1	33____	41613	1	0	0	0	0	1	0	0	0	0	0
C	Marios	25	119	13	1	33____	41615	1	0	0	0	0	0	0	0	0	1	0
C	Marios	25	119	13	1	33____	41617	1	0	0	0	0	1	0	0	0	0	0
C	Marios	25	119	13	1	33____	41676	1	0	0	0	0	0	0	0	0	1	0
C	Marios	25	119	13	1	33____	41777	1	0	0	0	0	1	0	0	0	0	0
C	Marios	25	119	13	1	33____	41779	1	0	0	0	0	0	0	0	0	1	0
C	Marios	25	119	13	1	33____	43398	1	0	0	0	0	1	0	0	0	0	0
C	Marios	25	119	13	1	33____	43608	1	0	0	0	0	0	0	0	0	1	0
C	Marios	25	119	13	1	33____	45657	1	0	0	0	0	1	0	0	0	0	0
C	Marios	25	119	13	1	33____	45709	1	0	0	0	0	0	0	0	0	1	0
C	Marios	25	119	13	1	33____	45885	1	0	0	0	0	1	0	0	0	0	0
C	Marios	25	119	13	1	33____	46101	1	0	0	0	0	0	0	0	0	1	0
C	Marios	25	119	13	1	33____	48750	1	2	0	0	0	0	0	0	0	0	0
C	Marios	25	119	13	1	33____	49250	2	7	0	0	0	0	0	0	0	0	0
C	Marios	25	119	13	1	33____	49304	7	0	0	0	0	1	0	0	0	0	0
C	Marios	25	119	13	1	33____	49367	7	0	0	0	0	0	0	0	0	1	0
C	Marios	25	119	13	1	33____	49416	7	0	0	0	0	1	0	0	0	0	0
C	Marios	25	119	13	1	33____	49447	7	0	0	0	0	0	0	0	0	1	0
C	Marios	25	119	13	1	33____	49496	7	0	0	0	0	1	0	0	0	0	0
C	Marios	25	119	13	1	33____	49540	7	0	0	0	0	0	0	0	0	1	0
C	Marios	25	119	13	1	33____	49573	7	0	0	0	0	1	0	0	0	0	0
C	Marios	25	119	13	1	33____	49595	7	0	0	0	0	0	0	0	0	1	0
C	Marios	25	119	13	1	33____	49656	7	0	0	0	0	1	0	0	0	0	0
C	Marios	25	119	13	1	33____	49750	7	10	0	0	0	0	0	0	0	0	0
C	Marios	25	119	13	1	33____	50132	10	0	0	0	0	0	0	0	0	1	0
C	Marios	25	119	13	1	33____	50138	10	0	0	0	0	1	0	0	0	0	0
C	Marios	25	119	13	1	33____	50141	10	0	0	0	0	0	0	0	0	1	0
C	Marios	25	119	13	1	33____	50250	10	1	0	0	0	0	0	0	0	0	0
C	Marios	25	119	13	1	33____	50500	1	0	0	0	0	1	0	0	0	0	0
C	Marios	25	119	13	1	33____	50505	1	0	0	0	0	0	0	0	0	1	0
C	Marios	25	119	13	1	33____	50518	1	0	0	0	0	1	0	0	0	0	0
C	Marios	25	119	13	1	33____	50565	1	0	0	0	0	0	0	0	0	1	0
C	Marios	25	119	13	1	33____	51905	1	0	0	0	0	1	0	0	0	0	0
C	Marios	25	119	13	1	33____	51986	1	0	0	0	0	0	0	0	0	1	0
C	Marios	25	119	13	1	33____	54750	1	2	0	0	0	0	0	0	0	0	0
C	Marios	25	119	13	1	33____	55035	2	0	0	0	0	1	0	0	0	0	0
C	Marios	25	119	13	1	33____	55078	2	0	0	0	0	0	0	0	0	1	0
C	Marios	25	119	13	1	33____	55250	2	17	0	0	0	0	0	0	0	0	0
C	Marios	25	119	13	1	33____	55689	17	0	0	0	0	1	0	0	0	0	0
C	Marios	25	119	13	1	33____	55718	17	0	0	0	0	0	0	0	0	1	0
C	Marios	25	119	13	1	33____	55750	17	15	0	0	0	0	0	0	0	0	0
C	Marios	25	119	13	1	33____	56250	15	1	0	0	0	0	0	0	0	0	0
C	Marios	25	119	13	1	33____	56387	1	0	0	0	0	1	0	0	0	0	0
C	Marios	25	119	13	1	33____	56468	1	0	0	0	0	0	0	0	0	1	0
C	Marios	25	119	13	1	33____	57394	1	0	0	0	0	1	0	0	0	0	0
C	Marios	25	119	13	1	33____	57471	1	0	0	0	0	0	0	0	0	1	0
C	Marios	25	119	13	1	33____	62135	1	0	0	0	0	1	0	0	0	0	0
C	Marios	25	119	13	1	33____	62509	1	0	0	0	0	0	0	0	0	1	0
C	Marios	25	119	13	1	33____	62635	1	0	0	0	0	1	0	0	0	0	0
C	Marios	25	119	13	1	33____	62705	1	0	0	0	0	0	0	0	0	1	0
C	Marios	25	119	13	1	33____	63000	1	2	0	0	0	0	0	0	0	0	0
C	Marios	25	119	13	1	33____	63500	2	17	0	0	0	0	0	0	0	0	0
C	Marios	25	119	13	1	33____	63852	17	0	0	0	0	1	0	0	0	0	0
C	Marios	25	119	13	1	33____	63950	17	0	0	0	0	0	0	0	0	1	0
C	Marios	25	119	13	1	33____	63994	17	0	0	0	0	1	0	0	0	0	0
C	Marios	25	119	13	1	33____	64000	17	15	0	0	0	0	0	0	0	0	0
C	Marios	25	119	13	1	33____	64166	15	0	0	0	0	0	0	0	0	1	0
C	Marios	25	119	13	1	33____	64373	15	0	0	0	0	1	0	0	0	0	0
C	Marios	25	119	13	1	33____	64404	15	0	0	0	0	0	0	0	0	1	0
C	Marios	25	119	13	1	33____	64407	15	0	0	0	0	1	0	0	0	0	0
C	Marios	25	119	13	1	33____	64500	15	1	0	0	0	0	0	0	0	0	0
C	Marios	25	119	13	1	33____	64596	1	0	0	0	0	0	0	0	0	1	0
C	Marios	25	119	13	1	33____	64710	1	0	0	0	0	1	0	0	0	0	0
C	Marios	25	119	13	1	33____	64827	1	0	0	0	0	0	0	0	0	1	0
C	Marios	25	119	13	1	33____	65517	1	0	0	0	0	1	0	0	0	0	0
C	Marios	25	119	13	1	33____	65523	1	0	0	0	0	0	0	0	0	1	0
C	Marios	25	119	13	1	33____	65526	1	0	0	0	0	1	0	0	0	0	0
C	Marios	25	119	13	1	33____	65531	1	0	0	0	0	0	0	0	0	1	0
C	Marios	25	119	13	1	33____	65538	1	0	0	0	0	1	0	0	0	0	0
C	Marios	25	119	13	1	33____	65893	1	0	0	0	0	0	0	0	0	1	0
C	Marios	25	119	13	1	33____	66052	1	0	0	0	0	1	0	0	0	0	0
C	Marios	25	119	13	1	33____	66180	1	0	0	0	0	0	0	0	0	1	0
C	Marios	25	119	13	1	33____	67464	1	0	0	0	0	1	0	0	0	0	0
C	Marios	25	119	13	1	33____	67469	1	0	0	0	0	0	0	0	0	1	0
C	Marios	25	119	13	1	33____	68345	1	0	0	0	0	1	0	0	0	0	0
C	Marios	25	119	13	1	33____	68531	1	0	0	0	0	0	0	0	0	1	0
C	Marios	25	119	13	1	33____	70338	1	0	0	0	0	1	0	0	0	0	0
C	Marios	25	119	13	1	33____	70355	1	0	0	0	0	0	0	0	0	1	0
C	Marios	25	119	13	1	33____	70368	1	0	0	0	0	1	0	0	0	0	0
C	Marios	25	119	13	1	33____	70500	1	2	0	0	0	0	0	0	0	0	0
C	Marios	25	119	13	1	33____	70583	2	0	0	0	0	0	0	0	0	1	0
C	Marios	25	119	13	1	33____	71000	2	16	0	0	0	0	0	0	0	0	0
C	Marios	25	119	13	1	33____	71500	16	15	0	0	0	0	0	0	0	0	0
C	Marios	25	119	13	1	33____	72000	15	1	0	0	0	0	0	0	0	0	0
C	Marios	25	119	13	1	33____	72892	1	0	0	0	0	1	0	0	0	0	0
C	Marios	25	119	13	1	33____	72928	1	0	0	0	0	0	0	0	0	1	0
C	Marios	25	119	13	1	33____	73350	1	0	0	0	0	1	0	0	0	0	0
C	Marios	25	119	13	1	33____	73355	1	0	0	0	0	0	0	0	0	1	0
C	Marios	25	119	13	1	33____	73436	1	0	0	0	0	1	0	0	0	0	0
C	Marios	25	119	13	1	33____	73528	1	0	0	0	0	0	0	0	0	1	0
C	Marios	25	119	13	1	33____	77250	1	2	0	0	0	0	0	0	0	0	0
C	Marios	25	119	13	1	33____	77750	2	6	0	0	0	0	0	0	0	0	0
C	Marios	25	119	13	1	33____	77875	6	0	0	0	0	1	0	0	0	0	0
C	Marios	25	119	13	1	33____	78072	6	0	0	0	0	0	0	0	0	1	0
C	Marios	25	119	13	1	33____	78119	6	0	0	0	0	1	0	0	0	0	0
C	Marios	25	119	13	1	33____	78222	6	0	0	0	0	0	0	0	0	1	0
C	Marios	25	119	13	1	33____	78250	6	11	0	0	0	0	0	0	0	0	0
C	Marios	25	119	13	1	33____	78258	11	0	0	0	0	1	0	0	0	0	0
C	Marios	25	119	13	1	33____	78541	11	0	0	0	0	0	0	0	0	1	0
C	Marios	25	119	13	1	33____	78543	11	0	0	0	0	1	0	0	0	0	0
C	Marios	25	119	13	1	33____	78548	11	0	0	0	0	0	0	0	0	1	0
C	Marios	25	119	13	1	33____	78552	11	0	0	0	0	1	0	0	0	0	0
C	Marios	25	119	13	1	33____	78556	11	0	0	0	0	0	0	0	0	1	0
C	Marios	25	119	13	1	33____	78557	11	0	0	0	0	1	0	0	0	0	0
C	Marios	25	119	13	1	33____	78590	11	0	0	0	0	0	0	0	0	1	0
C	Marios	25	119	13	1	33____	78592	11	0	0	0	0	1	0	0	0	0	0
C	Marios	25	119	13	1	33____	78609	11	0	0	0	0	0	0	0	0	1	0
C	Marios	25	119	13	1	33____	78616	11	0	0	0	0	1	0	0	0	0	0
C	Marios	25	119	13	1	33____	78618	11	0	0	0	0	0	0	0	0	1	0
C	Marios	25	119	13	1	33____	78622	11	0	0	0	0	1	0	0	0	0	0
C	Marios	25	119	13	1	33____	78624	11	0	0	0	0	0	0	0	0	1	0
C	Marios	25	119	13	1	33____	78627	11	0	0	0	0	1	0	0	0	0	0
C	Marios	25	119	13	1	33____	78663	11	0	0	0	0	0	0	0	0	1	0
C	Marios	25	119	13	1	33____	78666	11	0	0	0	0	1	0	0	0	0	0
C	Marios	25	119	13	1	33____	78670	11	0	0	0	0	0	0	0	0	1	0
C	Marios	25	119	13	1	33____	78733	11	0	0	0	0	1	0	0	0	0	0
C	Marios	25	119	13	1	33____	78735	11	0	0	0	0	0	0	0	0	1	0
C	Marios	25	119	13	1	33____	78746	11	0	0	0	0	1	0	0	0	0	0
C	Marios	25	119	13	1	33____	78750	11	1	0	0	0	0	0	0	0	0	0
C	Marios	25	119	13	1	33____	78775	1	0	0	0	0	0	0	0	0	1	0
C	Marios	25	119	13	1	33____	78778	1	0	0	0	0	1	0	0	0	0	0
C	Marios	25	119	13	1	33____	78780	1	0	0	0	0	0	0	0	0	1	0
C	Marios	25	119	13	1	33____	78978	1	0	0	0	0	1	0	0	0	0	0
C	Marios	25	119	13	1	33____	78996	1	0	0	0	0	0	0	0	0	1	0
C	Marios	25	119	13	1	33____	78999	1	0	0	0	0	1	0	0	0	0	0
C	Marios	25	119	13	1	33____	79002	1	0	0	0	0	0	0	0	0	1	0
C	Marios	25	119	13	1	33____	79005	1	0	0	0	0	1	0	0	0	0	0
C	Marios	25	119	13	1	33____	79007	1	0	0	0	0	0	0	0	0	1	0
C	Marios	25	119	13	1	33____	81000	1	2	0	0	0	0	0	0	0	0	0
C	Marios	25	119	13	1	33____	81463	2	0	0	0	0	1	0	0	0	0	0
C	Marios	25	119	13	1	33____	81500	2	16	0	0	0	0	0	0	0	0	0
C	Marios	25	119	13	1	33____	81505	16	0	0	0	0	0	0	0	0	1	0
C	Marios	25	119	13	1	33____	81660	16	0	0	0	0	1	0	0	0	0	0
C	Marios	25	119	13	1	33____	81799	16	0	0	0	0	0	0	0	0	1	0
C	Marios	25	119	13	1	33____	82000	16	15	0	0	0	0	0	0	0	0	0
C	Marios	25	119	13	1	33____	82011	15	0	0	0	0	1	0	0	0	0	0
C	Marios	25	119	13	1	33____	82085	15	0	0	0	0	0	0	0	0	1	0
C	Marios	25	119	13	1	33____	82356	15	0	0	0	0	1	0	0	0	0	0
C	Marios	25	119	13	1	33____	82470	15	0	0	0	0	0	0	0	0	1	0
C	Marios	25	119	13	1	33____	82500	15	1	0	0	0	0	0	0	0	0	0
C	Marios	25	119	13	1	33____	82520	1	0	0	0	0	1	0	0	0	0	0
C	Marios	25	119	13	1	33____	82526	1	0	0	0	0	0	0	0	0	1	0
C	Marios	25	119	13	1	33____	82962	1	0	0	0	0	1	0	0	0	0	0
C	Marios	25	119	13	1	33____	82969	1	0	0	0	0	0	0	0	0	1	0
C	Marios	25	119	13	1	33____	83005	1	0	0	0	0	1	0	0	0	0	0
C	Marios	25	119	13	1	33____	83071	1	0	0	0	0	0	0	0	0	1	0
C	Marios	25	119	13	1	33____	84017	1	0	0	0	0	1	0	0	0	0	0
C	Marios	25	119	13	1	33____	84276	1	0	0	0	0	0	0	0	0	1	0
C	Marios	25	119	13	1	33____	84373	1	0	0	0	0	1	0	0	0	0	0
C	Marios	25	119	13	1	33____	84420	1	0	0	0	0	0	0	0	0	1	0
C	Marios	25	119	13	1	33____	88000	1	2	0	0	0	0	0	0	0	0	0
C	Marios	25	119	13	1	33____	88311	2	0	0	0	0	1	0	0	0	0	0
C	Marios	25	119	13	1	33____	88436	2	0	0	0	0	0	0	0	0	1	0
C	Marios	25	119	13	1	33____	88500	2	17	0	0	0	0	0	0	0	0	0
C	Marios	25	119	13	1	33____	88582	17	0	0	0	0	1	0	0	0	0	0
C	Marios	25	119	13	1	33____	88686	17	0	0	0	0	0	0	0	0	1	0
C	Marios	25	119	13	1	33____	89000	17	15	0	0	0	0	0	0	0	0	0
C	Marios	25	119	13	1	33____	89160	15	0	0	0	0	1	0	0	0	0	0
C	Marios	25	119	13	1	33____	89234	15	0	0	0	0	0	0	0	0	1	0
C	Marios	25	119	13	1	33____	89346	15	0	0	0	0	1	0	0	0	0	0
C	Marios	25	119	13	1	33____	89431	15	0	0	0	0	0	0	0	0	1	0
C	Marios	25	119	13	1	33____	89500	15	1	0	0	0	0	0	0	0	0	0
C	Marios	25	119	13	1	33____	89815	1	0	0	0	0	1	0	0	0	0	0
C	Marios	25	119	13	1	33____	89844	1	0	0	0	0	0	0	0	0	1	0
C	Marios	25	119	13	1	33____	91994	1	0	0	0	0	1	0	0	0	0	0
C	Marios	25	119	13	1	33____	92030	1	0	0	0	0	0	0	0	0	1	0
C	Marios	25	119	13	1	33____	93250	1	2	0	0	0	0	0	0	0	0	0
C	Marios	25	119	13	1	33____	93750	2	7	0	0	0	0	0	0	0	0	0
C	Marios	25	119	13	1	33____	93797	7	0	0	0	0	1	0	0	0	0	0
C	Marios	25	119	13	1	33____	93823	7	0	0	0	0	0	0	0	0	1	0
C	Marios	25	119	13	1	33____	93895	7	0	0	0	0	1	0	0	0	0	0
C	Marios	25	119	13	1	33____	93959	7	0	0	0	0	0	0	0	0	1	0
C	Marios	25	119	13	1	33____	93993	7	0	0	0	0	1	0	0	0	0	0
C	Marios	25	119	13	1	33____	94145	7	0	0	0	0	0	0	0	0	1	0
C	Marios	25	119	13	1	33____	94155	7	0	0	0	0	1	0	0	0	0	0
C	Marios	25	119	13	1	33____	94209	7	0	0	0	0	0	0	0	0	1	0
C	Marios	25	119	13	1	33____	94244	7	0	0	0	0	1	0	0	0	0	0
C	Marios	25	119	13	1	33____	94250	7	10	0	0	0	0	0	0	0	0	0
C	Marios	25	119	13	1	33____	94506	10	0	0	0	0	0	0	0	0	1	0
C	Marios	25	119	13	1	33____	94557	10	0	0	0	0	1	0	0	0	0	0
C	Marios	25	119	13	1	33____	94568	10	0	0	0	0	0	0	0	0	1	0
C	Marios	25	119	13	1	33____	94750	10	1	0	0	0	0	0	0	0	0	0
C	Marios	25	119	13	1	33____	94957	1	0	0	0	0	1	0	0	0	0	0
C	Marios	25	119	13	1	33____	94981	1	0	0	0	0	0	0	0	0	1	0
C	Marios	25	119	13	1	33____	96383	1	0	0	0	0	1	0	0	0	0	0
C	Marios	25	119	13	1	33____	96389	1	0	0	0	0	0	0	0	0	1	0
C	Marios	25	119	13	1	33____	96799	1	0	0	0	0	1	0	0	0	0	0
C	Marios	25	119	13	1	33____	96818	1	0	0	0	0	0	0	0	0	1	0
C	Marios	25	119	13	1	33____	99250	1	2	0	0	0	0	0	0	0	0	0
C	Marios	25	119	13	1	33____	99621	2	0	0	0	0	1	0	0	0	0	0
C	Marios	25	119	13	1	33____	99701	2	0	0	0	0	0	0	0	0	1	0
C	Marios	25	119	13	1	33____	99750	2	17	0	0	0	0	0	0	0	0	0
C	Marios	25	119	13	1	33____	100250	17	15	0	0	0	0	0	0	0	0	0
C	Marios	25	119	13	1	33____	100500	15	0	0	0	0	1	0	0	0	0	0
C	Marios	25	119	13	1	33____	100545	15	0	0	0	0	0	0	0	0	1	0
C	Marios	25	119	13	1	33____	100750	15	1	0	0	0	0	0	0	0	0	0
C	Marios	25	119	13	1	33____	102764	1	0	0	0	0	1	0	0	0	0	0
C	Marios	25	119	13	1	33____	102821	1	0	0	0	0	0	0	0	0	1	0
C	Marios	25	119	13	1	33____	105461	1	0	0	0	0	1	0	0	0	0	0
C	Marios	25	119	13	1	33____	105471	1	0	0	0	0	0	0	0	0	1	0
C	Marios	25	119	13	1	33____	105474	1	0	0	0	0	1	0	0	0	0	0
C	Marios	25	119	13	1	33____	105483	1	0	0	0	0	0	0	0	0	1	0
C	Marios	25	119	13	1	33____	105575	1	0	0	0	0	1	0	0	0	0	0
C	Marios	25	119	13	1	33____	105579	1	0	0	0	0	0	0	0	0	1	0
C	Marios	25	119	13	1	33____	105586	1	0	0	0	0	1	0	0	0	0	0
C	Marios	25	119	13	1	33____	105599	1	0	0	0	0	0	0	0	0	1	0
C	Marios	25	119	13	1	33____	105626	1	0	0	0	0	1	0	0	0	0	0
C	Marios	25	119	13	1	33____	105631	1	0	0	0	0	0	0	0	0	1	0
C	Marios	25	119	13	1	33____	105645	1	0	0	0	0	1	0	0	0	0	0
C	Marios	25	119	13	1	33____	105735	1	0	0	0	0	0	0	0	0	1	0
C	Marios	25	119	13	1	33____	106750	1	2	0	0	0	0	0	0	0	0	0
C	Marios	25	119	13	1	33____	107250	2	16	0	0	0	0	0	0	0	0	0
C	Marios	25	119	13	1	33____	107544	16	0	0	0	0	1	0	0	0	0	0
C	Marios	25	119	13	1	33____	107591	16	0	0	0	0	0	0	0	0	1	0
C	Marios	25	119	13	1	33____	107622	16	0	0	0	0	1	0	0	0	0	0
C	Marios	25	119	13	1	33____	107648	16	0	0	0	0	0	0	0	0	1	0
C	Marios	25	119	13	1	33____	107677	16	0	0	0	0	1	0	0	0	0	0
C	Marios	25	119	13	1	33____	107717	16	0	0	0	0	0	0	0	0	1	0
C	Marios	25	119	13	1	33____	107750	16	15	0	0	0	0	0	0	0	0	0
C	Marios	25	119	13	1	33____	107758	15	0	0	0	0	1	0	0	0	0	0
C	Marios	25	119	13	1	33____	107798	15	0	0	0	0	0	0	0	0	1	0
C	Marios	25	119	13	1	33____	108250	15	1	0	0	0	0	0	0	0	0	0
C	Marios	25	119	13	1	33____	109094	1	0	0	0	0	1	0	0	0	0	0
C	Marios	25	119	13	1	33____	109106	1	0	0	0	0	0	0	0	0	1	0
C	Marios	25	119	13	1	33____	115750	1	2	0	0	0	0	0	0	0	0	0
C	Marios	25	119	13	1	33____	116250	2	17	0	0	0	0	0	0	0	0	0
C	Marios	25	119	13	1	33____	116750	17	15	0	0	0	0	0	0	0	0	0
C	Marios	25	119	13	1	33____	117250	15	1	0	0	0	0	0	0	0	0	0
C	Marios	25	119	13	1	33____	118514	1	0	0	0	0	1	0	0	0	0	0
C	Marios	25	119	13	1	33____	118589	1	0	0	0	0	0	0	0	0	1	0
C	Marios	25	119	13	1	33____	124000	1	2	0	0	0	0	0	0	0	0	0
C	Marios	25	119	13	1	33____	124500	2	6	0	0	0	0	0	0	0	0	0
C	Marios	25	119	13	1	33____	124679	6	0	0	0	0	1	0	0	0	0	0
C	Marios	25	119	13	1	33____	124873	6	0	0	0	0	0	0	0	0	1	0
C	Marios	25	119	13	1	33____	124911	6	0	0	0	0	1	0	0	0	0	0
C	Marios	25	119	13	1	33____	124992	6	0	0	0	0	0	0	0	0	1	0
C	Marios	25	119	13	1	33____	125000	6	11	0	0	0	0	0	0	0	0	0
C	Marios	25	119	13	1	33____	125016	11	0	0	0	0	1	0	0	0	0	0
C	Marios	25	119	13	1	33____	125362	11	0	0	0	0	0	0	0	0	1	0
C	Marios	25	119	13	1	33____	125427	11	0	0	0	0	1	0	0	0	0	0
C	Marios	25	119	13	1	33____	125434	11	0	0	0	0	0	0	0	0	1	0
C	Marios	25	119	13	1	33____	125436	11	0	0	0	0	1	0	0	0	0	0
C	Marios	25	119	13	1	33____	125438	11	0	0	0	0	0	0	0	0	1	0
C	Marios	25	119	13	1	33____	125439	11	0	0	0	0	1	0	0	0	0	0
C	Marios	25	119	13	1	33____	125441	11	0	0	0	0	0	0	0	0	1	0
C	Marios	25	119	13	1	33____	125500	11	1	0	0	0	0	0	0	0	0	0
C	Marios	25	119	13	1	33____	128609	1	0	0	0	0	1	0	0	0	0	0
C	Marios	25	119	13	1	33____	129000	1	2	0	0	0	0	0	0	0	0	0
C	Marios	25	119	13	1	33____	129105	2	0	0	0	0	0	0	0	0	1	0
C	Marios	25	119	13	1	33____	129500	2	17	0	0	0	0	0	0	0	0	0
C	Marios	25	119	13	1	33____	129514	17	0	0	0	0	1	0	0	0	0	0
C	Marios	25	119	13	1	33____	129606	17	0	0	0	0	0	0	0	0	1	0
C	Marios	25	119	13	1	33____	129742	17	0	0	0	0	1	0	0	0	0	0
C	Marios	25	119	13	1	33____	129788	17	0	0	0	0	0	0	0	0	1	0
C	Marios	25	119	13	1	33____	129911	17	0	0	0	0	1	0	0	0	0	0
C	Marios	25	119	13	1	33____	130000	17	15	0	0	0	0	0	0	0	0	0
C	Marios	25	119	13	1	33____	130169	15	0	0	0	0	0	0	0	0	1	0
C	Marios	25	119	13	1	33____	130218	15	0	0	0	0	1	0	0	0	0	0
C	Marios	25	119	13	1	33____	130342	15	0	0	0	0	0	0	0	0	1	0
C	Marios	25	119	13	1	33____	130500	15	1	0	0	0	0	0	0	0	0	0
C	Marios	25	119	13	1	33____	130794	1	0	0	0	0	1	0	0	0	0	0
C	Marios	25	119	13	1	33____	130797	1	0	0	0	0	0	0	0	0	1	0
C	Marios	25	119	13	1	33____	132925	1	0	0	0	0	1	0	0	0	0	0
C	Marios	25	119	13	1	33____	133434	1	0	0	0	0	0	0	0	0	1	0
C	Marios	25	119	13	1	33____	133500	1	2	0	0	0	0	0	0	0	0	0
C	Marios	25	119	13	1	33____	134000	2	16	0	0	0	0	0	0	0	0	0
C	Marios	25	119	13	1	33____	134190	16	0	0	0	0	1	0	0	0	0	0
C	Marios	25	119	13	1	33____	134337	16	0	0	0	0	0	0	0	0	1	0
C	Marios	25	119	13	1	33____	134409	16	0	0	0	0	1	0	0	0	0	0
C	Marios	25	119	13	1	33____	134500	16	15	0	0	0	0	0	0	0	0	0
C	Marios	25	119	13	1	33____	134576	15	0	0	0	0	0	0	0	0	1	0
C	Marios	25	119	13	1	33____	134949	15	0	0	0	0	1	0	0	0	0	0
C	Marios	25	119	13	1	33____	135000	15	1	0	0	0	0	0	0	0	0	0
C	Marios	25	119	13	1	33____	135090	1	0	0	0	0	0	0	0	0	1	0
C	Marios	25	119	13	1	33____	137986	1	0	0	0	0	1	0	0	0	0	0
C	Marios	25	119	13	1	33____	138012	1	0	0	0	0	0	0	0	0	1	0
C	Marios	25	119	13	1	33____	138049	1	0	0	0	0	1	0	0	0	0	0
C	Marios	25	119	13	1	33____	138452	1	0	0	0	0	0	0	0	0	1	0
C	Marios	25	119	13	1	33____	138592	1	0	0	0	0	1	0	0	0	0	0
C	Marios	25	119	13	1	33____	138630	1	0	0	0	0	0	0	0	0	1	0
C	Marios	25	119	13	1	33____	138636	1	0	0	0	0	1	0	0	0	0	0
C	Marios	25	119	13	1	33____	138785	1	0	0	0	0	0	0	0	0	1	0
C	Marios	25	119	13	1	33____	139079	1	0	0	0	0	1	0	0	0	0	0
C	Marios	25	119	13	1	33____	139133	1	0	0	0	0	0	0	0	0	1	0
C	Marios	25	119	13	1	33____	139318	1	0	0	0	0	1	0	0	0	0	0
C	Marios	25	119	13	1	33____	139322	1	0	0	0	0	1	0	0	0	1	0
C	Marios	25	119	13	1	33____	139328	1	0	0	0	0	0	0	0	0	1	0
C	Marios	25	119	13	1	33____	139349	1	0	0	0	0	1	0	0	0	0	0
C	Marios	25	119	13	1	33____	139368	1	0	0	0	0	0	0	0	0	1	0
C	Marios	25	119	13	1	33____	139500	1	2	0	0	0	0	0	0	0	0	0
C	Marios	25	119	13	1	33____	140000	2	7	0	0	0	0	0	0	0	0	0
C	Marios	25	119	13	1	33____	140274	7	0	0	0	0	1	0	0	0	0	0
C	Marios	25	119	13	1	33____	140432	7	0	0	0	0	0	0	0	0	1	0
C	Marios	25	119	13	1	33____	140468	7	0	0	0	0	1	0	0	0	0	0
C	Marios	25	119	13	1	33____	140500	7	10	0	0	0	0	0	0	0	0	0
C	Marios	25	119	13	1	33____	140813	10	0	0	0	0	0	0	0	0	1	0
C	Marios	25	119	13	1	33____	140818	10	0	0	0	0	1	0	0	0	0	0
C	Marios	25	119	13	1	33____	140820	10	0	0	0	0	0	0	0	0	1	0
C	Marios	25	119	13	1	33____	140842	10	0	0	0	0	1	0	0	0	0	0
C	Marios	25	119	13	1	33____	140844	10	0	0	0	0	0	0	0	0	1	0
C	Marios	25	119	13	1	33____	140869	10	0	0	0	0	1	0	0	0	0	0
C	Marios	25	119	13	1	33____	140871	10	0	0	0	0	0	0	0	0	1	0
C	Marios	25	119	13	1	33____	140887	10	0	0	0	0	1	0	0	0	0	0
C	Marios	25	119	13	1	33____	140889	10	0	0	0	0	0	0	0	0	1	0
C	Marios	25	119	13	1	33____	140895	10	0	0	0	0	1	0	0	0	0	0
C	Marios	25	119	13	1	33____	140898	10	0	0	0	0	0	0	0	0	1	0
C	Marios	25	119	13	1	33____	141000	10	1	0	0	0	0	0	0	0	0	0
C	Marios	25	119	13	1	33____	141263	1	0	0	0	0	1	0	0	0	0	0
C	Marios	25	119	13	1	33____	141308	1	0	0	0	0	0	0	0	0	1	0
C	Marios	25	119	13	1	33____	141311	1	0	0	0	0	1	0	0	0	0	0
C	Marios	25	119	13	1	33____	141324	1	0	0	0	0	0	0	0	0	1	0
C	Marios	25	119	13	1	33____	141326	1	0	0	0	0	1	0	0	0	0	0
C	Marios	25	119	13	1	33____	141327	1	0	0	0	0	0	0	0	0	1	0
C	Marios	25	119	13	1	33____	141420	1	0	0	0	0	1	0	0	0	0	0
C	Marios	25	119	13	1	33____	141760	1	0	0	0	0	0	0	0	0	1	0
C	Marios	25	119	13	1	33____	142104	1	0	0	0	0	1	0	0	0	0	0
C	Marios	25	119	13	1	33____	142353	1	0	0	0	0	0	0	0	0	1	0
C	Marios	25	119	13	1	33____	142500	1	2	0	0	0	0	0	0	0	0	0
C	Marios	25	119	13	1	33____	143000	2	16	0	0	0	0	0	0	0	0	0
C	Marios	25	119	13	1	33____	143500	16	15	0	0	0	0	0	0	0	0	0
C	Marios	25	119	13	1	33____	144000	15	14	0	0	0	0	0	0	0	0	0
C	Marios	25	119	13	1	33____	146143	14	0	0	0	0	1	0	0	0	0	0
C	Marios	25	119	13	1	33____	146426	14	0	0	0	0	0	0	0	0	1	0
C	Marios	25	119	13	1	33____	146433	14	0	0	0	0	1	0	0	0	0	0
C	Marios	25	119	13	1	33____	146436	14	0	0	0	0	0	0	0	0	1	0
C	Marios	25	119	13	1	33____	146439	14	0	0	0	0	1	0	0	0	0	0
C	Marios	25	119	13	1	33____	146461	14	0	0	0	0	0	0	0	0	1	0
C	Marios	25	119	13	1	33____	146462	14	0	0	0	0	1	0	0	0	0	0
C	Marios	25	119	13	1	33____	146532	14	0	0	0	0	0	0	0	0	1	0
C	Marios	25	119	13	1	33____	146535	14	0	0	0	0	1	0	0	0	0	0
C	Marios	25	119	13	1	33____	146540	14	0	0	0	0	0	0	0	0	1	0
C	Marios	25	119	13	1	33____	147000	14	-1	0	0	0	0	0	0	0	0	0
