Project	UserID	Protocol	Session	Station	Run	Subject	Time	Current State	Transition State	Transition Event	A1 - LLR	A2 - RLR	A3 - MAG	A4 - 	A[1] LLR_OFF	A[2] RLR_OFF	A[3] MAG_OFF	A[4] 
C	Marios	18	118	1	1	1_____	0	0	1	0	0	0	0	0	0	0	0	0
C	Marios	18	118	1	1	1_____	779	1	0	0	0	0	1	0	0	0	0	0
C	Marios	18	118	1	1	1_____	795	1	0	0	0	0	0	0	0	0	1	0
C	Marios	18	118	1	1	1_____	1749	1	0	0	0	0	1	0	0	0	0	0
C	Marios	18	118	1	1	1_____	1834	1	0	0	0	0	0	0	0	0	1	0
C	Marios	18	118	1	1	1_____	2646	1	0	0	0	0	1	0	0	0	0	0
C	Marios	18	118	1	1	1_____	2656	1	0	0	0	0	0	0	0	0	1	0
C	Marios	18	118	1	1	1_____	2661	1	0	0	0	0	1	0	0	0	0	0
C	Marios	18	118	1	1	1_____	2688	1	0	0	0	0	0	0	0	0	1	0
C	Marios	18	118	1	1	1_____	2700	1	0	0	0	0	1	0	0	0	0	0
C	Marios	18	118	1	1	1_____	2734	1	0	0	0	0	0	0	0	0	1	0
C	Marios	18	118	1	1	1_____	2943	1	0	0	0	0	1	0	0	0	0	0
C	Marios	18	118	1	1	1_____	2954	1	0	0	0	0	0	0	0	0	1	0
C	Marios	18	118	1	1	1_____	3000	1	2	0	0	0	0	0	0	0	0	0
C	Marios	18	118	1	1	1_____	3500	2	7	0	0	0	0	0	0	0	0	0
C	Marios	18	118	1	1	1_____	3541	7	0	0	0	0	1	0	0	0	0	0
C	Marios	18	118	1	1	1_____	3543	7	0	0	0	0	1	0	0	0	1	0
C	Marios	18	118	1	1	1_____	3571	7	0	0	0	0	0	0	0	0	1	0
C	Marios	18	118	1	1	1_____	3611	7	0	0	0	0	1	0	0	0	0	0
C	Marios	18	118	1	1	1_____	3706	7	0	0	0	0	0	0	0	0	1	0
C	Marios	18	118	1	1	1_____	3758	7	0	0	0	0	1	0	0	0	0	0
C	Marios	18	118	1	1	1_____	3773	7	0	0	0	0	0	0	0	0	1	0
C	Marios	18	118	1	1	1_____	3817	7	0	0	0	0	1	0	0	0	0	0
C	Marios	18	118	1	1	1_____	3836	7	0	0	0	0	0	0	0	0	1	0
C	Marios	18	118	1	1	1_____	3846	7	0	0	0	0	1	0	0	0	0	0
C	Marios	18	118	1	1	1_____	3917	7	0	0	0	0	0	0	0	0	1	0
C	Marios	18	118	1	1	1_____	3982	7	0	0	0	0	1	0	0	0	0	0
C	Marios	18	118	1	1	1_____	4000	7	11	0	0	0	0	0	0	0	0	0
C	Marios	18	118	1	1	1_____	4028	11	0	0	0	0	0	0	0	0	1	0
C	Marios	18	118	1	1	1_____	4033	11	0	0	0	0	1	0	0	0	0	0
C	Marios	18	118	1	1	1_____	4043	11	0	0	0	0	0	0	0	0	1	0
C	Marios	18	118	1	1	1_____	4046	11	0	0	0	0	1	0	0	0	0	0
C	Marios	18	118	1	1	1_____	4143	11	0	0	0	0	0	0	0	0	1	0
C	Marios	18	118	1	1	1_____	4265	11	0	0	0	0	1	0	0	0	0	0
C	Marios	18	118	1	1	1_____	4312	11	0	0	0	0	0	0	0	0	1	0
C	Marios	18	118	1	1	1_____	4337	11	0	0	0	0	1	0	0	0	0	0
C	Marios	18	118	1	1	1_____	4377	11	0	0	0	0	0	0	0	0	1	0
C	Marios	18	118	1	1	1_____	4500	11	1	0	0	0	0	0	0	0	0	0
C	Marios	18	118	1	1	1_____	4644	1	0	0	0	0	1	0	0	0	0	0
C	Marios	18	118	1	1	1_____	4657	1	0	0	0	0	0	0	0	0	1	0
C	Marios	18	118	1	1	1_____	5743	1	0	0	0	0	1	0	0	0	0	0
C	Marios	18	118	1	1	1_____	5754	1	0	0	0	0	0	0	0	0	1	0
C	Marios	18	118	1	1	1_____	5855	1	0	0	0	0	1	0	0	0	0	0
C	Marios	18	118	1	1	1_____	5945	1	0	0	0	0	0	0	0	0	1	0
C	Marios	18	118	1	1	1_____	7392	1	0	0	0	0	1	0	0	0	0	0
C	Marios	18	118	1	1	1_____	7425	1	0	0	0	0	0	0	0	0	1	0
C	Marios	18	118	1	1	1_____	7856	1	0	0	0	0	1	0	0	0	0	0
C	Marios	18	118	1	1	1_____	7858	1	0	0	0	0	0	0	0	0	1	0
C	Marios	18	118	1	1	1_____	8033	1	0	0	0	0	1	0	0	0	0	0
C	Marios	18	118	1	1	1_____	8055	1	0	0	0	0	0	0	0	0	1	0
C	Marios	18	118	1	1	1_____	8810	1	0	0	0	0	1	0	0	0	0	0
C	Marios	18	118	1	1	1_____	8835	1	0	0	0	0	0	0	0	0	1	0
C	Marios	18	118	1	1	1_____	9000	1	2	0	0	0	0	0	0	0	0	0
C	Marios	18	118	1	1	1_____	9317	2	0	0	0	0	1	0	0	0	0	0
C	Marios	18	118	1	1	1_____	9337	2	0	0	0	0	0	0	0	0	1	0
C	Marios	18	118	1	1	1_____	9500	2	6	0	0	0	0	0	0	0	0	0
C	Marios	18	118	1	1	1_____	9576	6	0	0	0	0	1	0	0	0	0	0
C	Marios	18	118	1	1	1_____	9598	6	0	0	0	0	0	0	0	0	1	0
C	Marios	18	118	1	1	1_____	9632	6	0	0	0	0	1	0	0	0	0	0
C	Marios	18	118	1	1	1_____	9684	6	0	0	0	0	0	0	0	0	1	0
C	Marios	18	118	1	1	1_____	9746	6	0	0	0	0	1	0	0	0	0	0
C	Marios	18	118	1	1	1_____	9775	6	0	0	0	0	0	0	0	0	1	0
C	Marios	18	118	1	1	1_____	9780	6	0	0	0	0	1	0	0	0	0	0
C	Marios	18	118	1	1	1_____	9844	6	0	0	0	0	0	0	0	0	1	0
C	Marios	18	118	1	1	1_____	9847	6	0	0	0	0	1	0	0	0	0	0
C	Marios	18	118	1	1	1_____	9883	6	0	0	0	0	0	0	0	0	1	0
C	Marios	18	118	1	1	1_____	9911	6	0	0	0	0	1	0	0	0	0	0
C	Marios	18	118	1	1	1_____	9929	6	0	0	0	0	0	0	0	0	1	0
C	Marios	18	118	1	1	1_____	9933	6	0	0	0	0	1	0	0	0	0	0
C	Marios	18	118	1	1	1_____	9944	6	0	0	0	0	1	0	0	0	1	0
C	Marios	18	118	1	1	1_____	9946	6	0	0	0	0	0	0	0	0	1	0
C	Marios	18	118	1	1	1_____	9951	6	0	0	0	0	1	0	0	0	0	0
C	Marios	18	118	1	1	1_____	9977	6	0	0	0	0	0	0	0	0	1	0
C	Marios	18	118	1	1	1_____	9982	6	0	0	0	0	1	0	0	0	0	0
C	Marios	18	118	1	1	1_____	10000	6	10	0	0	0	0	0	0	0	0	0
C	Marios	18	118	1	1	1_____	10006	10	0	0	0	0	0	0	0	0	1	0
C	Marios	18	118	1	1	1_____	10007	10	0	0	0	0	1	0	0	0	0	0
C	Marios	18	118	1	1	1_____	10011	10	0	0	0	0	0	0	0	0	1	0
C	Marios	18	118	1	1	1_____	10025	10	0	0	0	0	1	0	0	0	0	0
C	Marios	18	118	1	1	1_____	10309	10	0	0	0	0	0	0	0	0	1	0
C	Marios	18	118	1	1	1_____	10310	10	0	0	0	0	1	0	0	0	0	0
C	Marios	18	118	1	1	1_____	10312	10	0	0	0	0	0	0	0	0	1	0
C	Marios	18	118	1	1	1_____	10317	10	0	0	0	0	1	0	0	0	0	0
C	Marios	18	118	1	1	1_____	10321	10	0	0	0	0	1	0	0	0	1	0
C	Marios	18	118	1	1	1_____	10330	10	0	0	0	0	0	0	0	0	1	0
C	Marios	18	118	1	1	1_____	10372	10	0	0	0	0	1	0	0	0	0	0
C	Marios	18	118	1	1	1_____	10374	10	0	0	0	0	0	0	0	0	1	0
C	Marios	18	118	1	1	1_____	10433	10	0	0	0	0	1	0	0	0	0	0
C	Marios	18	118	1	1	1_____	10468	10	0	0	0	0	0	0	0	0	1	0
C	Marios	18	118	1	1	1_____	10500	10	1	0	0	0	0	0	0	0	0	0
C	Marios	18	118	1	1	1_____	11026	1	0	0	0	0	1	0	0	0	0	0
C	Marios	18	118	1	1	1_____	11045	1	0	0	0	0	0	0	0	0	1	0
C	Marios	18	118	1	1	1_____	12750	1	2	0	0	0	0	0	0	0	0	0
C	Marios	18	118	1	1	1_____	13250	2	13	0	0	0	0	0	0	0	0	0
C	Marios	18	118	1	1	1_____	13750	13	15	0	0	0	0	0	0	0	0	0
C	Marios	18	118	1	1	1_____	14250	15	1	0	0	0	0	0	0	0	0	0
C	Marios	18	118	1	1	1_____	14419	1	0	0	0	0	1	0	0	0	0	0
C	Marios	18	118	1	1	1_____	14447	1	0	0	0	0	0	0	0	0	1	0
C	Marios	18	118	1	1	1_____	14611	1	0	0	0	0	1	0	0	0	0	0
C	Marios	18	118	1	1	1_____	14614	1	0	0	0	0	1	0	0	0	1	0
C	Marios	18	118	1	1	1_____	14663	1	0	0	0	0	0	0	0	0	1	0
C	Marios	18	118	1	1	1_____	14807	1	0	0	0	0	1	0	0	0	0	0
C	Marios	18	118	1	1	1_____	14942	1	0	0	0	0	0	0	0	0	1	0
C	Marios	18	118	1	1	1_____	14953	1	0	0	0	0	1	0	0	0	0	0
C	Marios	18	118	1	1	1_____	15094	1	0	0	0	0	0	0	0	0	1	0
C	Marios	18	118	1	1	1_____	15693	1	0	0	0	0	1	0	0	0	0	0
C	Marios	18	118	1	1	1_____	15695	1	0	0	0	0	0	0	0	0	1	0
C	Marios	18	118	1	1	1_____	15697	1	0	0	0	0	1	0	0	0	0	0
C	Marios	18	118	1	1	1_____	15747	1	0	0	0	0	0	0	0	0	1	0
C	Marios	18	118	1	1	1_____	15871	1	0	0	0	0	1	0	0	0	0	0
C	Marios	18	118	1	1	1_____	15911	1	0	0	0	0	0	0	0	0	1	0
C	Marios	18	118	1	1	1_____	16780	1	0	0	0	0	1	0	0	0	0	0
C	Marios	18	118	1	1	1_____	16844	1	0	0	0	0	0	0	0	0	1	0
C	Marios	18	118	1	1	1_____	17729	1	0	0	0	0	1	0	0	0	0	0
C	Marios	18	118	1	1	1_____	17732	1	0	0	0	0	0	0	0	0	1	0
C	Marios	18	118	1	1	1_____	19328	1	0	0	0	0	1	0	0	0	0	0
C	Marios	18	118	1	1	1_____	19330	1	0	0	0	0	0	0	0	0	1	0
C	Marios	18	118	1	1	1_____	19341	1	0	0	0	0	1	0	0	0	0	0
C	Marios	18	118	1	1	1_____	19373	1	0	0	0	0	0	0	0	0	1	0
C	Marios	18	118	1	1	1_____	19824	1	0	0	0	0	1	0	0	0	0	0
C	Marios	18	118	1	1	1_____	19828	1	0	0	0	0	0	0	0	0	1	0
C	Marios	18	118	1	1	1_____	19831	1	0	0	0	0	1	0	0	0	0	0
C	Marios	18	118	1	1	1_____	19876	1	0	0	0	0	0	0	0	0	1	0
C	Marios	18	118	1	1	1_____	20130	1	0	0	0	0	1	0	0	0	0	0
C	Marios	18	118	1	1	1_____	20398	1	0	0	0	0	0	0	0	0	1	0
C	Marios	18	118	1	1	1_____	20405	1	0	0	0	0	1	0	0	0	0	0
C	Marios	18	118	1	1	1_____	20570	1	0	0	0	0	0	0	0	0	1	0
C	Marios	18	118	1	1	1_____	20589	1	0	0	0	0	1	0	0	0	0	0
C	Marios	18	118	1	1	1_____	20591	1	0	0	0	0	0	0	0	0	1	0
C	Marios	18	118	1	1	1_____	21026	1	0	0	0	0	1	0	0	0	0	0
C	Marios	18	118	1	1	1_____	21047	1	0	0	0	0	0	0	0	0	1	0
C	Marios	18	118	1	1	1_____	21750	1	2	0	0	0	0	0	0	0	0	0
C	Marios	18	118	1	1	1_____	21804	2	0	0	0	0	1	0	0	0	0	0
C	Marios	18	118	1	1	1_____	21852	2	0	0	0	0	0	0	0	0	1	0
C	Marios	18	118	1	1	1_____	21995	2	0	0	0	0	1	0	0	0	0	0
C	Marios	18	118	1	1	1_____	22018	2	0	0	0	0	0	0	0	0	1	0
C	Marios	18	118	1	1	1_____	22250	2	13	0	0	0	0	0	0	0	0	0
C	Marios	18	118	1	1	1_____	22750	13	15	0	0	0	0	0	0	0	0	0
C	Marios	18	118	1	1	1_____	23250	15	1	0	0	0	0	0	0	0	0	0
C	Marios	18	118	1	1	1_____	23795	1	0	0	0	0	1	0	0	0	0	0
C	Marios	18	118	1	1	1_____	23839	1	0	0	0	0	0	0	0	0	1	0
C	Marios	18	118	1	1	1_____	24615	1	0	0	0	0	1	0	0	0	0	0
C	Marios	18	118	1	1	1_____	24639	1	0	0	0	0	0	0	0	0	1	0
C	Marios	18	118	1	1	1_____	26367	1	0	0	0	0	1	0	0	0	0	0
C	Marios	18	118	1	1	1_____	26384	1	0	0	0	0	0	0	0	0	1	0
C	Marios	18	118	1	1	1_____	27750	1	2	0	0	0	0	0	0	0	0	0
C	Marios	18	118	1	1	1_____	28250	2	12	0	0	0	0	0	0	0	0	0
C	Marios	18	118	1	1	1_____	28298	12	0	0	0	0	1	0	0	0	0	0
C	Marios	18	118	1	1	1_____	28319	12	0	0	0	0	0	0	0	0	1	0
C	Marios	18	118	1	1	1_____	28513	12	0	0	0	0	1	0	0	0	0	0
C	Marios	18	118	1	1	1_____	28530	12	0	0	0	0	0	0	0	0	1	0
C	Marios	18	118	1	1	1_____	28561	12	0	0	0	0	1	0	0	0	0	0
C	Marios	18	118	1	1	1_____	28600	12	0	0	0	0	0	0	0	0	1	0
C	Marios	18	118	1	1	1_____	28601	12	0	0	0	0	1	0	0	0	0	0
C	Marios	18	118	1	1	1_____	28672	12	0	0	0	0	0	0	0	0	1	0
C	Marios	18	118	1	1	1_____	28750	12	15	0	0	0	0	0	0	0	0	0
C	Marios	18	118	1	1	1_____	28832	15	0	0	0	0	1	0	0	0	0	0
C	Marios	18	118	1	1	1_____	28857	15	0	0	0	0	0	0	0	0	1	0
C	Marios	18	118	1	1	1_____	28861	15	0	0	0	0	1	0	0	0	0	0
C	Marios	18	118	1	1	1_____	28983	15	0	0	0	0	0	0	0	0	1	0
C	Marios	18	118	1	1	1_____	28988	15	0	0	0	0	1	0	0	0	0	0
C	Marios	18	118	1	1	1_____	29013	15	0	0	0	0	0	0	0	0	1	0
C	Marios	18	118	1	1	1_____	29250	15	1	0	0	0	0	0	0	0	0	0
C	Marios	18	118	1	1	1_____	30951	1	0	0	0	0	1	0	0	0	0	0
C	Marios	18	118	1	1	1_____	30958	1	0	0	0	0	0	0	0	0	1	0
C	Marios	18	118	1	1	1_____	32977	1	0	0	0	0	1	0	0	0	0	0
C	Marios	18	118	1	1	1_____	32980	1	0	0	0	0	0	0	0	0	1	0
C	Marios	18	118	1	1	1_____	33017	1	0	0	0	0	1	0	0	0	0	0
C	Marios	18	118	1	1	1_____	33053	1	0	0	0	0	0	0	0	0	1	0
C	Marios	18	118	1	1	1_____	34500	1	2	0	0	0	0	0	0	0	0	0
C	Marios	18	118	1	1	1_____	35000	2	12	0	0	0	0	0	0	0	0	0
C	Marios	18	118	1	1	1_____	35433	12	0	0	0	0	1	0	0	0	0	0
C	Marios	18	118	1	1	1_____	35500	12	15	0	0	0	0	0	0	0	0	0
C	Marios	18	118	1	1	1_____	35501	15	0	0	0	0	0	0	0	0	1	0
C	Marios	18	118	1	1	1_____	36000	15	1	0	0	0	0	0	0	0	0	0
C	Marios	18	118	1	1	1_____	36281	1	0	0	0	0	1	0	0	0	0	0
C	Marios	18	118	1	1	1_____	36309	1	0	0	0	0	0	0	0	0	1	0
C	Marios	18	118	1	1	1_____	38836	1	0	0	0	0	1	0	0	0	0	0
C	Marios	18	118	1	1	1_____	38865	1	0	0	0	0	0	0	0	0	1	0
C	Marios	18	118	1	1	1_____	40471	1	0	0	0	0	1	0	0	0	0	0
C	Marios	18	118	1	1	1_____	40542	1	0	0	0	0	0	0	0	0	1	0
C	Marios	18	118	1	1	1_____	40676	1	0	0	0	0	1	0	0	0	0	0
C	Marios	18	118	1	1	1_____	40688	1	0	0	0	0	0	0	0	0	1	0
C	Marios	18	118	1	1	1_____	41400	1	0	0	0	0	1	0	0	0	0	0
C	Marios	18	118	1	1	1_____	41402	1	0	0	0	0	0	0	0	0	1	0
C	Marios	18	118	1	1	1_____	41403	1	0	0	0	0	1	0	0	0	0	0
C	Marios	18	118	1	1	1_____	41427	1	0	0	0	0	0	0	0	0	1	0
C	Marios	18	118	1	1	1_____	42000	1	2	0	0	0	0	0	0	0	0	0
C	Marios	18	118	1	1	1_____	42500	2	7	0	0	0	0	0	0	0	0	0
C	Marios	18	118	1	1	1_____	42647	7	0	0	0	0	1	0	0	0	0	0
C	Marios	18	118	1	1	1_____	42768	7	0	0	0	0	0	0	0	0	1	0
C	Marios	18	118	1	1	1_____	42916	7	0	0	0	0	1	0	0	0	0	0
C	Marios	18	118	1	1	1_____	42967	7	0	0	0	0	0	0	0	0	1	0
C	Marios	18	118	1	1	1_____	42970	7	0	0	0	0	1	0	0	0	0	0
C	Marios	18	118	1	1	1_____	43000	7	11	0	0	0	0	0	0	0	0	0
C	Marios	18	118	1	1	1_____	43019	11	0	0	0	0	0	0	0	0	1	0
C	Marios	18	118	1	1	1_____	43023	11	0	0	0	0	1	0	0	0	0	0
C	Marios	18	118	1	1	1_____	43148	11	0	0	0	0	0	0	0	0	1	0
C	Marios	18	118	1	1	1_____	43462	11	0	0	0	0	1	0	0	0	0	0
C	Marios	18	118	1	1	1_____	43500	11	1	0	0	0	0	0	0	0	0	0
C	Marios	18	118	1	1	1_____	43545	1	0	0	0	0	0	0	0	0	1	0
C	Marios	18	118	1	1	1_____	43557	1	0	0	0	0	1	0	0	0	0	0
C	Marios	18	118	1	1	1_____	43571	1	0	0	0	0	0	0	0	0	1	0
C	Marios	18	118	1	1	1_____	44717	1	0	0	0	0	1	0	0	0	0	0
C	Marios	18	118	1	1	1_____	44742	1	0	0	0	0	0	0	0	0	1	0
C	Marios	18	118	1	1	1_____	45000	1	2	0	0	0	0	0	0	0	0	0
C	Marios	18	118	1	1	1_____	45077	2	0	0	0	0	1	0	0	0	0	0
C	Marios	18	118	1	1	1_____	45200	2	0	0	0	0	0	0	0	0	1	0
C	Marios	18	118	1	1	1_____	45500	2	12	0	0	0	0	0	0	0	0	0
C	Marios	18	118	1	1	1_____	45654	12	0	0	0	0	1	0	0	0	0	0
C	Marios	18	118	1	1	1_____	45682	12	0	0	0	0	0	0	0	0	1	0
C	Marios	18	118	1	1	1_____	45712	12	0	0	0	0	1	0	0	0	0	0
C	Marios	18	118	1	1	1_____	45828	12	0	0	0	0	0	0	0	0	1	0
C	Marios	18	118	1	1	1_____	46000	12	15	0	0	0	0	0	0	0	0	0
C	Marios	18	118	1	1	1_____	46500	15	1	0	0	0	0	0	0	0	0	0
C	Marios	18	118	1	1	1_____	47480	1	0	0	0	0	1	0	0	0	0	0
C	Marios	18	118	1	1	1_____	47535	1	0	0	0	0	0	0	0	0	1	0
C	Marios	18	118	1	1	1_____	47949	1	0	0	0	0	1	0	0	0	0	0
C	Marios	18	118	1	1	1_____	47959	1	0	0	0	0	0	0	0	0	1	0
C	Marios	18	118	1	1	1_____	48464	1	0	0	0	0	1	0	0	0	0	0
C	Marios	18	118	1	1	1_____	48471	1	0	0	0	0	0	0	0	0	1	0
C	Marios	18	118	1	1	1_____	48491	1	0	0	0	0	1	0	0	0	0	0
C	Marios	18	118	1	1	1_____	48495	1	0	0	0	0	0	0	0	0	1	0
C	Marios	18	118	1	1	1_____	48498	1	0	0	0	0	1	0	0	0	0	0
C	Marios	18	118	1	1	1_____	48500	1	0	0	0	0	0	0	0	0	1	0
C	Marios	18	118	1	1	1_____	48505	1	0	0	0	0	1	0	0	0	0	0
C	Marios	18	118	1	1	1_____	48506	1	0	0	0	0	0	0	0	0	1	0
C	Marios	18	118	1	1	1_____	48516	1	0	0	0	0	1	0	0	0	0	0
C	Marios	18	118	1	1	1_____	48518	1	0	0	0	0	0	0	0	0	1	0
C	Marios	18	118	1	1	1_____	48521	1	0	0	0	0	1	0	0	0	0	0
C	Marios	18	118	1	1	1_____	48524	1	0	0	0	0	0	0	0	0	1	0
C	Marios	18	118	1	1	1_____	48528	1	0	0	0	0	1	0	0	0	0	0
C	Marios	18	118	1	1	1_____	48530	1	0	0	0	0	0	0	0	0	1	0
C	Marios	18	118	1	1	1_____	48636	1	0	0	0	0	1	0	0	0	0	0
C	Marios	18	118	1	1	1_____	48689	1	0	0	0	0	0	0	0	0	1	0
C	Marios	18	118	1	1	1_____	50262	1	0	0	0	0	1	0	0	0	0	0
C	Marios	18	118	1	1	1_____	50278	1	0	0	0	0	0	0	0	0	1	0
C	Marios	18	118	1	1	1_____	51307	1	0	0	0	0	1	0	0	0	0	0
C	Marios	18	118	1	1	1_____	51309	1	0	0	0	0	0	0	0	0	1	0
C	Marios	18	118	1	1	1_____	52000	1	2	0	0	0	0	0	0	0	0	0
C	Marios	18	118	1	1	1_____	52500	2	13	0	0	0	0	0	0	0	0	0
C	Marios	18	118	1	1	1_____	53000	13	15	0	0	0	0	0	0	0	0	0
C	Marios	18	118	1	1	1_____	53500	15	1	0	0	0	0	0	0	0	0	0
C	Marios	18	118	1	1	1_____	57000	1	2	0	0	0	0	0	0	0	0	0
C	Marios	18	118	1	1	1_____	57500	2	12	0	0	0	0	0	0	0	0	0
C	Marios	18	118	1	1	1_____	57612	12	0	0	0	0	1	0	0	0	0	0
C	Marios	18	118	1	1	1_____	57633	12	0	0	0	0	0	0	0	0	1	0
C	Marios	18	118	1	1	1_____	58000	12	15	0	0	0	0	0	0	0	0	0
C	Marios	18	118	1	1	1_____	58500	15	1	0	0	0	0	0	0	0	0	0
C	Marios	18	118	1	1	1_____	59299	1	0	0	0	0	1	0	0	0	0	0
C	Marios	18	118	1	1	1_____	59326	1	0	0	0	0	0	0	0	0	1	0
C	Marios	18	118	1	1	1_____	61257	1	0	0	0	0	1	0	0	0	0	0
C	Marios	18	118	1	1	1_____	61442	1	0	0	0	0	0	0	0	0	1	0
C	Marios	18	118	1	1	1_____	62250	1	2	0	0	0	0	0	0	0	0	0
C	Marios	18	118	1	1	1_____	62750	2	6	0	0	0	0	0	0	0	0	0
C	Marios	18	118	1	1	1_____	63000	6	0	0	0	0	1	0	0	0	0	0
C	Marios	18	118	1	1	1_____	63164	6	0	0	0	0	0	0	0	0	1	0
C	Marios	18	118	1	1	1_____	63250	6	10	0	0	0	0	0	0	0	0	0
C	Marios	18	118	1	1	1_____	63271	10	0	0	0	0	1	0	0	0	0	0
C	Marios	18	118	1	1	1_____	63443	10	0	0	0	0	0	0	0	0	1	0
C	Marios	18	118	1	1	1_____	63467	10	0	0	0	0	1	0	0	0	0	0
C	Marios	18	118	1	1	1_____	63473	10	0	0	0	0	0	0	0	0	1	0
C	Marios	18	118	1	1	1_____	63688	10	0	0	0	0	1	0	0	0	0	0
C	Marios	18	118	1	1	1_____	63750	10	1	0	0	0	0	0	0	0	0	0
C	Marios	18	118	1	1	1_____	63760	1	0	0	0	0	1	0	0	0	1	0
C	Marios	18	118	1	1	1_____	63762	1	0	0	0	0	0	0	0	0	1	0
C	Marios	18	118	1	1	1_____	63797	1	0	0	0	0	1	0	0	0	0	0
C	Marios	18	118	1	1	1_____	63808	1	0	0	0	0	0	0	0	0	1	0
C	Marios	18	118	1	1	1_____	63823	1	0	0	0	0	1	0	0	0	0	0
C	Marios	18	118	1	1	1_____	63826	1	0	0	0	0	0	0	0	0	1	0
C	Marios	18	118	1	1	1_____	63847	1	0	0	0	0	1	0	0	0	0	0
C	Marios	18	118	1	1	1_____	63850	1	0	0	0	0	0	0	0	0	1	0
C	Marios	18	118	1	1	1_____	63862	1	0	0	0	0	1	0	0	0	0	0
C	Marios	18	118	1	1	1_____	63867	1	0	0	0	0	0	0	0	0	1	0
C	Marios	18	118	1	1	1_____	63872	1	0	0	0	0	1	0	0	0	0	0
C	Marios	18	118	1	1	1_____	63875	1	0	0	0	0	0	0	0	0	1	0
C	Marios	18	118	1	1	1_____	63876	1	0	0	0	0	1	0	0	0	0	0
C	Marios	18	118	1	1	1_____	63897	1	0	0	0	0	0	0	0	0	1	0
C	Marios	18	118	1	1	1_____	63907	1	0	0	0	0	1	0	0	0	0	0
C	Marios	18	118	1	1	1_____	63920	1	0	0	0	0	0	0	0	0	1	0
C	Marios	18	118	1	1	1_____	63926	1	0	0	0	0	1	0	0	0	0	0
C	Marios	18	118	1	1	1_____	63931	1	0	0	0	0	0	0	0	0	1	0
C	Marios	18	118	1	1	1_____	63934	1	0	0	0	0	1	0	0	0	0	0
C	Marios	18	118	1	1	1_____	63962	1	0	0	0	0	0	0	0	0	1	0
C	Marios	18	118	1	1	1_____	63967	1	0	0	0	0	1	0	0	0	0	0
C	Marios	18	118	1	1	1_____	63989	1	0	0	0	0	0	0	0	0	1	0
C	Marios	18	118	1	1	1_____	63990	1	0	0	0	0	1	0	0	0	0	0
C	Marios	18	118	1	1	1_____	63994	1	0	0	0	0	0	0	0	0	1	0
C	Marios	18	118	1	1	1_____	64000	1	0	0	0	0	1	0	0	0	0	0
C	Marios	18	118	1	1	1_____	64002	1	0	0	0	0	0	0	0	0	1	0
C	Marios	18	118	1	1	1_____	64004	1	0	0	0	0	1	0	0	0	0	0
C	Marios	18	118	1	1	1_____	64029	1	0	0	0	0	0	0	0	0	1	0
C	Marios	18	118	1	1	1_____	64032	1	0	0	0	0	1	0	0	0	0	0
C	Marios	18	118	1	1	1_____	64324	1	0	0	0	0	0	0	0	0	1	0
C	Marios	18	118	1	1	1_____	64336	1	0	0	0	0	1	0	0	0	0	0
C	Marios	18	118	1	1	1_____	64351	1	0	0	0	0	0	0	0	0	1	0
C	Marios	18	118	1	1	1_____	64361	1	0	0	0	0	1	0	0	0	0	0
C	Marios	18	118	1	1	1_____	64365	1	0	0	0	0	0	0	0	0	1	0
C	Marios	18	118	1	1	1_____	64368	1	0	0	0	0	1	0	0	0	0	0
C	Marios	18	118	1	1	1_____	64456	1	0	0	0	0	0	0	0	0	1	0
C	Marios	18	118	1	1	1_____	65127	1	0	0	0	0	1	0	0	0	0	0
C	Marios	18	118	1	1	1_____	65130	1	0	0	0	0	0	0	0	0	1	0
C	Marios	18	118	1	1	1_____	65189	1	0	0	0	0	1	0	0	0	0	0
C	Marios	18	118	1	1	1_____	65201	1	0	0	0	0	0	0	0	0	1	0
C	Marios	18	118	1	1	1_____	65440	1	0	0	0	0	1	0	0	0	0	0
C	Marios	18	118	1	1	1_____	65445	1	0	0	0	0	0	0	0	0	1	0
C	Marios	18	118	1	1	1_____	65466	1	0	0	0	0	1	0	0	0	0	0
C	Marios	18	118	1	1	1_____	65468	1	0	0	0	0	0	0	0	0	1	0
C	Marios	18	118	1	1	1_____	65508	1	0	0	0	0	1	0	0	0	0	0
C	Marios	18	118	1	1	1_____	65587	1	0	0	0	0	0	0	0	0	1	0
C	Marios	18	118	1	1	1_____	65589	1	0	0	0	0	1	0	0	0	0	0
C	Marios	18	118	1	1	1_____	65631	1	0	0	0	0	0	0	0	0	1	0
C	Marios	18	118	1	1	1_____	69051	1	0	0	0	0	1	0	0	0	0	0
C	Marios	18	118	1	1	1_____	69101	1	0	0	0	0	0	0	0	0	1	0
C	Marios	18	118	1	1	1_____	69800	1	0	0	0	0	1	0	0	0	0	0
C	Marios	18	118	1	1	1_____	69817	1	0	0	0	0	0	0	0	0	1	0
C	Marios	18	118	1	1	1_____	70500	1	2	0	0	0	0	0	0	0	0	0
C	Marios	18	118	1	1	1_____	71000	2	13	0	0	0	0	0	0	0	0	0
C	Marios	18	118	1	1	1_____	71259	13	0	0	0	0	1	0	0	0	0	0
C	Marios	18	118	1	1	1_____	71278	13	0	0	0	0	0	0	0	0	1	0
C	Marios	18	118	1	1	1_____	71500	13	15	0	0	0	0	0	0	0	0	0
C	Marios	18	118	1	1	1_____	71544	15	0	0	0	0	1	0	0	0	0	0
C	Marios	18	118	1	1	1_____	71663	15	0	0	0	0	1	0	0	0	1	0
C	Marios	18	118	1	1	1_____	71682	15	0	0	0	0	0	0	0	0	1	0
C	Marios	18	118	1	1	1_____	71690	15	0	0	0	0	1	0	0	0	0	0
C	Marios	18	118	1	1	1_____	71734	15	0	0	0	0	0	0	0	0	1	0
C	Marios	18	118	1	1	1_____	71799	15	0	0	0	0	1	0	0	0	0	0
C	Marios	18	118	1	1	1_____	71816	15	0	0	0	0	0	0	0	0	1	0
C	Marios	18	118	1	1	1_____	71823	15	0	0	0	0	1	0	0	0	0	0
C	Marios	18	118	1	1	1_____	71975	15	0	0	0	0	0	0	0	0	1	0
C	Marios	18	118	1	1	1_____	71992	15	0	0	0	0	1	0	0	0	0	0
C	Marios	18	118	1	1	1_____	72000	15	1	0	0	0	0	0	0	0	0	0
C	Marios	18	118	1	1	1_____	72003	1	0	0	0	0	0	0	0	0	1	0
C	Marios	18	118	1	1	1_____	72009	1	0	0	0	0	1	0	0	0	0	0
C	Marios	18	118	1	1	1_____	72030	1	0	0	0	0	0	0	0	0	1	0
C	Marios	18	118	1	1	1_____	72034	1	0	0	0	0	1	0	0	0	0	0
C	Marios	18	118	1	1	1_____	72102	1	0	0	0	0	0	0	0	0	1	0
C	Marios	18	118	1	1	1_____	72107	1	0	0	0	0	1	0	0	0	0	0
C	Marios	18	118	1	1	1_____	72125	1	0	0	0	0	0	0	0	0	1	0
C	Marios	18	118	1	1	1_____	72149	1	0	0	0	0	1	0	0	0	0	0
C	Marios	18	118	1	1	1_____	72169	1	0	0	0	0	0	0	0	0	1	0
C	Marios	18	118	1	1	1_____	72183	1	0	0	0	0	1	0	0	0	0	0
C	Marios	18	118	1	1	1_____	72187	1	0	0	0	0	1	0	0	0	1	0
C	Marios	18	118	1	1	1_____	72343	1	0	0	0	0	0	0	0	0	1	0
C	Marios	18	118	1	1	1_____	72344	1	0	0	0	0	1	0	0	0	0	0
C	Marios	18	118	1	1	1_____	72356	1	0	0	0	0	0	0	0	0	1	0
C	Marios	18	118	1	1	1_____	72360	1	0	0	0	0	1	0	0	0	0	0
C	Marios	18	118	1	1	1_____	72388	1	0	0	0	0	1	0	0	0	1	0
C	Marios	18	118	1	1	1_____	72391	1	0	0	0	0	0	0	0	0	1	0
C	Marios	18	118	1	1	1_____	72393	1	0	0	0	0	1	0	0	0	0	0
C	Marios	18	118	1	1	1_____	72432	1	0	0	0	0	0	0	0	0	1	0
C	Marios	18	118	1	1	1_____	73755	1	0	0	0	0	1	0	0	0	0	0
C	Marios	18	118	1	1	1_____	73763	1	0	0	0	0	0	0	0	0	1	0
C	Marios	18	118	1	1	1_____	74113	1	0	0	0	0	1	0	0	0	0	0
C	Marios	18	118	1	1	1_____	74129	1	0	0	0	0	0	0	0	0	1	0
C	Marios	18	118	1	1	1_____	74250	1	2	0	0	0	0	0	0	0	0	0
C	Marios	18	118	1	1	1_____	74750	2	13	0	0	0	0	0	0	0	0	0
C	Marios	18	118	1	1	1_____	75250	13	15	0	0	0	0	0	0	0	0	0
C	Marios	18	118	1	1	1_____	75750	15	1	0	0	0	0	0	0	0	0	0
C	Marios	18	118	1	1	1_____	78750	1	2	0	0	0	0	0	0	0	0	0
C	Marios	18	118	1	1	1_____	79250	2	13	0	0	0	0	0	0	0	0	0
C	Marios	18	118	1	1	1_____	79750	13	15	0	0	0	0	0	0	0	0	0
C	Marios	18	118	1	1	1_____	79925	15	0	0	0	0	1	0	0	0	0	0
C	Marios	18	118	1	1	1_____	79970	15	0	0	0	0	0	0	0	0	1	0
C	Marios	18	118	1	1	1_____	80250	15	1	0	0	0	0	0	0	0	0	0
C	Marios	18	118	1	1	1_____	80667	1	0	0	0	0	1	0	0	0	0	0
C	Marios	18	118	1	1	1_____	80684	1	0	0	0	0	0	0	0	0	1	0
C	Marios	18	118	1	1	1_____	83292	1	0	0	0	0	1	0	0	0	0	0
C	Marios	18	118	1	1	1_____	83298	1	0	0	0	0	0	0	0	0	1	0
C	Marios	18	118	1	1	1_____	83941	1	0	0	0	0	1	0	0	0	0	0
C	Marios	18	118	1	1	1_____	83989	1	0	0	0	0	0	0	0	0	1	0
C	Marios	18	118	1	1	1_____	84000	1	2	0	0	0	0	0	0	0	0	0
C	Marios	18	118	1	1	1_____	84500	2	7	0	0	0	0	0	0	0	0	0
C	Marios	18	118	1	1	1_____	84690	7	0	0	0	0	1	0	0	0	0	0
C	Marios	18	118	1	1	1_____	84700	7	0	0	0	0	1	0	0	0	1	0
C	Marios	18	118	1	1	1_____	84732	7	0	0	0	0	0	0	0	0	1	0
C	Marios	18	118	1	1	1_____	84869	7	0	0	0	0	1	0	0	0	0	0
C	Marios	18	118	1	1	1_____	84884	7	0	0	0	0	0	0	0	0	1	0
C	Marios	18	118	1	1	1_____	84885	7	0	0	0	0	1	0	0	0	0	0
C	Marios	18	118	1	1	1_____	85000	7	11	0	0	0	0	0	0	0	0	0
C	Marios	18	118	1	1	1_____	85009	11	0	0	0	0	0	0	0	0	1	0
C	Marios	18	118	1	1	1_____	85020	11	0	0	0	0	1	0	0	0	0	0
C	Marios	18	118	1	1	1_____	85032	11	0	0	0	0	0	0	0	0	1	0
C	Marios	18	118	1	1	1_____	85036	11	0	0	0	0	1	0	0	0	0	0
C	Marios	18	118	1	1	1_____	85208	11	0	0	0	0	0	0	0	0	1	0
C	Marios	18	118	1	1	1_____	85500	11	1	0	0	0	0	0	0	0	0	0
C	Marios	18	118	1	1	1_____	85593	1	0	0	0	0	1	0	0	0	0	0
C	Marios	18	118	1	1	1_____	85659	1	0	0	0	0	0	0	0	0	1	0
C	Marios	18	118	1	1	1_____	85669	1	0	0	0	0	1	0	0	0	0	0
C	Marios	18	118	1	1	1_____	85693	1	0	0	0	0	0	0	0	0	1	0
C	Marios	18	118	1	1	1_____	85702	1	0	0	0	0	1	0	0	0	0	0
C	Marios	18	118	1	1	1_____	85704	1	0	0	0	0	0	0	0	0	1	0
C	Marios	18	118	1	1	1_____	85706	1	0	0	0	0	1	0	0	0	0	0
C	Marios	18	118	1	1	1_____	85770	1	0	0	0	0	0	0	0	0	1	0
C	Marios	18	118	1	1	1_____	85790	1	0	0	0	0	1	0	0	0	0	0
C	Marios	18	118	1	1	1_____	85792	1	0	0	0	0	1	0	0	0	1	0
C	Marios	18	118	1	1	1_____	85795	1	0	0	0	0	0	0	0	0	1	0
C	Marios	18	118	1	1	1_____	85797	1	0	0	0	0	1	0	0	0	0	0
C	Marios	18	118	1	1	1_____	85850	1	0	0	0	0	0	0	0	0	1	0
C	Marios	18	118	1	1	1_____	85851	1	0	0	0	0	1	0	0	0	0	0
C	Marios	18	118	1	1	1_____	85852	1	0	0	0	0	0	0	0	0	1	0
C	Marios	18	118	1	1	1_____	85870	1	0	0	0	0	1	0	0	0	0	0
C	Marios	18	118	1	1	1_____	85884	1	0	0	0	0	0	0	0	0	1	0
C	Marios	18	118	1	1	1_____	85888	1	0	0	0	0	1	0	0	0	0	0
C	Marios	18	118	1	1	1_____	85911	1	0	0	0	0	0	0	0	0	1	0
C	Marios	18	118	1	1	1_____	85979	1	0	0	0	0	1	0	0	0	0	0
C	Marios	18	118	1	1	1_____	86006	1	0	0	0	0	0	0	0	0	1	0
C	Marios	18	118	1	1	1_____	90750	1	2	0	0	0	0	0	0	0	0	0
C	Marios	18	118	1	1	1_____	91250	2	12	0	0	0	0	0	0	0	0	0
C	Marios	18	118	1	1	1_____	91522	12	0	0	0	0	1	0	0	0	0	0
C	Marios	18	118	1	1	1_____	91680	12	0	0	0	0	0	0	0	0	1	0
C	Marios	18	118	1	1	1_____	91750	12	15	0	0	0	0	0	0	0	0	0
C	Marios	18	118	1	1	1_____	91838	15	0	0	0	0	1	0	0	0	0	0
C	Marios	18	118	1	1	1_____	91923	15	0	0	0	0	0	0	0	0	1	0
C	Marios	18	118	1	1	1_____	91929	15	0	0	0	0	1	0	0	0	0	0
C	Marios	18	118	1	1	1_____	92021	15	0	0	0	0	0	0	0	0	1	0
C	Marios	18	118	1	1	1_____	92027	15	0	0	0	0	1	0	0	0	0	0
C	Marios	18	118	1	1	1_____	92037	15	0	0	0	0	0	0	0	0	1	0
C	Marios	18	118	1	1	1_____	92043	15	0	0	0	0	1	0	0	0	0	0
C	Marios	18	118	1	1	1_____	92045	15	0	0	0	0	0	0	0	0	1	0
C	Marios	18	118	1	1	1_____	92046	15	0	0	0	0	1	0	0	0	0	0
C	Marios	18	118	1	1	1_____	92048	15	0	0	0	0	0	0	0	0	1	0
C	Marios	18	118	1	1	1_____	92059	15	0	0	0	0	1	0	0	0	0	0
C	Marios	18	118	1	1	1_____	92061	15	0	0	0	0	0	0	0	0	1	0
C	Marios	18	118	1	1	1_____	92062	15	0	0	0	0	1	0	0	0	0	0
C	Marios	18	118	1	1	1_____	92079	15	0	0	0	0	0	0	0	0	1	0
C	Marios	18	118	1	1	1_____	92088	15	0	0	0	0	1	0	0	0	0	0
C	Marios	18	118	1	1	1_____	92100	15	0	0	0	0	0	0	0	0	1	0
C	Marios	18	118	1	1	1_____	92108	15	0	0	0	0	1	0	0	0	0	0
C	Marios	18	118	1	1	1_____	92111	15	0	0	0	0	1	0	0	0	1	0
C	Marios	18	118	1	1	1_____	92164	15	0	0	0	0	0	0	0	0	1	0
C	Marios	18	118	1	1	1_____	92178	15	0	0	0	0	1	0	0	0	0	0
C	Marios	18	118	1	1	1_____	92219	15	0	0	0	0	0	0	0	0	1	0
C	Marios	18	118	1	1	1_____	92250	15	1	0	0	0	0	0	0	0	0	0
C	Marios	18	118	1	1	1_____	92326	1	0	0	0	0	1	0	0	0	0	0
C	Marios	18	118	1	1	1_____	92345	1	0	0	0	0	0	0	0	0	1	0
C	Marios	18	118	1	1	1_____	92350	1	0	0	0	0	1	0	0	0	0	0
C	Marios	18	118	1	1	1_____	92380	1	0	0	0	0	0	0	0	0	1	0
C	Marios	18	118	1	1	1_____	92384	1	0	0	0	0	1	0	0	0	0	0
C	Marios	18	118	1	1	1_____	92482	1	0	0	0	0	0	0	0	0	1	0
C	Marios	18	118	1	1	1_____	92861	1	0	0	0	0	1	0	0	0	0	0
C	Marios	18	118	1	1	1_____	92889	1	0	0	0	0	0	0	0	0	1	0
C	Marios	18	118	1	1	1_____	95750	1	2	0	0	0	0	0	0	0	0	0
C	Marios	18	118	1	1	1_____	96250	2	6	0	0	0	0	0	0	0	0	0
C	Marios	18	118	1	1	1_____	96299	6	0	0	0	0	1	0	0	0	0	0
C	Marios	18	118	1	1	1_____	96327	6	0	0	0	0	0	0	0	0	1	0
C	Marios	18	118	1	1	1_____	96393	6	0	0	0	0	1	0	0	0	0	0
C	Marios	18	118	1	1	1_____	96498	6	0	0	0	0	0	0	0	0	1	0
C	Marios	18	118	1	1	1_____	96590	6	0	0	0	0	1	0	0	0	0	0
C	Marios	18	118	1	1	1_____	96750	6	10	0	0	0	0	0	0	0	0	0
C	Marios	18	118	1	1	1_____	96915	10	0	0	0	0	0	0	0	0	1	0
C	Marios	18	118	1	1	1_____	96957	10	0	0	0	0	1	0	0	0	0	0
C	Marios	18	118	1	1	1_____	96974	10	0	0	0	0	0	0	0	0	1	0
C	Marios	18	118	1	1	1_____	96986	10	0	0	0	0	1	0	0	0	0	0
C	Marios	18	118	1	1	1_____	96999	10	0	0	0	0	0	0	0	0	1	0
C	Marios	18	118	1	1	1_____	97003	10	0	0	0	0	1	0	0	0	0	0
C	Marios	18	118	1	1	1_____	97011	10	0	0	0	0	1	0	0	0	1	0
C	Marios	18	118	1	1	1_____	97068	10	0	0	0	0	0	0	0	0	1	0
C	Marios	18	118	1	1	1_____	97250	10	1	0	0	0	0	0	0	0	0	0
C	Marios	18	118	1	1	1_____	100620	1	0	0	0	0	1	0	0	0	0	0
C	Marios	18	118	1	1	1_____	100721	1	0	0	0	0	0	0	0	0	1	0
C	Marios	18	118	1	1	1_____	104120	1	0	0	0	0	1	0	0	0	0	0
C	Marios	18	118	1	1	1_____	104209	1	0	0	0	0	0	0	0	0	1	0
C	Marios	18	118	1	1	1_____	104750	1	2	0	0	0	0	0	0	0	0	0
C	Marios	18	118	1	1	1_____	105250	2	12	0	0	0	0	0	0	0	0	0
C	Marios	18	118	1	1	1_____	105372	12	0	0	0	0	1	0	0	0	0	0
C	Marios	18	118	1	1	1_____	105390	12	0	0	0	0	0	0	0	0	1	0
C	Marios	18	118	1	1	1_____	105542	12	0	0	0	0	1	0	0	0	0	0
C	Marios	18	118	1	1	1_____	105573	12	0	0	0	0	0	0	0	0	1	0
C	Marios	18	118	1	1	1_____	105715	12	0	0	0	0	1	0	0	0	0	0
C	Marios	18	118	1	1	1_____	105750	12	15	0	0	0	0	0	0	0	0	0
C	Marios	18	118	1	1	1_____	105919	15	0	0	0	0	0	0	0	0	1	0
C	Marios	18	118	1	1	1_____	105926	15	0	0	0	0	1	0	0	0	0	0
C	Marios	18	118	1	1	1_____	105958	15	0	0	0	0	0	0	0	0	1	0
C	Marios	18	118	1	1	1_____	105964	15	0	0	0	0	1	0	0	0	0	0
C	Marios	18	118	1	1	1_____	105966	15	0	0	0	0	0	0	0	0	1	0
C	Marios	18	118	1	1	1_____	105969	15	0	0	0	0	1	0	0	0	0	0
C	Marios	18	118	1	1	1_____	106039	15	0	0	0	0	0	0	0	0	1	0
C	Marios	18	118	1	1	1_____	106049	15	0	0	0	0	1	0	0	0	0	0
C	Marios	18	118	1	1	1_____	106117	15	0	0	0	0	0	0	0	0	1	0
C	Marios	18	118	1	1	1_____	106250	15	1	0	0	0	0	0	0	0	0	0
C	Marios	18	118	1	1	1_____	106464	1	0	0	0	0	1	0	0	0	0	0
C	Marios	18	118	1	1	1_____	106495	1	0	0	0	0	0	0	0	0	1	0
C	Marios	18	118	1	1	1_____	107750	1	2	0	0	0	0	0	0	0	0	0
C	Marios	18	118	1	1	1_____	108250	2	13	0	0	0	0	0	0	0	0	0
C	Marios	18	118	1	1	1_____	108293	13	0	0	0	0	1	0	0	0	0	0
C	Marios	18	118	1	1	1_____	108308	13	0	0	0	0	0	0	0	0	1	0
C	Marios	18	118	1	1	1_____	108606	13	0	0	0	0	1	0	0	0	0	0
C	Marios	18	118	1	1	1_____	108651	13	0	0	0	0	0	0	0	0	1	0
C	Marios	18	118	1	1	1_____	108750	13	15	0	0	0	0	0	0	0	0	0
C	Marios	18	118	1	1	1_____	109250	15	1	0	0	0	0	0	0	0	0	0
C	Marios	18	118	1	1	1_____	114750	1	2	0	0	0	0	0	0	0	0	0
C	Marios	18	118	1	1	1_____	115250	2	13	0	0	0	0	0	0	0	0	0
C	Marios	18	118	1	1	1_____	115537	13	0	0	0	0	1	0	0	0	0	0
C	Marios	18	118	1	1	1_____	115560	13	0	0	0	0	0	0	0	0	1	0
C	Marios	18	118	1	1	1_____	115750	13	15	0	0	0	0	0	0	0	0	0
C	Marios	18	118	1	1	1_____	116250	15	1	0	0	0	0	0	0	0	0	0
C	Marios	18	118	1	1	1_____	118842	1	0	0	0	0	1	0	0	0	0	0
C	Marios	18	118	1	1	1_____	118852	1	0	0	0	0	0	0	0	0	1	0
C	Marios	18	118	1	1	1_____	118861	1	0	0	0	0	1	0	0	0	0	0
C	Marios	18	118	1	1	1_____	118881	1	0	0	0	0	1	0	0	0	1	0
C	Marios	18	118	1	1	1_____	118884	1	0	0	0	0	0	0	0	0	1	0
C	Marios	18	118	1	1	1_____	118918	1	0	0	0	0	1	0	0	0	0	0
C	Marios	18	118	1	1	1_____	119030	1	0	0	0	0	0	0	0	0	1	0
C	Marios	18	118	1	1	1_____	119262	1	0	0	0	0	1	0	0	0	0	0
C	Marios	18	118	1	1	1_____	119403	1	0	0	0	0	0	0	0	0	1	0
C	Marios	18	118	1	1	1_____	120483	1	0	0	0	0	1	0	0	0	0	0
C	Marios	18	118	1	1	1_____	120543	1	0	0	0	0	0	0	0	0	1	0
C	Marios	18	118	1	1	1_____	120750	1	2	0	0	0	0	0	0	0	0	0
C	Marios	18	118	1	1	1_____	121250	2	6	0	0	0	0	0	0	0	0	0
C	Marios	18	118	1	1	1_____	121349	6	0	0	0	0	1	0	0	0	0	0
C	Marios	18	118	1	1	1_____	121535	6	0	0	0	0	0	0	0	0	1	0
C	Marios	18	118	1	1	1_____	121540	6	0	0	0	0	1	0	0	0	0	0
C	Marios	18	118	1	1	1_____	121581	6	0	0	0	0	0	0	0	0	1	0
C	Marios	18	118	1	1	1_____	121584	6	0	0	0	0	1	0	0	0	0	0
C	Marios	18	118	1	1	1_____	121605	6	0	0	0	0	0	0	0	0	1	0
C	Marios	18	118	1	1	1_____	121613	6	0	0	0	0	1	0	0	0	0	0
C	Marios	18	118	1	1	1_____	121618	6	0	0	0	0	0	0	0	0	1	0
C	Marios	18	118	1	1	1_____	121623	6	0	0	0	0	1	0	0	0	0	0
C	Marios	18	118	1	1	1_____	121625	6	0	0	0	0	0	0	0	0	1	0
C	Marios	18	118	1	1	1_____	121630	6	0	0	0	0	1	0	0	0	0	0
C	Marios	18	118	1	1	1_____	121734	6	0	0	0	0	0	0	0	0	1	0
C	Marios	18	118	1	1	1_____	121735	6	0	0	0	0	1	0	0	0	0	0
C	Marios	18	118	1	1	1_____	121750	6	10	0	0	0	0	0	0	0	0	0
C	Marios	18	118	1	1	1_____	121770	10	0	0	0	0	0	0	0	0	1	0
C	Marios	18	118	1	1	1_____	121775	10	0	0	0	0	1	0	0	0	0	0
C	Marios	18	118	1	1	1_____	121784	10	0	0	0	0	0	0	0	0	1	0
C	Marios	18	118	1	1	1_____	121791	10	0	0	0	0	1	0	0	0	0	0
C	Marios	18	118	1	1	1_____	122032	10	0	0	0	0	0	0	0	0	1	0
C	Marios	18	118	1	1	1_____	122034	10	0	0	0	0	1	0	0	0	0	0
C	Marios	18	118	1	1	1_____	122089	10	0	0	0	0	0	0	0	0	1	0
C	Marios	18	118	1	1	1_____	122250	10	1	0	0	0	0	0	0	0	0	0
C	Marios	18	118	1	1	1_____	122477	1	0	0	0	0	1	0	0	0	0	0
C	Marios	18	118	1	1	1_____	122481	1	0	0	0	0	0	0	0	0	1	0
C	Marios	18	118	1	1	1_____	122649	1	0	0	0	0	1	0	0	0	0	0
C	Marios	18	118	1	1	1_____	122700	1	0	0	0	0	0	0	0	0	1	0
C	Marios	18	118	1	1	1_____	122981	1	0	0	0	0	1	0	0	0	0	0
C	Marios	18	118	1	1	1_____	123020	1	0	0	0	0	0	0	0	0	1	0
C	Marios	18	118	1	1	1_____	123567	1	0	0	0	0	1	0	0	0	0	0
C	Marios	18	118	1	1	1_____	123571	1	0	0	0	0	0	0	0	0	1	0
C	Marios	18	118	1	1	1_____	124263	1	0	0	0	0	1	0	0	0	0	0
C	Marios	18	118	1	1	1_____	124303	1	0	0	0	0	0	0	0	0	1	0
C	Marios	18	118	1	1	1_____	128250	1	2	0	0	0	0	0	0	0	0	0
C	Marios	18	118	1	1	1_____	128750	2	12	0	0	0	0	0	0	0	0	0
C	Marios	18	118	1	1	1_____	129250	12	15	0	0	0	0	0	0	0	0	0
C	Marios	18	118	1	1	1_____	129750	15	1	0	0	0	0	0	0	0	0	0
C	Marios	18	118	1	1	1_____	130127	1	0	0	0	0	1	0	0	0	0	0
C	Marios	18	118	1	1	1_____	130132	1	0	0	0	0	0	0	0	0	1	0
C	Marios	18	118	1	1	1_____	130142	1	0	0	0	0	1	0	0	0	0	0
C	Marios	18	118	1	1	1_____	130146	1	0	0	0	0	0	0	0	0	1	0
C	Marios	18	118	1	1	1_____	130147	1	0	0	0	0	1	0	0	0	0	0
C	Marios	18	118	1	1	1_____	130184	1	0	0	0	0	0	0	0	0	1	0
C	Marios	18	118	1	1	1_____	134250	1	2	0	0	0	0	0	0	0	0	0
C	Marios	18	118	1	1	1_____	134750	2	7	0	0	0	0	0	0	0	0	0
C	Marios	18	118	1	1	1_____	134871	7	0	0	0	0	1	0	0	0	0	0
C	Marios	18	118	1	1	1_____	135120	7	0	0	0	0	0	0	0	0	1	0
C	Marios	18	118	1	1	1_____	135155	7	0	0	0	0	1	0	0	0	0	0
C	Marios	18	118	1	1	1_____	135176	7	0	0	0	0	0	0	0	0	1	0
C	Marios	18	118	1	1	1_____	135180	7	0	0	0	0	1	0	0	0	0	0
C	Marios	18	118	1	1	1_____	135250	7	11	0	0	0	0	0	0	0	0	0
C	Marios	18	118	1	1	1_____	135265	11	0	0	0	0	0	0	0	0	1	0
C	Marios	18	118	1	1	1_____	135270	11	0	0	0	0	1	0	0	0	0	0
C	Marios	18	118	1	1	1_____	135293	11	0	0	0	0	0	0	0	0	1	0
C	Marios	18	118	1	1	1_____	135298	11	0	0	0	0	1	0	0	0	0	0
C	Marios	18	118	1	1	1_____	135390	11	0	0	0	0	0	0	0	0	1	0
C	Marios	18	118	1	1	1_____	135391	11	0	0	0	0	1	0	0	0	0	0
C	Marios	18	118	1	1	1_____	135393	11	0	0	0	0	0	0	0	0	1	0
C	Marios	18	118	1	1	1_____	135488	11	0	0	0	0	1	0	0	0	0	0
C	Marios	18	118	1	1	1_____	135493	11	0	0	0	0	0	0	0	0	1	0
C	Marios	18	118	1	1	1_____	135564	11	0	0	0	0	1	0	0	0	0	0
C	Marios	18	118	1	1	1_____	135566	11	0	0	0	0	0	0	0	0	1	0
C	Marios	18	118	1	1	1_____	135574	11	0	0	0	0	1	0	0	0	0	0
C	Marios	18	118	1	1	1_____	135576	11	0	0	0	0	0	0	0	0	1	0
C	Marios	18	118	1	1	1_____	135577	11	0	0	0	0	1	0	0	0	0	0
C	Marios	18	118	1	1	1_____	135583	11	0	0	0	0	0	0	0	0	1	0
C	Marios	18	118	1	1	1_____	135615	11	0	0	0	0	1	0	0	0	0	0
C	Marios	18	118	1	1	1_____	135617	11	0	0	0	0	0	0	0	0	1	0
C	Marios	18	118	1	1	1_____	135679	11	0	0	0	0	1	0	0	0	0	0
C	Marios	18	118	1	1	1_____	135682	11	0	0	0	0	0	0	0	0	1	0
C	Marios	18	118	1	1	1_____	135686	11	0	0	0	0	1	0	0	0	0	0
C	Marios	18	118	1	1	1_____	135723	11	0	0	0	0	0	0	0	0	1	0
C	Marios	18	118	1	1	1_____	135729	11	0	0	0	0	1	0	0	0	0	0
C	Marios	18	118	1	1	1_____	135750	11	1	0	0	0	0	0	0	0	0	0
C	Marios	18	118	1	1	1_____	135802	1	0	0	0	0	1	0	0	0	1	0
C	Marios	18	118	1	1	1_____	135806	1	0	0	0	0	0	0	0	0	1	0
C	Marios	18	118	1	1	1_____	135811	1	0	0	0	0	1	0	0	0	0	0
C	Marios	18	118	1	1	1_____	135825	1	0	0	0	0	0	0	0	0	1	0
C	Marios	18	118	1	1	1_____	135830	1	0	0	0	0	1	0	0	0	0	0
C	Marios	18	118	1	1	1_____	135961	1	0	0	0	0	0	0	0	0	1	0
C	Marios	18	118	1	1	1_____	142500	1	2	0	0	0	0	0	0	0	0	0
C	Marios	18	118	1	1	1_____	143000	2	12	0	0	0	0	0	0	0	0	0
C	Marios	18	118	1	1	1_____	143500	12	15	0	0	0	0	0	0	0	0	0
C	Marios	18	118	1	1	1_____	143580	15	0	0	0	0	1	0	0	0	0	0
C	Marios	18	118	1	1	1_____	143657	15	0	0	0	0	0	0	0	0	1	0
C	Marios	18	118	1	1	1_____	144000	15	14	0	0	0	0	0	0	0	0	0
C	Marios	18	118	1	1	1_____	144118	14	0	0	0	0	1	0	0	0	0	0
C	Marios	18	118	1	1	1_____	144127	14	0	0	0	0	0	0	0	0	1	0
C	Marios	18	118	1	1	1_____	145269	14	0	0	0	0	1	0	0	0	0	0
C	Marios	18	118	1	1	1_____	145290	14	0	0	0	0	0	0	0	0	1	0
C	Marios	18	118	1	1	1_____	147000	14	-1	0	0	0	0	0	0	0	0	0
C	Marios	18	118	5	1	26____	0	0	1	0	0	0	0	0	0	0	0	0
C	Marios	18	118	5	1	26____	1259	1	0	0	0	0	1	0	0	0	0	0
C	Marios	18	118	5	1	26____	1266	1	0	0	0	0	0	0	0	0	1	0
C	Marios	18	118	5	1	26____	1267	1	0	0	0	0	1	0	0	0	0	0
C	Marios	18	118	5	1	26____	1275	1	0	0	0	0	1	0	0	0	1	0
C	Marios	18	118	5	1	26____	1357	1	0	0	0	0	0	0	0	0	1	0
C	Marios	18	118	5	1	26____	3306	1	0	0	0	0	1	0	0	0	0	0
C	Marios	18	118	5	1	26____	3376	1	0	0	0	0	0	0	0	0	1	0
C	Marios	18	118	5	1	26____	4335	1	0	0	0	0	1	0	0	0	0	0
C	Marios	18	118	5	1	26____	4351	1	0	0	0	0	0	0	0	0	1	0
C	Marios	18	118	5	1	26____	4500	1	2	0	0	0	0	0	0	0	0	0
C	Marios	18	118	5	1	26____	5000	2	6	0	0	0	0	0	0	0	0	0
C	Marios	18	118	5	1	26____	5284	6	0	0	0	0	1	0	0	0	0	0
C	Marios	18	118	5	1	26____	5313	6	0	0	0	0	0	0	0	0	1	0
C	Marios	18	118	5	1	26____	5368	6	0	0	0	0	1	0	0	0	0	0
C	Marios	18	118	5	1	26____	5463	6	0	0	0	0	0	0	0	0	1	0
C	Marios	18	118	5	1	26____	5500	6	10	0	0	0	0	0	0	0	0	0
C	Marios	18	118	5	1	26____	5528	10	0	0	0	0	1	0	0	0	0	0
C	Marios	18	118	5	1	26____	5646	10	0	0	0	0	0	0	0	0	1	0
C	Marios	18	118	5	1	26____	5654	10	0	0	0	0	1	0	0	0	0	0
C	Marios	18	118	5	1	26____	5667	10	0	0	0	0	0	0	0	0	1	0
C	Marios	18	118	5	1	26____	5669	10	0	0	0	0	1	0	0	0	0	0
C	Marios	18	118	5	1	26____	5671	10	0	0	0	0	0	0	0	0	1	0
C	Marios	18	118	5	1	26____	5944	10	0	0	0	0	1	0	0	0	0	0
C	Marios	18	118	5	1	26____	5959	10	0	0	0	0	0	0	0	0	1	0
C	Marios	18	118	5	1	26____	6000	10	1	0	0	0	0	0	0	0	0	0
C	Marios	18	118	5	1	26____	8087	1	0	0	0	0	1	0	0	0	0	0
C	Marios	18	118	5	1	26____	8162	1	0	0	0	0	0	0	0	0	1	0
C	Marios	18	118	5	1	26____	9767	1	0	0	0	0	1	0	0	0	0	0
C	Marios	18	118	5	1	26____	9786	1	0	0	0	0	0	0	0	0	1	0
C	Marios	18	118	5	1	26____	10777	1	0	0	0	0	1	0	0	0	0	0
C	Marios	18	118	5	1	26____	10813	1	0	0	0	0	0	0	0	0	1	0
C	Marios	18	118	5	1	26____	12047	1	0	0	0	0	1	0	0	0	0	0
C	Marios	18	118	5	1	26____	12068	1	0	0	0	0	0	0	0	0	1	0
C	Marios	18	118	5	1	26____	12750	1	2	0	0	0	0	0	0	0	0	0
C	Marios	18	118	5	1	26____	13250	2	12	0	0	0	0	0	0	0	0	0
C	Marios	18	118	5	1	26____	13750	12	15	0	0	0	0	0	0	0	0	0
C	Marios	18	118	5	1	26____	13921	15	0	0	0	0	1	0	0	0	0	0
C	Marios	18	118	5	1	26____	13927	15	0	0	0	0	0	0	0	0	1	0
C	Marios	18	118	5	1	26____	13928	15	0	0	0	0	1	0	0	0	0	0
C	Marios	18	118	5	1	26____	13932	15	0	0	0	0	0	0	0	0	1	0
C	Marios	18	118	5	1	26____	13934	15	0	0	0	0	1	0	0	0	0	0
C	Marios	18	118	5	1	26____	13936	15	0	0	0	0	0	0	0	0	1	0
C	Marios	18	118	5	1	26____	13937	15	0	0	0	0	1	0	0	0	0	0
C	Marios	18	118	5	1	26____	13946	15	0	0	0	0	0	0	0	0	1	0
C	Marios	18	118	5	1	26____	14250	15	1	0	0	0	0	0	0	0	0	0
C	Marios	18	118	5	1	26____	15632	1	0	0	0	0	1	0	0	0	0	0
C	Marios	18	118	5	1	26____	15691	1	0	0	0	0	0	0	0	0	1	0
C	Marios	18	118	5	1	26____	15758	1	0	0	0	0	1	0	0	0	0	0
C	Marios	18	118	5	1	26____	15777	1	0	0	0	0	0	0	0	0	1	0
C	Marios	18	118	5	1	26____	17872	1	0	0	0	0	1	0	0	0	0	0
C	Marios	18	118	5	1	26____	17933	1	0	0	0	0	0	0	0	0	1	0
C	Marios	18	118	5	1	26____	17938	1	0	0	0	0	1	0	0	0	0	0
C	Marios	18	118	5	1	26____	18035	1	0	0	0	0	0	0	0	0	1	0
C	Marios	18	118	5	1	26____	18401	1	0	0	0	0	1	0	0	0	0	0
C	Marios	18	118	5	1	26____	18404	1	0	0	0	0	0	0	0	0	1	0
C	Marios	18	118	5	1	26____	18604	1	0	0	0	0	1	0	0	0	0	0
C	Marios	18	118	5	1	26____	18626	1	0	0	0	0	0	0	0	0	1	0
C	Marios	18	118	5	1	26____	18699	1	0	0	0	0	1	0	0	0	0	0
C	Marios	18	118	5	1	26____	18704	1	0	0	0	0	0	0	0	0	1	0
C	Marios	18	118	5	1	26____	18725	1	0	0	0	0	1	0	0	0	0	0
C	Marios	18	118	5	1	26____	18753	1	0	0	0	0	1	0	0	0	1	0
C	Marios	18	118	5	1	26____	18991	1	0	0	0	0	0	0	0	0	1	0
C	Marios	18	118	5	1	26____	18992	1	0	0	0	0	1	0	0	0	0	0
C	Marios	18	118	5	1	26____	19005	1	0	0	0	0	0	0	0	0	1	0
C	Marios	18	118	5	1	26____	19013	1	0	0	0	0	1	0	0	0	0	0
C	Marios	18	118	5	1	26____	19059	1	0	0	0	0	0	0	0	0	1	0
C	Marios	18	118	5	1	26____	19061	1	0	0	0	0	1	0	0	0	0	0
C	Marios	18	118	5	1	26____	19076	1	0	0	0	0	0	0	0	0	1	0
C	Marios	18	118	5	1	26____	19086	1	0	0	0	0	1	0	0	0	0	0
C	Marios	18	118	5	1	26____	19089	1	0	0	0	0	0	0	0	0	1	0
C	Marios	18	118	5	1	26____	19134	1	0	0	0	0	1	0	0	0	0	0
C	Marios	18	118	5	1	26____	19157	1	0	0	0	0	0	0	0	0	1	0
C	Marios	18	118	5	1	26____	19218	1	0	0	0	0	1	0	0	0	0	0
C	Marios	18	118	5	1	26____	19409	1	0	0	0	0	0	0	0	0	1	0
C	Marios	18	118	5	1	26____	19497	1	0	0	0	0	1	0	0	0	0	0
C	Marios	18	118	5	1	26____	19576	1	0	0	0	0	0	0	0	0	1	0
C	Marios	18	118	5	1	26____	19634	1	0	0	0	0	1	0	0	0	0	0
C	Marios	18	118	5	1	26____	19641	1	0	0	0	0	0	0	0	0	1	0
C	Marios	18	118	5	1	26____	19722	1	0	0	0	0	1	0	0	0	0	0
C	Marios	18	118	5	1	26____	19738	1	0	0	0	0	0	0	0	0	1	0
C	Marios	18	118	5	1	26____	19811	1	0	0	0	0	1	0	0	0	0	0
C	Marios	18	118	5	1	26____	19918	1	0	0	0	0	0	0	0	0	1	0
C	Marios	18	118	5	1	26____	20088	1	0	0	0	0	1	0	0	0	0	0
C	Marios	18	118	5	1	26____	20099	1	0	0	0	0	0	0	0	0	1	0
C	Marios	18	118	5	1	26____	21115	1	0	0	0	0	1	0	0	0	0	0
C	Marios	18	118	5	1	26____	21130	1	0	0	0	0	0	0	0	0	1	0
C	Marios	18	118	5	1	26____	21750	1	2	0	0	0	0	0	0	0	0	0
C	Marios	18	118	5	1	26____	21923	2	0	0	0	0	1	0	0	0	0	0
C	Marios	18	118	5	1	26____	22085	2	0	0	0	0	0	0	0	0	1	0
C	Marios	18	118	5	1	26____	22120	2	0	0	0	0	1	0	0	0	0	0
C	Marios	18	118	5	1	26____	22122	2	0	0	0	0	0	0	0	0	1	0
C	Marios	18	118	5	1	26____	22250	2	13	0	0	0	0	0	0	0	0	0
C	Marios	18	118	5	1	26____	22617	13	0	0	0	0	1	0	0	0	0	0
C	Marios	18	118	5	1	26____	22631	13	0	0	0	0	0	0	0	0	1	0
C	Marios	18	118	5	1	26____	22635	13	0	0	0	0	1	0	0	0	0	0
C	Marios	18	118	5	1	26____	22637	13	0	0	0	0	0	0	0	0	1	0
C	Marios	18	118	5	1	26____	22642	13	0	0	0	0	1	0	0	0	0	0
C	Marios	18	118	5	1	26____	22645	13	0	0	0	0	0	0	0	0	1	0
C	Marios	18	118	5	1	26____	22735	13	0	0	0	0	1	0	0	0	0	0
C	Marios	18	118	5	1	26____	22750	13	15	0	0	0	0	0	0	0	0	0
C	Marios	18	118	5	1	26____	22752	15	0	0	0	0	0	0	0	0	1	0
C	Marios	18	118	5	1	26____	22802	15	0	0	0	0	1	0	0	0	0	0
C	Marios	18	118	5	1	26____	22811	15	0	0	0	0	0	0	0	0	1	0
C	Marios	18	118	5	1	26____	23250	15	1	0	0	0	0	0	0	0	0	0
C	Marios	18	118	5	1	26____	23350	1	0	0	0	0	1	0	0	0	0	0
C	Marios	18	118	5	1	26____	23365	1	0	0	0	0	0	0	0	0	1	0
C	Marios	18	118	5	1	26____	24750	1	2	0	0	0	0	0	0	0	0	0
C	Marios	18	118	5	1	26____	24866	2	0	0	0	0	1	0	0	0	0	0
C	Marios	18	118	5	1	26____	24916	2	0	0	0	0	0	0	0	0	1	0
C	Marios	18	118	5	1	26____	25250	2	7	0	0	0	0	0	0	0	0	0
C	Marios	18	118	5	1	26____	25346	7	0	0	0	0	1	0	0	0	0	0
C	Marios	18	118	5	1	26____	25546	7	0	0	0	0	0	0	0	0	1	0
C	Marios	18	118	5	1	26____	25593	7	0	0	0	0	1	0	0	0	0	0
C	Marios	18	118	5	1	26____	25658	7	0	0	0	0	0	0	0	0	1	0
C	Marios	18	118	5	1	26____	25712	7	0	0	0	0	1	0	0	0	0	0
C	Marios	18	118	5	1	26____	25750	7	11	0	0	0	0	0	0	0	0	0
C	Marios	18	118	5	1	26____	25906	11	0	0	0	0	0	0	0	0	1	0
C	Marios	18	118	5	1	26____	25923	11	0	0	0	0	1	0	0	0	0	0
C	Marios	18	118	5	1	26____	25948	11	0	0	0	0	0	0	0	0	1	0
C	Marios	18	118	5	1	26____	25951	11	0	0	0	0	1	0	0	0	0	0
C	Marios	18	118	5	1	26____	25959	11	0	0	0	0	0	0	0	0	1	0
C	Marios	18	118	5	1	26____	25962	11	0	0	0	0	1	0	0	0	0	0
C	Marios	18	118	5	1	26____	25973	11	0	0	0	0	0	0	0	0	1	0
C	Marios	18	118	5	1	26____	25995	11	0	0	0	0	1	0	0	0	0	0
C	Marios	18	118	5	1	26____	26073	11	0	0	0	0	0	0	0	0	1	0
C	Marios	18	118	5	1	26____	26243	11	0	0	0	0	1	0	0	0	0	0
C	Marios	18	118	5	1	26____	26250	11	1	0	0	0	0	0	0	0	0	0
C	Marios	18	118	5	1	26____	26316	1	0	0	0	0	0	0	0	0	1	0
C	Marios	18	118	5	1	26____	26318	1	0	0	0	0	1	0	0	0	0	0
C	Marios	18	118	5	1	26____	26322	1	0	0	0	0	0	0	0	0	1	0
C	Marios	18	118	5	1	26____	26324	1	0	0	0	0	1	0	0	0	0	0
C	Marios	18	118	5	1	26____	26443	1	0	0	0	0	0	0	0	0	1	0
C	Marios	18	118	5	1	26____	27743	1	0	0	0	0	1	0	0	0	0	0
C	Marios	18	118	5	1	26____	27813	1	0	0	0	0	0	0	0	0	1	0
C	Marios	18	118	5	1	26____	27902	1	0	0	0	0	1	0	0	0	0	0
C	Marios	18	118	5	1	26____	27941	1	0	0	0	0	0	0	0	0	1	0
C	Marios	18	118	5	1	26____	29178	1	0	0	0	0	1	0	0	0	0	0
C	Marios	18	118	5	1	26____	29206	1	0	0	0	0	0	0	0	0	1	0
C	Marios	18	118	5	1	26____	30000	1	2	0	0	0	0	0	0	0	0	0
C	Marios	18	118	5	1	26____	30500	2	13	0	0	0	0	0	0	0	0	0
C	Marios	18	118	5	1	26____	31000	13	15	0	0	0	0	0	0	0	0	0
C	Marios	18	118	5	1	26____	31500	15	1	0	0	0	0	0	0	0	0	0
C	Marios	18	118	5	1	26____	31593	1	0	0	0	0	1	0	0	0	0	0
C	Marios	18	118	5	1	26____	31627	1	0	0	0	0	0	0	0	0	1	0
C	Marios	18	118	5	1	26____	31628	1	0	0	0	0	1	0	0	0	0	0
C	Marios	18	118	5	1	26____	31689	1	0	0	0	0	0	0	0	0	1	0
C	Marios	18	118	5	1	26____	31690	1	0	0	0	0	1	0	0	0	0	0
C	Marios	18	118	5	1	26____	31722	1	0	0	0	0	0	0	0	0	1	0
C	Marios	18	118	5	1	26____	31783	1	0	0	0	0	1	0	0	0	0	0
C	Marios	18	118	5	1	26____	31903	1	0	0	0	0	0	0	0	0	1	0
C	Marios	18	118	5	1	26____	31905	1	0	0	0	0	1	0	0	0	0	0
C	Marios	18	118	5	1	26____	31950	1	0	0	0	0	0	0	0	0	1	0
C	Marios	18	118	5	1	26____	32019	1	0	0	0	0	1	0	0	0	0	0
C	Marios	18	118	5	1	26____	32021	1	0	0	0	0	0	0	0	0	1	0
C	Marios	18	118	5	1	26____	32054	1	0	0	0	0	1	0	0	0	0	0
C	Marios	18	118	5	1	26____	32162	1	0	0	0	0	0	0	0	0	1	0
C	Marios	18	118	5	1	26____	32236	1	0	0	0	0	1	0	0	0	0	0
C	Marios	18	118	5	1	26____	32280	1	0	0	0	0	0	0	0	0	1	0
C	Marios	18	118	5	1	26____	32328	1	0	0	0	0	1	0	0	0	0	0
C	Marios	18	118	5	1	26____	32437	1	0	0	0	0	0	0	0	0	1	0
C	Marios	18	118	5	1	26____	32592	1	0	0	0	0	1	0	0	0	0	0
C	Marios	18	118	5	1	26____	32626	1	0	0	0	0	0	0	0	0	1	0
C	Marios	18	118	5	1	26____	34521	1	0	0	0	0	1	0	0	0	0	0
C	Marios	18	118	5	1	26____	34553	1	0	0	0	0	0	0	0	0	1	0
C	Marios	18	118	5	1	26____	35830	1	0	0	0	0	1	0	0	0	0	0
C	Marios	18	118	5	1	26____	35835	1	0	0	0	0	0	0	0	0	1	0
C	Marios	18	118	5	1	26____	35837	1	0	0	0	0	1	0	0	0	0	0
C	Marios	18	118	5	1	26____	35991	1	0	0	0	0	0	0	0	0	1	0
C	Marios	18	118	5	1	26____	36049	1	0	0	0	0	1	0	0	0	0	0
C	Marios	18	118	5	1	26____	36248	1	0	0	0	0	0	0	0	0	1	0
C	Marios	18	118	5	1	26____	36252	1	0	0	0	0	1	0	0	0	0	0
C	Marios	18	118	5	1	26____	36296	1	0	0	0	0	0	0	0	0	1	0
C	Marios	18	118	5	1	26____	36376	1	0	0	0	0	1	0	0	0	0	0
C	Marios	18	118	5	1	26____	36535	1	0	0	0	0	0	0	0	0	1	0
C	Marios	18	118	5	1	26____	36741	1	0	0	0	0	1	0	0	0	0	0
C	Marios	18	118	5	1	26____	36770	1	0	0	0	0	0	0	0	0	1	0
C	Marios	18	118	5	1	26____	37500	1	2	0	0	0	0	0	0	0	0	0
C	Marios	18	118	5	1	26____	38000	2	12	0	0	0	0	0	0	0	0	0
C	Marios	18	118	5	1	26____	38218	12	0	0	0	0	1	0	0	0	0	0
C	Marios	18	118	5	1	26____	38325	12	0	0	0	0	0	0	0	0	1	0
C	Marios	18	118	5	1	26____	38391	12	0	0	0	0	1	0	0	0	0	0
C	Marios	18	118	5	1	26____	38500	12	15	0	0	0	0	0	0	0	0	0
C	Marios	18	118	5	1	26____	38562	15	0	0	0	0	0	0	0	0	1	0
C	Marios	18	118	5	1	26____	38602	15	0	0	0	0	1	0	0	0	0	0
C	Marios	18	118	5	1	26____	38703	15	0	0	0	0	0	0	0	0	1	0
C	Marios	18	118	5	1	26____	38760	15	0	0	0	0	1	0	0	0	0	0
C	Marios	18	118	5	1	26____	38876	15	0	0	0	0	0	0	0	0	1	0
C	Marios	18	118	5	1	26____	38932	15	0	0	0	0	1	0	0	0	0	0
C	Marios	18	118	5	1	26____	38972	15	0	0	0	0	0	0	0	0	1	0
C	Marios	18	118	5	1	26____	39000	15	1	0	0	0	0	0	0	0	0	0
C	Marios	18	118	5	1	26____	39025	1	0	0	0	0	1	0	0	0	0	0
C	Marios	18	118	5	1	26____	39167	1	0	0	0	0	0	0	0	0	1	0
C	Marios	18	118	5	1	26____	39224	1	0	0	0	0	1	0	0	0	0	0
C	Marios	18	118	5	1	26____	39270	1	0	0	0	0	0	0	0	0	1	0
C	Marios	18	118	5	1	26____	39326	1	0	0	0	0	1	0	0	0	0	0
C	Marios	18	118	5	1	26____	39366	1	0	0	0	0	0	0	0	0	1	0
C	Marios	18	118	5	1	26____	39436	1	0	0	0	0	1	0	0	0	0	0
C	Marios	18	118	5	1	26____	39477	1	0	0	0	0	0	0	0	0	1	0
C	Marios	18	118	5	1	26____	39561	1	0	0	0	0	1	0	0	0	0	0
C	Marios	18	118	5	1	26____	39808	1	0	0	0	0	0	0	0	0	1	0
C	Marios	18	118	5	1	26____	39878	1	0	0	0	0	1	0	0	0	0	0
C	Marios	18	118	5	1	26____	40022	1	0	0	0	0	0	0	0	0	1	0
C	Marios	18	118	5	1	26____	41250	1	2	0	0	0	0	0	0	0	0	0
C	Marios	18	118	5	1	26____	41750	2	12	0	0	0	0	0	0	0	0	0
C	Marios	18	118	5	1	26____	41796	12	0	0	0	0	1	0	0	0	0	0
C	Marios	18	118	5	1	26____	41840	12	0	0	0	0	0	0	0	0	1	0
C	Marios	18	118	5	1	26____	41931	12	0	0	0	0	1	0	0	0	0	0
C	Marios	18	118	5	1	26____	42048	12	0	0	0	0	0	0	0	0	1	0
C	Marios	18	118	5	1	26____	42152	12	0	0	0	0	1	0	0	0	0	0
C	Marios	18	118	5	1	26____	42250	12	15	0	0	0	0	0	0	0	0	0
C	Marios	18	118	5	1	26____	42261	15	0	0	0	0	0	0	0	0	1	0
C	Marios	18	118	5	1	26____	42327	15	0	0	0	0	1	0	0	0	0	0
C	Marios	18	118	5	1	26____	42341	15	0	0	0	0	0	0	0	0	1	0
C	Marios	18	118	5	1	26____	42373	15	0	0	0	0	1	0	0	0	0	0
C	Marios	18	118	5	1	26____	42468	15	0	0	0	0	0	0	0	0	1	0
C	Marios	18	118	5	1	26____	42601	15	0	0	0	0	1	0	0	0	0	0
C	Marios	18	118	5	1	26____	42623	15	0	0	0	0	0	0	0	0	1	0
C	Marios	18	118	5	1	26____	42750	15	1	0	0	0	0	0	0	0	0	0
C	Marios	18	118	5	1	26____	44457	1	0	0	0	0	1	0	0	0	0	0
C	Marios	18	118	5	1	26____	44510	1	0	0	0	0	0	0	0	0	1	0
C	Marios	18	118	5	1	26____	45750	1	2	0	0	0	0	0	0	0	0	0
C	Marios	18	118	5	1	26____	46033	2	0	0	0	0	1	0	0	0	0	0
C	Marios	18	118	5	1	26____	46050	2	0	0	0	0	0	0	0	0	1	0
C	Marios	18	118	5	1	26____	46054	2	0	0	0	0	1	0	0	0	0	0
C	Marios	18	118	5	1	26____	46064	2	0	0	0	0	0	0	0	0	1	0
C	Marios	18	118	5	1	26____	46068	2	0	0	0	0	1	0	0	0	0	0
C	Marios	18	118	5	1	26____	46087	2	0	0	0	0	0	0	0	0	1	0
C	Marios	18	118	5	1	26____	46214	2	0	0	0	0	1	0	0	0	0	0
C	Marios	18	118	5	1	26____	46246	2	0	0	0	0	0	0	0	0	1	0
C	Marios	18	118	5	1	26____	46250	2	7	0	0	0	0	0	0	0	0	0
C	Marios	18	118	5	1	26____	46384	7	0	0	0	0	1	0	0	0	0	0
C	Marios	18	118	5	1	26____	46602	7	0	0	0	0	0	0	0	0	1	0
C	Marios	18	118	5	1	26____	46642	7	0	0	0	0	1	0	0	0	0	0
C	Marios	18	118	5	1	26____	46750	7	11	0	0	0	0	0	0	0	0	0
C	Marios	18	118	5	1	26____	46893	11	0	0	0	0	0	0	0	0	1	0
C	Marios	18	118	5	1	26____	46932	11	0	0	0	0	1	0	0	0	0	0
C	Marios	18	118	5	1	26____	46940	11	0	0	0	0	0	0	0	0	1	0
C	Marios	18	118	5	1	26____	46943	11	0	0	0	0	1	0	0	0	0	0
C	Marios	18	118	5	1	26____	46946	11	0	0	0	0	0	0	0	0	1	0
C	Marios	18	118	5	1	26____	46948	11	0	0	0	0	1	0	0	0	0	0
C	Marios	18	118	5	1	26____	47043	11	0	0	0	0	0	0	0	0	1	0
C	Marios	18	118	5	1	26____	47044	11	0	0	0	0	1	0	0	0	0	0
C	Marios	18	118	5	1	26____	47048	11	0	0	0	0	0	0	0	0	1	0
C	Marios	18	118	5	1	26____	47050	11	0	0	0	0	1	0	0	0	0	0
C	Marios	18	118	5	1	26____	47061	11	0	0	0	0	0	0	0	0	1	0
C	Marios	18	118	5	1	26____	47084	11	0	0	0	0	1	0	0	0	0	0
C	Marios	18	118	5	1	26____	47092	11	0	0	0	0	0	0	0	0	1	0
C	Marios	18	118	5	1	26____	47130	11	0	0	0	0	1	0	0	0	0	0
C	Marios	18	118	5	1	26____	47139	11	0	0	0	0	0	0	0	0	1	0
C	Marios	18	118	5	1	26____	47141	11	0	0	0	0	1	0	0	0	0	0
C	Marios	18	118	5	1	26____	47153	11	0	0	0	0	0	0	0	0	1	0
C	Marios	18	118	5	1	26____	47250	11	1	0	0	0	0	0	0	0	0	0
C	Marios	18	118	5	1	26____	47623	1	0	0	0	0	1	0	0	0	0	0
C	Marios	18	118	5	1	26____	47644	1	0	0	0	0	0	0	0	0	1	0
C	Marios	18	118	5	1	26____	47646	1	0	0	0	0	1	0	0	0	0	0
C	Marios	18	118	5	1	26____	47649	1	0	0	0	0	0	0	0	0	1	0
C	Marios	18	118	5	1	26____	47654	1	0	0	0	0	1	0	0	0	0	0
C	Marios	18	118	5	1	26____	47718	1	0	0	0	0	1	0	0	0	1	0
C	Marios	18	118	5	1	26____	47743	1	0	0	0	0	0	0	0	0	1	0
C	Marios	18	118	5	1	26____	47793	1	0	0	0	0	1	0	0	0	0	0
C	Marios	18	118	5	1	26____	47796	1	0	0	0	0	0	0	0	0	1	0
C	Marios	18	118	5	1	26____	47825	1	0	0	0	0	1	0	0	0	0	0
C	Marios	18	118	5	1	26____	47914	1	0	0	0	0	0	0	0	0	1	0
C	Marios	18	118	5	1	26____	47918	1	0	0	0	0	1	0	0	0	0	0
C	Marios	18	118	5	1	26____	47944	1	0	0	0	0	0	0	0	0	1	0
C	Marios	18	118	5	1	26____	50921	1	0	0	0	0	1	0	0	0	0	0
C	Marios	18	118	5	1	26____	50925	1	0	0	0	0	0	0	0	0	1	0
C	Marios	18	118	5	1	26____	50929	1	0	0	0	0	1	0	0	0	0	0
C	Marios	18	118	5	1	26____	51039	1	0	0	0	0	0	0	0	0	1	0
C	Marios	18	118	5	1	26____	51064	1	0	0	0	0	1	0	0	0	0	0
C	Marios	18	118	5	1	26____	51066	1	0	0	0	0	0	0	0	0	1	0
C	Marios	18	118	5	1	26____	51285	1	0	0	0	0	1	0	0	0	0	0
C	Marios	18	118	5	1	26____	51325	1	0	0	0	0	0	0	0	0	1	0
C	Marios	18	118	5	1	26____	51363	1	0	0	0	0	1	0	0	0	0	0
C	Marios	18	118	5	1	26____	51547	1	0	0	0	0	0	0	0	0	1	0
C	Marios	18	118	5	1	26____	51593	1	0	0	0	0	1	0	0	0	0	0
C	Marios	18	118	5	1	26____	51630	1	0	0	0	0	0	0	0	0	1	0
C	Marios	18	118	5	1	26____	51809	1	0	0	0	0	1	0	0	0	0	0
C	Marios	18	118	5	1	26____	51824	1	0	0	0	0	0	0	0	0	1	0
C	Marios	18	118	5	1	26____	52546	1	0	0	0	0	1	0	0	0	0	0
C	Marios	18	118	5	1	26____	52591	1	0	0	0	0	0	0	0	0	1	0
C	Marios	18	118	5	1	26____	52672	1	0	0	0	0	1	0	0	0	0	0
C	Marios	18	118	5	1	26____	52750	1	2	0	0	0	0	0	0	0	0	0
C	Marios	18	118	5	1	26____	52887	2	0	0	0	0	0	0	0	0	1	0
C	Marios	18	118	5	1	26____	52948	2	0	0	0	0	1	0	0	0	0	0
C	Marios	18	118	5	1	26____	52957	2	0	0	0	0	0	0	0	0	1	0
C	Marios	18	118	5	1	26____	53080	2	0	0	0	0	1	0	0	0	0	0
C	Marios	18	118	5	1	26____	53177	2	0	0	0	0	0	0	0	0	1	0
C	Marios	18	118	5	1	26____	53250	2	12	0	0	0	0	0	0	0	0	0
C	Marios	18	118	5	1	26____	53350	12	0	0	0	0	1	0	0	0	0	0
C	Marios	18	118	5	1	26____	53726	12	0	0	0	0	0	0	0	0	1	0
C	Marios	18	118	5	1	26____	53750	12	15	0	0	0	0	0	0	0	0	0
C	Marios	18	118	5	1	26____	53785	15	0	0	0	0	1	0	0	0	0	0
C	Marios	18	118	5	1	26____	53954	15	0	0	0	0	1	0	0	0	1	0
C	Marios	18	118	5	1	26____	53958	15	0	0	0	0	0	0	0	0	1	0
C	Marios	18	118	5	1	26____	53963	15	0	0	0	0	1	0	0	0	0	0
C	Marios	18	118	5	1	26____	53985	15	0	0	0	0	0	0	0	0	1	0
C	Marios	18	118	5	1	26____	54009	15	0	0	0	0	1	0	0	0	0	0
C	Marios	18	118	5	1	26____	54041	15	0	0	0	0	0	0	0	0	1	0
C	Marios	18	118	5	1	26____	54101	15	0	0	0	0	1	0	0	0	0	0
C	Marios	18	118	5	1	26____	54109	15	0	0	0	0	0	0	0	0	1	0
C	Marios	18	118	5	1	26____	54236	15	0	0	0	0	1	0	0	0	0	0
C	Marios	18	118	5	1	26____	54250	15	1	0	0	0	0	0	0	0	0	0
C	Marios	18	118	5	1	26____	54290	1	0	0	0	0	0	0	0	0	1	0
C	Marios	18	118	5	1	26____	54316	1	0	0	0	0	1	0	0	0	0	0
C	Marios	18	118	5	1	26____	54464	1	0	0	0	0	0	0	0	0	1	0
C	Marios	18	118	5	1	26____	54578	1	0	0	0	0	1	0	0	0	0	0
C	Marios	18	118	5	1	26____	54595	1	0	0	0	0	0	0	0	0	1	0
C	Marios	18	118	5	1	26____	55181	1	0	0	0	0	1	0	0	0	0	0
C	Marios	18	118	5	1	26____	55261	1	0	0	0	0	0	0	0	0	1	0
C	Marios	18	118	5	1	26____	55967	1	0	0	0	0	1	0	0	0	0	0
C	Marios	18	118	5	1	26____	56025	1	0	0	0	0	0	0	0	0	1	0
C	Marios	18	118	5	1	26____	56148	1	0	0	0	0	1	0	0	0	0	0
C	Marios	18	118	5	1	26____	56203	1	0	0	0	0	0	0	0	0	1	0
C	Marios	18	118	5	1	26____	57780	1	0	0	0	0	1	0	0	0	0	0
C	Marios	18	118	5	1	26____	57883	1	0	0	0	0	0	0	0	0	1	0
C	Marios	18	118	5	1	26____	57963	1	0	0	0	0	1	0	0	0	0	0
C	Marios	18	118	5	1	26____	58171	1	0	0	0	0	0	0	0	0	1	0
C	Marios	18	118	5	1	26____	58319	1	0	0	0	0	1	0	0	0	0	0
C	Marios	18	118	5	1	26____	58468	1	0	0	0	0	0	0	0	0	1	0
C	Marios	18	118	5	1	26____	58671	1	0	0	0	0	1	0	0	0	0	0
C	Marios	18	118	5	1	26____	58750	1	2	0	0	0	0	0	0	0	0	0
C	Marios	18	118	5	1	26____	58785	2	0	0	0	0	0	0	0	0	1	0
C	Marios	18	118	5	1	26____	59014	2	0	0	0	0	1	0	0	0	0	0
C	Marios	18	118	5	1	26____	59086	2	0	0	0	0	0	0	0	0	1	0
C	Marios	18	118	5	1	26____	59234	2	0	0	0	0	1	0	0	0	0	0
C	Marios	18	118	5	1	26____	59243	2	0	0	0	0	0	0	0	0	1	0
C	Marios	18	118	5	1	26____	59246	2	0	0	0	0	1	0	0	0	0	0
C	Marios	18	118	5	1	26____	59248	2	0	0	0	0	0	0	0	0	1	0
C	Marios	18	118	5	1	26____	59250	2	6	0	0	0	0	0	0	0	0	0
C	Marios	18	118	5	1	26____	59252	6	0	0	0	0	1	0	0	0	0	0
C	Marios	18	118	5	1	26____	59255	6	0	0	0	0	0	0	0	0	1	0
C	Marios	18	118	5	1	26____	59295	6	0	0	0	0	1	0	0	0	0	0
C	Marios	18	118	5	1	26____	59384	6	0	0	0	0	0	0	0	0	1	0
C	Marios	18	118	5	1	26____	59462	6	0	0	0	0	1	0	0	0	0	0
C	Marios	18	118	5	1	26____	59592	6	0	0	0	0	0	0	0	0	1	0
C	Marios	18	118	5	1	26____	59673	6	0	0	0	0	1	0	0	0	0	0
C	Marios	18	118	5	1	26____	59730	6	0	0	0	0	0	0	0	0	1	0
C	Marios	18	118	5	1	26____	59750	6	10	0	0	0	0	0	0	0	0	0
C	Marios	18	118	5	1	26____	59771	10	0	0	0	0	1	0	0	0	0	0
C	Marios	18	118	5	1	26____	60130	10	0	0	0	0	0	0	0	0	1	0
C	Marios	18	118	5	1	26____	60133	10	0	0	0	0	1	0	0	0	0	0
C	Marios	18	118	5	1	26____	60240	10	0	0	0	0	0	0	0	0	1	0
C	Marios	18	118	5	1	26____	60250	10	1	0	0	0	0	0	0	0	0	0
C	Marios	18	118	5	1	26____	60257	1	0	0	0	0	1	0	0	0	0	0
C	Marios	18	118	5	1	26____	60259	1	0	0	0	0	0	0	0	0	1	0
C	Marios	18	118	5	1	26____	60288	1	0	0	0	0	1	0	0	0	0	0
C	Marios	18	118	5	1	26____	60290	1	0	0	0	0	0	0	0	0	1	0
C	Marios	18	118	5	1	26____	60443	1	0	0	0	0	1	0	0	0	0	0
C	Marios	18	118	5	1	26____	60668	1	0	0	0	0	0	0	0	0	1	0
C	Marios	18	118	5	1	26____	61779	1	0	0	0	0	1	0	0	0	0	0
C	Marios	18	118	5	1	26____	62000	1	0	0	0	0	0	0	0	0	1	0
C	Marios	18	118	5	1	26____	62219	1	0	0	0	0	1	0	0	0	0	0
C	Marios	18	118	5	1	26____	62363	1	0	0	0	0	0	0	0	0	1	0
C	Marios	18	118	5	1	26____	63057	1	0	0	0	0	1	0	0	0	0	0
C	Marios	18	118	5	1	26____	63068	1	0	0	0	0	0	0	0	0	1	0
C	Marios	18	118	5	1	26____	63750	1	2	0	0	0	0	0	0	0	0	0
C	Marios	18	118	5	1	26____	64250	2	13	0	0	0	0	0	0	0	0	0
C	Marios	18	118	5	1	26____	64554	13	0	0	0	0	1	0	0	0	0	0
C	Marios	18	118	5	1	26____	64626	13	0	0	0	0	0	0	0	0	1	0
C	Marios	18	118	5	1	26____	64750	13	15	0	0	0	0	0	0	0	0	0
C	Marios	18	118	5	1	26____	64828	15	0	0	0	0	1	0	0	0	0	0
C	Marios	18	118	5	1	26____	64831	15	0	0	0	0	0	0	0	0	1	0
C	Marios	18	118	5	1	26____	65174	15	0	0	0	0	1	0	0	0	0	0
C	Marios	18	118	5	1	26____	65221	15	0	0	0	0	0	0	0	0	1	0
C	Marios	18	118	5	1	26____	65250	15	1	0	0	0	0	0	0	0	0	0
C	Marios	18	118	5	1	26____	66553	1	0	0	0	0	1	0	0	0	0	0
C	Marios	18	118	5	1	26____	66558	1	0	0	0	0	0	0	0	0	1	0
C	Marios	18	118	5	1	26____	66559	1	0	0	0	0	1	0	0	0	0	0
C	Marios	18	118	5	1	26____	66607	1	0	0	0	0	0	0	0	0	1	0
C	Marios	18	118	5	1	26____	67736	1	0	0	0	0	1	0	0	0	0	0
C	Marios	18	118	5	1	26____	67780	1	0	0	0	0	0	0	0	0	1	0
C	Marios	18	118	5	1	26____	68648	1	0	0	0	0	1	0	0	0	0	0
C	Marios	18	118	5	1	26____	68730	1	0	0	0	0	0	0	0	0	1	0
C	Marios	18	118	5	1	26____	69658	1	0	0	0	0	1	0	0	0	0	0
C	Marios	18	118	5	1	26____	69664	1	0	0	0	0	0	0	0	0	1	0
C	Marios	18	118	5	1	26____	69672	1	0	0	0	0	1	0	0	0	0	0
C	Marios	18	118	5	1	26____	69968	1	0	0	0	0	0	0	0	0	1	0
C	Marios	18	118	5	1	26____	70023	1	0	0	0	0	1	0	0	0	0	0
C	Marios	18	118	5	1	26____	70077	1	0	0	0	0	0	0	0	0	1	0
C	Marios	18	118	5	1	26____	70267	1	0	0	0	0	1	0	0	0	0	0
C	Marios	18	118	5	1	26____	70272	1	0	0	0	0	0	0	0	0	1	0
C	Marios	18	118	5	1	26____	70297	1	0	0	0	0	1	0	0	0	0	0
C	Marios	18	118	5	1	26____	70480	1	0	0	0	0	0	0	0	0	1	0
C	Marios	18	118	5	1	26____	70500	1	2	0	0	0	0	0	0	0	0	0
C	Marios	18	118	5	1	26____	71000	2	13	0	0	0	0	0	0	0	0	0
C	Marios	18	118	5	1	26____	71265	13	0	0	0	0	1	0	0	0	0	0
C	Marios	18	118	5	1	26____	71268	13	0	0	0	0	0	0	0	0	1	0
C	Marios	18	118	5	1	26____	71500	13	15	0	0	0	0	0	0	0	0	0
C	Marios	18	118	5	1	26____	72000	15	1	0	0	0	0	0	0	0	0	0
C	Marios	18	118	5	1	26____	73313	1	0	0	0	0	1	0	0	0	0	0
C	Marios	18	118	5	1	26____	73505	1	0	0	0	0	0	0	0	0	1	0
C	Marios	18	118	5	1	26____	73730	1	0	0	0	0	1	0	0	0	0	0
C	Marios	18	118	5	1	26____	73881	1	0	0	0	0	0	0	0	0	1	0
C	Marios	18	118	5	1	26____	75020	1	0	0	0	0	1	0	0	0	0	0
C	Marios	18	118	5	1	26____	75354	1	0	0	0	0	0	0	0	0	1	0
C	Marios	18	118	5	1	26____	75750	1	2	0	0	0	0	0	0	0	0	0
C	Marios	18	118	5	1	26____	76031	2	0	0	0	0	1	0	0	0	0	0
C	Marios	18	118	5	1	26____	76212	2	0	0	0	0	0	0	0	0	1	0
C	Marios	18	118	5	1	26____	76250	2	12	0	0	0	0	0	0	0	0	0
C	Marios	18	118	5	1	26____	76350	12	0	0	0	0	1	0	0	0	0	0
C	Marios	18	118	5	1	26____	76429	12	0	0	0	0	0	0	0	0	1	0
C	Marios	18	118	5	1	26____	76484	12	0	0	0	0	1	0	0	0	0	0
C	Marios	18	118	5	1	26____	76624	12	0	0	0	0	0	0	0	0	1	0
C	Marios	18	118	5	1	26____	76677	12	0	0	0	0	1	0	0	0	0	0
C	Marios	18	118	5	1	26____	76750	12	15	0	0	0	0	0	0	0	0	0
C	Marios	18	118	5	1	26____	76830	15	0	0	0	0	0	0	0	0	1	0
C	Marios	18	118	5	1	26____	76879	15	0	0	0	0	1	0	0	0	0	0
C	Marios	18	118	5	1	26____	76987	15	0	0	0	0	0	0	0	0	1	0
C	Marios	18	118	5	1	26____	77060	15	0	0	0	0	1	0	0	0	0	0
C	Marios	18	118	5	1	26____	77107	15	0	0	0	0	0	0	0	0	1	0
C	Marios	18	118	5	1	26____	77198	15	0	0	0	0	1	0	0	0	0	0
C	Marios	18	118	5	1	26____	77217	15	0	0	0	0	0	0	0	0	1	0
C	Marios	18	118	5	1	26____	77250	15	1	0	0	0	0	0	0	0	0	0
C	Marios	18	118	5	1	26____	77264	1	0	0	0	0	1	0	0	0	0	0
C	Marios	18	118	5	1	26____	77368	1	0	0	0	0	0	0	0	0	1	0
C	Marios	18	118	5	1	26____	77456	1	0	0	0	0	1	0	0	0	0	0
C	Marios	18	118	5	1	26____	77494	1	0	0	0	0	0	0	0	0	1	0
C	Marios	18	118	5	1	26____	78182	1	0	0	0	0	1	0	0	0	0	0
C	Marios	18	118	5	1	26____	78267	1	0	0	0	0	0	0	0	0	1	0
C	Marios	18	118	5	1	26____	81951	1	0	0	0	0	1	0	0	0	0	0
C	Marios	18	118	5	1	26____	81967	1	0	0	0	0	0	0	0	0	1	0
C	Marios	18	118	5	1	26____	82070	1	0	0	0	0	1	0	0	0	0	0
C	Marios	18	118	5	1	26____	82097	1	0	0	0	0	0	0	0	0	1	0
C	Marios	18	118	5	1	26____	82123	1	0	0	0	0	1	0	0	0	0	0
C	Marios	18	118	5	1	26____	82140	1	0	0	0	0	0	0	0	0	1	0
C	Marios	18	118	5	1	26____	82219	1	0	0	0	0	1	0	0	0	0	0
C	Marios	18	118	5	1	26____	82248	1	0	0	0	0	0	0	0	0	1	0
C	Marios	18	118	5	1	26____	82764	1	0	0	0	0	1	0	0	0	0	0
C	Marios	18	118	5	1	26____	82772	1	0	0	0	0	0	0	0	0	1	0
C	Marios	18	118	5	1	26____	82773	1	0	0	0	0	1	0	0	0	0	0
C	Marios	18	118	5	1	26____	82789	1	0	0	0	0	0	0	0	0	1	0
C	Marios	18	118	5	1	26____	83250	1	2	0	0	0	0	0	0	0	0	0
C	Marios	18	118	5	1	26____	83750	2	6	0	0	0	0	0	0	0	0	0
C	Marios	18	118	5	1	26____	83791	6	0	0	0	0	1	0	0	0	0	0
C	Marios	18	118	5	1	26____	83912	6	0	0	0	0	0	0	0	0	1	0
C	Marios	18	118	5	1	26____	83963	6	0	0	0	0	1	0	0	0	0	0
C	Marios	18	118	5	1	26____	84062	6	0	0	0	0	0	0	0	0	1	0
C	Marios	18	118	5	1	26____	84116	6	0	0	0	0	1	0	0	0	0	0
C	Marios	18	118	5	1	26____	84225	6	0	0	0	0	0	0	0	0	1	0
C	Marios	18	118	5	1	26____	84250	6	10	0	0	0	0	0	0	0	0	0
C	Marios	18	118	5	1	26____	84273	10	0	0	0	0	1	0	0	0	0	0
C	Marios	18	118	5	1	26____	84439	10	0	0	0	0	0	0	0	0	1	0
C	Marios	18	118	5	1	26____	84440	10	0	0	0	0	1	0	0	0	0	0
C	Marios	18	118	5	1	26____	84571	10	0	0	0	0	0	0	0	0	1	0
C	Marios	18	118	5	1	26____	84575	10	0	0	0	0	1	0	0	0	0	0
C	Marios	18	118	5	1	26____	84577	10	0	0	0	0	0	0	0	0	1	0
C	Marios	18	118	5	1	26____	84601	10	0	0	0	0	1	0	0	0	0	0
C	Marios	18	118	5	1	26____	84606	10	0	0	0	0	0	0	0	0	1	0
C	Marios	18	118	5	1	26____	84617	10	0	0	0	0	1	0	0	0	0	0
C	Marios	18	118	5	1	26____	84619	10	0	0	0	0	0	0	0	0	1	0
C	Marios	18	118	5	1	26____	84621	10	0	0	0	0	1	0	0	0	0	0
C	Marios	18	118	5	1	26____	84625	10	0	0	0	0	1	0	0	0	1	0
C	Marios	18	118	5	1	26____	84638	10	0	0	0	0	0	0	0	0	1	0
C	Marios	18	118	5	1	26____	84750	10	1	0	0	0	0	0	0	0	0	0
C	Marios	18	118	5	1	26____	86250	1	2	0	0	0	0	0	0	0	0	0
C	Marios	18	118	5	1	26____	86726	2	0	0	0	0	1	0	0	0	0	0
C	Marios	18	118	5	1	26____	86731	2	0	0	0	0	0	0	0	0	1	0
C	Marios	18	118	5	1	26____	86750	2	12	0	0	0	0	0	0	0	0	0
C	Marios	18	118	5	1	26____	87197	12	0	0	0	0	1	0	0	0	0	0
C	Marios	18	118	5	1	26____	87250	12	15	0	0	0	0	0	0	0	0	0
C	Marios	18	118	5	1	26____	87259	15	0	0	0	0	0	0	0	0	1	0
C	Marios	18	118	5	1	26____	87351	15	0	0	0	0	1	0	0	0	0	0
C	Marios	18	118	5	1	26____	87368	15	0	0	0	0	0	0	0	0	1	0
C	Marios	18	118	5	1	26____	87701	15	0	0	0	0	1	0	0	0	0	0
C	Marios	18	118	5	1	26____	87709	15	0	0	0	0	0	0	0	0	1	0
C	Marios	18	118	5	1	26____	87750	15	1	0	0	0	0	0	0	0	0	0
C	Marios	18	118	5	1	26____	88088	1	0	0	0	0	1	0	0	0	0	0
C	Marios	18	118	5	1	26____	88131	1	0	0	0	0	0	0	0	0	1	0
C	Marios	18	118	5	1	26____	88599	1	0	0	0	0	1	0	0	0	0	0
C	Marios	18	118	5	1	26____	88604	1	0	0	0	0	0	0	0	0	1	0
C	Marios	18	118	5	1	26____	89547	1	0	0	0	0	1	0	0	0	0	0
C	Marios	18	118	5	1	26____	89556	1	0	0	0	0	0	0	0	0	1	0
C	Marios	18	118	5	1	26____	89982	1	0	0	0	0	1	0	0	0	0	0
C	Marios	18	118	5	1	26____	89984	1	0	0	0	0	0	0	0	0	1	0
C	Marios	18	118	5	1	26____	90396	1	0	0	0	0	1	0	0	0	0	0
C	Marios	18	118	5	1	26____	90420	1	0	0	0	0	0	0	0	0	1	0
C	Marios	18	118	5	1	26____	90425	1	0	0	0	0	1	0	0	0	0	0
C	Marios	18	118	5	1	26____	90427	1	0	0	0	0	0	0	0	0	1	0
C	Marios	18	118	5	1	26____	90428	1	0	0	0	0	1	0	0	0	0	0
C	Marios	18	118	5	1	26____	90493	1	0	0	0	0	0	0	0	0	1	0
C	Marios	18	118	5	1	26____	90730	1	0	0	0	0	1	0	0	0	0	0
C	Marios	18	118	5	1	26____	90832	1	0	0	0	0	0	0	0	0	1	0
C	Marios	18	118	5	1	26____	90936	1	0	0	0	0	1	0	0	0	0	0
C	Marios	18	118	5	1	26____	91024	1	0	0	0	0	0	0	0	0	1	0
C	Marios	18	118	5	1	26____	91307	1	0	0	0	0	1	0	0	0	0	0
C	Marios	18	118	5	1	26____	91309	1	0	0	0	0	0	0	0	0	1	0
C	Marios	18	118	5	1	26____	91336	1	0	0	0	0	1	0	0	0	0	0
C	Marios	18	118	5	1	26____	91398	1	0	0	0	0	0	0	0	0	1	0
C	Marios	18	118	5	1	26____	92154	1	0	0	0	0	1	0	0	0	0	0
C	Marios	18	118	5	1	26____	92161	1	0	0	0	0	0	0	0	0	1	0
C	Marios	18	118	5	1	26____	92163	1	0	0	0	0	1	0	0	0	0	0
C	Marios	18	118	5	1	26____	92250	1	2	0	0	0	0	0	0	0	0	0
C	Marios	18	118	5	1	26____	92361	2	0	0	0	0	0	0	0	0	1	0
C	Marios	18	118	5	1	26____	92750	2	13	0	0	0	0	0	0	0	0	0
C	Marios	18	118	5	1	26____	92798	13	0	0	0	0	1	0	0	0	0	0
C	Marios	18	118	5	1	26____	92869	13	0	0	0	0	0	0	0	0	1	0
C	Marios	18	118	5	1	26____	93250	13	15	0	0	0	0	0	0	0	0	0
C	Marios	18	118	5	1	26____	93722	15	0	0	0	0	1	0	0	0	0	0
C	Marios	18	118	5	1	26____	93741	15	0	0	0	0	0	0	0	0	1	0
C	Marios	18	118	5	1	26____	93750	15	1	0	0	0	0	0	0	0	0	0
C	Marios	18	118	5	1	26____	93803	1	0	0	0	0	1	0	0	0	0	0
C	Marios	18	118	5	1	26____	93890	1	0	0	0	0	0	0	0	0	1	0
C	Marios	18	118	5	1	26____	94115	1	0	0	0	0	1	0	0	0	0	0
C	Marios	18	118	5	1	26____	94168	1	0	0	0	0	0	0	0	0	1	0
C	Marios	18	118	5	1	26____	95063	1	0	0	0	0	1	0	0	0	0	0
C	Marios	18	118	5	1	26____	95152	1	0	0	0	0	0	0	0	0	1	0
C	Marios	18	118	5	1	26____	95855	1	0	0	0	0	1	0	0	0	0	0
C	Marios	18	118	5	1	26____	95958	1	0	0	0	0	0	0	0	0	1	0
C	Marios	18	118	5	1	26____	96000	1	2	0	0	0	0	0	0	0	0	0
C	Marios	18	118	5	1	26____	96151	2	0	0	0	0	1	0	0	0	0	0
C	Marios	18	118	5	1	26____	96157	2	0	0	0	0	0	0	0	0	1	0
C	Marios	18	118	5	1	26____	96500	2	13	0	0	0	0	0	0	0	0	0
C	Marios	18	118	5	1	26____	97000	13	15	0	0	0	0	0	0	0	0	0
C	Marios	18	118	5	1	26____	97500	15	1	0	0	0	0	0	0	0	0	0
C	Marios	18	118	5	1	26____	98118	1	0	0	0	0	1	0	0	0	0	0
C	Marios	18	118	5	1	26____	98219	1	0	0	0	0	1	0	0	0	1	0
C	Marios	18	118	5	1	26____	98222	1	0	0	0	0	0	0	0	0	1	0
C	Marios	18	118	5	1	26____	99095	1	0	0	0	0	1	0	0	0	0	0
C	Marios	18	118	5	1	26____	99112	1	0	0	0	0	0	0	0	0	1	0
C	Marios	18	118	5	1	26____	99172	1	0	0	0	0	1	0	0	0	0	0
C	Marios	18	118	5	1	26____	99268	1	0	0	0	0	0	0	0	0	1	0
C	Marios	18	118	5	1	26____	99489	1	0	0	0	0	1	0	0	0	0	0
C	Marios	18	118	5	1	26____	99551	1	0	0	0	0	0	0	0	0	1	0
C	Marios	18	118	5	1	26____	99574	1	0	0	0	0	1	0	0	0	0	0
C	Marios	18	118	5	1	26____	99617	1	0	0	0	0	0	0	0	0	1	0
C	Marios	18	118	5	1	26____	100912	1	0	0	0	0	1	0	0	0	0	0
C	Marios	18	118	5	1	26____	100915	1	0	0	0	0	1	0	0	0	1	0
C	Marios	18	118	5	1	26____	100918	1	0	0	0	0	0	0	0	0	1	0
C	Marios	18	118	5	1	26____	101689	1	0	0	0	0	1	0	0	0	0	0
C	Marios	18	118	5	1	26____	101839	1	0	0	0	0	0	0	0	0	1	0
C	Marios	18	118	5	1	26____	101892	1	0	0	0	0	1	0	0	0	0	0
C	Marios	18	118	5	1	26____	101951	1	0	0	0	0	0	0	0	0	1	0
C	Marios	18	118	5	1	26____	103284	1	0	0	0	0	1	0	0	0	0	0
C	Marios	18	118	5	1	26____	103474	1	0	0	0	0	0	0	0	0	1	0
C	Marios	18	118	5	1	26____	103655	1	0	0	0	0	1	0	0	0	0	0
C	Marios	18	118	5	1	26____	103831	1	0	0	0	0	0	0	0	0	1	0
C	Marios	18	118	5	1	26____	104133	1	0	0	0	0	1	0	0	0	0	0
C	Marios	18	118	5	1	26____	104136	1	0	0	0	0	0	0	0	0	1	0
C	Marios	18	118	5	1	26____	104163	1	0	0	0	0	1	0	0	0	0	0
C	Marios	18	118	5	1	26____	104225	1	0	0	0	0	0	0	0	0	1	0
C	Marios	18	118	5	1	26____	104250	1	2	0	0	0	0	0	0	0	0	0
C	Marios	18	118	5	1	26____	104304	2	0	0	0	0	1	0	0	0	0	0
C	Marios	18	118	5	1	26____	104352	2	0	0	0	0	0	0	0	0	1	0
C	Marios	18	118	5	1	26____	104750	2	7	0	0	0	0	0	0	0	0	0
C	Marios	18	118	5	1	26____	104831	7	0	0	0	0	1	0	0	0	0	0
C	Marios	18	118	5	1	26____	104912	7	0	0	0	0	0	0	0	0	1	0
C	Marios	18	118	5	1	26____	104942	7	0	0	0	0	1	0	0	0	0	0
C	Marios	18	118	5	1	26____	105077	7	0	0	0	0	0	0	0	0	1	0
C	Marios	18	118	5	1	26____	105109	7	0	0	0	0	1	0	0	0	0	0
C	Marios	18	118	5	1	26____	105246	7	0	0	0	0	0	0	0	0	1	0
C	Marios	18	118	5	1	26____	105250	7	11	0	0	0	0	0	0	0	0	0
C	Marios	18	118	5	1	26____	105281	11	0	0	0	0	1	0	0	0	0	0
C	Marios	18	118	5	1	26____	105614	11	0	0	0	0	0	0	0	0	1	0
C	Marios	18	118	5	1	26____	105617	11	0	0	0	0	1	0	0	0	0	0
C	Marios	18	118	5	1	26____	105624	11	0	0	0	0	0	0	0	0	1	0
C	Marios	18	118	5	1	26____	105626	11	0	0	0	0	1	0	0	0	0	0
C	Marios	18	118	5	1	26____	105642	11	0	0	0	0	0	0	0	0	1	0
C	Marios	18	118	5	1	26____	105649	11	0	0	0	0	1	0	0	0	0	0
C	Marios	18	118	5	1	26____	105651	11	0	0	0	0	0	0	0	0	1	0
C	Marios	18	118	5	1	26____	105657	11	0	0	0	0	1	0	0	0	0	0
C	Marios	18	118	5	1	26____	105743	11	0	0	0	0	0	0	0	0	1	0
C	Marios	18	118	5	1	26____	105750	11	1	0	0	0	0	0	0	0	0	0
C	Marios	18	118	5	1	26____	105853	1	0	0	0	0	1	0	0	0	0	0
C	Marios	18	118	5	1	26____	105870	1	0	0	0	0	0	0	0	0	1	0
C	Marios	18	118	5	1	26____	107094	1	0	0	0	0	1	0	0	0	0	0
C	Marios	18	118	5	1	26____	107133	1	0	0	0	0	0	0	0	0	1	0
C	Marios	18	118	5	1	26____	109250	1	2	0	0	0	0	0	0	0	0	0
C	Marios	18	118	5	1	26____	109406	2	0	0	0	0	1	0	0	0	0	0
C	Marios	18	118	5	1	26____	109467	2	0	0	0	0	0	0	0	0	1	0
C	Marios	18	118	5	1	26____	109750	2	13	0	0	0	0	0	0	0	0	0
C	Marios	18	118	5	1	26____	110250	13	15	0	0	0	0	0	0	0	0	0
C	Marios	18	118	5	1	26____	110750	15	1	0	0	0	0	0	0	0	0	0
C	Marios	18	118	5	1	26____	111667	1	0	0	0	0	1	0	0	0	0	0
C	Marios	18	118	5	1	26____	111797	1	0	0	0	0	0	0	0	0	1	0
C	Marios	18	118	5	1	26____	111994	1	0	0	0	0	1	0	0	0	0	0
C	Marios	18	118	5	1	26____	112000	1	0	0	0	0	0	0	0	0	1	0
C	Marios	18	118	5	1	26____	112024	1	0	0	0	0	1	0	0	0	0	0
C	Marios	18	118	5	1	26____	112074	1	0	0	0	0	0	0	0	0	1	0
C	Marios	18	118	5	1	26____	112280	1	0	0	0	0	1	0	0	0	0	0
C	Marios	18	118	5	1	26____	112291	1	0	0	0	0	0	0	0	0	1	0
C	Marios	18	118	5	1	26____	112636	1	0	0	0	0	1	0	0	0	0	0
C	Marios	18	118	5	1	26____	112782	1	0	0	0	0	0	0	0	0	1	0
C	Marios	18	118	5	1	26____	113219	1	0	0	0	0	1	0	0	0	0	0
C	Marios	18	118	5	1	26____	113226	1	0	0	0	0	0	0	0	0	1	0
C	Marios	18	118	5	1	26____	113244	1	0	0	0	0	1	0	0	0	0	0
C	Marios	18	118	5	1	26____	113278	1	0	0	0	0	0	0	0	0	1	0
C	Marios	18	118	5	1	26____	114113	1	0	0	0	0	1	0	0	0	0	0
C	Marios	18	118	5	1	26____	114122	1	0	0	0	0	0	0	0	0	1	0
C	Marios	18	118	5	1	26____	114490	1	0	0	0	0	1	0	0	0	0	0
C	Marios	18	118	5	1	26____	114751	1	0	0	0	0	0	0	0	0	1	0
C	Marios	18	118	5	1	26____	114866	1	0	0	0	0	1	0	0	0	0	0
C	Marios	18	118	5	1	26____	114867	1	0	0	0	0	0	0	0	0	1	0
C	Marios	18	118	5	1	26____	114868	1	0	0	0	0	1	0	0	0	0	0
C	Marios	18	118	5	1	26____	114933	1	0	0	0	0	0	0	0	0	1	0
C	Marios	18	118	5	1	26____	115057	1	0	0	0	0	1	0	0	0	0	0
C	Marios	18	118	5	1	26____	115069	1	0	0	0	0	0	0	0	0	1	0
C	Marios	18	118	5	1	26____	115273	1	0	0	0	0	1	0	0	0	0	0
C	Marios	18	118	5	1	26____	115490	1	0	0	0	0	0	0	0	0	1	0
C	Marios	18	118	5	1	26____	115558	1	0	0	0	0	1	0	0	0	0	0
C	Marios	18	118	5	1	26____	115649	1	0	0	0	0	0	0	0	0	1	0
C	Marios	18	118	5	1	26____	116028	1	0	0	0	0	1	0	0	0	0	0
C	Marios	18	118	5	1	26____	116120	1	0	0	0	0	0	0	0	0	1	0
C	Marios	18	118	5	1	26____	116962	1	0	0	0	0	1	0	0	0	0	0
C	Marios	18	118	5	1	26____	117147	1	0	0	0	0	0	0	0	0	1	0
C	Marios	18	118	5	1	26____	117601	1	0	0	0	0	1	0	0	0	0	0
C	Marios	18	118	5	1	26____	117801	1	0	0	0	0	0	0	0	0	1	0
C	Marios	18	118	5	1	26____	118250	1	2	0	0	0	0	0	0	0	0	0
C	Marios	18	118	5	1	26____	118750	2	13	0	0	0	0	0	0	0	0	0
C	Marios	18	118	5	1	26____	118800	13	0	0	0	0	1	0	0	0	0	0
C	Marios	18	118	5	1	26____	118829	13	0	0	0	0	0	0	0	0	1	0
C	Marios	18	118	5	1	26____	119002	13	0	0	0	0	1	0	0	0	0	0
C	Marios	18	118	5	1	26____	119010	13	0	0	0	0	0	0	0	0	1	0
C	Marios	18	118	5	1	26____	119129	13	0	0	0	0	1	0	0	0	0	0
C	Marios	18	118	5	1	26____	119215	13	0	0	0	0	0	0	0	0	1	0
C	Marios	18	118	5	1	26____	119250	13	15	0	0	0	0	0	0	0	0	0
C	Marios	18	118	5	1	26____	119276	15	0	0	0	0	1	0	0	0	0	0
C	Marios	18	118	5	1	26____	119338	15	0	0	0	0	0	0	0	0	1	0
C	Marios	18	118	5	1	26____	119454	15	0	0	0	0	1	0	0	0	0	0
C	Marios	18	118	5	1	26____	119502	15	0	0	0	0	0	0	0	0	1	0
C	Marios	18	118	5	1	26____	119676	15	0	0	0	0	1	0	0	0	0	0
C	Marios	18	118	5	1	26____	119708	15	0	0	0	0	0	0	0	0	1	0
C	Marios	18	118	5	1	26____	119750	15	1	0	0	0	0	0	0	0	0	0
C	Marios	18	118	5	1	26____	122427	1	0	0	0	0	1	0	0	0	0	0
C	Marios	18	118	5	1	26____	122434	1	0	0	0	0	0	0	0	0	1	0
C	Marios	18	118	5	1	26____	122471	1	0	0	0	0	1	0	0	0	0	0
C	Marios	18	118	5	1	26____	122505	1	0	0	0	0	0	0	0	0	1	0
C	Marios	18	118	5	1	26____	124250	1	2	0	0	0	0	0	0	0	0	0
C	Marios	18	118	5	1	26____	124750	2	12	0	0	0	0	0	0	0	0	0
C	Marios	18	118	5	1	26____	124980	12	0	0	0	0	1	0	0	0	0	0
C	Marios	18	118	5	1	26____	125012	12	0	0	0	0	0	0	0	0	1	0
C	Marios	18	118	5	1	26____	125026	12	0	0	0	0	1	0	0	0	0	0
C	Marios	18	118	5	1	26____	125069	12	0	0	0	0	0	0	0	0	1	0
C	Marios	18	118	5	1	26____	125143	12	0	0	0	0	1	0	0	0	0	0
C	Marios	18	118	5	1	26____	125250	12	15	0	0	0	0	0	0	0	0	0
C	Marios	18	118	5	1	26____	125344	15	0	0	0	0	0	0	0	0	1	0
C	Marios	18	118	5	1	26____	125348	15	0	0	0	0	1	0	0	0	0	0
C	Marios	18	118	5	1	26____	125354	15	0	0	0	0	0	0	0	0	1	0
C	Marios	18	118	5	1	26____	125410	15	0	0	0	0	1	0	0	0	0	0
C	Marios	18	118	5	1	26____	125457	15	0	0	0	0	0	0	0	0	1	0
C	Marios	18	118	5	1	26____	125591	15	0	0	0	0	1	0	0	0	0	0
C	Marios	18	118	5	1	26____	125606	15	0	0	0	0	0	0	0	0	1	0
C	Marios	18	118	5	1	26____	125750	15	1	0	0	0	0	0	0	0	0	0
C	Marios	18	118	5	1	26____	126875	1	0	0	0	0	1	0	0	0	0	0
C	Marios	18	118	5	1	26____	126879	1	0	0	0	0	0	0	0	0	1	0
C	Marios	18	118	5	1	26____	128750	1	2	0	0	0	0	0	0	0	0	0
C	Marios	18	118	5	1	26____	129250	2	6	0	0	0	0	0	0	0	0	0
C	Marios	18	118	5	1	26____	129338	6	0	0	0	0	1	0	0	0	0	0
C	Marios	18	118	5	1	26____	129384	6	0	0	0	0	0	0	0	0	1	0
C	Marios	18	118	5	1	26____	129475	6	0	0	0	0	1	0	0	0	0	0
C	Marios	18	118	5	1	26____	129477	6	0	0	0	0	0	0	0	0	1	0
C	Marios	18	118	5	1	26____	129488	6	0	0	0	0	1	0	0	0	0	0
C	Marios	18	118	5	1	26____	129518	6	0	0	0	0	0	0	0	0	1	0
C	Marios	18	118	5	1	26____	129581	6	0	0	0	0	1	0	0	0	0	0
C	Marios	18	118	5	1	26____	129639	6	0	0	0	0	0	0	0	0	1	0
C	Marios	18	118	5	1	26____	129700	6	0	0	0	0	1	0	0	0	0	0
C	Marios	18	118	5	1	26____	129733	6	0	0	0	0	0	0	0	0	1	0
C	Marios	18	118	5	1	26____	129750	6	10	0	0	0	0	0	0	0	0	0
C	Marios	18	118	5	1	26____	129792	10	0	0	0	0	1	0	0	0	0	0
C	Marios	18	118	5	1	26____	130007	10	0	0	0	0	0	0	0	0	1	0
C	Marios	18	118	5	1	26____	130250	10	1	0	0	0	0	0	0	0	0	0
C	Marios	18	118	5	1	26____	131003	1	0	0	0	0	1	0	0	0	0	0
C	Marios	18	118	5	1	26____	131006	1	0	0	0	0	0	0	0	0	1	0
C	Marios	18	118	5	1	26____	131029	1	0	0	0	0	1	0	0	0	0	0
C	Marios	18	118	5	1	26____	131032	1	0	0	0	0	0	0	0	0	1	0
C	Marios	18	118	5	1	26____	133278	1	0	0	0	0	1	0	0	0	0	0
C	Marios	18	118	5	1	26____	133298	1	0	0	0	0	0	0	0	0	1	0
C	Marios	18	118	5	1	26____	134854	1	0	0	0	0	1	0	0	0	0	0
C	Marios	18	118	5	1	26____	134856	1	0	0	0	0	0	0	0	0	1	0
C	Marios	18	118	5	1	26____	135500	1	2	0	0	0	0	0	0	0	0	0
C	Marios	18	118	5	1	26____	136000	2	7	0	0	0	0	0	0	0	0	0
C	Marios	18	118	5	1	26____	136135	7	0	0	0	0	1	0	0	0	0	0
C	Marios	18	118	5	1	26____	136311	7	0	0	0	0	0	0	0	0	1	0
C	Marios	18	118	5	1	26____	136331	7	0	0	0	0	1	0	0	0	0	0
C	Marios	18	118	5	1	26____	136466	7	0	0	0	0	0	0	0	0	1	0
C	Marios	18	118	5	1	26____	136500	7	11	0	0	0	0	0	0	0	0	0
C	Marios	18	118	5	1	26____	136507	11	0	0	0	0	1	0	0	0	0	0
C	Marios	18	118	5	1	26____	136617	11	0	0	0	0	0	0	0	0	1	0
C	Marios	18	118	5	1	26____	136620	11	0	0	0	0	1	0	0	0	0	0
C	Marios	18	118	5	1	26____	136739	11	0	0	0	0	0	0	0	0	1	0
C	Marios	18	118	5	1	26____	136740	11	0	0	0	0	1	0	0	0	0	0
C	Marios	18	118	5	1	26____	136866	11	0	0	0	0	0	0	0	0	1	0
C	Marios	18	118	5	1	26____	137000	11	1	0	0	0	0	0	0	0	0	0
C	Marios	18	118	5	1	26____	138595	1	0	0	0	0	1	0	0	0	0	0
C	Marios	18	118	5	1	26____	138604	1	0	0	0	0	1	0	0	0	1	0
C	Marios	18	118	5	1	26____	138609	1	0	0	0	0	0	0	0	0	1	0
C	Marios	18	118	5	1	26____	138965	1	0	0	0	0	1	0	0	0	0	0
C	Marios	18	118	5	1	26____	138994	1	0	0	0	0	0	0	0	0	1	0
C	Marios	18	118	5	1	26____	140603	1	0	0	0	0	1	0	0	0	0	0
C	Marios	18	118	5	1	26____	140716	1	0	0	0	0	0	0	0	0	1	0
C	Marios	18	118	5	1	26____	142500	1	2	0	0	0	0	0	0	0	0	0
C	Marios	18	118	5	1	26____	142773	2	0	0	0	0	1	0	0	0	0	0
C	Marios	18	118	5	1	26____	142856	2	0	0	0	0	0	0	0	0	1	0
C	Marios	18	118	5	1	26____	143000	2	12	0	0	0	0	0	0	0	0	0
C	Marios	18	118	5	1	26____	143051	12	0	0	0	0	1	0	0	0	0	0
C	Marios	18	118	5	1	26____	143106	12	0	0	0	0	0	0	0	0	1	0
C	Marios	18	118	5	1	26____	143154	12	0	0	0	0	1	0	0	0	0	0
C	Marios	18	118	5	1	26____	143259	12	0	0	0	0	0	0	0	0	1	0
C	Marios	18	118	5	1	26____	143263	12	0	0	0	0	1	0	0	0	0	0
C	Marios	18	118	5	1	26____	143272	12	0	0	0	0	0	0	0	0	1	0
C	Marios	18	118	5	1	26____	143325	12	0	0	0	0	1	0	0	0	0	0
C	Marios	18	118	5	1	26____	143408	12	0	0	0	0	0	0	0	0	1	0
C	Marios	18	118	5	1	26____	143410	12	0	0	0	0	1	0	0	0	0	0
C	Marios	18	118	5	1	26____	143414	12	0	0	0	0	0	0	0	0	1	0
C	Marios	18	118	5	1	26____	143454	12	0	0	0	0	1	0	0	0	0	0
C	Marios	18	118	5	1	26____	143500	12	15	0	0	0	0	0	0	0	0	0
C	Marios	18	118	5	1	26____	143586	15	0	0	0	0	0	0	0	0	1	0
C	Marios	18	118	5	1	26____	143647	15	0	0	0	0	1	0	0	0	0	0
C	Marios	18	118	5	1	26____	143734	15	0	0	0	0	0	0	0	0	1	0
C	Marios	18	118	5	1	26____	143932	15	0	0	0	0	1	0	0	0	0	0
C	Marios	18	118	5	1	26____	143996	15	0	0	0	0	0	0	0	0	1	0
C	Marios	18	118	5	1	26____	144000	15	14	0	0	0	0	0	0	0	0	0
C	Marios	18	118	5	1	26____	144144	14	0	0	0	0	1	0	0	0	0	0
C	Marios	18	118	5	1	26____	144188	14	0	0	0	0	0	0	0	0	1	0
C	Marios	18	118	5	1	26____	147000	14	-1	0	0	0	0	0	0	0	0	0
