Project	UserID	Protocol	Session	Station	Run	Subject	Time	Current State	Transition State	Transition Event	A1 - LLR	A2 - RLR	A3 - MAG	A4 - 	A[1] LLR_OFF	A[2] RLR_OFF	A[3] MAG_OFF	A[4] 
C	Marios	21	118	12	1	6_____	0	0	1	0	0	0	0	0	0	0	0	0
C	Marios	21	118	12	1	6_____	3554	1	0	0	0	0	1	0	0	0	0	0
C	Marios	21	118	12	1	6_____	3591	1	0	0	0	0	0	0	0	0	1	0
C	Marios	21	118	12	1	6_____	4500	1	2	0	0	0	0	0	0	0	0	0
C	Marios	21	118	12	1	6_____	5000	2	16	0	0	0	0	0	0	0	0	0
C	Marios	21	118	12	1	6_____	5500	16	15	0	0	0	0	0	0	0	0	0
C	Marios	21	118	12	1	6_____	6000	15	1	0	0	0	0	0	0	0	0	0
C	Marios	21	118	12	1	6_____	8236	1	0	0	0	0	1	0	0	0	0	0
C	Marios	21	118	12	1	6_____	8238	1	0	0	0	0	0	0	0	0	1	0
C	Marios	21	118	12	1	6_____	8242	1	0	0	0	0	1	0	0	0	0	0
C	Marios	21	118	12	1	6_____	8249	1	0	0	0	0	0	0	0	0	1	0
C	Marios	21	118	12	1	6_____	9545	1	0	0	0	0	1	0	0	0	0	0
C	Marios	21	118	12	1	6_____	9587	1	0	0	0	0	0	0	0	0	1	0
C	Marios	21	118	12	1	6_____	10834	1	0	0	0	0	1	0	0	0	0	0
C	Marios	21	118	12	1	6_____	10839	1	0	0	0	0	0	0	0	0	1	0
C	Marios	21	118	12	1	6_____	10852	1	0	0	0	0	1	0	0	0	0	0
C	Marios	21	118	12	1	6_____	10855	1	0	0	0	0	0	0	0	0	1	0
C	Marios	21	118	12	1	6_____	10856	1	0	0	0	0	1	0	0	0	0	0
C	Marios	21	118	12	1	6_____	10913	1	0	0	0	0	0	0	0	0	1	0
C	Marios	21	118	12	1	6_____	12000	1	2	0	0	0	0	0	0	0	0	0
C	Marios	21	118	12	1	6_____	12500	2	17	0	0	0	0	0	0	0	0	0
C	Marios	21	118	12	1	6_____	13000	17	15	0	0	0	0	0	0	0	0	0
C	Marios	21	118	12	1	6_____	13500	15	1	0	0	0	0	0	0	0	0	0
C	Marios	21	118	12	1	6_____	13562	1	0	0	0	0	1	0	0	0	0	0
C	Marios	21	118	12	1	6_____	13571	1	0	0	0	0	0	0	0	0	1	0
C	Marios	21	118	12	1	6_____	14327	1	0	0	0	0	1	0	0	0	0	0
C	Marios	21	118	12	1	6_____	14339	1	0	0	0	0	0	0	0	0	1	0
C	Marios	21	118	12	1	6_____	15750	1	2	0	0	0	0	0	0	0	0	0
C	Marios	21	118	12	1	6_____	15828	2	0	0	0	0	1	0	0	0	0	0
C	Marios	21	118	12	1	6_____	15869	2	0	0	0	0	0	0	0	0	1	0
C	Marios	21	118	12	1	6_____	16250	2	17	0	0	0	0	0	0	0	0	0
C	Marios	21	118	12	1	6_____	16750	17	15	0	0	0	0	0	0	0	0	0
C	Marios	21	118	12	1	6_____	17250	15	1	0	0	0	0	0	0	0	0	0
C	Marios	21	118	12	1	6_____	18963	1	0	0	0	0	1	0	0	0	0	0
C	Marios	21	118	12	1	6_____	18981	1	0	0	0	0	0	0	0	0	1	0
C	Marios	21	118	12	1	6_____	20069	1	0	0	0	0	1	0	0	0	0	0
C	Marios	21	118	12	1	6_____	20075	1	0	0	0	0	0	0	0	0	1	0
C	Marios	21	118	12	1	6_____	24117	1	0	0	0	0	1	0	0	0	0	0
C	Marios	21	118	12	1	6_____	24134	1	0	0	0	0	0	0	0	0	1	0
C	Marios	21	118	12	1	6_____	24750	1	2	0	0	0	0	0	0	0	0	0
C	Marios	21	118	12	1	6_____	25250	2	16	0	0	0	0	0	0	0	0	0
C	Marios	21	118	12	1	6_____	25750	16	15	0	0	0	0	0	0	0	0	0
C	Marios	21	118	12	1	6_____	26250	15	1	0	0	0	0	0	0	0	0	0
C	Marios	21	118	12	1	6_____	26300	1	0	0	0	0	1	0	0	0	0	0
C	Marios	21	118	12	1	6_____	26370	1	0	0	0	0	0	0	0	0	1	0
C	Marios	21	118	12	1	6_____	33000	1	2	0	0	0	0	0	0	0	0	0
C	Marios	21	118	12	1	6_____	33201	2	0	0	0	0	1	0	0	0	0	0
C	Marios	21	118	12	1	6_____	33218	2	0	0	0	0	0	0	0	0	1	0
C	Marios	21	118	12	1	6_____	33221	2	0	0	0	0	1	0	0	0	0	0
C	Marios	21	118	12	1	6_____	33353	2	0	0	0	0	0	0	0	0	1	0
C	Marios	21	118	12	1	6_____	33500	2	7	0	0	0	0	0	0	0	0	0
C	Marios	21	118	12	1	6_____	33916	7	0	0	0	0	1	0	0	0	0	0
C	Marios	21	118	12	1	6_____	33965	7	0	0	0	0	0	0	0	0	1	0
C	Marios	21	118	12	1	6_____	34000	7	11	0	0	0	0	0	0	0	0	0
C	Marios	21	118	12	1	6_____	34015	11	0	0	0	0	1	0	0	0	0	0
C	Marios	21	118	12	1	6_____	34224	11	0	0	0	0	0	0	0	0	1	0
C	Marios	21	118	12	1	6_____	34246	11	0	0	0	0	1	0	0	0	0	0
C	Marios	21	118	12	1	6_____	34259	11	0	0	0	0	0	0	0	0	1	0
C	Marios	21	118	12	1	6_____	34260	11	0	0	0	0	1	0	0	0	0	0
C	Marios	21	118	12	1	6_____	34271	11	0	0	0	0	0	0	0	0	1	0
C	Marios	21	118	12	1	6_____	34500	11	1	0	0	0	0	0	0	0	0	0
C	Marios	21	118	12	1	6_____	37500	1	2	0	0	0	0	0	0	0	0	0
C	Marios	21	118	12	1	6_____	38000	2	6	0	0	0	0	0	0	0	0	0
C	Marios	21	118	12	1	6_____	38140	6	0	0	0	0	1	0	0	0	0	0
C	Marios	21	118	12	1	6_____	38161	6	0	0	0	0	0	0	0	0	1	0
C	Marios	21	118	12	1	6_____	38192	6	0	0	0	0	1	0	0	0	0	0
C	Marios	21	118	12	1	6_____	38203	6	0	0	0	0	0	0	0	0	1	0
C	Marios	21	118	12	1	6_____	38238	6	0	0	0	0	1	0	0	0	0	0
C	Marios	21	118	12	1	6_____	38255	6	0	0	0	0	0	0	0	0	1	0
C	Marios	21	118	12	1	6_____	38318	6	0	0	0	0	1	0	0	0	0	0
C	Marios	21	118	12	1	6_____	38328	6	0	0	0	0	0	0	0	0	1	0
C	Marios	21	118	12	1	6_____	38357	6	0	0	0	0	1	0	0	0	0	0
C	Marios	21	118	12	1	6_____	38362	6	0	0	0	0	0	0	0	0	1	0
C	Marios	21	118	12	1	6_____	38378	6	0	0	0	0	1	0	0	0	0	0
C	Marios	21	118	12	1	6_____	38439	6	0	0	0	0	0	0	0	0	1	0
C	Marios	21	118	12	1	6_____	38500	6	10	0	0	0	0	0	0	0	0	0
C	Marios	21	118	12	1	6_____	38522	10	0	0	0	0	1	0	0	0	0	0
C	Marios	21	118	12	1	6_____	38741	10	0	0	0	0	0	0	0	0	1	0
C	Marios	21	118	12	1	6_____	38822	10	0	0	0	0	1	0	0	0	0	0
C	Marios	21	118	12	1	6_____	38854	10	0	0	0	0	0	0	0	0	1	0
C	Marios	21	118	12	1	6_____	39000	10	1	0	0	0	0	0	0	0	0	0
C	Marios	21	118	12	1	6_____	39549	1	0	0	0	0	1	0	0	0	0	0
C	Marios	21	118	12	1	6_____	39712	1	0	0	0	0	0	0	0	0	1	0
C	Marios	21	118	12	1	6_____	41310	1	0	0	0	0	1	0	0	0	0	0
C	Marios	21	118	12	1	6_____	41314	1	0	0	0	0	0	0	0	0	1	0
C	Marios	21	118	12	1	6_____	41335	1	0	0	0	0	1	0	0	0	0	0
C	Marios	21	118	12	1	6_____	41475	1	0	0	0	0	0	0	0	0	1	0
C	Marios	21	118	12	1	6_____	41507	1	0	0	0	0	1	0	0	0	0	0
C	Marios	21	118	12	1	6_____	41521	1	0	0	0	0	0	0	0	0	1	0
C	Marios	21	118	12	1	6_____	41524	1	0	0	0	0	1	0	0	0	0	0
C	Marios	21	118	12	1	6_____	41566	1	0	0	0	0	0	0	0	0	1	0
C	Marios	21	118	12	1	6_____	42750	1	2	0	0	0	0	0	0	0	0	0
C	Marios	21	118	12	1	6_____	43250	2	17	0	0	0	0	0	0	0	0	0
C	Marios	21	118	12	1	6_____	43750	17	15	0	0	0	0	0	0	0	0	0
C	Marios	21	118	12	1	6_____	44250	15	1	0	0	0	0	0	0	0	0	0
C	Marios	21	118	12	1	6_____	44918	1	0	0	0	0	1	0	0	0	0	0
C	Marios	21	118	12	1	6_____	45029	1	0	0	0	0	0	0	0	0	1	0
C	Marios	21	118	12	1	6_____	45051	1	0	0	0	0	1	0	0	0	0	0
C	Marios	21	118	12	1	6_____	45054	1	0	0	0	0	0	0	0	0	1	0
C	Marios	21	118	12	1	6_____	47025	1	0	0	0	0	1	0	0	0	0	0
C	Marios	21	118	12	1	6_____	47034	1	0	0	0	0	0	0	0	0	1	0
C	Marios	21	118	12	1	6_____	47037	1	0	0	0	0	1	0	0	0	0	0
C	Marios	21	118	12	1	6_____	47102	1	0	0	0	0	0	0	0	0	1	0
C	Marios	21	118	12	1	6_____	47750	1	2	0	0	0	0	0	0	0	0	0
C	Marios	21	118	12	1	6_____	48250	2	17	0	0	0	0	0	0	0	0	0
C	Marios	21	118	12	1	6_____	48750	17	15	0	0	0	0	0	0	0	0	0
C	Marios	21	118	12	1	6_____	48967	15	0	0	0	0	1	0	0	0	0	0
C	Marios	21	118	12	1	6_____	49112	15	0	0	0	0	0	0	0	0	1	0
C	Marios	21	118	12	1	6_____	49250	15	1	0	0	0	0	0	0	0	0	0
C	Marios	21	118	12	1	6_____	50415	1	0	0	0	0	1	0	0	0	0	0
C	Marios	21	118	12	1	6_____	50525	1	0	0	0	0	0	0	0	0	1	0
C	Marios	21	118	12	1	6_____	50615	1	0	0	0	0	1	0	0	0	0	0
C	Marios	21	118	12	1	6_____	50633	1	0	0	0	0	0	0	0	0	1	0
C	Marios	21	118	12	1	6_____	50750	1	2	0	0	0	0	0	0	0	0	0
C	Marios	21	118	12	1	6_____	51250	2	16	0	0	0	0	0	0	0	0	0
C	Marios	21	118	12	1	6_____	51552	16	0	0	0	0	1	0	0	0	0	0
C	Marios	21	118	12	1	6_____	51607	16	0	0	0	0	0	0	0	0	1	0
C	Marios	21	118	12	1	6_____	51750	16	15	0	0	0	0	0	0	0	0	0
C	Marios	21	118	12	1	6_____	52137	15	0	0	0	0	1	0	0	0	0	0
C	Marios	21	118	12	1	6_____	52250	15	1	0	0	0	0	0	0	0	0	0
C	Marios	21	118	12	1	6_____	52264	1	0	0	0	0	0	0	0	0	1	0
C	Marios	21	118	12	1	6_____	52400	1	0	0	0	0	1	0	0	0	0	0
C	Marios	21	118	12	1	6_____	52444	1	0	0	0	0	0	0	0	0	1	0
C	Marios	21	118	12	1	6_____	52555	1	0	0	0	0	1	0	0	0	0	0
C	Marios	21	118	12	1	6_____	52612	1	0	0	0	0	0	0	0	0	1	0
C	Marios	21	118	12	1	6_____	52637	1	0	0	0	0	1	0	0	0	0	0
C	Marios	21	118	12	1	6_____	52641	1	0	0	0	0	0	0	0	0	1	0
C	Marios	21	118	12	1	6_____	52679	1	0	0	0	0	1	0	0	0	0	0
C	Marios	21	118	12	1	6_____	52727	1	0	0	0	0	0	0	0	0	1	0
C	Marios	21	118	12	1	6_____	52800	1	0	0	0	0	1	0	0	0	0	0
C	Marios	21	118	12	1	6_____	52837	1	0	0	0	0	0	0	0	0	1	0
C	Marios	21	118	12	1	6_____	54323	1	0	0	0	0	1	0	0	0	0	0
C	Marios	21	118	12	1	6_____	54419	1	0	0	0	0	0	0	0	0	1	0
C	Marios	21	118	12	1	6_____	54441	1	0	0	0	0	1	0	0	0	0	0
C	Marios	21	118	12	1	6_____	54471	1	0	0	0	0	0	0	0	0	1	0
C	Marios	21	118	12	1	6_____	54498	1	0	0	0	0	1	0	0	0	0	0
C	Marios	21	118	12	1	6_____	54501	1	0	0	0	0	0	0	0	0	1	0
C	Marios	21	118	12	1	6_____	56309	1	0	0	0	0	1	0	0	0	0	0
C	Marios	21	118	12	1	6_____	56311	1	0	0	0	0	0	0	0	0	1	0
C	Marios	21	118	12	1	6_____	56322	1	0	0	0	0	1	0	0	0	0	0
C	Marios	21	118	12	1	6_____	56537	1	0	0	0	0	0	0	0	0	1	0
C	Marios	21	118	12	1	6_____	57500	1	2	0	0	0	0	0	0	0	0	0
C	Marios	21	118	12	1	6_____	58000	2	16	0	0	0	0	0	0	0	0	0
C	Marios	21	118	12	1	6_____	58280	16	0	0	0	0	1	0	0	0	0	0
C	Marios	21	118	12	1	6_____	58284	16	0	0	0	0	0	0	0	0	1	0
C	Marios	21	118	12	1	6_____	58500	16	15	0	0	0	0	0	0	0	0	0
C	Marios	21	118	12	1	6_____	58611	15	0	0	0	0	1	0	0	0	0	0
C	Marios	21	118	12	1	6_____	58673	15	0	0	0	0	0	0	0	0	1	0
C	Marios	21	118	12	1	6_____	59000	15	1	0	0	0	0	0	0	0	0	0
C	Marios	21	118	12	1	6_____	59036	1	0	0	0	0	1	0	0	0	0	0
C	Marios	21	118	12	1	6_____	59064	1	0	0	0	0	0	0	0	0	1	0
C	Marios	21	118	12	1	6_____	59083	1	0	0	0	0	1	0	0	0	0	0
C	Marios	21	118	12	1	6_____	59162	1	0	0	0	0	0	0	0	0	1	0
C	Marios	21	118	12	1	6_____	59183	1	0	0	0	0	1	0	0	0	0	0
C	Marios	21	118	12	1	6_____	59187	1	0	0	0	0	0	0	0	0	1	0
C	Marios	21	118	12	1	6_____	59340	1	0	0	0	0	1	0	0	0	0	0
C	Marios	21	118	12	1	6_____	59347	1	0	0	0	0	0	0	0	0	1	0
C	Marios	21	118	12	1	6_____	59424	1	0	0	0	0	1	0	0	0	0	0
C	Marios	21	118	12	1	6_____	59440	1	0	0	0	0	0	0	0	0	1	0
C	Marios	21	118	12	1	6_____	59691	1	0	0	0	0	1	0	0	0	0	0
C	Marios	21	118	12	1	6_____	59700	1	0	0	0	0	0	0	0	0	1	0
C	Marios	21	118	12	1	6_____	60100	1	0	0	0	0	1	0	0	0	0	0
C	Marios	21	118	12	1	6_____	60112	1	0	0	0	0	0	0	0	0	1	0
C	Marios	21	118	12	1	6_____	60154	1	0	0	0	0	1	0	0	0	0	0
C	Marios	21	118	12	1	6_____	60156	1	0	0	0	0	0	0	0	0	1	0
C	Marios	21	118	12	1	6_____	62111	1	0	0	0	0	1	0	0	0	0	0
C	Marios	21	118	12	1	6_____	62130	1	0	0	0	0	0	0	0	0	1	0
C	Marios	21	118	12	1	6_____	62137	1	0	0	0	0	1	0	0	0	0	0
C	Marios	21	118	12	1	6_____	62142	1	0	0	0	0	0	0	0	0	1	0
C	Marios	21	118	12	1	6_____	62148	1	0	0	0	0	1	0	0	0	0	0
C	Marios	21	118	12	1	6_____	62157	1	0	0	0	0	0	0	0	0	1	0
C	Marios	21	118	12	1	6_____	62159	1	0	0	0	0	1	0	0	0	0	0
C	Marios	21	118	12	1	6_____	62493	1	0	0	0	0	0	0	0	0	1	0
C	Marios	21	118	12	1	6_____	62581	1	0	0	0	0	1	0	0	0	0	0
C	Marios	21	118	12	1	6_____	62936	1	0	0	0	0	0	0	0	0	1	0
C	Marios	21	118	12	1	6_____	63199	1	0	0	0	0	1	0	0	0	0	0
C	Marios	21	118	12	1	6_____	63285	1	0	0	0	0	0	0	0	0	1	0
C	Marios	21	118	12	1	6_____	63289	1	0	0	0	0	1	0	0	0	0	0
C	Marios	21	118	12	1	6_____	63376	1	0	0	0	0	0	0	0	0	1	0
C	Marios	21	118	12	1	6_____	63500	1	2	0	0	0	0	0	0	0	0	0
C	Marios	21	118	12	1	6_____	64000	2	6	0	0	0	0	0	0	0	0	0
C	Marios	21	118	12	1	6_____	64069	6	0	0	0	0	1	0	0	0	0	0
C	Marios	21	118	12	1	6_____	64099	6	0	0	0	0	0	0	0	0	1	0
C	Marios	21	118	12	1	6_____	64112	6	0	0	0	0	1	0	0	0	0	0
C	Marios	21	118	12	1	6_____	64146	6	0	0	0	0	0	0	0	0	1	0
C	Marios	21	118	12	1	6_____	64186	6	0	0	0	0	1	0	0	0	0	0
C	Marios	21	118	12	1	6_____	64369	6	0	0	0	0	0	0	0	0	1	0
C	Marios	21	118	12	1	6_____	64500	6	10	0	0	0	0	0	0	0	0	0
C	Marios	21	118	12	1	6_____	64501	10	0	0	0	0	1	0	0	0	0	0
C	Marios	21	118	12	1	6_____	64644	10	0	0	0	0	0	0	0	0	1	0
C	Marios	21	118	12	1	6_____	65000	10	1	0	0	0	0	0	0	0	0	0
C	Marios	21	118	12	1	6_____	65246	1	0	0	0	0	1	0	0	0	0	0
C	Marios	21	118	12	1	6_____	65300	1	0	0	0	0	0	0	0	0	1	0
C	Marios	21	118	12	1	6_____	66112	1	0	0	0	0	1	0	0	0	0	0
C	Marios	21	118	12	1	6_____	66174	1	0	0	0	0	0	0	0	0	1	0
C	Marios	21	118	12	1	6_____	67203	1	0	0	0	0	1	0	0	0	0	0
C	Marios	21	118	12	1	6_____	67213	1	0	0	0	0	0	0	0	0	1	0
C	Marios	21	118	12	1	6_____	68560	1	0	0	0	0	1	0	0	0	0	0
C	Marios	21	118	12	1	6_____	68667	1	0	0	0	0	0	0	0	0	1	0
C	Marios	21	118	12	1	6_____	70500	1	2	0	0	0	0	0	0	0	0	0
C	Marios	21	118	12	1	6_____	71000	2	7	0	0	0	0	0	0	0	0	0
C	Marios	21	118	12	1	6_____	71029	7	0	0	0	0	1	0	0	0	0	0
C	Marios	21	118	12	1	6_____	71088	7	0	0	0	0	0	0	0	0	1	0
C	Marios	21	118	12	1	6_____	71159	7	0	0	0	0	1	0	0	0	0	0
C	Marios	21	118	12	1	6_____	71201	7	0	0	0	0	0	0	0	0	1	0
C	Marios	21	118	12	1	6_____	71202	7	0	0	0	0	1	0	0	0	0	0
C	Marios	21	118	12	1	6_____	71236	7	0	0	0	0	0	0	0	0	1	0
C	Marios	21	118	12	1	6_____	71258	7	0	0	0	0	1	0	0	0	0	0
C	Marios	21	118	12	1	6_____	71268	7	0	0	0	0	0	0	0	0	1	0
C	Marios	21	118	12	1	6_____	71293	7	0	0	0	0	1	0	0	0	0	0
C	Marios	21	118	12	1	6_____	71431	7	0	0	0	0	0	0	0	0	1	0
C	Marios	21	118	12	1	6_____	71500	7	11	0	0	0	0	0	0	0	0	0
C	Marios	21	118	12	1	6_____	71536	11	0	0	0	0	1	0	0	0	0	0
C	Marios	21	118	12	1	6_____	71683	11	0	0	0	0	0	0	0	0	1	0
C	Marios	21	118	12	1	6_____	72000	11	1	0	0	0	0	0	0	0	0	0
C	Marios	21	118	12	1	6_____	72149	1	0	0	0	0	1	0	0	0	0	0
C	Marios	21	118	12	1	6_____	72192	1	0	0	0	0	0	0	0	0	1	0
C	Marios	21	118	12	1	6_____	72201	1	0	0	0	0	1	0	0	0	0	0
C	Marios	21	118	12	1	6_____	72205	1	0	0	0	0	0	0	0	0	1	0
C	Marios	21	118	12	1	6_____	72206	1	0	0	0	0	1	0	0	0	0	0
C	Marios	21	118	12	1	6_____	72212	1	0	0	0	0	0	0	0	0	1	0
C	Marios	21	118	12	1	6_____	75750	1	2	0	0	0	0	0	0	0	0	0
C	Marios	21	118	12	1	6_____	76250	2	7	0	0	0	0	0	0	0	0	0
C	Marios	21	118	12	1	6_____	76280	7	0	0	0	0	1	0	0	0	0	0
C	Marios	21	118	12	1	6_____	76282	7	0	0	0	0	0	0	0	0	1	0
C	Marios	21	118	12	1	6_____	76354	7	0	0	0	0	1	0	0	0	0	0
C	Marios	21	118	12	1	6_____	76376	7	0	0	0	0	0	0	0	0	1	0
C	Marios	21	118	12	1	6_____	76421	7	0	0	0	0	1	0	0	0	0	0
C	Marios	21	118	12	1	6_____	76432	7	0	0	0	0	0	0	0	0	1	0
C	Marios	21	118	12	1	6_____	76444	7	0	0	0	0	1	0	0	0	0	0
C	Marios	21	118	12	1	6_____	76446	7	0	0	0	0	0	0	0	0	1	0
C	Marios	21	118	12	1	6_____	76462	7	0	0	0	0	1	0	0	0	0	0
C	Marios	21	118	12	1	6_____	76502	7	0	0	0	0	0	0	0	0	1	0
C	Marios	21	118	12	1	6_____	76532	7	0	0	0	0	1	0	0	0	0	0
C	Marios	21	118	12	1	6_____	76548	7	0	0	0	0	0	0	0	0	1	0
C	Marios	21	118	12	1	6_____	76685	7	0	0	0	0	1	0	0	0	0	0
C	Marios	21	118	12	1	6_____	76709	7	0	0	0	0	0	0	0	0	1	0
C	Marios	21	118	12	1	6_____	76748	7	0	0	0	0	1	0	0	0	0	0
C	Marios	21	118	12	1	6_____	76750	7	11	0	0	0	0	0	0	0	0	0
C	Marios	21	118	12	1	6_____	76875	11	0	0	0	0	0	0	0	0	1	0
C	Marios	21	118	12	1	6_____	76914	11	0	0	0	0	1	0	0	0	0	0
C	Marios	21	118	12	1	6_____	77048	11	0	0	0	0	0	0	0	0	1	0
C	Marios	21	118	12	1	6_____	77049	11	0	0	0	0	1	0	0	0	0	0
C	Marios	21	118	12	1	6_____	77054	11	0	0	0	0	0	0	0	0	1	0
C	Marios	21	118	12	1	6_____	77069	11	0	0	0	0	1	0	0	0	0	0
C	Marios	21	118	12	1	6_____	77081	11	0	0	0	0	0	0	0	0	1	0
C	Marios	21	118	12	1	6_____	77086	11	0	0	0	0	1	0	0	0	0	0
C	Marios	21	118	12	1	6_____	77093	11	0	0	0	0	0	0	0	0	1	0
C	Marios	21	118	12	1	6_____	77096	11	0	0	0	0	1	0	0	0	0	0
C	Marios	21	118	12	1	6_____	77099	11	0	0	0	0	0	0	0	0	1	0
C	Marios	21	118	12	1	6_____	77102	11	0	0	0	0	1	0	0	0	0	0
C	Marios	21	118	12	1	6_____	77105	11	0	0	0	0	0	0	0	0	1	0
C	Marios	21	118	12	1	6_____	77107	11	0	0	0	0	1	0	0	0	0	0
C	Marios	21	118	12	1	6_____	77126	11	0	0	0	0	0	0	0	0	1	0
C	Marios	21	118	12	1	6_____	77127	11	0	0	0	0	1	0	0	0	0	0
C	Marios	21	118	12	1	6_____	77132	11	0	0	0	0	0	0	0	0	1	0
C	Marios	21	118	12	1	6_____	77134	11	0	0	0	0	1	0	0	0	0	0
C	Marios	21	118	12	1	6_____	77146	11	0	0	0	0	0	0	0	0	1	0
C	Marios	21	118	12	1	6_____	77149	11	0	0	0	0	1	0	0	0	0	0
C	Marios	21	118	12	1	6_____	77151	11	0	0	0	0	0	0	0	0	1	0
C	Marios	21	118	12	1	6_____	77154	11	0	0	0	0	1	0	0	0	0	0
C	Marios	21	118	12	1	6_____	77158	11	0	0	0	0	0	0	0	0	1	0
C	Marios	21	118	12	1	6_____	77159	11	0	0	0	0	1	0	0	0	0	0
C	Marios	21	118	12	1	6_____	77161	11	0	0	0	0	1	0	0	0	1	0
C	Marios	21	118	12	1	6_____	77163	11	0	0	0	0	0	0	0	0	1	0
C	Marios	21	118	12	1	6_____	77168	11	0	0	0	0	1	0	0	0	0	0
C	Marios	21	118	12	1	6_____	77170	11	0	0	0	0	0	0	0	0	1	0
C	Marios	21	118	12	1	6_____	77250	11	1	0	0	0	0	0	0	0	0	0
C	Marios	21	118	12	1	6_____	78987	1	0	0	0	0	1	0	0	0	0	0
C	Marios	21	118	12	1	6_____	79540	1	0	0	0	0	0	0	0	0	1	0
C	Marios	21	118	12	1	6_____	79567	1	0	0	0	0	1	0	0	0	0	0
C	Marios	21	118	12	1	6_____	79616	1	0	0	0	0	0	0	0	0	1	0
C	Marios	21	118	12	1	6_____	79617	1	0	0	0	0	1	0	0	0	0	0
C	Marios	21	118	12	1	6_____	79661	1	0	0	0	0	0	0	0	0	1	0
C	Marios	21	118	12	1	6_____	79664	1	0	0	0	0	1	0	0	0	0	0
C	Marios	21	118	12	1	6_____	79723	1	0	0	0	0	0	0	0	0	1	0
C	Marios	21	118	12	1	6_____	80030	1	0	0	0	0	1	0	0	0	0	0
C	Marios	21	118	12	1	6_____	80144	1	0	0	0	0	0	0	0	0	1	0
C	Marios	21	118	12	1	6_____	80823	1	0	0	0	0	1	0	0	0	0	0
C	Marios	21	118	12	1	6_____	80826	1	0	0	0	0	0	0	0	0	1	0
C	Marios	21	118	12	1	6_____	80835	1	0	0	0	0	1	0	0	0	0	0
C	Marios	21	118	12	1	6_____	80852	1	0	0	0	0	0	0	0	0	1	0
C	Marios	21	118	12	1	6_____	80861	1	0	0	0	0	1	0	0	0	0	0
C	Marios	21	118	12	1	6_____	80956	1	0	0	0	0	0	0	0	0	1	0
C	Marios	21	118	12	1	6_____	80980	1	0	0	0	0	1	0	0	0	0	0
C	Marios	21	118	12	1	6_____	81004	1	0	0	0	0	0	0	0	0	1	0
C	Marios	21	118	12	1	6_____	81415	1	0	0	0	0	1	0	0	0	0	0
C	Marios	21	118	12	1	6_____	81417	1	0	0	0	0	0	0	0	0	1	0
C	Marios	21	118	12	1	6_____	81432	1	0	0	0	0	1	0	0	0	0	0
C	Marios	21	118	12	1	6_____	81439	1	0	0	0	0	0	0	0	0	1	0
C	Marios	21	118	12	1	6_____	81453	1	0	0	0	0	1	0	0	0	0	0
C	Marios	21	118	12	1	6_____	81462	1	0	0	0	0	0	0	0	0	1	0
C	Marios	21	118	12	1	6_____	81919	1	0	0	0	0	1	0	0	0	0	0
C	Marios	21	118	12	1	6_____	81974	1	0	0	0	0	0	0	0	0	1	0
C	Marios	21	118	12	1	6_____	82050	1	0	0	0	0	1	0	0	0	0	0
C	Marios	21	118	12	1	6_____	82091	1	0	0	0	0	0	0	0	0	1	0
C	Marios	21	118	12	1	6_____	82729	1	0	0	0	0	1	0	0	0	0	0
C	Marios	21	118	12	1	6_____	83073	1	0	0	0	0	0	0	0	0	1	0
C	Marios	21	118	12	1	6_____	83087	1	0	0	0	0	1	0	0	0	0	0
C	Marios	21	118	12	1	6_____	83194	1	0	0	0	0	0	0	0	0	1	0
C	Marios	21	118	12	1	6_____	83207	1	0	0	0	0	1	0	0	0	0	0
C	Marios	21	118	12	1	6_____	83209	1	0	0	0	0	0	0	0	0	1	0
C	Marios	21	118	12	1	6_____	83227	1	0	0	0	0	1	0	0	0	0	0
C	Marios	21	118	12	1	6_____	83229	1	0	0	0	0	0	0	0	0	1	0
C	Marios	21	118	12	1	6_____	83254	1	0	0	0	0	1	0	0	0	0	0
C	Marios	21	118	12	1	6_____	83285	1	0	0	0	0	0	0	0	0	1	0
C	Marios	21	118	12	1	6_____	83295	1	0	0	0	0	1	0	0	0	0	0
C	Marios	21	118	12	1	6_____	83400	1	0	0	0	0	0	0	0	0	1	0
C	Marios	21	118	12	1	6_____	84000	1	2	0	0	0	0	0	0	0	0	0
C	Marios	21	118	12	1	6_____	84500	2	16	0	0	0	0	0	0	0	0	0
C	Marios	21	118	12	1	6_____	84778	16	0	0	0	0	1	0	0	0	0	0
C	Marios	21	118	12	1	6_____	84813	16	0	0	0	0	0	0	0	0	1	0
C	Marios	21	118	12	1	6_____	84851	16	0	0	0	0	1	0	0	0	0	0
C	Marios	21	118	12	1	6_____	84865	16	0	0	0	0	0	0	0	0	1	0
C	Marios	21	118	12	1	6_____	85000	16	15	0	0	0	0	0	0	0	0	0
C	Marios	21	118	12	1	6_____	85062	15	0	0	0	0	1	0	0	0	0	0
C	Marios	21	118	12	1	6_____	85146	15	0	0	0	0	0	0	0	0	1	0
C	Marios	21	118	12	1	6_____	85213	15	0	0	0	0	1	0	0	0	0	0
C	Marios	21	118	12	1	6_____	85310	15	0	0	0	0	0	0	0	0	1	0
C	Marios	21	118	12	1	6_____	85439	15	0	0	0	0	1	0	0	0	0	0
C	Marios	21	118	12	1	6_____	85500	15	1	0	0	0	0	0	0	0	0	0
C	Marios	21	118	12	1	6_____	85502	1	0	0	0	0	0	0	0	0	1	0
C	Marios	21	118	12	1	6_____	85841	1	0	0	0	0	1	0	0	0	0	0
C	Marios	21	118	12	1	6_____	85844	1	0	0	0	0	0	0	0	0	1	0
C	Marios	21	118	12	1	6_____	87674	1	0	0	0	0	1	0	0	0	0	0
C	Marios	21	118	12	1	6_____	87785	1	0	0	0	0	0	0	0	0	1	0
C	Marios	21	118	12	1	6_____	87797	1	0	0	0	0	1	0	0	0	0	0
C	Marios	21	118	12	1	6_____	87799	1	0	0	0	0	0	0	0	0	1	0
C	Marios	21	118	12	1	6_____	87800	1	0	0	0	0	1	0	0	0	0	0
C	Marios	21	118	12	1	6_____	87853	1	0	0	0	0	0	0	0	0	1	0
C	Marios	21	118	12	1	6_____	89472	1	0	0	0	0	1	0	0	0	0	0
C	Marios	21	118	12	1	6_____	89564	1	0	0	0	0	0	0	0	0	1	0
C	Marios	21	118	12	1	6_____	90362	1	0	0	0	0	1	0	0	0	0	0
C	Marios	21	118	12	1	6_____	90368	1	0	0	0	0	0	0	0	0	1	0
C	Marios	21	118	12	1	6_____	90386	1	0	0	0	0	1	0	0	0	0	0
C	Marios	21	118	12	1	6_____	90393	1	0	0	0	0	0	0	0	0	1	0
C	Marios	21	118	12	1	6_____	90396	1	0	0	0	0	1	0	0	0	0	0
C	Marios	21	118	12	1	6_____	90399	1	0	0	0	0	0	0	0	0	1	0
C	Marios	21	118	12	1	6_____	90404	1	0	0	0	0	1	0	0	0	0	0
C	Marios	21	118	12	1	6_____	90407	1	0	0	0	0	0	0	0	0	1	0
C	Marios	21	118	12	1	6_____	90412	1	0	0	0	0	1	0	0	0	0	0
C	Marios	21	118	12	1	6_____	90659	1	0	0	0	0	0	0	0	0	1	0
C	Marios	21	118	12	1	6_____	90741	1	0	0	0	0	1	0	0	0	0	0
C	Marios	21	118	12	1	6_____	90947	1	0	0	0	0	0	0	0	0	1	0
C	Marios	21	118	12	1	6_____	93000	1	2	0	0	0	0	0	0	0	0	0
C	Marios	21	118	12	1	6_____	93500	2	17	0	0	0	0	0	0	0	0	0
C	Marios	21	118	12	1	6_____	94000	17	15	0	0	0	0	0	0	0	0	0
C	Marios	21	118	12	1	6_____	94115	15	0	0	0	0	1	0	0	0	0	0
C	Marios	21	118	12	1	6_____	94201	15	0	0	0	0	0	0	0	0	1	0
C	Marios	21	118	12	1	6_____	94500	15	1	0	0	0	0	0	0	0	0	0
C	Marios	21	118	12	1	6_____	95920	1	0	0	0	0	1	0	0	0	0	0
C	Marios	21	118	12	1	6_____	96033	1	0	0	0	0	0	0	0	0	1	0
C	Marios	21	118	12	1	6_____	97500	1	2	0	0	0	0	0	0	0	0	0
C	Marios	21	118	12	1	6_____	97954	2	0	0	0	0	1	0	0	0	0	0
C	Marios	21	118	12	1	6_____	98000	2	6	0	0	0	0	0	0	0	0	0
C	Marios	21	118	12	1	6_____	98004	6	0	0	0	0	0	0	0	0	1	0
C	Marios	21	118	12	1	6_____	98069	6	0	0	0	0	1	0	0	0	0	0
C	Marios	21	118	12	1	6_____	98094	6	0	0	0	0	0	0	0	0	1	0
C	Marios	21	118	12	1	6_____	98115	6	0	0	0	0	1	0	0	0	0	0
C	Marios	21	118	12	1	6_____	98201	6	0	0	0	0	0	0	0	0	1	0
C	Marios	21	118	12	1	6_____	98231	6	0	0	0	0	1	0	0	0	0	0
C	Marios	21	118	12	1	6_____	98269	6	0	0	0	0	0	0	0	0	1	0
C	Marios	21	118	12	1	6_____	98338	6	0	0	0	0	1	0	0	0	0	0
C	Marios	21	118	12	1	6_____	98354	6	0	0	0	0	0	0	0	0	1	0
C	Marios	21	118	12	1	6_____	98368	6	0	0	0	0	1	0	0	0	0	0
C	Marios	21	118	12	1	6_____	98387	6	0	0	0	0	0	0	0	0	1	0
C	Marios	21	118	12	1	6_____	98458	6	0	0	0	0	1	0	0	0	0	0
C	Marios	21	118	12	1	6_____	98500	6	10	0	0	0	0	0	0	0	0	0
C	Marios	21	118	12	1	6_____	98501	10	0	0	0	0	0	0	0	0	1	0
C	Marios	21	118	12	1	6_____	98523	10	0	0	0	0	1	0	0	0	0	0
C	Marios	21	118	12	1	6_____	98691	10	0	0	0	0	0	0	0	0	1	0
C	Marios	21	118	12	1	6_____	99000	10	1	0	0	0	0	0	0	0	0	0
C	Marios	21	118	12	1	6_____	99994	1	0	0	0	0	1	0	0	0	0	0
C	Marios	21	118	12	1	6_____	100078	1	0	0	0	0	0	0	0	0	1	0
C	Marios	21	118	12	1	6_____	101206	1	0	0	0	0	1	0	0	0	0	0
C	Marios	21	118	12	1	6_____	101224	1	0	0	0	0	0	0	0	0	1	0
C	Marios	21	118	12	1	6_____	101250	1	2	0	0	0	0	0	0	0	0	0
C	Marios	21	118	12	1	6_____	101671	2	0	0	0	0	1	0	0	0	0	0
C	Marios	21	118	12	1	6_____	101750	2	16	0	0	0	0	0	0	0	0	0
C	Marios	21	118	12	1	6_____	101754	16	0	0	0	0	0	0	0	0	1	0
C	Marios	21	118	12	1	6_____	101989	16	0	0	0	0	1	0	0	0	0	0
C	Marios	21	118	12	1	6_____	102022	16	0	0	0	0	0	0	0	0	1	0
C	Marios	21	118	12	1	6_____	102050	16	0	0	0	0	1	0	0	0	0	0
C	Marios	21	118	12	1	6_____	102082	16	0	0	0	0	0	0	0	0	1	0
C	Marios	21	118	12	1	6_____	102150	16	0	0	0	0	1	0	0	0	0	0
C	Marios	21	118	12	1	6_____	102189	16	0	0	0	0	0	0	0	0	1	0
C	Marios	21	118	12	1	6_____	102250	16	15	0	0	0	0	0	0	0	0	0
C	Marios	21	118	12	1	6_____	102345	15	0	0	0	0	1	0	0	0	0	0
C	Marios	21	118	12	1	6_____	102460	15	0	0	0	0	0	0	0	0	1	0
C	Marios	21	118	12	1	6_____	102750	15	1	0	0	0	0	0	0	0	0	0
C	Marios	21	118	12	1	6_____	103247	1	0	0	0	0	1	0	0	0	0	0
C	Marios	21	118	12	1	6_____	103249	1	0	0	0	0	0	0	0	0	1	0
C	Marios	21	118	12	1	6_____	103273	1	0	0	0	0	1	0	0	0	0	0
C	Marios	21	118	12	1	6_____	103328	1	0	0	0	0	0	0	0	0	1	0
C	Marios	21	118	12	1	6_____	104901	1	0	0	0	0	1	0	0	0	0	0
C	Marios	21	118	12	1	6_____	104964	1	0	0	0	0	0	0	0	0	1	0
C	Marios	21	118	12	1	6_____	106653	1	0	0	0	0	1	0	0	0	0	0
C	Marios	21	118	12	1	6_____	106657	1	0	0	0	0	0	0	0	0	1	0
C	Marios	21	118	12	1	6_____	106695	1	0	0	0	0	1	0	0	0	0	0
C	Marios	21	118	12	1	6_____	106708	1	0	0	0	0	0	0	0	0	1	0
C	Marios	21	118	12	1	6_____	107447	1	0	0	0	0	1	0	0	0	0	0
C	Marios	21	118	12	1	6_____	107459	1	0	0	0	0	0	0	0	0	1	0
C	Marios	21	118	12	1	6_____	107709	1	0	0	0	0	1	0	0	0	0	0
C	Marios	21	118	12	1	6_____	107723	1	0	0	0	0	0	0	0	0	1	0
C	Marios	21	118	12	1	6_____	107756	1	0	0	0	0	1	0	0	0	0	0
C	Marios	21	118	12	1	6_____	107766	1	0	0	0	0	0	0	0	0	1	0
C	Marios	21	118	12	1	6_____	107770	1	0	0	0	0	1	0	0	0	0	0
C	Marios	21	118	12	1	6_____	107951	1	0	0	0	0	0	0	0	0	1	0
C	Marios	21	118	12	1	6_____	108041	1	0	0	0	0	1	0	0	0	0	0
C	Marios	21	118	12	1	6_____	108078	1	0	0	0	0	0	0	0	0	1	0
C	Marios	21	118	12	1	6_____	108750	1	2	0	0	0	0	0	0	0	0	0
C	Marios	21	118	12	1	6_____	109187	2	0	0	0	0	1	0	0	0	0	0
C	Marios	21	118	12	1	6_____	109203	2	0	0	0	0	0	0	0	0	1	0
C	Marios	21	118	12	1	6_____	109250	2	17	0	0	0	0	0	0	0	0	0
C	Marios	21	118	12	1	6_____	109750	17	15	0	0	0	0	0	0	0	0	0
C	Marios	21	118	12	1	6_____	110250	15	1	0	0	0	0	0	0	0	0	0
C	Marios	21	118	12	1	6_____	110336	1	0	0	0	0	1	0	0	0	0	0
C	Marios	21	118	12	1	6_____	110339	1	0	0	0	0	0	0	0	0	1	0
C	Marios	21	118	12	1	6_____	111358	1	0	0	0	0	1	0	0	0	0	0
C	Marios	21	118	12	1	6_____	111377	1	0	0	0	0	0	0	0	0	1	0
C	Marios	21	118	12	1	6_____	113435	1	0	0	0	0	1	0	0	0	0	0
C	Marios	21	118	12	1	6_____	113438	1	0	0	0	0	0	0	0	0	1	0
C	Marios	21	118	12	1	6_____	113463	1	0	0	0	0	1	0	0	0	0	0
C	Marios	21	118	12	1	6_____	113480	1	0	0	0	0	0	0	0	0	1	0
C	Marios	21	118	12	1	6_____	114750	1	2	0	0	0	0	0	0	0	0	0
C	Marios	21	118	12	1	6_____	115250	2	17	0	0	0	0	0	0	0	0	0
C	Marios	21	118	12	1	6_____	115750	17	15	0	0	0	0	0	0	0	0	0
C	Marios	21	118	12	1	6_____	116250	15	1	0	0	0	0	0	0	0	0	0
C	Marios	21	118	12	1	6_____	116298	1	0	0	0	0	1	0	0	0	0	0
C	Marios	21	118	12	1	6_____	116325	1	0	0	0	0	0	0	0	0	1	0
C	Marios	21	118	12	1	6_____	119453	1	0	0	0	0	1	0	0	0	0	0
C	Marios	21	118	12	1	6_____	119571	1	0	0	0	0	0	0	0	0	1	0
C	Marios	21	118	12	1	6_____	120750	1	2	0	0	0	0	0	0	0	0	0
C	Marios	21	118	12	1	6_____	121250	2	17	0	0	0	0	0	0	0	0	0
C	Marios	21	118	12	1	6_____	121750	17	15	0	0	0	0	0	0	0	0	0
C	Marios	21	118	12	1	6_____	122250	15	1	0	0	0	0	0	0	0	0	0
C	Marios	21	118	12	1	6_____	124407	1	0	0	0	0	1	0	0	0	0	0
C	Marios	21	118	12	1	6_____	124428	1	0	0	0	0	0	0	0	0	1	0
C	Marios	21	118	12	1	6_____	125843	1	0	0	0	0	1	0	0	0	0	0
C	Marios	21	118	12	1	6_____	125854	1	0	0	0	0	0	0	0	0	1	0
C	Marios	21	118	12	1	6_____	125901	1	0	0	0	0	1	0	0	0	0	0
C	Marios	21	118	12	1	6_____	125908	1	0	0	0	0	0	0	0	0	1	0
C	Marios	21	118	12	1	6_____	125914	1	0	0	0	0	1	0	0	0	0	0
C	Marios	21	118	12	1	6_____	125918	1	0	0	0	0	0	0	0	0	1	0
C	Marios	21	118	12	1	6_____	125956	1	0	0	0	0	1	0	0	0	0	0
C	Marios	21	118	12	1	6_____	125973	1	0	0	0	0	0	0	0	0	1	0
C	Marios	21	118	12	1	6_____	127500	1	2	0	0	0	0	0	0	0	0	0
C	Marios	21	118	12	1	6_____	128000	2	16	0	0	0	0	0	0	0	0	0
C	Marios	21	118	12	1	6_____	128412	16	0	0	0	0	1	0	0	0	0	0
C	Marios	21	118	12	1	6_____	128419	16	0	0	0	0	0	0	0	0	1	0
C	Marios	21	118	12	1	6_____	128500	16	15	0	0	0	0	0	0	0	0	0
C	Marios	21	118	12	1	6_____	129000	15	1	0	0	0	0	0	0	0	0	0
C	Marios	21	118	12	1	6_____	129249	1	0	0	0	0	1	0	0	0	0	0
C	Marios	21	118	12	1	6_____	129256	1	0	0	0	0	0	0	0	0	1	0
C	Marios	21	118	12	1	6_____	130500	1	2	0	0	0	0	0	0	0	0	0
C	Marios	21	118	12	1	6_____	131000	2	16	0	0	0	0	0	0	0	0	0
C	Marios	21	118	12	1	6_____	131480	16	0	0	0	0	1	0	0	0	0	0
C	Marios	21	118	12	1	6_____	131495	16	0	0	0	0	0	0	0	0	1	0
C	Marios	21	118	12	1	6_____	131500	16	15	0	0	0	0	0	0	0	0	0
C	Marios	21	118	12	1	6_____	132000	15	1	0	0	0	0	0	0	0	0	0
C	Marios	21	118	12	1	6_____	132494	1	0	0	0	0	1	0	0	0	0	0
C	Marios	21	118	12	1	6_____	132542	1	0	0	0	0	0	0	0	0	1	0
C	Marios	21	118	12	1	6_____	133482	1	0	0	0	0	1	0	0	0	0	0
C	Marios	21	118	12	1	6_____	133486	1	0	0	0	0	0	0	0	0	1	0
C	Marios	21	118	12	1	6_____	134593	1	0	0	0	0	1	0	0	0	0	0
C	Marios	21	118	12	1	6_____	134611	1	0	0	0	0	0	0	0	0	1	0
C	Marios	21	118	12	1	6_____	135500	1	2	0	0	0	0	0	0	0	0	0
C	Marios	21	118	12	1	6_____	136000	2	6	0	0	0	0	0	0	0	0	0
C	Marios	21	118	12	1	6_____	136500	6	10	0	0	0	0	0	0	0	0	0
C	Marios	21	118	12	1	6_____	137000	10	1	0	0	0	0	0	0	0	0	0
C	Marios	21	118	12	1	6_____	138765	1	0	0	0	0	1	0	0	0	0	0
C	Marios	21	118	12	1	6_____	138767	1	0	0	0	0	0	0	0	0	1	0
C	Marios	21	118	12	1	6_____	138769	1	0	0	0	0	1	0	0	0	0	0
C	Marios	21	118	12	1	6_____	138871	1	0	0	0	0	0	0	0	0	1	0
C	Marios	21	118	12	1	6_____	139606	1	0	0	0	0	1	0	0	0	0	0
C	Marios	21	118	12	1	6_____	139620	1	0	0	0	0	0	0	0	0	1	0
C	Marios	21	118	12	1	6_____	141853	1	0	0	0	0	1	0	0	0	0	0
C	Marios	21	118	12	1	6_____	141941	1	0	0	0	0	0	0	0	0	1	0
C	Marios	21	118	12	1	6_____	142500	1	2	0	0	0	0	0	0	0	0	0
C	Marios	21	118	12	1	6_____	143000	2	7	0	0	0	0	0	0	0	0	0
C	Marios	21	118	12	1	6_____	143162	7	0	0	0	0	1	0	0	0	0	0
C	Marios	21	118	12	1	6_____	143186	7	0	0	0	0	0	0	0	0	1	0
C	Marios	21	118	12	1	6_____	143229	7	0	0	0	0	1	0	0	0	0	0
C	Marios	21	118	12	1	6_____	143265	7	0	0	0	0	0	0	0	0	1	0
C	Marios	21	118	12	1	6_____	143281	7	0	0	0	0	1	0	0	0	0	0
C	Marios	21	118	12	1	6_____	143368	7	0	0	0	0	0	0	0	0	1	0
C	Marios	21	118	12	1	6_____	143417	7	0	0	0	0	1	0	0	0	0	0
C	Marios	21	118	12	1	6_____	143449	7	0	0	0	0	0	0	0	0	1	0
C	Marios	21	118	12	1	6_____	143459	7	0	0	0	0	1	0	0	0	0	0
C	Marios	21	118	12	1	6_____	143500	7	11	0	0	0	0	0	0	0	0	0
C	Marios	21	118	12	1	6_____	143677	11	0	0	0	0	0	0	0	0	1	0
C	Marios	21	118	12	1	6_____	144000	11	14	0	0	0	0	0	0	0	0	0
C	Marios	21	118	12	1	6_____	144601	14	0	0	0	0	1	0	0	0	0	0
C	Marios	21	118	12	1	6_____	144622	14	0	0	0	0	0	0	0	0	1	0
C	Marios	21	118	12	1	6_____	147000	14	-1	0	0	0	0	0	0	0	0	0
C	Marios	21	118	15	1	31____	0	0	1	0	0	0	0	0	0	0	0	0
C	Marios	21	118	15	1	31____	605	1	0	0	0	0	1	0	0	0	0	0
C	Marios	21	118	15	1	31____	662	1	0	0	0	0	0	0	0	0	1	0
C	Marios	21	118	15	1	31____	4500	1	2	0	0	0	0	0	0	0	0	0
C	Marios	21	118	15	1	31____	4730	2	0	0	0	0	1	0	0	0	0	0
C	Marios	21	118	15	1	31____	4750	2	0	0	0	0	0	0	0	0	1	0
C	Marios	21	118	15	1	31____	5000	2	17	0	0	0	0	0	0	0	0	0
C	Marios	21	118	15	1	31____	5500	17	15	0	0	0	0	0	0	0	0	0
C	Marios	21	118	15	1	31____	6000	15	1	0	0	0	0	0	0	0	0	0
C	Marios	21	118	15	1	31____	7223	1	0	0	0	0	1	0	0	0	0	0
C	Marios	21	118	15	1	31____	7246	1	0	0	0	0	0	0	0	0	1	0
C	Marios	21	118	15	1	31____	9617	1	0	0	0	0	1	0	0	0	0	0
C	Marios	21	118	15	1	31____	9626	1	0	0	0	0	0	0	0	0	1	0
C	Marios	21	118	15	1	31____	9750	1	2	0	0	0	0	0	0	0	0	0
C	Marios	21	118	15	1	31____	10250	2	7	0	0	0	0	0	0	0	0	0
C	Marios	21	118	15	1	31____	10750	7	11	0	0	0	0	0	0	0	0	0
C	Marios	21	118	15	1	31____	10815	11	0	0	0	0	1	0	0	0	0	0
C	Marios	21	118	15	1	31____	10922	11	0	0	0	0	0	0	0	0	1	0
C	Marios	21	118	15	1	31____	11106	11	0	0	0	0	1	0	0	0	0	0
C	Marios	21	118	15	1	31____	11249	11	0	0	0	0	0	0	0	0	1	0
C	Marios	21	118	15	1	31____	11250	11	1	0	0	0	0	0	0	0	0	0
C	Marios	21	118	15	1	31____	11344	1	0	0	0	0	1	0	0	0	0	0
C	Marios	21	118	15	1	31____	11347	1	0	0	0	0	0	0	0	0	1	0
C	Marios	21	118	15	1	31____	13149	1	0	0	0	0	1	0	0	0	0	0
C	Marios	21	118	15	1	31____	13308	1	0	0	0	0	0	0	0	0	1	0
C	Marios	21	118	15	1	31____	13311	1	0	0	0	0	1	0	0	0	0	0
C	Marios	21	118	15	1	31____	13313	1	0	0	0	0	0	0	0	0	1	0
C	Marios	21	118	15	1	31____	13320	1	0	0	0	0	1	0	0	0	0	0
C	Marios	21	118	15	1	31____	13330	1	0	0	0	0	0	0	0	0	1	0
C	Marios	21	118	15	1	31____	13339	1	0	0	0	0	1	0	0	0	0	0
C	Marios	21	118	15	1	31____	13387	1	0	0	0	0	0	0	0	0	1	0
C	Marios	21	118	15	1	31____	13430	1	0	0	0	0	1	0	0	0	0	0
C	Marios	21	118	15	1	31____	13477	1	0	0	0	0	0	0	0	0	1	0
C	Marios	21	118	15	1	31____	14169	1	0	0	0	0	1	0	0	0	0	0
C	Marios	21	118	15	1	31____	14226	1	0	0	0	0	0	0	0	0	1	0
C	Marios	21	118	15	1	31____	14460	1	0	0	0	0	1	0	0	0	0	0
C	Marios	21	118	15	1	31____	14479	1	0	0	0	0	0	0	0	0	1	0
C	Marios	21	118	15	1	31____	16125	1	0	0	0	0	1	0	0	0	0	0
C	Marios	21	118	15	1	31____	16147	1	0	0	0	0	0	0	0	0	1	0
C	Marios	21	118	15	1	31____	17250	1	2	0	0	0	0	0	0	0	0	0
C	Marios	21	118	15	1	31____	17750	2	16	0	0	0	0	0	0	0	0	0
C	Marios	21	118	15	1	31____	18121	16	0	0	0	0	1	0	0	0	0	0
C	Marios	21	118	15	1	31____	18150	16	0	0	0	0	0	0	0	0	1	0
C	Marios	21	118	15	1	31____	18161	16	0	0	0	0	1	0	0	0	0	0
C	Marios	21	118	15	1	31____	18187	16	0	0	0	0	0	0	0	0	1	0
C	Marios	21	118	15	1	31____	18250	16	15	0	0	0	0	0	0	0	0	0
C	Marios	21	118	15	1	31____	18298	15	0	0	0	0	1	0	0	0	0	0
C	Marios	21	118	15	1	31____	18400	15	0	0	0	0	0	0	0	0	1	0
C	Marios	21	118	15	1	31____	18428	15	0	0	0	0	1	0	0	0	0	0
C	Marios	21	118	15	1	31____	18516	15	0	0	0	0	0	0	0	0	1	0
C	Marios	21	118	15	1	31____	18598	15	0	0	0	0	1	0	0	0	0	0
C	Marios	21	118	15	1	31____	18636	15	0	0	0	0	0	0	0	0	1	0
C	Marios	21	118	15	1	31____	18649	15	0	0	0	0	1	0	0	0	0	0
C	Marios	21	118	15	1	31____	18704	15	0	0	0	0	0	0	0	0	1	0
C	Marios	21	118	15	1	31____	18750	15	1	0	0	0	0	0	0	0	0	0
C	Marios	21	118	15	1	31____	18792	1	0	0	0	0	1	0	0	0	0	0
C	Marios	21	118	15	1	31____	18893	1	0	0	0	0	0	0	0	0	1	0
C	Marios	21	118	15	1	31____	18963	1	0	0	0	0	1	0	0	0	0	0
C	Marios	21	118	15	1	31____	19049	1	0	0	0	0	0	0	0	0	1	0
C	Marios	21	118	15	1	31____	19053	1	0	0	0	0	1	0	0	0	0	0
C	Marios	21	118	15	1	31____	19108	1	0	0	0	0	0	0	0	0	1	0
C	Marios	21	118	15	1	31____	19110	1	0	0	0	0	1	0	0	0	0	0
C	Marios	21	118	15	1	31____	19131	1	0	0	0	0	0	0	0	0	1	0
C	Marios	21	118	15	1	31____	19146	1	0	0	0	0	1	0	0	0	0	0
C	Marios	21	118	15	1	31____	19151	1	0	0	0	0	0	0	0	0	1	0
C	Marios	21	118	15	1	31____	19181	1	0	0	0	0	1	0	0	0	0	0
C	Marios	21	118	15	1	31____	19224	1	0	0	0	0	0	0	0	0	1	0
C	Marios	21	118	15	1	31____	19659	1	0	0	0	0	1	0	0	0	0	0
C	Marios	21	118	15	1	31____	19666	1	0	0	0	0	0	0	0	0	1	0
C	Marios	21	118	15	1	31____	20400	1	0	0	0	0	1	0	0	0	0	0
C	Marios	21	118	15	1	31____	20416	1	0	0	0	0	0	0	0	0	1	0
C	Marios	21	118	15	1	31____	20419	1	0	0	0	0	1	0	0	0	0	0
C	Marios	21	118	15	1	31____	20438	1	0	0	0	0	0	0	0	0	1	0
C	Marios	21	118	15	1	31____	21000	1	2	0	0	0	0	0	0	0	0	0
C	Marios	21	118	15	1	31____	21500	2	6	0	0	0	0	0	0	0	0	0
C	Marios	21	118	15	1	31____	21814	6	0	0	0	0	1	0	0	0	0	0
C	Marios	21	118	15	1	31____	21915	6	0	0	0	0	0	0	0	0	1	0
C	Marios	21	118	15	1	31____	21922	6	0	0	0	0	1	0	0	0	0	0
C	Marios	21	118	15	1	31____	21994	6	0	0	0	0	0	0	0	0	1	0
C	Marios	21	118	15	1	31____	22000	6	10	0	0	0	0	0	0	0	0	0
C	Marios	21	118	15	1	31____	22011	10	0	0	0	0	1	0	0	0	0	0
C	Marios	21	118	15	1	31____	22221	10	0	0	0	0	0	0	0	0	1	0
C	Marios	21	118	15	1	31____	22222	10	0	0	0	0	1	0	0	0	0	0
C	Marios	21	118	15	1	31____	22227	10	0	0	0	0	0	0	0	0	1	0
C	Marios	21	118	15	1	31____	22310	10	0	0	0	0	1	0	0	0	0	0
C	Marios	21	118	15	1	31____	22431	10	0	0	0	0	0	0	0	0	1	0
C	Marios	21	118	15	1	31____	22500	10	1	0	0	0	0	0	0	0	0	0
C	Marios	21	118	15	1	31____	22546	1	0	0	0	0	1	0	0	0	0	0
C	Marios	21	118	15	1	31____	22729	1	0	0	0	0	0	0	0	0	1	0
C	Marios	21	118	15	1	31____	22812	1	0	0	0	0	1	0	0	0	0	0
C	Marios	21	118	15	1	31____	22853	1	0	0	0	0	0	0	0	0	1	0
C	Marios	21	118	15	1	31____	23105	1	0	0	0	0	1	0	0	0	0	0
C	Marios	21	118	15	1	31____	23129	1	0	0	0	0	0	0	0	0	1	0
C	Marios	21	118	15	1	31____	25124	1	0	0	0	0	1	0	0	0	0	0
C	Marios	21	118	15	1	31____	25179	1	0	0	0	0	0	0	0	0	1	0
C	Marios	21	118	15	1	31____	25233	1	0	0	0	0	1	0	0	0	0	0
C	Marios	21	118	15	1	31____	25264	1	0	0	0	0	0	0	0	0	1	0
C	Marios	21	118	15	1	31____	25316	1	0	0	0	0	1	0	0	0	0	0
C	Marios	21	118	15	1	31____	25356	1	0	0	0	0	0	0	0	0	1	0
C	Marios	21	118	15	1	31____	25720	1	0	0	0	0	1	0	0	0	0	0
C	Marios	21	118	15	1	31____	25758	1	0	0	0	0	0	0	0	0	1	0
C	Marios	21	118	15	1	31____	26000	1	2	0	0	0	0	0	0	0	0	0
C	Marios	21	118	15	1	31____	26500	2	17	0	0	0	0	0	0	0	0	0
C	Marios	21	118	15	1	31____	26998	17	0	0	0	0	1	0	0	0	0	0
C	Marios	21	118	15	1	31____	27000	17	15	0	0	0	0	0	0	0	0	0
C	Marios	21	118	15	1	31____	27108	15	0	0	0	0	0	0	0	0	1	0
C	Marios	21	118	15	1	31____	27193	15	0	0	0	0	1	0	0	0	0	0
C	Marios	21	118	15	1	31____	27240	15	0	0	0	0	0	0	0	0	1	0
C	Marios	21	118	15	1	31____	27317	15	0	0	0	0	1	0	0	0	0	0
C	Marios	21	118	15	1	31____	27349	15	0	0	0	0	0	0	0	0	1	0
C	Marios	21	118	15	1	31____	27396	15	0	0	0	0	1	0	0	0	0	0
C	Marios	21	118	15	1	31____	27446	15	0	0	0	0	0	0	0	0	1	0
C	Marios	21	118	15	1	31____	27500	15	1	0	0	0	0	0	0	0	0	0
C	Marios	21	118	15	1	31____	28775	1	0	0	0	0	1	0	0	0	0	0
C	Marios	21	118	15	1	31____	28786	1	0	0	0	0	0	0	0	0	1	0
C	Marios	21	118	15	1	31____	28988	1	0	0	0	0	1	0	0	0	0	0
C	Marios	21	118	15	1	31____	29030	1	0	0	0	0	0	0	0	0	1	0
C	Marios	21	118	15	1	31____	32750	1	2	0	0	0	0	0	0	0	0	0
C	Marios	21	118	15	1	31____	32783	2	0	0	0	0	1	0	0	0	0	0
C	Marios	21	118	15	1	31____	32821	2	0	0	0	0	0	0	0	0	1	0
C	Marios	21	118	15	1	31____	33250	2	16	0	0	0	0	0	0	0	0	0
C	Marios	21	118	15	1	31____	33750	16	15	0	0	0	0	0	0	0	0	0
C	Marios	21	118	15	1	31____	34174	15	0	0	0	0	1	0	0	0	0	0
C	Marios	21	118	15	1	31____	34220	15	0	0	0	0	0	0	0	0	1	0
C	Marios	21	118	15	1	31____	34250	15	1	0	0	0	0	0	0	0	0	0
C	Marios	21	118	15	1	31____	34299	1	0	0	0	0	1	0	0	0	0	0
C	Marios	21	118	15	1	31____	34390	1	0	0	0	0	0	0	0	0	1	0
C	Marios	21	118	15	1	31____	34391	1	0	0	0	0	1	0	0	0	0	0
C	Marios	21	118	15	1	31____	34394	1	0	0	0	0	0	0	0	0	1	0
C	Marios	21	118	15	1	31____	35669	1	0	0	0	0	1	0	0	0	0	0
C	Marios	21	118	15	1	31____	35704	1	0	0	0	0	0	0	0	0	1	0
C	Marios	21	118	15	1	31____	35708	1	0	0	0	0	1	0	0	0	0	0
C	Marios	21	118	15	1	31____	35710	1	0	0	0	0	0	0	0	0	1	0
C	Marios	21	118	15	1	31____	36839	1	0	0	0	0	1	0	0	0	0	0
C	Marios	21	118	15	1	31____	36850	1	0	0	0	0	0	0	0	0	1	0
C	Marios	21	118	15	1	31____	37644	1	0	0	0	0	1	0	0	0	0	0
C	Marios	21	118	15	1	31____	37658	1	0	0	0	0	0	0	0	0	1	0
C	Marios	21	118	15	1	31____	38564	1	0	0	0	0	1	0	0	0	0	0
C	Marios	21	118	15	1	31____	38572	1	0	0	0	0	0	0	0	0	1	0
C	Marios	21	118	15	1	31____	38753	1	0	0	0	0	1	0	0	0	0	0
C	Marios	21	118	15	1	31____	38853	1	0	0	0	0	0	0	0	0	1	0
C	Marios	21	118	15	1	31____	39677	1	0	0	0	0	1	0	0	0	0	0
C	Marios	21	118	15	1	31____	39783	1	0	0	0	0	0	0	0	0	1	0
C	Marios	21	118	15	1	31____	41000	1	2	0	0	0	0	0	0	0	0	0
C	Marios	21	118	15	1	31____	41500	2	16	0	0	0	0	0	0	0	0	0
C	Marios	21	118	15	1	31____	41557	16	0	0	0	0	1	0	0	0	0	0
C	Marios	21	118	15	1	31____	41588	16	0	0	0	0	0	0	0	0	1	0
C	Marios	21	118	15	1	31____	42000	16	15	0	0	0	0	0	0	0	0	0
C	Marios	21	118	15	1	31____	42003	15	0	0	0	0	1	0	0	0	0	0
C	Marios	21	118	15	1	31____	42040	15	0	0	0	0	0	0	0	0	1	0
C	Marios	21	118	15	1	31____	42500	15	1	0	0	0	0	0	0	0	0	0
C	Marios	21	118	15	1	31____	44000	1	2	0	0	0	0	0	0	0	0	0
C	Marios	21	118	15	1	31____	44500	2	7	0	0	0	0	0	0	0	0	0
C	Marios	21	118	15	1	31____	44564	7	0	0	0	0	1	0	0	0	0	0
C	Marios	21	118	15	1	31____	44568	7	0	0	0	0	0	0	0	0	1	0
C	Marios	21	118	15	1	31____	44598	7	0	0	0	0	1	0	0	0	0	0
C	Marios	21	118	15	1	31____	44643	7	0	0	0	0	0	0	0	0	1	0
C	Marios	21	118	15	1	31____	44678	7	0	0	0	0	1	0	0	0	0	0
C	Marios	21	118	15	1	31____	44771	7	0	0	0	0	0	0	0	0	1	0
C	Marios	21	118	15	1	31____	44789	7	0	0	0	0	1	0	0	0	0	0
C	Marios	21	118	15	1	31____	44829	7	0	0	0	0	0	0	0	0	1	0
C	Marios	21	118	15	1	31____	44887	7	0	0	0	0	1	0	0	0	0	0
C	Marios	21	118	15	1	31____	45000	7	11	0	0	0	0	0	0	0	0	0
C	Marios	21	118	15	1	31____	45334	11	0	0	0	0	0	0	0	0	1	0
C	Marios	21	118	15	1	31____	45339	11	0	0	0	0	1	0	0	0	0	0
C	Marios	21	118	15	1	31____	45342	11	0	0	0	0	0	0	0	0	1	0
C	Marios	21	118	15	1	31____	45346	11	0	0	0	0	1	0	0	0	0	0
C	Marios	21	118	15	1	31____	45357	11	0	0	0	0	0	0	0	0	1	0
C	Marios	21	118	15	1	31____	45500	11	1	0	0	0	0	0	0	0	0	0
C	Marios	21	118	15	1	31____	45769	1	0	0	0	0	1	0	0	0	0	0
C	Marios	21	118	15	1	31____	45856	1	0	0	0	0	0	0	0	0	1	0
C	Marios	21	118	15	1	31____	47505	1	0	0	0	0	1	0	0	0	0	0
C	Marios	21	118	15	1	31____	47627	1	0	0	0	0	0	0	0	0	1	0
C	Marios	21	118	15	1	31____	47728	1	0	0	0	0	1	0	0	0	0	0
C	Marios	21	118	15	1	31____	47858	1	0	0	0	0	0	0	0	0	1	0
C	Marios	21	118	15	1	31____	47944	1	0	0	0	0	1	0	0	0	0	0
C	Marios	21	118	15	1	31____	48025	1	0	0	0	0	0	0	0	0	1	0
C	Marios	21	118	15	1	31____	48106	1	0	0	0	0	1	0	0	0	0	0
C	Marios	21	118	15	1	31____	48500	1	2	0	0	0	0	0	0	0	0	0
C	Marios	21	118	15	1	31____	48591	2	0	0	0	0	0	0	0	0	1	0
C	Marios	21	118	15	1	31____	48852	2	0	0	0	0	1	0	0	0	0	0
C	Marios	21	118	15	1	31____	48884	2	0	0	0	0	0	0	0	0	1	0
C	Marios	21	118	15	1	31____	49000	2	16	0	0	0	0	0	0	0	0	0
C	Marios	21	118	15	1	31____	49391	16	0	0	0	0	1	0	0	0	0	0
C	Marios	21	118	15	1	31____	49423	16	0	0	0	0	0	0	0	0	1	0
C	Marios	21	118	15	1	31____	49500	16	15	0	0	0	0	0	0	0	0	0
C	Marios	21	118	15	1	31____	50000	15	1	0	0	0	0	0	0	0	0	0
C	Marios	21	118	15	1	31____	51120	1	0	0	0	0	1	0	0	0	0	0
C	Marios	21	118	15	1	31____	51125	1	0	0	0	0	0	0	0	0	1	0
C	Marios	21	118	15	1	31____	53643	1	0	0	0	0	1	0	0	0	0	0
C	Marios	21	118	15	1	31____	53659	1	0	0	0	0	0	0	0	0	1	0
C	Marios	21	118	15	1	31____	55500	1	2	0	0	0	0	0	0	0	0	0
C	Marios	21	118	15	1	31____	56000	2	17	0	0	0	0	0	0	0	0	0
C	Marios	21	118	15	1	31____	56500	17	15	0	0	0	0	0	0	0	0	0
C	Marios	21	118	15	1	31____	56583	15	0	0	0	0	1	0	0	0	0	0
C	Marios	21	118	15	1	31____	56647	15	0	0	0	0	0	0	0	0	1	0
C	Marios	21	118	15	1	31____	56704	15	0	0	0	0	1	0	0	0	0	0
C	Marios	21	118	15	1	31____	56783	15	0	0	0	0	0	0	0	0	1	0
C	Marios	21	118	15	1	31____	56885	15	0	0	0	0	1	0	0	0	0	0
C	Marios	21	118	15	1	31____	57000	15	1	0	0	0	0	0	0	0	0	0
C	Marios	21	118	15	1	31____	57121	1	0	0	0	0	0	0	0	0	1	0
C	Marios	21	118	15	1	31____	61163	1	0	0	0	0	1	0	0	0	0	0
C	Marios	21	118	15	1	31____	61180	1	0	0	0	0	0	0	0	0	1	0
C	Marios	21	118	15	1	31____	61500	1	2	0	0	0	0	0	0	0	0	0
C	Marios	21	118	15	1	31____	62000	2	6	0	0	0	0	0	0	0	0	0
C	Marios	21	118	15	1	31____	62042	6	0	0	0	0	1	0	0	0	0	0
C	Marios	21	118	15	1	31____	62092	6	0	0	0	0	0	0	0	0	1	0
C	Marios	21	118	15	1	31____	62122	6	0	0	0	0	1	0	0	0	0	0
C	Marios	21	118	15	1	31____	62182	6	0	0	0	0	0	0	0	0	1	0
C	Marios	21	118	15	1	31____	62205	6	0	0	0	0	1	0	0	0	0	0
C	Marios	21	118	15	1	31____	62351	6	0	0	0	0	0	0	0	0	1	0
C	Marios	21	118	15	1	31____	62376	6	0	0	0	0	1	0	0	0	0	0
C	Marios	21	118	15	1	31____	62500	6	10	0	0	0	0	0	0	0	0	0
C	Marios	21	118	15	1	31____	62677	10	0	0	0	0	1	0	0	0	1	0
C	Marios	21	118	15	1	31____	62697	10	0	0	0	0	0	0	0	0	1	0
C	Marios	21	118	15	1	31____	62701	10	0	0	0	0	1	0	0	0	0	0
C	Marios	21	118	15	1	31____	62705	10	0	0	0	0	0	0	0	0	1	0
C	Marios	21	118	15	1	31____	62721	10	0	0	0	0	1	0	0	0	0	0
C	Marios	21	118	15	1	31____	62723	10	0	0	0	0	0	0	0	0	1	0
C	Marios	21	118	15	1	31____	62728	10	0	0	0	0	1	0	0	0	0	0
C	Marios	21	118	15	1	31____	62832	10	0	0	0	0	0	0	0	0	1	0
C	Marios	21	118	15	1	31____	62872	10	0	0	0	0	1	0	0	0	0	0
C	Marios	21	118	15	1	31____	62874	10	0	0	0	0	0	0	0	0	1	0
C	Marios	21	118	15	1	31____	62878	10	0	0	0	0	1	0	0	0	0	0
C	Marios	21	118	15	1	31____	62880	10	0	0	0	0	0	0	0	0	1	0
C	Marios	21	118	15	1	31____	62933	10	0	0	0	0	1	0	0	0	0	0
C	Marios	21	118	15	1	31____	62954	10	0	0	0	0	0	0	0	0	1	0
C	Marios	21	118	15	1	31____	62966	10	0	0	0	0	1	0	0	0	0	0
C	Marios	21	118	15	1	31____	63000	10	1	0	0	0	0	0	0	0	0	0
C	Marios	21	118	15	1	31____	63043	1	0	0	0	0	0	0	0	0	1	0
C	Marios	21	118	15	1	31____	65122	1	0	0	0	0	1	0	0	0	0	0
C	Marios	21	118	15	1	31____	65141	1	0	0	0	0	0	0	0	0	1	0
C	Marios	21	118	15	1	31____	65849	1	0	0	0	0	1	0	0	0	0	0
C	Marios	21	118	15	1	31____	65869	1	0	0	0	0	0	0	0	0	1	0
C	Marios	21	118	15	1	31____	65911	1	0	0	0	0	1	0	0	0	0	0
C	Marios	21	118	15	1	31____	65922	1	0	0	0	0	0	0	0	0	1	0
C	Marios	21	118	15	1	31____	65966	1	0	0	0	0	1	0	0	0	0	0
C	Marios	21	118	15	1	31____	65998	1	0	0	0	0	0	0	0	0	1	0
C	Marios	21	118	15	1	31____	66084	1	0	0	0	0	1	0	0	0	0	0
C	Marios	21	118	15	1	31____	66090	1	0	0	0	0	0	0	0	0	1	0
C	Marios	21	118	15	1	31____	66095	1	0	0	0	0	1	0	0	0	0	0
C	Marios	21	118	15	1	31____	66097	1	0	0	0	0	0	0	0	0	1	0
C	Marios	21	118	15	1	31____	66108	1	0	0	0	0	1	0	0	0	0	0
C	Marios	21	118	15	1	31____	66115	1	0	0	0	0	0	0	0	0	1	0
C	Marios	21	118	15	1	31____	66138	1	0	0	0	0	1	0	0	0	0	0
C	Marios	21	118	15	1	31____	66177	1	0	0	0	0	0	0	0	0	1	0
C	Marios	21	118	15	1	31____	66187	1	0	0	0	0	1	0	0	0	0	0
C	Marios	21	118	15	1	31____	66303	1	0	0	0	0	0	0	0	0	1	0
C	Marios	21	118	15	1	31____	66515	1	0	0	0	0	1	0	0	0	0	0
C	Marios	21	118	15	1	31____	66542	1	0	0	0	0	0	0	0	0	1	0
C	Marios	21	118	15	1	31____	66715	1	0	0	0	0	1	0	0	0	0	0
C	Marios	21	118	15	1	31____	66819	1	0	0	0	0	0	0	0	0	1	0
C	Marios	21	118	15	1	31____	67756	1	0	0	0	0	1	0	0	0	0	0
C	Marios	21	118	15	1	31____	67768	1	0	0	0	0	0	0	0	0	1	0
C	Marios	21	118	15	1	31____	69217	1	0	0	0	0	1	0	0	0	0	0
C	Marios	21	118	15	1	31____	69321	1	0	0	0	0	0	0	0	0	1	0
C	Marios	21	118	15	1	31____	70500	1	2	0	0	0	0	0	0	0	0	0
C	Marios	21	118	15	1	31____	70526	2	0	0	0	0	1	0	0	0	0	0
C	Marios	21	118	15	1	31____	70533	2	0	0	0	0	0	0	0	0	1	0
C	Marios	21	118	15	1	31____	70534	2	0	0	0	0	1	0	0	0	0	0
C	Marios	21	118	15	1	31____	70548	2	0	0	0	0	0	0	0	0	1	0
C	Marios	21	118	15	1	31____	70554	2	0	0	0	0	1	0	0	0	0	0
C	Marios	21	118	15	1	31____	70556	2	0	0	0	0	0	0	0	0	1	0
C	Marios	21	118	15	1	31____	71000	2	17	0	0	0	0	0	0	0	0	0
C	Marios	21	118	15	1	31____	71084	17	0	0	0	0	1	0	0	0	0	0
C	Marios	21	118	15	1	31____	71120	17	0	0	0	0	0	0	0	0	1	0
C	Marios	21	118	15	1	31____	71231	17	0	0	0	0	1	0	0	0	0	0
C	Marios	21	118	15	1	31____	71301	17	0	0	0	0	0	0	0	0	1	0
C	Marios	21	118	15	1	31____	71403	17	0	0	0	0	1	0	0	0	0	0
C	Marios	21	118	15	1	31____	71500	17	15	0	0	0	0	0	0	0	0	0
C	Marios	21	118	15	1	31____	72000	15	1	0	0	0	0	0	0	0	0	0
C	Marios	21	118	15	1	31____	72201	1	0	0	0	0	0	0	0	0	1	0
C	Marios	21	118	15	1	31____	72203	1	0	0	0	0	1	0	0	0	0	0
C	Marios	21	118	15	1	31____	72213	1	0	0	0	0	0	0	0	0	1	0
C	Marios	21	118	15	1	31____	72215	1	0	0	0	0	1	0	0	0	0	0
C	Marios	21	118	15	1	31____	72226	1	0	0	0	0	0	0	0	0	1	0
C	Marios	21	118	15	1	31____	72227	1	0	0	0	0	1	0	0	0	0	0
C	Marios	21	118	15	1	31____	72245	1	0	0	0	0	1	0	0	0	1	0
C	Marios	21	118	15	1	31____	72248	1	0	0	0	0	0	0	0	0	1	0
C	Marios	21	118	15	1	31____	72251	1	0	0	0	0	1	0	0	0	0	0
C	Marios	21	118	15	1	31____	72262	1	0	0	0	0	0	0	0	0	1	0
C	Marios	21	118	15	1	31____	72263	1	0	0	0	0	1	0	0	0	0	0
C	Marios	21	118	15	1	31____	72316	1	0	0	0	0	0	0	0	0	1	0
C	Marios	21	118	15	1	31____	72324	1	0	0	0	0	1	0	0	0	0	0
C	Marios	21	118	15	1	31____	72343	1	0	0	0	0	0	0	0	0	1	0
C	Marios	21	118	15	1	31____	72344	1	0	0	0	0	1	0	0	0	0	0
C	Marios	21	118	15	1	31____	72360	1	0	0	0	0	0	0	0	0	1	0
C	Marios	21	118	15	1	31____	72361	1	0	0	0	0	1	0	0	0	0	0
C	Marios	21	118	15	1	31____	72410	1	0	0	0	0	0	0	0	0	1	0
C	Marios	21	118	15	1	31____	72411	1	0	0	0	0	1	0	0	0	0	0
C	Marios	21	118	15	1	31____	72465	1	0	0	0	0	0	0	0	0	1	0
C	Marios	21	118	15	1	31____	72481	1	0	0	0	0	1	0	0	0	0	0
C	Marios	21	118	15	1	31____	72690	1	0	0	0	0	0	0	0	0	1	0
C	Marios	21	118	15	1	31____	72764	1	0	0	0	0	1	0	0	0	0	0
C	Marios	21	118	15	1	31____	73091	1	0	0	0	0	0	0	0	0	1	0
C	Marios	21	118	15	1	31____	73097	1	0	0	0	0	1	0	0	0	0	0
C	Marios	21	118	15	1	31____	73100	1	0	0	0	0	0	0	0	0	1	0
C	Marios	21	118	15	1	31____	73115	1	0	0	0	0	1	0	0	0	0	0
C	Marios	21	118	15	1	31____	73118	1	0	0	0	0	0	0	0	0	1	0
C	Marios	21	118	15	1	31____	73152	1	0	0	0	0	1	0	0	0	0	0
C	Marios	21	118	15	1	31____	73257	1	0	0	0	0	0	0	0	0	1	0
C	Marios	21	118	15	1	31____	73272	1	0	0	0	0	1	0	0	0	0	0
C	Marios	21	118	15	1	31____	73281	1	0	0	0	0	0	0	0	0	1	0
C	Marios	21	118	15	1	31____	73285	1	0	0	0	0	1	0	0	0	0	0
C	Marios	21	118	15	1	31____	73371	1	0	0	0	0	0	0	0	0	1	0
C	Marios	21	118	15	1	31____	73477	1	0	0	0	0	1	0	0	0	0	0
C	Marios	21	118	15	1	31____	73537	1	0	0	0	0	0	0	0	0	1	0
C	Marios	21	118	15	1	31____	73538	1	0	0	0	0	1	0	0	0	0	0
C	Marios	21	118	15	1	31____	73542	1	0	0	0	0	0	0	0	0	1	0
C	Marios	21	118	15	1	31____	73544	1	0	0	0	0	1	0	0	0	0	0
C	Marios	21	118	15	1	31____	73579	1	0	0	0	0	0	0	0	0	1	0
C	Marios	21	118	15	1	31____	78750	1	2	0	0	0	0	0	0	0	0	0
C	Marios	21	118	15	1	31____	79250	2	16	0	0	0	0	0	0	0	0	0
C	Marios	21	118	15	1	31____	79332	16	0	0	0	0	1	0	0	0	0	0
C	Marios	21	118	15	1	31____	79381	16	0	0	0	0	0	0	0	0	1	0
C	Marios	21	118	15	1	31____	79682	16	0	0	0	0	1	0	0	0	0	0
C	Marios	21	118	15	1	31____	79750	16	15	0	0	0	0	0	0	0	0	0
C	Marios	21	118	15	1	31____	79794	15	0	0	0	0	0	0	0	0	1	0
C	Marios	21	118	15	1	31____	79882	15	0	0	0	0	1	0	0	0	0	0
C	Marios	21	118	15	1	31____	80250	15	1	0	0	0	0	0	0	0	0	0
C	Marios	21	118	15	1	31____	80305	1	0	0	0	0	0	0	0	0	1	0
C	Marios	21	118	15	1	31____	83321	1	0	0	0	0	1	0	0	0	0	0
C	Marios	21	118	15	1	31____	83335	1	0	0	0	0	0	0	0	0	1	0
C	Marios	21	118	15	1	31____	84723	1	0	0	0	0	1	0	0	0	0	0
C	Marios	21	118	15	1	31____	84812	1	0	0	0	0	0	0	0	0	1	0
C	Marios	21	118	15	1	31____	87750	1	2	0	0	0	0	0	0	0	0	0
C	Marios	21	118	15	1	31____	87917	2	0	0	0	0	1	0	0	0	0	0
C	Marios	21	118	15	1	31____	87935	2	0	0	0	0	0	0	0	0	1	0
C	Marios	21	118	15	1	31____	88250	2	6	0	0	0	0	0	0	0	0	0
C	Marios	21	118	15	1	31____	88298	6	0	0	0	0	1	0	0	0	0	0
C	Marios	21	118	15	1	31____	88455	6	0	0	0	0	0	0	0	0	1	0
C	Marios	21	118	15	1	31____	88457	6	0	0	0	0	1	0	0	0	0	0
C	Marios	21	118	15	1	31____	88459	6	0	0	0	0	0	0	0	0	1	0
C	Marios	21	118	15	1	31____	88469	6	0	0	0	0	1	0	0	0	0	0
C	Marios	21	118	15	1	31____	88579	6	0	0	0	0	0	0	0	0	1	0
C	Marios	21	118	15	1	31____	88580	6	0	0	0	0	1	0	0	0	0	0
C	Marios	21	118	15	1	31____	88750	6	10	0	0	0	0	0	0	0	0	0
C	Marios	21	118	15	1	31____	88882	10	0	0	0	0	0	0	0	0	1	0
C	Marios	21	118	15	1	31____	89250	10	1	0	0	0	0	0	0	0	0	0
C	Marios	21	118	15	1	31____	90013	1	0	0	0	0	1	0	0	0	0	0
C	Marios	21	118	15	1	31____	90299	1	0	0	0	0	0	0	0	0	1	0
C	Marios	21	118	15	1	31____	90499	1	0	0	0	0	1	0	0	0	0	0
C	Marios	21	118	15	1	31____	90750	1	2	0	0	0	0	0	0	0	0	0
C	Marios	21	118	15	1	31____	90918	2	0	0	0	0	0	0	0	0	1	0
C	Marios	21	118	15	1	31____	91011	2	0	0	0	0	1	0	0	0	0	0
C	Marios	21	118	15	1	31____	91018	2	0	0	0	0	0	0	0	0	1	0
C	Marios	21	118	15	1	31____	91019	2	0	0	0	0	1	0	0	0	0	0
C	Marios	21	118	15	1	31____	91025	2	0	0	0	0	1	0	0	0	1	0
C	Marios	21	118	15	1	31____	91106	2	0	0	0	0	0	0	0	0	1	0
C	Marios	21	118	15	1	31____	91170	2	0	0	0	0	1	0	0	0	0	0
C	Marios	21	118	15	1	31____	91178	2	0	0	0	0	0	0	0	0	1	0
C	Marios	21	118	15	1	31____	91197	2	0	0	0	0	1	0	0	0	0	0
C	Marios	21	118	15	1	31____	91250	2	17	0	0	0	0	0	0	0	0	0
C	Marios	21	118	15	1	31____	91264	17	0	0	0	0	0	0	0	0	1	0
C	Marios	21	118	15	1	31____	91268	17	0	0	0	0	1	0	0	0	0	0
C	Marios	21	118	15	1	31____	91292	17	0	0	0	0	0	0	0	0	1	0
C	Marios	21	118	15	1	31____	91375	17	0	0	0	0	1	0	0	0	0	0
C	Marios	21	118	15	1	31____	91429	17	0	0	0	0	0	0	0	0	1	0
C	Marios	21	118	15	1	31____	91494	17	0	0	0	0	1	0	0	0	0	0
C	Marios	21	118	15	1	31____	91628	17	0	0	0	0	0	0	0	0	1	0
C	Marios	21	118	15	1	31____	91722	17	0	0	0	0	1	0	0	0	0	0
C	Marios	21	118	15	1	31____	91750	17	15	0	0	0	0	0	0	0	0	0
C	Marios	21	118	15	1	31____	92116	15	0	0	0	0	0	0	0	0	1	0
C	Marios	21	118	15	1	31____	92118	15	0	0	0	0	1	0	0	0	0	0
C	Marios	21	118	15	1	31____	92250	15	1	0	0	0	0	0	0	0	0	0
C	Marios	21	118	15	1	31____	92418	1	0	0	0	0	0	0	0	0	1	0
C	Marios	21	118	15	1	31____	92450	1	0	0	0	0	1	0	0	0	0	0
C	Marios	21	118	15	1	31____	92542	1	0	0	0	0	0	0	0	0	1	0
C	Marios	21	118	15	1	31____	93584	1	0	0	0	0	1	0	0	0	0	0
C	Marios	21	118	15	1	31____	93620	1	0	0	0	0	0	0	0	0	1	0
C	Marios	21	118	15	1	31____	93624	1	0	0	0	0	1	0	0	0	0	0
C	Marios	21	118	15	1	31____	93649	1	0	0	0	0	0	0	0	0	1	0
C	Marios	21	118	15	1	31____	96000	1	2	0	0	0	0	0	0	0	0	0
C	Marios	21	118	15	1	31____	96500	2	7	0	0	0	0	0	0	0	0	0
C	Marios	21	118	15	1	31____	96610	7	0	0	0	0	1	0	0	0	0	0
C	Marios	21	118	15	1	31____	96639	7	0	0	0	0	0	0	0	0	1	0
C	Marios	21	118	15	1	31____	96657	7	0	0	0	0	1	0	0	0	0	0
C	Marios	21	118	15	1	31____	96713	7	0	0	0	0	0	0	0	0	1	0
C	Marios	21	118	15	1	31____	96732	7	0	0	0	0	1	0	0	0	0	0
C	Marios	21	118	15	1	31____	97000	7	11	0	0	0	0	0	0	0	0	0
C	Marios	21	118	15	1	31____	97362	11	0	0	0	0	0	0	0	0	1	0
C	Marios	21	118	15	1	31____	97364	11	0	0	0	0	1	0	0	0	0	0
C	Marios	21	118	15	1	31____	97368	11	0	0	0	0	0	0	0	0	1	0
C	Marios	21	118	15	1	31____	97374	11	0	0	0	0	1	0	0	0	0	0
C	Marios	21	118	15	1	31____	97377	11	0	0	0	0	0	0	0	0	1	0
C	Marios	21	118	15	1	31____	97379	11	0	0	0	0	1	0	0	0	0	0
C	Marios	21	118	15	1	31____	97385	11	0	0	0	0	0	0	0	0	1	0
C	Marios	21	118	15	1	31____	97387	11	0	0	0	0	1	0	0	0	0	0
C	Marios	21	118	15	1	31____	97430	11	0	0	0	0	0	0	0	0	1	0
C	Marios	21	118	15	1	31____	97466	11	0	0	0	0	1	0	0	0	0	0
C	Marios	21	118	15	1	31____	97469	11	0	0	0	0	0	0	0	0	1	0
C	Marios	21	118	15	1	31____	97477	11	0	0	0	0	1	0	0	0	0	0
C	Marios	21	118	15	1	31____	97500	11	1	0	0	0	0	0	0	0	0	0
C	Marios	21	118	15	1	31____	97508	1	0	0	0	0	0	0	0	0	1	0
C	Marios	21	118	15	1	31____	97510	1	0	0	0	0	1	0	0	0	0	0
C	Marios	21	118	15	1	31____	97525	1	0	0	0	0	0	0	0	0	1	0
C	Marios	21	118	15	1	31____	97531	1	0	0	0	0	1	0	0	0	0	0
C	Marios	21	118	15	1	31____	97635	1	0	0	0	0	0	0	0	0	1	0
C	Marios	21	118	15	1	31____	97652	1	0	0	0	0	1	0	0	0	0	0
C	Marios	21	118	15	1	31____	97658	1	0	0	0	0	0	0	0	0	1	0
C	Marios	21	118	15	1	31____	97686	1	0	0	0	0	1	0	0	0	0	0
C	Marios	21	118	15	1	31____	97701	1	0	0	0	0	0	0	0	0	1	0
C	Marios	21	118	15	1	31____	97706	1	0	0	0	0	1	0	0	0	0	0
C	Marios	21	118	15	1	31____	97877	1	0	0	0	0	1	0	0	0	1	0
C	Marios	21	118	15	1	31____	97884	1	0	0	0	0	0	0	0	0	1	0
C	Marios	21	118	15	1	31____	97928	1	0	0	0	0	1	0	0	0	0	0
C	Marios	21	118	15	1	31____	97931	1	0	0	0	0	0	0	0	0	1	0
C	Marios	21	118	15	1	31____	97938	1	0	0	0	0	1	0	0	0	0	0
C	Marios	21	118	15	1	31____	97940	1	0	0	0	0	0	0	0	0	1	0
C	Marios	21	118	15	1	31____	97962	1	0	0	0	0	1	0	0	0	0	0
C	Marios	21	118	15	1	31____	98073	1	0	0	0	0	0	0	0	0	1	0
C	Marios	21	118	15	1	31____	98091	1	0	0	0	0	1	0	0	0	0	0
C	Marios	21	118	15	1	31____	98116	1	0	0	0	0	0	0	0	0	1	0
C	Marios	21	118	15	1	31____	99033	1	0	0	0	0	1	0	0	0	0	0
C	Marios	21	118	15	1	31____	99151	1	0	0	0	0	0	0	0	0	1	0
C	Marios	21	118	15	1	31____	100932	1	0	0	0	0	1	0	0	0	0	0
C	Marios	21	118	15	1	31____	100935	1	0	0	0	0	0	0	0	0	1	0
C	Marios	21	118	15	1	31____	100940	1	0	0	0	0	1	0	0	0	0	0
C	Marios	21	118	15	1	31____	100949	1	0	0	0	0	0	0	0	0	1	0
C	Marios	21	118	15	1	31____	101000	1	0	0	0	0	1	0	0	0	0	0
C	Marios	21	118	15	1	31____	101002	1	0	0	0	0	0	0	0	0	1	0
C	Marios	21	118	15	1	31____	101004	1	0	0	0	0	1	0	0	0	0	0
C	Marios	21	118	15	1	31____	101038	1	0	0	0	0	0	0	0	0	1	0
C	Marios	21	118	15	1	31____	102626	1	0	0	0	0	1	0	0	0	0	0
C	Marios	21	118	15	1	31____	102694	1	0	0	0	0	0	0	0	0	1	0
C	Marios	21	118	15	1	31____	102750	1	2	0	0	0	0	0	0	0	0	0
C	Marios	21	118	15	1	31____	103133	2	0	0	0	0	1	0	0	0	0	0
C	Marios	21	118	15	1	31____	103250	2	17	0	0	0	0	0	0	0	0	0
C	Marios	21	118	15	1	31____	103256	17	0	0	0	0	0	0	0	0	1	0
C	Marios	21	118	15	1	31____	103328	17	0	0	0	0	1	0	0	0	0	0
C	Marios	21	118	15	1	31____	103386	17	0	0	0	0	0	0	0	0	1	0
C	Marios	21	118	15	1	31____	103465	17	0	0	0	0	1	0	0	0	0	0
C	Marios	21	118	15	1	31____	103750	17	15	0	0	0	0	0	0	0	0	0
C	Marios	21	118	15	1	31____	104027	15	0	0	0	0	0	0	0	0	1	0
C	Marios	21	118	15	1	31____	104033	15	0	0	0	0	1	0	0	0	0	0
C	Marios	21	118	15	1	31____	104038	15	0	0	0	0	1	0	0	0	1	0
C	Marios	21	118	15	1	31____	104048	15	0	0	0	0	0	0	0	0	1	0
C	Marios	21	118	15	1	31____	104052	15	0	0	0	0	1	0	0	0	0	0
C	Marios	21	118	15	1	31____	104059	15	0	0	0	0	0	0	0	0	1	0
C	Marios	21	118	15	1	31____	104099	15	0	0	0	0	1	0	0	0	0	0
C	Marios	21	118	15	1	31____	104238	15	0	0	0	0	0	0	0	0	1	0
C	Marios	21	118	15	1	31____	104250	15	1	0	0	0	0	0	0	0	0	0
C	Marios	21	118	15	1	31____	104323	1	0	0	0	0	1	0	0	0	0	0
C	Marios	21	118	15	1	31____	104353	1	0	0	0	0	0	0	0	0	1	0
C	Marios	21	118	15	1	31____	104397	1	0	0	0	0	1	0	0	0	0	0
C	Marios	21	118	15	1	31____	104403	1	0	0	0	0	0	0	0	0	1	0
C	Marios	21	118	15	1	31____	104406	1	0	0	0	0	1	0	0	0	0	0
C	Marios	21	118	15	1	31____	104408	1	0	0	0	0	0	0	0	0	1	0
C	Marios	21	118	15	1	31____	104427	1	0	0	0	0	1	0	0	0	0	0
C	Marios	21	118	15	1	31____	104436	1	0	0	0	0	0	0	0	0	1	0
C	Marios	21	118	15	1	31____	107250	1	2	0	0	0	0	0	0	0	0	0
C	Marios	21	118	15	1	31____	107750	2	16	0	0	0	0	0	0	0	0	0
C	Marios	21	118	15	1	31____	108250	16	15	0	0	0	0	0	0	0	0	0
C	Marios	21	118	15	1	31____	108448	15	0	0	0	0	1	0	0	0	0	0
C	Marios	21	118	15	1	31____	108478	15	0	0	0	0	0	0	0	0	1	0
C	Marios	21	118	15	1	31____	108750	15	1	0	0	0	0	0	0	0	0	0
C	Marios	21	118	15	1	31____	110224	1	0	0	0	0	1	0	0	0	0	0
C	Marios	21	118	15	1	31____	110251	1	0	0	0	0	0	0	0	0	1	0
C	Marios	21	118	15	1	31____	110267	1	0	0	0	0	1	0	0	0	0	0
C	Marios	21	118	15	1	31____	110303	1	0	0	0	0	0	0	0	0	1	0
C	Marios	21	118	15	1	31____	111725	1	0	0	0	0	1	0	0	0	0	0
C	Marios	21	118	15	1	31____	111783	1	0	0	0	0	0	0	0	0	1	0
C	Marios	21	118	15	1	31____	114250	1	2	0	0	0	0	0	0	0	0	0
C	Marios	21	118	15	1	31____	114750	2	6	0	0	0	0	0	0	0	0	0
C	Marios	21	118	15	1	31____	114786	6	0	0	0	0	1	0	0	0	0	0
C	Marios	21	118	15	1	31____	114851	6	0	0	0	0	0	0	0	0	1	0
C	Marios	21	118	15	1	31____	114884	6	0	0	0	0	1	0	0	0	0	0
C	Marios	21	118	15	1	31____	114941	6	0	0	0	0	0	0	0	0	1	0
C	Marios	21	118	15	1	31____	114948	6	0	0	0	0	1	0	0	0	0	0
C	Marios	21	118	15	1	31____	115228	6	0	0	0	0	0	0	0	0	1	0
C	Marios	21	118	15	1	31____	115250	6	10	0	0	0	0	0	0	0	0	0
C	Marios	21	118	15	1	31____	115274	10	0	0	0	0	1	0	0	0	0	0
C	Marios	21	118	15	1	31____	115457	10	0	0	0	0	0	0	0	0	1	0
C	Marios	21	118	15	1	31____	115463	10	0	0	0	0	1	0	0	0	0	0
C	Marios	21	118	15	1	31____	115472	10	0	0	0	0	0	0	0	0	1	0
C	Marios	21	118	15	1	31____	115473	10	0	0	0	0	1	0	0	0	0	0
C	Marios	21	118	15	1	31____	115480	10	0	0	0	0	0	0	0	0	1	0
C	Marios	21	118	15	1	31____	115539	10	0	0	0	0	1	0	0	0	0	0
C	Marios	21	118	15	1	31____	115542	10	0	0	0	0	0	0	0	0	1	0
C	Marios	21	118	15	1	31____	115546	10	0	0	0	0	1	0	0	0	0	0
C	Marios	21	118	15	1	31____	115548	10	0	0	0	0	0	0	0	0	1	0
C	Marios	21	118	15	1	31____	115584	10	0	0	0	0	1	0	0	0	0	0
C	Marios	21	118	15	1	31____	115602	10	0	0	0	0	0	0	0	0	1	0
C	Marios	21	118	15	1	31____	115750	10	1	0	0	0	0	0	0	0	0	0
C	Marios	21	118	15	1	31____	115796	1	0	0	0	0	1	0	0	0	0	0
C	Marios	21	118	15	1	31____	115991	1	0	0	0	0	0	0	0	0	1	0
C	Marios	21	118	15	1	31____	115996	1	0	0	0	0	1	0	0	0	0	0
C	Marios	21	118	15	1	31____	116001	1	0	0	0	0	0	0	0	0	1	0
C	Marios	21	118	15	1	31____	116280	1	0	0	0	0	1	0	0	0	0	0
C	Marios	21	118	15	1	31____	116386	1	0	0	0	0	0	0	0	0	1	0
C	Marios	21	118	15	1	31____	120250	1	2	0	0	0	0	0	0	0	0	0
C	Marios	21	118	15	1	31____	120750	2	16	0	0	0	0	0	0	0	0	0
C	Marios	21	118	15	1	31____	121020	16	0	0	0	0	1	0	0	0	0	0
C	Marios	21	118	15	1	31____	121094	16	0	0	0	0	0	0	0	0	1	0
C	Marios	21	118	15	1	31____	121203	16	0	0	0	0	1	0	0	0	0	0
C	Marios	21	118	15	1	31____	121250	16	15	0	0	0	0	0	0	0	0	0
C	Marios	21	118	15	1	31____	121343	15	0	0	0	0	0	0	0	0	1	0
C	Marios	21	118	15	1	31____	121667	15	0	0	0	0	1	0	0	0	0	0
C	Marios	21	118	15	1	31____	121750	15	1	0	0	0	0	0	0	0	0	0
C	Marios	21	118	15	1	31____	121793	1	0	0	0	0	0	0	0	0	1	0
C	Marios	21	118	15	1	31____	121889	1	0	0	0	0	1	0	0	0	0	0
C	Marios	21	118	15	1	31____	121899	1	0	0	0	0	0	0	0	0	1	0
C	Marios	21	118	15	1	31____	121900	1	0	0	0	0	1	0	0	0	0	0
C	Marios	21	118	15	1	31____	122070	1	0	0	0	0	0	0	0	0	1	0
C	Marios	21	118	15	1	31____	125024	1	0	0	0	0	1	0	0	0	0	0
C	Marios	21	118	15	1	31____	125045	1	0	0	0	0	0	0	0	0	1	0
C	Marios	21	118	15	1	31____	126250	1	2	0	0	0	0	0	0	0	0	0
C	Marios	21	118	15	1	31____	126750	2	16	0	0	0	0	0	0	0	0	0
C	Marios	21	118	15	1	31____	126924	16	0	0	0	0	1	0	0	0	0	0
C	Marios	21	118	15	1	31____	126940	16	0	0	0	0	0	0	0	0	1	0
C	Marios	21	118	15	1	31____	127009	16	0	0	0	0	1	0	0	0	0	0
C	Marios	21	118	15	1	31____	127033	16	0	0	0	0	0	0	0	0	1	0
C	Marios	21	118	15	1	31____	127158	16	0	0	0	0	1	0	0	0	0	0
C	Marios	21	118	15	1	31____	127210	16	0	0	0	0	0	0	0	0	1	0
C	Marios	21	118	15	1	31____	127250	16	15	0	0	0	0	0	0	0	0	0
C	Marios	21	118	15	1	31____	127370	15	0	0	0	0	1	0	0	0	0	0
C	Marios	21	118	15	1	31____	127592	15	0	0	0	0	0	0	0	0	1	0
C	Marios	21	118	15	1	31____	127750	15	1	0	0	0	0	0	0	0	0	0
C	Marios	21	118	15	1	31____	127868	1	0	0	0	0	1	0	0	0	0	0
C	Marios	21	118	15	1	31____	127921	1	0	0	0	0	0	0	0	0	1	0
C	Marios	21	118	15	1	31____	133338	1	0	0	0	0	1	0	0	0	0	0
C	Marios	21	118	15	1	31____	133390	1	0	0	0	0	0	0	0	0	1	0
C	Marios	21	118	15	1	31____	133750	1	2	0	0	0	0	0	0	0	0	0
C	Marios	21	118	15	1	31____	134250	2	17	0	0	0	0	0	0	0	0	0
C	Marios	21	118	15	1	31____	134438	17	0	0	0	0	1	0	0	0	0	0
C	Marios	21	118	15	1	31____	134458	17	0	0	0	0	0	0	0	0	1	0
C	Marios	21	118	15	1	31____	134612	17	0	0	0	0	1	0	0	0	0	0
C	Marios	21	118	15	1	31____	134680	17	0	0	0	0	0	0	0	0	1	0
C	Marios	21	118	15	1	31____	134750	17	15	0	0	0	0	0	0	0	0	0
C	Marios	21	118	15	1	31____	134770	15	0	0	0	0	1	0	0	0	0	0
C	Marios	21	118	15	1	31____	135066	15	0	0	0	0	0	0	0	0	1	0
C	Marios	21	118	15	1	31____	135250	15	1	0	0	0	0	0	0	0	0	0
C	Marios	21	118	15	1	31____	135286	1	0	0	0	0	1	0	0	0	0	0
C	Marios	21	118	15	1	31____	135322	1	0	0	0	0	0	0	0	0	1	0
C	Marios	21	118	15	1	31____	135361	1	0	0	0	0	1	0	0	0	0	0
C	Marios	21	118	15	1	31____	135372	1	0	0	0	0	0	0	0	0	1	0
C	Marios	21	118	15	1	31____	135434	1	0	0	0	0	1	0	0	0	0	0
C	Marios	21	118	15	1	31____	135553	1	0	0	0	0	0	0	0	0	1	0
C	Marios	21	118	15	1	31____	137500	1	2	0	0	0	0	0	0	0	0	0
C	Marios	21	118	15	1	31____	138000	2	17	0	0	0	0	0	0	0	0	0
C	Marios	21	118	15	1	31____	138143	17	0	0	0	0	1	0	0	0	0	0
C	Marios	21	118	15	1	31____	138205	17	0	0	0	0	0	0	0	0	1	0
C	Marios	21	118	15	1	31____	138274	17	0	0	0	0	1	0	0	0	0	0
C	Marios	21	118	15	1	31____	138356	17	0	0	0	0	0	0	0	0	1	0
C	Marios	21	118	15	1	31____	138382	17	0	0	0	0	1	0	0	0	0	0
C	Marios	21	118	15	1	31____	138500	17	15	0	0	0	0	0	0	0	0	0
C	Marios	21	118	15	1	31____	138775	15	0	0	0	0	0	0	0	0	1	0
C	Marios	21	118	15	1	31____	139000	15	1	0	0	0	0	0	0	0	0	0
C	Marios	21	118	15	1	31____	139411	1	0	0	0	0	1	0	0	0	0	0
C	Marios	21	118	15	1	31____	139423	1	0	0	0	0	0	0	0	0	1	0
C	Marios	21	118	15	1	31____	139441	1	0	0	0	0	1	0	0	0	0	0
C	Marios	21	118	15	1	31____	139444	1	0	0	0	0	0	0	0	0	1	0
C	Marios	21	118	15	1	31____	139445	1	0	0	0	0	1	0	0	0	0	0
C	Marios	21	118	15	1	31____	139454	1	0	0	0	0	0	0	0	0	1	0
C	Marios	21	118	15	1	31____	140058	1	0	0	0	0	1	0	0	0	0	0
C	Marios	21	118	15	1	31____	140125	1	0	0	0	0	0	0	0	0	1	0
C	Marios	21	118	15	1	31____	142500	1	2	0	0	0	0	0	0	0	0	0
C	Marios	21	118	15	1	31____	143000	2	7	0	0	0	0	0	0	0	0	0
C	Marios	21	118	15	1	31____	143083	7	0	0	0	0	1	0	0	0	0	0
C	Marios	21	118	15	1	31____	143105	7	0	0	0	0	0	0	0	0	1	0
C	Marios	21	118	15	1	31____	143183	7	0	0	0	0	1	0	0	0	0	0
C	Marios	21	118	15	1	31____	143248	7	0	0	0	0	0	0	0	0	1	0
C	Marios	21	118	15	1	31____	143265	7	0	0	0	0	1	0	0	0	0	0
C	Marios	21	118	15	1	31____	143429	7	0	0	0	0	0	0	0	0	1	0
C	Marios	21	118	15	1	31____	143440	7	0	0	0	0	1	0	0	0	0	0
C	Marios	21	118	15	1	31____	143500	7	11	0	0	0	0	0	0	0	0	0
C	Marios	21	118	15	1	31____	143862	11	0	0	0	0	0	0	0	0	1	0
C	Marios	21	118	15	1	31____	144000	11	14	0	0	0	0	0	0	0	0	0
C	Marios	21	118	15	1	31____	146848	14	0	0	0	0	1	0	0	0	0	0
C	Marios	21	118	15	1	31____	146856	14	0	0	0	0	0	0	0	0	1	0
C	Marios	21	118	15	1	31____	146872	14	0	0	0	0	1	0	0	0	0	0
C	Marios	21	118	15	1	31____	146968	14	0	0	0	0	0	0	0	0	1	0
C	Marios	21	118	15	1	31____	146981	14	0	0	0	0	1	0	0	0	0	0
C	Marios	21	118	15	1	31____	147000	14	-1	0	0	0	0	0	0	0	0	0
