Project	UserID	Protocol	Session	Station	Run	Subject	Time	Current State	Transition State	Transition Event	A1 - LLR	A2 - RLR	A3 - MAG	A4 - 	A[1] LLR_OFF	A[2] RLR_OFF	A[3] MAG_OFF	A[4] 
C	Marios	64	293	5	1	34____	0	0	1	0	0	0	0	0	0	0	0	0
C	Marios	64	293	5	1	34____	2000	1	2	0	0	0	0	0	0	0	0	0
C	Marios	64	293	5	1	34____	5000	2	1	0	0	0	0	0	0	0	0	0
C	Marios	64	293	5	1	34____	6000	1	2	0	0	0	0	0	0	0	0	0
C	Marios	64	293	5	1	34____	9000	2	1	0	0	0	0	0	0	0	0	0
C	Marios	64	293	5	1	34____	10000	1	2	0	0	0	0	0	0	0	0	0
C	Marios	64	293	5	1	34____	13000	2	1	0	0	0	0	0	0	0	0	0
C	Marios	64	293	5	1	34____	14750	1	2	0	0	0	0	0	0	0	0	0
C	Marios	64	293	5	1	34____	15002	2	3	1	1	0	0	0	0	0	0	0
C	Marios	64	293	5	1	34____	15014	3	0	0	0	0	0	0	1	0	0	0
C	Marios	64	293	5	1	34____	15102	3	8	0	0	0	0	0	0	0	0	0
C	Marios	64	293	5	1	34____	17102	8	9	0	0	0	0	0	0	0	0	0
C	Marios	64	293	5	1	34____	20102	9	8	0	0	0	0	0	0	0	0	0
C	Marios	64	293	5	1	34____	22102	8	9	0	0	0	0	0	0	0	0	0
C	Marios	64	293	5	1	34____	25102	9	8	0	0	0	0	0	0	0	0	0
C	Marios	64	293	5	1	34____	26352	8	9	0	0	0	0	0	0	0	0	0
C	Marios	64	293	5	1	34____	29352	9	8	0	0	0	0	0	0	0	0	0
C	Marios	64	293	5	1	34____	31352	8	9	0	0	0	0	0	0	0	0	0
C	Marios	64	293	5	1	34____	34352	9	8	0	0	0	0	0	0	0	0	0
C	Marios	64	293	5	1	34____	35352	8	9	0	0	0	0	0	0	0	0	0
C	Marios	64	293	5	1	34____	38352	9	8	0	0	0	0	0	0	0	0	0
C	Marios	64	293	5	1	34____	40352	8	9	0	0	0	0	0	0	0	0	0
C	Marios	64	293	5	1	34____	43352	9	8	0	0	0	0	0	0	0	0	0
C	Marios	64	293	5	1	34____	45102	8	9	0	0	0	0	0	0	0	0	0
C	Marios	64	293	5	1	34____	48102	9	8	0	0	0	0	0	0	0	0	0
C	Marios	64	293	5	1	34____	50102	8	9	0	0	0	0	0	0	0	0	0
C	Marios	64	293	5	1	34____	53102	9	8	0	0	0	0	0	0	0	0	0
C	Marios	64	293	5	1	34____	54602	8	9	0	0	0	0	0	0	0	0	0
C	Marios	64	293	5	1	34____	57602	9	8	0	0	0	0	0	0	0	0	0
C	Marios	64	293	5	1	34____	59602	8	9	0	0	0	0	0	0	0	0	0
C	Marios	64	293	5	1	34____	62602	9	8	0	0	0	0	0	0	0	0	0
C	Marios	64	293	5	1	34____	64602	8	9	0	0	0	0	0	0	0	0	0
C	Marios	64	293	5	1	34____	67602	9	8	0	0	0	0	0	0	0	0	0
C	Marios	64	293	5	1	34____	68852	8	9	0	0	0	0	0	0	0	0	0
C	Marios	64	293	5	1	34____	71852	9	8	0	0	0	0	0	0	0	0	0
C	Marios	64	293	5	1	34____	73852	8	9	0	0	0	0	0	0	0	0	0
C	Marios	64	293	5	1	34____	76852	9	8	0	0	0	0	0	0	0	0	0
C	Marios	64	293	5	1	34____	78352	8	9	0	0	0	0	0	0	0	0	0
C	Marios	64	293	5	1	34____	81352	9	8	0	0	0	0	0	0	0	0	0
C	Marios	64	293	5	1	34____	83102	8	9	0	0	0	0	0	0	0	0	0
C	Marios	64	293	5	1	34____	86102	9	8	0	0	0	0	0	0	0	0	0
C	Marios	64	293	5	1	34____	88102	8	9	0	0	0	0	0	0	0	0	0
C	Marios	64	293	5	1	34____	91102	9	8	0	0	0	0	0	0	0	0	0
C	Marios	64	293	5	1	34____	92352	8	9	0	0	0	0	0	0	0	0	0
C	Marios	64	293	5	1	34____	95352	9	8	0	0	0	0	0	0	0	0	0
C	Marios	64	293	5	1	34____	97102	8	9	0	0	0	0	0	0	0	0	0
C	Marios	64	293	5	1	34____	100102	9	8	0	0	0	0	0	0	0	0	0
C	Marios	64	293	5	1	34____	101852	8	9	0	0	0	0	0	0	0	0	0
C	Marios	64	293	5	1	34____	104852	9	8	0	0	0	0	0	0	0	0	0
C	Marios	64	293	5	1	34____	106852	8	9	0	0	0	0	0	0	0	0	0
C	Marios	64	293	5	1	34____	109852	9	8	0	0	0	0	0	0	0	0	0
C	Marios	64	293	5	1	34____	110852	8	9	0	0	0	0	0	0	0	0	0
C	Marios	64	293	5	1	34____	113852	9	8	0	0	0	0	0	0	0	0	0
C	Marios	64	293	5	1	34____	115102	8	9	0	0	0	0	0	0	0	0	0
C	Marios	64	293	5	1	34____	118102	9	8	0	0	0	0	0	0	0	0	0
C	Marios	64	293	5	1	34____	119602	8	9	0	0	0	0	0	0	0	0	0
C	Marios	64	293	5	1	34____	122602	9	8	0	0	0	0	0	0	0	0	0
C	Marios	64	293	5	1	34____	124352	8	9	0	0	0	0	0	0	0	0	0
C	Marios	64	293	5	1	34____	127352	9	8	0	0	0	0	0	0	0	0	0
C	Marios	64	293	5	1	34____	128602	8	9	0	0	0	0	0	0	0	0	0
C	Marios	64	293	5	1	34____	131602	9	8	0	0	0	0	0	0	0	0	0
C	Marios	64	293	5	1	34____	132852	8	9	0	0	0	0	0	0	0	0	0
C	Marios	64	293	5	1	34____	135852	9	8	0	0	0	0	0	0	0	0	0
C	Marios	64	293	5	1	34____	137852	8	9	0	0	0	0	0	0	0	0	0
C	Marios	64	293	5	1	34____	140852	9	8	0	0	0	0	0	0	0	0	0
C	Marios	64	293	5	1	34____	142102	8	9	0	0	0	0	0	0	0	0	0
C	Marios	64	293	5	1	34____	145102	9	8	0	0	0	0	0	0	0	0	0
C	Marios	64	293	5	1	34____	146352	8	9	0	0	0	0	0	0	0	0	0
C	Marios	64	293	5	1	34____	149352	9	8	0	0	0	0	0	0	0	0	0
C	Marios	64	293	5	1	34____	151102	8	9	0	0	0	0	0	0	0	0	0
C	Marios	64	293	5	1	34____	154102	9	8	0	0	0	0	0	0	0	0	0
C	Marios	64	293	5	1	34____	155352	8	9	0	0	0	0	0	0	0	0	0
C	Marios	64	293	5	1	34____	158352	9	8	0	0	0	0	0	0	0	0	0
C	Marios	64	293	5	1	34____	160102	8	9	0	0	0	0	0	0	0	0	0
C	Marios	64	293	5	1	34____	163102	9	8	0	0	0	0	0	0	0	0	0
C	Marios	64	293	5	1	34____	164602	8	9	0	0	0	0	0	0	0	0	0
C	Marios	64	293	5	1	34____	167602	9	8	0	0	0	0	0	0	0	0	0
C	Marios	64	293	5	1	34____	169352	8	9	0	0	0	0	0	0	0	0	0
C	Marios	64	293	5	1	34____	172352	9	8	0	0	0	0	0	0	0	0	0
C	Marios	64	293	5	1	34____	174352	8	9	0	0	0	0	0	0	0	0	0
C	Marios	64	293	5	1	34____	177352	9	8	0	0	0	0	0	0	0	0	0
C	Marios	64	293	5	1	34____	178602	8	9	0	0	0	0	0	0	0	0	0
C	Marios	64	293	5	1	34____	181602	9	8	0	0	0	0	0	0	0	0	0
C	Marios	64	293	5	1	34____	183602	8	9	0	0	0	0	0	0	0	0	0
C	Marios	64	293	5	1	34____	186602	9	8	0	0	0	0	0	0	0	0	0
C	Marios	64	293	5	1	34____	187852	8	9	0	0	0	0	0	0	0	0	0
C	Marios	64	293	5	1	34____	190852	9	8	0	0	0	0	0	0	0	0	0
C	Marios	64	293	5	1	34____	192352	8	9	0	0	0	0	0	0	0	0	0
C	Marios	64	293	5	1	34____	195352	9	8	0	0	0	0	0	0	0	0	0
C	Marios	64	293	5	1	34____	196602	8	9	0	0	0	0	0	0	0	0	0
C	Marios	64	293	5	1	34____	199602	9	8	0	0	0	0	0	0	0	0	0
C	Marios	64	293	5	1	34____	201602	8	9	0	0	0	0	0	0	0	0	0
C	Marios	64	293	5	1	34____	204602	9	8	0	0	0	0	0	0	0	0	0
C	Marios	64	293	5	1	34____	206352	8	9	0	0	0	0	0	0	0	0	0
C	Marios	64	293	5	1	34____	209352	9	8	0	0	0	0	0	0	0	0	0
C	Marios	64	293	5	1	34____	211102	8	9	0	0	0	0	0	0	0	0	0
C	Marios	64	293	5	1	34____	214102	9	8	0	0	0	0	0	0	0	0	0
C	Marios	64	293	5	1	34____	215102	8	9	0	0	0	0	0	0	0	0	0
C	Marios	64	293	5	1	34____	218102	9	8	0	0	0	0	0	0	0	0	0
C	Marios	64	293	5	1	34____	219847	-1	8	0	0	0	0	0	0	0	0	0
C	Marios	64	294	5	1	40____	0	0	1	0	0	0	0	0	0	0	0	0
C	Marios	64	294	5	1	40____	1250	1	2	0	0	0	0	0	0	0	0	0
C	Marios	64	294	5	1	40____	2061	2	4	2	0	1	0	0	0	0	0	0
C	Marios	64	294	5	1	40____	2074	4	0	0	0	0	0	0	0	1	0	0
C	Marios	64	294	5	1	40____	2161	4	5	0	0	0	0	0	0	0	0	0
C	Marios	64	294	5	1	40____	4161	5	6	0	0	0	0	0	0	0	0	0
C	Marios	64	294	5	1	40____	6005	6	7	1	1	0	0	0	1	0	0	0
C	Marios	64	294	5	1	40____	6006	7	0	0	1	0	0	0	0	0	0	0
C	Marios	64	294	5	1	40____	6007	7	0	0	0	0	0	0	1	0	0	0
C	Marios	64	294	5	1	40____	6041	7	0	0	1	0	0	0	0	0	0	0
C	Marios	64	294	5	1	40____	6052	7	0	0	0	0	0	0	1	0	0	0
C	Marios	64	294	5	1	40____	6067	7	0	0	1	0	0	0	0	0	0	0
C	Marios	64	294	5	1	40____	6077	7	0	0	0	0	0	0	1	0	0	0
C	Marios	64	294	5	1	40____	6098	7	0	0	1	0	0	0	0	0	0	0
C	Marios	64	294	5	1	40____	6105	7	11	0	0	0	0	0	0	0	0	0
C	Marios	64	294	5	1	40____	6106	11	0	0	0	0	0	0	1	0	0	0
C	Marios	64	294	5	1	40____	7605	11	12	0	0	0	0	0	0	0	0	0
C	Marios	64	294	5	1	40____	8088	12	0	0	1	0	0	0	0	0	0	0
C	Marios	64	294	5	1	40____	8101	12	0	0	0	0	0	0	1	0	0	0
C	Marios	64	294	5	1	40____	8705	12	0	0	0	1	0	0	0	0	0	0
C	Marios	64	294	5	1	40____	8708	12	0	0	0	0	0	0	0	1	0	0
C	Marios	64	294	5	1	40____	8795	12	13	2	0	1	0	0	0	0	0	0
C	Marios	64	294	5	1	40____	8802	13	0	0	0	0	0	0	0	1	0	0
C	Marios	64	294	5	1	40____	8895	13	12	0	0	0	0	0	0	0	0	0
C	Marios	64	294	5	1	40____	9295	12	0	0	0	1	0	0	0	0	0	0
C	Marios	64	294	5	1	40____	9309	12	0	0	0	0	0	0	0	1	0	0
C	Marios	64	294	5	1	40____	16632	12	13	2	0	1	0	0	0	0	0	0
C	Marios	64	294	5	1	40____	16641	13	0	0	0	0	0	0	0	1	0	0
C	Marios	64	294	5	1	40____	16732	13	12	0	0	0	0	0	0	0	0	0
C	Marios	64	294	5	1	40____	16835	12	0	0	0	1	0	0	0	0	0	0
C	Marios	64	294	5	1	40____	16838	12	0	0	0	0	0	0	0	1	0	0
C	Marios	64	294	5	1	40____	16901	12	13	2	0	1	0	0	0	0	0	0
C	Marios	64	294	5	1	40____	16964	13	0	0	0	0	0	0	0	1	0	0
C	Marios	64	294	5	1	40____	17001	13	12	0	0	0	0	0	0	0	0	0
C	Marios	64	294	5	1	40____	17137	12	0	0	0	1	0	0	0	0	0	0
C	Marios	64	294	5	1	40____	17161	12	0	0	0	0	0	0	0	1	0	0
C	Marios	64	294	5	1	40____	17175	12	13	2	0	1	0	0	0	0	0	0
C	Marios	64	294	5	1	40____	17184	13	0	0	0	0	0	0	0	1	0	0
C	Marios	64	294	5	1	40____	17275	13	12	0	0	0	0	0	0	0	0	0
C	Marios	64	294	5	1	40____	17772	12	0	0	1	0	0	0	0	0	0	0
C	Marios	64	294	5	1	40____	17785	12	0	0	0	0	0	0	1	0	0	0
C	Marios	64	294	5	1	40____	22554	12	14	1	1	0	0	0	0	0	0	0
C	Marios	64	294	5	1	40____	22567	14	0	0	0	0	0	0	1	0	0	0
C	Marios	64	294	5	1	40____	22582	14	0	0	1	0	0	0	0	0	0	0
C	Marios	64	294	5	1	40____	22654	14	12	0	0	0	0	0	0	0	0	0
C	Marios	64	294	5	1	40____	22657	12	0	0	0	0	0	0	1	0	0	0
C	Marios	64	294	5	1	40____	22658	12	0	0	1	0	0	0	0	0	0	0
C	Marios	64	294	5	1	40____	22666	12	0	0	0	0	0	0	1	0	0	0
C	Marios	64	294	5	1	40____	22675	12	14	1	1	0	0	0	0	0	0	0
C	Marios	64	294	5	1	40____	22710	14	0	0	1	0	0	0	1	0	0	0
C	Marios	64	294	5	1	40____	22714	14	0	0	1	0	0	0	1	0	0	0
C	Marios	64	294	5	1	40____	22716	14	0	0	0	0	0	0	1	0	0	0
C	Marios	64	294	5	1	40____	22723	14	0	0	1	0	0	0	0	0	0	0
C	Marios	64	294	5	1	40____	22724	14	0	0	0	0	0	0	1	0	0	0
C	Marios	64	294	5	1	40____	22775	14	12	0	0	0	0	0	0	0	0	0
C	Marios	64	294	5	1	40____	22818	12	0	0	1	0	0	0	1	0	0	0
C	Marios	64	294	5	1	40____	22821	12	14	1	1	0	0	0	0	0	0	0
C	Marios	64	294	5	1	40____	22873	14	0	0	1	0	0	0	1	0	0	0
C	Marios	64	294	5	1	40____	22875	14	0	0	0	0	0	0	1	0	0	0
C	Marios	64	294	5	1	40____	22879	14	0	0	1	0	0	0	0	0	0	0
C	Marios	64	294	5	1	40____	22880	14	0	0	0	0	0	0	1	0	0	0
C	Marios	64	294	5	1	40____	22883	14	0	0	1	0	0	0	0	0	0	0
C	Marios	64	294	5	1	40____	22885	14	0	0	0	0	0	0	1	0	0	0
C	Marios	64	294	5	1	40____	22921	14	12	0	0	0	0	0	0	0	0	0
C	Marios	64	294	5	1	40____	22944	12	0	0	1	0	0	0	0	0	0	0
C	Marios	64	294	5	1	40____	22949	12	0	0	0	0	0	0	1	0	0	0
C	Marios	64	294	5	1	40____	22950	12	14	1	1	0	0	0	1	0	0	0
C	Marios	64	294	5	1	40____	22954	14	0	0	1	0	0	0	1	0	0	0
C	Marios	64	294	5	1	40____	22966	14	0	0	0	0	0	0	1	0	0	0
C	Marios	64	294	5	1	40____	22970	14	0	0	1	0	0	0	1	0	0	0
C	Marios	64	294	5	1	40____	22981	14	0	0	1	0	0	0	0	0	0	0
C	Marios	64	294	5	1	40____	22985	14	0	0	0	0	0	0	1	0	0	0
C	Marios	64	294	5	1	40____	23050	14	12	0	0	0	0	0	0	0	0	0
C	Marios	64	294	5	1	40____	24230	12	0	0	1	0	0	0	0	0	0	0
C	Marios	64	294	5	1	40____	24235	12	0	0	0	0	0	0	1	0	0	0
C	Marios	64	294	5	1	40____	24247	12	14	1	1	0	0	0	0	0	0	0
C	Marios	64	294	5	1	40____	24258	14	0	0	0	0	0	0	1	0	0	0
C	Marios	64	294	5	1	40____	24327	14	0	0	1	0	0	0	0	0	0	0
C	Marios	64	294	5	1	40____	24335	14	0	0	0	0	0	0	1	0	0	0
C	Marios	64	294	5	1	40____	24347	14	12	0	1	0	0	0	0	0	0	0
C	Marios	64	294	5	1	40____	24358	12	0	0	0	0	0	0	1	0	0	0
C	Marios	64	294	5	1	40____	24366	12	0	0	1	0	0	0	0	0	0	0
C	Marios	64	294	5	1	40____	24368	12	0	0	0	0	0	0	1	0	0	0
C	Marios	64	294	5	1	40____	24373	12	14	1	1	0	0	0	0	0	0	0
C	Marios	64	294	5	1	40____	24378	14	0	0	0	0	0	0	1	0	0	0
C	Marios	64	294	5	1	40____	24426	14	0	0	1	0	0	0	0	0	0	0
C	Marios	64	294	5	1	40____	24431	14	0	0	0	0	0	0	1	0	0	0
C	Marios	64	294	5	1	40____	24473	14	12	0	0	0	0	0	0	0	0	0
C	Marios	64	294	5	1	40____	24561	12	0	0	0	1	0	0	0	0	0	0
C	Marios	64	294	5	1	40____	24567	12	0	0	0	0	0	0	0	1	0	0
C	Marios	64	294	5	1	40____	24611	12	13	2	0	1	0	0	0	0	0	0
C	Marios	64	294	5	1	40____	24626	13	0	0	0	0	0	0	0	1	0	0
C	Marios	64	294	5	1	40____	24648	13	0	0	0	1	0	0	0	0	0	0
C	Marios	64	294	5	1	40____	24711	13	12	0	0	0	0	0	0	0	0	0
C	Marios	64	294	5	1	40____	24733	12	0	0	0	0	0	0	0	1	0	0
C	Marios	64	294	5	1	40____	24807	12	0	0	0	1	0	0	0	0	0	0
C	Marios	64	294	5	1	40____	25118	12	0	0	0	0	0	0	0	1	0	0
C	Marios	64	294	5	1	40____	25122	12	13	2	0	1	0	0	0	0	0	0
C	Marios	64	294	5	1	40____	25154	13	0	0	0	0	0	0	0	1	0	0
C	Marios	64	294	5	1	40____	25183	13	0	0	0	1	0	0	0	0	0	0
C	Marios	64	294	5	1	40____	25222	13	12	0	0	0	0	0	0	1	0	0
C	Marios	64	294	5	1	40____	27947	12	0	0	0	1	0	0	0	0	0	0
C	Marios	64	294	5	1	40____	27964	12	0	0	0	0	0	0	0	1	0	0
C	Marios	64	294	5	1	40____	30831	12	13	2	0	1	0	0	0	0	0	0
C	Marios	64	294	5	1	40____	30850	13	0	0	0	0	0	0	0	1	0	0
C	Marios	64	294	5	1	40____	30872	13	0	0	0	1	0	0	0	0	0	0
C	Marios	64	294	5	1	40____	30896	13	0	0	0	0	0	0	0	1	0	0
C	Marios	64	294	5	1	40____	30931	13	12	0	0	0	0	0	0	0	0	0
C	Marios	64	294	5	1	40____	30952	12	0	0	0	1	0	0	0	0	0	0
C	Marios	64	294	5	1	40____	31212	12	0	0	0	0	0	0	0	1	0	0
C	Marios	64	294	5	1	40____	31235	12	13	2	0	1	0	0	0	0	0	0
C	Marios	64	294	5	1	40____	31244	13	0	0	0	0	0	0	0	1	0	0
C	Marios	64	294	5	1	40____	31335	13	12	0	0	0	0	0	0	0	0	0
C	Marios	64	294	5	1	40____	31403	12	0	0	0	1	0	0	0	0	0	0
C	Marios	64	294	5	1	40____	31431	12	0	0	0	0	0	0	0	1	0	0
C	Marios	64	294	5	1	40____	31472	12	13	2	0	1	0	0	0	0	0	0
C	Marios	64	294	5	1	40____	31482	13	0	0	0	0	0	0	0	1	0	0
C	Marios	64	294	5	1	40____	31531	13	0	0	0	1	0	0	0	0	0	0
C	Marios	64	294	5	1	40____	31560	13	0	0	0	0	0	0	0	1	0	0
C	Marios	64	294	5	1	40____	31572	13	12	0	0	0	0	0	0	0	0	0
C	Marios	64	294	5	1	40____	33555	12	0	0	0	1	0	0	0	0	0	0
C	Marios	64	294	5	1	40____	33595	12	0	0	0	0	0	0	0	1	0	0
C	Marios	64	294	5	1	40____	33605	12	13	2	0	1	0	0	0	0	0	0
C	Marios	64	294	5	1	40____	33685	13	0	0	0	0	0	0	0	1	0	0
C	Marios	64	294	5	1	40____	33705	13	12	0	0	0	0	0	0	0	0	0
C	Marios	64	294	5	1	40____	33735	12	0	0	0	1	0	0	0	0	0	0
C	Marios	64	294	5	1	40____	33789	12	0	0	0	0	0	0	0	1	0	0
C	Marios	64	294	5	1	40____	33801	12	13	2	0	1	0	0	0	0	0	0
C	Marios	64	294	5	1	40____	33836	13	0	0	0	0	0	0	0	1	0	0
C	Marios	64	294	5	1	40____	33842	13	0	0	0	1	0	0	0	0	0	0
C	Marios	64	294	5	1	40____	33862	13	0	0	0	0	0	0	0	1	0	0
C	Marios	64	294	5	1	40____	33880	13	0	0	0	1	0	0	0	0	0	0
C	Marios	64	294	5	1	40____	33901	13	12	0	0	0	0	0	0	0	0	0
C	Marios	64	294	5	1	40____	33918	12	0	0	0	0	0	0	0	1	0	0
C	Marios	64	294	5	1	40____	34091	12	0	0	0	1	0	0	0	0	0	0
C	Marios	64	294	5	1	40____	34110	12	0	0	0	0	0	0	0	1	0	0
C	Marios	64	294	5	1	40____	34124	12	13	2	0	1	0	0	0	0	0	0
C	Marios	64	294	5	1	40____	34134	13	0	0	0	0	0	0	0	1	0	0
C	Marios	64	294	5	1	40____	34191	13	0	0	0	1	0	0	0	0	0	0
C	Marios	64	294	5	1	40____	34197	13	0	0	0	0	0	0	0	1	0	0
C	Marios	64	294	5	1	40____	34224	13	12	0	0	0	0	0	0	0	0	0
C	Marios	64	294	5	1	40____	34549	12	0	0	1	0	0	0	0	0	0	0
C	Marios	64	294	5	1	40____	34556	12	0	0	0	0	0	0	1	0	0	0
C	Marios	64	294	5	1	40____	34595	12	14	1	1	0	0	0	1	0	0	0
C	Marios	64	294	5	1	40____	34599	14	0	0	1	0	0	0	0	0	0	0
C	Marios	64	294	5	1	40____	34609	14	0	0	1	0	0	0	1	0	0	0
C	Marios	64	294	5	1	40____	34611	14	0	0	0	0	0	0	1	0	0	0
C	Marios	64	294	5	1	40____	34619	14	0	0	1	0	0	0	0	0	0	0
C	Marios	64	294	5	1	40____	34623	14	0	0	0	0	0	0	1	0	0	0
C	Marios	64	294	5	1	40____	34626	14	0	0	1	0	0	0	0	0	0	0
C	Marios	64	294	5	1	40____	34662	14	0	0	0	0	0	0	1	0	0	0
C	Marios	64	294	5	1	40____	34669	14	0	0	1	0	0	0	0	0	0	0
C	Marios	64	294	5	1	40____	34671	14	0	0	0	0	0	0	1	0	0	0
C	Marios	64	294	5	1	40____	34674	14	0	0	1	0	0	0	0	0	0	0
C	Marios	64	294	5	1	40____	34695	14	12	0	0	0	0	0	0	0	0	0
C	Marios	64	294	5	1	40____	34708	12	0	0	0	0	0	0	1	0	0	0
C	Marios	64	294	5	1	40____	34780	12	0	0	1	0	0	0	0	0	0	0
C	Marios	64	294	5	1	40____	34782	12	0	0	0	0	0	0	1	0	0	0
C	Marios	64	294	5	1	40____	34798	12	14	1	1	0	0	0	0	0	0	0
C	Marios	64	294	5	1	40____	34816	14	0	0	0	0	0	0	1	0	0	0
C	Marios	64	294	5	1	40____	34873	14	0	0	1	0	0	0	0	0	0	0
C	Marios	64	294	5	1	40____	34882	14	0	0	0	0	0	0	1	0	0	0
C	Marios	64	294	5	1	40____	34898	14	12	0	0	0	0	0	0	0	0	0
C	Marios	64	294	5	1	40____	34905	12	0	0	1	0	0	0	0	0	0	0
C	Marios	64	294	5	1	40____	34915	12	0	0	0	0	0	0	1	0	0	0
C	Marios	64	294	5	1	40____	34958	12	14	1	1	0	0	0	0	0	0	0
C	Marios	64	294	5	1	40____	34972	14	0	0	0	0	0	0	1	0	0	0
C	Marios	64	294	5	1	40____	35058	14	12	0	0	0	0	0	0	0	0	0
C	Marios	64	294	5	1	40____	40193	12	0	0	1	0	0	0	0	0	0	0
C	Marios	64	294	5	1	40____	40206	12	0	0	0	0	0	0	1	0	0	0
C	Marios	64	294	5	1	40____	40377	12	14	1	1	0	0	0	0	0	0	0
C	Marios	64	294	5	1	40____	40383	14	0	0	0	0	0	0	1	0	0	0
C	Marios	64	294	5	1	40____	40404	14	0	0	1	0	0	0	0	0	0	0
C	Marios	64	294	5	1	40____	40406	14	0	0	0	0	0	0	1	0	0	0
C	Marios	64	294	5	1	40____	40429	14	0	0	1	0	0	0	0	0	0	0
C	Marios	64	294	5	1	40____	40430	14	0	0	0	0	0	0	1	0	0	0
C	Marios	64	294	5	1	40____	40445	14	0	0	1	0	0	0	0	0	0	0
C	Marios	64	294	5	1	40____	40449	14	0	0	0	0	0	0	1	0	0	0
C	Marios	64	294	5	1	40____	40477	14	12	0	0	0	0	0	0	0	0	0
C	Marios	64	294	5	1	40____	40522	12	0	0	1	0	0	0	0	0	0	0
C	Marios	64	294	5	1	40____	40523	12	0	0	0	0	0	0	1	0	0	0
C	Marios	64	294	5	1	40____	40559	12	14	1	1	0	0	0	0	0	0	0
C	Marios	64	294	5	1	40____	40598	14	0	0	0	0	0	0	1	0	0	0
C	Marios	64	294	5	1	40____	40620	14	0	0	1	0	0	0	0	0	0	0
C	Marios	64	294	5	1	40____	40629	14	0	0	0	0	0	0	1	0	0	0
C	Marios	64	294	5	1	40____	40645	14	0	0	1	0	0	0	0	0	0	0
C	Marios	64	294	5	1	40____	40646	14	0	0	1	0	0	0	1	0	0	0
C	Marios	64	294	5	1	40____	40651	14	0	0	0	0	0	0	1	0	0	0
C	Marios	64	294	5	1	40____	40653	14	0	0	1	0	0	0	0	0	0	0
C	Marios	64	294	5	1	40____	40655	14	0	0	0	0	0	0	1	0	0	0
C	Marios	64	294	5	1	40____	40659	14	12	0	0	0	0	0	0	0	0	0
C	Marios	64	294	5	1	40____	40740	12	0	0	1	0	0	0	0	0	0	0
C	Marios	64	294	5	1	40____	40741	12	0	0	0	0	0	0	1	0	0	0
C	Marios	64	294	5	1	40____	40742	12	14	1	1	0	0	0	0	0	0	0
C	Marios	64	294	5	1	40____	40743	14	0	0	0	0	0	0	1	0	0	0
C	Marios	64	294	5	1	40____	40764	14	0	0	1	0	0	0	0	0	0	0
C	Marios	64	294	5	1	40____	40774	14	0	0	0	0	0	0	1	0	0	0
C	Marios	64	294	5	1	40____	40813	14	0	0	1	0	0	0	0	0	0	0
C	Marios	64	294	5	1	40____	40819	14	0	0	0	0	0	0	1	0	0	0
C	Marios	64	294	5	1	40____	40827	14	0	0	1	0	0	0	0	0	0	0
C	Marios	64	294	5	1	40____	40842	14	12	0	0	0	0	0	0	0	0	0
C	Marios	64	294	5	1	40____	40845	12	0	0	0	0	0	0	1	0	0	0
C	Marios	64	294	5	1	40____	41016	12	0	0	1	0	0	0	0	0	0	0
C	Marios	64	294	5	1	40____	41018	12	0	0	0	0	0	0	1	0	0	0
C	Marios	64	294	5	1	40____	41088	12	14	1	1	0	0	0	0	0	0	0
C	Marios	64	294	5	1	40____	41095	14	0	0	0	0	0	0	1	0	0	0
C	Marios	64	294	5	1	40____	41106	14	0	0	1	0	0	0	0	0	0	0
C	Marios	64	294	5	1	40____	41112	14	0	0	0	0	0	0	1	0	0	0
C	Marios	64	294	5	1	40____	41114	14	0	0	1	0	0	0	0	0	0	0
C	Marios	64	294	5	1	40____	41122	14	0	0	0	0	0	0	1	0	0	0
C	Marios	64	294	5	1	40____	41188	14	12	0	0	0	0	0	0	0	0	0
C	Marios	64	294	5	1	40____	42365	12	0	0	0	1	0	0	0	0	0	0
C	Marios	64	294	5	1	40____	42381	12	0	0	0	0	0	0	0	1	0	0
C	Marios	64	294	5	1	40____	42393	12	13	2	0	1	0	0	0	0	0	0
C	Marios	64	294	5	1	40____	42402	13	0	0	0	0	0	0	0	1	0	0
C	Marios	64	294	5	1	40____	42418	13	0	0	0	1	0	0	0	0	0	0
C	Marios	64	294	5	1	40____	42447	13	0	0	0	0	0	0	0	1	0	0
C	Marios	64	294	5	1	40____	42470	13	0	0	0	1	0	0	0	0	0	0
C	Marios	64	294	5	1	40____	42493	13	12	0	0	0	0	0	0	0	0	0
C	Marios	64	294	5	1	40____	42504	12	0	0	0	0	0	0	0	1	0	0
C	Marios	64	294	5	1	40____	42535	12	0	0	0	1	0	0	0	0	0	0
C	Marios	64	294	5	1	40____	42549	12	0	0	0	0	0	0	0	1	0	0
C	Marios	64	294	5	1	40____	42565	12	13	2	0	1	0	0	0	0	0	0
C	Marios	64	294	5	1	40____	42573	13	0	0	0	0	0	0	0	1	0	0
C	Marios	64	294	5	1	40____	42623	13	0	0	0	1	0	0	0	0	0	0
C	Marios	64	294	5	1	40____	42631	13	0	0	0	0	0	0	0	1	0	0
C	Marios	64	294	5	1	40____	42665	13	12	0	0	0	0	0	0	0	0	0
C	Marios	64	294	5	1	40____	46603	12	0	0	0	1	0	0	0	0	0	0
C	Marios	64	294	5	1	40____	46621	12	0	0	0	0	0	0	0	1	0	0
C	Marios	64	294	5	1	40____	48991	12	13	2	0	1	0	0	0	0	0	0
C	Marios	64	294	5	1	40____	49023	13	0	0	0	0	0	0	0	1	0	0
C	Marios	64	294	5	1	40____	49041	13	0	0	0	1	0	0	0	0	0	0
C	Marios	64	294	5	1	40____	49091	13	12	0	0	0	0	0	0	0	0	0
C	Marios	64	294	5	1	40____	49140	12	0	0	0	0	0	0	0	1	0	0
C	Marios	64	294	5	1	40____	49291	12	0	0	0	1	0	0	0	0	0	0
C	Marios	64	294	5	1	40____	49305	12	0	0	0	0	0	0	0	1	0	0
C	Marios	64	294	5	1	40____	51939	12	0	0	1	0	0	0	0	0	0	0
C	Marios	64	294	5	1	40____	51940	12	0	0	0	0	0	0	1	0	0	0
C	Marios	64	294	5	1	40____	51941	12	14	1	1	0	0	0	0	0	0	0
C	Marios	64	294	5	1	40____	51951	14	0	0	0	0	0	0	1	0	0	0
C	Marios	64	294	5	1	40____	52041	14	12	0	0	0	0	0	0	0	0	0
C	Marios	64	294	5	1	40____	52374	12	0	0	1	0	0	0	0	0	0	0
C	Marios	64	294	5	1	40____	52375	12	0	0	0	0	0	0	1	0	0	0
C	Marios	64	294	5	1	40____	53987	12	14	1	1	0	0	0	0	0	0	0
C	Marios	64	294	5	1	40____	53997	14	0	0	0	0	0	0	1	0	0	0
C	Marios	64	294	5	1	40____	54087	14	12	0	0	0	0	0	0	0	0	0
C	Marios	64	294	5	1	40____	54350	12	0	0	1	0	0	0	0	0	0	0
C	Marios	64	294	5	1	40____	54352	12	0	0	0	0	0	0	1	0	0	0
C	Marios	64	294	5	1	40____	54471	12	14	1	1	0	0	0	0	0	0	0
C	Marios	64	294	5	1	40____	54475	14	0	0	0	0	0	0	1	0	0	0
C	Marios	64	294	5	1	40____	54571	14	12	0	0	0	0	0	0	0	0	0
C	Marios	64	294	5	1	40____	54614	12	0	0	1	0	0	0	0	0	0	0
C	Marios	64	294	5	1	40____	54617	12	0	0	0	0	0	0	1	0	0	0
C	Marios	64	294	5	1	40____	54648	12	14	1	1	0	0	0	0	0	0	0
C	Marios	64	294	5	1	40____	54658	14	0	0	0	0	0	0	1	0	0	0
C	Marios	64	294	5	1	40____	54748	14	12	0	0	0	0	0	0	0	0	0
C	Marios	64	294	5	1	40____	55128	12	0	0	1	0	0	0	0	0	0	0
C	Marios	64	294	5	1	40____	55135	12	0	0	0	0	0	0	1	0	0	0
C	Marios	64	294	5	1	40____	55142	12	14	1	1	0	0	0	0	0	0	0
C	Marios	64	294	5	1	40____	55144	14	0	0	0	0	0	0	1	0	0	0
C	Marios	64	294	5	1	40____	55242	14	12	0	0	0	0	0	0	0	0	0
C	Marios	64	294	5	1	40____	55386	12	0	0	1	0	0	0	0	0	0	0
C	Marios	64	294	5	1	40____	55396	12	0	0	0	0	0	0	1	0	0	0
C	Marios	64	294	5	1	40____	56218	12	0	0	0	1	0	0	0	0	0	0
C	Marios	64	294	5	1	40____	56252	12	0	0	0	0	0	0	0	1	0	0
C	Marios	64	294	5	1	40____	56277	12	13	2	0	1	0	0	0	0	0	0
C	Marios	64	294	5	1	40____	56292	13	0	0	0	0	0	0	0	1	0	0
C	Marios	64	294	5	1	40____	56356	13	0	0	0	1	0	0	0	0	0	0
C	Marios	64	294	5	1	40____	56377	13	12	0	0	0	0	0	0	0	0	0
C	Marios	64	294	5	1	40____	56410	12	0	0	0	0	0	0	0	1	0	0
C	Marios	64	294	5	1	40____	56429	12	0	0	0	1	0	0	0	0	0	0
C	Marios	64	294	5	1	40____	56447	12	0	0	0	0	0	0	0	1	0	0
C	Marios	64	294	5	1	40____	56456	12	13	2	0	1	0	0	0	0	0	0
C	Marios	64	294	5	1	40____	56511	13	0	0	0	0	0	0	0	1	0	0
C	Marios	64	294	5	1	40____	56528	13	0	0	0	1	0	0	0	0	0	0
C	Marios	64	294	5	1	40____	56541	13	0	0	0	0	0	0	0	1	0	0
C	Marios	64	294	5	1	40____	56556	13	12	0	0	0	0	0	0	0	0	0
C	Marios	64	294	5	1	40____	56558	12	0	0	0	1	0	0	0	0	0	0
C	Marios	64	294	5	1	40____	56575	12	0	0	0	0	0	0	0	1	0	0
C	Marios	64	294	5	1	40____	56581	12	13	2	0	1	0	0	0	0	0	0
C	Marios	64	294	5	1	40____	56605	13	0	0	0	0	0	0	0	1	0	0
C	Marios	64	294	5	1	40____	56653	13	0	0	0	1	0	0	0	0	0	0
C	Marios	64	294	5	1	40____	56681	13	12	0	0	0	0	0	0	0	0	0
C	Marios	64	294	5	1	40____	56693	12	0	0	0	0	0	0	0	1	0	0
C	Marios	64	294	5	1	40____	56721	12	0	0	0	1	0	0	0	0	0	0
C	Marios	64	294	5	1	40____	56760	12	0	0	0	0	0	0	0	1	0	0
C	Marios	64	294	5	1	40____	62305	12	13	2	0	1	0	0	0	0	0	0
C	Marios	64	294	5	1	40____	62356	13	0	0	0	0	0	0	0	1	0	0
C	Marios	64	294	5	1	40____	62367	13	0	0	0	1	0	0	0	0	0	0
C	Marios	64	294	5	1	40____	62377	13	0	0	0	0	0	0	0	1	0	0
C	Marios	64	294	5	1	40____	62391	13	0	0	0	1	0	0	0	0	0	0
C	Marios	64	294	5	1	40____	62399	13	0	0	0	0	0	0	0	1	0	0
C	Marios	64	294	5	1	40____	62405	13	12	0	0	0	0	0	0	0	0	0
C	Marios	64	294	5	1	40____	68714	12	0	0	0	1	0	0	0	0	0	0
C	Marios	64	294	5	1	40____	68723	12	0	0	0	0	0	0	0	1	0	0
C	Marios	64	294	5	1	40____	71842	12	0	0	1	0	0	0	0	0	0	0
C	Marios	64	294	5	1	40____	71845	12	0	0	0	0	0	0	1	0	0	0
C	Marios	64	294	5	1	40____	72022	12	14	1	1	0	0	0	0	0	0	0
C	Marios	64	294	5	1	40____	72045	14	0	0	0	0	0	0	1	0	0	0
C	Marios	64	294	5	1	40____	72122	14	12	0	0	0	0	0	0	0	0	0
C	Marios	64	294	5	1	40____	72355	12	0	0	1	0	0	0	0	0	0	0
C	Marios	64	294	5	1	40____	72356	12	0	0	0	0	0	0	1	0	0	0
C	Marios	64	294	5	1	40____	72357	12	14	1	1	0	0	0	0	0	0	0
C	Marios	64	294	5	1	40____	72367	14	0	0	0	0	0	0	1	0	0	0
C	Marios	64	294	5	1	40____	72370	14	0	0	1	0	0	0	0	0	0	0
C	Marios	64	294	5	1	40____	72371	14	0	0	0	0	0	0	1	0	0	0
C	Marios	64	294	5	1	40____	72374	14	0	0	1	0	0	0	0	0	0	0
C	Marios	64	294	5	1	40____	72379	14	0	0	0	0	0	0	1	0	0	0
C	Marios	64	294	5	1	40____	72457	14	12	0	0	0	0	0	0	0	0	0
C	Marios	64	294	5	1	40____	72751	12	0	0	1	0	0	0	0	0	0	0
C	Marios	64	294	5	1	40____	72752	12	0	0	0	0	0	0	1	0	0	0
C	Marios	64	294	5	1	40____	72756	12	14	1	1	0	0	0	0	0	0	0
C	Marios	64	294	5	1	40____	72766	14	0	0	0	0	0	0	1	0	0	0
C	Marios	64	294	5	1	40____	72782	14	0	0	1	0	0	0	0	0	0	0
C	Marios	64	294	5	1	40____	72800	14	0	0	0	0	0	0	1	0	0	0
C	Marios	64	294	5	1	40____	72801	14	0	0	1	0	0	0	0	0	0	0
C	Marios	64	294	5	1	40____	72803	14	0	0	0	0	0	0	1	0	0	0
C	Marios	64	294	5	1	40____	72814	14	0	0	1	0	0	0	0	0	0	0
C	Marios	64	294	5	1	40____	72822	14	0	0	0	0	0	0	1	0	0	0
C	Marios	64	294	5	1	40____	72823	14	0	0	1	0	0	0	0	0	0	0
C	Marios	64	294	5	1	40____	72825	14	0	0	0	0	0	0	1	0	0	0
C	Marios	64	294	5	1	40____	72856	14	12	0	0	0	0	0	0	0	0	0
C	Marios	64	294	5	1	40____	74214	12	0	0	1	0	0	0	0	0	0	0
C	Marios	64	294	5	1	40____	74230	12	0	0	0	0	0	0	1	0	0	0
C	Marios	64	294	5	1	40____	74423	12	14	1	1	0	0	0	0	0	0	0
C	Marios	64	294	5	1	40____	74440	14	0	0	0	0	0	0	1	0	0	0
C	Marios	64	294	5	1	40____	74523	14	12	0	0	0	0	0	0	0	0	0
C	Marios	64	294	5	1	40____	74867	12	0	0	1	0	0	0	0	0	0	0
C	Marios	64	294	5	1	40____	74869	12	0	0	0	0	0	0	1	0	0	0
C	Marios	64	294	5	1	40____	75127	12	14	1	1	0	0	0	0	0	0	0
C	Marios	64	294	5	1	40____	75138	14	0	0	0	0	0	0	1	0	0	0
C	Marios	64	294	5	1	40____	75227	14	12	0	0	0	0	0	0	0	0	0
C	Marios	64	294	5	1	40____	75841	12	0	0	1	0	0	0	0	0	0	0
C	Marios	64	294	5	1	40____	75932	12	0	0	0	0	0	0	1	0	0	0
C	Marios	64	294	5	1	40____	75967	12	14	1	1	0	0	0	0	0	0	0
C	Marios	64	294	5	1	40____	75975	14	0	0	0	0	0	0	1	0	0	0
C	Marios	64	294	5	1	40____	75976	14	0	0	1	0	0	0	0	0	0	0
C	Marios	64	294	5	1	40____	75987	14	0	0	0	0	0	0	1	0	0	0
C	Marios	64	294	5	1	40____	76067	14	12	0	0	0	0	0	0	0	0	0
C	Marios	64	294	5	1	40____	76385	12	0	0	1	0	0	0	0	0	0	0
C	Marios	64	294	5	1	40____	76389	12	0	0	0	0	0	0	1	0	0	0
C	Marios	64	294	5	1	40____	76417	12	14	1	1	0	0	0	0	0	0	0
C	Marios	64	294	5	1	40____	76424	14	0	0	0	0	0	0	1	0	0	0
C	Marios	64	294	5	1	40____	76426	14	0	0	1	0	0	0	0	0	0	0
C	Marios	64	294	5	1	40____	76434	14	0	0	0	0	0	0	1	0	0	0
C	Marios	64	294	5	1	40____	76517	14	12	0	0	0	0	0	0	0	0	0
C	Marios	64	294	5	1	40____	76812	12	0	0	1	0	0	0	0	0	0	0
C	Marios	64	294	5	1	40____	76828	12	0	0	0	0	0	0	1	0	0	0
C	Marios	64	294	5	1	40____	76832	12	14	1	1	0	0	0	0	0	0	0
C	Marios	64	294	5	1	40____	76838	14	0	0	0	0	0	0	1	0	0	0
C	Marios	64	294	5	1	40____	76842	14	0	0	1	0	0	0	0	0	0	0
C	Marios	64	294	5	1	40____	76851	14	0	0	0	0	0	0	1	0	0	0
C	Marios	64	294	5	1	40____	76855	14	0	0	1	0	0	0	0	0	0	0
C	Marios	64	294	5	1	40____	76872	14	0	0	0	0	0	0	1	0	0	0
C	Marios	64	294	5	1	40____	76932	14	12	0	0	0	0	0	0	0	0	0
C	Marios	64	294	5	1	40____	76970	12	0	0	1	0	0	0	0	0	0	0
C	Marios	64	294	5	1	40____	76989	12	0	0	0	0	0	0	1	0	0	0
C	Marios	64	294	5	1	40____	76990	12	14	1	1	0	0	0	0	0	0	0
C	Marios	64	294	5	1	40____	76992	14	0	0	0	0	0	0	1	0	0	0
C	Marios	64	294	5	1	40____	77007	14	0	0	1	0	0	0	0	0	0	0
C	Marios	64	294	5	1	40____	77012	14	0	0	0	0	0	0	1	0	0	0
C	Marios	64	294	5	1	40____	77021	14	0	0	1	0	0	0	0	0	0	0
C	Marios	64	294	5	1	40____	77026	14	0	0	0	0	0	0	1	0	0	0
C	Marios	64	294	5	1	40____	77069	14	0	0	1	0	0	0	0	0	0	0
C	Marios	64	294	5	1	40____	77075	14	0	0	0	0	0	0	1	0	0	0
C	Marios	64	294	5	1	40____	77090	14	12	0	0	0	0	0	0	0	0	0
C	Marios	64	294	5	1	40____	77200	12	0	0	1	0	0	0	0	0	0	0
C	Marios	64	294	5	1	40____	77237	12	0	0	0	0	0	0	1	0	0	0
C	Marios	64	294	5	1	40____	78922	12	0	0	0	1	0	0	0	0	0	0
C	Marios	64	294	5	1	40____	78962	12	0	0	0	0	0	0	0	1	0	0
C	Marios	64	294	5	1	40____	78978	12	13	2	0	1	0	0	0	0	0	0
C	Marios	64	294	5	1	40____	78986	13	0	0	0	0	0	0	0	1	0	0
C	Marios	64	294	5	1	40____	79013	13	0	0	0	1	0	0	0	0	0	0
C	Marios	64	294	5	1	40____	79030	13	0	0	0	0	0	0	0	1	0	0
C	Marios	64	294	5	1	40____	79046	13	0	0	0	1	0	0	0	0	0	0
C	Marios	64	294	5	1	40____	79058	13	0	0	0	0	0	0	0	1	0	0
C	Marios	64	294	5	1	40____	79078	13	12	0	0	0	0	0	0	0	0	0
C	Marios	64	294	5	1	40____	79085	12	0	0	0	1	0	0	0	0	0	0
C	Marios	64	294	5	1	40____	79094	12	0	0	0	0	0	0	0	1	0	0
C	Marios	64	294	5	1	40____	79105	12	13	2	0	1	0	0	0	0	0	0
C	Marios	64	294	5	1	40____	79158	13	0	0	0	0	0	0	0	1	0	0
C	Marios	64	294	5	1	40____	79205	13	12	0	0	0	0	0	0	0	0	0
C	Marios	64	294	5	1	40____	79207	12	0	0	0	1	0	0	0	0	0	0
C	Marios	64	294	5	1	40____	79226	12	0	0	0	0	0	0	0	1	0	0
C	Marios	64	294	5	1	40____	89531	12	0	0	1	0	0	0	0	0	0	0
C	Marios	64	294	5	1	40____	89556	12	0	0	0	0	0	0	1	0	0	0
C	Marios	64	294	5	1	40____	89601	12	14	1	1	0	0	0	0	0	0	0
C	Marios	64	294	5	1	40____	89620	14	0	0	0	0	0	0	1	0	0	0
C	Marios	64	294	5	1	40____	89701	14	12	0	0	0	0	0	0	0	0	0
C	Marios	64	294	5	1	40____	90035	12	0	0	1	0	0	0	0	0	0	0
C	Marios	64	294	5	1	40____	90366	12	0	0	0	0	0	0	1	0	0	0
C	Marios	64	294	5	1	40____	97605	12	17	0	0	0	0	0	0	0	0	0
C	Marios	64	294	5	1	40____	99105	17	-1	0	0	0	0	0	0	0	0	0
