Project	UserID	Protocol	Session	Station	Run	Subject	Time	Current State	Transition State	Transition Event	A1 - LLR	A2 - RLR	A3 - MAG	A4 - 	A[1] LLR_OFF	A[2] RLR_OFF	A[3] MAG_OFF	A[4] 
C	Marios	74	293	6	1	36____	0	0	1	0	0	0	0	0	0	0	0	0
C	Marios	74	293	6	1	36____	2000	1	2	0	0	0	0	0	0	0	0	0
C	Marios	74	293	6	1	36____	5000	2	1	0	0	0	0	0	0	0	0	0
C	Marios	74	293	6	1	36____	7000	1	2	0	0	0	0	0	0	0	0	0
C	Marios	74	293	6	1	36____	10000	2	1	0	0	0	0	0	0	0	0	0
C	Marios	74	293	6	1	36____	11500	1	2	0	0	0	0	0	0	0	0	0
C	Marios	74	293	6	1	36____	14500	2	1	0	0	0	0	0	0	0	0	0
C	Marios	74	293	6	1	36____	16000	1	2	0	0	0	0	0	0	0	0	0
C	Marios	74	293	6	1	36____	19000	2	1	0	0	0	0	0	0	0	0	0
C	Marios	74	293	6	1	36____	20750	1	2	0	0	0	0	0	0	0	0	0
C	Marios	74	293	6	1	36____	23750	2	1	0	0	0	0	0	0	0	0	0
C	Marios	74	293	6	1	36____	24750	1	2	0	0	0	0	0	0	0	0	0
C	Marios	74	293	6	1	36____	27750	2	1	0	0	0	0	0	0	0	0	0
C	Marios	74	293	6	1	36____	29750	1	2	0	0	0	0	0	0	0	0	0
C	Marios	74	293	6	1	36____	32750	2	1	0	0	0	0	0	0	0	0	0
C	Marios	74	293	6	1	36____	34500	1	2	0	0	0	0	0	0	0	0	0
C	Marios	74	293	6	1	36____	37500	2	1	0	0	0	0	0	0	0	0	0
C	Marios	74	293	6	1	36____	39000	1	2	0	0	0	0	0	0	0	0	0
C	Marios	74	293	6	1	36____	42000	2	1	0	0	0	0	0	0	0	0	0
C	Marios	74	293	6	1	36____	43750	1	2	0	0	0	0	0	0	0	0	0
C	Marios	74	293	6	1	36____	46750	2	1	0	0	0	0	0	0	0	0	0
C	Marios	74	293	6	1	36____	47750	1	2	0	0	0	0	0	0	0	0	0
C	Marios	74	293	6	1	36____	50750	2	1	0	0	0	0	0	0	0	0	0
C	Marios	74	293	6	1	36____	52500	1	2	0	0	0	0	0	0	0	0	0
C	Marios	74	293	6	1	36____	55500	2	1	0	0	0	0	0	0	0	0	0
C	Marios	74	293	6	1	36____	57000	1	2	0	0	0	0	0	0	0	0	0
C	Marios	74	293	6	1	36____	60000	2	1	0	0	0	0	0	0	0	0	0
C	Marios	74	293	6	1	36____	61500	1	2	0	0	0	0	0	0	0	0	0
C	Marios	74	293	6	1	36____	64500	2	1	0	0	0	0	0	0	0	0	0
C	Marios	74	293	6	1	36____	66500	1	2	0	0	0	0	0	0	0	0	0
C	Marios	74	293	6	1	36____	69500	2	1	0	0	0	0	0	0	0	0	0
C	Marios	74	293	6	1	36____	71500	1	2	0	0	0	0	0	0	0	0	0
C	Marios	74	293	6	1	36____	74500	2	1	0	0	0	0	0	0	0	0	0
C	Marios	74	293	6	1	36____	76500	1	2	0	0	0	0	0	0	0	0	0
C	Marios	74	293	6	1	36____	79500	2	1	0	0	0	0	0	0	0	0	0
C	Marios	74	293	6	1	36____	81000	1	2	0	0	0	0	0	0	0	0	0
C	Marios	74	293	6	1	36____	84000	2	1	0	0	0	0	0	0	0	0	0
C	Marios	74	293	6	1	36____	85250	1	2	0	0	0	0	0	0	0	0	0
C	Marios	74	293	6	1	36____	88250	2	1	0	0	0	0	0	0	0	0	0
C	Marios	74	293	6	1	36____	89250	1	2	0	0	0	0	0	0	0	0	0
C	Marios	74	293	6	1	36____	92250	2	1	0	0	0	0	0	0	0	0	0
C	Marios	74	293	6	1	36____	93750	1	2	0	0	0	0	0	0	0	0	0
C	Marios	74	293	6	1	36____	96750	2	1	0	0	0	0	0	0	0	0	0
C	Marios	74	293	6	1	36____	98000	1	2	0	0	0	0	0	0	0	0	0
C	Marios	74	293	6	1	36____	101000	2	1	0	0	0	0	0	0	0	0	0
C	Marios	74	293	6	1	36____	103000	1	2	0	0	0	0	0	0	0	0	0
C	Marios	74	293	6	1	36____	106000	2	1	0	0	0	0	0	0	0	0	0
C	Marios	74	293	6	1	36____	107250	1	2	0	0	0	0	0	0	0	0	0
C	Marios	74	293	6	1	36____	110250	2	1	0	0	0	0	0	0	0	0	0
C	Marios	74	293	6	1	36____	111500	1	2	0	0	0	0	0	0	0	0	0
C	Marios	74	293	6	1	36____	114500	2	1	0	0	0	0	0	0	0	0	0
C	Marios	74	293	6	1	36____	116000	1	2	0	0	0	0	0	0	0	0	0
C	Marios	74	293	6	1	36____	119000	2	1	0	0	0	0	0	0	0	0	0
C	Marios	74	293	6	1	36____	120500	1	2	0	0	0	0	0	0	0	0	0
C	Marios	74	293	6	1	36____	123500	2	1	0	0	0	0	0	0	0	0	0
C	Marios	74	293	6	1	36____	125000	1	2	0	0	0	0	0	0	0	0	0
C	Marios	74	293	6	1	36____	128000	2	1	0	0	0	0	0	0	0	0	0
C	Marios	74	293	6	1	36____	129500	1	2	0	0	0	0	0	0	0	0	0
C	Marios	74	293	6	1	36____	132500	2	1	0	0	0	0	0	0	0	0	0
C	Marios	74	293	6	1	36____	134500	1	2	0	0	0	0	0	0	0	0	0
C	Marios	74	293	6	1	36____	137500	2	1	0	0	0	0	0	0	0	0	0
C	Marios	74	293	6	1	36____	139250	1	2	0	0	0	0	0	0	0	0	0
C	Marios	74	293	6	1	36____	142250	2	1	0	0	0	0	0	0	0	0	0
C	Marios	74	293	6	1	36____	144250	1	2	0	0	0	0	0	0	0	0	0
C	Marios	74	293	6	1	36____	147250	2	1	0	0	0	0	0	0	0	0	0
C	Marios	74	293	6	1	36____	149250	1	2	0	0	0	0	0	0	0	0	0
C	Marios	74	293	6	1	36____	152250	2	1	0	0	0	0	0	0	0	0	0
C	Marios	74	293	6	1	36____	154250	1	2	0	0	0	0	0	0	0	0	0
C	Marios	74	293	6	1	36____	157250	2	1	0	0	0	0	0	0	0	0	0
C	Marios	74	293	6	1	36____	158500	1	2	0	0	0	0	0	0	0	0	0
C	Marios	74	293	6	1	36____	161500	2	1	0	0	0	0	0	0	0	0	0
C	Marios	74	293	6	1	36____	163250	1	2	0	0	0	0	0	0	0	0	0
C	Marios	74	293	6	1	36____	166250	2	1	0	0	0	0	0	0	0	0	0
C	Marios	74	293	6	1	36____	167250	1	2	0	0	0	0	0	0	0	0	0
C	Marios	74	293	6	1	36____	170250	2	1	0	0	0	0	0	0	0	0	0
C	Marios	74	293	6	1	36____	171250	1	2	0	0	0	0	0	0	0	0	0
C	Marios	74	293	6	1	36____	174250	2	1	0	0	0	0	0	0	0	0	0
C	Marios	74	293	6	1	36____	175500	1	2	0	0	0	0	0	0	0	0	0
C	Marios	74	293	6	1	36____	178500	2	1	0	0	0	0	0	0	0	0	0
C	Marios	74	293	6	1	36____	179750	1	2	0	0	0	0	0	0	0	0	0
C	Marios	74	293	6	1	36____	182750	2	1	0	0	0	0	0	0	0	0	0
C	Marios	74	293	6	1	36____	184250	1	2	0	0	0	0	0	0	0	0	0
C	Marios	74	293	6	1	36____	187250	2	1	0	0	0	0	0	0	0	0	0
C	Marios	74	293	6	1	36____	188250	1	2	0	0	0	0	0	0	0	0	0
C	Marios	74	293	6	1	36____	191250	2	1	0	0	0	0	0	0	0	0	0
C	Marios	74	293	6	1	36____	192250	1	2	0	0	0	0	0	0	0	0	0
C	Marios	74	293	6	1	36____	195250	2	1	0	0	0	0	0	0	0	0	0
C	Marios	74	293	6	1	36____	196750	1	2	0	0	0	0	0	0	0	0	0
C	Marios	74	293	6	1	36____	199750	2	1	0	0	0	0	0	0	0	0	0
C	Marios	74	293	6	1	36____	200750	1	2	0	0	0	0	0	0	0	0	0
C	Marios	74	293	6	1	36____	203750	2	1	0	0	0	0	0	0	0	0	0
C	Marios	74	293	6	1	36____	205500	1	2	0	0	0	0	0	0	0	0	0
C	Marios	74	293	6	1	36____	208500	2	1	0	0	0	0	0	0	0	0	0
C	Marios	74	293	6	1	36____	210500	1	2	0	0	0	0	0	0	0	0	0
C	Marios	74	293	6	1	36____	213500	2	1	0	0	0	0	0	0	0	0	0
C	Marios	74	293	6	1	36____	215250	1	2	0	0	0	0	0	0	0	0	0
C	Marios	74	293	6	1	36____	218250	2	1	0	0	0	0	0	0	0	0	0
C	Marios	74	293	6	1	36____	219250	1	2	0	0	0	0	0	0	0	0	0
C	Marios	74	293	6	1	36____	219847	-1	2	0	0	0	0	0	0	0	0	0
C	Marios	74	293	7	1	38____	0	0	1	0	0	0	0	0	0	0	0	0
C	Marios	74	293	7	1	38____	2000	1	2	0	0	0	0	0	0	0	0	0
C	Marios	74	293	7	1	38____	2101	2	3	1	1	0	0	0	0	0	0	0
C	Marios	74	293	7	1	38____	2201	3	8	0	0	0	0	0	0	0	0	0
C	Marios	74	293	7	1	38____	2202	8	0	0	0	0	0	0	1	0	0	0
C	Marios	74	293	7	1	38____	4201	8	9	0	0	0	0	0	0	0	0	0
C	Marios	74	293	7	1	38____	7201	9	8	0	0	0	0	0	0	0	0	0
C	Marios	74	293	7	1	38____	8451	8	9	0	0	0	0	0	0	0	0	0
C	Marios	74	293	7	1	38____	11451	9	8	0	0	0	0	0	0	0	0	0
C	Marios	74	293	7	1	38____	12951	8	9	0	0	0	0	0	0	0	0	0
C	Marios	74	293	7	1	38____	15951	9	8	0	0	0	0	0	0	0	0	0
C	Marios	74	293	7	1	38____	17701	8	9	0	0	0	0	0	0	0	0	0
C	Marios	74	293	7	1	38____	20701	9	8	0	0	0	0	0	0	0	0	0
C	Marios	74	293	7	1	38____	22201	8	9	0	0	0	0	0	0	0	0	0
C	Marios	74	293	7	1	38____	25201	9	8	0	0	0	0	0	0	0	0	0
C	Marios	74	293	7	1	38____	26701	8	9	0	0	0	0	0	0	0	0	0
C	Marios	74	293	7	1	38____	29701	9	8	0	0	0	0	0	0	0	0	0
C	Marios	74	293	7	1	38____	30701	8	9	0	0	0	0	0	0	0	0	0
C	Marios	74	293	7	1	38____	33701	9	8	0	0	0	0	0	0	0	0	0
C	Marios	74	293	7	1	38____	35201	8	9	0	0	0	0	0	0	0	0	0
C	Marios	74	293	7	1	38____	38201	9	8	0	0	0	0	0	0	0	0	0
C	Marios	74	293	7	1	38____	39201	8	9	0	0	0	0	0	0	0	0	0
C	Marios	74	293	7	1	38____	42201	9	8	0	0	0	0	0	0	0	0	0
C	Marios	74	293	7	1	38____	43451	8	9	0	0	0	0	0	0	0	0	0
C	Marios	74	293	7	1	38____	46451	9	8	0	0	0	0	0	0	0	0	0
C	Marios	74	293	7	1	38____	47951	8	9	0	0	0	0	0	0	0	0	0
C	Marios	74	293	7	1	38____	50951	9	8	0	0	0	0	0	0	0	0	0
C	Marios	74	293	7	1	38____	52701	8	9	0	0	0	0	0	0	0	0	0
C	Marios	74	293	7	1	38____	55701	9	8	0	0	0	0	0	0	0	0	0
C	Marios	74	293	7	1	38____	57701	8	9	0	0	0	0	0	0	0	0	0
C	Marios	74	293	7	1	38____	60701	9	8	0	0	0	0	0	0	0	0	0
C	Marios	74	293	7	1	38____	62201	8	9	0	0	0	0	0	0	0	0	0
C	Marios	74	293	7	1	38____	65201	9	8	0	0	0	0	0	0	0	0	0
C	Marios	74	293	7	1	38____	66701	8	9	0	0	0	0	0	0	0	0	0
C	Marios	74	293	7	1	38____	69701	9	8	0	0	0	0	0	0	0	0	0
C	Marios	74	293	7	1	38____	71201	8	9	0	0	0	0	0	0	0	0	0
C	Marios	74	293	7	1	38____	74201	9	8	0	0	0	0	0	0	0	0	0
C	Marios	74	293	7	1	38____	75951	8	9	0	0	0	0	0	0	0	0	0
C	Marios	74	293	7	1	38____	78951	9	8	0	0	0	0	0	0	0	0	0
C	Marios	74	293	7	1	38____	79951	8	9	0	0	0	0	0	0	0	0	0
C	Marios	74	293	7	1	38____	82951	9	8	0	0	0	0	0	0	0	0	0
C	Marios	74	293	7	1	38____	84951	8	9	0	0	0	0	0	0	0	0	0
C	Marios	74	293	7	1	38____	87951	9	8	0	0	0	0	0	0	0	0	0
C	Marios	74	293	7	1	38____	89951	8	9	0	0	0	0	0	0	0	0	0
C	Marios	74	293	7	1	38____	92951	9	8	0	0	0	0	0	0	0	0	0
C	Marios	74	293	7	1	38____	94201	8	9	0	0	0	0	0	0	0	0	0
C	Marios	74	293	7	1	38____	97201	9	8	0	0	0	0	0	0	0	0	0
C	Marios	74	293	7	1	38____	99201	8	9	0	0	0	0	0	0	0	0	0
C	Marios	74	293	7	1	38____	102201	9	8	0	0	0	0	0	0	0	0	0
C	Marios	74	293	7	1	38____	103451	8	9	0	0	0	0	0	0	0	0	0
C	Marios	74	293	7	1	38____	106451	9	8	0	0	0	0	0	0	0	0	0
C	Marios	74	293	7	1	38____	108201	8	9	0	0	0	0	0	0	0	0	0
C	Marios	74	293	7	1	38____	111201	9	8	0	0	0	0	0	0	0	0	0
C	Marios	74	293	7	1	38____	112951	8	9	0	0	0	0	0	0	0	0	0
C	Marios	74	293	7	1	38____	115951	9	8	0	0	0	0	0	0	0	0	0
C	Marios	74	293	7	1	38____	117951	8	9	0	0	0	0	0	0	0	0	0
C	Marios	74	293	7	1	38____	120951	9	8	0	0	0	0	0	0	0	0	0
C	Marios	74	293	7	1	38____	122701	8	9	0	0	0	0	0	0	0	0	0
C	Marios	74	293	7	1	38____	125701	9	8	0	0	0	0	0	0	0	0	0
C	Marios	74	293	7	1	38____	126951	8	9	0	0	0	0	0	0	0	0	0
C	Marios	74	293	7	1	38____	129951	9	8	0	0	0	0	0	0	0	0	0
C	Marios	74	293	7	1	38____	131451	8	9	0	0	0	0	0	0	0	0	0
C	Marios	74	293	7	1	38____	134451	9	8	0	0	0	0	0	0	0	0	0
C	Marios	74	293	7	1	38____	135701	8	9	0	0	0	0	0	0	0	0	0
C	Marios	74	293	7	1	38____	138701	9	8	0	0	0	0	0	0	0	0	0
C	Marios	74	293	7	1	38____	139701	8	9	0	0	0	0	0	0	0	0	0
C	Marios	74	293	7	1	38____	142701	9	8	0	0	0	0	0	0	0	0	0
C	Marios	74	293	7	1	38____	144201	8	9	0	0	0	0	0	0	0	0	0
C	Marios	74	293	7	1	38____	147201	9	8	0	0	0	0	0	0	0	0	0
C	Marios	74	293	7	1	38____	149201	8	9	0	0	0	0	0	0	0	0	0
C	Marios	74	293	7	1	38____	152201	9	8	0	0	0	0	0	0	0	0	0
C	Marios	74	293	7	1	38____	153201	8	9	0	0	0	0	0	0	0	0	0
C	Marios	74	293	7	1	38____	156201	9	8	0	0	0	0	0	0	0	0	0
C	Marios	74	293	7	1	38____	157701	8	9	0	0	0	0	0	0	0	0	0
C	Marios	74	293	7	1	38____	160701	9	8	0	0	0	0	0	0	0	0	0
C	Marios	74	293	7	1	38____	161951	8	9	0	0	0	0	0	0	0	0	0
C	Marios	74	293	7	1	38____	164951	9	8	0	0	0	0	0	0	0	0	0
C	Marios	74	293	7	1	38____	166201	8	9	0	0	0	0	0	0	0	0	0
C	Marios	74	293	7	1	38____	169201	9	8	0	0	0	0	0	0	0	0	0
C	Marios	74	293	7	1	38____	170951	8	9	0	0	0	0	0	0	0	0	0
C	Marios	74	293	7	1	38____	173951	9	8	0	0	0	0	0	0	0	0	0
C	Marios	74	293	7	1	38____	175951	8	9	0	0	0	0	0	0	0	0	0
C	Marios	74	293	7	1	38____	178951	9	8	0	0	0	0	0	0	0	0	0
C	Marios	74	293	7	1	38____	180451	8	9	0	0	0	0	0	0	0	0	0
C	Marios	74	293	7	1	38____	183451	9	8	0	0	0	0	0	0	0	0	0
C	Marios	74	293	7	1	38____	185451	8	9	0	0	0	0	0	0	0	0	0
C	Marios	74	293	7	1	38____	188451	9	8	0	0	0	0	0	0	0	0	0
C	Marios	74	293	7	1	38____	190201	8	9	0	0	0	0	0	0	0	0	0
C	Marios	74	293	7	1	38____	193201	9	8	0	0	0	0	0	0	0	0	0
C	Marios	74	293	7	1	38____	194701	8	9	0	0	0	0	0	0	0	0	0
C	Marios	74	293	7	1	38____	197701	9	8	0	0	0	0	0	0	0	0	0
C	Marios	74	293	7	1	38____	198951	8	9	0	0	0	0	0	0	0	0	0
C	Marios	74	293	7	1	38____	201951	9	8	0	0	0	0	0	0	0	0	0
C	Marios	74	293	7	1	38____	203951	8	9	0	0	0	0	0	0	0	0	0
C	Marios	74	293	7	1	38____	206951	9	8	0	0	0	0	0	0	0	0	0
C	Marios	74	293	7	1	38____	208951	8	9	0	0	0	0	0	0	0	0	0
C	Marios	74	293	7	1	38____	211951	9	8	0	0	0	0	0	0	0	0	0
C	Marios	74	293	7	1	38____	213201	8	9	0	0	0	0	0	0	0	0	0
C	Marios	74	293	7	1	38____	216201	9	8	0	0	0	0	0	0	0	0	0
C	Marios	74	293	7	1	38____	217451	8	9	0	0	0	0	0	0	0	0	0
C	Marios	74	293	7	1	38____	219847	-1	9	0	0	0	0	0	0	0	0	0
