Project	UserID	Protocol	Session	Station	Run	Subject	Time	Current State	Transition State	Transition Event	A1 - LLR	A2 - RLR	A3 - MAG	A4 - 	A[1] LLR_OFF	A[2] RLR_OFF	A[3] MAG_OFF	A[4] 
C	Marios	25	132	9	1	8_____	0	0	1	0	0	0	0	0	0	0	0	0
C	Marios	25	132	9	1	8_____	416	1	0	0	0	0	1	0	0	0	0	0
C	Marios	25	132	9	1	8_____	419	1	0	0	0	0	0	0	0	0	1	0
C	Marios	25	132	9	1	8_____	420	1	0	0	0	0	1	0	0	0	0	0
C	Marios	25	132	9	1	8_____	424	1	0	0	0	0	0	0	0	0	1	0
C	Marios	25	132	9	1	8_____	428	1	0	0	0	0	1	0	0	0	0	0
C	Marios	25	132	9	1	8_____	571	1	0	0	0	0	0	0	0	0	1	0
C	Marios	25	132	9	1	8_____	1771	1	0	0	0	0	1	0	0	0	0	0
C	Marios	25	132	9	1	8_____	1781	1	0	0	0	0	0	0	0	0	1	0
C	Marios	25	132	9	1	8_____	1785	1	0	0	0	0	1	0	0	0	0	0
C	Marios	25	132	9	1	8_____	1803	1	0	0	0	0	0	0	0	0	1	0
C	Marios	25	132	9	1	8_____	2196	1	0	0	0	0	1	0	0	0	0	0
C	Marios	25	132	9	1	8_____	2252	1	0	0	0	0	0	0	0	0	1	0
C	Marios	25	132	9	1	8_____	3178	1	0	0	0	0	1	0	0	0	0	0
C	Marios	25	132	9	1	8_____	3182	1	0	0	0	0	0	0	0	0	1	0
C	Marios	25	132	9	1	8_____	3741	1	0	0	0	0	1	0	0	0	0	0
C	Marios	25	132	9	1	8_____	3812	1	0	0	0	0	0	0	0	0	1	0
C	Marios	25	132	9	1	8_____	5419	1	0	0	0	0	1	0	0	0	0	0
C	Marios	25	132	9	1	8_____	5568	1	0	0	0	0	0	0	0	0	1	0
C	Marios	25	132	9	1	8_____	5605	1	0	0	0	0	1	0	0	0	0	0
C	Marios	25	132	9	1	8_____	5611	1	0	0	0	0	0	0	0	0	1	0
C	Marios	25	132	9	1	8_____	5612	1	0	0	0	0	1	0	0	0	0	0
C	Marios	25	132	9	1	8_____	5614	1	0	0	0	0	0	0	0	0	1	0
C	Marios	25	132	9	1	8_____	5633	1	0	0	0	0	1	0	0	0	0	0
C	Marios	25	132	9	1	8_____	5637	1	0	0	0	0	0	0	0	0	1	0
C	Marios	25	132	9	1	8_____	5642	1	0	0	0	0	1	0	0	0	0	0
C	Marios	25	132	9	1	8_____	5676	1	0	0	0	0	0	0	0	0	1	0
C	Marios	25	132	9	1	8_____	5688	1	0	0	0	0	1	0	0	0	0	0
C	Marios	25	132	9	1	8_____	5740	1	0	0	0	0	0	0	0	0	1	0
C	Marios	25	132	9	1	8_____	5752	1	0	0	0	0	1	0	0	0	0	0
C	Marios	25	132	9	1	8_____	5754	1	0	0	0	0	0	0	0	0	1	0
C	Marios	25	132	9	1	8_____	5761	1	0	0	0	0	1	0	0	0	0	0
C	Marios	25	132	9	1	8_____	5763	1	0	0	0	0	0	0	0	0	1	0
C	Marios	25	132	9	1	8_____	5774	1	0	0	0	0	1	0	0	0	0	0
C	Marios	25	132	9	1	8_____	5776	1	0	0	0	0	0	0	0	0	1	0
C	Marios	25	132	9	1	8_____	5785	1	0	0	0	0	1	0	0	0	0	0
C	Marios	25	132	9	1	8_____	5832	1	0	0	0	0	0	0	0	0	1	0
C	Marios	25	132	9	1	8_____	5901	1	0	0	0	0	1	0	0	0	0	0
C	Marios	25	132	9	1	8_____	5903	1	0	0	0	0	0	0	0	0	1	0
C	Marios	25	132	9	1	8_____	6000	1	2	0	0	0	0	0	0	0	0	0
C	Marios	25	132	9	1	8_____	6001	2	0	0	0	0	1	0	0	0	0	0
C	Marios	25	132	9	1	8_____	6022	2	0	0	0	0	0	0	0	0	1	0
C	Marios	25	132	9	1	8_____	6026	2	0	0	0	0	1	0	0	0	0	0
C	Marios	25	132	9	1	8_____	6187	2	0	0	0	0	0	0	0	0	1	0
C	Marios	25	132	9	1	8_____	6500	2	7	0	0	0	0	0	0	0	0	0
C	Marios	25	132	9	1	8_____	6590	7	0	0	0	0	1	0	0	0	0	0
C	Marios	25	132	9	1	8_____	6613	7	0	0	0	0	0	0	0	0	1	0
C	Marios	25	132	9	1	8_____	6648	7	0	0	0	0	1	0	0	0	0	0
C	Marios	25	132	9	1	8_____	6708	7	0	0	0	0	0	0	0	0	1	0
C	Marios	25	132	9	1	8_____	6762	7	0	0	0	0	1	0	0	0	0	0
C	Marios	25	132	9	1	8_____	6858	7	0	0	0	0	0	0	0	0	1	0
C	Marios	25	132	9	1	8_____	6918	7	0	0	0	0	1	0	0	0	0	0
C	Marios	25	132	9	1	8_____	7000	7	10	0	0	0	0	0	0	0	0	0
C	Marios	25	132	9	1	8_____	7279	10	0	0	0	0	0	0	0	0	1	0
C	Marios	25	132	9	1	8_____	7500	10	1	0	0	0	0	0	0	0	0	0
C	Marios	25	132	9	1	8_____	7616	1	0	0	0	0	1	0	0	0	0	0
C	Marios	25	132	9	1	8_____	7618	1	0	0	0	0	0	0	0	0	1	0
C	Marios	25	132	9	1	8_____	7655	1	0	0	0	0	1	0	0	0	0	0
C	Marios	25	132	9	1	8_____	7657	1	0	0	0	0	0	0	0	0	1	0
C	Marios	25	132	9	1	8_____	7664	1	0	0	0	0	1	0	0	0	0	0
C	Marios	25	132	9	1	8_____	7679	1	0	0	0	0	0	0	0	0	1	0
C	Marios	25	132	9	1	8_____	7685	1	0	0	0	0	1	0	0	0	0	0
C	Marios	25	132	9	1	8_____	7688	1	0	0	0	0	0	0	0	0	1	0
C	Marios	25	132	9	1	8_____	7694	1	0	0	0	0	1	0	0	0	0	0
C	Marios	25	132	9	1	8_____	7740	1	0	0	0	0	0	0	0	0	1	0
C	Marios	25	132	9	1	8_____	9978	1	0	0	0	0	1	0	0	0	0	0
C	Marios	25	132	9	1	8_____	10325	1	0	0	0	0	0	0	0	0	1	0
C	Marios	25	132	9	1	8_____	10331	1	0	0	0	0	1	0	0	0	0	0
C	Marios	25	132	9	1	8_____	10337	1	0	0	0	0	0	0	0	0	1	0
C	Marios	25	132	9	1	8_____	10339	1	0	0	0	0	1	0	0	0	0	0
C	Marios	25	132	9	1	8_____	10341	1	0	0	0	0	0	0	0	0	1	0
C	Marios	25	132	9	1	8_____	11927	1	0	0	0	0	1	0	0	0	0	0
C	Marios	25	132	9	1	8_____	11928	1	0	0	0	0	0	0	0	0	1	0
C	Marios	25	132	9	1	8_____	11933	1	0	0	0	0	1	0	0	0	0	0
C	Marios	25	132	9	1	8_____	11958	1	0	0	0	0	0	0	0	0	1	0
C	Marios	25	132	9	1	8_____	11983	1	0	0	0	0	1	0	0	0	0	0
C	Marios	25	132	9	1	8_____	12000	1	2	0	0	0	0	0	0	0	0	0
C	Marios	25	132	9	1	8_____	12262	2	0	0	0	0	0	0	0	0	1	0
C	Marios	25	132	9	1	8_____	12266	2	0	0	0	0	1	0	0	0	0	0
C	Marios	25	132	9	1	8_____	12500	2	6	0	0	0	0	0	0	0	0	0
C	Marios	25	132	9	1	8_____	12509	6	0	0	0	0	0	0	0	0	1	0
C	Marios	25	132	9	1	8_____	12582	6	0	0	0	0	1	0	0	0	0	0
C	Marios	25	132	9	1	8_____	12603	6	0	0	0	0	0	0	0	0	1	0
C	Marios	25	132	9	1	8_____	12639	6	0	0	0	0	1	0	0	0	0	0
C	Marios	25	132	9	1	8_____	12771	6	0	0	0	0	0	0	0	0	1	0
C	Marios	25	132	9	1	8_____	12800	6	0	0	0	0	1	0	0	0	0	0
C	Marios	25	132	9	1	8_____	12854	6	0	0	0	0	0	0	0	0	1	0
C	Marios	25	132	9	1	8_____	12886	6	0	0	0	0	1	0	0	0	0	0
C	Marios	25	132	9	1	8_____	13000	6	11	0	0	0	0	0	0	0	0	0
C	Marios	25	132	9	1	8_____	13278	11	0	0	0	0	0	0	0	0	1	0
C	Marios	25	132	9	1	8_____	13434	11	0	0	0	0	1	0	0	0	0	0
C	Marios	25	132	9	1	8_____	13448	11	0	0	0	0	0	0	0	0	1	0
C	Marios	25	132	9	1	8_____	13483	11	0	0	0	0	1	0	0	0	0	0
C	Marios	25	132	9	1	8_____	13500	11	1	0	0	0	0	0	0	0	0	0
C	Marios	25	132	9	1	8_____	13556	1	0	0	0	0	0	0	0	0	1	0
C	Marios	25	132	9	1	8_____	13622	1	0	0	0	0	1	0	0	0	0	0
C	Marios	25	132	9	1	8_____	13643	1	0	0	0	0	0	0	0	0	1	0
C	Marios	25	132	9	1	8_____	13657	1	0	0	0	0	1	0	0	0	0	0
C	Marios	25	132	9	1	8_____	13718	1	0	0	0	0	1	0	0	0	1	0
C	Marios	25	132	9	1	8_____	13741	1	0	0	0	0	0	0	0	0	1	0
C	Marios	25	132	9	1	8_____	14697	1	0	0	0	0	1	0	0	0	0	0
C	Marios	25	132	9	1	8_____	15262	1	0	0	0	0	0	0	0	0	1	0
C	Marios	25	132	9	1	8_____	17546	1	0	0	0	0	1	0	0	0	0	0
C	Marios	25	132	9	1	8_____	17551	1	0	0	0	0	0	0	0	0	1	0
C	Marios	25	132	9	1	8_____	17588	1	0	0	0	0	1	0	0	0	0	0
C	Marios	25	132	9	1	8_____	17711	1	0	0	0	0	0	0	0	0	1	0
C	Marios	25	132	9	1	8_____	18193	1	0	0	0	0	1	0	0	0	0	0
C	Marios	25	132	9	1	8_____	18202	1	0	0	0	0	0	0	0	0	1	0
C	Marios	25	132	9	1	8_____	19000	1	2	0	0	0	0	0	0	0	0	0
C	Marios	25	132	9	1	8_____	19038	2	0	0	0	0	1	0	0	0	0	0
C	Marios	25	132	9	1	8_____	19213	2	0	0	0	0	0	0	0	0	1	0
C	Marios	25	132	9	1	8_____	19500	2	16	0	0	0	0	0	0	0	0	0
C	Marios	25	132	9	1	8_____	20000	16	15	0	0	0	0	0	0	0	0	0
C	Marios	25	132	9	1	8_____	20161	15	0	0	0	0	1	0	0	0	0	0
C	Marios	25	132	9	1	8_____	20184	15	0	0	0	0	0	0	0	0	1	0
C	Marios	25	132	9	1	8_____	20500	15	1	0	0	0	0	0	0	0	0	0
C	Marios	25	132	9	1	8_____	20811	1	0	0	0	0	1	0	0	0	0	0
C	Marios	25	132	9	1	8_____	20814	1	0	0	0	0	1	0	0	0	1	0
C	Marios	25	132	9	1	8_____	20821	1	0	0	0	0	0	0	0	0	1	0
C	Marios	25	132	9	1	8_____	21839	1	0	0	0	0	1	0	0	0	0	0
C	Marios	25	132	9	1	8_____	22182	1	0	0	0	0	0	0	0	0	1	0
C	Marios	25	132	9	1	8_____	22183	1	0	0	0	0	1	0	0	0	0	0
C	Marios	25	132	9	1	8_____	22186	1	0	0	0	0	0	0	0	0	1	0
C	Marios	25	132	9	1	8_____	22490	1	0	0	0	0	1	0	0	0	0	0
C	Marios	25	132	9	1	8_____	22496	1	0	0	0	0	0	0	0	0	1	0
C	Marios	25	132	9	1	8_____	22667	1	0	0	0	0	1	0	0	0	0	0
C	Marios	25	132	9	1	8_____	22985	1	0	0	0	0	0	0	0	0	1	0
C	Marios	25	132	9	1	8_____	23455	1	0	0	0	0	1	0	0	0	0	0
C	Marios	25	132	9	1	8_____	23486	1	0	0	0	0	0	0	0	0	1	0
C	Marios	25	132	9	1	8_____	24967	1	0	0	0	0	1	0	0	0	0	0
C	Marios	25	132	9	1	8_____	24972	1	0	0	0	0	0	0	0	0	1	0
C	Marios	25	132	9	1	8_____	25393	1	0	0	0	0	1	0	0	0	0	0
C	Marios	25	132	9	1	8_____	25429	1	0	0	0	0	0	0	0	0	1	0
C	Marios	25	132	9	1	8_____	25620	1	0	0	0	0	1	0	0	0	0	0
C	Marios	25	132	9	1	8_____	25769	1	0	0	0	0	0	0	0	0	1	0
C	Marios	25	132	9	1	8_____	25856	1	0	0	0	0	1	0	0	0	0	0
C	Marios	25	132	9	1	8_____	25862	1	0	0	0	0	1	0	0	0	1	0
C	Marios	25	132	9	1	8_____	25864	1	0	0	0	0	0	0	0	0	1	0
C	Marios	25	132	9	1	8_____	25892	1	0	0	0	0	1	0	0	0	0	0
C	Marios	25	132	9	1	8_____	25894	1	0	0	0	0	0	0	0	0	1	0
C	Marios	25	132	9	1	8_____	25908	1	0	0	0	0	1	0	0	0	0	0
C	Marios	25	132	9	1	8_____	25912	1	0	0	0	0	0	0	0	0	1	0
C	Marios	25	132	9	1	8_____	25916	1	0	0	0	0	1	0	0	0	0	0
C	Marios	25	132	9	1	8_____	25932	1	0	0	0	0	0	0	0	0	1	0
C	Marios	25	132	9	1	8_____	25937	1	0	0	0	0	1	0	0	0	0	0
C	Marios	25	132	9	1	8_____	25960	1	0	0	0	0	0	0	0	0	1	0
C	Marios	25	132	9	1	8_____	28000	1	2	0	0	0	0	0	0	0	0	0
C	Marios	25	132	9	1	8_____	28500	2	16	0	0	0	0	0	0	0	0	0
C	Marios	25	132	9	1	8_____	28609	16	0	0	0	0	1	0	0	0	0	0
C	Marios	25	132	9	1	8_____	28633	16	0	0	0	0	0	0	0	0	1	0
C	Marios	25	132	9	1	8_____	28739	16	0	0	0	0	1	0	0	0	0	0
C	Marios	25	132	9	1	8_____	28839	16	0	0	0	0	0	0	0	0	1	0
C	Marios	25	132	9	1	8_____	28926	16	0	0	0	0	1	0	0	0	0	0
C	Marios	25	132	9	1	8_____	28982	16	0	0	0	0	0	0	0	0	1	0
C	Marios	25	132	9	1	8_____	29000	16	15	0	0	0	0	0	0	0	0	0
C	Marios	25	132	9	1	8_____	29073	15	0	0	0	0	1	0	0	0	0	0
C	Marios	25	132	9	1	8_____	29326	15	0	0	0	0	0	0	0	0	1	0
C	Marios	25	132	9	1	8_____	29379	15	0	0	0	0	1	0	0	0	0	0
C	Marios	25	132	9	1	8_____	29381	15	0	0	0	0	0	0	0	0	1	0
C	Marios	25	132	9	1	8_____	29396	15	0	0	0	0	1	0	0	0	0	0
C	Marios	25	132	9	1	8_____	29398	15	0	0	0	0	0	0	0	0	1	0
C	Marios	25	132	9	1	8_____	29415	15	0	0	0	0	1	0	0	0	0	0
C	Marios	25	132	9	1	8_____	29418	15	0	0	0	0	0	0	0	0	1	0
C	Marios	25	132	9	1	8_____	29500	15	1	0	0	0	0	0	0	0	0	0
C	Marios	25	132	9	1	8_____	29573	1	0	0	0	0	1	0	0	0	0	0
C	Marios	25	132	9	1	8_____	29858	1	0	0	0	0	0	0	0	0	1	0
C	Marios	25	132	9	1	8_____	30634	1	0	0	0	0	1	0	0	0	0	0
C	Marios	25	132	9	1	8_____	30642	1	0	0	0	0	0	0	0	0	1	0
C	Marios	25	132	9	1	8_____	31088	1	0	0	0	0	1	0	0	0	0	0
C	Marios	25	132	9	1	8_____	31203	1	0	0	0	0	0	0	0	0	1	0
C	Marios	25	132	9	1	8_____	31750	1	2	0	0	0	0	0	0	0	0	0
C	Marios	25	132	9	1	8_____	32250	2	17	0	0	0	0	0	0	0	0	0
C	Marios	25	132	9	1	8_____	32750	17	15	0	0	0	0	0	0	0	0	0
C	Marios	25	132	9	1	8_____	32952	15	0	0	0	0	1	0	0	0	0	0
C	Marios	25	132	9	1	8_____	32988	15	0	0	0	0	0	0	0	0	1	0
C	Marios	25	132	9	1	8_____	33250	15	1	0	0	0	0	0	0	0	0	0
C	Marios	25	132	9	1	8_____	34221	1	0	0	0	0	1	0	0	0	0	0
C	Marios	25	132	9	1	8_____	34269	1	0	0	0	0	0	0	0	0	1	0
C	Marios	25	132	9	1	8_____	36488	1	0	0	0	0	1	0	0	0	0	0
C	Marios	25	132	9	1	8_____	36597	1	0	0	0	0	0	0	0	0	1	0
C	Marios	25	132	9	1	8_____	38181	1	0	0	0	0	1	0	0	0	0	0
C	Marios	25	132	9	1	8_____	38255	1	0	0	0	0	0	0	0	0	1	0
C	Marios	25	132	9	1	8_____	40000	1	2	0	0	0	0	0	0	0	0	0
C	Marios	25	132	9	1	8_____	40179	2	0	0	0	0	1	0	0	0	0	0
C	Marios	25	132	9	1	8_____	40244	2	0	0	0	0	0	0	0	0	1	0
C	Marios	25	132	9	1	8_____	40500	2	17	0	0	0	0	0	0	0	0	0
C	Marios	25	132	9	1	8_____	41000	17	15	0	0	0	0	0	0	0	0	0
C	Marios	25	132	9	1	8_____	41500	15	1	0	0	0	0	0	0	0	0	0
C	Marios	25	132	9	1	8_____	42839	1	0	0	0	0	1	0	0	0	0	0
C	Marios	25	132	9	1	8_____	42880	1	0	0	0	0	0	0	0	0	1	0
C	Marios	25	132	9	1	8_____	44521	1	0	0	0	0	1	0	0	0	0	0
C	Marios	25	132	9	1	8_____	44553	1	0	0	0	0	0	0	0	0	1	0
C	Marios	25	132	9	1	8_____	45000	1	2	0	0	0	0	0	0	0	0	0
C	Marios	25	132	9	1	8_____	45500	2	17	0	0	0	0	0	0	0	0	0
C	Marios	25	132	9	1	8_____	45622	17	0	0	0	0	1	0	0	0	0	0
C	Marios	25	132	9	1	8_____	45996	17	0	0	0	0	0	0	0	0	1	0
C	Marios	25	132	9	1	8_____	46000	17	15	0	0	0	0	0	0	0	0	0
C	Marios	25	132	9	1	8_____	46031	15	0	0	0	0	1	0	0	0	0	0
C	Marios	25	132	9	1	8_____	46241	15	0	0	0	0	0	0	0	0	1	0
C	Marios	25	132	9	1	8_____	46417	15	0	0	0	0	1	0	0	0	0	0
C	Marios	25	132	9	1	8_____	46500	15	1	0	0	0	0	0	0	0	0	0
C	Marios	25	132	9	1	8_____	46586	1	0	0	0	0	0	0	0	0	1	0
C	Marios	25	132	9	1	8_____	46592	1	0	0	0	0	1	0	0	0	0	0
C	Marios	25	132	9	1	8_____	46594	1	0	0	0	0	0	0	0	0	1	0
C	Marios	25	132	9	1	8_____	50250	1	2	0	0	0	0	0	0	0	0	0
C	Marios	25	132	9	1	8_____	50358	2	0	0	0	0	1	0	0	0	0	0
C	Marios	25	132	9	1	8_____	50383	2	0	0	0	0	0	0	0	0	1	0
C	Marios	25	132	9	1	8_____	50750	2	16	0	0	0	0	0	0	0	0	0
C	Marios	25	132	9	1	8_____	50832	16	0	0	0	0	1	0	0	0	0	0
C	Marios	25	132	9	1	8_____	51000	16	0	0	0	0	0	0	0	0	1	0
C	Marios	25	132	9	1	8_____	51062	16	0	0	0	0	1	0	0	0	0	0
C	Marios	25	132	9	1	8_____	51068	16	0	0	0	0	0	0	0	0	1	0
C	Marios	25	132	9	1	8_____	51069	16	0	0	0	0	1	0	0	0	0	0
C	Marios	25	132	9	1	8_____	51250	16	15	0	0	0	0	0	0	0	0	0
C	Marios	25	132	9	1	8_____	51515	15	0	0	0	0	0	0	0	0	1	0
C	Marios	25	132	9	1	8_____	51750	15	1	0	0	0	0	0	0	0	0	0
C	Marios	25	132	9	1	8_____	53250	1	2	0	0	0	0	0	0	0	0	0
C	Marios	25	132	9	1	8_____	53618	2	0	0	0	0	1	0	0	0	0	0
C	Marios	25	132	9	1	8_____	53677	2	0	0	0	0	0	0	0	0	1	0
C	Marios	25	132	9	1	8_____	53750	2	7	0	0	0	0	0	0	0	0	0
C	Marios	25	132	9	1	8_____	54191	7	0	0	0	0	1	0	0	0	0	0
C	Marios	25	132	9	1	8_____	54206	7	0	0	0	0	0	0	0	0	1	0
C	Marios	25	132	9	1	8_____	54250	7	10	0	0	0	0	0	0	0	0	0
C	Marios	25	132	9	1	8_____	54266	10	0	0	0	0	1	0	0	0	0	0
C	Marios	25	132	9	1	8_____	54424	10	0	0	0	0	0	0	0	0	1	0
C	Marios	25	132	9	1	8_____	54426	10	0	0	0	0	1	0	0	0	0	0
C	Marios	25	132	9	1	8_____	54430	10	0	0	0	0	0	0	0	0	1	0
C	Marios	25	132	9	1	8_____	54433	10	0	0	0	0	1	0	0	0	0	0
C	Marios	25	132	9	1	8_____	54469	10	0	0	0	0	0	0	0	0	1	0
C	Marios	25	132	9	1	8_____	54750	10	1	0	0	0	0	0	0	0	0	0
C	Marios	25	132	9	1	8_____	55835	1	0	0	0	0	1	0	0	0	0	0
C	Marios	25	132	9	1	8_____	55870	1	0	0	0	0	0	0	0	0	1	0
C	Marios	25	132	9	1	8_____	57750	1	2	0	0	0	0	0	0	0	0	0
C	Marios	25	132	9	1	8_____	58250	2	16	0	0	0	0	0	0	0	0	0
C	Marios	25	132	9	1	8_____	58516	16	0	0	0	0	1	0	0	0	0	0
C	Marios	25	132	9	1	8_____	58530	16	0	0	0	0	0	0	0	0	1	0
C	Marios	25	132	9	1	8_____	58683	16	0	0	0	0	1	0	0	0	0	0
C	Marios	25	132	9	1	8_____	58750	16	15	0	0	0	0	0	0	0	0	0
C	Marios	25	132	9	1	8_____	58887	15	0	0	0	0	0	0	0	0	1	0
C	Marios	25	132	9	1	8_____	59250	15	1	0	0	0	0	0	0	0	0	0
C	Marios	25	132	9	1	8_____	59701	1	0	0	0	0	1	0	0	0	0	0
C	Marios	25	132	9	1	8_____	59908	1	0	0	0	0	0	0	0	0	1	0
C	Marios	25	132	9	1	8_____	60413	1	0	0	0	0	1	0	0	0	0	0
C	Marios	25	132	9	1	8_____	60627	1	0	0	0	0	0	0	0	0	1	0
C	Marios	25	132	9	1	8_____	61614	1	0	0	0	0	1	0	0	0	0	0
C	Marios	25	132	9	1	8_____	61643	1	0	0	0	0	0	0	0	0	1	0
C	Marios	25	132	9	1	8_____	61730	1	0	0	0	0	1	0	0	0	0	0
C	Marios	25	132	9	1	8_____	61812	1	0	0	0	0	0	0	0	0	1	0
C	Marios	25	132	9	1	8_____	62580	1	0	0	0	0	1	0	0	0	0	0
C	Marios	25	132	9	1	8_____	62656	1	0	0	0	0	0	0	0	0	1	0
C	Marios	25	132	9	1	8_____	63750	1	2	0	0	0	0	0	0	0	0	0
C	Marios	25	132	9	1	8_____	64250	2	6	0	0	0	0	0	0	0	0	0
C	Marios	25	132	9	1	8_____	64283	6	0	0	0	0	1	0	0	0	0	0
C	Marios	25	132	9	1	8_____	64405	6	0	0	0	0	0	0	0	0	1	0
C	Marios	25	132	9	1	8_____	64420	6	0	0	0	0	1	0	0	0	0	0
C	Marios	25	132	9	1	8_____	64750	6	11	0	0	0	0	0	0	0	0	0
C	Marios	25	132	9	1	8_____	65066	11	0	0	0	0	0	0	0	0	1	0
C	Marios	25	132	9	1	8_____	65250	11	1	0	0	0	0	0	0	0	0	0
C	Marios	25	132	9	1	8_____	65350	1	0	0	0	0	1	0	0	0	0	0
C	Marios	25	132	9	1	8_____	65369	1	0	0	0	0	0	0	0	0	1	0
C	Marios	25	132	9	1	8_____	66815	1	0	0	0	0	1	0	0	0	0	0
C	Marios	25	132	9	1	8_____	67227	1	0	0	0	0	0	0	0	0	1	0
C	Marios	25	132	9	1	8_____	67243	1	0	0	0	0	1	0	0	0	0	0
C	Marios	25	132	9	1	8_____	67251	1	0	0	0	0	0	0	0	0	1	0
C	Marios	25	132	9	1	8_____	67257	1	0	0	0	0	1	0	0	0	0	0
C	Marios	25	132	9	1	8_____	67642	1	0	0	0	0	0	0	0	0	1	0
C	Marios	25	132	9	1	8_____	67656	1	0	0	0	0	1	0	0	0	0	0
C	Marios	25	132	9	1	8_____	67662	1	0	0	0	0	0	0	0	0	1	0
C	Marios	25	132	9	1	8_____	67688	1	0	0	0	0	1	0	0	0	0	0
C	Marios	25	132	9	1	8_____	67743	1	0	0	0	0	0	0	0	0	1	0
C	Marios	25	132	9	1	8_____	67769	1	0	0	0	0	1	0	0	0	0	0
C	Marios	25	132	9	1	8_____	67804	1	0	0	0	0	0	0	0	0	1	0
C	Marios	25	132	9	1	8_____	67947	1	0	0	0	0	1	0	0	0	0	0
C	Marios	25	132	9	1	8_____	68003	1	0	0	0	0	0	0	0	0	1	0
C	Marios	25	132	9	1	8_____	68004	1	0	0	0	0	1	0	0	0	0	0
C	Marios	25	132	9	1	8_____	68012	1	0	0	0	0	0	0	0	0	1	0
C	Marios	25	132	9	1	8_____	68016	1	0	0	0	0	1	0	0	0	0	0
C	Marios	25	132	9	1	8_____	68167	1	0	0	0	0	0	0	0	0	1	0
C	Marios	25	132	9	1	8_____	68429	1	0	0	0	0	1	0	0	0	0	0
C	Marios	25	132	9	1	8_____	68482	1	0	0	0	0	0	0	0	0	1	0
C	Marios	25	132	9	1	8_____	68617	1	0	0	0	0	1	0	0	0	0	0
C	Marios	25	132	9	1	8_____	68639	1	0	0	0	0	0	0	0	0	1	0
C	Marios	25	132	9	1	8_____	68757	1	0	0	0	0	1	0	0	0	0	0
C	Marios	25	132	9	1	8_____	68846	1	0	0	0	0	0	0	0	0	1	0
C	Marios	25	132	9	1	8_____	68855	1	0	0	0	0	1	0	0	0	0	0
C	Marios	25	132	9	1	8_____	68951	1	0	0	0	0	0	0	0	0	1	0
C	Marios	25	132	9	1	8_____	70500	1	2	0	0	0	0	0	0	0	0	0
C	Marios	25	132	9	1	8_____	71000	2	17	0	0	0	0	0	0	0	0	0
C	Marios	25	132	9	1	8_____	71168	17	0	0	0	0	1	0	0	0	0	0
C	Marios	25	132	9	1	8_____	71184	17	0	0	0	0	0	0	0	0	1	0
C	Marios	25	132	9	1	8_____	71289	17	0	0	0	0	1	0	0	0	0	0
C	Marios	25	132	9	1	8_____	71377	17	0	0	0	0	0	0	0	0	1	0
C	Marios	25	132	9	1	8_____	71492	17	0	0	0	0	1	0	0	0	0	0
C	Marios	25	132	9	1	8_____	71500	17	15	0	0	0	0	0	0	0	0	0
C	Marios	25	132	9	1	8_____	72000	15	1	0	0	0	0	0	0	0	0	0
C	Marios	25	132	9	1	8_____	72063	1	0	0	0	0	0	0	0	0	1	0
C	Marios	25	132	9	1	8_____	72294	1	0	0	0	0	1	0	0	0	0	0
C	Marios	25	132	9	1	8_____	72540	1	0	0	0	0	0	0	0	0	1	0
C	Marios	25	132	9	1	8_____	72545	1	0	0	0	0	1	0	0	0	0	0
C	Marios	25	132	9	1	8_____	72547	1	0	0	0	0	0	0	0	0	1	0
C	Marios	25	132	9	1	8_____	72575	1	0	0	0	0	1	0	0	0	0	0
C	Marios	25	132	9	1	8_____	72584	1	0	0	0	0	0	0	0	0	1	0
C	Marios	25	132	9	1	8_____	72645	1	0	0	0	0	1	0	0	0	0	0
C	Marios	25	132	9	1	8_____	72654	1	0	0	0	0	0	0	0	0	1	0
C	Marios	25	132	9	1	8_____	75671	1	0	0	0	0	1	0	0	0	0	0
C	Marios	25	132	9	1	8_____	75750	1	2	0	0	0	0	0	0	0	0	0
C	Marios	25	132	9	1	8_____	75788	2	0	0	0	0	0	0	0	0	1	0
C	Marios	25	132	9	1	8_____	76250	2	16	0	0	0	0	0	0	0	0	0
C	Marios	25	132	9	1	8_____	76301	16	0	0	0	0	1	0	0	0	0	0
C	Marios	25	132	9	1	8_____	76349	16	0	0	0	0	0	0	0	0	1	0
C	Marios	25	132	9	1	8_____	76371	16	0	0	0	0	1	0	0	0	0	0
C	Marios	25	132	9	1	8_____	76645	16	0	0	0	0	0	0	0	0	1	0
C	Marios	25	132	9	1	8_____	76701	16	0	0	0	0	1	0	0	0	0	0
C	Marios	25	132	9	1	8_____	76750	16	15	0	0	0	0	0	0	0	0	0
C	Marios	25	132	9	1	8_____	76905	15	0	0	0	0	0	0	0	0	1	0
C	Marios	25	132	9	1	8_____	77047	15	0	0	0	0	1	0	0	0	0	0
C	Marios	25	132	9	1	8_____	77158	15	0	0	0	0	0	0	0	0	1	0
C	Marios	25	132	9	1	8_____	77250	15	1	0	0	0	0	0	0	0	0	0
C	Marios	25	132	9	1	8_____	79176	1	0	0	0	0	1	0	0	0	0	0
C	Marios	25	132	9	1	8_____	79193	1	0	0	0	0	0	0	0	0	1	0
C	Marios	25	132	9	1	8_____	80250	1	2	0	0	0	0	0	0	0	0	0
C	Marios	25	132	9	1	8_____	80750	2	17	0	0	0	0	0	0	0	0	0
C	Marios	25	132	9	1	8_____	80824	17	0	0	0	0	1	0	0	0	0	0
C	Marios	25	132	9	1	8_____	80873	17	0	0	0	0	0	0	0	0	1	0
C	Marios	25	132	9	1	8_____	81000	17	0	0	0	0	1	0	0	0	0	0
C	Marios	25	132	9	1	8_____	81250	17	15	0	0	0	0	0	0	0	0	0
C	Marios	25	132	9	1	8_____	81333	15	0	0	0	0	0	0	0	0	1	0
C	Marios	25	132	9	1	8_____	81750	15	1	0	0	0	0	0	0	0	0	0
C	Marios	25	132	9	1	8_____	81827	1	0	0	0	0	1	0	0	0	0	0
C	Marios	25	132	9	1	8_____	81842	1	0	0	0	0	0	0	0	0	1	0
C	Marios	25	132	9	1	8_____	84351	1	0	0	0	0	1	0	0	0	0	0
C	Marios	25	132	9	1	8_____	84403	1	0	0	0	0	0	0	0	0	1	0
C	Marios	25	132	9	1	8_____	85953	1	0	0	0	0	1	0	0	0	0	0
C	Marios	25	132	9	1	8_____	86108	1	0	0	0	0	0	0	0	0	1	0
C	Marios	25	132	9	1	8_____	87250	1	2	0	0	0	0	0	0	0	0	0
C	Marios	25	132	9	1	8_____	87750	2	7	0	0	0	0	0	0	0	0	0
C	Marios	25	132	9	1	8_____	87822	7	0	0	0	0	1	0	0	0	0	0
C	Marios	25	132	9	1	8_____	87898	7	0	0	0	0	0	0	0	0	1	0
C	Marios	25	132	9	1	8_____	88023	7	0	0	0	0	1	0	0	0	0	0
C	Marios	25	132	9	1	8_____	88106	7	0	0	0	0	0	0	0	0	1	0
C	Marios	25	132	9	1	8_____	88199	7	0	0	0	0	1	0	0	0	0	0
C	Marios	25	132	9	1	8_____	88250	7	10	0	0	0	0	0	0	0	0	0
C	Marios	25	132	9	1	8_____	88454	10	0	0	0	0	1	0	0	0	1	0
C	Marios	25	132	9	1	8_____	88587	10	0	0	0	0	0	0	0	0	1	0
C	Marios	25	132	9	1	8_____	88750	10	1	0	0	0	0	0	0	0	0	0
C	Marios	25	132	9	1	8_____	89279	1	0	0	0	0	1	0	0	0	0	0
C	Marios	25	132	9	1	8_____	89281	1	0	0	0	0	0	0	0	0	1	0
C	Marios	25	132	9	1	8_____	89283	1	0	0	0	0	1	0	0	0	0	0
C	Marios	25	132	9	1	8_____	89588	1	0	0	0	0	0	0	0	0	1	0
C	Marios	25	132	9	1	8_____	89640	1	0	0	0	0	1	0	0	0	0	0
C	Marios	25	132	9	1	8_____	89642	1	0	0	0	0	0	0	0	0	1	0
C	Marios	25	132	9	1	8_____	89651	1	0	0	0	0	1	0	0	0	0	0
C	Marios	25	132	9	1	8_____	89664	1	0	0	0	0	0	0	0	0	1	0
C	Marios	25	132	9	1	8_____	89686	1	0	0	0	0	1	0	0	0	0	0
C	Marios	25	132	9	1	8_____	89735	1	0	0	0	0	0	0	0	0	1	0
C	Marios	25	132	9	1	8_____	89785	1	0	0	0	0	1	0	0	0	0	0
C	Marios	25	132	9	1	8_____	89814	1	0	0	0	0	0	0	0	0	1	0
C	Marios	25	132	9	1	8_____	89827	1	0	0	0	0	1	0	0	0	0	0
C	Marios	25	132	9	1	8_____	89893	1	0	0	0	0	0	0	0	0	1	0
C	Marios	25	132	9	1	8_____	89894	1	0	0	0	0	1	0	0	0	0	0
C	Marios	25	132	9	1	8_____	89931	1	0	0	0	0	0	0	0	0	1	0
C	Marios	25	132	9	1	8_____	94976	1	0	0	0	0	1	0	0	0	0	0
C	Marios	25	132	9	1	8_____	95074	1	0	0	0	0	0	0	0	0	1	0
C	Marios	25	132	9	1	8_____	96250	1	2	0	0	0	0	0	0	0	0	0
C	Marios	25	132	9	1	8_____	96750	2	16	0	0	0	0	0	0	0	0	0
C	Marios	25	132	9	1	8_____	96815	16	0	0	0	0	1	0	0	0	0	0
C	Marios	25	132	9	1	8_____	96818	16	0	0	0	0	0	0	0	0	1	0
C	Marios	25	132	9	1	8_____	96882	16	0	0	0	0	1	0	0	0	0	0
C	Marios	25	132	9	1	8_____	96918	16	0	0	0	0	0	0	0	0	1	0
C	Marios	25	132	9	1	8_____	96992	16	0	0	0	0	1	0	0	0	0	0
C	Marios	25	132	9	1	8_____	97212	16	0	0	0	0	0	0	0	0	1	0
C	Marios	25	132	9	1	8_____	97250	16	15	0	0	0	0	0	0	0	0	0
C	Marios	25	132	9	1	8_____	97750	15	1	0	0	0	0	0	0	0	0	0
C	Marios	25	132	9	1	8_____	104500	1	2	0	0	0	0	0	0	0	0	0
C	Marios	25	132	9	1	8_____	105000	2	17	0	0	0	0	0	0	0	0	0
C	Marios	25	132	9	1	8_____	105269	17	0	0	0	0	1	0	0	0	0	0
C	Marios	25	132	9	1	8_____	105286	17	0	0	0	0	0	0	0	0	1	0
C	Marios	25	132	9	1	8_____	105367	17	0	0	0	0	1	0	0	0	0	0
C	Marios	25	132	9	1	8_____	105407	17	0	0	0	0	0	0	0	0	1	0
C	Marios	25	132	9	1	8_____	105500	17	15	0	0	0	0	0	0	0	0	0
C	Marios	25	132	9	1	8_____	105621	15	0	0	0	0	1	0	0	0	0	0
C	Marios	25	132	9	1	8_____	105865	15	0	0	0	0	0	0	0	0	1	0
C	Marios	25	132	9	1	8_____	105874	15	0	0	0	0	1	0	0	0	0	0
C	Marios	25	132	9	1	8_____	106000	15	1	0	0	0	0	0	0	0	0	0
C	Marios	25	132	9	1	8_____	106115	1	0	0	0	0	0	0	0	0	1	0
C	Marios	25	132	9	1	8_____	110500	1	2	0	0	0	0	0	0	0	0	0
C	Marios	25	132	9	1	8_____	111000	2	6	0	0	0	0	0	0	0	0	0
C	Marios	25	132	9	1	8_____	111038	6	0	0	0	0	1	0	0	0	0	0
C	Marios	25	132	9	1	8_____	111052	6	0	0	0	0	0	0	0	0	1	0
C	Marios	25	132	9	1	8_____	111085	6	0	0	0	0	1	0	0	0	0	0
C	Marios	25	132	9	1	8_____	111142	6	0	0	0	0	0	0	0	0	1	0
C	Marios	25	132	9	1	8_____	111170	6	0	0	0	0	1	0	0	0	0	0
C	Marios	25	132	9	1	8_____	111500	6	11	0	0	0	0	0	0	0	0	0
C	Marios	25	132	9	1	8_____	111907	11	0	0	0	0	0	0	0	0	1	0
C	Marios	25	132	9	1	8_____	112000	11	1	0	0	0	0	0	0	0	0	0
C	Marios	25	132	9	1	8_____	112727	1	0	0	0	0	1	0	0	0	0	0
C	Marios	25	132	9	1	8_____	112806	1	0	0	0	0	0	0	0	0	1	0
C	Marios	25	132	9	1	8_____	112811	1	0	0	0	0	1	0	0	0	0	0
C	Marios	25	132	9	1	8_____	113307	1	0	0	0	0	0	0	0	0	1	0
C	Marios	25	132	9	1	8_____	113671	1	0	0	0	0	1	0	0	0	0	0
C	Marios	25	132	9	1	8_____	114022	1	0	0	0	0	0	0	0	0	1	0
C	Marios	25	132	9	1	8_____	117250	1	2	0	0	0	0	0	0	0	0	0
C	Marios	25	132	9	1	8_____	117750	2	17	0	0	0	0	0	0	0	0	0
C	Marios	25	132	9	1	8_____	117862	17	0	0	0	0	1	0	0	0	0	0
C	Marios	25	132	9	1	8_____	117875	17	0	0	0	0	0	0	0	0	1	0
C	Marios	25	132	9	1	8_____	118087	17	0	0	0	0	1	0	0	0	0	0
C	Marios	25	132	9	1	8_____	118114	17	0	0	0	0	0	0	0	0	1	0
C	Marios	25	132	9	1	8_____	118177	17	0	0	0	0	1	0	0	0	0	0
C	Marios	25	132	9	1	8_____	118222	17	0	0	0	0	0	0	0	0	1	0
C	Marios	25	132	9	1	8_____	118250	17	15	0	0	0	0	0	0	0	0	0
C	Marios	25	132	9	1	8_____	118367	15	0	0	0	0	1	0	0	0	0	0
C	Marios	25	132	9	1	8_____	118745	15	0	0	0	0	0	0	0	0	1	0
C	Marios	25	132	9	1	8_____	118750	15	1	0	0	0	0	0	0	0	0	0
C	Marios	25	132	9	1	8_____	121000	1	2	0	0	0	0	0	0	0	0	0
C	Marios	25	132	9	1	8_____	121500	2	6	0	0	0	0	0	0	0	0	0
C	Marios	25	132	9	1	8_____	121546	6	0	0	0	0	1	0	0	0	0	0
C	Marios	25	132	9	1	8_____	121578	6	0	0	0	0	0	0	0	0	1	0
C	Marios	25	132	9	1	8_____	121595	6	0	0	0	0	1	0	0	0	0	0
C	Marios	25	132	9	1	8_____	122000	6	11	0	0	0	0	0	0	0	0	0
C	Marios	25	132	9	1	8_____	122407	11	0	0	0	0	0	0	0	0	1	0
C	Marios	25	132	9	1	8_____	122410	11	0	0	0	0	1	0	0	0	0	0
C	Marios	25	132	9	1	8_____	122432	11	0	0	0	0	0	0	0	0	1	0
C	Marios	25	132	9	1	8_____	122434	11	0	0	0	0	1	0	0	0	0	0
C	Marios	25	132	9	1	8_____	122441	11	0	0	0	0	1	0	0	0	1	0
C	Marios	25	132	9	1	8_____	122445	11	0	0	0	0	0	0	0	0	1	0
C	Marios	25	132	9	1	8_____	122500	11	1	0	0	0	0	0	0	0	0	0
C	Marios	25	132	9	1	8_____	123368	1	0	0	0	0	1	0	0	0	0	0
C	Marios	25	132	9	1	8_____	123392	1	0	0	0	0	0	0	0	0	1	0
C	Marios	25	132	9	1	8_____	123425	1	0	0	0	0	1	0	0	0	0	0
C	Marios	25	132	9	1	8_____	123449	1	0	0	0	0	0	0	0	0	1	0
C	Marios	25	132	9	1	8_____	124563	1	0	0	0	0	1	0	0	0	0	0
C	Marios	25	132	9	1	8_____	124588	1	0	0	0	0	0	0	0	0	1	0
C	Marios	25	132	9	1	8_____	125750	1	0	0	0	0	1	0	0	0	0	0
C	Marios	25	132	9	1	8_____	125818	1	0	0	0	0	0	0	0	0	1	0
C	Marios	25	132	9	1	8_____	127272	1	0	0	0	0	1	0	0	0	0	0
C	Marios	25	132	9	1	8_____	127353	1	0	0	0	0	0	0	0	0	1	0
C	Marios	25	132	9	1	8_____	127355	1	0	0	0	0	1	0	0	0	0	0
C	Marios	25	132	9	1	8_____	127362	1	0	0	0	0	0	0	0	0	1	0
C	Marios	25	132	9	1	8_____	127363	1	0	0	0	0	1	0	0	0	0	0
C	Marios	25	132	9	1	8_____	127506	1	0	0	0	0	0	0	0	0	1	0
C	Marios	25	132	9	1	8_____	128500	1	2	0	0	0	0	0	0	0	0	0
C	Marios	25	132	9	1	8_____	128770	2	0	0	0	0	1	0	0	0	0	0
C	Marios	25	132	9	1	8_____	129000	2	17	0	0	0	0	0	0	0	0	0
C	Marios	25	132	9	1	8_____	129111	17	0	0	0	0	0	0	0	0	1	0
C	Marios	25	132	9	1	8_____	129353	17	0	0	0	0	1	0	0	0	0	0
C	Marios	25	132	9	1	8_____	129500	17	15	0	0	0	0	0	0	0	0	0
C	Marios	25	132	9	1	8_____	129565	15	0	0	0	0	0	0	0	0	1	0
C	Marios	25	132	9	1	8_____	129606	15	0	0	0	0	1	0	0	0	0	0
C	Marios	25	132	9	1	8_____	129623	15	0	0	0	0	0	0	0	0	1	0
C	Marios	25	132	9	1	8_____	129624	15	0	0	0	0	1	0	0	0	0	0
C	Marios	25	132	9	1	8_____	129645	15	0	0	0	0	0	0	0	0	1	0
C	Marios	25	132	9	1	8_____	129781	15	0	0	0	0	1	0	0	0	0	0
C	Marios	25	132	9	1	8_____	129849	15	0	0	0	0	0	0	0	0	1	0
C	Marios	25	132	9	1	8_____	129851	15	0	0	0	0	1	0	0	0	0	0
C	Marios	25	132	9	1	8_____	129853	15	0	0	0	0	1	0	0	0	1	0
C	Marios	25	132	9	1	8_____	129881	15	0	0	0	0	0	0	0	0	1	0
C	Marios	25	132	9	1	8_____	130000	15	1	0	0	0	0	0	0	0	0	0
C	Marios	25	132	9	1	8_____	133112	1	0	0	0	0	1	0	0	0	0	0
C	Marios	25	132	9	1	8_____	133174	1	0	0	0	0	0	0	0	0	1	0
C	Marios	25	132	9	1	8_____	134500	1	2	0	0	0	0	0	0	0	0	0
C	Marios	25	132	9	1	8_____	135000	2	16	0	0	0	0	0	0	0	0	0
C	Marios	25	132	9	1	8_____	135500	16	15	0	0	0	0	0	0	0	0	0
C	Marios	25	132	9	1	8_____	135522	15	0	0	0	0	1	0	0	0	0	0
C	Marios	25	132	9	1	8_____	135728	15	0	0	0	0	0	0	0	0	1	0
C	Marios	25	132	9	1	8_____	136000	15	1	0	0	0	0	0	0	0	0	0
C	Marios	25	132	9	1	8_____	139500	1	2	0	0	0	0	0	0	0	0	0
C	Marios	25	132	9	1	8_____	140000	2	7	0	0	0	0	0	0	0	0	0
C	Marios	25	132	9	1	8_____	140117	7	0	0	0	0	1	0	0	0	0	0
C	Marios	25	132	9	1	8_____	140213	7	0	0	0	0	0	0	0	0	1	0
C	Marios	25	132	9	1	8_____	140266	7	0	0	0	0	1	0	0	0	0	0
C	Marios	25	132	9	1	8_____	140500	7	10	0	0	0	0	0	0	0	0	0
C	Marios	25	132	9	1	8_____	140920	10	0	0	0	0	0	0	0	0	1	0
C	Marios	25	132	9	1	8_____	140923	10	0	0	0	0	1	0	0	0	0	0
C	Marios	25	132	9	1	8_____	140926	10	0	0	0	0	0	0	0	0	1	0
C	Marios	25	132	9	1	8_____	140945	10	0	0	0	0	1	0	0	0	0	0
C	Marios	25	132	9	1	8_____	141000	10	1	0	0	0	0	0	0	0	0	0
C	Marios	25	132	9	1	8_____	141207	1	0	0	0	0	0	0	0	0	1	0
C	Marios	25	132	9	1	8_____	142500	1	2	0	0	0	0	0	0	0	0	0
C	Marios	25	132	9	1	8_____	143000	2	16	0	0	0	0	0	0	0	0	0
C	Marios	25	132	9	1	8_____	143066	16	0	0	0	0	1	0	0	0	0	0
C	Marios	25	132	9	1	8_____	143118	16	0	0	0	0	0	0	0	0	1	0
C	Marios	25	132	9	1	8_____	143176	16	0	0	0	0	1	0	0	0	0	0
C	Marios	25	132	9	1	8_____	143281	16	0	0	0	0	0	0	0	0	1	0
C	Marios	25	132	9	1	8_____	143500	16	15	0	0	0	0	0	0	0	0	0
C	Marios	25	132	9	1	8_____	143639	15	0	0	0	0	1	0	0	0	0	0
C	Marios	25	132	9	1	8_____	143659	15	0	0	0	0	0	0	0	0	1	0
C	Marios	25	132	9	1	8_____	144000	15	14	0	0	0	0	0	0	0	0	0
C	Marios	25	132	9	1	8_____	144140	14	0	0	0	0	1	0	0	0	0	0
C	Marios	25	132	9	1	8_____	144143	14	0	0	0	0	0	0	0	0	1	0
C	Marios	25	132	9	1	8_____	146203	14	0	0	0	0	1	0	0	0	0	0
C	Marios	25	132	9	1	8_____	146288	14	0	0	0	0	0	0	0	0	1	0
C	Marios	25	132	9	1	8_____	147000	14	-1	0	0	0	0	0	0	0	0	0
C	Marios	25	132	13	1	33____	0	0	1	0	0	0	0	0	0	0	0	0
C	Marios	25	132	13	1	33____	1075	1	0	0	0	0	1	0	0	0	0	0
C	Marios	25	132	13	1	33____	1156	1	0	0	0	0	0	0	0	0	1	0
C	Marios	25	132	13	1	33____	1159	1	0	0	0	0	1	0	0	0	0	0
C	Marios	25	132	13	1	33____	1245	1	0	0	0	0	0	0	0	0	1	0
C	Marios	25	132	13	1	33____	2537	1	0	0	0	0	1	0	0	0	0	0
C	Marios	25	132	13	1	33____	2623	1	0	0	0	0	0	0	0	0	1	0
C	Marios	25	132	13	1	33____	2992	1	0	0	0	0	1	0	0	0	0	0
C	Marios	25	132	13	1	33____	3057	1	0	0	0	0	0	0	0	0	1	0
C	Marios	25	132	13	1	33____	3632	1	0	0	0	0	1	0	0	0	0	0
C	Marios	25	132	13	1	33____	3657	1	0	0	0	0	0	0	0	0	1	0
C	Marios	25	132	13	1	33____	5009	1	0	0	0	0	1	0	0	0	0	0
C	Marios	25	132	13	1	33____	5125	1	0	0	0	0	0	0	0	0	1	0
C	Marios	25	132	13	1	33____	5168	1	0	0	0	0	1	0	0	0	0	0
C	Marios	25	132	13	1	33____	5231	1	0	0	0	0	0	0	0	0	1	0
C	Marios	25	132	13	1	33____	5644	1	0	0	0	0	1	0	0	0	0	0
C	Marios	25	132	13	1	33____	5699	1	0	0	0	0	0	0	0	0	1	0
C	Marios	25	132	13	1	33____	6000	1	2	0	0	0	0	0	0	0	0	0
C	Marios	25	132	13	1	33____	6500	2	17	0	0	0	0	0	0	0	0	0
C	Marios	25	132	13	1	33____	7000	17	15	0	0	0	0	0	0	0	0	0
C	Marios	25	132	13	1	33____	7248	15	0	0	0	0	1	0	0	0	0	0
C	Marios	25	132	13	1	33____	7316	15	0	0	0	0	0	0	0	0	1	0
C	Marios	25	132	13	1	33____	7500	15	1	0	0	0	0	0	0	0	0	0
C	Marios	25	132	13	1	33____	8217	1	0	0	0	0	1	0	0	0	0	0
C	Marios	25	132	13	1	33____	8239	1	0	0	0	0	0	0	0	0	1	0
C	Marios	25	132	13	1	33____	10558	1	0	0	0	0	1	0	0	0	0	0
C	Marios	25	132	13	1	33____	10696	1	0	0	0	0	0	0	0	0	1	0
C	Marios	25	132	13	1	33____	10874	1	0	0	0	0	1	0	0	0	0	0
C	Marios	25	132	13	1	33____	10999	1	0	0	0	0	0	0	0	0	1	0
C	Marios	25	132	13	1	33____	11250	1	2	0	0	0	0	0	0	0	0	0
C	Marios	25	132	13	1	33____	11750	2	17	0	0	0	0	0	0	0	0	0
C	Marios	25	132	13	1	33____	12250	17	15	0	0	0	0	0	0	0	0	0
C	Marios	25	132	13	1	33____	12467	15	0	0	0	0	1	0	0	0	0	0
C	Marios	25	132	13	1	33____	12500	15	0	0	0	0	0	0	0	0	1	0
C	Marios	25	132	13	1	33____	12541	15	0	0	0	0	1	0	0	0	0	0
C	Marios	25	132	13	1	33____	12584	15	0	0	0	0	0	0	0	0	1	0
C	Marios	25	132	13	1	33____	12750	15	1	0	0	0	0	0	0	0	0	0
C	Marios	25	132	13	1	33____	13776	1	0	0	0	0	1	0	0	0	0	0
C	Marios	25	132	13	1	33____	13789	1	0	0	0	0	0	0	0	0	1	0
C	Marios	25	132	13	1	33____	16196	1	0	0	0	0	1	0	0	0	0	0
C	Marios	25	132	13	1	33____	16231	1	0	0	0	0	0	0	0	0	1	0
C	Marios	25	132	13	1	33____	17255	1	0	0	0	0	1	0	0	0	0	0
C	Marios	25	132	13	1	33____	17297	1	0	0	0	0	0	0	0	0	1	0
C	Marios	25	132	13	1	33____	20250	1	2	0	0	0	0	0	0	0	0	0
C	Marios	25	132	13	1	33____	20418	2	0	0	0	0	1	0	0	0	0	0
C	Marios	25	132	13	1	33____	20421	2	0	0	0	0	1	0	0	0	1	0
C	Marios	25	132	13	1	33____	20457	2	0	0	0	0	0	0	0	0	1	0
C	Marios	25	132	13	1	33____	20468	2	0	0	0	0	1	0	0	0	0	0
C	Marios	25	132	13	1	33____	20476	2	0	0	0	0	0	0	0	0	1	0
C	Marios	25	132	13	1	33____	20481	2	0	0	0	0	1	0	0	0	0	0
C	Marios	25	132	13	1	33____	20528	2	0	0	0	0	0	0	0	0	1	0
C	Marios	25	132	13	1	33____	20750	2	7	0	0	0	0	0	0	0	0	0
C	Marios	25	132	13	1	33____	20870	7	0	0	0	0	1	0	0	0	0	0
C	Marios	25	132	13	1	33____	20966	7	0	0	0	0	0	0	0	0	1	0
C	Marios	25	132	13	1	33____	21009	7	0	0	0	0	1	0	0	0	0	0
C	Marios	25	132	13	1	33____	21076	7	0	0	0	0	0	0	0	0	1	0
C	Marios	25	132	13	1	33____	21099	7	0	0	0	0	1	0	0	0	0	0
C	Marios	25	132	13	1	33____	21220	7	0	0	0	0	0	0	0	0	1	0
C	Marios	25	132	13	1	33____	21250	7	10	0	0	0	0	0	0	0	0	0
C	Marios	25	132	13	1	33____	21286	10	0	0	0	0	1	0	0	0	0	0
C	Marios	25	132	13	1	33____	21481	10	0	0	0	0	0	0	0	0	1	0
C	Marios	25	132	13	1	33____	21750	10	1	0	0	0	0	0	0	0	0	0
C	Marios	25	132	13	1	33____	21765	1	0	0	0	0	1	0	0	0	0	0
C	Marios	25	132	13	1	33____	21793	1	0	0	0	0	0	0	0	0	1	0
C	Marios	25	132	13	1	33____	23065	1	0	0	0	0	1	0	0	0	0	0
C	Marios	25	132	13	1	33____	23087	1	0	0	0	0	0	0	0	0	1	0
C	Marios	25	132	13	1	33____	25984	1	0	0	0	0	1	0	0	0	0	0
C	Marios	25	132	13	1	33____	26048	1	0	0	0	0	0	0	0	0	1	0
C	Marios	25	132	13	1	33____	27250	1	2	0	0	0	0	0	0	0	0	0
C	Marios	25	132	13	1	33____	27474	2	0	0	0	0	1	0	0	0	0	0
C	Marios	25	132	13	1	33____	27708	2	0	0	0	0	0	0	0	0	1	0
C	Marios	25	132	13	1	33____	27750	2	16	0	0	0	0	0	0	0	0	0
C	Marios	25	132	13	1	33____	28101	16	0	0	0	0	1	0	0	0	0	0
C	Marios	25	132	13	1	33____	28171	16	0	0	0	0	0	0	0	0	1	0
C	Marios	25	132	13	1	33____	28250	16	15	0	0	0	0	0	0	0	0	0
C	Marios	25	132	13	1	33____	28695	15	0	0	0	0	1	0	0	0	0	0
C	Marios	25	132	13	1	33____	28741	15	0	0	0	0	0	0	0	0	1	0
C	Marios	25	132	13	1	33____	28750	15	1	0	0	0	0	0	0	0	0	0
C	Marios	25	132	13	1	33____	29904	1	0	0	0	0	1	0	0	0	0	0
C	Marios	25	132	13	1	33____	29970	1	0	0	0	0	0	0	0	0	1	0
C	Marios	25	132	13	1	33____	30023	1	0	0	0	0	1	0	0	0	0	0
C	Marios	25	132	13	1	33____	30200	1	0	0	0	0	0	0	0	0	1	0
C	Marios	25	132	13	1	33____	31750	1	2	0	0	0	0	0	0	0	0	0
C	Marios	25	132	13	1	33____	32250	2	6	0	0	0	0	0	0	0	0	0
C	Marios	25	132	13	1	33____	32319	6	0	0	0	0	1	0	0	0	0	0
C	Marios	25	132	13	1	33____	32374	6	0	0	0	0	0	0	0	0	1	0
C	Marios	25	132	13	1	33____	32425	6	0	0	0	0	1	0	0	0	0	0
C	Marios	25	132	13	1	33____	32499	6	0	0	0	0	0	0	0	0	1	0
C	Marios	25	132	13	1	33____	32710	6	0	0	0	0	1	0	0	0	0	0
C	Marios	25	132	13	1	33____	32719	6	0	0	0	0	0	0	0	0	1	0
C	Marios	25	132	13	1	33____	32735	6	0	0	0	0	1	0	0	0	0	0
C	Marios	25	132	13	1	33____	32740	6	0	0	0	0	0	0	0	0	1	0
C	Marios	25	132	13	1	33____	32750	6	11	0	0	0	1	0	0	0	0	0
C	Marios	25	132	13	1	33____	33029	11	0	0	0	0	0	0	0	0	1	0
C	Marios	25	132	13	1	33____	33033	11	0	0	0	0	1	0	0	0	0	0
C	Marios	25	132	13	1	33____	33034	11	0	0	0	0	0	0	0	0	1	0
C	Marios	25	132	13	1	33____	33039	11	0	0	0	0	1	0	0	0	0	0
C	Marios	25	132	13	1	33____	33041	11	0	0	0	0	0	0	0	0	1	0
C	Marios	25	132	13	1	33____	33048	11	0	0	0	0	1	0	0	0	0	0
C	Marios	25	132	13	1	33____	33128	11	0	0	0	0	0	0	0	0	1	0
C	Marios	25	132	13	1	33____	33147	11	0	0	0	0	1	0	0	0	0	0
C	Marios	25	132	13	1	33____	33151	11	0	0	0	0	0	0	0	0	1	0
C	Marios	25	132	13	1	33____	33154	11	0	0	0	0	1	0	0	0	0	0
C	Marios	25	132	13	1	33____	33157	11	0	0	0	0	0	0	0	0	1	0
C	Marios	25	132	13	1	33____	33185	11	0	0	0	0	1	0	0	0	0	0
C	Marios	25	132	13	1	33____	33190	11	0	0	0	0	0	0	0	0	1	0
C	Marios	25	132	13	1	33____	33191	11	0	0	0	0	1	0	0	0	0	0
C	Marios	25	132	13	1	33____	33197	11	0	0	0	0	0	0	0	0	1	0
C	Marios	25	132	13	1	33____	33213	11	0	0	0	0	1	0	0	0	0	0
C	Marios	25	132	13	1	33____	33214	11	0	0	0	0	0	0	0	0	1	0
C	Marios	25	132	13	1	33____	33216	11	0	0	0	0	1	0	0	0	0	0
C	Marios	25	132	13	1	33____	33220	11	0	0	0	0	0	0	0	0	1	0
C	Marios	25	132	13	1	33____	33223	11	0	0	0	0	1	0	0	0	0	0
C	Marios	25	132	13	1	33____	33226	11	0	0	0	0	0	0	0	0	1	0
C	Marios	25	132	13	1	33____	33250	11	1	0	0	0	0	0	0	0	0	0
C	Marios	25	132	13	1	33____	33638	1	0	0	0	0	1	0	0	0	0	0
C	Marios	25	132	13	1	33____	33666	1	0	0	0	0	0	0	0	0	1	0
C	Marios	25	132	13	1	33____	33667	1	0	0	0	0	1	0	0	0	0	0
C	Marios	25	132	13	1	33____	33673	1	0	0	0	0	0	0	0	0	1	0
C	Marios	25	132	13	1	33____	33677	1	0	0	0	0	1	0	0	0	0	0
C	Marios	25	132	13	1	33____	33679	1	0	0	0	0	0	0	0	0	1	0
C	Marios	25	132	13	1	33____	33741	1	0	0	0	0	1	0	0	0	0	0
C	Marios	25	132	13	1	33____	33834	1	0	0	0	0	0	0	0	0	1	0
C	Marios	25	132	13	1	33____	36321	1	0	0	0	0	1	0	0	0	0	0
C	Marios	25	132	13	1	33____	36323	1	0	0	0	0	0	0	0	0	1	0
C	Marios	25	132	13	1	33____	36350	1	0	0	0	0	1	0	0	0	0	0
C	Marios	25	132	13	1	33____	36384	1	0	0	0	0	0	0	0	0	1	0
C	Marios	25	132	13	1	33____	38235	1	0	0	0	0	1	0	0	0	0	0
C	Marios	25	132	13	1	33____	38500	1	2	0	0	0	0	0	0	0	1	0
C	Marios	25	132	13	1	33____	38609	2	0	0	0	0	1	0	0	0	0	0
C	Marios	25	132	13	1	33____	38760	2	0	0	0	0	0	0	0	0	1	0
C	Marios	25	132	13	1	33____	39000	2	16	0	0	0	0	0	0	0	0	0
C	Marios	25	132	13	1	33____	39500	16	15	0	0	0	0	0	0	0	0	0
C	Marios	25	132	13	1	33____	39653	15	0	0	0	0	1	0	0	0	0	0
C	Marios	25	132	13	1	33____	39854	15	0	0	0	0	0	0	0	0	1	0
C	Marios	25	132	13	1	33____	40000	15	1	0	0	0	0	0	0	0	0	0
C	Marios	25	132	13	1	33____	40137	1	0	0	0	0	1	0	0	0	0	0
C	Marios	25	132	13	1	33____	40141	1	0	0	0	0	0	0	0	0	1	0
C	Marios	25	132	13	1	33____	43500	1	2	0	0	0	0	0	0	0	0	0
C	Marios	25	132	13	1	33____	43557	2	0	0	0	0	1	0	0	0	0	0
C	Marios	25	132	13	1	33____	43559	2	0	0	0	0	0	0	0	0	1	0
C	Marios	25	132	13	1	33____	43619	2	0	0	0	0	1	0	0	0	0	0
C	Marios	25	132	13	1	33____	43691	2	0	0	0	0	0	0	0	0	1	0
C	Marios	25	132	13	1	33____	44000	2	16	0	0	0	0	0	0	0	0	0
C	Marios	25	132	13	1	33____	44239	16	0	0	0	0	1	0	0	0	0	0
C	Marios	25	132	13	1	33____	44442	16	0	0	0	0	0	0	0	0	1	0
C	Marios	25	132	13	1	33____	44500	16	15	0	0	0	0	0	0	0	0	0
C	Marios	25	132	13	1	33____	45000	15	1	0	0	0	0	0	0	0	0	0
C	Marios	25	132	13	1	33____	45095	1	0	0	0	0	1	0	0	0	0	0
C	Marios	25	132	13	1	33____	45358	1	0	0	0	0	0	0	0	0	1	0
C	Marios	25	132	13	1	33____	45404	1	0	0	0	0	1	0	0	0	0	0
C	Marios	25	132	13	1	33____	45450	1	0	0	0	0	0	0	0	0	1	0
C	Marios	25	132	13	1	33____	46978	1	0	0	0	0	1	0	0	0	0	0
C	Marios	25	132	13	1	33____	47076	1	0	0	0	0	0	0	0	0	1	0
C	Marios	25	132	13	1	33____	48110	1	0	0	0	0	1	0	0	0	0	0
C	Marios	25	132	13	1	33____	48353	1	0	0	0	0	0	0	0	0	1	0
C	Marios	25	132	13	1	33____	48488	1	0	0	0	0	1	0	0	0	0	0
C	Marios	25	132	13	1	33____	48501	1	0	0	0	0	0	0	0	0	1	0
C	Marios	25	132	13	1	33____	48503	1	0	0	0	0	1	0	0	0	0	0
C	Marios	25	132	13	1	33____	48512	1	0	0	0	0	0	0	0	0	1	0
C	Marios	25	132	13	1	33____	49500	1	2	0	0	0	0	0	0	0	0	0
C	Marios	25	132	13	1	33____	49680	2	0	0	0	0	1	0	0	0	0	0
C	Marios	25	132	13	1	33____	49688	2	0	0	0	0	0	0	0	0	1	0
C	Marios	25	132	13	1	33____	50000	2	17	0	0	0	0	0	0	0	0	0
C	Marios	25	132	13	1	33____	50025	17	0	0	0	0	1	0	0	0	0	0
C	Marios	25	132	13	1	33____	50031	17	0	0	0	0	0	0	0	0	1	0
C	Marios	25	132	13	1	33____	50053	17	0	0	0	0	1	0	0	0	0	0
C	Marios	25	132	13	1	33____	50085	17	0	0	0	0	0	0	0	0	1	0
C	Marios	25	132	13	1	33____	50500	17	15	0	0	0	0	0	0	0	0	0
C	Marios	25	132	13	1	33____	51000	15	1	0	0	0	0	0	0	0	0	0
C	Marios	25	132	13	1	33____	52212	1	0	0	0	0	1	0	0	0	0	0
C	Marios	25	132	13	1	33____	52223	1	0	0	0	0	0	0	0	0	1	0
C	Marios	25	132	13	1	33____	54271	1	0	0	0	0	1	0	0	0	0	0
C	Marios	25	132	13	1	33____	54282	1	0	0	0	0	0	0	0	0	1	0
C	Marios	25	132	13	1	33____	54291	1	0	0	0	0	1	0	0	0	0	0
C	Marios	25	132	13	1	33____	54312	1	0	0	0	0	0	0	0	0	1	0
C	Marios	25	132	13	1	33____	55500	1	2	0	0	0	0	0	0	0	0	0
C	Marios	25	132	13	1	33____	56000	2	6	0	0	0	0	0	0	0	0	0
C	Marios	25	132	13	1	33____	56169	6	0	0	0	0	1	0	0	0	0	0
C	Marios	25	132	13	1	33____	56258	6	0	0	0	0	0	0	0	0	1	0
C	Marios	25	132	13	1	33____	56267	6	0	0	0	0	1	0	0	0	0	0
C	Marios	25	132	13	1	33____	56279	6	0	0	0	0	0	0	0	0	1	0
C	Marios	25	132	13	1	33____	56280	6	0	0	0	0	1	0	0	0	0	0
C	Marios	25	132	13	1	33____	56285	6	0	0	0	0	0	0	0	0	1	0
C	Marios	25	132	13	1	33____	56298	6	0	0	0	0	1	0	0	0	0	0
C	Marios	25	132	13	1	33____	56313	6	0	0	0	0	0	0	0	0	1	0
C	Marios	25	132	13	1	33____	56343	6	0	0	0	0	1	0	0	0	0	0
C	Marios	25	132	13	1	33____	56385	6	0	0	0	0	0	0	0	0	1	0
C	Marios	25	132	13	1	33____	56500	6	11	0	0	0	0	0	0	0	0	0
C	Marios	25	132	13	1	33____	56546	11	0	0	0	0	1	0	0	0	0	0
C	Marios	25	132	13	1	33____	56872	11	0	0	0	0	0	0	0	0	1	0
C	Marios	25	132	13	1	33____	56875	11	0	0	0	0	1	0	0	0	0	0
C	Marios	25	132	13	1	33____	56878	11	0	0	0	0	0	0	0	0	1	0
C	Marios	25	132	13	1	33____	56948	11	0	0	0	0	1	0	0	0	0	0
C	Marios	25	132	13	1	33____	56950	11	0	0	0	0	0	0	0	0	1	0
C	Marios	25	132	13	1	33____	56964	11	0	0	0	0	1	0	0	0	0	0
C	Marios	25	132	13	1	33____	56991	11	0	0	0	0	0	0	0	0	1	0
C	Marios	25	132	13	1	33____	57000	11	1	0	0	0	0	0	0	0	0	0
C	Marios	25	132	13	1	33____	57062	1	0	0	0	0	1	0	0	0	0	0
C	Marios	25	132	13	1	33____	57065	1	0	0	0	0	0	0	0	0	1	0
C	Marios	25	132	13	1	33____	57067	1	0	0	0	0	1	0	0	0	0	0
C	Marios	25	132	13	1	33____	57096	1	0	0	0	0	0	0	0	0	1	0
C	Marios	25	132	13	1	33____	57098	1	0	0	0	0	1	0	0	0	0	0
C	Marios	25	132	13	1	33____	57101	1	0	0	0	0	0	0	0	0	1	0
C	Marios	25	132	13	1	33____	57109	1	0	0	0	0	1	0	0	0	0	0
C	Marios	25	132	13	1	33____	57113	1	0	0	0	0	0	0	0	0	1	0
C	Marios	25	132	13	1	33____	57141	1	0	0	0	0	1	0	0	0	0	0
C	Marios	25	132	13	1	33____	57143	1	0	0	0	0	0	0	0	0	1	0
C	Marios	25	132	13	1	33____	57144	1	0	0	0	0	1	0	0	0	0	0
C	Marios	25	132	13	1	33____	57195	1	0	0	0	0	0	0	0	0	1	0
C	Marios	25	132	13	1	33____	57196	1	0	0	0	0	1	0	0	0	0	0
C	Marios	25	132	13	1	33____	57200	1	0	0	0	0	0	0	0	0	1	0
C	Marios	25	132	13	1	33____	58700	1	0	0	0	0	1	0	0	0	0	0
C	Marios	25	132	13	1	33____	58813	1	0	0	0	0	0	0	0	0	1	0
C	Marios	25	132	13	1	33____	59901	1	0	0	0	0	1	0	0	0	0	0
C	Marios	25	132	13	1	33____	59934	1	0	0	0	0	0	0	0	0	1	0
C	Marios	25	132	13	1	33____	62366	1	0	0	0	0	1	0	0	0	0	0
C	Marios	25	132	13	1	33____	62811	1	0	0	0	0	0	0	0	0	1	0
C	Marios	25	132	13	1	33____	63243	1	0	0	0	0	1	0	0	0	0	0
C	Marios	25	132	13	1	33____	63386	1	0	0	0	0	0	0	0	0	1	0
C	Marios	25	132	13	1	33____	63750	1	2	0	0	0	0	0	0	0	0	0
C	Marios	25	132	13	1	33____	64250	2	16	0	0	0	0	0	0	0	0	0
C	Marios	25	132	13	1	33____	64516	16	0	0	0	0	1	0	0	0	0	0
C	Marios	25	132	13	1	33____	64639	16	0	0	0	0	0	0	0	0	1	0
C	Marios	25	132	13	1	33____	64719	16	0	0	0	0	1	0	0	0	0	0
C	Marios	25	132	13	1	33____	64750	16	15	0	0	0	0	0	0	0	0	0
C	Marios	25	132	13	1	33____	64872	15	0	0	0	0	0	0	0	0	1	0
C	Marios	25	132	13	1	33____	65020	15	0	0	0	0	1	0	0	0	0	0
C	Marios	25	132	13	1	33____	65107	15	0	0	0	0	0	0	0	0	1	0
C	Marios	25	132	13	1	33____	65250	15	1	0	0	0	0	0	0	0	0	0
C	Marios	25	132	13	1	33____	65486	1	0	0	0	0	1	0	0	0	0	0
C	Marios	25	132	13	1	33____	65493	1	0	0	0	0	0	0	0	0	1	0
C	Marios	25	132	13	1	33____	65999	1	0	0	0	0	1	0	0	0	0	0
C	Marios	25	132	13	1	33____	66285	1	0	0	0	0	0	0	0	0	1	0
C	Marios	25	132	13	1	33____	66750	1	2	0	0	0	0	0	0	0	0	0
C	Marios	25	132	13	1	33____	67250	2	17	0	0	0	0	0	0	0	0	0
C	Marios	25	132	13	1	33____	67750	17	15	0	0	0	0	0	0	0	0	0
C	Marios	25	132	13	1	33____	67833	15	0	0	0	0	1	0	0	0	0	0
C	Marios	25	132	13	1	33____	67990	15	0	0	0	0	0	0	0	0	1	0
C	Marios	25	132	13	1	33____	67992	15	0	0	0	0	1	0	0	0	0	0
C	Marios	25	132	13	1	33____	67994	15	0	0	0	0	0	0	0	0	1	0
C	Marios	25	132	13	1	33____	68000	15	0	0	0	0	1	0	0	0	0	0
C	Marios	25	132	13	1	33____	68092	15	0	0	0	0	0	0	0	0	1	0
C	Marios	25	132	13	1	33____	68250	15	1	0	0	0	0	0	0	0	0	0
C	Marios	25	132	13	1	33____	70500	1	2	0	0	0	0	0	0	0	0	0
C	Marios	25	132	13	1	33____	71000	2	7	0	0	0	0	0	0	0	0	0
C	Marios	25	132	13	1	33____	71044	7	0	0	0	0	1	0	0	0	0	0
C	Marios	25	132	13	1	33____	71119	7	0	0	0	0	0	0	0	0	1	0
C	Marios	25	132	13	1	33____	71164	7	0	0	0	0	1	0	0	0	0	0
C	Marios	25	132	13	1	33____	71221	7	0	0	0	0	0	0	0	0	1	0
C	Marios	25	132	13	1	33____	71255	7	0	0	0	0	1	0	0	0	0	0
C	Marios	25	132	13	1	33____	71316	7	0	0	0	0	0	0	0	0	1	0
C	Marios	25	132	13	1	33____	71407	7	0	0	0	0	1	0	0	0	0	0
C	Marios	25	132	13	1	33____	71456	7	0	0	0	0	0	0	0	0	1	0
C	Marios	25	132	13	1	33____	71462	7	0	0	0	0	1	0	0	0	0	0
C	Marios	25	132	13	1	33____	71489	7	0	0	0	0	0	0	0	0	1	0
C	Marios	25	132	13	1	33____	71500	7	10	0	0	0	0	0	0	0	0	0
C	Marios	25	132	13	1	33____	71524	10	0	0	0	0	1	0	0	0	0	0
C	Marios	25	132	13	1	33____	71814	10	0	0	0	0	0	0	0	0	1	0
C	Marios	25	132	13	1	33____	71816	10	0	0	0	0	1	0	0	0	0	0
C	Marios	25	132	13	1	33____	71863	10	0	0	0	0	0	0	0	0	1	0
C	Marios	25	132	13	1	33____	72000	10	1	0	0	0	0	0	0	0	0	0
C	Marios	25	132	13	1	33____	72060	1	0	0	0	0	1	0	0	0	0	0
C	Marios	25	132	13	1	33____	72105	1	0	0	0	0	0	0	0	0	1	0
C	Marios	25	132	13	1	33____	73830	1	0	0	0	0	1	0	0	0	0	0
C	Marios	25	132	13	1	33____	73835	1	0	0	0	0	0	0	0	0	1	0
C	Marios	25	132	13	1	33____	75822	1	0	0	0	0	1	0	0	0	0	0
C	Marios	25	132	13	1	33____	76130	1	0	0	0	0	0	0	0	0	1	0
C	Marios	25	132	13	1	33____	76512	1	0	0	0	0	1	0	0	0	0	0
C	Marios	25	132	13	1	33____	76587	1	0	0	0	0	0	0	0	0	1	0
C	Marios	25	132	13	1	33____	76589	1	0	0	0	0	1	0	0	0	0	0
C	Marios	25	132	13	1	33____	76641	1	0	0	0	0	0	0	0	0	1	0
C	Marios	25	132	13	1	33____	77250	1	2	0	0	0	0	0	0	0	0	0
C	Marios	25	132	13	1	33____	77750	2	16	0	0	0	0	0	0	0	0	0
C	Marios	25	132	13	1	33____	77909	16	0	0	0	0	1	0	0	0	0	0
C	Marios	25	132	13	1	33____	77918	16	0	0	0	0	0	0	0	0	1	0
C	Marios	25	132	13	1	33____	77980	16	0	0	0	0	1	0	0	0	0	0
C	Marios	25	132	13	1	33____	78051	16	0	0	0	0	0	0	0	0	1	0
C	Marios	25	132	13	1	33____	78145	16	0	0	0	0	1	0	0	0	0	0
C	Marios	25	132	13	1	33____	78250	16	15	0	0	0	0	0	0	0	0	0
C	Marios	25	132	13	1	33____	78251	15	0	0	0	0	0	0	0	0	1	0
C	Marios	25	132	13	1	33____	78315	15	0	0	0	0	1	0	0	0	0	0
C	Marios	25	132	13	1	33____	78453	15	0	0	0	0	0	0	0	0	1	0
C	Marios	25	132	13	1	33____	78750	15	1	0	0	0	0	0	0	0	0	0
C	Marios	25	132	13	1	33____	82821	1	0	0	0	0	1	0	0	0	0	0
C	Marios	25	132	13	1	33____	82971	1	0	0	0	0	0	0	0	0	1	0
C	Marios	25	132	13	1	33____	86250	1	2	0	0	0	0	0	0	0	0	0
C	Marios	25	132	13	1	33____	86382	2	0	0	0	0	1	0	0	0	0	0
C	Marios	25	132	13	1	33____	86495	2	0	0	0	0	0	0	0	0	1	0
C	Marios	25	132	13	1	33____	86750	2	17	0	0	0	0	0	0	0	0	0
C	Marios	25	132	13	1	33____	86894	17	0	0	0	0	1	0	0	0	0	0
C	Marios	25	132	13	1	33____	87006	17	0	0	0	0	0	0	0	0	1	0
C	Marios	25	132	13	1	33____	87237	17	0	0	0	0	1	0	0	0	0	0
C	Marios	25	132	13	1	33____	87250	17	15	0	0	0	0	0	0	0	0	0
C	Marios	25	132	13	1	33____	87410	15	0	0	0	0	0	0	0	0	1	0
C	Marios	25	132	13	1	33____	87750	15	1	0	0	0	0	0	0	0	0	0
C	Marios	25	132	13	1	33____	88587	1	0	0	0	0	1	0	0	0	0	0
C	Marios	25	132	13	1	33____	88604	1	0	0	0	0	0	0	0	0	1	0
C	Marios	25	132	13	1	33____	88685	1	0	0	0	0	1	0	0	0	0	0
C	Marios	25	132	13	1	33____	88817	1	0	0	0	0	0	0	0	0	1	0
C	Marios	25	132	13	1	33____	92039	1	0	0	0	0	1	0	0	0	0	0
C	Marios	25	132	13	1	33____	92064	1	0	0	0	0	0	0	0	0	1	0
C	Marios	25	132	13	1	33____	92076	1	0	0	0	0	1	0	0	0	0	0
C	Marios	25	132	13	1	33____	92125	1	0	0	0	0	0	0	0	0	1	0
C	Marios	25	132	13	1	33____	92250	1	2	0	0	0	0	0	0	0	0	0
C	Marios	25	132	13	1	33____	92750	2	6	0	0	0	0	0	0	0	0	0
C	Marios	25	132	13	1	33____	92892	6	0	0	0	0	1	0	0	0	0	0
C	Marios	25	132	13	1	33____	92964	6	0	0	0	0	0	0	0	0	1	0
C	Marios	25	132	13	1	33____	93016	6	0	0	0	0	1	0	0	0	0	0
C	Marios	25	132	13	1	33____	93020	6	0	0	0	0	0	0	0	0	1	0
C	Marios	25	132	13	1	33____	93090	6	0	0	0	0	1	0	0	0	0	0
C	Marios	25	132	13	1	33____	93143	6	0	0	0	0	0	0	0	0	1	0
C	Marios	25	132	13	1	33____	93200	6	0	0	0	0	1	0	0	0	0	0
C	Marios	25	132	13	1	33____	93250	6	11	0	0	0	0	0	0	0	0	0
C	Marios	25	132	13	1	33____	93632	11	0	0	0	0	0	0	0	0	1	0
C	Marios	25	132	13	1	33____	93637	11	0	0	0	0	1	0	0	0	0	0
C	Marios	25	132	13	1	33____	93639	11	0	0	0	0	0	0	0	0	1	0
C	Marios	25	132	13	1	33____	93641	11	0	0	0	0	1	0	0	0	0	0
C	Marios	25	132	13	1	33____	93648	11	0	0	0	0	0	0	0	0	1	0
C	Marios	25	132	13	1	33____	93750	11	1	0	0	0	0	0	0	0	0	0
C	Marios	25	132	13	1	33____	93751	1	0	0	0	0	1	0	0	0	0	0
C	Marios	25	132	13	1	33____	93773	1	0	0	0	0	0	0	0	0	1	0
C	Marios	25	132	13	1	33____	93775	1	0	0	0	0	1	0	0	0	0	0
C	Marios	25	132	13	1	33____	93779	1	0	0	0	0	0	0	0	0	1	0
C	Marios	25	132	13	1	33____	93813	1	0	0	0	0	1	0	0	0	0	0
C	Marios	25	132	13	1	33____	93819	1	0	0	0	0	0	0	0	0	1	0
C	Marios	25	132	13	1	33____	94098	1	0	0	0	0	1	0	0	0	0	0
C	Marios	25	132	13	1	33____	94109	1	0	0	0	0	0	0	0	0	1	0
C	Marios	25	132	13	1	33____	94305	1	0	0	0	0	1	0	0	0	0	0
C	Marios	25	132	13	1	33____	94313	1	0	0	0	0	0	0	0	0	1	0
C	Marios	25	132	13	1	33____	94538	1	0	0	0	0	1	0	0	0	0	0
C	Marios	25	132	13	1	33____	94595	1	0	0	0	0	0	0	0	0	1	0
C	Marios	25	132	13	1	33____	99326	1	0	0	0	0	1	0	0	0	0	0
C	Marios	25	132	13	1	33____	99383	1	0	0	0	0	0	0	0	0	1	0
C	Marios	25	132	13	1	33____	100500	1	2	0	0	0	0	0	0	0	0	0
C	Marios	25	132	13	1	33____	101000	2	7	0	0	0	0	0	0	0	0	0
C	Marios	25	132	13	1	33____	101097	7	0	0	0	0	1	0	0	0	0	0
C	Marios	25	132	13	1	33____	101210	7	0	0	0	0	0	0	0	0	1	0
C	Marios	25	132	13	1	33____	101256	7	0	0	0	0	1	0	0	0	0	0
C	Marios	25	132	13	1	33____	101394	7	0	0	0	0	0	0	0	0	1	0
C	Marios	25	132	13	1	33____	101447	7	0	0	0	0	1	0	0	0	0	0
C	Marios	25	132	13	1	33____	101500	7	10	0	0	0	0	0	0	0	0	0
C	Marios	25	132	13	1	33____	101740	10	0	0	0	0	0	0	0	0	1	0
C	Marios	25	132	13	1	33____	101745	10	0	0	0	0	1	0	0	0	0	0
C	Marios	25	132	13	1	33____	101747	10	0	0	0	0	0	0	0	0	1	0
C	Marios	25	132	13	1	33____	102000	10	1	0	0	0	0	0	0	0	0	0
C	Marios	25	132	13	1	33____	102911	1	0	0	0	0	1	0	0	0	0	0
C	Marios	25	132	13	1	33____	103000	1	0	0	0	0	0	0	0	0	1	0
C	Marios	25	132	13	1	33____	105395	1	0	0	0	0	1	0	0	0	0	0
C	Marios	25	132	13	1	33____	105495	1	0	0	0	0	0	0	0	0	1	0
C	Marios	25	132	13	1	33____	107500	1	2	0	0	0	0	0	0	0	0	0
C	Marios	25	132	13	1	33____	108000	2	17	0	0	0	0	0	0	0	0	0
C	Marios	25	132	13	1	33____	108278	17	0	0	0	0	1	0	0	0	0	0
C	Marios	25	132	13	1	33____	108401	17	0	0	0	0	0	0	0	0	1	0
C	Marios	25	132	13	1	33____	108500	17	15	0	0	0	0	0	0	0	0	0
C	Marios	25	132	13	1	33____	108555	15	0	0	0	0	1	0	0	0	0	0
C	Marios	25	132	13	1	33____	108861	15	0	0	0	0	0	0	0	0	1	0
C	Marios	25	132	13	1	33____	109000	15	1	0	0	0	0	0	0	0	0	0
C	Marios	25	132	13	1	33____	110221	1	0	0	0	0	1	0	0	0	0	0
C	Marios	25	132	13	1	33____	110231	1	0	0	0	0	0	0	0	0	1	0
C	Marios	25	132	13	1	33____	112000	1	2	0	0	0	0	0	0	0	0	0
C	Marios	25	132	13	1	33____	112500	2	16	0	0	0	0	0	0	0	0	0
C	Marios	25	132	13	1	33____	113000	16	15	0	0	0	0	0	0	0	0	0
C	Marios	25	132	13	1	33____	113193	15	0	0	0	0	1	0	0	0	0	0
C	Marios	25	132	13	1	33____	113293	15	0	0	0	0	0	0	0	0	1	0
C	Marios	25	132	13	1	33____	113500	15	1	0	0	0	0	0	0	0	0	0
C	Marios	25	132	13	1	33____	119498	1	0	0	0	0	1	0	0	0	0	0
C	Marios	25	132	13	1	33____	119500	1	2	0	0	0	0	0	0	0	0	0
C	Marios	25	132	13	1	33____	119624	2	0	0	0	0	0	0	0	0	1	0
C	Marios	25	132	13	1	33____	119722	2	0	0	0	0	1	0	0	0	0	0
C	Marios	25	132	13	1	33____	119726	2	0	0	0	0	0	0	0	0	1	0
C	Marios	25	132	13	1	33____	119729	2	0	0	0	0	1	0	0	0	0	0
C	Marios	25	132	13	1	33____	119736	2	0	0	0	0	0	0	0	0	1	0
C	Marios	25	132	13	1	33____	119753	2	0	0	0	0	1	0	0	0	0	0
C	Marios	25	132	13	1	33____	119768	2	0	0	0	0	0	0	0	0	1	0
C	Marios	25	132	13	1	33____	119785	2	0	0	0	0	1	0	0	0	0	0
C	Marios	25	132	13	1	33____	119801	2	0	0	0	0	0	0	0	0	1	0
C	Marios	25	132	13	1	33____	119802	2	0	0	0	0	1	0	0	0	0	0
C	Marios	25	132	13	1	33____	119806	2	0	0	0	0	0	0	0	0	1	0
C	Marios	25	132	13	1	33____	119807	2	0	0	0	0	1	0	0	0	0	0
C	Marios	25	132	13	1	33____	119819	2	0	0	0	0	0	0	0	0	1	0
C	Marios	25	132	13	1	33____	119824	2	0	0	0	0	1	0	0	0	0	0
C	Marios	25	132	13	1	33____	119830	2	0	0	0	0	0	0	0	0	1	0
C	Marios	25	132	13	1	33____	119834	2	0	0	0	0	1	0	0	0	0	0
C	Marios	25	132	13	1	33____	119837	2	0	0	0	0	0	0	0	0	1	0
C	Marios	25	132	13	1	33____	119852	2	0	0	0	0	1	0	0	0	0	0
C	Marios	25	132	13	1	33____	119865	2	0	0	0	0	0	0	0	0	1	0
C	Marios	25	132	13	1	33____	119871	2	0	0	0	0	1	0	0	0	0	0
C	Marios	25	132	13	1	33____	119884	2	0	0	0	0	0	0	0	0	1	0
C	Marios	25	132	13	1	33____	119906	2	0	0	0	0	1	0	0	0	0	0
C	Marios	25	132	13	1	33____	119912	2	0	0	0	0	0	0	0	0	1	0
C	Marios	25	132	13	1	33____	119935	2	0	0	0	0	1	0	0	0	0	0
C	Marios	25	132	13	1	33____	119948	2	0	0	0	0	0	0	0	0	1	0
C	Marios	25	132	13	1	33____	119962	2	0	0	0	0	1	0	0	0	0	0
C	Marios	25	132	13	1	33____	119975	2	0	0	0	0	0	0	0	0	1	0
C	Marios	25	132	13	1	33____	119978	2	0	0	0	0	1	0	0	0	0	0
C	Marios	25	132	13	1	33____	119982	2	0	0	0	0	0	0	0	0	1	0
C	Marios	25	132	13	1	33____	119987	2	0	0	0	0	1	0	0	0	0	0
C	Marios	25	132	13	1	33____	119993	2	0	0	0	0	0	0	0	0	1	0
C	Marios	25	132	13	1	33____	119995	2	0	0	0	0	1	0	0	0	0	0
C	Marios	25	132	13	1	33____	120000	2	16	0	0	0	0	0	0	0	1	0
C	Marios	25	132	13	1	33____	120282	16	0	0	0	0	1	0	0	0	0	0
C	Marios	25	132	13	1	33____	120456	16	0	0	0	0	0	0	0	0	1	0
C	Marios	25	132	13	1	33____	120500	16	15	0	0	0	0	0	0	0	0	0
C	Marios	25	132	13	1	33____	120526	15	0	0	0	0	1	0	0	0	0	0
C	Marios	25	132	13	1	33____	120627	15	0	0	0	0	0	0	0	0	1	0
C	Marios	25	132	13	1	33____	121000	15	1	0	0	0	0	0	0	0	0	0
C	Marios	25	132	13	1	33____	122500	1	2	0	0	0	0	0	0	0	0	0
C	Marios	25	132	13	1	33____	123000	2	6	0	0	0	0	0	0	0	0	0
C	Marios	25	132	13	1	33____	123115	6	0	0	0	0	1	0	0	0	0	0
C	Marios	25	132	13	1	33____	123446	6	0	0	0	0	0	0	0	0	1	0
C	Marios	25	132	13	1	33____	123500	6	11	0	0	0	0	0	0	0	0	0
C	Marios	25	132	13	1	33____	123503	11	0	0	0	0	1	0	0	0	0	0
C	Marios	25	132	13	1	33____	123730	11	0	0	0	0	1	0	0	0	1	0
C	Marios	25	132	13	1	33____	123732	11	0	0	0	0	0	0	0	0	1	0
C	Marios	25	132	13	1	33____	123736	11	0	0	0	0	1	0	0	0	0	0
C	Marios	25	132	13	1	33____	123738	11	0	0	0	0	0	0	0	0	1	0
C	Marios	25	132	13	1	33____	123741	11	0	0	0	0	1	0	0	0	0	0
C	Marios	25	132	13	1	33____	123757	11	0	0	0	0	0	0	0	0	1	0
C	Marios	25	132	13	1	33____	123758	11	0	0	0	0	1	0	0	0	0	0
C	Marios	25	132	13	1	33____	123764	11	0	0	0	0	0	0	0	0	1	0
C	Marios	25	132	13	1	33____	123766	11	0	0	0	0	1	0	0	0	0	0
C	Marios	25	132	13	1	33____	123775	11	0	0	0	0	0	0	0	0	1	0
C	Marios	25	132	13	1	33____	123776	11	0	0	0	0	1	0	0	0	0	0
C	Marios	25	132	13	1	33____	123781	11	0	0	0	0	0	0	0	0	1	0
C	Marios	25	132	13	1	33____	123785	11	0	0	0	0	1	0	0	0	0	0
C	Marios	25	132	13	1	33____	123788	11	0	0	0	0	0	0	0	0	1	0
C	Marios	25	132	13	1	33____	123794	11	0	0	0	0	1	0	0	0	0	0
C	Marios	25	132	13	1	33____	123796	11	0	0	0	0	0	0	0	0	1	0
C	Marios	25	132	13	1	33____	123836	11	0	0	0	0	1	0	0	0	0	0
C	Marios	25	132	13	1	33____	123839	11	0	0	0	0	0	0	0	0	1	0
C	Marios	25	132	13	1	33____	123849	11	0	0	0	0	1	0	0	0	0	0
C	Marios	25	132	13	1	33____	123874	11	0	0	0	0	0	0	0	0	1	0
C	Marios	25	132	13	1	33____	123878	11	0	0	0	0	1	0	0	0	0	0
C	Marios	25	132	13	1	33____	123880	11	0	0	0	0	0	0	0	0	1	0
C	Marios	25	132	13	1	33____	123897	11	0	0	0	0	1	0	0	0	0	0
C	Marios	25	132	13	1	33____	123914	11	0	0	0	0	0	0	0	0	1	0
C	Marios	25	132	13	1	33____	124000	11	1	0	0	0	0	0	0	0	0	0
C	Marios	25	132	13	1	33____	125354	1	0	0	0	0	1	0	0	0	0	0
C	Marios	25	132	13	1	33____	125360	1	0	0	0	0	0	0	0	0	1	0
C	Marios	25	132	13	1	33____	125366	1	0	0	0	0	1	0	0	0	0	0
C	Marios	25	132	13	1	33____	125496	1	0	0	0	0	0	0	0	0	1	0
C	Marios	25	132	13	1	33____	128500	1	2	0	0	0	0	0	0	0	0	0
C	Marios	25	132	13	1	33____	128509	2	0	0	0	0	1	0	0	0	0	0
C	Marios	25	132	13	1	33____	128901	2	0	0	0	0	0	0	0	0	1	0
C	Marios	25	132	13	1	33____	128922	2	0	0	0	0	1	0	0	0	0	0
C	Marios	25	132	13	1	33____	128978	2	0	0	0	0	0	0	0	0	1	0
C	Marios	25	132	13	1	33____	129000	2	7	0	0	0	0	0	0	0	0	0
C	Marios	25	132	13	1	33____	129050	7	0	0	0	0	1	0	0	0	0	0
C	Marios	25	132	13	1	33____	129107	7	0	0	0	0	0	0	0	0	1	0
C	Marios	25	132	13	1	33____	129131	7	0	0	0	0	1	0	0	0	0	0
C	Marios	25	132	13	1	33____	129160	7	0	0	0	0	0	0	0	0	1	0
C	Marios	25	132	13	1	33____	129207	7	0	0	0	0	1	0	0	0	0	0
C	Marios	25	132	13	1	33____	129252	7	0	0	0	0	0	0	0	0	1	0
C	Marios	25	132	13	1	33____	129257	7	0	0	0	0	1	0	0	0	0	0
C	Marios	25	132	13	1	33____	129289	7	0	0	0	0	0	0	0	0	1	0
C	Marios	25	132	13	1	33____	129334	7	0	0	0	0	1	0	0	0	0	0
C	Marios	25	132	13	1	33____	129356	7	0	0	0	0	0	0	0	0	1	0
C	Marios	25	132	13	1	33____	129432	7	0	0	0	0	1	0	0	0	0	0
C	Marios	25	132	13	1	33____	129494	7	0	0	0	0	0	0	0	0	1	0
C	Marios	25	132	13	1	33____	129500	7	10	0	0	0	0	0	0	0	0	0
C	Marios	25	132	13	1	33____	129515	10	0	0	0	0	1	0	0	0	0	0
C	Marios	25	132	13	1	33____	129795	10	0	0	0	0	0	0	0	0	1	0
C	Marios	25	132	13	1	33____	129796	10	0	0	0	0	1	0	0	0	0	0
C	Marios	25	132	13	1	33____	129858	10	0	0	0	0	1	0	0	0	1	0
C	Marios	25	132	13	1	33____	129937	10	0	0	0	0	0	0	0	0	1	0
C	Marios	25	132	13	1	33____	129940	10	0	0	0	0	1	0	0	0	0	0
C	Marios	25	132	13	1	33____	129985	10	0	0	0	0	0	0	0	0	1	0
C	Marios	25	132	13	1	33____	129987	10	0	0	0	0	1	0	0	0	0	0
C	Marios	25	132	13	1	33____	129994	10	0	0	0	0	0	0	0	0	1	0
C	Marios	25	132	13	1	33____	130000	10	1	0	0	0	0	0	0	0	0	0
C	Marios	25	132	13	1	33____	130216	1	0	0	0	0	1	0	0	0	0	0
C	Marios	25	132	13	1	33____	130248	1	0	0	0	0	0	0	0	0	1	0
C	Marios	25	132	13	1	33____	132250	1	2	0	0	0	0	0	0	0	0	0
C	Marios	25	132	13	1	33____	132725	2	0	0	0	0	1	0	0	0	0	0
C	Marios	25	132	13	1	33____	132750	2	17	0	0	0	0	0	0	0	0	0
C	Marios	25	132	13	1	33____	132759	17	0	0	0	0	0	0	0	0	1	0
C	Marios	25	132	13	1	33____	132769	17	0	0	0	0	1	0	0	0	0	0
C	Marios	25	132	13	1	33____	132799	17	0	0	0	0	0	0	0	0	1	0
C	Marios	25	132	13	1	33____	133206	17	0	0	0	0	1	0	0	0	0	0
C	Marios	25	132	13	1	33____	133229	17	0	0	0	0	0	0	0	0	1	0
C	Marios	25	132	13	1	33____	133250	17	15	0	0	0	0	0	0	0	0	0
C	Marios	25	132	13	1	33____	133566	15	0	0	0	0	1	0	0	0	0	0
C	Marios	25	132	13	1	33____	133750	15	1	0	0	0	0	0	0	0	0	0
C	Marios	25	132	13	1	33____	133818	1	0	0	0	0	0	0	0	0	1	0
C	Marios	25	132	13	1	33____	134590	1	0	0	0	0	1	0	0	0	0	0
C	Marios	25	132	13	1	33____	134599	1	0	0	0	0	0	0	0	0	1	0
C	Marios	25	132	13	1	33____	137250	1	2	0	0	0	0	0	0	0	0	0
C	Marios	25	132	13	1	33____	137750	2	17	0	0	0	0	0	0	0	0	0
C	Marios	25	132	13	1	33____	138161	17	0	0	0	0	1	0	0	0	0	0
C	Marios	25	132	13	1	33____	138250	17	15	0	0	0	0	0	0	0	0	0
C	Marios	25	132	13	1	33____	138401	15	0	0	0	0	0	0	0	0	1	0
C	Marios	25	132	13	1	33____	138750	15	1	0	0	0	0	0	0	0	0	0
C	Marios	25	132	13	1	33____	139353	1	0	0	0	0	1	0	0	0	0	0
C	Marios	25	132	13	1	33____	139477	1	0	0	0	0	0	0	0	0	1	0
C	Marios	25	132	13	1	33____	142203	1	0	0	0	0	1	0	0	0	0	0
C	Marios	25	132	13	1	33____	142207	1	0	0	0	0	0	0	0	0	1	0
C	Marios	25	132	13	1	33____	142212	1	0	0	0	0	1	0	0	0	0	0
C	Marios	25	132	13	1	33____	142237	1	0	0	0	0	0	0	0	0	1	0
C	Marios	25	132	13	1	33____	142500	1	2	0	0	0	0	0	0	0	0	0
C	Marios	25	132	13	1	33____	143000	2	16	0	0	0	0	0	0	0	0	0
C	Marios	25	132	13	1	33____	143375	16	0	0	0	0	1	0	0	0	0	0
C	Marios	25	132	13	1	33____	143412	16	0	0	0	0	0	0	0	0	1	0
C	Marios	25	132	13	1	33____	143485	16	0	0	0	0	1	0	0	0	0	0
C	Marios	25	132	13	1	33____	143500	16	15	0	0	0	0	0	0	0	0	0
C	Marios	25	132	13	1	33____	143606	15	0	0	0	0	0	0	0	0	1	0
C	Marios	25	132	13	1	33____	144000	15	14	0	0	0	0	0	0	0	0	0
C	Marios	25	132	13	1	33____	144422	14	0	0	0	0	1	0	0	0	0	0
C	Marios	25	132	13	1	33____	144438	14	0	0	0	0	0	0	0	0	1	0
C	Marios	25	132	13	1	33____	144440	14	0	0	0	0	1	0	0	0	0	0
C	Marios	25	132	13	1	33____	144443	14	0	0	0	0	0	0	0	0	1	0
C	Marios	25	132	13	1	33____	146141	14	0	0	0	0	1	0	0	0	0	0
C	Marios	25	132	13	1	33____	146159	14	0	0	0	0	0	0	0	0	1	0
C	Marios	25	132	13	1	33____	147000	14	-1	0	0	0	0	0	0	0	0	0
