Project	UserID	Protocol	Session	Station	Run	Subject	Time	Current State	Transition State	Transition Event	A1 - LLR	A2 - RLR	A3 - MAG	A4 - 	A[1] LLR_OFF	A[2] RLR_OFF	A[3] MAG_OFF	A[4] 
C	Marios	23	132	1	1	7_____	0	0	1	0	0	0	0	0	0	0	0	0
C	Marios	23	132	1	1	7_____	745	1	0	0	0	0	1	0	0	0	0	0
C	Marios	23	132	1	1	7_____	749	1	0	0	0	0	0	0	0	0	1	0
C	Marios	23	132	1	1	7_____	1466	1	0	0	0	0	1	0	0	0	0	0
C	Marios	23	132	1	1	7_____	1558	1	0	0	0	0	0	0	0	0	1	0
C	Marios	23	132	1	1	7_____	2143	1	0	0	0	0	1	0	0	0	0	0
C	Marios	23	132	1	1	7_____	2146	1	0	0	0	0	0	0	0	0	1	0
C	Marios	23	132	1	1	7_____	2709	1	0	0	0	0	1	0	0	0	0	0
C	Marios	23	132	1	1	7_____	2727	1	0	0	0	0	0	0	0	0	1	0
C	Marios	23	132	1	1	7_____	2730	1	0	0	0	0	1	0	0	0	0	0
C	Marios	23	132	1	1	7_____	2765	1	0	0	0	0	0	0	0	0	1	0
C	Marios	23	132	1	1	7_____	3413	1	0	0	0	0	1	0	0	0	0	0
C	Marios	23	132	1	1	7_____	3449	1	0	0	0	0	0	0	0	0	1	0
C	Marios	23	132	1	1	7_____	4650	1	0	0	0	0	1	0	0	0	0	0
C	Marios	23	132	1	1	7_____	4653	1	0	0	0	0	0	0	0	0	1	0
C	Marios	23	132	1	1	7_____	4694	1	0	0	0	0	1	0	0	0	0	0
C	Marios	23	132	1	1	7_____	4783	1	0	0	0	0	0	0	0	0	1	0
C	Marios	23	132	1	1	7_____	4881	1	0	0	0	0	1	0	0	0	0	0
C	Marios	23	132	1	1	7_____	4946	1	0	0	0	0	0	0	0	0	1	0
C	Marios	23	132	1	1	7_____	4952	1	0	0	0	0	1	0	0	0	0	0
C	Marios	23	132	1	1	7_____	5068	1	0	0	0	0	0	0	0	0	1	0
C	Marios	23	132	1	1	7_____	5548	1	0	0	0	0	1	0	0	0	0	0
C	Marios	23	132	1	1	7_____	5564	1	0	0	0	0	0	0	0	0	1	0
C	Marios	23	132	1	1	7_____	6709	1	0	0	0	0	1	0	0	0	0	0
C	Marios	23	132	1	1	7_____	6722	1	0	0	0	0	0	0	0	0	1	0
C	Marios	23	132	1	1	7_____	6750	1	2	0	0	0	0	0	0	0	0	0
C	Marios	23	132	1	1	7_____	7250	2	16	0	0	0	0	0	0	0	0	0
C	Marios	23	132	1	1	7_____	7750	16	15	0	0	0	0	0	0	0	0	0
C	Marios	23	132	1	1	7_____	8096	15	0	0	0	0	1	0	0	0	0	0
C	Marios	23	132	1	1	7_____	8136	15	0	0	0	0	0	0	0	0	1	0
C	Marios	23	132	1	1	7_____	8250	15	1	0	0	0	0	0	0	0	0	0
C	Marios	23	132	1	1	7_____	8700	1	0	0	0	0	1	0	0	0	0	0
C	Marios	23	132	1	1	7_____	8714	1	0	0	0	0	0	0	0	0	1	0
C	Marios	23	132	1	1	7_____	9329	1	0	0	0	0	1	0	0	0	0	0
C	Marios	23	132	1	1	7_____	9339	1	0	0	0	0	0	0	0	0	1	0
C	Marios	23	132	1	1	7_____	10817	1	0	0	0	0	1	0	0	0	0	0
C	Marios	23	132	1	1	7_____	10840	1	0	0	0	0	1	0	0	0	1	0
C	Marios	23	132	1	1	7_____	10850	1	0	0	0	0	0	0	0	0	1	0
C	Marios	23	132	1	1	7_____	10857	1	0	0	0	0	1	0	0	0	0	0
C	Marios	23	132	1	1	7_____	10892	1	0	0	0	0	0	0	0	0	1	0
C	Marios	23	132	1	1	7_____	10899	1	0	0	0	0	1	0	0	0	0	0
C	Marios	23	132	1	1	7_____	10905	1	0	0	0	0	0	0	0	0	1	0
C	Marios	23	132	1	1	7_____	10911	1	0	0	0	0	1	0	0	0	0	0
C	Marios	23	132	1	1	7_____	10913	1	0	0	0	0	0	0	0	0	1	0
C	Marios	23	132	1	1	7_____	11250	1	2	0	0	0	0	0	0	0	0	0
C	Marios	23	132	1	1	7_____	11558	2	0	0	0	0	1	0	0	0	0	0
C	Marios	23	132	1	1	7_____	11566	2	0	0	0	0	0	0	0	0	1	0
C	Marios	23	132	1	1	7_____	11571	2	0	0	0	0	1	0	0	0	0	0
C	Marios	23	132	1	1	7_____	11576	2	0	0	0	0	1	0	0	0	1	0
C	Marios	23	132	1	1	7_____	11597	2	0	0	0	0	0	0	0	0	1	0
C	Marios	23	132	1	1	7_____	11750	2	7	0	0	0	0	0	0	0	0	0
C	Marios	23	132	1	1	7_____	11796	7	0	0	0	0	1	0	0	0	0	0
C	Marios	23	132	1	1	7_____	11810	7	0	0	0	0	0	0	0	0	1	0
C	Marios	23	132	1	1	7_____	11891	7	0	0	0	0	1	0	0	0	0	0
C	Marios	23	132	1	1	7_____	11911	7	0	0	0	0	0	0	0	0	1	0
C	Marios	23	132	1	1	7_____	11939	7	0	0	0	0	1	0	0	0	0	0
C	Marios	23	132	1	1	7_____	11958	7	0	0	0	0	0	0	0	0	1	0
C	Marios	23	132	1	1	7_____	11991	7	0	0	0	0	1	0	0	0	0	0
C	Marios	23	132	1	1	7_____	11995	7	0	0	0	0	0	0	0	0	1	0
C	Marios	23	132	1	1	7_____	12041	7	0	0	0	0	1	0	0	0	0	0
C	Marios	23	132	1	1	7_____	12045	7	0	0	0	0	0	0	0	0	1	0
C	Marios	23	132	1	1	7_____	12086	7	0	0	0	0	1	0	0	0	0	0
C	Marios	23	132	1	1	7_____	12111	7	0	0	0	0	0	0	0	0	1	0
C	Marios	23	132	1	1	7_____	12120	7	0	0	0	0	1	0	0	0	0	0
C	Marios	23	132	1	1	7_____	12123	7	0	0	0	0	0	0	0	0	1	0
C	Marios	23	132	1	1	7_____	12129	7	0	0	0	0	1	0	0	0	0	0
C	Marios	23	132	1	1	7_____	12140	7	0	0	0	0	0	0	0	0	1	0
C	Marios	23	132	1	1	7_____	12211	7	0	0	0	0	1	0	0	0	0	0
C	Marios	23	132	1	1	7_____	12241	7	0	0	0	0	0	0	0	0	1	0
C	Marios	23	132	1	1	7_____	12250	7	10	0	0	0	0	0	0	0	0	0
C	Marios	23	132	1	1	7_____	12270	10	0	0	0	0	1	0	0	0	0	0
C	Marios	23	132	1	1	7_____	12502	10	0	0	0	0	1	0	0	0	1	0
C	Marios	23	132	1	1	7_____	12504	10	0	0	0	0	0	0	0	0	1	0
C	Marios	23	132	1	1	7_____	12559	10	0	0	0	0	1	0	0	0	0	0
C	Marios	23	132	1	1	7_____	12562	10	0	0	0	0	0	0	0	0	1	0
C	Marios	23	132	1	1	7_____	12750	10	1	0	0	0	0	0	0	0	0	0
C	Marios	23	132	1	1	7_____	15957	1	0	0	0	0	1	0	0	0	0	0
C	Marios	23	132	1	1	7_____	15976	1	0	0	0	0	0	0	0	0	1	0
C	Marios	23	132	1	1	7_____	16474	1	0	0	0	0	1	0	0	0	0	0
C	Marios	23	132	1	1	7_____	16534	1	0	0	0	0	0	0	0	0	1	0
C	Marios	23	132	1	1	7_____	16536	1	0	0	0	0	1	0	0	0	0	0
C	Marios	23	132	1	1	7_____	16541	1	0	0	0	0	0	0	0	0	1	0
C	Marios	23	132	1	1	7_____	16544	1	0	0	0	0	1	0	0	0	0	0
C	Marios	23	132	1	1	7_____	16563	1	0	0	0	0	0	0	0	0	1	0
C	Marios	23	132	1	1	7_____	16834	1	0	0	0	0	1	0	0	0	0	0
C	Marios	23	132	1	1	7_____	16841	1	0	0	0	0	0	0	0	0	1	0
C	Marios	23	132	1	1	7_____	19585	1	0	0	0	0	1	0	0	0	0	0
C	Marios	23	132	1	1	7_____	19630	1	0	0	0	0	0	0	0	0	1	0
C	Marios	23	132	1	1	7_____	19919	1	0	0	0	0	1	0	0	0	0	0
C	Marios	23	132	1	1	7_____	20020	1	0	0	0	0	0	0	0	0	1	0
C	Marios	23	132	1	1	7_____	20158	1	0	0	0	0	1	0	0	0	0	0
C	Marios	23	132	1	1	7_____	20179	1	0	0	0	0	0	0	0	0	1	0
C	Marios	23	132	1	1	7_____	20205	1	0	0	0	0	1	0	0	0	0	0
C	Marios	23	132	1	1	7_____	20220	1	0	0	0	0	0	0	0	0	1	0
C	Marios	23	132	1	1	7_____	20237	1	0	0	0	0	1	0	0	0	0	0
C	Marios	23	132	1	1	7_____	20250	1	2	0	0	0	0	0	0	0	0	0
C	Marios	23	132	1	1	7_____	20283	2	0	0	0	0	0	0	0	0	1	0
C	Marios	23	132	1	1	7_____	20330	2	0	0	0	0	1	0	0	0	0	0
C	Marios	23	132	1	1	7_____	20371	2	0	0	0	0	0	0	0	0	1	0
C	Marios	23	132	1	1	7_____	20407	2	0	0	0	0	1	0	0	0	0	0
C	Marios	23	132	1	1	7_____	20427	2	0	0	0	0	0	0	0	0	1	0
C	Marios	23	132	1	1	7_____	20578	2	0	0	0	0	1	0	0	0	0	0
C	Marios	23	132	1	1	7_____	20612	2	0	0	0	0	0	0	0	0	1	0
C	Marios	23	132	1	1	7_____	20750	2	17	0	0	0	0	0	0	0	0	0
C	Marios	23	132	1	1	7_____	21250	17	15	0	0	0	0	0	0	0	0	0
C	Marios	23	132	1	1	7_____	21750	15	1	0	0	0	0	0	0	0	0	0
C	Marios	23	132	1	1	7_____	23017	1	0	0	0	0	1	0	0	0	0	0
C	Marios	23	132	1	1	7_____	23062	1	0	0	0	0	0	0	0	0	1	0
C	Marios	23	132	1	1	7_____	23722	1	0	0	0	0	1	0	0	0	0	0
C	Marios	23	132	1	1	7_____	23724	1	0	0	0	0	0	0	0	0	1	0
C	Marios	23	132	1	1	7_____	23966	1	0	0	0	0	1	0	0	0	0	0
C	Marios	23	132	1	1	7_____	23989	1	0	0	0	0	0	0	0	0	1	0
C	Marios	23	132	1	1	7_____	24093	1	0	0	0	0	1	0	0	0	0	0
C	Marios	23	132	1	1	7_____	24095	1	0	0	0	0	0	0	0	0	1	0
C	Marios	23	132	1	1	7_____	24096	1	0	0	0	0	1	0	0	0	0	0
C	Marios	23	132	1	1	7_____	24098	1	0	0	0	0	0	0	0	0	1	0
C	Marios	23	132	1	1	7_____	24547	1	0	0	0	0	1	0	0	0	0	0
C	Marios	23	132	1	1	7_____	24558	1	0	0	0	0	0	0	0	0	1	0
C	Marios	23	132	1	1	7_____	24644	1	0	0	0	0	1	0	0	0	0	0
C	Marios	23	132	1	1	7_____	24690	1	0	0	0	0	0	0	0	0	1	0
C	Marios	23	132	1	1	7_____	26420	1	0	0	0	0	1	0	0	0	0	0
C	Marios	23	132	1	1	7_____	26446	1	0	0	0	0	0	0	0	0	1	0
C	Marios	23	132	1	1	7_____	26465	1	0	0	0	0	1	0	0	0	0	0
C	Marios	23	132	1	1	7_____	26487	1	0	0	0	0	0	0	0	0	1	0
C	Marios	23	132	1	1	7_____	26554	1	0	0	0	0	1	0	0	0	0	0
C	Marios	23	132	1	1	7_____	26559	1	0	0	0	0	0	0	0	0	1	0
C	Marios	23	132	1	1	7_____	26562	1	0	0	0	0	1	0	0	0	0	0
C	Marios	23	132	1	1	7_____	26594	1	0	0	0	0	0	0	0	0	1	0
C	Marios	23	132	1	1	7_____	26623	1	0	0	0	0	1	0	0	0	0	0
C	Marios	23	132	1	1	7_____	26706	1	0	0	0	0	0	0	0	0	1	0
C	Marios	23	132	1	1	7_____	26714	1	0	0	0	0	1	0	0	0	0	0
C	Marios	23	132	1	1	7_____	26716	1	0	0	0	0	0	0	0	0	1	0
C	Marios	23	132	1	1	7_____	26717	1	0	0	0	0	1	0	0	0	0	0
C	Marios	23	132	1	1	7_____	26721	1	0	0	0	0	1	0	0	0	1	0
C	Marios	23	132	1	1	7_____	26785	1	0	0	0	0	0	0	0	0	1	0
C	Marios	23	132	1	1	7_____	27250	1	2	0	0	0	0	0	0	0	0	0
C	Marios	23	132	1	1	7_____	27750	2	6	0	0	0	0	0	0	0	0	0
C	Marios	23	132	1	1	7_____	27876	6	0	0	0	0	1	0	0	0	0	0
C	Marios	23	132	1	1	7_____	27896	6	0	0	0	0	0	0	0	0	1	0
C	Marios	23	132	1	1	7_____	27945	6	0	0	0	0	1	0	0	0	0	0
C	Marios	23	132	1	1	7_____	27975	6	0	0	0	0	0	0	0	0	1	0
C	Marios	23	132	1	1	7_____	27988	6	0	0	0	0	1	0	0	0	0	0
C	Marios	23	132	1	1	7_____	28012	6	0	0	0	0	0	0	0	0	1	0
C	Marios	23	132	1	1	7_____	28088	6	0	0	0	0	1	0	0	0	0	0
C	Marios	23	132	1	1	7_____	28105	6	0	0	0	0	0	0	0	0	1	0
C	Marios	23	132	1	1	7_____	28121	6	0	0	0	0	1	0	0	0	0	0
C	Marios	23	132	1	1	7_____	28189	6	0	0	0	0	0	0	0	0	1	0
C	Marios	23	132	1	1	7_____	28211	6	0	0	0	0	1	0	0	0	0	0
C	Marios	23	132	1	1	7_____	28219	6	0	0	0	0	0	0	0	0	1	0
C	Marios	23	132	1	1	7_____	28250	6	11	0	0	0	0	0	0	0	0	0
C	Marios	23	132	1	1	7_____	28271	11	0	0	0	0	1	0	0	0	0	0
C	Marios	23	132	1	1	7_____	28482	11	0	0	0	0	0	0	0	0	1	0
C	Marios	23	132	1	1	7_____	28484	11	0	0	0	0	1	0	0	0	0	0
C	Marios	23	132	1	1	7_____	28532	11	0	0	0	0	0	0	0	0	1	0
C	Marios	23	132	1	1	7_____	28750	11	1	0	0	0	0	0	0	0	0	0
C	Marios	23	132	1	1	7_____	29383	1	0	0	0	0	1	0	0	0	0	0
C	Marios	23	132	1	1	7_____	29385	1	0	0	0	0	0	0	0	0	1	0
C	Marios	23	132	1	1	7_____	30250	1	2	0	0	0	0	0	0	0	0	0
C	Marios	23	132	1	1	7_____	30750	2	17	0	0	0	0	0	0	0	0	0
C	Marios	23	132	1	1	7_____	31250	17	15	0	0	0	0	0	0	0	0	0
C	Marios	23	132	1	1	7_____	31750	15	1	0	0	0	0	0	0	0	0	0
C	Marios	23	132	1	1	7_____	32175	1	0	0	0	0	1	0	0	0	0	0
C	Marios	23	132	1	1	7_____	32178	1	0	0	0	0	0	0	0	0	1	0
C	Marios	23	132	1	1	7_____	32182	1	0	0	0	0	1	0	0	0	0	0
C	Marios	23	132	1	1	7_____	32236	1	0	0	0	0	0	0	0	0	1	0
C	Marios	23	132	1	1	7_____	35336	1	0	0	0	0	1	0	0	0	0	0
C	Marios	23	132	1	1	7_____	35370	1	0	0	0	0	0	0	0	0	1	0
C	Marios	23	132	1	1	7_____	35709	1	0	0	0	0	1	0	0	0	0	0
C	Marios	23	132	1	1	7_____	35746	1	0	0	0	0	0	0	0	0	1	0
C	Marios	23	132	1	1	7_____	37750	1	2	0	0	0	0	0	0	0	0	0
C	Marios	23	132	1	1	7_____	37754	2	0	0	0	0	1	0	0	0	0	0
C	Marios	23	132	1	1	7_____	37918	2	0	0	0	0	0	0	0	0	1	0
C	Marios	23	132	1	1	7_____	37933	2	0	0	0	0	1	0	0	0	0	0
C	Marios	23	132	1	1	7_____	38028	2	0	0	0	0	0	0	0	0	1	0
C	Marios	23	132	1	1	7_____	38250	2	16	0	0	0	0	0	0	0	0	0
C	Marios	23	132	1	1	7_____	38627	16	0	0	0	0	1	0	0	0	0	0
C	Marios	23	132	1	1	7_____	38649	16	0	0	0	0	0	0	0	0	1	0
C	Marios	23	132	1	1	7_____	38687	16	0	0	0	0	1	0	0	0	0	0
C	Marios	23	132	1	1	7_____	38719	16	0	0	0	0	0	0	0	0	1	0
C	Marios	23	132	1	1	7_____	38720	16	0	0	0	0	1	0	0	0	0	0
C	Marios	23	132	1	1	7_____	38735	16	0	0	0	0	0	0	0	0	1	0
C	Marios	23	132	1	1	7_____	38750	16	15	0	0	0	0	0	0	0	0	0
C	Marios	23	132	1	1	7_____	38780	15	0	0	0	0	1	0	0	0	0	0
C	Marios	23	132	1	1	7_____	38785	15	0	0	0	0	0	0	0	0	1	0
C	Marios	23	132	1	1	7_____	39037	15	0	0	0	0	1	0	0	0	0	0
C	Marios	23	132	1	1	7_____	39169	15	0	0	0	0	0	0	0	0	1	0
C	Marios	23	132	1	1	7_____	39188	15	0	0	0	0	1	0	0	0	0	0
C	Marios	23	132	1	1	7_____	39231	15	0	0	0	0	0	0	0	0	1	0
C	Marios	23	132	1	1	7_____	39234	15	0	0	0	0	1	0	0	0	0	0
C	Marios	23	132	1	1	7_____	39250	15	1	0	0	0	0	0	0	0	0	0
C	Marios	23	132	1	1	7_____	39264	1	0	0	0	0	0	0	0	0	1	0
C	Marios	23	132	1	1	7_____	39284	1	0	0	0	0	1	0	0	0	0	0
C	Marios	23	132	1	1	7_____	39286	1	0	0	0	0	0	0	0	0	1	0
C	Marios	23	132	1	1	7_____	39288	1	0	0	0	0	1	0	0	0	0	0
C	Marios	23	132	1	1	7_____	39289	1	0	0	0	0	1	0	0	0	1	0
C	Marios	23	132	1	1	7_____	39292	1	0	0	0	0	0	0	0	0	1	0
C	Marios	23	132	1	1	7_____	39293	1	0	0	0	0	1	0	0	0	0	0
C	Marios	23	132	1	1	7_____	39297	1	0	0	0	0	0	0	0	0	1	0
C	Marios	23	132	1	1	7_____	39300	1	0	0	0	0	1	0	0	0	0	0
C	Marios	23	132	1	1	7_____	39477	1	0	0	0	0	0	0	0	0	1	0
C	Marios	23	132	1	1	7_____	39933	1	0	0	0	0	1	0	0	0	0	0
C	Marios	23	132	1	1	7_____	39965	1	0	0	0	0	0	0	0	0	1	0
C	Marios	23	132	1	1	7_____	39983	1	0	0	0	0	1	0	0	0	0	0
C	Marios	23	132	1	1	7_____	39985	1	0	0	0	0	0	0	0	0	1	0
C	Marios	23	132	1	1	7_____	39987	1	0	0	0	0	1	0	0	0	0	0
C	Marios	23	132	1	1	7_____	39992	1	0	0	0	0	0	0	0	0	1	0
C	Marios	23	132	1	1	7_____	39999	1	0	0	0	0	1	0	0	0	0	0
C	Marios	23	132	1	1	7_____	40035	1	0	0	0	0	0	0	0	0	1	0
C	Marios	23	132	1	1	7_____	40116	1	0	0	0	0	1	0	0	0	0	0
C	Marios	23	132	1	1	7_____	40118	1	0	0	0	0	0	0	0	0	1	0
C	Marios	23	132	1	1	7_____	40132	1	0	0	0	0	1	0	0	0	0	0
C	Marios	23	132	1	1	7_____	40144	1	0	0	0	0	1	0	0	0	1	0
C	Marios	23	132	1	1	7_____	40157	1	0	0	0	0	0	0	0	0	1	0
C	Marios	23	132	1	1	7_____	40158	1	0	0	0	0	1	0	0	0	0	0
C	Marios	23	132	1	1	7_____	40199	1	0	0	0	0	0	0	0	0	1	0
C	Marios	23	132	1	1	7_____	40384	1	0	0	0	0	1	0	0	0	0	0
C	Marios	23	132	1	1	7_____	40386	1	0	0	0	0	0	0	0	0	1	0
C	Marios	23	132	1	1	7_____	40392	1	0	0	0	0	1	0	0	0	0	0
C	Marios	23	132	1	1	7_____	40394	1	0	0	0	0	0	0	0	0	1	0
C	Marios	23	132	1	1	7_____	40396	1	0	0	0	0	1	0	0	0	0	0
C	Marios	23	132	1	1	7_____	40416	1	0	0	0	0	0	0	0	0	1	0
C	Marios	23	132	1	1	7_____	40469	1	0	0	0	0	1	0	0	0	0	0
C	Marios	23	132	1	1	7_____	40474	1	0	0	0	0	0	0	0	0	1	0
C	Marios	23	132	1	1	7_____	40517	1	0	0	0	0	1	0	0	0	0	0
C	Marios	23	132	1	1	7_____	40519	1	0	0	0	0	0	0	0	0	1	0
C	Marios	23	132	1	1	7_____	40587	1	0	0	0	0	1	0	0	0	0	0
C	Marios	23	132	1	1	7_____	40681	1	0	0	0	0	0	0	0	0	1	0
C	Marios	23	132	1	1	7_____	41076	1	0	0	0	0	1	0	0	0	0	0
C	Marios	23	132	1	1	7_____	41086	1	0	0	0	0	0	0	0	0	1	0
C	Marios	23	132	1	1	7_____	41140	1	0	0	0	0	1	0	0	0	0	0
C	Marios	23	132	1	1	7_____	41186	1	0	0	0	0	0	0	0	0	1	0
C	Marios	23	132	1	1	7_____	41500	1	2	0	0	0	0	0	0	0	0	0
C	Marios	23	132	1	1	7_____	42000	2	16	0	0	0	0	0	0	0	0	0
C	Marios	23	132	1	1	7_____	42367	16	0	0	0	0	1	0	0	0	0	0
C	Marios	23	132	1	1	7_____	42416	16	0	0	0	0	0	0	0	0	1	0
C	Marios	23	132	1	1	7_____	42435	16	0	0	0	0	1	0	0	0	0	0
C	Marios	23	132	1	1	7_____	42500	16	15	0	0	0	0	0	0	0	0	0
C	Marios	23	132	1	1	7_____	42654	15	0	0	0	0	0	0	0	0	1	0
C	Marios	23	132	1	1	7_____	42657	15	0	0	0	0	1	0	0	0	0	0
C	Marios	23	132	1	1	7_____	42659	15	0	0	0	0	0	0	0	0	1	0
C	Marios	23	132	1	1	7_____	42800	15	0	0	0	0	1	0	0	0	0	0
C	Marios	23	132	1	1	7_____	42857	15	0	0	0	0	0	0	0	0	1	0
C	Marios	23	132	1	1	7_____	42860	15	0	0	0	0	1	0	0	0	0	0
C	Marios	23	132	1	1	7_____	42867	15	0	0	0	0	0	0	0	0	1	0
C	Marios	23	132	1	1	7_____	42883	15	0	0	0	0	1	0	0	0	0	0
C	Marios	23	132	1	1	7_____	42924	15	0	0	0	0	0	0	0	0	1	0
C	Marios	23	132	1	1	7_____	42931	15	0	0	0	0	1	0	0	0	0	0
C	Marios	23	132	1	1	7_____	42935	15	0	0	0	0	0	0	0	0	1	0
C	Marios	23	132	1	1	7_____	42949	15	0	0	0	0	1	0	0	0	0	0
C	Marios	23	132	1	1	7_____	42963	15	0	0	0	0	0	0	0	0	1	0
C	Marios	23	132	1	1	7_____	42964	15	0	0	0	0	1	0	0	0	0	0
C	Marios	23	132	1	1	7_____	42966	15	0	0	0	0	0	0	0	0	1	0
C	Marios	23	132	1	1	7_____	42975	15	0	0	0	0	1	0	0	0	0	0
C	Marios	23	132	1	1	7_____	42977	15	0	0	0	0	0	0	0	0	1	0
C	Marios	23	132	1	1	7_____	42983	15	0	0	0	0	1	0	0	0	0	0
C	Marios	23	132	1	1	7_____	43000	15	1	0	0	0	0	0	0	0	0	0
C	Marios	23	132	1	1	7_____	43014	1	0	0	0	0	0	0	0	0	1	0
C	Marios	23	132	1	1	7_____	43021	1	0	0	0	0	1	0	0	0	0	0
C	Marios	23	132	1	1	7_____	43081	1	0	0	0	0	0	0	0	0	1	0
C	Marios	23	132	1	1	7_____	47500	1	2	0	0	0	0	0	0	0	0	0
C	Marios	23	132	1	1	7_____	48000	2	6	0	0	0	0	0	0	0	0	0
C	Marios	23	132	1	1	7_____	48066	6	0	0	0	0	1	0	0	0	0	0
C	Marios	23	132	1	1	7_____	48084	6	0	0	0	0	0	0	0	0	1	0
C	Marios	23	132	1	1	7_____	48120	6	0	0	0	0	1	0	0	0	0	0
C	Marios	23	132	1	1	7_____	48124	6	0	0	0	0	0	0	0	0	1	0
C	Marios	23	132	1	1	7_____	48162	6	0	0	0	0	1	0	0	0	0	0
C	Marios	23	132	1	1	7_____	48190	6	0	0	0	0	0	0	0	0	1	0
C	Marios	23	132	1	1	7_____	48238	6	0	0	0	0	1	0	0	0	0	0
C	Marios	23	132	1	1	7_____	48269	6	0	0	0	0	0	0	0	0	1	0
C	Marios	23	132	1	1	7_____	48283	6	0	0	0	0	1	0	0	0	0	0
C	Marios	23	132	1	1	7_____	48329	6	0	0	0	0	0	0	0	0	1	0
C	Marios	23	132	1	1	7_____	48393	6	0	0	0	0	1	0	0	0	0	0
C	Marios	23	132	1	1	7_____	48500	6	11	0	0	0	0	0	0	0	0	0
C	Marios	23	132	1	1	7_____	48698	11	0	0	0	0	0	0	0	0	1	0
C	Marios	23	132	1	1	7_____	49000	11	1	0	0	0	0	0	0	0	0	0
C	Marios	23	132	1	1	7_____	49002	1	0	0	0	0	1	0	0	0	0	0
C	Marios	23	132	1	1	7_____	49030	1	0	0	0	0	0	0	0	0	1	0
C	Marios	23	132	1	1	7_____	49031	1	0	0	0	0	1	0	0	0	0	0
C	Marios	23	132	1	1	7_____	49035	1	0	0	0	0	0	0	0	0	1	0
C	Marios	23	132	1	1	7_____	49037	1	0	0	0	0	1	0	0	0	0	0
C	Marios	23	132	1	1	7_____	49103	1	0	0	0	0	1	0	0	0	1	0
C	Marios	23	132	1	1	7_____	49121	1	0	0	0	0	0	0	0	0	1	0
C	Marios	23	132	1	1	7_____	49139	1	0	0	0	0	1	0	0	0	0	0
C	Marios	23	132	1	1	7_____	49262	1	0	0	0	0	0	0	0	0	1	0
C	Marios	23	132	1	1	7_____	49477	1	0	0	0	0	1	0	0	0	0	0
C	Marios	23	132	1	1	7_____	49791	1	0	0	0	0	0	0	0	0	1	0
C	Marios	23	132	1	1	7_____	51308	1	0	0	0	0	1	0	0	0	0	0
C	Marios	23	132	1	1	7_____	51329	1	0	0	0	0	0	0	0	0	1	0
C	Marios	23	132	1	1	7_____	52590	1	0	0	0	0	1	0	0	0	0	0
C	Marios	23	132	1	1	7_____	52599	1	0	0	0	0	0	0	0	0	1	0
C	Marios	23	132	1	1	7_____	53500	1	2	0	0	0	0	0	0	0	0	0
C	Marios	23	132	1	1	7_____	54000	2	17	0	0	0	0	0	0	0	0	0
C	Marios	23	132	1	1	7_____	54500	17	15	0	0	0	0	0	0	0	0	0
C	Marios	23	132	1	1	7_____	55000	15	1	0	0	0	0	0	0	0	0	0
C	Marios	23	132	1	1	7_____	55475	1	0	0	0	0	1	0	0	0	0	0
C	Marios	23	132	1	1	7_____	55533	1	0	0	0	0	0	0	0	0	1	0
C	Marios	23	132	1	1	7_____	58367	1	0	0	0	0	1	0	0	0	0	0
C	Marios	23	132	1	1	7_____	58369	1	0	0	0	0	0	0	0	0	1	0
C	Marios	23	132	1	1	7_____	58500	1	2	0	0	0	0	0	0	0	0	0
C	Marios	23	132	1	1	7_____	59000	2	7	0	0	0	0	0	0	0	0	0
C	Marios	23	132	1	1	7_____	59095	7	0	0	0	0	1	0	0	0	0	0
C	Marios	23	132	1	1	7_____	59122	7	0	0	0	0	0	0	0	0	1	0
C	Marios	23	132	1	1	7_____	59156	7	0	0	0	0	1	0	0	0	0	0
C	Marios	23	132	1	1	7_____	59307	7	0	0	0	0	0	0	0	0	1	0
C	Marios	23	132	1	1	7_____	59400	7	0	0	0	0	1	0	0	0	0	0
C	Marios	23	132	1	1	7_____	59438	7	0	0	0	0	0	0	0	0	1	0
C	Marios	23	132	1	1	7_____	59443	7	0	0	0	0	1	0	0	0	0	0
C	Marios	23	132	1	1	7_____	59500	7	10	0	0	0	0	0	0	0	0	0
C	Marios	23	132	1	1	7_____	59908	10	0	0	0	0	0	0	0	0	1	0
C	Marios	23	132	1	1	7_____	59913	10	0	0	0	0	1	0	0	0	0	0
C	Marios	23	132	1	1	7_____	60000	10	1	0	0	0	0	0	0	0	0	0
C	Marios	23	132	1	1	7_____	60069	1	0	0	0	0	0	0	0	0	1	0
C	Marios	23	132	1	1	7_____	60177	1	0	0	0	0	1	0	0	0	0	0
C	Marios	23	132	1	1	7_____	60307	1	0	0	0	0	0	0	0	0	1	0
C	Marios	23	132	1	1	7_____	61150	1	0	0	0	0	1	0	0	0	0	0
C	Marios	23	132	1	1	7_____	61165	1	0	0	0	0	0	0	0	0	1	0
C	Marios	23	132	1	1	7_____	61169	1	0	0	0	0	1	0	0	0	0	0
C	Marios	23	132	1	1	7_____	61927	1	0	0	0	0	0	0	0	0	1	0
C	Marios	23	132	1	1	7_____	65250	1	2	0	0	0	0	0	0	0	0	0
C	Marios	23	132	1	1	7_____	65750	2	17	0	0	0	0	0	0	0	0	0
C	Marios	23	132	1	1	7_____	66250	17	15	0	0	0	0	0	0	0	0	0
C	Marios	23	132	1	1	7_____	66750	15	1	0	0	0	0	0	0	0	0	0
C	Marios	23	132	1	1	7_____	66761	1	0	0	0	0	1	0	0	0	0	0
C	Marios	23	132	1	1	7_____	66767	1	0	0	0	0	0	0	0	0	1	0
C	Marios	23	132	1	1	7_____	68272	1	0	0	0	0	1	0	0	0	0	0
C	Marios	23	132	1	1	7_____	68375	1	0	0	0	0	0	0	0	0	1	0
C	Marios	23	132	1	1	7_____	69095	1	0	0	0	0	1	0	0	0	0	0
C	Marios	23	132	1	1	7_____	69142	1	0	0	0	0	0	0	0	0	1	0
C	Marios	23	132	1	1	7_____	70500	1	2	0	0	0	0	0	0	0	0	0
C	Marios	23	132	1	1	7_____	71000	2	16	0	0	0	0	0	0	0	0	0
C	Marios	23	132	1	1	7_____	71245	16	0	0	0	0	1	0	0	0	0	0
C	Marios	23	132	1	1	7_____	71408	16	0	0	0	0	0	0	0	0	1	0
C	Marios	23	132	1	1	7_____	71422	16	0	0	0	0	1	0	0	0	0	0
C	Marios	23	132	1	1	7_____	71496	16	0	0	0	0	0	0	0	0	1	0
C	Marios	23	132	1	1	7_____	71500	16	15	0	0	0	0	0	0	0	0	0
C	Marios	23	132	1	1	7_____	71587	15	0	0	0	0	1	0	0	0	0	0
C	Marios	23	132	1	1	7_____	71701	15	0	0	0	0	0	0	0	0	1	0
C	Marios	23	132	1	1	7_____	72000	15	1	0	0	0	0	0	0	0	0	0
C	Marios	23	132	1	1	7_____	72520	1	0	0	0	0	1	0	0	0	0	0
C	Marios	23	132	1	1	7_____	72529	1	0	0	0	0	0	0	0	0	1	0
C	Marios	23	132	1	1	7_____	72600	1	0	0	0	0	1	0	0	0	0	0
C	Marios	23	132	1	1	7_____	72620	1	0	0	0	0	0	0	0	0	1	0
C	Marios	23	132	1	1	7_____	73693	1	0	0	0	0	1	0	0	0	0	0
C	Marios	23	132	1	1	7_____	73696	1	0	0	0	0	0	0	0	0	1	0
C	Marios	23	132	1	1	7_____	73739	1	0	0	0	0	1	0	0	0	0	0
C	Marios	23	132	1	1	7_____	73815	1	0	0	0	0	0	0	0	0	1	0
C	Marios	23	132	1	1	7_____	77497	1	0	0	0	0	1	0	0	0	0	0
C	Marios	23	132	1	1	7_____	77571	1	0	0	0	0	0	0	0	0	1	0
C	Marios	23	132	1	1	7_____	79500	1	2	0	0	0	0	0	0	0	0	0
C	Marios	23	132	1	1	7_____	80000	2	16	0	0	0	0	0	0	0	0	0
C	Marios	23	132	1	1	7_____	80099	16	0	0	0	0	1	0	0	0	0	0
C	Marios	23	132	1	1	7_____	80115	16	0	0	0	0	0	0	0	0	1	0
C	Marios	23	132	1	1	7_____	80196	16	0	0	0	0	1	0	0	0	0	0
C	Marios	23	132	1	1	7_____	80360	16	0	0	0	0	0	0	0	0	1	0
C	Marios	23	132	1	1	7_____	80500	16	15	0	0	0	0	0	0	0	0	0
C	Marios	23	132	1	1	7_____	80525	15	0	0	0	0	1	0	0	0	0	0
C	Marios	23	132	1	1	7_____	80619	15	0	0	0	0	0	0	0	0	1	0
C	Marios	23	132	1	1	7_____	80648	15	0	0	0	0	1	0	0	0	0	0
C	Marios	23	132	1	1	7_____	80671	15	0	0	0	0	0	0	0	0	1	0
C	Marios	23	132	1	1	7_____	80699	15	0	0	0	0	1	0	0	0	0	0
C	Marios	23	132	1	1	7_____	80718	15	0	0	0	0	0	0	0	0	1	0
C	Marios	23	132	1	1	7_____	81000	15	1	0	0	0	0	0	0	0	0	0
C	Marios	23	132	1	1	7_____	81066	1	0	0	0	0	1	0	0	0	0	0
C	Marios	23	132	1	1	7_____	81110	1	0	0	0	0	0	0	0	0	1	0
C	Marios	23	132	1	1	7_____	85014	1	0	0	0	0	1	0	0	0	0	0
C	Marios	23	132	1	1	7_____	85015	1	0	0	0	0	0	0	0	0	1	0
C	Marios	23	132	1	1	7_____	85500	1	2	0	0	0	0	0	0	0	0	0
C	Marios	23	132	1	1	7_____	85968	2	0	0	0	0	1	0	0	0	0	0
C	Marios	23	132	1	1	7_____	85972	2	0	0	0	0	0	0	0	0	1	0
C	Marios	23	132	1	1	7_____	86000	2	6	0	0	0	0	0	0	0	0	0
C	Marios	23	132	1	1	7_____	86048	6	0	0	0	0	1	0	0	0	0	0
C	Marios	23	132	1	1	7_____	86098	6	0	0	0	0	0	0	0	0	1	0
C	Marios	23	132	1	1	7_____	86108	6	0	0	0	0	1	0	0	0	0	0
C	Marios	23	132	1	1	7_____	86163	6	0	0	0	0	0	0	0	0	1	0
C	Marios	23	132	1	1	7_____	86246	6	0	0	0	0	1	0	0	0	0	0
C	Marios	23	132	1	1	7_____	86388	6	0	0	0	0	0	0	0	0	1	0
C	Marios	23	132	1	1	7_____	86471	6	0	0	0	0	1	0	0	0	0	0
C	Marios	23	132	1	1	7_____	86500	6	11	0	0	0	0	0	0	0	0	0
C	Marios	23	132	1	1	7_____	86758	11	0	0	0	0	0	0	0	0	1	0
C	Marios	23	132	1	1	7_____	86760	11	0	0	0	0	1	0	0	0	0	0
C	Marios	23	132	1	1	7_____	86762	11	0	0	0	0	0	0	0	0	1	0
C	Marios	23	132	1	1	7_____	86765	11	0	0	0	0	1	0	0	0	0	0
C	Marios	23	132	1	1	7_____	86835	11	0	0	0	0	0	0	0	0	1	0
C	Marios	23	132	1	1	7_____	86838	11	0	0	0	0	1	0	0	0	0	0
C	Marios	23	132	1	1	7_____	87000	11	1	0	0	0	0	0	0	0	0	0
C	Marios	23	132	1	1	7_____	87109	1	0	0	0	0	0	0	0	0	1	0
C	Marios	23	132	1	1	7_____	91382	1	0	0	0	0	1	0	0	0	0	0
C	Marios	23	132	1	1	7_____	91390	1	0	0	0	0	0	0	0	0	1	0
C	Marios	23	132	1	1	7_____	91397	1	0	0	0	0	1	0	0	0	0	0
C	Marios	23	132	1	1	7_____	91399	1	0	0	0	0	0	0	0	0	1	0
C	Marios	23	132	1	1	7_____	92500	1	2	0	0	0	0	0	0	0	0	0
C	Marios	23	132	1	1	7_____	92636	2	0	0	0	0	1	0	0	0	0	0
C	Marios	23	132	1	1	7_____	92737	2	0	0	0	0	0	0	0	0	1	0
C	Marios	23	132	1	1	7_____	93000	2	17	0	0	0	0	0	0	0	0	0
C	Marios	23	132	1	1	7_____	93500	17	15	0	0	0	0	0	0	0	0	0
C	Marios	23	132	1	1	7_____	94000	15	1	0	0	0	0	0	0	0	0	0
C	Marios	23	132	1	1	7_____	94105	1	0	0	0	0	1	0	0	0	0	0
C	Marios	23	132	1	1	7_____	94137	1	0	0	0	0	0	0	0	0	1	0
C	Marios	23	132	1	1	7_____	96908	1	0	0	0	0	1	0	0	0	0	0
C	Marios	23	132	1	1	7_____	97046	1	0	0	0	0	0	0	0	0	1	0
C	Marios	23	132	1	1	7_____	97750	1	2	0	0	0	0	0	0	0	0	0
C	Marios	23	132	1	1	7_____	98250	2	7	0	0	0	0	0	0	0	0	0
C	Marios	23	132	1	1	7_____	98293	7	0	0	0	0	1	0	0	0	0	0
C	Marios	23	132	1	1	7_____	98298	7	0	0	0	0	0	0	0	0	1	0
C	Marios	23	132	1	1	7_____	98340	7	0	0	0	0	1	0	0	0	0	0
C	Marios	23	132	1	1	7_____	98343	7	0	0	0	0	0	0	0	0	1	0
C	Marios	23	132	1	1	7_____	98396	7	0	0	0	0	1	0	0	0	0	0
C	Marios	23	132	1	1	7_____	98451	7	0	0	0	0	0	0	0	0	1	0
C	Marios	23	132	1	1	7_____	98471	7	0	0	0	0	1	0	0	0	0	0
C	Marios	23	132	1	1	7_____	98487	7	0	0	0	0	0	0	0	0	1	0
C	Marios	23	132	1	1	7_____	98548	7	0	0	0	0	1	0	0	0	0	0
C	Marios	23	132	1	1	7_____	98629	7	0	0	0	0	0	0	0	0	1	0
C	Marios	23	132	1	1	7_____	98750	7	10	0	0	0	0	0	0	0	0	0
C	Marios	23	132	1	1	7_____	98783	10	0	0	0	0	1	0	0	0	0	0
C	Marios	23	132	1	1	7_____	99032	10	0	0	0	0	0	0	0	0	1	0
C	Marios	23	132	1	1	7_____	99203	10	0	0	0	0	1	0	0	0	0	0
C	Marios	23	132	1	1	7_____	99234	10	0	0	0	0	0	0	0	0	1	0
C	Marios	23	132	1	1	7_____	99250	10	1	0	0	0	0	0	0	0	0	0
C	Marios	23	132	1	1	7_____	102654	1	0	0	0	0	1	0	0	0	0	0
C	Marios	23	132	1	1	7_____	102666	1	0	0	0	0	0	0	0	0	1	0
C	Marios	23	132	1	1	7_____	105250	1	2	0	0	0	0	0	0	0	0	0
C	Marios	23	132	1	1	7_____	105750	2	16	0	0	0	0	0	0	0	0	0
C	Marios	23	132	1	1	7_____	105838	16	0	0	0	0	1	0	0	0	0	0
C	Marios	23	132	1	1	7_____	105867	16	0	0	0	0	0	0	0	0	1	0
C	Marios	23	132	1	1	7_____	106071	16	0	0	0	0	1	0	0	0	0	0
C	Marios	23	132	1	1	7_____	106141	16	0	0	0	0	0	0	0	0	1	0
C	Marios	23	132	1	1	7_____	106160	16	0	0	0	0	1	0	0	0	0	0
C	Marios	23	132	1	1	7_____	106250	16	15	0	0	0	0	0	0	0	0	0
C	Marios	23	132	1	1	7_____	106268	15	0	0	0	0	0	0	0	0	1	0
C	Marios	23	132	1	1	7_____	106461	15	0	0	0	0	1	0	0	0	0	0
C	Marios	23	132	1	1	7_____	106630	15	0	0	0	0	0	0	0	0	1	0
C	Marios	23	132	1	1	7_____	106739	15	0	0	0	0	1	0	0	0	0	0
C	Marios	23	132	1	1	7_____	106750	15	1	0	0	0	0	0	0	0	0	0
C	Marios	23	132	1	1	7_____	106817	1	0	0	0	0	0	0	0	0	1	0
C	Marios	23	132	1	1	7_____	108749	1	0	0	0	0	1	0	0	0	0	0
C	Marios	23	132	1	1	7_____	108759	1	0	0	0	0	1	0	0	0	1	0
C	Marios	23	132	1	1	7_____	108883	1	0	0	0	0	0	0	0	0	1	0
C	Marios	23	132	1	1	7_____	110839	1	0	0	0	0	1	0	0	0	0	0
C	Marios	23	132	1	1	7_____	110905	1	0	0	0	0	0	0	0	0	1	0
C	Marios	23	132	1	1	7_____	111250	1	2	0	0	0	0	0	0	0	0	0
C	Marios	23	132	1	1	7_____	111750	2	17	0	0	0	0	0	0	0	0	0
C	Marios	23	132	1	1	7_____	112250	17	15	0	0	0	0	0	0	0	0	0
C	Marios	23	132	1	1	7_____	112750	15	1	0	0	0	0	0	0	0	0	0
C	Marios	23	132	1	1	7_____	113590	1	0	0	0	0	1	0	0	0	0	0
C	Marios	23	132	1	1	7_____	113671	1	0	0	0	0	0	0	0	0	1	0
C	Marios	23	132	1	1	7_____	115900	1	0	0	0	0	1	0	0	0	0	0
C	Marios	23	132	1	1	7_____	115978	1	0	0	0	0	0	0	0	0	1	0
C	Marios	23	132	1	1	7_____	118000	1	2	0	0	0	0	0	0	0	0	0
C	Marios	23	132	1	1	7_____	118500	2	17	0	0	0	0	0	0	0	0	0
C	Marios	23	132	1	1	7_____	118792	17	0	0	0	0	1	0	0	0	0	0
C	Marios	23	132	1	1	7_____	118804	17	0	0	0	0	0	0	0	0	1	0
C	Marios	23	132	1	1	7_____	118874	17	0	0	0	0	1	0	0	0	0	0
C	Marios	23	132	1	1	7_____	118932	17	0	0	0	0	0	0	0	0	1	0
C	Marios	23	132	1	1	7_____	118952	17	0	0	0	0	1	0	0	0	0	0
C	Marios	23	132	1	1	7_____	118966	17	0	0	0	0	0	0	0	0	1	0
C	Marios	23	132	1	1	7_____	119000	17	15	0	0	0	0	0	0	0	0	0
C	Marios	23	132	1	1	7_____	119050	15	0	0	0	0	1	0	0	0	0	0
C	Marios	23	132	1	1	7_____	119208	15	0	0	0	0	0	0	0	0	1	0
C	Marios	23	132	1	1	7_____	119270	15	0	0	0	0	1	0	0	0	0	0
C	Marios	23	132	1	1	7_____	119324	15	0	0	0	0	0	0	0	0	1	0
C	Marios	23	132	1	1	7_____	119500	15	1	0	0	0	0	0	0	0	0	0
C	Marios	23	132	1	1	7_____	120591	1	0	0	0	0	1	0	0	0	0	0
C	Marios	23	132	1	1	7_____	120603	1	0	0	0	0	0	0	0	0	1	0
C	Marios	23	132	1	1	7_____	121000	1	2	0	0	0	0	0	0	0	0	0
C	Marios	23	132	1	1	7_____	121500	2	16	0	0	0	0	0	0	0	0	0
C	Marios	23	132	1	1	7_____	122000	16	15	0	0	0	0	0	0	0	0	0
C	Marios	23	132	1	1	7_____	122500	15	1	0	0	0	0	0	0	0	0	0
C	Marios	23	132	1	1	7_____	123156	1	0	0	0	0	1	0	0	0	0	0
C	Marios	23	132	1	1	7_____	123174	1	0	0	0	0	0	0	0	0	1	0
C	Marios	23	132	1	1	7_____	123809	1	0	0	0	0	1	0	0	0	0	0
C	Marios	23	132	1	1	7_____	123811	1	0	0	0	0	0	0	0	0	1	0
C	Marios	23	132	1	1	7_____	125694	1	0	0	0	0	1	0	0	0	0	0
C	Marios	23	132	1	1	7_____	125699	1	0	0	0	0	0	0	0	0	1	0
C	Marios	23	132	1	1	7_____	126000	1	2	0	0	0	0	0	0	0	0	0
C	Marios	23	132	1	1	7_____	126500	2	7	0	0	0	0	0	0	0	0	0
C	Marios	23	132	1	1	7_____	126870	7	0	0	0	0	1	0	0	0	0	0
C	Marios	23	132	1	1	7_____	126953	7	0	0	0	0	0	0	0	0	1	0
C	Marios	23	132	1	1	7_____	126984	7	0	0	0	0	1	0	0	0	0	0
C	Marios	23	132	1	1	7_____	126992	7	0	0	0	0	0	0	0	0	1	0
C	Marios	23	132	1	1	7_____	126999	7	0	0	0	0	1	0	0	0	0	0
C	Marios	23	132	1	1	7_____	127000	7	10	0	0	0	0	0	0	0	0	0
C	Marios	23	132	1	1	7_____	127303	10	0	0	0	0	0	0	0	0	1	0
C	Marios	23	132	1	1	7_____	127311	10	0	0	0	0	1	0	0	0	0	0
C	Marios	23	132	1	1	7_____	127313	10	0	0	0	0	0	0	0	0	1	0
C	Marios	23	132	1	1	7_____	127319	10	0	0	0	0	1	0	0	0	0	0
C	Marios	23	132	1	1	7_____	127324	10	0	0	0	0	0	0	0	0	1	0
C	Marios	23	132	1	1	7_____	127325	10	0	0	0	0	1	0	0	0	0	0
C	Marios	23	132	1	1	7_____	127334	10	0	0	0	0	0	0	0	0	1	0
C	Marios	23	132	1	1	7_____	127357	10	0	0	0	0	1	0	0	0	0	0
C	Marios	23	132	1	1	7_____	127390	10	0	0	0	0	0	0	0	0	1	0
C	Marios	23	132	1	1	7_____	127500	10	1	0	0	0	0	0	0	0	0	0
C	Marios	23	132	1	1	7_____	129750	1	2	0	0	0	0	0	0	0	0	0
C	Marios	23	132	1	1	7_____	129978	2	0	0	0	0	1	0	0	0	0	0
C	Marios	23	132	1	1	7_____	129992	2	0	0	0	0	0	0	0	0	1	0
C	Marios	23	132	1	1	7_____	130250	2	16	0	0	0	0	0	0	0	0	0
C	Marios	23	132	1	1	7_____	130750	16	15	0	0	0	0	0	0	0	0	0
C	Marios	23	132	1	1	7_____	131250	15	1	0	0	0	0	0	0	0	0	0
C	Marios	23	132	1	1	7_____	133070	1	0	0	0	0	1	0	0	0	0	0
C	Marios	23	132	1	1	7_____	133085	1	0	0	0	0	0	0	0	0	1	0
C	Marios	23	132	1	1	7_____	133820	1	0	0	0	0	1	0	0	0	0	0
C	Marios	23	132	1	1	7_____	133823	1	0	0	0	0	0	0	0	0	1	0
C	Marios	23	132	1	1	7_____	134250	1	2	0	0	0	0	0	0	0	0	0
C	Marios	23	132	1	1	7_____	134750	2	6	0	0	0	0	0	0	0	0	0
C	Marios	23	132	1	1	7_____	134770	6	0	0	0	0	1	0	0	0	0	0
C	Marios	23	132	1	1	7_____	134882	6	0	0	0	0	0	0	0	0	1	0
C	Marios	23	132	1	1	7_____	134933	6	0	0	0	0	1	0	0	0	0	0
C	Marios	23	132	1	1	7_____	135005	6	0	0	0	0	0	0	0	0	1	0
C	Marios	23	132	1	1	7_____	135010	6	0	0	0	0	1	0	0	0	0	0
C	Marios	23	132	1	1	7_____	135113	6	0	0	0	0	0	0	0	0	1	0
C	Marios	23	132	1	1	7_____	135222	6	0	0	0	0	1	0	0	0	0	0
C	Marios	23	132	1	1	7_____	135250	6	11	0	0	0	0	0	0	0	0	0
C	Marios	23	132	1	1	7_____	135648	11	0	0	0	0	0	0	0	0	1	0
C	Marios	23	132	1	1	7_____	135697	11	0	0	0	0	1	0	0	0	0	0
C	Marios	23	132	1	1	7_____	135700	11	0	0	0	0	0	0	0	0	1	0
C	Marios	23	132	1	1	7_____	135718	11	0	0	0	0	1	0	0	0	0	0
C	Marios	23	132	1	1	7_____	135750	11	1	0	0	0	0	0	0	0	1	0
C	Marios	23	132	1	1	7_____	135770	1	0	0	0	0	1	0	0	0	0	0
C	Marios	23	132	1	1	7_____	135773	1	0	0	0	0	0	0	0	0	1	0
C	Marios	23	132	1	1	7_____	135815	1	0	0	0	0	1	0	0	0	0	0
C	Marios	23	132	1	1	7_____	135820	1	0	0	0	0	0	0	0	0	1	0
C	Marios	23	132	1	1	7_____	135821	1	0	0	0	0	1	0	0	0	0	0
C	Marios	23	132	1	1	7_____	135839	1	0	0	0	0	0	0	0	0	1	0
C	Marios	23	132	1	1	7_____	135840	1	0	0	0	0	1	0	0	0	0	0
C	Marios	23	132	1	1	7_____	135844	1	0	0	0	0	1	0	0	0	1	0
C	Marios	23	132	1	1	7_____	135911	1	0	0	0	0	0	0	0	0	1	0
C	Marios	23	132	1	1	7_____	137588	1	0	0	0	0	1	0	0	0	0	0
C	Marios	23	132	1	1	7_____	137870	1	0	0	0	0	0	0	0	0	1	0
C	Marios	23	132	1	1	7_____	138331	1	0	0	0	0	1	0	0	0	0	0
C	Marios	23	132	1	1	7_____	138365	1	0	0	0	0	0	0	0	0	1	0
C	Marios	23	132	1	1	7_____	138367	1	0	0	0	0	1	0	0	0	0	0
C	Marios	23	132	1	1	7_____	138369	1	0	0	0	0	0	0	0	0	1	0
C	Marios	23	132	1	1	7_____	138372	1	0	0	0	0	1	0	0	0	0	0
C	Marios	23	132	1	1	7_____	138422	1	0	0	0	0	0	0	0	0	1	0
C	Marios	23	132	1	1	7_____	138497	1	0	0	0	0	1	0	0	0	0	0
C	Marios	23	132	1	1	7_____	138581	1	0	0	0	0	0	0	0	0	1	0
C	Marios	23	132	1	1	7_____	138582	1	0	0	0	0	1	0	0	0	0	0
C	Marios	23	132	1	1	7_____	138585	1	0	0	0	0	0	0	0	0	1	0
C	Marios	23	132	1	1	7_____	138660	1	0	0	0	0	1	0	0	0	0	0
C	Marios	23	132	1	1	7_____	138662	1	0	0	0	0	0	0	0	0	1	0
C	Marios	23	132	1	1	7_____	138671	1	0	0	0	0	1	0	0	0	0	0
C	Marios	23	132	1	1	7_____	138712	1	0	0	0	0	0	0	0	0	1	0
C	Marios	23	132	1	1	7_____	139521	1	0	0	0	0	1	0	0	0	0	0
C	Marios	23	132	1	1	7_____	140450	1	0	0	0	0	0	0	0	0	1	0
C	Marios	23	132	1	1	7_____	140453	1	0	0	0	0	1	0	0	0	0	0
C	Marios	23	132	1	1	7_____	140468	1	0	0	0	0	0	0	0	0	1	0
C	Marios	23	132	1	1	7_____	140500	1	0	0	0	0	1	0	0	0	0	0
C	Marios	23	132	1	1	7_____	140506	1	0	0	0	0	0	0	0	0	1	0
C	Marios	23	132	1	1	7_____	140507	1	0	0	0	0	1	0	0	0	0	0
C	Marios	23	132	1	1	7_____	140509	1	0	0	0	0	0	0	0	0	1	0
C	Marios	23	132	1	1	7_____	140515	1	0	0	0	0	1	0	0	0	0	0
C	Marios	23	132	1	1	7_____	140519	1	0	0	0	0	0	0	0	0	1	0
C	Marios	23	132	1	1	7_____	140520	1	0	0	0	0	1	0	0	0	0	0
C	Marios	23	132	1	1	7_____	140746	1	0	0	0	0	0	0	0	0	1	0
C	Marios	23	132	1	1	7_____	140834	1	0	0	0	0	1	0	0	0	0	0
C	Marios	23	132	1	1	7_____	140853	1	0	0	0	0	0	0	0	0	1	0
C	Marios	23	132	1	1	7_____	140857	1	0	0	0	0	1	0	0	0	0	0
C	Marios	23	132	1	1	7_____	140894	1	0	0	0	0	0	0	0	0	1	0
C	Marios	23	132	1	1	7_____	140896	1	0	0	0	0	1	0	0	0	0	0
C	Marios	23	132	1	1	7_____	140923	1	0	0	0	0	0	0	0	0	1	0
C	Marios	23	132	1	1	7_____	140924	1	0	0	0	0	1	0	0	0	0	0
C	Marios	23	132	1	1	7_____	141018	1	0	0	0	0	0	0	0	0	1	0
C	Marios	23	132	1	1	7_____	141023	1	0	0	0	0	1	0	0	0	0	0
C	Marios	23	132	1	1	7_____	141024	1	0	0	0	0	0	0	0	0	1	0
C	Marios	23	132	1	1	7_____	141028	1	0	0	0	0	1	0	0	0	0	0
C	Marios	23	132	1	1	7_____	141030	1	0	0	0	0	0	0	0	0	1	0
C	Marios	23	132	1	1	7_____	141061	1	0	0	0	0	1	0	0	0	0	0
C	Marios	23	132	1	1	7_____	141064	1	0	0	0	0	0	0	0	0	1	0
C	Marios	23	132	1	1	7_____	141072	1	0	0	0	0	1	0	0	0	0	0
C	Marios	23	132	1	1	7_____	141558	1	0	0	0	0	0	0	0	0	1	0
C	Marios	23	132	1	1	7_____	141560	1	0	0	0	0	1	0	0	0	0	0
C	Marios	23	132	1	1	7_____	141579	1	0	0	0	0	0	0	0	0	1	0
C	Marios	23	132	1	1	7_____	141585	1	0	0	0	0	1	0	0	0	0	0
C	Marios	23	132	1	1	7_____	141602	1	0	0	0	0	0	0	0	0	1	0
C	Marios	23	132	1	1	7_____	141608	1	0	0	0	0	1	0	0	0	0	0
C	Marios	23	132	1	1	7_____	141658	1	0	0	0	0	0	0	0	0	1	0
C	Marios	23	132	1	1	7_____	142500	1	2	0	0	0	0	0	0	0	0	0
C	Marios	23	132	1	1	7_____	143000	2	17	0	0	0	0	0	0	0	0	0
C	Marios	23	132	1	1	7_____	143155	17	0	0	0	0	1	0	0	0	0	0
C	Marios	23	132	1	1	7_____	143198	17	0	0	0	0	0	0	0	0	1	0
C	Marios	23	132	1	1	7_____	143242	17	0	0	0	0	1	0	0	0	0	0
C	Marios	23	132	1	1	7_____	143292	17	0	0	0	0	0	0	0	0	1	0
C	Marios	23	132	1	1	7_____	143405	17	0	0	0	0	1	0	0	0	0	0
C	Marios	23	132	1	1	7_____	143426	17	0	0	0	0	0	0	0	0	1	0
C	Marios	23	132	1	1	7_____	143438	17	0	0	0	0	1	0	0	0	0	0
C	Marios	23	132	1	1	7_____	143470	17	0	0	0	0	0	0	0	0	1	0
C	Marios	23	132	1	1	7_____	143500	17	15	0	0	0	0	0	0	0	0	0
C	Marios	23	132	1	1	7_____	143525	15	0	0	0	0	1	0	0	0	0	0
C	Marios	23	132	1	1	7_____	143872	15	0	0	0	0	0	0	0	0	1	0
C	Marios	23	132	1	1	7_____	144000	15	14	0	0	0	0	0	0	0	0	0
C	Marios	23	132	1	1	7_____	144557	14	0	0	0	0	1	0	0	0	0	0
C	Marios	23	132	1	1	7_____	144596	14	0	0	0	0	0	0	0	0	1	0
C	Marios	23	132	1	1	7_____	144606	14	0	0	0	0	1	0	0	0	0	0
C	Marios	23	132	1	1	7_____	144689	14	0	0	0	0	0	0	0	0	1	0
C	Marios	23	132	1	1	7_____	144746	14	0	0	0	0	1	0	0	0	0	0
C	Marios	23	132	1	1	7_____	144889	14	0	0	0	0	0	0	0	0	1	0
C	Marios	23	132	1	1	7_____	144895	14	0	0	0	0	1	0	0	0	0	0
C	Marios	23	132	1	1	7_____	144899	14	0	0	0	0	0	0	0	0	1	0
C	Marios	23	132	1	1	7_____	146286	14	0	0	0	0	1	0	0	0	0	0
C	Marios	23	132	1	1	7_____	146321	14	0	0	0	0	0	0	0	0	1	0
C	Marios	23	132	1	1	7_____	147000	14	-1	0	0	0	0	0	0	0	0	0
C	Marios	23	132	5	1	32____	0	0	1	0	0	0	0	0	0	0	0	0
C	Marios	23	132	5	1	32____	677	1	0	0	0	0	1	0	0	0	0	0
C	Marios	23	132	5	1	32____	792	1	0	0	0	0	0	0	0	0	1	0
C	Marios	23	132	5	1	32____	1167	1	0	0	0	0	1	0	0	0	0	0
C	Marios	23	132	5	1	32____	1304	1	0	0	0	0	0	0	0	0	1	0
C	Marios	23	132	5	1	32____	2386	1	0	0	0	0	1	0	0	0	0	0
C	Marios	23	132	5	1	32____	2429	1	0	0	0	0	0	0	0	0	1	0
C	Marios	23	132	5	1	32____	2444	1	0	0	0	0	1	0	0	0	0	0
C	Marios	23	132	5	1	32____	2449	1	0	0	0	0	0	0	0	0	1	0
C	Marios	23	132	5	1	32____	2451	1	0	0	0	0	1	0	0	0	0	0
C	Marios	23	132	5	1	32____	2479	1	0	0	0	0	0	0	0	0	1	0
C	Marios	23	132	5	1	32____	3621	1	0	0	0	0	1	0	0	0	0	0
C	Marios	23	132	5	1	32____	3739	1	0	0	0	0	0	0	0	0	1	0
C	Marios	23	132	5	1	32____	4049	1	0	0	0	0	1	0	0	0	0	0
C	Marios	23	132	5	1	32____	4064	1	0	0	0	0	0	0	0	0	1	0
C	Marios	23	132	5	1	32____	4164	1	0	0	0	0	1	0	0	0	0	0
C	Marios	23	132	5	1	32____	4217	1	0	0	0	0	0	0	0	0	1	0
C	Marios	23	132	5	1	32____	5107	1	0	0	0	0	1	0	0	0	0	0
C	Marios	23	132	5	1	32____	5169	1	0	0	0	0	0	0	0	0	1	0
C	Marios	23	132	5	1	32____	5176	1	0	0	0	0	1	0	0	0	0	0
C	Marios	23	132	5	1	32____	5180	1	0	0	0	0	0	0	0	0	1	0
C	Marios	23	132	5	1	32____	5977	1	0	0	0	0	1	0	0	0	0	0
C	Marios	23	132	5	1	32____	6000	1	2	0	0	0	0	0	0	0	1	0
C	Marios	23	132	5	1	32____	6043	2	0	0	0	0	1	0	0	0	0	0
C	Marios	23	132	5	1	32____	6093	2	0	0	0	0	0	0	0	0	1	0
C	Marios	23	132	5	1	32____	6500	2	17	0	0	0	0	0	0	0	0	0
C	Marios	23	132	5	1	32____	7000	17	15	0	0	0	0	0	0	0	0	0
C	Marios	23	132	5	1	32____	7500	15	1	0	0	0	0	0	0	0	0	0
C	Marios	23	132	5	1	32____	7939	1	0	0	0	0	1	0	0	0	0	0
C	Marios	23	132	5	1	32____	7975	1	0	0	0	0	0	0	0	0	1	0
C	Marios	23	132	5	1	32____	9379	1	0	0	0	0	1	0	0	0	0	0
C	Marios	23	132	5	1	32____	9383	1	0	0	0	0	0	0	0	0	1	0
C	Marios	23	132	5	1	32____	9590	1	0	0	0	0	1	0	0	0	0	0
C	Marios	23	132	5	1	32____	9656	1	0	0	0	0	0	0	0	0	1	0
C	Marios	23	132	5	1	32____	11231	1	0	0	0	0	1	0	0	0	0	0
C	Marios	23	132	5	1	32____	11248	1	0	0	0	0	0	0	0	0	1	0
C	Marios	23	132	5	1	32____	11748	1	0	0	0	0	1	0	0	0	0	0
C	Marios	23	132	5	1	32____	11836	1	0	0	0	0	0	0	0	0	1	0
C	Marios	23	132	5	1	32____	11852	1	0	0	0	0	1	0	0	0	0	0
C	Marios	23	132	5	1	32____	11886	1	0	0	0	0	0	0	0	0	1	0
C	Marios	23	132	5	1	32____	12750	1	2	0	0	0	0	0	0	0	0	0
C	Marios	23	132	5	1	32____	13250	2	6	0	0	0	0	0	0	0	0	0
C	Marios	23	132	5	1	32____	13344	6	0	0	0	0	1	0	0	0	0	0
C	Marios	23	132	5	1	32____	13365	6	0	0	0	0	0	0	0	0	1	0
C	Marios	23	132	5	1	32____	13406	6	0	0	0	0	1	0	0	0	0	0
C	Marios	23	132	5	1	32____	13434	6	0	0	0	0	0	0	0	0	1	0
C	Marios	23	132	5	1	32____	13512	6	0	0	0	0	1	0	0	0	0	0
C	Marios	23	132	5	1	32____	13536	6	0	0	0	0	0	0	0	0	1	0
C	Marios	23	132	5	1	32____	13563	6	0	0	0	0	1	0	0	0	0	0
C	Marios	23	132	5	1	32____	13599	6	0	0	0	0	0	0	0	0	1	0
C	Marios	23	132	5	1	32____	13649	6	0	0	0	0	1	0	0	0	0	0
C	Marios	23	132	5	1	32____	13677	6	0	0	0	0	0	0	0	0	1	0
C	Marios	23	132	5	1	32____	13695	6	0	0	0	0	1	0	0	0	0	0
C	Marios	23	132	5	1	32____	13750	6	11	0	0	0	0	0	0	0	0	0
C	Marios	23	132	5	1	32____	13751	11	0	0	0	0	0	0	0	0	1	0
C	Marios	23	132	5	1	32____	13764	11	0	0	0	0	1	0	0	0	0	0
C	Marios	23	132	5	1	32____	13776	11	0	0	0	0	0	0	0	0	1	0
C	Marios	23	132	5	1	32____	13783	11	0	0	0	0	1	0	0	0	0	0
C	Marios	23	132	5	1	32____	13899	11	0	0	0	0	0	0	0	0	1	0
C	Marios	23	132	5	1	32____	13900	11	0	0	0	0	1	0	0	0	0	0
C	Marios	23	132	5	1	32____	13917	11	0	0	0	0	0	0	0	0	1	0
C	Marios	23	132	5	1	32____	13934	11	0	0	0	0	1	0	0	0	0	0
C	Marios	23	132	5	1	32____	13937	11	0	0	0	0	0	0	0	0	1	0
C	Marios	23	132	5	1	32____	13938	11	0	0	0	0	1	0	0	0	0	0
C	Marios	23	132	5	1	32____	13943	11	0	0	0	0	0	0	0	0	1	0
C	Marios	23	132	5	1	32____	14250	11	1	0	0	0	0	0	0	0	0	0
C	Marios	23	132	5	1	32____	14975	1	0	0	0	0	1	0	0	0	0	0
C	Marios	23	132	5	1	32____	15021	1	0	0	0	0	0	0	0	0	1	0
C	Marios	23	132	5	1	32____	15933	1	0	0	0	0	1	0	0	0	0	0
C	Marios	23	132	5	1	32____	15943	1	0	0	0	0	0	0	0	0	1	0
C	Marios	23	132	5	1	32____	17155	1	0	0	0	0	1	0	0	0	0	0
C	Marios	23	132	5	1	32____	17203	1	0	0	0	0	0	0	0	0	1	0
C	Marios	23	132	5	1	32____	17501	1	0	0	0	0	1	0	0	0	0	0
C	Marios	23	132	5	1	32____	17517	1	0	0	0	0	0	0	0	0	1	0
C	Marios	23	132	5	1	32____	17926	1	0	0	0	0	1	0	0	0	0	0
C	Marios	23	132	5	1	32____	18018	1	0	0	0	0	0	0	0	0	1	0
C	Marios	23	132	5	1	32____	18750	1	2	0	0	0	0	0	0	0	0	0
C	Marios	23	132	5	1	32____	19052	2	0	0	0	0	1	0	0	0	0	0
C	Marios	23	132	5	1	32____	19171	2	0	0	0	0	0	0	0	0	1	0
C	Marios	23	132	5	1	32____	19250	2	17	0	0	0	0	0	0	0	0	0
C	Marios	23	132	5	1	32____	19750	17	15	0	0	0	0	0	0	0	0	0
C	Marios	23	132	5	1	32____	20250	15	1	0	0	0	0	0	0	0	0	0
C	Marios	23	132	5	1	32____	20720	1	0	0	0	0	1	0	0	0	0	0
C	Marios	23	132	5	1	32____	20799	1	0	0	0	0	0	0	0	0	1	0
C	Marios	23	132	5	1	32____	20876	1	0	0	0	0	1	0	0	0	0	0
C	Marios	23	132	5	1	32____	20927	1	0	0	0	0	0	0	0	0	1	0
C	Marios	23	132	5	1	32____	20994	1	0	0	0	0	1	0	0	0	0	0
C	Marios	23	132	5	1	32____	21166	1	0	0	0	0	0	0	0	0	1	0
C	Marios	23	132	5	1	32____	22342	1	0	0	0	0	1	0	0	0	0	0
C	Marios	23	132	5	1	32____	22348	1	0	0	0	0	0	0	0	0	1	0
C	Marios	23	132	5	1	32____	22421	1	0	0	0	0	1	0	0	0	0	0
C	Marios	23	132	5	1	32____	22456	1	0	0	0	0	0	0	0	0	1	0
C	Marios	23	132	5	1	32____	22500	1	2	0	0	0	0	0	0	0	0	0
C	Marios	23	132	5	1	32____	23000	2	7	0	0	0	0	0	0	0	0	0
C	Marios	23	132	5	1	32____	23058	7	0	0	0	0	1	0	0	0	0	0
C	Marios	23	132	5	1	32____	23083	7	0	0	0	0	0	0	0	0	1	0
C	Marios	23	132	5	1	32____	23104	7	0	0	0	0	1	0	0	0	0	0
C	Marios	23	132	5	1	32____	23150	7	0	0	0	0	0	0	0	0	1	0
C	Marios	23	132	5	1	32____	23161	7	0	0	0	0	1	0	0	0	0	0
C	Marios	23	132	5	1	32____	23185	7	0	0	0	0	0	0	0	0	1	0
C	Marios	23	132	5	1	32____	23245	7	0	0	0	0	1	0	0	0	0	0
C	Marios	23	132	5	1	32____	23278	7	0	0	0	0	0	0	0	0	1	0
C	Marios	23	132	5	1	32____	23355	7	0	0	0	0	1	0	0	0	0	0
C	Marios	23	132	5	1	32____	23500	7	10	0	0	0	0	0	0	0	0	0
C	Marios	23	132	5	1	32____	23726	10	0	0	0	0	0	0	0	0	1	0
C	Marios	23	132	5	1	32____	23727	10	0	0	0	0	1	0	0	0	0	0
C	Marios	23	132	5	1	32____	23741	10	0	0	0	0	0	0	0	0	1	0
C	Marios	23	132	5	1	32____	23745	10	0	0	0	0	1	0	0	0	0	0
C	Marios	23	132	5	1	32____	23747	10	0	0	0	0	0	0	0	0	1	0
C	Marios	23	132	5	1	32____	23749	10	0	0	0	0	1	0	0	0	0	0
C	Marios	23	132	5	1	32____	23843	10	0	0	0	0	0	0	0	0	1	0
C	Marios	23	132	5	1	32____	24000	10	1	0	0	0	0	0	0	0	0	0
C	Marios	23	132	5	1	32____	24939	1	0	0	0	0	1	0	0	0	0	0
C	Marios	23	132	5	1	32____	24942	1	0	0	0	0	0	0	0	0	1	0
C	Marios	23	132	5	1	32____	24943	1	0	0	0	0	1	0	0	0	0	0
C	Marios	23	132	5	1	32____	24973	1	0	0	0	0	0	0	0	0	1	0
C	Marios	23	132	5	1	32____	25360	1	0	0	0	0	1	0	0	0	0	0
C	Marios	23	132	5	1	32____	25660	1	0	0	0	0	0	0	0	0	1	0
C	Marios	23	132	5	1	32____	26990	1	0	0	0	0	1	0	0	0	0	0
C	Marios	23	132	5	1	32____	27000	1	2	0	0	0	0	0	0	0	0	0
C	Marios	23	132	5	1	32____	27011	2	0	0	0	0	0	0	0	0	1	0
C	Marios	23	132	5	1	32____	27500	2	16	0	0	0	0	0	0	0	0	0
C	Marios	23	132	5	1	32____	28000	16	15	0	0	0	0	0	0	0	0	0
C	Marios	23	132	5	1	32____	28500	15	1	0	0	0	0	0	0	0	0	0
C	Marios	23	132	5	1	32____	29176	1	0	0	0	0	1	0	0	0	0	0
C	Marios	23	132	5	1	32____	29219	1	0	0	0	0	0	0	0	0	1	0
C	Marios	23	132	5	1	32____	30102	1	0	0	0	0	1	0	0	0	0	0
C	Marios	23	132	5	1	32____	30145	1	0	0	0	0	0	0	0	0	1	0
C	Marios	23	132	5	1	32____	31160	1	0	0	0	0	1	0	0	0	0	0
C	Marios	23	132	5	1	32____	31242	1	0	0	0	0	0	0	0	0	1	0
C	Marios	23	132	5	1	32____	31293	1	0	0	0	0	1	0	0	0	0	0
C	Marios	23	132	5	1	32____	31360	1	0	0	0	0	0	0	0	0	1	0
C	Marios	23	132	5	1	32____	32541	1	0	0	0	0	1	0	0	0	0	0
C	Marios	23	132	5	1	32____	32580	1	0	0	0	0	0	0	0	0	1	0
C	Marios	23	132	5	1	32____	32777	1	0	0	0	0	1	0	0	0	0	0
C	Marios	23	132	5	1	32____	32848	1	0	0	0	0	0	0	0	0	1	0
C	Marios	23	132	5	1	32____	33000	1	2	0	0	0	0	0	0	0	0	0
C	Marios	23	132	5	1	32____	33092	2	0	0	0	0	1	0	0	0	0	0
C	Marios	23	132	5	1	32____	33127	2	0	0	0	0	0	0	0	0	1	0
C	Marios	23	132	5	1	32____	33500	2	16	0	0	0	0	0	0	0	0	0
C	Marios	23	132	5	1	32____	34000	16	15	0	0	0	0	0	0	0	0	0
C	Marios	23	132	5	1	32____	34155	15	0	0	0	0	1	0	0	0	0	0
C	Marios	23	132	5	1	32____	34204	15	0	0	0	0	0	0	0	0	1	0
C	Marios	23	132	5	1	32____	34500	15	1	0	0	0	0	0	0	0	0	0
C	Marios	23	132	5	1	32____	35165	1	0	0	0	0	1	0	0	0	0	0
C	Marios	23	132	5	1	32____	35171	1	0	0	0	0	0	0	0	0	1	0
C	Marios	23	132	5	1	32____	35209	1	0	0	0	0	1	0	0	0	0	0
C	Marios	23	132	5	1	32____	35251	1	0	0	0	0	0	0	0	0	1	0
C	Marios	23	132	5	1	32____	35329	1	0	0	0	0	1	0	0	0	0	0
C	Marios	23	132	5	1	32____	35401	1	0	0	0	0	0	0	0	0	1	0
C	Marios	23	132	5	1	32____	37648	1	0	0	0	0	1	0	0	0	0	0
C	Marios	23	132	5	1	32____	37682	1	0	0	0	0	0	0	0	0	1	0
C	Marios	23	132	5	1	32____	37766	1	0	0	0	0	1	0	0	0	0	0
C	Marios	23	132	5	1	32____	37768	1	0	0	0	0	0	0	0	0	1	0
C	Marios	23	132	5	1	32____	37772	1	0	0	0	0	1	0	0	0	0	0
C	Marios	23	132	5	1	32____	38063	1	0	0	0	0	0	0	0	0	1	0
C	Marios	23	132	5	1	32____	38065	1	0	0	0	0	1	0	0	0	0	0
C	Marios	23	132	5	1	32____	38068	1	0	0	0	0	0	0	0	0	1	0
C	Marios	23	132	5	1	32____	38073	1	0	0	0	0	1	0	0	0	0	0
C	Marios	23	132	5	1	32____	38105	1	0	0	0	0	0	0	0	0	1	0
C	Marios	23	132	5	1	32____	38119	1	0	0	0	0	1	0	0	0	0	0
C	Marios	23	132	5	1	32____	38153	1	0	0	0	0	0	0	0	0	1	0
C	Marios	23	132	5	1	32____	38306	1	0	0	0	0	1	0	0	0	0	0
C	Marios	23	132	5	1	32____	38326	1	0	0	0	0	0	0	0	0	1	0
C	Marios	23	132	5	1	32____	40366	1	0	0	0	0	1	0	0	0	0	0
C	Marios	23	132	5	1	32____	40621	1	0	0	0	0	0	0	0	0	1	0
C	Marios	23	132	5	1	32____	40733	1	0	0	0	0	1	0	0	0	0	0
C	Marios	23	132	5	1	32____	40738	1	0	0	0	0	0	0	0	0	1	0
C	Marios	23	132	5	1	32____	40750	1	0	0	0	0	1	0	0	0	0	0
C	Marios	23	132	5	1	32____	40755	1	0	0	0	0	1	0	0	0	1	0
C	Marios	23	132	5	1	32____	40860	1	0	0	0	0	0	0	0	0	1	0
C	Marios	23	132	5	1	32____	41250	1	2	0	0	0	0	0	0	0	0	0
C	Marios	23	132	5	1	32____	41253	2	0	0	0	0	1	0	0	0	0	0
C	Marios	23	132	5	1	32____	41314	2	0	0	0	0	0	0	0	0	1	0
C	Marios	23	132	5	1	32____	41745	2	0	0	0	0	1	0	0	0	0	0
C	Marios	23	132	5	1	32____	41750	2	7	0	0	0	0	0	0	0	0	0
C	Marios	23	132	5	1	32____	41756	7	0	0	0	0	0	0	0	0	1	0
C	Marios	23	132	5	1	32____	41847	7	0	0	0	0	1	0	0	0	0	0
C	Marios	23	132	5	1	32____	41947	7	0	0	0	0	0	0	0	0	1	0
C	Marios	23	132	5	1	32____	41987	7	0	0	0	0	1	0	0	0	0	0
C	Marios	23	132	5	1	32____	42075	7	0	0	0	0	0	0	0	0	1	0
C	Marios	23	132	5	1	32____	42130	7	0	0	0	0	1	0	0	0	0	0
C	Marios	23	132	5	1	32____	42220	7	0	0	0	0	0	0	0	0	1	0
C	Marios	23	132	5	1	32____	42233	7	0	0	0	0	1	0	0	0	0	0
C	Marios	23	132	5	1	32____	42250	7	10	0	0	0	0	0	0	0	0	0
C	Marios	23	132	5	1	32____	42430	10	0	0	0	0	0	0	0	0	1	0
C	Marios	23	132	5	1	32____	42445	10	0	0	0	0	1	0	0	0	0	0
C	Marios	23	132	5	1	32____	42611	10	0	0	0	0	0	0	0	0	1	0
C	Marios	23	132	5	1	32____	42750	10	1	0	0	0	0	0	0	0	0	0
C	Marios	23	132	5	1	32____	42775	1	0	0	0	0	1	0	0	0	0	0
C	Marios	23	132	5	1	32____	43608	1	0	0	0	0	0	0	0	0	1	0
C	Marios	23	132	5	1	32____	43627	1	0	0	0	0	1	0	0	0	0	0
C	Marios	23	132	5	1	32____	43659	1	0	0	0	0	0	0	0	0	1	0
C	Marios	23	132	5	1	32____	43710	1	0	0	0	0	1	0	0	0	0	0
C	Marios	23	132	5	1	32____	43715	1	0	0	0	0	0	0	0	0	1	0
C	Marios	23	132	5	1	32____	43726	1	0	0	0	0	1	0	0	0	0	0
C	Marios	23	132	5	1	32____	43737	1	0	0	0	0	0	0	0	0	1	0
C	Marios	23	132	5	1	32____	43767	1	0	0	0	0	1	0	0	0	0	0
C	Marios	23	132	5	1	32____	43818	1	0	0	0	0	0	0	0	0	1	0
C	Marios	23	132	5	1	32____	43916	1	0	0	0	0	1	0	0	0	0	0
C	Marios	23	132	5	1	32____	43966	1	0	0	0	0	0	0	0	0	1	0
C	Marios	23	132	5	1	32____	43969	1	0	0	0	0	1	0	0	0	0	0
C	Marios	23	132	5	1	32____	43973	1	0	0	0	0	0	0	0	0	1	0
C	Marios	23	132	5	1	32____	43974	1	0	0	0	0	1	0	0	0	0	0
C	Marios	23	132	5	1	32____	44091	1	0	0	0	0	0	0	0	0	1	0
C	Marios	23	132	5	1	32____	44106	1	0	0	0	0	1	0	0	0	0	0
C	Marios	23	132	5	1	32____	44289	1	0	0	0	0	0	0	0	0	1	0
C	Marios	23	132	5	1	32____	44294	1	0	0	0	0	1	0	0	0	0	0
C	Marios	23	132	5	1	32____	44336	1	0	0	0	0	0	0	0	0	1	0
C	Marios	23	132	5	1	32____	44366	1	0	0	0	0	1	0	0	0	0	0
C	Marios	23	132	5	1	32____	44371	1	0	0	0	0	1	0	0	0	1	0
C	Marios	23	132	5	1	32____	44382	1	0	0	0	0	1	0	0	0	1	0
C	Marios	23	132	5	1	32____	44646	1	0	0	0	0	0	0	0	0	1	0
C	Marios	23	132	5	1	32____	45469	1	0	0	0	0	1	0	0	0	0	0
C	Marios	23	132	5	1	32____	45716	1	0	0	0	0	0	0	0	0	1	0
C	Marios	23	132	5	1	32____	45719	1	0	0	0	0	1	0	0	0	0	0
C	Marios	23	132	5	1	32____	45762	1	0	0	0	0	0	0	0	0	1	0
C	Marios	23	132	5	1	32____	45971	1	0	0	0	0	1	0	0	0	0	0
C	Marios	23	132	5	1	32____	46597	1	0	0	0	0	0	0	0	0	1	0
C	Marios	23	132	5	1	32____	47774	1	0	0	0	0	1	0	0	0	0	0
C	Marios	23	132	5	1	32____	48144	1	0	0	0	0	0	0	0	0	1	0
C	Marios	23	132	5	1	32____	48145	1	0	0	0	0	1	0	0	0	0	0
C	Marios	23	132	5	1	32____	48152	1	0	0	0	0	0	0	0	0	1	0
C	Marios	23	132	5	1	32____	48228	1	0	0	0	0	1	0	0	0	0	0
C	Marios	23	132	5	1	32____	48412	1	0	0	0	0	0	0	0	0	1	0
C	Marios	23	132	5	1	32____	49438	1	0	0	0	0	1	0	0	0	0	0
C	Marios	23	132	5	1	32____	49506	1	0	0	0	0	0	0	0	0	1	0
C	Marios	23	132	5	1	32____	49525	1	0	0	0	0	1	0	0	0	0	0
C	Marios	23	132	5	1	32____	49531	1	0	0	0	0	0	0	0	0	1	0
C	Marios	23	132	5	1	32____	50250	1	2	0	0	0	0	0	0	0	0	0
C	Marios	23	132	5	1	32____	50597	2	0	0	0	0	1	0	0	0	0	0
C	Marios	23	132	5	1	32____	50695	2	0	0	0	0	0	0	0	0	1	0
C	Marios	23	132	5	1	32____	50750	2	16	0	0	0	0	0	0	0	0	0
C	Marios	23	132	5	1	32____	51250	16	15	0	0	0	0	0	0	0	0	0
C	Marios	23	132	5	1	32____	51415	15	0	0	0	0	1	0	0	0	0	0
C	Marios	23	132	5	1	32____	51472	15	0	0	0	0	0	0	0	0	1	0
C	Marios	23	132	5	1	32____	51750	15	1	0	0	0	0	0	0	0	0	0
C	Marios	23	132	5	1	32____	52528	1	0	0	0	0	1	0	0	0	0	0
C	Marios	23	132	5	1	32____	52530	1	0	0	0	0	0	0	0	0	1	0
C	Marios	23	132	5	1	32____	52575	1	0	0	0	0	1	0	0	0	0	0
C	Marios	23	132	5	1	32____	52620	1	0	0	0	0	0	0	0	0	1	0
C	Marios	23	132	5	1	32____	52656	1	0	0	0	0	1	0	0	0	0	0
C	Marios	23	132	5	1	32____	52882	1	0	0	0	0	0	0	0	0	1	0
C	Marios	23	132	5	1	32____	53479	1	0	0	0	0	1	0	0	0	0	0
C	Marios	23	132	5	1	32____	53508	1	0	0	0	0	0	0	0	0	1	0
C	Marios	23	132	5	1	32____	54958	1	0	0	0	0	1	0	0	0	0	0
C	Marios	23	132	5	1	32____	55023	1	0	0	0	0	0	0	0	0	1	0
C	Marios	23	132	5	1	32____	55843	1	0	0	0	0	1	0	0	0	0	0
C	Marios	23	132	5	1	32____	55849	1	0	0	0	0	0	0	0	0	1	0
C	Marios	23	132	5	1	32____	55940	1	0	0	0	0	1	0	0	0	0	0
C	Marios	23	132	5	1	32____	56152	1	0	0	0	0	0	0	0	0	1	0
C	Marios	23	132	5	1	32____	57250	1	2	0	0	0	0	0	0	0	0	0
C	Marios	23	132	5	1	32____	57750	2	6	0	0	0	0	0	0	0	0	0
C	Marios	23	132	5	1	32____	57941	6	0	0	0	0	1	0	0	0	0	0
C	Marios	23	132	5	1	32____	58147	6	0	0	0	0	0	0	0	0	1	0
C	Marios	23	132	5	1	32____	58157	6	0	0	0	0	1	0	0	0	0	0
C	Marios	23	132	5	1	32____	58197	6	0	0	0	0	0	0	0	0	1	0
C	Marios	23	132	5	1	32____	58215	6	0	0	0	0	1	0	0	0	0	0
C	Marios	23	132	5	1	32____	58250	6	11	0	0	0	0	0	0	0	0	0
C	Marios	23	132	5	1	32____	58520	11	0	0	0	0	0	0	0	0	1	0
C	Marios	23	132	5	1	32____	58532	11	0	0	0	0	1	0	0	0	0	0
C	Marios	23	132	5	1	32____	58534	11	0	0	0	0	0	0	0	0	1	0
C	Marios	23	132	5	1	32____	58537	11	0	0	0	0	1	0	0	0	0	0
C	Marios	23	132	5	1	32____	58562	11	0	0	0	0	0	0	0	0	1	0
C	Marios	23	132	5	1	32____	58563	11	0	0	0	0	1	0	0	0	0	0
C	Marios	23	132	5	1	32____	58572	11	0	0	0	0	0	0	0	0	1	0
C	Marios	23	132	5	1	32____	58590	11	0	0	0	0	1	0	0	0	0	0
C	Marios	23	132	5	1	32____	58602	11	0	0	0	0	0	0	0	0	1	0
C	Marios	23	132	5	1	32____	58605	11	0	0	0	0	1	0	0	0	0	0
C	Marios	23	132	5	1	32____	58609	11	0	0	0	0	0	0	0	0	1	0
C	Marios	23	132	5	1	32____	58631	11	0	0	0	0	1	0	0	0	0	0
C	Marios	23	132	5	1	32____	58634	11	0	0	0	0	0	0	0	0	1	0
C	Marios	23	132	5	1	32____	58660	11	0	0	0	0	1	0	0	0	0	0
C	Marios	23	132	5	1	32____	58686	11	0	0	0	0	0	0	0	0	1	0
C	Marios	23	132	5	1	32____	58687	11	0	0	0	0	1	0	0	0	0	0
C	Marios	23	132	5	1	32____	58690	11	0	0	0	0	0	0	0	0	1	0
C	Marios	23	132	5	1	32____	58730	11	0	0	0	0	1	0	0	0	0	0
C	Marios	23	132	5	1	32____	58750	11	1	0	0	0	0	0	0	0	0	0
C	Marios	23	132	5	1	32____	58763	1	0	0	0	0	0	0	0	0	1	0
C	Marios	23	132	5	1	32____	58765	1	0	0	0	0	1	0	0	0	0	0
C	Marios	23	132	5	1	32____	58776	1	0	0	0	0	0	0	0	0	1	0
C	Marios	23	132	5	1	32____	58792	1	0	0	0	0	1	0	0	0	0	0
C	Marios	23	132	5	1	32____	58794	1	0	0	0	0	0	0	0	0	1	0
C	Marios	23	132	5	1	32____	58797	1	0	0	0	0	1	0	0	0	0	0
C	Marios	23	132	5	1	32____	58804	1	0	0	0	0	0	0	0	0	1	0
C	Marios	23	132	5	1	32____	58824	1	0	0	0	0	1	0	0	0	0	0
C	Marios	23	132	5	1	32____	58904	1	0	0	0	0	0	0	0	0	1	0
C	Marios	23	132	5	1	32____	58905	1	0	0	0	0	1	0	0	0	0	0
C	Marios	23	132	5	1	32____	58960	1	0	0	0	0	0	0	0	0	1	0
C	Marios	23	132	5	1	32____	59548	1	0	0	0	0	1	0	0	0	0	0
C	Marios	23	132	5	1	32____	59585	1	0	0	0	0	0	0	0	0	1	0
C	Marios	23	132	5	1	32____	61387	1	0	0	0	0	1	0	0	0	0	0
C	Marios	23	132	5	1	32____	61434	1	0	0	0	0	0	0	0	0	1	0
C	Marios	23	132	5	1	32____	62250	1	2	0	0	0	0	0	0	0	0	0
C	Marios	23	132	5	1	32____	62750	2	17	0	0	0	0	0	0	0	0	0
C	Marios	23	132	5	1	32____	63133	17	0	0	0	0	1	0	0	0	0	0
C	Marios	23	132	5	1	32____	63143	17	0	0	0	0	0	0	0	0	1	0
C	Marios	23	132	5	1	32____	63197	17	0	0	0	0	1	0	0	0	0	0
C	Marios	23	132	5	1	32____	63244	17	0	0	0	0	0	0	0	0	1	0
C	Marios	23	132	5	1	32____	63250	17	15	0	0	0	0	0	0	0	0	0
C	Marios	23	132	5	1	32____	63303	15	0	0	0	0	1	0	0	0	0	0
C	Marios	23	132	5	1	32____	63387	15	0	0	0	0	0	0	0	0	1	0
C	Marios	23	132	5	1	32____	63469	15	0	0	0	0	1	0	0	0	0	0
C	Marios	23	132	5	1	32____	63563	15	0	0	0	0	0	0	0	0	1	0
C	Marios	23	132	5	1	32____	63702	15	0	0	0	0	1	0	0	0	0	0
C	Marios	23	132	5	1	32____	63710	15	0	0	0	0	0	0	0	0	1	0
C	Marios	23	132	5	1	32____	63724	15	0	0	0	0	1	0	0	0	0	0
C	Marios	23	132	5	1	32____	63745	15	0	0	0	0	0	0	0	0	1	0
C	Marios	23	132	5	1	32____	63750	15	1	0	0	0	0	0	0	0	0	0
C	Marios	23	132	5	1	32____	64722	1	0	0	0	0	1	0	0	0	0	0
C	Marios	23	132	5	1	32____	64738	1	0	0	0	0	0	0	0	0	1	0
C	Marios	23	132	5	1	32____	64772	1	0	0	0	0	1	0	0	0	0	0
C	Marios	23	132	5	1	32____	64791	1	0	0	0	0	0	0	0	0	1	0
C	Marios	23	132	5	1	32____	65250	1	2	0	0	0	0	0	0	0	0	0
C	Marios	23	132	5	1	32____	65750	2	16	0	0	0	0	0	0	0	0	0
C	Marios	23	132	5	1	32____	66250	16	15	0	0	0	0	0	0	0	0	0
C	Marios	23	132	5	1	32____	66488	15	0	0	0	0	1	0	0	0	0	0
C	Marios	23	132	5	1	32____	66508	15	0	0	0	0	0	0	0	0	1	0
C	Marios	23	132	5	1	32____	66750	15	1	0	0	0	0	0	0	0	0	0
C	Marios	23	132	5	1	32____	67102	1	0	0	0	0	1	0	0	0	0	0
C	Marios	23	132	5	1	32____	67186	1	0	0	0	0	0	0	0	0	1	0
C	Marios	23	132	5	1	32____	67380	1	0	0	0	0	1	0	0	0	0	0
C	Marios	23	132	5	1	32____	67436	1	0	0	0	0	0	0	0	0	1	0
C	Marios	23	132	5	1	32____	67689	1	0	0	0	0	1	0	0	0	0	0
C	Marios	23	132	5	1	32____	67712	1	0	0	0	0	0	0	0	0	1	0
C	Marios	23	132	5	1	32____	67717	1	0	0	0	0	1	0	0	0	0	0
C	Marios	23	132	5	1	32____	67807	1	0	0	0	0	0	0	0	0	1	0
C	Marios	23	132	5	1	32____	67814	1	0	0	0	0	1	0	0	0	0	0
C	Marios	23	132	5	1	32____	67823	1	0	0	0	0	0	0	0	0	1	0
C	Marios	23	132	5	1	32____	68851	1	0	0	0	0	1	0	0	0	0	0
C	Marios	23	132	5	1	32____	68864	1	0	0	0	0	0	0	0	0	1	0
C	Marios	23	132	5	1	32____	69597	1	0	0	0	0	1	0	0	0	0	0
C	Marios	23	132	5	1	32____	69637	1	0	0	0	0	0	0	0	0	1	0
C	Marios	23	132	5	1	32____	70500	1	2	0	0	0	0	0	0	0	0	0
C	Marios	23	132	5	1	32____	70872	2	0	0	0	0	1	0	0	0	0	0
C	Marios	23	132	5	1	32____	70874	2	0	0	0	0	0	0	0	0	1	0
C	Marios	23	132	5	1	32____	71000	2	17	0	0	0	0	0	0	0	0	0
C	Marios	23	132	5	1	32____	71111	17	0	0	0	0	1	0	0	0	0	0
C	Marios	23	132	5	1	32____	71143	17	0	0	0	0	0	0	0	0	1	0
C	Marios	23	132	5	1	32____	71256	17	0	0	0	0	1	0	0	0	0	0
C	Marios	23	132	5	1	32____	71385	17	0	0	0	0	0	0	0	0	1	0
C	Marios	23	132	5	1	32____	71500	17	15	0	0	0	0	0	0	0	0	0
C	Marios	23	132	5	1	32____	71712	15	0	0	0	0	1	0	0	0	0	0
C	Marios	23	132	5	1	32____	71839	15	0	0	0	0	0	0	0	0	1	0
C	Marios	23	132	5	1	32____	72000	15	1	0	0	0	0	0	0	0	0	0
C	Marios	23	132	5	1	32____	73049	1	0	0	0	0	1	0	0	0	0	0
C	Marios	23	132	5	1	32____	73055	1	0	0	0	0	0	0	0	0	1	0
C	Marios	23	132	5	1	32____	73057	1	0	0	0	0	1	0	0	0	0	0
C	Marios	23	132	5	1	32____	73085	1	0	0	0	0	0	0	0	0	1	0
C	Marios	23	132	5	1	32____	73092	1	0	0	0	0	1	0	0	0	0	0
C	Marios	23	132	5	1	32____	73095	1	0	0	0	0	0	0	0	0	1	0
C	Marios	23	132	5	1	32____	73126	1	0	0	0	0	1	0	0	0	0	0
C	Marios	23	132	5	1	32____	73129	1	0	0	0	0	0	0	0	0	1	0
C	Marios	23	132	5	1	32____	73131	1	0	0	0	0	1	0	0	0	0	0
C	Marios	23	132	5	1	32____	73136	1	0	0	0	0	0	0	0	0	1	0
C	Marios	23	132	5	1	32____	73139	1	0	0	0	0	1	0	0	0	0	0
C	Marios	23	132	5	1	32____	73140	1	0	0	0	0	0	0	0	0	1	0
C	Marios	23	132	5	1	32____	73217	1	0	0	0	0	1	0	0	0	0	0
C	Marios	23	132	5	1	32____	73296	1	0	0	0	0	0	0	0	0	1	0
C	Marios	23	132	5	1	32____	74638	1	0	0	0	0	1	0	0	0	0	0
C	Marios	23	132	5	1	32____	74788	1	0	0	0	0	0	0	0	0	1	0
C	Marios	23	132	5	1	32____	74913	1	0	0	0	0	1	0	0	0	0	0
C	Marios	23	132	5	1	32____	75034	1	0	0	0	0	0	0	0	0	1	0
C	Marios	23	132	5	1	32____	75552	1	0	0	0	0	1	0	0	0	0	0
C	Marios	23	132	5	1	32____	75670	1	0	0	0	0	0	0	0	0	1	0
C	Marios	23	132	5	1	32____	75723	1	0	0	0	0	1	0	0	0	0	0
C	Marios	23	132	5	1	32____	75732	1	0	0	0	0	0	0	0	0	1	0
C	Marios	23	132	5	1	32____	75833	1	0	0	0	0	1	0	0	0	0	0
C	Marios	23	132	5	1	32____	76183	1	0	0	0	0	0	0	0	0	1	0
C	Marios	23	132	5	1	32____	77343	1	0	0	0	0	1	0	0	0	0	0
C	Marios	23	132	5	1	32____	77431	1	0	0	0	0	0	0	0	0	1	0
C	Marios	23	132	5	1	32____	77500	1	2	0	0	0	0	0	0	0	0	0
C	Marios	23	132	5	1	32____	77948	2	0	0	0	0	1	0	0	0	0	0
C	Marios	23	132	5	1	32____	77967	2	0	0	0	0	0	0	0	0	1	0
C	Marios	23	132	5	1	32____	77970	2	0	0	0	0	1	0	0	0	0	0
C	Marios	23	132	5	1	32____	77975	2	0	0	0	0	0	0	0	0	1	0
C	Marios	23	132	5	1	32____	78000	2	6	0	0	0	0	0	0	0	0	0
C	Marios	23	132	5	1	32____	78058	6	0	0	0	0	1	0	0	0	0	0
C	Marios	23	132	5	1	32____	78071	6	0	0	0	0	0	0	0	0	1	0
C	Marios	23	132	5	1	32____	78163	6	0	0	0	0	1	0	0	0	0	0
C	Marios	23	132	5	1	32____	78177	6	0	0	0	0	0	0	0	0	1	0
C	Marios	23	132	5	1	32____	78196	6	0	0	0	0	1	0	0	0	0	0
C	Marios	23	132	5	1	32____	78314	6	0	0	0	0	0	0	0	0	1	0
C	Marios	23	132	5	1	32____	78328	6	0	0	0	0	1	0	0	0	0	0
C	Marios	23	132	5	1	32____	78489	6	0	0	0	0	0	0	0	0	1	0
C	Marios	23	132	5	1	32____	78500	6	11	0	0	0	0	0	0	0	0	0
C	Marios	23	132	5	1	32____	78503	11	0	0	0	0	1	0	0	0	0	0
C	Marios	23	132	5	1	32____	78881	11	0	0	0	0	0	0	0	0	1	0
C	Marios	23	132	5	1	32____	78884	11	0	0	0	0	1	0	0	0	0	0
C	Marios	23	132	5	1	32____	78893	11	0	0	0	0	0	0	0	0	1	0
C	Marios	23	132	5	1	32____	78897	11	0	0	0	0	1	0	0	0	0	0
C	Marios	23	132	5	1	32____	79000	11	1	0	0	0	0	0	0	0	0	0
C	Marios	23	132	5	1	32____	79076	1	0	0	0	0	0	0	0	0	1	0
C	Marios	23	132	5	1	32____	79081	1	0	0	0	0	1	0	0	0	0	0
C	Marios	23	132	5	1	32____	79084	1	0	0	0	0	0	0	0	0	1	0
C	Marios	23	132	5	1	32____	79088	1	0	0	0	0	1	0	0	0	0	0
C	Marios	23	132	5	1	32____	79106	1	0	0	0	0	0	0	0	0	1	0
C	Marios	23	132	5	1	32____	79134	1	0	0	0	0	1	0	0	0	0	0
C	Marios	23	132	5	1	32____	79136	1	0	0	0	0	0	0	0	0	1	0
C	Marios	23	132	5	1	32____	79152	1	0	0	0	0	1	0	0	0	0	0
C	Marios	23	132	5	1	32____	79154	1	0	0	0	0	0	0	0	0	1	0
C	Marios	23	132	5	1	32____	79231	1	0	0	0	0	1	0	0	0	0	0
C	Marios	23	132	5	1	32____	79319	1	0	0	0	0	0	0	0	0	1	0
C	Marios	23	132	5	1	32____	79706	1	0	0	0	0	1	0	0	0	0	0
C	Marios	23	132	5	1	32____	79788	1	0	0	0	0	0	0	0	0	1	0
C	Marios	23	132	5	1	32____	81094	1	0	0	0	0	1	0	0	0	0	0
C	Marios	23	132	5	1	32____	81103	1	0	0	0	0	0	0	0	0	1	0
C	Marios	23	132	5	1	32____	81250	1	2	0	0	0	0	0	0	0	0	0
C	Marios	23	132	5	1	32____	81750	2	17	0	0	0	0	0	0	0	0	0
C	Marios	23	132	5	1	32____	82250	17	15	0	0	0	0	0	0	0	0	0
C	Marios	23	132	5	1	32____	82443	15	0	0	0	0	1	0	0	0	0	0
C	Marios	23	132	5	1	32____	82519	15	0	0	0	0	0	0	0	0	1	0
C	Marios	23	132	5	1	32____	82750	15	1	0	0	0	0	0	0	0	0	0
C	Marios	23	132	5	1	32____	83283	1	0	0	0	0	1	0	0	0	0	0
C	Marios	23	132	5	1	32____	83365	1	0	0	0	0	0	0	0	0	1	0
C	Marios	23	132	5	1	32____	83412	1	0	0	0	0	1	0	0	0	0	0
C	Marios	23	132	5	1	32____	83877	1	0	0	0	0	0	0	0	0	1	0
C	Marios	23	132	5	1	32____	83879	1	0	0	0	0	1	0	0	0	0	0
C	Marios	23	132	5	1	32____	83890	1	0	0	0	0	0	0	0	0	1	0
C	Marios	23	132	5	1	32____	83892	1	0	0	0	0	1	0	0	0	0	0
C	Marios	23	132	5	1	32____	83900	1	0	0	0	0	0	0	0	0	1	0
C	Marios	23	132	5	1	32____	83933	1	0	0	0	0	1	0	0	0	0	0
C	Marios	23	132	5	1	32____	83936	1	0	0	0	0	1	0	0	0	1	0
C	Marios	23	132	5	1	32____	83974	1	0	0	0	0	0	0	0	0	1	0
C	Marios	23	132	5	1	32____	83983	1	0	0	0	0	1	0	0	0	0	0
C	Marios	23	132	5	1	32____	84000	1	0	0	0	0	0	0	0	0	1	0
C	Marios	23	132	5	1	32____	84006	1	0	0	0	0	1	0	0	0	0	0
C	Marios	23	132	5	1	32____	84033	1	0	0	0	0	0	0	0	0	1	0
C	Marios	23	132	5	1	32____	84220	1	0	0	0	0	1	0	0	0	0	0
C	Marios	23	132	5	1	32____	84381	1	0	0	0	0	1	0	0	0	1	0
C	Marios	23	132	5	1	32____	84384	1	0	0	0	0	0	0	0	0	1	0
C	Marios	23	132	5	1	32____	84511	1	0	0	0	0	1	0	0	0	0	0
C	Marios	23	132	5	1	32____	84764	1	0	0	0	0	0	0	0	0	1	0
C	Marios	23	132	5	1	32____	85128	1	0	0	0	0	1	0	0	0	0	0
C	Marios	23	132	5	1	32____	85243	1	0	0	0	0	0	0	0	0	1	0
C	Marios	23	132	5	1	32____	86595	1	0	0	0	0	1	0	0	0	0	0
C	Marios	23	132	5	1	32____	86600	1	0	0	0	0	0	0	0	0	1	0
C	Marios	23	132	5	1	32____	86658	1	0	0	0	0	1	0	0	0	0	0
C	Marios	23	132	5	1	32____	86696	1	0	0	0	0	0	0	0	0	1	0
C	Marios	23	132	5	1	32____	87001	1	0	0	0	0	1	0	0	0	0	0
C	Marios	23	132	5	1	32____	87012	1	0	0	0	0	0	0	0	0	1	0
C	Marios	23	132	5	1	32____	89561	1	0	0	0	0	1	0	0	0	0	0
C	Marios	23	132	5	1	32____	89655	1	0	0	0	0	0	0	0	0	1	0
C	Marios	23	132	5	1	32____	90250	1	2	0	0	0	0	0	0	0	0	0
C	Marios	23	132	5	1	32____	90750	2	16	0	0	0	0	0	0	0	0	0
C	Marios	23	132	5	1	32____	91059	16	0	0	0	0	1	0	0	0	0	0
C	Marios	23	132	5	1	32____	91062	16	0	0	0	0	0	0	0	0	1	0
C	Marios	23	132	5	1	32____	91127	16	0	0	0	0	1	0	0	0	0	0
C	Marios	23	132	5	1	32____	91199	16	0	0	0	0	0	0	0	0	1	0
C	Marios	23	132	5	1	32____	91250	16	15	0	0	0	0	0	0	0	0	0
C	Marios	23	132	5	1	32____	91287	15	0	0	0	0	1	0	0	0	0	0
C	Marios	23	132	5	1	32____	91343	15	0	0	0	0	0	0	0	0	1	0
C	Marios	23	132	5	1	32____	91750	15	1	0	0	0	0	0	0	0	0	0
C	Marios	23	132	5	1	32____	91819	1	0	0	0	0	1	0	0	0	0	0
C	Marios	23	132	5	1	32____	91861	1	0	0	0	0	0	0	0	0	1	0
C	Marios	23	132	5	1	32____	91865	1	0	0	0	0	1	0	0	0	0	0
C	Marios	23	132	5	1	32____	91892	1	0	0	0	0	0	0	0	0	1	0
C	Marios	23	132	5	1	32____	91909	1	0	0	0	0	1	0	0	0	0	0
C	Marios	23	132	5	1	32____	91967	1	0	0	0	0	0	0	0	0	1	0
C	Marios	23	132	5	1	32____	91970	1	0	0	0	0	1	0	0	0	0	0
C	Marios	23	132	5	1	32____	91985	1	0	0	0	0	0	0	0	0	1	0
C	Marios	23	132	5	1	32____	91992	1	0	0	0	0	1	0	0	0	0	0
C	Marios	23	132	5	1	32____	91996	1	0	0	0	0	0	0	0	0	1	0
C	Marios	23	132	5	1	32____	92008	1	0	0	0	0	1	0	0	0	0	0
C	Marios	23	132	5	1	32____	92012	1	0	0	0	0	0	0	0	0	1	0
C	Marios	23	132	5	1	32____	92161	1	0	0	0	0	1	0	0	0	0	0
C	Marios	23	132	5	1	32____	92164	1	0	0	0	0	0	0	0	0	1	0
C	Marios	23	132	5	1	32____	92941	1	0	0	0	0	1	0	0	0	0	0
C	Marios	23	132	5	1	32____	92955	1	0	0	0	0	0	0	0	0	1	0
C	Marios	23	132	5	1	32____	92978	1	0	0	0	0	1	0	0	0	0	0
C	Marios	23	132	5	1	32____	92984	1	0	0	0	0	0	0	0	0	1	0
C	Marios	23	132	5	1	32____	93172	1	0	0	0	0	1	0	0	0	0	0
C	Marios	23	132	5	1	32____	93221	1	0	0	0	0	0	0	0	0	1	0
C	Marios	23	132	5	1	32____	93668	1	0	0	0	0	1	0	0	0	0	0
C	Marios	23	132	5	1	32____	93701	1	0	0	0	0	0	0	0	0	1	0
C	Marios	23	132	5	1	32____	94750	1	2	0	0	0	0	0	0	0	0	0
C	Marios	23	132	5	1	32____	95250	2	17	0	0	0	0	0	0	0	0	0
C	Marios	23	132	5	1	32____	95330	17	0	0	0	0	1	0	0	0	0	0
C	Marios	23	132	5	1	32____	95416	17	0	0	0	0	0	0	0	0	1	0
C	Marios	23	132	5	1	32____	95488	17	0	0	0	0	1	0	0	0	0	0
C	Marios	23	132	5	1	32____	95547	17	0	0	0	0	0	0	0	0	1	0
C	Marios	23	132	5	1	32____	95584	17	0	0	0	0	1	0	0	0	0	0
C	Marios	23	132	5	1	32____	95673	17	0	0	0	0	0	0	0	0	1	0
C	Marios	23	132	5	1	32____	95750	17	15	0	0	0	1	0	0	0	0	0
C	Marios	23	132	5	1	32____	95836	15	0	0	0	0	0	0	0	0	1	0
C	Marios	23	132	5	1	32____	95882	15	0	0	0	0	1	0	0	0	0	0
C	Marios	23	132	5	1	32____	95996	15	0	0	0	0	0	0	0	0	1	0
C	Marios	23	132	5	1	32____	96250	15	1	0	0	0	0	0	0	0	0	0
C	Marios	23	132	5	1	32____	97510	1	0	0	0	0	1	0	0	0	0	0
C	Marios	23	132	5	1	32____	97568	1	0	0	0	0	0	0	0	0	1	0
C	Marios	23	132	5	1	32____	97575	1	0	0	0	0	1	0	0	0	0	0
C	Marios	23	132	5	1	32____	97672	1	0	0	0	0	0	0	0	0	1	0
C	Marios	23	132	5	1	32____	97680	1	0	0	0	0	1	0	0	0	0	0
C	Marios	23	132	5	1	32____	98110	1	0	0	0	0	0	0	0	0	1	0
C	Marios	23	132	5	1	32____	98115	1	0	0	0	0	1	0	0	0	0	0
C	Marios	23	132	5	1	32____	98139	1	0	0	0	0	0	0	0	0	1	0
C	Marios	23	132	5	1	32____	98140	1	0	0	0	0	1	0	0	0	0	0
C	Marios	23	132	5	1	32____	98142	1	0	0	0	0	0	0	0	0	1	0
C	Marios	23	132	5	1	32____	98149	1	0	0	0	0	1	0	0	0	0	0
C	Marios	23	132	5	1	32____	98151	1	0	0	0	0	0	0	0	0	1	0
C	Marios	23	132	5	1	32____	98154	1	0	0	0	0	1	0	0	0	0	0
C	Marios	23	132	5	1	32____	98177	1	0	0	0	0	0	0	0	0	1	0
C	Marios	23	132	5	1	32____	99420	1	0	0	0	0	1	0	0	0	0	0
C	Marios	23	132	5	1	32____	99426	1	0	0	0	0	0	0	0	0	1	0
C	Marios	23	132	5	1	32____	99502	1	0	0	0	0	1	0	0	0	0	0
C	Marios	23	132	5	1	32____	99514	1	0	0	0	0	0	0	0	0	1	0
C	Marios	23	132	5	1	32____	99750	1	2	0	0	0	0	0	0	0	0	0
C	Marios	23	132	5	1	32____	100250	2	7	0	0	0	0	0	0	0	0	0
C	Marios	23	132	5	1	32____	100406	7	0	0	0	0	1	0	0	0	0	0
C	Marios	23	132	5	1	32____	100446	7	0	0	0	0	0	0	0	0	1	0
C	Marios	23	132	5	1	32____	100750	7	10	0	0	0	0	0	0	0	0	0
C	Marios	23	132	5	1	32____	100949	10	0	0	0	0	1	0	0	0	0	0
C	Marios	23	132	5	1	32____	101107	10	0	0	0	0	0	0	0	0	1	0
C	Marios	23	132	5	1	32____	101250	10	1	0	0	0	0	0	0	0	0	0
C	Marios	23	132	5	1	32____	101374	1	0	0	0	0	1	0	0	0	0	0
C	Marios	23	132	5	1	32____	101413	1	0	0	0	0	0	0	0	0	1	0
C	Marios	23	132	5	1	32____	102011	1	0	0	0	0	1	0	0	0	0	0
C	Marios	23	132	5	1	32____	102031	1	0	0	0	0	0	0	0	0	1	0
C	Marios	23	132	5	1	32____	102035	1	0	0	0	0	1	0	0	0	0	0
C	Marios	23	132	5	1	32____	102042	1	0	0	0	0	0	0	0	0	1	0
C	Marios	23	132	5	1	32____	102180	1	0	0	0	0	1	0	0	0	0	0
C	Marios	23	132	5	1	32____	102191	1	0	0	0	0	0	0	0	0	1	0
C	Marios	23	132	5	1	32____	105465	1	0	0	0	0	1	0	0	0	0	0
C	Marios	23	132	5	1	32____	105508	1	0	0	0	0	0	0	0	0	1	0
C	Marios	23	132	5	1	32____	105750	1	2	0	0	0	0	0	0	0	0	0
C	Marios	23	132	5	1	32____	105842	2	0	0	0	0	1	0	0	0	0	0
C	Marios	23	132	5	1	32____	105869	2	0	0	0	0	0	0	0	0	1	0
C	Marios	23	132	5	1	32____	106250	2	16	0	0	0	0	0	0	0	0	0
C	Marios	23	132	5	1	32____	106559	16	0	0	0	0	1	0	0	0	0	0
C	Marios	23	132	5	1	32____	106569	16	0	0	0	0	0	0	0	0	1	0
C	Marios	23	132	5	1	32____	106750	16	15	0	0	0	0	0	0	0	0	0
C	Marios	23	132	5	1	32____	107051	15	0	0	0	0	1	0	0	0	0	0
C	Marios	23	132	5	1	32____	107054	15	0	0	0	0	0	0	0	0	1	0
C	Marios	23	132	5	1	32____	107112	15	0	0	0	0	1	0	0	0	0	0
C	Marios	23	132	5	1	32____	107136	15	0	0	0	0	0	0	0	0	1	0
C	Marios	23	132	5	1	32____	107250	15	1	0	0	0	0	0	0	0	0	0
C	Marios	23	132	5	1	32____	107369	1	0	0	0	0	1	0	0	0	0	0
C	Marios	23	132	5	1	32____	107502	1	0	0	0	0	0	0	0	0	1	0
C	Marios	23	132	5	1	32____	108480	1	0	0	0	0	1	0	0	0	0	0
C	Marios	23	132	5	1	32____	108593	1	0	0	0	0	0	0	0	0	1	0
C	Marios	23	132	5	1	32____	108922	1	0	0	0	0	1	0	0	0	0	0
C	Marios	23	132	5	1	32____	108941	1	0	0	0	0	0	0	0	0	1	0
C	Marios	23	132	5	1	32____	108976	1	0	0	0	0	1	0	0	0	0	0
C	Marios	23	132	5	1	32____	108998	1	0	0	0	0	0	0	0	0	1	0
C	Marios	23	132	5	1	32____	110413	1	0	0	0	0	1	0	0	0	0	0
C	Marios	23	132	5	1	32____	110460	1	0	0	0	0	0	0	0	0	1	0
C	Marios	23	132	5	1	32____	110528	1	0	0	0	0	1	0	0	0	0	0
C	Marios	23	132	5	1	32____	110638	1	0	0	0	0	0	0	0	0	1	0
C	Marios	23	132	5	1	32____	111667	1	0	0	0	0	1	0	0	0	0	0
C	Marios	23	132	5	1	32____	111674	1	0	0	0	0	0	0	0	0	1	0
C	Marios	23	132	5	1	32____	111683	1	0	0	0	0	1	0	0	0	0	0
C	Marios	23	132	5	1	32____	111708	1	0	0	0	0	0	0	0	0	1	0
C	Marios	23	132	5	1	32____	111724	1	0	0	0	0	1	0	0	0	0	0
C	Marios	23	132	5	1	32____	111729	1	0	0	0	0	0	0	0	0	1	0
C	Marios	23	132	5	1	32____	111744	1	0	0	0	0	1	0	0	0	0	0
C	Marios	23	132	5	1	32____	111746	1	0	0	0	0	0	0	0	0	1	0
C	Marios	23	132	5	1	32____	111749	1	0	0	0	0	1	0	0	0	0	0
C	Marios	23	132	5	1	32____	111811	1	0	0	0	0	0	0	0	0	1	0
C	Marios	23	132	5	1	32____	111816	1	0	0	0	0	1	0	0	0	0	0
C	Marios	23	132	5	1	32____	111819	1	0	0	0	0	0	0	0	0	1	0
C	Marios	23	132	5	1	32____	111820	1	0	0	0	0	1	0	0	0	0	0
C	Marios	23	132	5	1	32____	111825	1	0	0	0	0	0	0	0	0	1	0
C	Marios	23	132	5	1	32____	111828	1	0	0	0	0	1	0	0	0	0	0
C	Marios	23	132	5	1	32____	111845	1	0	0	0	0	0	0	0	0	1	0
C	Marios	23	132	5	1	32____	111858	1	0	0	0	0	1	0	0	0	0	0
C	Marios	23	132	5	1	32____	111861	1	0	0	0	0	0	0	0	0	1	0
C	Marios	23	132	5	1	32____	111862	1	0	0	0	0	1	0	0	0	0	0
C	Marios	23	132	5	1	32____	111967	1	0	0	0	0	0	0	0	0	1	0
C	Marios	23	132	5	1	32____	112995	1	0	0	0	0	1	0	0	0	0	0
C	Marios	23	132	5	1	32____	112998	1	0	0	0	0	0	0	0	0	1	0
C	Marios	23	132	5	1	32____	113045	1	0	0	0	0	1	0	0	0	0	0
C	Marios	23	132	5	1	32____	113124	1	0	0	0	0	0	0	0	0	1	0
C	Marios	23	132	5	1	32____	113250	1	2	0	0	0	0	0	0	0	0	0
C	Marios	23	132	5	1	32____	113750	2	7	0	0	0	0	0	0	0	0	0
C	Marios	23	132	5	1	32____	113839	7	0	0	0	0	1	0	0	0	0	0
C	Marios	23	132	5	1	32____	113849	7	0	0	0	0	0	0	0	0	1	0
C	Marios	23	132	5	1	32____	113917	7	0	0	0	0	1	0	0	0	0	0
C	Marios	23	132	5	1	32____	114005	7	0	0	0	0	0	0	0	0	1	0
C	Marios	23	132	5	1	32____	114009	7	0	0	0	0	1	0	0	0	0	0
C	Marios	23	132	5	1	32____	114055	7	0	0	0	0	0	0	0	0	1	0
C	Marios	23	132	5	1	32____	114111	7	0	0	0	0	1	0	0	0	0	0
C	Marios	23	132	5	1	32____	114250	7	10	0	0	0	0	0	0	0	0	0
C	Marios	23	132	5	1	32____	114575	10	0	0	0	0	0	0	0	0	1	0
C	Marios	23	132	5	1	32____	114576	10	0	0	0	0	1	0	0	0	0	0
C	Marios	23	132	5	1	32____	114625	10	0	0	0	0	0	0	0	0	1	0
C	Marios	23	132	5	1	32____	114634	10	0	0	0	0	1	0	0	0	0	0
C	Marios	23	132	5	1	32____	114636	10	0	0	0	0	0	0	0	0	1	0
C	Marios	23	132	5	1	32____	114745	10	0	0	0	0	1	0	0	0	0	0
C	Marios	23	132	5	1	32____	114750	10	1	0	0	0	0	0	0	0	0	0
C	Marios	23	132	5	1	32____	115229	1	0	0	0	0	0	0	0	0	1	0
C	Marios	23	132	5	1	32____	115398	1	0	0	0	0	1	0	0	0	0	0
C	Marios	23	132	5	1	32____	115616	1	0	0	0	0	0	0	0	0	1	0
C	Marios	23	132	5	1	32____	115764	1	0	0	0	0	1	0	0	0	0	0
C	Marios	23	132	5	1	32____	115788	1	0	0	0	0	0	0	0	0	1	0
C	Marios	23	132	5	1	32____	116890	1	0	0	0	0	1	0	0	0	0	0
C	Marios	23	132	5	1	32____	116926	1	0	0	0	0	0	0	0	0	1	0
C	Marios	23	132	5	1	32____	117198	1	0	0	0	0	1	0	0	0	0	0
C	Marios	23	132	5	1	32____	117233	1	0	0	0	0	0	0	0	0	1	0
C	Marios	23	132	5	1	32____	117747	1	0	0	0	0	1	0	0	0	0	0
C	Marios	23	132	5	1	32____	117766	1	0	0	0	0	0	0	0	0	1	0
C	Marios	23	132	5	1	32____	119085	1	0	0	0	0	1	0	0	0	0	0
C	Marios	23	132	5	1	32____	119250	1	2	0	0	0	0	0	0	0	0	0
C	Marios	23	132	5	1	32____	119356	2	0	0	0	0	0	0	0	0	1	0
C	Marios	23	132	5	1	32____	119658	2	0	0	0	0	1	0	0	0	0	0
C	Marios	23	132	5	1	32____	119685	2	0	0	0	0	0	0	0	0	1	0
C	Marios	23	132	5	1	32____	119750	2	6	0	0	0	0	0	0	0	0	0
C	Marios	23	132	5	1	32____	119844	6	0	0	0	0	1	0	0	0	0	0
C	Marios	23	132	5	1	32____	119878	6	0	0	0	0	0	0	0	0	1	0
C	Marios	23	132	5	1	32____	119907	6	0	0	0	0	1	0	0	0	0	0
C	Marios	23	132	5	1	32____	119953	6	0	0	0	0	0	0	0	0	1	0
C	Marios	23	132	5	1	32____	119955	6	0	0	0	0	1	0	0	0	0	0
C	Marios	23	132	5	1	32____	119958	6	0	0	0	0	0	0	0	0	1	0
C	Marios	23	132	5	1	32____	119970	6	0	0	0	0	1	0	0	0	0	0
C	Marios	23	132	5	1	32____	120070	6	0	0	0	0	0	0	0	0	1	0
C	Marios	23	132	5	1	32____	120088	6	0	0	0	0	1	0	0	0	0	0
C	Marios	23	132	5	1	32____	120142	6	0	0	0	0	0	0	0	0	1	0
C	Marios	23	132	5	1	32____	120179	6	0	0	0	0	1	0	0	0	0	0
C	Marios	23	132	5	1	32____	120250	6	11	0	0	0	0	0	0	0	0	0
C	Marios	23	132	5	1	32____	120623	11	0	0	0	0	0	0	0	0	1	0
C	Marios	23	132	5	1	32____	120637	11	0	0	0	0	1	0	0	0	0	0
C	Marios	23	132	5	1	32____	120639	11	0	0	0	0	0	0	0	0	1	0
C	Marios	23	132	5	1	32____	120642	11	0	0	0	0	1	0	0	0	0	0
C	Marios	23	132	5	1	32____	120649	11	0	0	0	0	0	0	0	0	1	0
C	Marios	23	132	5	1	32____	120666	11	0	0	0	0	1	0	0	0	0	0
C	Marios	23	132	5	1	32____	120676	11	0	0	0	0	0	0	0	0	1	0
C	Marios	23	132	5	1	32____	120678	11	0	0	0	0	1	0	0	0	0	0
C	Marios	23	132	5	1	32____	120686	11	0	0	0	0	0	0	0	0	1	0
C	Marios	23	132	5	1	32____	120710	11	0	0	0	0	1	0	0	0	0	0
C	Marios	23	132	5	1	32____	120717	11	0	0	0	0	0	0	0	0	1	0
C	Marios	23	132	5	1	32____	120722	11	0	0	0	0	1	0	0	0	0	0
C	Marios	23	132	5	1	32____	120750	11	1	0	0	0	0	0	0	0	0	0
C	Marios	23	132	5	1	32____	120810	1	0	0	0	0	0	0	0	0	1	0
C	Marios	23	132	5	1	32____	120836	1	0	0	0	0	1	0	0	0	0	0
C	Marios	23	132	5	1	32____	120838	1	0	0	0	0	0	0	0	0	1	0
C	Marios	23	132	5	1	32____	120845	1	0	0	0	0	1	0	0	0	0	0
C	Marios	23	132	5	1	32____	120862	1	0	0	0	0	0	0	0	0	1	0
C	Marios	23	132	5	1	32____	120869	1	0	0	0	0	1	0	0	0	0	0
C	Marios	23	132	5	1	32____	120874	1	0	0	0	0	0	0	0	0	1	0
C	Marios	23	132	5	1	32____	120875	1	0	0	0	0	1	0	0	0	0	0
C	Marios	23	132	5	1	32____	120882	1	0	0	0	0	0	0	0	0	1	0
C	Marios	23	132	5	1	32____	120898	1	0	0	0	0	1	0	0	0	0	0
C	Marios	23	132	5	1	32____	120993	1	0	0	0	0	0	0	0	0	1	0
C	Marios	23	132	5	1	32____	120994	1	0	0	0	0	1	0	0	0	0	0
C	Marios	23	132	5	1	32____	121006	1	0	0	0	0	0	0	0	0	1	0
C	Marios	23	132	5	1	32____	121036	1	0	0	0	0	1	0	0	0	0	0
C	Marios	23	132	5	1	32____	121038	1	0	0	0	0	0	0	0	0	1	0
C	Marios	23	132	5	1	32____	121257	1	0	0	0	0	1	0	0	0	0	0
C	Marios	23	132	5	1	32____	121261	1	0	0	0	0	0	0	0	0	1	0
C	Marios	23	132	5	1	32____	121578	1	0	0	0	0	1	0	0	0	0	0
C	Marios	23	132	5	1	32____	121716	1	0	0	0	0	0	0	0	0	1	0
C	Marios	23	132	5	1	32____	122361	1	0	0	0	0	1	0	0	0	0	0
C	Marios	23	132	5	1	32____	122469	1	0	0	0	0	0	0	0	0	1	0
C	Marios	23	132	5	1	32____	123508	1	0	0	0	0	1	0	0	0	0	0
C	Marios	23	132	5	1	32____	123524	1	0	0	0	0	0	0	0	0	1	0
C	Marios	23	132	5	1	32____	123619	1	0	0	0	0	1	0	0	0	0	0
C	Marios	23	132	5	1	32____	123658	1	0	0	0	0	0	0	0	0	1	0
C	Marios	23	132	5	1	32____	125439	1	0	0	0	0	1	0	0	0	0	0
C	Marios	23	132	5	1	32____	125464	1	0	0	0	0	0	0	0	0	1	0
C	Marios	23	132	5	1	32____	125714	1	0	0	0	0	1	0	0	0	0	0
C	Marios	23	132	5	1	32____	125718	1	0	0	0	0	0	0	0	0	1	0
C	Marios	23	132	5	1	32____	125722	1	0	0	0	0	1	0	0	0	0	0
C	Marios	23	132	5	1	32____	125725	1	0	0	0	0	0	0	0	0	1	0
C	Marios	23	132	5	1	32____	125790	1	0	0	0	0	1	0	0	0	0	0
C	Marios	23	132	5	1	32____	125928	1	0	0	0	0	0	0	0	0	1	0
C	Marios	23	132	5	1	32____	126476	1	0	0	0	0	1	0	0	0	0	0
C	Marios	23	132	5	1	32____	126481	1	0	0	0	0	0	0	0	0	1	0
C	Marios	23	132	5	1	32____	127500	1	2	0	0	0	0	0	0	0	0	0
C	Marios	23	132	5	1	32____	127714	2	0	0	0	0	1	0	0	0	0	0
C	Marios	23	132	5	1	32____	127731	2	0	0	0	0	0	0	0	0	1	0
C	Marios	23	132	5	1	32____	127735	2	0	0	0	0	1	0	0	0	0	0
C	Marios	23	132	5	1	32____	127759	2	0	0	0	0	0	0	0	0	1	0
C	Marios	23	132	5	1	32____	127763	2	0	0	0	0	1	0	0	0	0	0
C	Marios	23	132	5	1	32____	127786	2	0	0	0	0	0	0	0	0	1	0
C	Marios	23	132	5	1	32____	127792	2	0	0	0	0	1	0	0	0	0	0
C	Marios	23	132	5	1	32____	127805	2	0	0	0	0	0	0	0	0	1	0
C	Marios	23	132	5	1	32____	127810	2	0	0	0	0	1	0	0	0	0	0
C	Marios	23	132	5	1	32____	127824	2	0	0	0	0	0	0	0	0	1	0
C	Marios	23	132	5	1	32____	127829	2	0	0	0	0	1	0	0	0	0	0
C	Marios	23	132	5	1	32____	127847	2	0	0	0	0	0	0	0	0	1	0
C	Marios	23	132	5	1	32____	128000	2	17	0	0	0	0	0	0	0	0	0
C	Marios	23	132	5	1	32____	128054	17	0	0	0	0	1	0	0	0	0	0
C	Marios	23	132	5	1	32____	128056	17	0	0	0	0	0	0	0	0	1	0
C	Marios	23	132	5	1	32____	128192	17	0	0	0	0	1	0	0	0	0	0
C	Marios	23	132	5	1	32____	128248	17	0	0	0	0	0	0	0	0	1	0
C	Marios	23	132	5	1	32____	128330	17	0	0	0	0	1	0	0	0	0	0
C	Marios	23	132	5	1	32____	128413	17	0	0	0	0	0	0	0	0	1	0
C	Marios	23	132	5	1	32____	128485	17	0	0	0	0	1	0	0	0	0	0
C	Marios	23	132	5	1	32____	128500	17	15	0	0	0	0	0	0	0	0	0
C	Marios	23	132	5	1	32____	128570	15	0	0	0	0	0	0	0	0	1	0
C	Marios	23	132	5	1	32____	128629	15	0	0	0	0	1	0	0	0	0	0
C	Marios	23	132	5	1	32____	128769	15	0	0	0	0	0	0	0	0	1	0
C	Marios	23	132	5	1	32____	128775	15	0	0	0	0	1	0	0	0	0	0
C	Marios	23	132	5	1	32____	128799	15	0	0	0	0	0	0	0	0	1	0
C	Marios	23	132	5	1	32____	129000	15	1	0	0	0	0	0	0	0	0	0
C	Marios	23	132	5	1	32____	129247	1	0	0	0	0	1	0	0	0	0	0
C	Marios	23	132	5	1	32____	129634	1	0	0	0	0	0	0	0	0	1	0
C	Marios	23	132	5	1	32____	130310	1	0	0	0	0	1	0	0	0	0	0
C	Marios	23	132	5	1	32____	130413	1	0	0	0	0	0	0	0	0	1	0
C	Marios	23	132	5	1	32____	130583	1	0	0	0	0	1	0	0	0	0	0
C	Marios	23	132	5	1	32____	130895	1	0	0	0	0	0	0	0	0	1	0
C	Marios	23	132	5	1	32____	132750	1	2	0	0	0	0	0	0	0	0	0
C	Marios	23	132	5	1	32____	133250	2	16	0	0	0	0	0	0	0	0	0
C	Marios	23	132	5	1	32____	133298	16	0	0	0	0	1	0	0	0	0	0
C	Marios	23	132	5	1	32____	133308	16	0	0	0	0	0	0	0	0	1	0
C	Marios	23	132	5	1	32____	133390	16	0	0	0	0	1	0	0	0	0	0
C	Marios	23	132	5	1	32____	133445	16	0	0	0	0	0	0	0	0	1	0
C	Marios	23	132	5	1	32____	133469	16	0	0	0	0	1	0	0	0	0	0
C	Marios	23	132	5	1	32____	133500	16	0	0	0	0	0	0	0	0	1	0
C	Marios	23	132	5	1	32____	133539	16	0	0	0	0	1	0	0	0	0	0
C	Marios	23	132	5	1	32____	133588	16	0	0	0	0	0	0	0	0	1	0
C	Marios	23	132	5	1	32____	133631	16	0	0	0	0	1	0	0	0	0	0
C	Marios	23	132	5	1	32____	133662	16	0	0	0	0	0	0	0	0	1	0
C	Marios	23	132	5	1	32____	133750	16	15	0	0	0	0	0	0	0	0	0
C	Marios	23	132	5	1	32____	133784	15	0	0	0	0	1	0	0	0	0	0
C	Marios	23	132	5	1	32____	133994	15	0	0	0	0	0	0	0	0	1	0
C	Marios	23	132	5	1	32____	134176	15	0	0	0	0	1	0	0	0	0	0
C	Marios	23	132	5	1	32____	134250	15	1	0	0	0	0	0	0	0	0	0
C	Marios	23	132	5	1	32____	134457	1	0	0	0	0	0	0	0	0	1	0
C	Marios	23	132	5	1	32____	135750	1	2	0	0	0	0	0	0	0	0	0
C	Marios	23	132	5	1	32____	136110	2	0	0	0	0	1	0	0	0	0	0
C	Marios	23	132	5	1	32____	136119	2	0	0	0	0	0	0	0	0	1	0
C	Marios	23	132	5	1	32____	136120	2	0	0	0	0	1	0	0	0	0	0
C	Marios	23	132	5	1	32____	136126	2	0	0	0	0	0	0	0	0	1	0
C	Marios	23	132	5	1	32____	136250	2	16	0	0	0	0	0	0	0	0	0
C	Marios	23	132	5	1	32____	136750	16	15	0	0	0	0	0	0	0	0	0
C	Marios	23	132	5	1	32____	136831	15	0	0	0	0	1	0	0	0	0	0
C	Marios	23	132	5	1	32____	136865	15	0	0	0	0	0	0	0	0	1	0
C	Marios	23	132	5	1	32____	136866	15	0	0	0	0	1	0	0	0	0	0
C	Marios	23	132	5	1	32____	136893	15	0	0	0	0	0	0	0	0	1	0
C	Marios	23	132	5	1	32____	137250	15	1	0	0	0	0	0	0	0	0	0
C	Marios	23	132	5	1	32____	138174	1	0	0	0	0	1	0	0	0	0	0
C	Marios	23	132	5	1	32____	138212	1	0	0	0	0	0	0	0	0	1	0
C	Marios	23	132	5	1	32____	138838	1	0	0	0	0	1	0	0	0	0	0
C	Marios	23	132	5	1	32____	138845	1	0	0	0	0	0	0	0	0	1	0
C	Marios	23	132	5	1	32____	138847	1	0	0	0	0	1	0	0	0	0	0
C	Marios	23	132	5	1	32____	138849	1	0	0	0	0	0	0	0	0	1	0
C	Marios	23	132	5	1	32____	138850	1	0	0	0	0	1	0	0	0	0	0
C	Marios	23	132	5	1	32____	138874	1	0	0	0	0	0	0	0	0	1	0
C	Marios	23	132	5	1	32____	138910	1	0	0	0	0	1	0	0	0	0	0
C	Marios	23	132	5	1	32____	139025	1	0	0	0	0	0	0	0	0	1	0
C	Marios	23	132	5	1	32____	141722	1	0	0	0	0	1	0	0	0	0	0
C	Marios	23	132	5	1	32____	141808	1	0	0	0	0	0	0	0	0	1	0
C	Marios	23	132	5	1	32____	141908	1	0	0	0	0	1	0	0	0	0	0
C	Marios	23	132	5	1	32____	141944	1	0	0	0	0	0	0	0	0	1	0
C	Marios	23	132	5	1	32____	141989	1	0	0	0	0	1	0	0	0	0	0
C	Marios	23	132	5	1	32____	142021	1	0	0	0	0	0	0	0	0	1	0
C	Marios	23	132	5	1	32____	142500	1	2	0	0	0	0	0	0	0	0	0
C	Marios	23	132	5	1	32____	142559	2	0	0	0	0	1	0	0	0	0	0
C	Marios	23	132	5	1	32____	142594	2	0	0	0	0	0	0	0	0	1	0
C	Marios	23	132	5	1	32____	143000	2	17	0	0	0	0	0	0	0	0	0
C	Marios	23	132	5	1	32____	143350	17	0	0	0	0	1	0	0	0	0	0
C	Marios	23	132	5	1	32____	143417	17	0	0	0	0	0	0	0	0	1	0
C	Marios	23	132	5	1	32____	143500	17	15	0	0	0	0	0	0	0	0	0
C	Marios	23	132	5	1	32____	143518	15	0	0	0	0	1	0	0	0	0	0
C	Marios	23	132	5	1	32____	143668	15	0	0	0	0	0	0	0	0	1	0
C	Marios	23	132	5	1	32____	143670	15	0	0	0	0	1	0	0	0	0	0
C	Marios	23	132	5	1	32____	143701	15	0	0	0	0	0	0	0	0	1	0
C	Marios	23	132	5	1	32____	144000	15	14	0	0	0	0	0	0	0	0	0
C	Marios	23	132	5	1	32____	144425	14	0	0	0	0	1	0	0	0	0	0
C	Marios	23	132	5	1	32____	144447	14	0	0	0	0	0	0	0	0	1	0
C	Marios	23	132	5	1	32____	146061	14	0	0	0	0	1	0	0	0	0	0
C	Marios	23	132	5	1	32____	146090	14	0	0	0	0	0	0	0	0	1	0
C	Marios	23	132	5	1	32____	146303	14	0	0	0	0	1	0	0	0	0	0
C	Marios	23	132	5	1	32____	146360	14	0	0	0	0	0	0	0	0	1	0
C	Marios	23	132	5	1	32____	146535	14	0	0	0	0	1	0	0	0	0	0
C	Marios	23	132	5	1	32____	146547	14	0	0	0	0	0	0	0	0	1	0
C	Marios	23	132	5	1	32____	146627	14	0	0	0	0	1	0	0	0	0	0
C	Marios	23	132	5	1	32____	146653	14	0	0	0	0	0	0	0	0	1	0
C	Marios	23	132	5	1	32____	146657	14	0	0	0	0	1	0	0	0	0	0
C	Marios	23	132	5	1	32____	146664	14	0	0	0	0	0	0	0	0	1	0
C	Marios	23	132	5	1	32____	147000	14	-1	0	0	0	0	0	0	0	0	0
