Project	UserID	Protocol	Session	Station	Run	Subject	Time	Current State	Transition State	Transition Event	A1 - LLR	A2 - RLR	A3 - MAG	A4 - 	A[1] LLR_OFF	A[2] RLR_OFF	A[3] MAG_OFF	A[4] 
C	Marios	20	131	9	1	2_____	0	0	1	0	0	0	0	0	0	0	0	0
C	Marios	20	131	9	1	2_____	1745	1	0	0	0	0	1	0	0	0	0	0
C	Marios	20	131	9	1	2_____	1765	1	0	0	0	0	0	0	0	0	1	0
C	Marios	20	131	9	1	2_____	1802	1	0	0	0	0	1	0	0	0	0	0
C	Marios	20	131	9	1	2_____	1825	1	0	0	0	0	0	0	0	0	1	0
C	Marios	20	131	9	1	2_____	2250	1	2	0	0	0	0	0	0	0	0	0
C	Marios	20	131	9	1	2_____	2686	2	0	0	0	0	1	0	0	0	0	0
C	Marios	20	131	9	1	2_____	2701	2	0	0	0	0	0	0	0	0	1	0
C	Marios	20	131	9	1	2_____	2706	2	0	0	0	0	1	0	0	0	0	0
C	Marios	20	131	9	1	2_____	2710	2	0	0	0	0	0	0	0	0	1	0
C	Marios	20	131	9	1	2_____	2750	2	7	0	0	0	0	0	0	0	0	0
C	Marios	20	131	9	1	2_____	2886	7	0	0	0	0	1	0	0	0	0	0
C	Marios	20	131	9	1	2_____	2976	7	0	0	0	0	0	0	0	0	1	0
C	Marios	20	131	9	1	2_____	3025	7	0	0	0	0	1	0	0	0	0	0
C	Marios	20	131	9	1	2_____	3067	7	0	0	0	0	0	0	0	0	1	0
C	Marios	20	131	9	1	2_____	3088	7	0	0	0	0	1	0	0	0	0	0
C	Marios	20	131	9	1	2_____	3114	7	0	0	0	0	0	0	0	0	1	0
C	Marios	20	131	9	1	2_____	3115	7	0	0	0	0	1	0	0	0	0	0
C	Marios	20	131	9	1	2_____	3117	7	0	0	0	0	0	0	0	0	1	0
C	Marios	20	131	9	1	2_____	3182	7	0	0	0	0	1	0	0	0	0	0
C	Marios	20	131	9	1	2_____	3207	7	0	0	0	0	0	0	0	0	1	0
C	Marios	20	131	9	1	2_____	3250	7	11	0	0	0	1	0	0	0	0	0
C	Marios	20	131	9	1	2_____	3369	11	0	0	0	0	0	0	0	0	1	0
C	Marios	20	131	9	1	2_____	3684	11	0	0	0	0	1	0	0	0	0	0
C	Marios	20	131	9	1	2_____	3693	11	0	0	0	0	0	0	0	0	1	0
C	Marios	20	131	9	1	2_____	3750	11	1	0	0	0	0	0	0	0	0	0
C	Marios	20	131	9	1	2_____	5043	1	0	0	0	0	1	0	0	0	0	0
C	Marios	20	131	9	1	2_____	5085	1	0	0	0	0	0	0	0	0	1	0
C	Marios	20	131	9	1	2_____	6823	1	0	0	0	0	1	0	0	0	0	0
C	Marios	20	131	9	1	2_____	6870	1	0	0	0	0	0	0	0	0	1	0
C	Marios	20	131	9	1	2_____	7250	1	2	0	0	0	0	0	0	0	0	0
C	Marios	20	131	9	1	2_____	7750	2	12	0	0	0	0	0	0	0	0	0
C	Marios	20	131	9	1	2_____	8146	12	0	0	0	0	1	0	0	0	0	0
C	Marios	20	131	9	1	2_____	8151	12	0	0	0	0	0	0	0	0	1	0
C	Marios	20	131	9	1	2_____	8250	12	15	0	0	0	0	0	0	0	0	0
C	Marios	20	131	9	1	2_____	8646	15	0	0	0	0	1	0	0	0	0	0
C	Marios	20	131	9	1	2_____	8665	15	0	0	0	0	0	0	0	0	1	0
C	Marios	20	131	9	1	2_____	8750	15	1	0	0	0	0	0	0	0	0	0
C	Marios	20	131	9	1	2_____	9516	1	0	0	0	0	1	0	0	0	0	0
C	Marios	20	131	9	1	2_____	9574	1	0	0	0	0	0	0	0	0	1	0
C	Marios	20	131	9	1	2_____	9777	1	0	0	0	0	1	0	0	0	0	0
C	Marios	20	131	9	1	2_____	9780	1	0	0	0	0	0	0	0	0	1	0
C	Marios	20	131	9	1	2_____	9816	1	0	0	0	0	1	0	0	0	0	0
C	Marios	20	131	9	1	2_____	9856	1	0	0	0	0	0	0	0	0	1	0
C	Marios	20	131	9	1	2_____	10576	1	0	0	0	0	1	0	0	0	0	0
C	Marios	20	131	9	1	2_____	10578	1	0	0	0	0	0	0	0	0	1	0
C	Marios	20	131	9	1	2_____	10674	1	0	0	0	0	1	0	0	0	0	0
C	Marios	20	131	9	1	2_____	10722	1	0	0	0	0	0	0	0	0	1	0
C	Marios	20	131	9	1	2_____	10904	1	0	0	0	0	1	0	0	0	0	0
C	Marios	20	131	9	1	2_____	10923	1	0	0	0	0	0	0	0	0	1	0
C	Marios	20	131	9	1	2_____	11030	1	0	0	0	0	1	0	0	0	0	0
C	Marios	20	131	9	1	2_____	11056	1	0	0	0	0	0	0	0	0	1	0
C	Marios	20	131	9	1	2_____	11180	1	0	0	0	0	1	0	0	0	0	0
C	Marios	20	131	9	1	2_____	11224	1	0	0	0	0	0	0	0	0	1	0
C	Marios	20	131	9	1	2_____	11230	1	0	0	0	0	1	0	0	0	0	0
C	Marios	20	131	9	1	2_____	11277	1	0	0	0	0	0	0	0	0	1	0
C	Marios	20	131	9	1	2_____	11327	1	0	0	0	0	1	0	0	0	0	0
C	Marios	20	131	9	1	2_____	11336	1	0	0	0	0	0	0	0	0	1	0
C	Marios	20	131	9	1	2_____	11337	1	0	0	0	0	1	0	0	0	0	0
C	Marios	20	131	9	1	2_____	11338	1	0	0	0	0	0	0	0	0	1	0
C	Marios	20	131	9	1	2_____	11368	1	0	0	0	0	1	0	0	0	0	0
C	Marios	20	131	9	1	2_____	11407	1	0	0	0	0	0	0	0	0	1	0
C	Marios	20	131	9	1	2_____	11489	1	0	0	0	0	1	0	0	0	0	0
C	Marios	20	131	9	1	2_____	11505	1	0	0	0	0	0	0	0	0	1	0
C	Marios	20	131	9	1	2_____	11513	1	0	0	0	0	1	0	0	0	0	0
C	Marios	20	131	9	1	2_____	11537	1	0	0	0	0	0	0	0	0	1	0
C	Marios	20	131	9	1	2_____	11587	1	0	0	0	0	1	0	0	0	0	0
C	Marios	20	131	9	1	2_____	11593	1	0	0	0	0	0	0	0	0	1	0
C	Marios	20	131	9	1	2_____	12120	1	0	0	0	0	1	0	0	0	0	0
C	Marios	20	131	9	1	2_____	12138	1	0	0	0	0	0	0	0	0	1	0
C	Marios	20	131	9	1	2_____	12500	1	2	0	0	0	0	0	0	0	0	0
C	Marios	20	131	9	1	2_____	12600	2	0	0	0	0	1	0	0	0	0	0
C	Marios	20	131	9	1	2_____	12608	2	0	0	0	0	0	0	0	0	1	0
C	Marios	20	131	9	1	2_____	13000	2	6	0	0	0	0	0	0	0	0	0
C	Marios	20	131	9	1	2_____	13113	6	0	0	0	0	1	0	0	0	0	0
C	Marios	20	131	9	1	2_____	13135	6	0	0	0	0	0	0	0	0	1	0
C	Marios	20	131	9	1	2_____	13161	6	0	0	0	0	1	0	0	0	0	0
C	Marios	20	131	9	1	2_____	13197	6	0	0	0	0	0	0	0	0	1	0
C	Marios	20	131	9	1	2_____	13246	6	0	0	0	0	1	0	0	0	0	0
C	Marios	20	131	9	1	2_____	13280	6	0	0	0	0	0	0	0	0	1	0
C	Marios	20	131	9	1	2_____	13286	6	0	0	0	0	1	0	0	0	0	0
C	Marios	20	131	9	1	2_____	13306	6	0	0	0	0	0	0	0	0	1	0
C	Marios	20	131	9	1	2_____	13353	6	0	0	0	0	1	0	0	0	0	0
C	Marios	20	131	9	1	2_____	13384	6	0	0	0	0	0	0	0	0	1	0
C	Marios	20	131	9	1	2_____	13421	6	0	0	0	0	1	0	0	0	0	0
C	Marios	20	131	9	1	2_____	13444	6	0	0	0	0	0	0	0	0	1	0
C	Marios	20	131	9	1	2_____	13489	6	0	0	0	0	1	0	0	0	0	0
C	Marios	20	131	9	1	2_____	13500	6	10	0	0	0	0	0	0	0	0	0
C	Marios	20	131	9	1	2_____	13785	10	0	0	0	0	0	0	0	0	1	0
C	Marios	20	131	9	1	2_____	14000	10	1	0	0	0	0	0	0	0	0	0
C	Marios	20	131	9	1	2_____	14518	1	0	0	0	0	1	0	0	0	0	0
C	Marios	20	131	9	1	2_____	14567	1	0	0	0	0	0	0	0	0	1	0
C	Marios	20	131	9	1	2_____	14568	1	0	0	0	0	1	0	0	0	0	0
C	Marios	20	131	9	1	2_____	14574	1	0	0	0	0	0	0	0	0	1	0
C	Marios	20	131	9	1	2_____	15905	1	0	0	0	0	1	0	0	0	0	0
C	Marios	20	131	9	1	2_____	15918	1	0	0	0	0	0	0	0	0	1	0
C	Marios	20	131	9	1	2_____	15923	1	0	0	0	0	1	0	0	0	0	0
C	Marios	20	131	9	1	2_____	15943	1	0	0	0	0	0	0	0	0	1	0
C	Marios	20	131	9	1	2_____	15948	1	0	0	0	0	1	0	0	0	0	0
C	Marios	20	131	9	1	2_____	15980	1	0	0	0	0	0	0	0	0	1	0
C	Marios	20	131	9	1	2_____	16057	1	0	0	0	0	1	0	0	0	0	0
C	Marios	20	131	9	1	2_____	16082	1	0	0	0	0	0	0	0	0	1	0
C	Marios	20	131	9	1	2_____	16606	1	0	0	0	0	1	0	0	0	0	0
C	Marios	20	131	9	1	2_____	16619	1	0	0	0	0	0	0	0	0	1	0
C	Marios	20	131	9	1	2_____	17607	1	0	0	0	0	1	0	0	0	0	0
C	Marios	20	131	9	1	2_____	17647	1	0	0	0	0	0	0	0	0	1	0
C	Marios	20	131	9	1	2_____	18151	1	0	0	0	0	1	0	0	0	0	0
C	Marios	20	131	9	1	2_____	18243	1	0	0	0	0	0	0	0	0	1	0
C	Marios	20	131	9	1	2_____	18500	1	2	0	0	0	0	0	0	0	0	0
C	Marios	20	131	9	1	2_____	18547	2	0	0	0	0	1	0	0	0	0	0
C	Marios	20	131	9	1	2_____	18561	2	0	0	0	0	0	0	0	0	1	0
C	Marios	20	131	9	1	2_____	18757	2	0	0	0	0	1	0	0	0	0	0
C	Marios	20	131	9	1	2_____	18761	2	0	0	0	0	0	0	0	0	1	0
C	Marios	20	131	9	1	2_____	19000	2	13	0	0	0	0	0	0	0	0	0
C	Marios	20	131	9	1	2_____	19500	13	15	0	0	0	0	0	0	0	0	0
C	Marios	20	131	9	1	2_____	20000	15	1	0	0	0	0	0	0	0	0	0
C	Marios	20	131	9	1	2_____	20648	1	0	0	0	0	1	0	0	0	0	0
C	Marios	20	131	9	1	2_____	20674	1	0	0	0	0	0	0	0	0	1	0
C	Marios	20	131	9	1	2_____	21367	1	0	0	0	0	1	0	0	0	0	0
C	Marios	20	131	9	1	2_____	21408	1	0	0	0	0	0	0	0	0	1	0
C	Marios	20	131	9	1	2_____	21879	1	0	0	0	0	1	0	0	0	0	0
C	Marios	20	131	9	1	2_____	21915	1	0	0	0	0	0	0	0	0	1	0
C	Marios	20	131	9	1	2_____	22375	1	0	0	0	0	1	0	0	0	0	0
C	Marios	20	131	9	1	2_____	22382	1	0	0	0	0	0	0	0	0	1	0
C	Marios	20	131	9	1	2_____	22452	1	0	0	0	0	1	0	0	0	0	0
C	Marios	20	131	9	1	2_____	22499	1	0	0	0	0	0	0	0	0	1	0
C	Marios	20	131	9	1	2_____	25500	1	2	0	0	0	0	0	0	0	0	0
C	Marios	20	131	9	1	2_____	25631	2	0	0	0	0	1	0	0	0	0	0
C	Marios	20	131	9	1	2_____	25648	2	0	0	0	0	0	0	0	0	1	0
C	Marios	20	131	9	1	2_____	25743	2	0	0	0	0	1	0	0	0	0	0
C	Marios	20	131	9	1	2_____	25753	2	0	0	0	0	0	0	0	0	1	0
C	Marios	20	131	9	1	2_____	26000	2	13	0	0	0	0	0	0	0	0	0
C	Marios	20	131	9	1	2_____	26500	13	15	0	0	0	0	0	0	0	0	0
C	Marios	20	131	9	1	2_____	27000	15	1	0	0	0	0	0	0	0	0	0
C	Marios	20	131	9	1	2_____	28616	1	0	0	0	0	1	0	0	0	0	0
C	Marios	20	131	9	1	2_____	28638	1	0	0	0	0	0	0	0	0	1	0
C	Marios	20	131	9	1	2_____	28660	1	0	0	0	0	1	0	0	0	0	0
C	Marios	20	131	9	1	2_____	28725	1	0	0	0	0	0	0	0	0	1	0
C	Marios	20	131	9	1	2_____	29956	1	0	0	0	0	1	0	0	0	0	0
C	Marios	20	131	9	1	2_____	29990	1	0	0	0	0	0	0	0	0	1	0
C	Marios	20	131	9	1	2_____	30000	1	2	0	0	0	0	0	0	0	0	0
C	Marios	20	131	9	1	2_____	30500	2	12	0	0	0	0	0	0	0	0	0
C	Marios	20	131	9	1	2_____	30704	12	0	0	0	0	1	0	0	0	0	0
C	Marios	20	131	9	1	2_____	30741	12	0	0	0	0	0	0	0	0	1	0
C	Marios	20	131	9	1	2_____	31000	12	15	0	0	0	0	0	0	0	0	0
C	Marios	20	131	9	1	2_____	31500	15	1	0	0	0	0	0	0	0	0	0
C	Marios	20	131	9	1	2_____	31599	1	0	0	0	0	1	0	0	0	0	0
C	Marios	20	131	9	1	2_____	31604	1	0	0	0	0	0	0	0	0	1	0
C	Marios	20	131	9	1	2_____	33382	1	0	0	0	0	1	0	0	0	0	0
C	Marios	20	131	9	1	2_____	33417	1	0	0	0	0	0	0	0	0	1	0
C	Marios	20	131	9	1	2_____	35312	1	0	0	0	0	1	0	0	0	0	0
C	Marios	20	131	9	1	2_____	35357	1	0	0	0	0	0	0	0	0	1	0
C	Marios	20	131	9	1	2_____	36000	1	2	0	0	0	0	0	0	0	0	0
C	Marios	20	131	9	1	2_____	36500	2	12	0	0	0	0	0	0	0	0	0
C	Marios	20	131	9	1	2_____	36999	12	0	0	0	0	1	0	0	0	0	0
C	Marios	20	131	9	1	2_____	37000	12	15	0	0	0	0	0	0	0	0	0
C	Marios	20	131	9	1	2_____	37033	15	0	0	0	0	0	0	0	0	1	0
C	Marios	20	131	9	1	2_____	37500	15	1	0	0	0	0	0	0	0	0	0
C	Marios	20	131	9	1	2_____	37913	1	0	0	0	0	1	0	0	0	0	0
C	Marios	20	131	9	1	2_____	37923	1	0	0	0	0	0	0	0	0	1	0
C	Marios	20	131	9	1	2_____	38821	1	0	0	0	0	1	0	0	0	0	0
C	Marios	20	131	9	1	2_____	38877	1	0	0	0	0	0	0	0	0	1	0
C	Marios	20	131	9	1	2_____	39297	1	0	0	0	0	1	0	0	0	0	0
C	Marios	20	131	9	1	2_____	39308	1	0	0	0	0	0	0	0	0	1	0
C	Marios	20	131	9	1	2_____	39351	1	0	0	0	0	1	0	0	0	0	0
C	Marios	20	131	9	1	2_____	39353	1	0	0	0	0	0	0	0	0	1	0
C	Marios	20	131	9	1	2_____	40206	1	0	0	0	0	1	0	0	0	0	0
C	Marios	20	131	9	1	2_____	40243	1	0	0	0	0	0	0	0	0	1	0
C	Marios	20	131	9	1	2_____	43273	1	0	0	0	0	1	0	0	0	0	0
C	Marios	20	131	9	1	2_____	43292	1	0	0	0	0	0	0	0	0	1	0
C	Marios	20	131	9	1	2_____	44120	1	0	0	0	0	1	0	0	0	0	0
C	Marios	20	131	9	1	2_____	44140	1	0	0	0	0	0	0	0	0	1	0
C	Marios	20	131	9	1	2_____	44141	1	0	0	0	0	1	0	0	0	0	0
C	Marios	20	131	9	1	2_____	44150	1	0	0	0	0	0	0	0	0	1	0
C	Marios	20	131	9	1	2_____	44151	1	0	0	0	0	1	0	0	0	0	0
C	Marios	20	131	9	1	2_____	44183	1	0	0	0	0	0	0	0	0	1	0
C	Marios	20	131	9	1	2_____	44250	1	2	0	0	0	0	0	0	0	0	0
C	Marios	20	131	9	1	2_____	44750	2	6	0	0	0	0	0	0	0	0	0
C	Marios	20	131	9	1	2_____	44868	6	0	0	0	0	1	0	0	0	0	0
C	Marios	20	131	9	1	2_____	44891	6	0	0	0	0	0	0	0	0	1	0
C	Marios	20	131	9	1	2_____	44961	6	0	0	0	0	1	0	0	0	0	0
C	Marios	20	131	9	1	2_____	45024	6	0	0	0	0	0	0	0	0	1	0
C	Marios	20	131	9	1	2_____	45060	6	0	0	0	0	1	0	0	0	0	0
C	Marios	20	131	9	1	2_____	45076	6	0	0	0	0	0	0	0	0	1	0
C	Marios	20	131	9	1	2_____	45095	6	0	0	0	0	1	0	0	0	0	0
C	Marios	20	131	9	1	2_____	45117	6	0	0	0	0	0	0	0	0	1	0
C	Marios	20	131	9	1	2_____	45164	6	0	0	0	0	1	0	0	0	0	0
C	Marios	20	131	9	1	2_____	45191	6	0	0	0	0	0	0	0	0	1	0
C	Marios	20	131	9	1	2_____	45236	6	0	0	0	0	1	0	0	0	0	0
C	Marios	20	131	9	1	2_____	45248	6	0	0	0	0	0	0	0	0	1	0
C	Marios	20	131	9	1	2_____	45250	6	10	0	0	0	0	0	0	0	0	0
C	Marios	20	131	9	1	2_____	45287	10	0	0	0	0	1	0	0	0	0	0
C	Marios	20	131	9	1	2_____	45312	10	0	0	0	0	0	0	0	0	1	0
C	Marios	20	131	9	1	2_____	45322	10	0	0	0	0	1	0	0	0	0	0
C	Marios	20	131	9	1	2_____	45559	10	0	0	0	0	0	0	0	0	1	0
C	Marios	20	131	9	1	2_____	45560	10	0	0	0	0	1	0	0	0	0	0
C	Marios	20	131	9	1	2_____	45606	10	0	0	0	0	0	0	0	0	1	0
C	Marios	20	131	9	1	2_____	45612	10	0	0	0	0	1	0	0	0	0	0
C	Marios	20	131	9	1	2_____	45615	10	0	0	0	0	0	0	0	0	1	0
C	Marios	20	131	9	1	2_____	45750	10	1	0	0	0	0	0	0	0	0	0
C	Marios	20	131	9	1	2_____	46770	1	0	0	0	0	1	0	0	0	0	0
C	Marios	20	131	9	1	2_____	46877	1	0	0	0	0	0	0	0	0	1	0
C	Marios	20	131	9	1	2_____	48775	1	0	0	0	0	1	0	0	0	0	0
C	Marios	20	131	9	1	2_____	48900	1	0	0	0	0	0	0	0	0	1	0
C	Marios	20	131	9	1	2_____	48902	1	0	0	0	0	1	0	0	0	0	0
C	Marios	20	131	9	1	2_____	48906	1	0	0	0	0	0	0	0	0	1	0
C	Marios	20	131	9	1	2_____	51483	1	0	0	0	0	1	0	0	0	0	0
C	Marios	20	131	9	1	2_____	51597	1	0	0	0	0	0	0	0	0	1	0
C	Marios	20	131	9	1	2_____	51750	1	2	0	0	0	0	0	0	0	0	0
C	Marios	20	131	9	1	2_____	52250	2	13	0	0	0	0	0	0	0	0	0
C	Marios	20	131	9	1	2_____	52750	13	15	0	0	0	0	0	0	0	0	0
C	Marios	20	131	9	1	2_____	52767	15	0	0	0	0	1	0	0	0	0	0
C	Marios	20	131	9	1	2_____	52772	15	0	0	0	0	0	0	0	0	1	0
C	Marios	20	131	9	1	2_____	53250	15	1	0	0	0	0	0	0	0	0	0
C	Marios	20	131	9	1	2_____	53881	1	0	0	0	0	1	0	0	0	0	0
C	Marios	20	131	9	1	2_____	53890	1	0	0	0	0	0	0	0	0	1	0
C	Marios	20	131	9	1	2_____	53958	1	0	0	0	0	1	0	0	0	0	0
C	Marios	20	131	9	1	2_____	53970	1	0	0	0	0	0	0	0	0	1	0
C	Marios	20	131	9	1	2_____	54742	1	0	0	0	0	1	0	0	0	0	0
C	Marios	20	131	9	1	2_____	54822	1	0	0	0	0	0	0	0	0	1	0
C	Marios	20	131	9	1	2_____	54892	1	0	0	0	0	1	0	0	0	0	0
C	Marios	20	131	9	1	2_____	54975	1	0	0	0	0	0	0	0	0	1	0
C	Marios	20	131	9	1	2_____	55035	1	0	0	0	0	1	0	0	0	0	0
C	Marios	20	131	9	1	2_____	55093	1	0	0	0	0	0	0	0	0	1	0
C	Marios	20	131	9	1	2_____	56329	1	0	0	0	0	1	0	0	0	0	0
C	Marios	20	131	9	1	2_____	56359	1	0	0	0	0	0	0	0	0	1	0
C	Marios	20	131	9	1	2_____	56385	1	0	0	0	0	1	0	0	0	0	0
C	Marios	20	131	9	1	2_____	56477	1	0	0	0	0	0	0	0	0	1	0
C	Marios	20	131	9	1	2_____	58303	1	0	0	0	0	1	0	0	0	0	0
C	Marios	20	131	9	1	2_____	58437	1	0	0	0	0	0	0	0	0	1	0
C	Marios	20	131	9	1	2_____	58500	1	2	0	0	0	0	0	0	0	0	0
C	Marios	20	131	9	1	2_____	58588	2	0	0	0	0	1	0	0	0	0	0
C	Marios	20	131	9	1	2_____	58633	2	0	0	0	0	0	0	0	0	1	0
C	Marios	20	131	9	1	2_____	58658	2	0	0	0	0	1	0	0	0	0	0
C	Marios	20	131	9	1	2_____	58743	2	0	0	0	0	0	0	0	0	1	0
C	Marios	20	131	9	1	2_____	58783	2	0	0	0	0	1	0	0	0	0	0
C	Marios	20	131	9	1	2_____	58825	2	0	0	0	0	0	0	0	0	1	0
C	Marios	20	131	9	1	2_____	59000	2	13	0	0	0	0	0	0	0	0	0
C	Marios	20	131	9	1	2_____	59500	13	15	0	0	0	0	0	0	0	0	0
C	Marios	20	131	9	1	2_____	60000	15	1	0	0	0	0	0	0	0	0	0
C	Marios	20	131	9	1	2_____	61500	1	2	0	0	0	0	0	0	0	0	0
C	Marios	20	131	9	1	2_____	62000	2	7	0	0	0	0	0	0	0	0	0
C	Marios	20	131	9	1	2_____	62076	7	0	0	0	0	1	0	0	0	0	0
C	Marios	20	131	9	1	2_____	62096	7	0	0	0	0	0	0	0	0	1	0
C	Marios	20	131	9	1	2_____	62133	7	0	0	0	0	1	0	0	0	0	0
C	Marios	20	131	9	1	2_____	62171	7	0	0	0	0	0	0	0	0	1	0
C	Marios	20	131	9	1	2_____	62226	7	0	0	0	0	1	0	0	0	0	0
C	Marios	20	131	9	1	2_____	62243	7	0	0	0	0	0	0	0	0	1	0
C	Marios	20	131	9	1	2_____	62288	7	0	0	0	0	1	0	0	0	0	0
C	Marios	20	131	9	1	2_____	62334	7	0	0	0	0	0	0	0	0	1	0
C	Marios	20	131	9	1	2_____	62353	7	0	0	0	0	1	0	0	0	0	0
C	Marios	20	131	9	1	2_____	62390	7	0	0	0	0	0	0	0	0	1	0
C	Marios	20	131	9	1	2_____	62424	7	0	0	0	0	1	0	0	0	0	0
C	Marios	20	131	9	1	2_____	62483	7	0	0	0	0	0	0	0	0	1	0
C	Marios	20	131	9	1	2_____	62500	7	11	0	0	0	0	0	0	0	0	0
C	Marios	20	131	9	1	2_____	62527	11	0	0	0	0	1	0	0	0	0	0
C	Marios	20	131	9	1	2_____	62817	11	0	0	0	0	0	0	0	0	1	0
C	Marios	20	131	9	1	2_____	62819	11	0	0	0	0	1	0	0	0	0	0
C	Marios	20	131	9	1	2_____	62822	11	0	0	0	0	0	0	0	0	1	0
C	Marios	20	131	9	1	2_____	62827	11	0	0	0	0	1	0	0	0	0	0
C	Marios	20	131	9	1	2_____	62829	11	0	0	0	0	0	0	0	0	1	0
C	Marios	20	131	9	1	2_____	62830	11	0	0	0	0	1	0	0	0	0	0
C	Marios	20	131	9	1	2_____	62853	11	0	0	0	0	0	0	0	0	1	0
C	Marios	20	131	9	1	2_____	63000	11	1	0	0	0	0	0	0	0	0	0
C	Marios	20	131	9	1	2_____	64025	1	0	0	0	0	1	0	0	0	0	0
C	Marios	20	131	9	1	2_____	64065	1	0	0	0	0	0	0	0	0	1	0
C	Marios	20	131	9	1	2_____	67083	1	0	0	0	0	1	0	0	0	0	0
C	Marios	20	131	9	1	2_____	67149	1	0	0	0	0	0	0	0	0	1	0
C	Marios	20	131	9	1	2_____	68109	1	0	0	0	0	1	0	0	0	0	0
C	Marios	20	131	9	1	2_____	68228	1	0	0	0	0	0	0	0	0	1	0
C	Marios	20	131	9	1	2_____	69550	1	0	0	0	0	1	0	0	0	0	0
C	Marios	20	131	9	1	2_____	69611	1	0	0	0	0	0	0	0	0	1	0
C	Marios	20	131	9	1	2_____	70500	1	2	0	0	0	0	0	0	0	0	0
C	Marios	20	131	9	1	2_____	71000	2	12	0	0	0	0	0	0	0	0	0
C	Marios	20	131	9	1	2_____	71067	12	0	0	0	0	1	0	0	0	0	0
C	Marios	20	131	9	1	2_____	71139	12	0	0	0	0	0	0	0	0	1	0
C	Marios	20	131	9	1	2_____	71500	12	15	0	0	0	0	0	0	0	0	0
C	Marios	20	131	9	1	2_____	72000	15	1	0	0	0	0	0	0	0	0	0
C	Marios	20	131	9	1	2_____	72612	1	0	0	0	0	1	0	0	0	0	0
C	Marios	20	131	9	1	2_____	72618	1	0	0	0	0	0	0	0	0	1	0
C	Marios	20	131	9	1	2_____	72619	1	0	0	0	0	1	0	0	0	0	0
C	Marios	20	131	9	1	2_____	72638	1	0	0	0	0	0	0	0	0	1	0
C	Marios	20	131	9	1	2_____	73854	1	0	0	0	0	1	0	0	0	0	0
C	Marios	20	131	9	1	2_____	73971	1	0	0	0	0	0	0	0	0	1	0
C	Marios	20	131	9	1	2_____	74105	1	0	0	0	0	1	0	0	0	0	0
C	Marios	20	131	9	1	2_____	74119	1	0	0	0	0	0	0	0	0	1	0
C	Marios	20	131	9	1	2_____	74250	1	2	0	0	0	0	0	0	0	0	0
C	Marios	20	131	9	1	2_____	74750	2	12	0	0	0	0	0	0	0	0	0
C	Marios	20	131	9	1	2_____	75250	12	15	0	0	0	0	0	0	0	0	0
C	Marios	20	131	9	1	2_____	75737	15	0	0	0	0	1	0	0	0	0	0
C	Marios	20	131	9	1	2_____	75750	15	1	0	0	0	0	0	0	0	0	0
C	Marios	20	131	9	1	2_____	75758	1	0	0	0	0	0	0	0	0	1	0
C	Marios	20	131	9	1	2_____	75767	1	0	0	0	0	1	0	0	0	0	0
C	Marios	20	131	9	1	2_____	75773	1	0	0	0	0	0	0	0	0	1	0
C	Marios	20	131	9	1	2_____	77250	1	2	0	0	0	0	0	0	0	0	0
C	Marios	20	131	9	1	2_____	77750	2	7	0	0	0	0	0	0	0	0	0
C	Marios	20	131	9	1	2_____	77927	7	0	0	0	0	1	0	0	0	0	0
C	Marios	20	131	9	1	2_____	77954	7	0	0	0	0	0	0	0	0	1	0
C	Marios	20	131	9	1	2_____	77988	7	0	0	0	0	1	0	0	0	0	0
C	Marios	20	131	9	1	2_____	78031	7	0	0	0	0	0	0	0	0	1	0
C	Marios	20	131	9	1	2_____	78063	7	0	0	0	0	1	0	0	0	0	0
C	Marios	20	131	9	1	2_____	78089	7	0	0	0	0	0	0	0	0	1	0
C	Marios	20	131	9	1	2_____	78100	7	0	0	0	0	1	0	0	0	0	0
C	Marios	20	131	9	1	2_____	78109	7	0	0	0	0	0	0	0	0	1	0
C	Marios	20	131	9	1	2_____	78141	7	0	0	0	0	1	0	0	0	0	0
C	Marios	20	131	9	1	2_____	78190	7	0	0	0	0	0	0	0	0	1	0
C	Marios	20	131	9	1	2_____	78202	7	0	0	0	0	1	0	0	0	0	0
C	Marios	20	131	9	1	2_____	78250	7	11	0	0	0	0	0	0	0	0	0
C	Marios	20	131	9	1	2_____	78352	11	0	0	0	0	0	0	0	0	1	0
C	Marios	20	131	9	1	2_____	78750	11	1	0	0	0	0	0	0	0	0	0
C	Marios	20	131	9	1	2_____	79654	1	0	0	0	0	1	0	0	0	0	0
C	Marios	20	131	9	1	2_____	79661	1	0	0	0	0	0	0	0	0	1	0
C	Marios	20	131	9	1	2_____	79675	1	0	0	0	0	1	0	0	0	0	0
C	Marios	20	131	9	1	2_____	79677	1	0	0	0	0	0	0	0	0	1	0
C	Marios	20	131	9	1	2_____	82500	1	2	0	0	0	0	0	0	0	0	0
C	Marios	20	131	9	1	2_____	83000	2	13	0	0	0	0	0	0	0	0	0
C	Marios	20	131	9	1	2_____	83156	13	0	0	0	0	1	0	0	0	0	0
C	Marios	20	131	9	1	2_____	83206	13	0	0	0	0	0	0	0	0	1	0
C	Marios	20	131	9	1	2_____	83327	13	0	0	0	0	1	0	0	0	0	0
C	Marios	20	131	9	1	2_____	83447	13	0	0	0	0	0	0	0	0	1	0
C	Marios	20	131	9	1	2_____	83500	13	15	0	0	0	0	0	0	0	0	0
C	Marios	20	131	9	1	2_____	83565	15	0	0	0	0	1	0	0	0	0	0
C	Marios	20	131	9	1	2_____	83632	15	0	0	0	0	0	0	0	0	1	0
C	Marios	20	131	9	1	2_____	83671	15	0	0	0	0	1	0	0	0	0	0
C	Marios	20	131	9	1	2_____	83755	15	0	0	0	0	0	0	0	0	1	0
C	Marios	20	131	9	1	2_____	84000	15	1	0	0	0	0	0	0	0	0	0
C	Marios	20	131	9	1	2_____	86897	1	0	0	0	0	1	0	0	0	0	0
C	Marios	20	131	9	1	2_____	86908	1	0	0	0	0	0	0	0	0	1	0
C	Marios	20	131	9	1	2_____	87621	1	0	0	0	0	1	0	0	0	0	0
C	Marios	20	131	9	1	2_____	87727	1	0	0	0	0	0	0	0	0	1	0
C	Marios	20	131	9	1	2_____	87761	1	0	0	0	0	1	0	0	0	0	0
C	Marios	20	131	9	1	2_____	88085	1	0	0	0	0	0	0	0	0	1	0
C	Marios	20	131	9	1	2_____	88500	1	2	0	0	0	0	0	0	0	0	0
C	Marios	20	131	9	1	2_____	88521	2	0	0	0	0	1	0	0	0	0	0
C	Marios	20	131	9	1	2_____	88598	2	0	0	0	0	0	0	0	0	1	0
C	Marios	20	131	9	1	2_____	89000	2	12	0	0	0	0	0	0	0	0	0
C	Marios	20	131	9	1	2_____	89096	12	0	0	0	0	1	0	0	0	0	0
C	Marios	20	131	9	1	2_____	89200	12	0	0	0	0	0	0	0	0	1	0
C	Marios	20	131	9	1	2_____	89267	12	0	0	0	0	1	0	0	0	0	0
C	Marios	20	131	9	1	2_____	89436	12	0	0	0	0	0	0	0	0	1	0
C	Marios	20	131	9	1	2_____	89440	12	0	0	0	0	1	0	0	0	0	0
C	Marios	20	131	9	1	2_____	89444	12	0	0	0	0	0	0	0	0	1	0
C	Marios	20	131	9	1	2_____	89445	12	0	0	0	0	1	0	0	0	0	0
C	Marios	20	131	9	1	2_____	89447	12	0	0	0	0	0	0	0	0	1	0
C	Marios	20	131	9	1	2_____	89493	12	0	0	0	0	1	0	0	0	0	0
C	Marios	20	131	9	1	2_____	89500	12	15	0	0	0	0	0	0	0	0	0
C	Marios	20	131	9	1	2_____	89538	15	0	0	0	0	0	0	0	0	1	0
C	Marios	20	131	9	1	2_____	89566	15	0	0	0	0	1	0	0	0	0	0
C	Marios	20	131	9	1	2_____	89646	15	0	0	0	0	0	0	0	0	1	0
C	Marios	20	131	9	1	2_____	89709	15	0	0	0	0	1	0	0	0	0	0
C	Marios	20	131	9	1	2_____	89795	15	0	0	0	0	0	0	0	0	1	0
C	Marios	20	131	9	1	2_____	89866	15	0	0	0	0	1	0	0	0	0	0
C	Marios	20	131	9	1	2_____	89894	15	0	0	0	0	0	0	0	0	1	0
C	Marios	20	131	9	1	2_____	89901	15	0	0	0	0	1	0	0	0	0	0
C	Marios	20	131	9	1	2_____	89989	15	0	0	0	0	0	0	0	0	1	0
C	Marios	20	131	9	1	2_____	90000	15	1	0	0	0	0	0	0	0	0	0
C	Marios	20	131	9	1	2_____	90037	1	0	0	0	0	1	0	0	0	0	0
C	Marios	20	131	9	1	2_____	90076	1	0	0	0	0	0	0	0	0	1	0
C	Marios	20	131	9	1	2_____	90161	1	0	0	0	0	1	0	0	0	0	0
C	Marios	20	131	9	1	2_____	90191	1	0	0	0	0	0	0	0	0	1	0
C	Marios	20	131	9	1	2_____	90297	1	0	0	0	0	1	0	0	0	0	0
C	Marios	20	131	9	1	2_____	90305	1	0	0	0	0	0	0	0	0	1	0
C	Marios	20	131	9	1	2_____	90399	1	0	0	0	0	1	0	0	0	0	0
C	Marios	20	131	9	1	2_____	90454	1	0	0	0	0	0	0	0	0	1	0
C	Marios	20	131	9	1	2_____	90471	1	0	0	0	0	1	0	0	0	0	0
C	Marios	20	131	9	1	2_____	90572	1	0	0	0	0	0	0	0	0	1	0
C	Marios	20	131	9	1	2_____	91830	1	0	0	0	0	1	0	0	0	0	0
C	Marios	20	131	9	1	2_____	91836	1	0	0	0	0	0	0	0	0	1	0
C	Marios	20	131	9	1	2_____	91847	1	0	0	0	0	1	0	0	0	0	0
C	Marios	20	131	9	1	2_____	91856	1	0	0	0	0	0	0	0	0	1	0
C	Marios	20	131	9	1	2_____	92601	1	0	0	0	0	1	0	0	0	0	0
C	Marios	20	131	9	1	2_____	92677	1	0	0	0	0	0	0	0	0	1	0
C	Marios	20	131	9	1	2_____	92764	1	0	0	0	0	1	0	0	0	0	0
C	Marios	20	131	9	1	2_____	92856	1	0	0	0	0	0	0	0	0	1	0
C	Marios	20	131	9	1	2_____	94429	1	0	0	0	0	1	0	0	0	0	0
C	Marios	20	131	9	1	2_____	94450	1	0	0	0	0	0	0	0	0	1	0
C	Marios	20	131	9	1	2_____	94548	1	0	0	0	0	1	0	0	0	0	0
C	Marios	20	131	9	1	2_____	94558	1	0	0	0	0	0	0	0	0	1	0
C	Marios	20	131	9	1	2_____	95399	1	0	0	0	0	1	0	0	0	0	0
C	Marios	20	131	9	1	2_____	95436	1	0	0	0	0	0	0	0	0	1	0
C	Marios	20	131	9	1	2_____	97176	1	0	0	0	0	1	0	0	0	0	0
C	Marios	20	131	9	1	2_____	97235	1	0	0	0	0	0	0	0	0	1	0
C	Marios	20	131	9	1	2_____	97500	1	2	0	0	0	0	0	0	0	0	0
C	Marios	20	131	9	1	2_____	97509	2	0	0	0	0	1	0	0	0	0	0
C	Marios	20	131	9	1	2_____	97588	2	0	0	0	0	0	0	0	0	1	0
C	Marios	20	131	9	1	2_____	97654	2	0	0	0	0	1	0	0	0	0	0
C	Marios	20	131	9	1	2_____	97656	2	0	0	0	0	0	0	0	0	1	0
C	Marios	20	131	9	1	2_____	97657	2	0	0	0	0	1	0	0	0	0	0
C	Marios	20	131	9	1	2_____	98000	2	6	0	0	0	0	0	0	0	0	0
C	Marios	20	131	9	1	2_____	98004	6	0	0	0	0	0	0	0	0	1	0
C	Marios	20	131	9	1	2_____	98126	6	0	0	0	0	1	0	0	0	0	0
C	Marios	20	131	9	1	2_____	98223	6	0	0	0	0	0	0	0	0	1	0
C	Marios	20	131	9	1	2_____	98238	6	0	0	0	0	1	0	0	0	0	0
C	Marios	20	131	9	1	2_____	98253	6	0	0	0	0	0	0	0	0	1	0
C	Marios	20	131	9	1	2_____	98271	6	0	0	0	0	1	0	0	0	0	0
C	Marios	20	131	9	1	2_____	98294	6	0	0	0	0	0	0	0	0	1	0
C	Marios	20	131	9	1	2_____	98344	6	0	0	0	0	1	0	0	0	0	0
C	Marios	20	131	9	1	2_____	98378	6	0	0	0	0	0	0	0	0	1	0
C	Marios	20	131	9	1	2_____	98400	6	0	0	0	0	1	0	0	0	0	0
C	Marios	20	131	9	1	2_____	98445	6	0	0	0	0	0	0	0	0	1	0
C	Marios	20	131	9	1	2_____	98500	6	10	0	0	0	0	0	0	0	0	0
C	Marios	20	131	9	1	2_____	98517	10	0	0	0	0	1	0	0	0	0	0
C	Marios	20	131	9	1	2_____	98763	10	0	0	0	0	0	0	0	0	1	0
C	Marios	20	131	9	1	2_____	98767	10	0	0	0	0	1	0	0	0	0	0
C	Marios	20	131	9	1	2_____	98776	10	0	0	0	0	0	0	0	0	1	0
C	Marios	20	131	9	1	2_____	99000	10	1	0	0	0	0	0	0	0	0	0
C	Marios	20	131	9	1	2_____	104266	1	0	0	0	0	1	0	0	0	0	0
C	Marios	20	131	9	1	2_____	104299	1	0	0	0	0	0	0	0	0	1	0
C	Marios	20	131	9	1	2_____	104500	1	2	0	0	0	0	0	0	0	0	0
C	Marios	20	131	9	1	2_____	104553	2	0	0	0	0	1	0	0	0	0	0
C	Marios	20	131	9	1	2_____	104581	2	0	0	0	0	0	0	0	0	1	0
C	Marios	20	131	9	1	2_____	105000	2	13	0	0	0	0	0	0	0	0	0
C	Marios	20	131	9	1	2_____	105410	13	0	0	0	0	1	0	0	0	0	0
C	Marios	20	131	9	1	2_____	105500	13	15	0	0	0	0	0	0	0	0	0
C	Marios	20	131	9	1	2_____	105617	15	0	0	0	0	0	0	0	0	1	0
C	Marios	20	131	9	1	2_____	105657	15	0	0	0	0	1	0	0	0	0	0
C	Marios	20	131	9	1	2_____	105743	15	0	0	0	0	0	0	0	0	1	0
C	Marios	20	131	9	1	2_____	105786	15	0	0	0	0	1	0	0	0	0	0
C	Marios	20	131	9	1	2_____	105811	15	0	0	0	0	0	0	0	0	1	0
C	Marios	20	131	9	1	2_____	105878	15	0	0	0	0	1	0	0	0	0	0
C	Marios	20	131	9	1	2_____	105889	15	0	0	0	0	0	0	0	0	1	0
C	Marios	20	131	9	1	2_____	106000	15	1	0	0	0	0	0	0	0	0	0
C	Marios	20	131	9	1	2_____	107598	1	0	0	0	0	1	0	0	0	0	0
C	Marios	20	131	9	1	2_____	107601	1	0	0	0	0	0	0	0	0	1	0
C	Marios	20	131	9	1	2_____	108586	1	0	0	0	0	1	0	0	0	0	0
C	Marios	20	131	9	1	2_____	108600	1	0	0	0	0	0	0	0	0	1	0
C	Marios	20	131	9	1	2_____	108605	1	0	0	0	0	1	0	0	0	0	0
C	Marios	20	131	9	1	2_____	108626	1	0	0	0	0	0	0	0	0	1	0
C	Marios	20	131	9	1	2_____	112000	1	2	0	0	0	0	0	0	0	0	0
C	Marios	20	131	9	1	2_____	112500	2	13	0	0	0	0	0	0	0	0	0
C	Marios	20	131	9	1	2_____	113000	13	15	0	0	0	0	0	0	0	0	0
C	Marios	20	131	9	1	2_____	113263	15	0	0	0	0	1	0	0	0	0	0
C	Marios	20	131	9	1	2_____	113276	15	0	0	0	0	0	0	0	0	1	0
C	Marios	20	131	9	1	2_____	113500	15	1	0	0	0	0	0	0	0	0	0
C	Marios	20	131	9	1	2_____	118533	1	0	0	0	0	1	0	0	0	0	0
C	Marios	20	131	9	1	2_____	118593	1	0	0	0	0	0	0	0	0	1	0
C	Marios	20	131	9	1	2_____	118750	1	2	0	0	0	0	0	0	0	0	0
C	Marios	20	131	9	1	2_____	119250	2	12	0	0	0	0	0	0	0	0	0
C	Marios	20	131	9	1	2_____	119409	12	0	0	0	0	1	0	0	0	0	0
C	Marios	20	131	9	1	2_____	119462	12	0	0	0	0	0	0	0	0	1	0
C	Marios	20	131	9	1	2_____	119657	12	0	0	0	0	1	0	0	0	0	0
C	Marios	20	131	9	1	2_____	119750	12	15	0	0	0	0	0	0	0	0	0
C	Marios	20	131	9	1	2_____	119792	15	0	0	0	0	0	0	0	0	1	0
C	Marios	20	131	9	1	2_____	120250	15	1	0	0	0	0	0	0	0	0	0
C	Marios	20	131	9	1	2_____	122087	1	0	0	0	0	1	0	0	0	0	0
C	Marios	20	131	9	1	2_____	122099	1	0	0	0	0	0	0	0	0	1	0
C	Marios	20	131	9	1	2_____	127000	1	2	0	0	0	0	0	0	0	0	0
C	Marios	20	131	9	1	2_____	127500	2	13	0	0	0	0	0	0	0	0	0
C	Marios	20	131	9	1	2_____	127749	13	0	0	0	0	1	0	0	0	0	0
C	Marios	20	131	9	1	2_____	127767	13	0	0	0	0	0	0	0	0	1	0
C	Marios	20	131	9	1	2_____	128000	13	15	0	0	0	0	0	0	0	0	0
C	Marios	20	131	9	1	2_____	128020	15	0	0	0	0	1	0	0	0	0	0
C	Marios	20	131	9	1	2_____	128123	15	0	0	0	0	0	0	0	0	1	0
C	Marios	20	131	9	1	2_____	128500	15	1	0	0	0	0	0	0	0	0	0
C	Marios	20	131	9	1	2_____	128829	1	0	0	0	0	1	0	0	0	0	0
C	Marios	20	131	9	1	2_____	128832	1	0	0	0	0	0	0	0	0	1	0
C	Marios	20	131	9	1	2_____	132000	1	2	0	0	0	0	0	0	0	0	0
C	Marios	20	131	9	1	2_____	132500	2	6	0	0	0	0	0	0	0	0	0
C	Marios	20	131	9	1	2_____	132653	6	0	0	0	0	1	0	0	0	0	0
C	Marios	20	131	9	1	2_____	132731	6	0	0	0	0	0	0	0	0	1	0
C	Marios	20	131	9	1	2_____	132767	6	0	0	0	0	1	0	0	0	0	0
C	Marios	20	131	9	1	2_____	132794	6	0	0	0	0	0	0	0	0	1	0
C	Marios	20	131	9	1	2_____	132850	6	0	0	0	0	1	0	0	0	0	0
C	Marios	20	131	9	1	2_____	132868	6	0	0	0	0	0	0	0	0	1	0
C	Marios	20	131	9	1	2_____	132952	6	0	0	0	0	1	0	0	0	0	0
C	Marios	20	131	9	1	2_____	132974	6	0	0	0	0	0	0	0	0	1	0
C	Marios	20	131	9	1	2_____	133000	6	10	0	0	0	0	0	0	0	0	0
C	Marios	20	131	9	1	2_____	133025	10	0	0	0	0	1	0	0	0	0	0
C	Marios	20	131	9	1	2_____	133145	10	0	0	0	0	0	0	0	0	1	0
C	Marios	20	131	9	1	2_____	133500	10	1	0	0	0	0	0	0	0	0	0
C	Marios	20	131	9	1	2_____	134440	1	0	0	0	0	1	0	0	0	0	0
C	Marios	20	131	9	1	2_____	134529	1	0	0	0	0	0	0	0	0	1	0
C	Marios	20	131	9	1	2_____	134547	1	0	0	0	0	1	0	0	0	0	0
C	Marios	20	131	9	1	2_____	134549	1	0	0	0	0	0	0	0	0	1	0
C	Marios	20	131	9	1	2_____	134583	1	0	0	0	0	1	0	0	0	0	0
C	Marios	20	131	9	1	2_____	134610	1	0	0	0	0	0	0	0	0	1	0
C	Marios	20	131	9	1	2_____	135824	1	0	0	0	0	1	0	0	0	0	0
C	Marios	20	131	9	1	2_____	135863	1	0	0	0	0	0	0	0	0	1	0
C	Marios	20	131	9	1	2_____	136500	1	2	0	0	0	0	0	0	0	0	0
C	Marios	20	131	9	1	2_____	137000	2	12	0	0	0	0	0	0	0	0	0
C	Marios	20	131	9	1	2_____	137500	12	15	0	0	0	0	0	0	0	0	0
C	Marios	20	131	9	1	2_____	138000	15	1	0	0	0	0	0	0	0	0	0
C	Marios	20	131	9	1	2_____	139964	1	0	0	0	0	1	0	0	0	0	0
C	Marios	20	131	9	1	2_____	140004	1	0	0	0	0	0	0	0	0	1	0
C	Marios	20	131	9	1	2_____	141504	1	0	0	0	0	1	0	0	0	0	0
C	Marios	20	131	9	1	2_____	141518	1	0	0	0	0	0	0	0	0	1	0
C	Marios	20	131	9	1	2_____	142500	1	2	0	0	0	0	0	0	0	0	0
C	Marios	20	131	9	1	2_____	143000	2	7	0	0	0	0	0	0	0	0	0
C	Marios	20	131	9	1	2_____	143173	7	0	0	0	0	1	0	0	0	0	0
C	Marios	20	131	9	1	2_____	143214	7	0	0	0	0	0	0	0	0	1	0
C	Marios	20	131	9	1	2_____	143262	7	0	0	0	0	1	0	0	0	0	0
C	Marios	20	131	9	1	2_____	143340	7	0	0	0	0	0	0	0	0	1	0
C	Marios	20	131	9	1	2_____	143485	7	0	0	0	0	1	0	0	0	0	0
C	Marios	20	131	9	1	2_____	143500	7	11	0	0	0	0	0	0	0	0	0
C	Marios	20	131	9	1	2_____	143636	11	0	0	0	0	0	0	0	0	1	0
C	Marios	20	131	9	1	2_____	143829	11	0	0	0	0	1	0	0	0	0	0
C	Marios	20	131	9	1	2_____	143843	11	0	0	0	0	0	0	0	0	1	0
C	Marios	20	131	9	1	2_____	144000	11	14	0	0	0	0	0	0	0	0	0
C	Marios	20	131	9	1	2_____	147000	14	-1	0	0	0	0	0	0	0	0	0
C	Marios	20	131	13	1	27____	0	0	1	0	0	0	0	0	0	0	0	0
C	Marios	20	131	13	1	27____	425	1	0	0	0	0	1	0	0	0	0	0
C	Marios	20	131	13	1	27____	456	1	0	0	0	0	0	0	0	0	1	0
C	Marios	20	131	13	1	27____	2250	1	2	0	0	0	0	0	0	0	0	0
C	Marios	20	131	13	1	27____	2750	2	7	0	0	0	0	0	0	0	0	0
C	Marios	20	131	13	1	27____	2999	7	0	0	0	0	1	0	0	0	0	0
C	Marios	20	131	13	1	27____	3161	7	0	0	0	0	0	0	0	0	1	0
C	Marios	20	131	13	1	27____	3162	7	0	0	0	0	1	0	0	0	0	0
C	Marios	20	131	13	1	27____	3195	7	0	0	0	0	0	0	0	0	1	0
C	Marios	20	131	13	1	27____	3235	7	0	0	0	0	1	0	0	0	0	0
C	Marios	20	131	13	1	27____	3250	7	11	0	0	0	0	0	0	0	0	0
C	Marios	20	131	13	1	27____	3260	11	0	0	0	0	0	0	0	0	1	0
C	Marios	20	131	13	1	27____	3262	11	0	0	0	0	1	0	0	0	0	0
C	Marios	20	131	13	1	27____	3334	11	0	0	0	0	0	0	0	0	1	0
C	Marios	20	131	13	1	27____	3355	11	0	0	0	0	1	0	0	0	0	0
C	Marios	20	131	13	1	27____	3385	11	0	0	0	0	0	0	0	0	1	0
C	Marios	20	131	13	1	27____	3430	11	0	0	0	0	1	0	0	0	0	0
C	Marios	20	131	13	1	27____	3476	11	0	0	0	0	0	0	0	0	1	0
C	Marios	20	131	13	1	27____	3479	11	0	0	0	0	1	0	0	0	0	0
C	Marios	20	131	13	1	27____	3483	11	0	0	0	0	0	0	0	0	1	0
C	Marios	20	131	13	1	27____	3489	11	0	0	0	0	1	0	0	0	0	0
C	Marios	20	131	13	1	27____	3491	11	0	0	0	0	0	0	0	0	1	0
C	Marios	20	131	13	1	27____	3656	11	0	0	0	0	1	0	0	0	0	0
C	Marios	20	131	13	1	27____	3665	11	0	0	0	0	0	0	0	0	1	0
C	Marios	20	131	13	1	27____	3750	11	1	0	0	0	0	0	0	0	0	0
C	Marios	20	131	13	1	27____	6529	1	0	0	0	0	1	0	0	0	0	0
C	Marios	20	131	13	1	27____	6532	1	0	0	0	0	0	0	0	0	1	0
C	Marios	20	131	13	1	27____	6533	1	0	0	0	0	1	0	0	0	0	0
C	Marios	20	131	13	1	27____	6633	1	0	0	0	0	0	0	0	0	1	0
C	Marios	20	131	13	1	27____	6644	1	0	0	0	0	1	0	0	0	0	0
C	Marios	20	131	13	1	27____	6658	1	0	0	0	0	0	0	0	0	1	0
C	Marios	20	131	13	1	27____	8210	1	0	0	0	0	1	0	0	0	0	0
C	Marios	20	131	13	1	27____	8238	1	0	0	0	0	0	0	0	0	1	0
C	Marios	20	131	13	1	27____	8250	1	2	0	0	0	0	0	0	0	0	0
C	Marios	20	131	13	1	27____	8355	2	0	0	0	0	1	0	0	0	0	0
C	Marios	20	131	13	1	27____	8365	2	0	0	0	0	0	0	0	0	1	0
C	Marios	20	131	13	1	27____	8367	2	0	0	0	0	1	0	0	0	0	0
C	Marios	20	131	13	1	27____	8406	2	0	0	0	0	0	0	0	0	1	0
C	Marios	20	131	13	1	27____	8750	2	13	0	0	0	0	0	0	0	0	0
C	Marios	20	131	13	1	27____	9250	13	15	0	0	0	0	0	0	0	0	0
C	Marios	20	131	13	1	27____	9750	15	1	0	0	0	0	0	0	0	0	0
C	Marios	20	131	13	1	27____	13064	1	0	0	0	0	1	0	0	0	0	0
C	Marios	20	131	13	1	27____	13068	1	0	0	0	0	0	0	0	0	1	0
C	Marios	20	131	13	1	27____	13088	1	0	0	0	0	1	0	0	0	0	0
C	Marios	20	131	13	1	27____	13149	1	0	0	0	0	0	0	0	0	1	0
C	Marios	20	131	13	1	27____	13347	1	0	0	0	0	1	0	0	0	0	0
C	Marios	20	131	13	1	27____	13441	1	0	0	0	0	0	0	0	0	1	0
C	Marios	20	131	13	1	27____	15750	1	2	0	0	0	0	0	0	0	0	0
C	Marios	20	131	13	1	27____	16250	2	6	0	0	0	0	0	0	0	0	0
C	Marios	20	131	13	1	27____	16381	6	0	0	0	0	1	0	0	0	0	0
C	Marios	20	131	13	1	27____	16602	6	0	0	0	0	0	0	0	0	1	0
C	Marios	20	131	13	1	27____	16641	6	0	0	0	0	1	0	0	0	0	0
C	Marios	20	131	13	1	27____	16673	6	0	0	0	0	0	0	0	0	1	0
C	Marios	20	131	13	1	27____	16677	6	0	0	0	0	1	0	0	0	0	0
C	Marios	20	131	13	1	27____	16750	6	10	0	0	0	0	0	0	0	0	0
C	Marios	20	131	13	1	27____	16877	10	0	0	0	0	0	0	0	0	1	0
C	Marios	20	131	13	1	27____	16878	10	0	0	0	0	1	0	0	0	0	0
C	Marios	20	131	13	1	27____	16947	10	0	0	0	0	0	0	0	0	1	0
C	Marios	20	131	13	1	27____	16949	10	0	0	0	0	1	0	0	0	0	0
C	Marios	20	131	13	1	27____	16953	10	0	0	0	0	0	0	0	0	1	0
C	Marios	20	131	13	1	27____	17250	10	1	0	0	0	0	0	0	0	0	0
C	Marios	20	131	13	1	27____	20750	1	2	0	0	0	0	0	0	0	0	0
C	Marios	20	131	13	1	27____	20997	2	0	0	0	0	1	0	0	0	0	0
C	Marios	20	131	13	1	27____	21010	2	0	0	0	0	0	0	0	0	1	0
C	Marios	20	131	13	1	27____	21250	2	13	0	0	0	0	0	0	0	0	0
C	Marios	20	131	13	1	27____	21750	13	15	0	0	0	0	0	0	0	0	0
C	Marios	20	131	13	1	27____	22250	15	1	0	0	0	0	0	0	0	0	0
C	Marios	20	131	13	1	27____	23750	1	2	0	0	0	0	0	0	0	0	0
C	Marios	20	131	13	1	27____	24250	2	12	0	0	0	0	0	0	0	0	0
C	Marios	20	131	13	1	27____	24543	12	0	0	0	0	1	0	0	0	0	0
C	Marios	20	131	13	1	27____	24592	12	0	0	0	0	0	0	0	0	1	0
C	Marios	20	131	13	1	27____	24750	12	15	0	0	0	0	0	0	0	0	0
C	Marios	20	131	13	1	27____	24869	15	0	0	0	0	1	0	0	0	0	0
C	Marios	20	131	13	1	27____	25152	15	0	0	0	0	0	0	0	0	1	0
C	Marios	20	131	13	1	27____	25250	15	1	0	0	0	0	0	0	0	0	0
C	Marios	20	131	13	1	27____	25674	1	0	0	0	0	1	0	0	0	0	0
C	Marios	20	131	13	1	27____	25820	1	0	0	0	0	0	0	0	0	1	0
C	Marios	20	131	13	1	27____	26839	1	0	0	0	0	1	0	0	0	0	0
C	Marios	20	131	13	1	27____	26886	1	0	0	0	0	0	0	0	0	1	0
C	Marios	20	131	13	1	27____	29000	1	2	0	0	0	0	0	0	0	0	0
C	Marios	20	131	13	1	27____	29500	2	12	0	0	0	0	0	0	0	0	0
C	Marios	20	131	13	1	27____	29796	12	0	0	0	0	1	0	0	0	0	0
C	Marios	20	131	13	1	27____	29932	12	0	0	0	0	0	0	0	0	1	0
C	Marios	20	131	13	1	27____	30000	12	15	0	0	0	0	0	0	0	0	0
C	Marios	20	131	13	1	27____	30035	15	0	0	0	0	1	0	0	0	0	0
C	Marios	20	131	13	1	27____	30037	15	0	0	0	0	0	0	0	0	1	0
C	Marios	20	131	13	1	27____	30054	15	0	0	0	0	1	0	0	0	0	0
C	Marios	20	131	13	1	27____	30161	15	0	0	0	0	0	0	0	0	1	0
C	Marios	20	131	13	1	27____	30165	15	0	0	0	0	1	0	0	0	0	0
C	Marios	20	131	13	1	27____	30179	15	0	0	0	0	0	0	0	0	1	0
C	Marios	20	131	13	1	27____	30362	15	0	0	0	0	1	0	0	0	0	0
C	Marios	20	131	13	1	27____	30379	15	0	0	0	0	0	0	0	0	1	0
C	Marios	20	131	13	1	27____	30500	15	1	0	0	0	0	0	0	0	0	0
C	Marios	20	131	13	1	27____	33500	1	2	0	0	0	0	0	0	0	0	0
C	Marios	20	131	13	1	27____	34000	2	6	0	0	0	0	0	0	0	0	0
C	Marios	20	131	13	1	27____	34253	6	0	0	0	0	1	0	0	0	0	0
C	Marios	20	131	13	1	27____	34389	6	0	0	0	0	0	0	0	0	1	0
C	Marios	20	131	13	1	27____	34500	6	10	0	0	0	0	0	0	0	0	0
C	Marios	20	131	13	1	27____	34515	10	0	0	0	0	1	0	0	0	0	0
C	Marios	20	131	13	1	27____	34788	10	0	0	0	0	0	0	0	0	1	0
C	Marios	20	131	13	1	27____	34790	10	0	0	0	0	1	0	0	0	0	0
C	Marios	20	131	13	1	27____	34807	10	0	0	0	0	0	0	0	0	1	0
C	Marios	20	131	13	1	27____	34882	10	0	0	0	0	1	0	0	0	0	0
C	Marios	20	131	13	1	27____	34912	10	0	0	0	0	0	0	0	0	1	0
C	Marios	20	131	13	1	27____	34996	10	0	0	0	0	1	0	0	0	0	0
C	Marios	20	131	13	1	27____	35000	10	1	0	0	0	0	0	0	0	0	0
C	Marios	20	131	13	1	27____	35013	1	0	0	0	0	0	0	0	0	1	0
C	Marios	20	131	13	1	27____	40500	1	2	0	0	0	0	0	0	0	0	0
C	Marios	20	131	13	1	27____	41000	2	7	0	0	0	0	0	0	0	0	0
C	Marios	20	131	13	1	27____	41123	7	0	0	0	0	1	0	0	0	0	0
C	Marios	20	131	13	1	27____	41190	7	0	0	0	0	0	0	0	0	1	0
C	Marios	20	131	13	1	27____	41273	7	0	0	0	0	1	0	0	0	0	0
C	Marios	20	131	13	1	27____	41378	7	0	0	0	0	0	0	0	0	1	0
C	Marios	20	131	13	1	27____	41433	7	0	0	0	0	1	0	0	0	0	0
C	Marios	20	131	13	1	27____	41500	7	11	0	0	0	0	0	0	0	0	0
C	Marios	20	131	13	1	27____	41578	11	0	0	0	0	0	0	0	0	1	0
C	Marios	20	131	13	1	27____	42000	11	1	0	0	0	0	0	0	0	0	0
C	Marios	20	131	13	1	27____	42235	1	0	0	0	0	1	0	0	0	0	0
C	Marios	20	131	13	1	27____	42336	1	0	0	0	0	0	0	0	0	1	0
C	Marios	20	131	13	1	27____	46141	1	0	0	0	0	1	0	0	0	0	0
C	Marios	20	131	13	1	27____	46235	1	0	0	0	0	0	0	0	0	1	0
C	Marios	20	131	13	1	27____	47344	1	0	0	0	0	1	0	0	0	0	0
C	Marios	20	131	13	1	27____	47383	1	0	0	0	0	0	0	0	0	1	0
C	Marios	20	131	13	1	27____	49500	1	2	0	0	0	0	0	0	0	0	0
C	Marios	20	131	13	1	27____	50000	2	13	0	0	0	0	0	0	0	0	0
C	Marios	20	131	13	1	27____	50035	13	0	0	0	0	1	0	0	0	0	0
C	Marios	20	131	13	1	27____	50117	13	0	0	0	0	0	0	0	0	1	0
C	Marios	20	131	13	1	27____	50246	13	0	0	0	0	1	0	0	0	0	0
C	Marios	20	131	13	1	27____	50359	13	0	0	0	0	0	0	0	0	1	0
C	Marios	20	131	13	1	27____	50496	13	0	0	0	0	1	0	0	0	0	0
C	Marios	20	131	13	1	27____	50500	13	15	0	0	0	0	0	0	0	0	0
C	Marios	20	131	13	1	27____	50771	15	0	0	0	0	0	0	0	0	1	0
C	Marios	20	131	13	1	27____	51000	15	1	0	0	0	0	0	0	0	0	0
C	Marios	20	131	13	1	27____	55500	1	2	0	0	0	0	0	0	0	0	0
C	Marios	20	131	13	1	27____	56000	2	13	0	0	0	0	0	0	0	0	0
C	Marios	20	131	13	1	27____	56500	13	15	0	0	0	0	0	0	0	0	0
C	Marios	20	131	13	1	27____	57000	15	1	0	0	0	0	0	0	0	0	0
C	Marios	20	131	13	1	27____	58314	1	0	0	0	0	1	0	0	0	0	0
C	Marios	20	131	13	1	27____	58377	1	0	0	0	0	0	0	0	0	1	0
C	Marios	20	131	13	1	27____	58379	1	0	0	0	0	1	0	0	0	0	0
C	Marios	20	131	13	1	27____	58469	1	0	0	0	0	0	0	0	0	1	0
C	Marios	20	131	13	1	27____	58475	1	0	0	0	0	1	0	0	0	0	0
C	Marios	20	131	13	1	27____	58517	1	0	0	0	0	0	0	0	0	1	0
C	Marios	20	131	13	1	27____	60095	1	0	0	0	0	1	0	0	0	0	0
C	Marios	20	131	13	1	27____	60164	1	0	0	0	0	0	0	0	0	1	0
C	Marios	20	131	13	1	27____	60174	1	0	0	0	0	1	0	0	0	0	0
C	Marios	20	131	13	1	27____	60177	1	0	0	0	0	0	0	0	0	1	0
C	Marios	20	131	13	1	27____	60180	1	0	0	0	0	1	0	0	0	0	0
C	Marios	20	131	13	1	27____	60188	1	0	0	0	0	0	0	0	0	1	0
C	Marios	20	131	13	1	27____	63750	1	2	0	0	0	0	0	0	0	0	0
C	Marios	20	131	13	1	27____	64250	2	12	0	0	0	0	0	0	0	0	0
C	Marios	20	131	13	1	27____	64750	12	15	0	0	0	0	0	0	0	0	0
C	Marios	20	131	13	1	27____	65250	15	1	0	0	0	0	0	0	0	0	0
C	Marios	20	131	13	1	27____	66021	1	0	0	0	0	1	0	0	0	0	0
C	Marios	20	131	13	1	27____	66067	1	0	0	0	0	0	0	0	0	1	0
C	Marios	20	131	13	1	27____	70500	1	2	0	0	0	0	0	0	0	0	0
C	Marios	20	131	13	1	27____	71000	2	12	0	0	0	0	0	0	0	0	0
C	Marios	20	131	13	1	27____	71500	12	15	0	0	0	0	0	0	0	0	0
C	Marios	20	131	13	1	27____	72000	15	1	0	0	0	0	0	0	0	0	0
C	Marios	20	131	13	1	27____	72679	1	0	0	0	0	1	0	0	0	0	0
C	Marios	20	131	13	1	27____	72771	1	0	0	0	0	0	0	0	0	1	0
C	Marios	20	131	13	1	27____	75500	1	2	0	0	0	0	0	0	0	0	0
C	Marios	20	131	13	1	27____	76000	2	13	0	0	0	0	0	0	0	0	0
C	Marios	20	131	13	1	27____	76500	13	15	0	0	0	0	0	0	0	0	0
C	Marios	20	131	13	1	27____	77000	15	1	0	0	0	0	0	0	0	0	0
C	Marios	20	131	13	1	27____	78500	1	2	0	0	0	0	0	0	0	0	0
C	Marios	20	131	13	1	27____	79000	2	12	0	0	0	0	0	0	0	0	0
C	Marios	20	131	13	1	27____	79155	12	0	0	0	0	1	0	0	0	0	0
C	Marios	20	131	13	1	27____	79500	12	15	0	0	0	0	0	0	0	0	0
C	Marios	20	131	13	1	27____	79573	15	0	0	0	0	0	0	0	0	1	0
C	Marios	20	131	13	1	27____	79700	15	0	0	0	0	1	0	0	0	0	0
C	Marios	20	131	13	1	27____	79826	15	0	0	0	0	0	0	0	0	1	0
C	Marios	20	131	13	1	27____	80000	15	1	0	0	0	0	0	0	0	0	0
C	Marios	20	131	13	1	27____	86000	1	2	0	0	0	0	0	0	0	0	0
C	Marios	20	131	13	1	27____	86500	2	12	0	0	0	0	0	0	0	0	0
C	Marios	20	131	13	1	27____	87000	12	15	0	0	0	0	0	0	0	0	0
C	Marios	20	131	13	1	27____	87500	15	1	0	0	0	0	0	0	0	0	0
C	Marios	20	131	13	1	27____	89102	1	0	0	0	0	1	0	0	0	0	0
C	Marios	20	131	13	1	27____	89244	1	0	0	0	0	0	0	0	0	1	0
C	Marios	20	131	13	1	27____	89545	1	0	0	0	0	1	0	0	0	0	0
C	Marios	20	131	13	1	27____	89570	1	0	0	0	0	0	0	0	0	1	0
C	Marios	20	131	13	1	27____	92750	1	2	0	0	0	0	0	0	0	0	0
C	Marios	20	131	13	1	27____	92808	2	0	0	0	0	1	0	0	0	0	0
C	Marios	20	131	13	1	27____	92810	2	0	0	0	0	0	0	0	0	1	0
C	Marios	20	131	13	1	27____	93250	2	6	0	0	0	0	0	0	0	0	0
C	Marios	20	131	13	1	27____	93630	6	0	0	0	0	1	0	0	0	0	0
C	Marios	20	131	13	1	27____	93750	6	10	0	0	0	0	0	0	0	0	0
C	Marios	20	131	13	1	27____	93907	10	0	0	0	0	0	0	0	0	1	0
C	Marios	20	131	13	1	27____	94109	10	0	0	0	0	1	0	0	0	0	0
C	Marios	20	131	13	1	27____	94112	10	0	0	0	0	0	0	0	0	1	0
C	Marios	20	131	13	1	27____	94143	10	0	0	0	0	1	0	0	0	0	0
C	Marios	20	131	13	1	27____	94155	10	0	0	0	0	0	0	0	0	1	0
C	Marios	20	131	13	1	27____	94250	10	1	0	0	0	0	0	0	0	0	0
C	Marios	20	131	13	1	27____	101000	1	2	0	0	0	0	0	0	0	0	0
C	Marios	20	131	13	1	27____	101500	2	13	0	0	0	0	0	0	0	0	0
C	Marios	20	131	13	1	27____	102000	13	15	0	0	0	0	0	0	0	0	0
C	Marios	20	131	13	1	27____	102500	15	1	0	0	0	0	0	0	0	0	0
C	Marios	20	131	13	1	27____	104641	1	0	0	0	0	1	0	0	0	0	0
C	Marios	20	131	13	1	27____	104689	1	0	0	0	0	0	0	0	0	1	0
C	Marios	20	131	13	1	27____	104691	1	0	0	0	0	1	0	0	0	0	0
C	Marios	20	131	13	1	27____	104768	1	0	0	0	0	0	0	0	0	1	0
C	Marios	20	131	13	1	27____	104805	1	0	0	0	0	1	0	0	0	0	0
C	Marios	20	131	13	1	27____	104817	1	0	0	0	0	0	0	0	0	1	0
C	Marios	20	131	13	1	27____	105757	1	0	0	0	0	1	0	0	0	0	0
C	Marios	20	131	13	1	27____	105801	1	0	0	0	0	0	0	0	0	1	0
C	Marios	20	131	13	1	27____	105806	1	0	0	0	0	1	0	0	0	0	0
C	Marios	20	131	13	1	27____	105830	1	0	0	0	0	0	0	0	0	1	0
C	Marios	20	131	13	1	27____	107636	1	0	0	0	0	1	0	0	0	0	0
C	Marios	20	131	13	1	27____	107641	1	0	0	0	0	0	0	0	0	1	0
C	Marios	20	131	13	1	27____	107645	1	0	0	0	0	1	0	0	0	0	0
C	Marios	20	131	13	1	27____	107747	1	0	0	0	0	0	0	0	0	1	0
C	Marios	20	131	13	1	27____	108113	1	0	0	0	0	1	0	0	0	0	0
C	Marios	20	131	13	1	27____	108231	1	0	0	0	0	0	0	0	0	1	0
C	Marios	20	131	13	1	27____	108363	1	0	0	0	0	1	0	0	0	0	0
C	Marios	20	131	13	1	27____	108403	1	0	0	0	0	0	0	0	0	1	0
C	Marios	20	131	13	1	27____	108420	1	0	0	0	0	1	0	0	0	0	0
C	Marios	20	131	13	1	27____	108495	1	0	0	0	0	0	0	0	0	1	0
C	Marios	20	131	13	1	27____	108570	1	0	0	0	0	1	0	0	0	0	0
C	Marios	20	131	13	1	27____	108589	1	0	0	0	0	0	0	0	0	1	0
C	Marios	20	131	13	1	27____	108609	1	0	0	0	0	1	0	0	0	0	0
C	Marios	20	131	13	1	27____	108636	1	0	0	0	0	0	0	0	0	1	0
C	Marios	20	131	13	1	27____	108800	1	0	0	0	0	1	0	0	0	0	0
C	Marios	20	131	13	1	27____	108806	1	0	0	0	0	0	0	0	0	1	0
C	Marios	20	131	13	1	27____	108821	1	0	0	0	0	1	0	0	0	0	0
C	Marios	20	131	13	1	27____	108825	1	0	0	0	0	0	0	0	0	1	0
C	Marios	20	131	13	1	27____	108904	1	0	0	0	0	1	0	0	0	0	0
C	Marios	20	131	13	1	27____	109430	1	0	0	0	0	0	0	0	0	1	0
C	Marios	20	131	13	1	27____	109439	1	0	0	0	0	1	0	0	0	0	0
C	Marios	20	131	13	1	27____	109478	1	0	0	0	0	0	0	0	0	1	0
C	Marios	20	131	13	1	27____	109485	1	0	0	0	0	1	0	0	0	0	0
C	Marios	20	131	13	1	27____	109486	1	0	0	0	0	0	0	0	0	1	0
C	Marios	20	131	13	1	27____	109729	1	0	0	0	0	1	0	0	0	0	0
C	Marios	20	131	13	1	27____	109732	1	0	0	0	0	0	0	0	0	1	0
C	Marios	20	131	13	1	27____	109811	1	0	0	0	0	1	0	0	0	0	0
C	Marios	20	131	13	1	27____	109813	1	0	0	0	0	0	0	0	0	1	0
C	Marios	20	131	13	1	27____	109907	1	0	0	0	0	1	0	0	0	0	0
C	Marios	20	131	13	1	27____	109916	1	0	0	0	0	0	0	0	0	1	0
C	Marios	20	131	13	1	27____	110000	1	2	0	0	0	0	0	0	0	0	0
C	Marios	20	131	13	1	27____	110500	2	7	0	0	0	0	0	0	0	0	0
C	Marios	20	131	13	1	27____	110793	7	0	0	0	0	1	0	0	0	0	0
C	Marios	20	131	13	1	27____	111000	7	11	0	0	0	0	0	0	0	0	0
C	Marios	20	131	13	1	27____	111111	11	0	0	0	0	0	0	0	0	1	0
C	Marios	20	131	13	1	27____	111112	11	0	0	0	0	1	0	0	0	0	0
C	Marios	20	131	13	1	27____	111118	11	0	0	0	0	0	0	0	0	1	0
C	Marios	20	131	13	1	27____	111121	11	0	0	0	0	1	0	0	0	0	0
C	Marios	20	131	13	1	27____	111124	11	0	0	0	0	0	0	0	0	1	0
C	Marios	20	131	13	1	27____	111126	11	0	0	0	0	1	0	0	0	0	0
C	Marios	20	131	13	1	27____	111340	11	0	0	0	0	0	0	0	0	1	0
C	Marios	20	131	13	1	27____	111481	11	0	0	0	0	1	0	0	0	0	0
C	Marios	20	131	13	1	27____	111500	11	1	0	0	0	0	0	0	0	0	0
C	Marios	20	131	13	1	27____	111677	1	0	0	0	0	0	0	0	0	1	0
C	Marios	20	131	13	1	27____	111678	1	0	0	0	0	1	0	0	0	0	0
C	Marios	20	131	13	1	27____	111794	1	0	0	0	0	0	0	0	0	1	0
C	Marios	20	131	13	1	27____	111797	1	0	0	0	0	1	0	0	0	0	0
C	Marios	20	131	13	1	27____	111811	1	0	0	0	0	0	0	0	0	1	0
C	Marios	20	131	13	1	27____	111812	1	0	0	0	0	1	0	0	0	0	0
C	Marios	20	131	13	1	27____	111863	1	0	0	0	0	0	0	0	0	1	0
C	Marios	20	131	13	1	27____	111864	1	0	0	0	0	1	0	0	0	0	0
C	Marios	20	131	13	1	27____	111868	1	0	0	0	0	0	0	0	0	1	0
C	Marios	20	131	13	1	27____	111871	1	0	0	0	0	1	0	0	0	0	0
C	Marios	20	131	13	1	27____	111875	1	0	0	0	0	0	0	0	0	1	0
C	Marios	20	131	13	1	27____	111876	1	0	0	0	0	1	0	0	0	0	0
C	Marios	20	131	13	1	27____	111879	1	0	0	0	0	0	0	0	0	1	0
C	Marios	20	131	13	1	27____	111896	1	0	0	0	0	1	0	0	0	0	0
C	Marios	20	131	13	1	27____	111993	1	0	0	0	0	0	0	0	0	1	0
C	Marios	20	131	13	1	27____	113750	1	2	0	0	0	0	0	0	0	0	0
C	Marios	20	131	13	1	27____	114052	2	0	0	0	0	1	0	0	0	0	0
C	Marios	20	131	13	1	27____	114218	2	0	0	0	0	0	0	0	0	1	0
C	Marios	20	131	13	1	27____	114250	2	12	0	0	0	0	0	0	0	0	0
C	Marios	20	131	13	1	27____	114750	12	15	0	0	0	0	0	0	0	0	0
C	Marios	20	131	13	1	27____	115250	15	1	0	0	0	0	0	0	0	0	0
C	Marios	20	131	13	1	27____	119750	1	2	0	0	0	0	0	0	0	0	0
C	Marios	20	131	13	1	27____	120250	2	13	0	0	0	0	0	0	0	0	0
C	Marios	20	131	13	1	27____	120540	13	0	0	0	0	1	0	0	0	0	0
C	Marios	20	131	13	1	27____	120553	13	0	0	0	0	0	0	0	0	1	0
C	Marios	20	131	13	1	27____	120693	13	0	0	0	0	1	0	0	0	0	0
C	Marios	20	131	13	1	27____	120750	13	15	0	0	0	0	0	0	0	0	0
C	Marios	20	131	13	1	27____	120923	15	0	0	0	0	0	0	0	0	1	0
C	Marios	20	131	13	1	27____	120926	15	0	0	0	0	1	0	0	0	0	0
C	Marios	20	131	13	1	27____	120984	15	0	0	0	0	0	0	0	0	1	0
C	Marios	20	131	13	1	27____	121250	15	1	0	0	0	0	0	0	0	0	0
C	Marios	20	131	13	1	27____	121392	1	0	0	0	0	1	0	0	0	0	0
C	Marios	20	131	13	1	27____	121666	1	0	0	0	0	0	0	0	0	1	0
C	Marios	20	131	13	1	27____	122802	1	0	0	0	0	1	0	0	0	0	0
C	Marios	20	131	13	1	27____	122808	1	0	0	0	0	0	0	0	0	1	0
C	Marios	20	131	13	1	27____	126750	1	2	0	0	0	0	0	0	0	0	0
C	Marios	20	131	13	1	27____	127250	2	7	0	0	0	0	0	0	0	0	0
C	Marios	20	131	13	1	27____	127340	7	0	0	0	0	1	0	0	0	0	0
C	Marios	20	131	13	1	27____	127451	7	0	0	0	0	0	0	0	0	1	0
C	Marios	20	131	13	1	27____	127505	7	0	0	0	0	1	0	0	0	0	0
C	Marios	20	131	13	1	27____	127605	7	0	0	0	0	0	0	0	0	1	0
C	Marios	20	131	13	1	27____	127662	7	0	0	0	0	1	0	0	0	0	0
C	Marios	20	131	13	1	27____	127750	7	11	0	0	0	0	0	0	0	0	0
C	Marios	20	131	13	1	27____	127839	11	0	0	0	0	0	0	0	0	1	0
C	Marios	20	131	13	1	27____	127867	11	0	0	0	0	1	0	0	0	0	0
C	Marios	20	131	13	1	27____	127870	11	0	0	0	0	0	0	0	0	1	0
C	Marios	20	131	13	1	27____	127872	11	0	0	0	0	1	0	0	0	0	0
C	Marios	20	131	13	1	27____	127886	11	0	0	0	0	0	0	0	0	1	0
C	Marios	20	131	13	1	27____	127891	11	0	0	0	0	1	0	0	0	0	0
C	Marios	20	131	13	1	27____	128016	11	0	0	0	0	0	0	0	0	1	0
C	Marios	20	131	13	1	27____	128017	11	0	0	0	0	1	0	0	0	0	0
C	Marios	20	131	13	1	27____	128061	11	0	0	0	0	0	0	0	0	1	0
C	Marios	20	131	13	1	27____	128066	11	0	0	0	0	1	0	0	0	0	0
C	Marios	20	131	13	1	27____	128068	11	0	0	0	0	0	0	0	0	1	0
C	Marios	20	131	13	1	27____	128072	11	0	0	0	0	1	0	0	0	0	0
C	Marios	20	131	13	1	27____	128078	11	0	0	0	0	0	0	0	0	1	0
C	Marios	20	131	13	1	27____	128080	11	0	0	0	0	1	0	0	0	0	0
C	Marios	20	131	13	1	27____	128083	11	0	0	0	0	0	0	0	0	1	0
C	Marios	20	131	13	1	27____	128185	11	0	0	0	0	1	0	0	0	0	0
C	Marios	20	131	13	1	27____	128250	11	1	0	0	0	0	0	0	0	0	0
C	Marios	20	131	13	1	27____	128260	1	0	0	0	0	0	0	0	0	1	0
C	Marios	20	131	13	1	27____	131250	1	2	0	0	0	0	0	0	0	0	0
C	Marios	20	131	13	1	27____	131545	2	0	0	0	0	1	0	0	0	0	0
C	Marios	20	131	13	1	27____	131552	2	0	0	0	0	0	0	0	0	1	0
C	Marios	20	131	13	1	27____	131750	2	6	0	0	0	0	0	0	0	0	0
C	Marios	20	131	13	1	27____	132055	6	0	0	0	0	1	0	0	0	0	0
C	Marios	20	131	13	1	27____	132250	6	10	0	0	0	0	0	0	0	0	0
C	Marios	20	131	13	1	27____	132395	10	0	0	0	0	0	0	0	0	1	0
C	Marios	20	131	13	1	27____	132397	10	0	0	0	0	1	0	0	0	0	0
C	Marios	20	131	13	1	27____	132399	10	0	0	0	0	0	0	0	0	1	0
C	Marios	20	131	13	1	27____	132632	10	0	0	0	0	1	0	0	0	0	0
C	Marios	20	131	13	1	27____	132750	10	1	0	0	0	0	0	0	0	0	0
C	Marios	20	131	13	1	27____	132757	1	0	0	0	0	0	0	0	0	1	0
C	Marios	20	131	13	1	27____	132808	1	0	0	0	0	1	0	0	0	0	0
C	Marios	20	131	13	1	27____	132816	1	0	0	0	0	0	0	0	0	1	0
C	Marios	20	131	13	1	27____	132820	1	0	0	0	0	1	0	0	0	0	0
C	Marios	20	131	13	1	27____	132898	1	0	0	0	0	0	0	0	0	1	0
C	Marios	20	131	13	1	27____	133478	1	0	0	0	0	1	0	0	0	0	0
C	Marios	20	131	13	1	27____	133523	1	0	0	0	0	0	0	0	0	1	0
C	Marios	20	131	13	1	27____	136192	1	0	0	0	0	1	0	0	0	0	0
C	Marios	20	131	13	1	27____	136595	1	0	0	0	0	0	0	0	0	1	0
C	Marios	20	131	13	1	27____	137250	1	2	0	0	0	0	0	0	0	0	0
C	Marios	20	131	13	1	27____	137750	2	13	0	0	0	0	0	0	0	0	0
C	Marios	20	131	13	1	27____	138250	13	15	0	0	0	0	0	0	0	0	0
C	Marios	20	131	13	1	27____	138750	15	1	0	0	0	0	0	0	0	0	0
C	Marios	20	131	13	1	27____	138779	1	0	0	0	0	1	0	0	0	0	0
C	Marios	20	131	13	1	27____	138783	1	0	0	0	0	0	0	0	0	1	0
C	Marios	20	131	13	1	27____	139980	1	0	0	0	0	1	0	0	0	0	0
C	Marios	20	131	13	1	27____	140356	1	0	0	0	0	0	0	0	0	1	0
C	Marios	20	131	13	1	27____	140357	1	0	0	0	0	1	0	0	0	0	0
C	Marios	20	131	13	1	27____	140366	1	0	0	0	0	0	0	0	0	1	0
C	Marios	20	131	13	1	27____	140369	1	0	0	0	0	1	0	0	0	0	0
C	Marios	20	131	13	1	27____	140661	1	0	0	0	0	0	0	0	0	1	0
C	Marios	20	131	13	1	27____	142500	1	2	0	0	0	0	0	0	0	0	0
C	Marios	20	131	13	1	27____	143000	2	12	0	0	0	0	0	0	0	0	0
C	Marios	20	131	13	1	27____	143500	12	15	0	0	0	0	0	0	0	0	0
C	Marios	20	131	13	1	27____	144000	15	14	0	0	0	0	0	0	0	0	0
C	Marios	20	131	13	1	27____	147000	14	-1	0	0	0	0	0	0	0	0	0
