Project	UserID	Protocol	Session	Station	Run	Subject	Time	Current State	Transition State	Transition Event	A1 - LLR	A2 - RLR	A3 - MAG	A4 - 	A[1] LLR_OFF	A[2] RLR_OFF	A[3] MAG_OFF	A[4] 
C	Marios	22	131	2	1	3_____	0	0	1	0	0	0	0	0	0	0	0	0
C	Marios	22	131	2	1	3_____	813	1	0	0	0	0	1	0	0	0	0	0
C	Marios	22	131	2	1	3_____	962	1	0	0	0	0	0	0	0	0	1	0
C	Marios	22	131	2	1	3_____	2250	1	2	0	0	0	0	0	0	0	0	0
C	Marios	22	131	2	1	3_____	2750	2	12	0	0	0	0	0	0	0	0	0
C	Marios	22	131	2	1	3_____	3042	12	0	0	0	0	1	0	0	0	0	0
C	Marios	22	131	2	1	3_____	3048	12	0	0	0	0	0	0	0	0	1	0
C	Marios	22	131	2	1	3_____	3250	12	15	0	0	0	0	0	0	0	0	0
C	Marios	22	131	2	1	3_____	3388	15	0	0	0	0	1	0	0	0	0	0
C	Marios	22	131	2	1	3_____	3445	15	0	0	0	0	0	0	0	0	1	0
C	Marios	22	131	2	1	3_____	3503	15	0	0	0	0	1	0	0	0	0	0
C	Marios	22	131	2	1	3_____	3526	15	0	0	0	0	0	0	0	0	1	0
C	Marios	22	131	2	1	3_____	3647	15	0	0	0	0	1	0	0	0	0	0
C	Marios	22	131	2	1	3_____	3690	15	0	0	0	0	0	0	0	0	1	0
C	Marios	22	131	2	1	3_____	3750	15	1	0	0	0	0	0	0	0	0	0
C	Marios	22	131	2	1	3_____	3797	1	0	0	0	0	1	0	0	0	0	0
C	Marios	22	131	2	1	3_____	3813	1	0	0	0	0	0	0	0	0	1	0
C	Marios	22	131	2	1	3_____	3900	1	0	0	0	0	1	0	0	0	0	0
C	Marios	22	131	2	1	3_____	3925	1	0	0	0	0	0	0	0	0	1	0
C	Marios	22	131	2	1	3_____	4099	1	0	0	0	0	1	0	0	0	0	0
C	Marios	22	131	2	1	3_____	4113	1	0	0	0	0	0	0	0	0	1	0
C	Marios	22	131	2	1	3_____	4263	1	0	0	0	0	1	0	0	0	0	0
C	Marios	22	131	2	1	3_____	4318	1	0	0	0	0	0	0	0	0	1	0
C	Marios	22	131	2	1	3_____	5859	1	0	0	0	0	1	0	0	0	0	0
C	Marios	22	131	2	1	3_____	5894	1	0	0	0	0	0	0	0	0	1	0
C	Marios	22	131	2	1	3_____	5944	1	0	0	0	0	1	0	0	0	0	0
C	Marios	22	131	2	1	3_____	5971	1	0	0	0	0	0	0	0	0	1	0
C	Marios	22	131	2	1	3_____	7087	1	0	0	0	0	1	0	0	0	0	0
C	Marios	22	131	2	1	3_____	7104	1	0	0	0	0	0	0	0	0	1	0
C	Marios	22	131	2	1	3_____	8250	1	2	0	0	0	0	0	0	0	0	0
C	Marios	22	131	2	1	3_____	8339	2	0	0	0	0	1	0	0	0	0	0
C	Marios	22	131	2	1	3_____	8344	2	0	0	0	0	0	0	0	0	1	0
C	Marios	22	131	2	1	3_____	8429	2	0	0	0	0	1	0	0	0	0	0
C	Marios	22	131	2	1	3_____	8474	2	0	0	0	0	0	0	0	0	1	0
C	Marios	22	131	2	1	3_____	8660	2	0	0	0	0	1	0	0	0	0	0
C	Marios	22	131	2	1	3_____	8690	2	0	0	0	0	0	0	0	0	1	0
C	Marios	22	131	2	1	3_____	8750	2	13	0	0	0	0	0	0	0	0	0
C	Marios	22	131	2	1	3_____	9178	13	0	0	0	0	1	0	0	0	0	0
C	Marios	22	131	2	1	3_____	9193	13	0	0	0	0	0	0	0	0	1	0
C	Marios	22	131	2	1	3_____	9250	13	15	0	0	0	0	0	0	0	0	0
C	Marios	22	131	2	1	3_____	9388	15	0	0	0	0	1	0	0	0	0	0
C	Marios	22	131	2	1	3_____	9433	15	0	0	0	0	0	0	0	0	1	0
C	Marios	22	131	2	1	3_____	9750	15	1	0	0	0	0	0	0	0	0	0
C	Marios	22	131	2	1	3_____	11501	1	0	0	0	0	1	0	0	0	0	0
C	Marios	22	131	2	1	3_____	11504	1	0	0	0	0	0	0	0	0	1	0
C	Marios	22	131	2	1	3_____	11511	1	0	0	0	0	1	0	0	0	0	0
C	Marios	22	131	2	1	3_____	11526	1	0	0	0	0	0	0	0	0	1	0
C	Marios	22	131	2	1	3_____	11541	1	0	0	0	0	1	0	0	0	0	0
C	Marios	22	131	2	1	3_____	11543	1	0	0	0	0	0	0	0	0	1	0
C	Marios	22	131	2	1	3_____	11544	1	0	0	0	0	1	0	0	0	0	0
C	Marios	22	131	2	1	3_____	11548	1	0	0	0	0	0	0	0	0	1	0
C	Marios	22	131	2	1	3_____	11553	1	0	0	0	0	1	0	0	0	0	0
C	Marios	22	131	2	1	3_____	11628	1	0	0	0	0	0	0	0	0	1	0
C	Marios	22	131	2	1	3_____	11947	1	0	0	0	0	1	0	0	0	0	0
C	Marios	22	131	2	1	3_____	12006	1	0	0	0	0	0	0	0	0	1	0
C	Marios	22	131	2	1	3_____	12108	1	0	0	0	0	1	0	0	0	0	0
C	Marios	22	131	2	1	3_____	12155	1	0	0	0	0	0	0	0	0	1	0
C	Marios	22	131	2	1	3_____	12503	1	0	0	0	0	1	0	0	0	0	0
C	Marios	22	131	2	1	3_____	12563	1	0	0	0	0	0	0	0	0	1	0
C	Marios	22	131	2	1	3_____	13682	1	0	0	0	0	1	0	0	0	0	0
C	Marios	22	131	2	1	3_____	13702	1	0	0	0	0	0	0	0	0	1	0
C	Marios	22	131	2	1	3_____	15115	1	0	0	0	0	1	0	0	0	0	0
C	Marios	22	131	2	1	3_____	15137	1	0	0	0	0	0	0	0	0	1	0
C	Marios	22	131	2	1	3_____	15224	1	0	0	0	0	1	0	0	0	0	0
C	Marios	22	131	2	1	3_____	15257	1	0	0	0	0	0	0	0	0	1	0
C	Marios	22	131	2	1	3_____	15383	1	0	0	0	0	1	0	0	0	0	0
C	Marios	22	131	2	1	3_____	15404	1	0	0	0	0	0	0	0	0	1	0
C	Marios	22	131	2	1	3_____	15691	1	0	0	0	0	1	0	0	0	0	0
C	Marios	22	131	2	1	3_____	15714	1	0	0	0	0	0	0	0	0	1	0
C	Marios	22	131	2	1	3_____	16500	1	2	0	0	0	0	0	0	0	0	0
C	Marios	22	131	2	1	3_____	17000	2	7	0	0	0	0	0	0	0	0	0
C	Marios	22	131	2	1	3_____	17073	7	0	0	0	0	1	0	0	0	0	0
C	Marios	22	131	2	1	3_____	17115	7	0	0	0	0	0	0	0	0	1	0
C	Marios	22	131	2	1	3_____	17177	7	0	0	0	0	1	0	0	0	0	0
C	Marios	22	131	2	1	3_____	17224	7	0	0	0	0	0	0	0	0	1	0
C	Marios	22	131	2	1	3_____	17380	7	0	0	0	0	1	0	0	0	0	0
C	Marios	22	131	2	1	3_____	17420	7	0	0	0	0	0	0	0	0	1	0
C	Marios	22	131	2	1	3_____	17500	7	10	0	0	0	0	0	0	0	0	0
C	Marios	22	131	2	1	3_____	17618	10	0	0	0	0	1	0	0	0	0	0
C	Marios	22	131	2	1	3_____	17911	10	0	0	0	0	0	0	0	0	1	0
C	Marios	22	131	2	1	3_____	17914	10	0	0	0	0	1	0	0	0	0	0
C	Marios	22	131	2	1	3_____	18000	10	1	0	0	0	0	0	0	0	0	0
C	Marios	22	131	2	1	3_____	18048	1	0	0	0	0	0	0	0	0	1	0
C	Marios	22	131	2	1	3_____	18298	1	0	0	0	0	1	0	0	0	0	0
C	Marios	22	131	2	1	3_____	18430	1	0	0	0	0	0	0	0	0	1	0
C	Marios	22	131	2	1	3_____	18790	1	0	0	0	0	1	0	0	0	0	0
C	Marios	22	131	2	1	3_____	19398	1	0	0	0	0	0	0	0	0	1	0
C	Marios	22	131	2	1	3_____	19544	1	0	0	0	0	1	0	0	0	0	0
C	Marios	22	131	2	1	3_____	19637	1	0	0	0	0	0	0	0	0	1	0
C	Marios	22	131	2	1	3_____	19639	1	0	0	0	0	1	0	0	0	0	0
C	Marios	22	131	2	1	3_____	19731	1	0	0	0	0	0	0	0	0	1	0
C	Marios	22	131	2	1	3_____	20234	1	0	0	0	0	1	0	0	0	0	0
C	Marios	22	131	2	1	3_____	20276	1	0	0	0	0	0	0	0	0	1	0
C	Marios	22	131	2	1	3_____	20441	1	0	0	0	0	1	0	0	0	0	0
C	Marios	22	131	2	1	3_____	20548	1	0	0	0	0	0	0	0	0	1	0
C	Marios	22	131	2	1	3_____	21407	1	0	0	0	0	1	0	0	0	0	0
C	Marios	22	131	2	1	3_____	21409	1	0	0	0	0	0	0	0	0	1	0
C	Marios	22	131	2	1	3_____	21448	1	0	0	0	0	1	0	0	0	0	0
C	Marios	22	131	2	1	3_____	21946	1	0	0	0	0	0	0	0	0	1	0
C	Marios	22	131	2	1	3_____	21951	1	0	0	0	0	1	0	0	0	0	0
C	Marios	22	131	2	1	3_____	21978	1	0	0	0	0	0	0	0	0	1	0
C	Marios	22	131	2	1	3_____	22054	1	0	0	0	0	1	0	0	0	0	0
C	Marios	22	131	2	1	3_____	22111	1	0	0	0	0	0	0	0	0	1	0
C	Marios	22	131	2	1	3_____	23500	1	2	0	0	0	0	0	0	0	0	0
C	Marios	22	131	2	1	3_____	23753	2	0	0	0	0	1	0	0	0	0	0
C	Marios	22	131	2	1	3_____	23933	2	0	0	0	0	0	0	0	0	1	0
C	Marios	22	131	2	1	3_____	24000	2	6	0	0	0	0	0	0	0	0	0
C	Marios	22	131	2	1	3_____	24122	6	0	0	0	0	1	0	0	0	0	0
C	Marios	22	131	2	1	3_____	24156	6	0	0	0	0	0	0	0	0	1	0
C	Marios	22	131	2	1	3_____	24271	6	0	0	0	0	1	0	0	0	0	0
C	Marios	22	131	2	1	3_____	24341	6	0	0	0	0	0	0	0	0	1	0
C	Marios	22	131	2	1	3_____	24468	6	0	0	0	0	1	0	0	0	0	0
C	Marios	22	131	2	1	3_____	24497	6	0	0	0	0	0	0	0	0	1	0
C	Marios	22	131	2	1	3_____	24500	6	11	0	0	0	0	0	0	0	0	0
C	Marios	22	131	2	1	3_____	24529	11	0	0	0	0	1	0	0	0	0	0
C	Marios	22	131	2	1	3_____	24803	11	0	0	0	0	0	0	0	0	1	0
C	Marios	22	131	2	1	3_____	24809	11	0	0	0	0	1	0	0	0	0	0
C	Marios	22	131	2	1	3_____	24811	11	0	0	0	0	0	0	0	0	1	0
C	Marios	22	131	2	1	3_____	24813	11	0	0	0	0	1	0	0	0	0	0
C	Marios	22	131	2	1	3_____	24817	11	0	0	0	0	0	0	0	0	1	0
C	Marios	22	131	2	1	3_____	24819	11	0	0	0	0	1	0	0	0	0	0
C	Marios	22	131	2	1	3_____	24829	11	0	0	0	0	0	0	0	0	1	0
C	Marios	22	131	2	1	3_____	24843	11	0	0	0	0	1	0	0	0	0	0
C	Marios	22	131	2	1	3_____	24846	11	0	0	0	0	0	0	0	0	1	0
C	Marios	22	131	2	1	3_____	24874	11	0	0	0	0	1	0	0	0	0	0
C	Marios	22	131	2	1	3_____	24881	11	0	0	0	0	0	0	0	0	1	0
C	Marios	22	131	2	1	3_____	25000	11	1	0	0	0	0	0	0	0	0	0
C	Marios	22	131	2	1	3_____	25001	1	0	0	0	0	1	0	0	0	0	0
C	Marios	22	131	2	1	3_____	25086	1	0	0	0	0	0	0	0	0	1	0
C	Marios	22	131	2	1	3_____	25186	1	0	0	0	0	1	0	0	0	0	0
C	Marios	22	131	2	1	3_____	25247	1	0	0	0	0	0	0	0	0	1	0
C	Marios	22	131	2	1	3_____	27811	1	0	0	0	0	1	0	0	0	0	0
C	Marios	22	131	2	1	3_____	27845	1	0	0	0	0	0	0	0	0	1	0
C	Marios	22	131	2	1	3_____	27978	1	0	0	0	0	1	0	0	0	0	0
C	Marios	22	131	2	1	3_____	27998	1	0	0	0	0	0	0	0	0	1	0
C	Marios	22	131	2	1	3_____	28234	1	0	0	0	0	1	0	0	0	0	0
C	Marios	22	131	2	1	3_____	28246	1	0	0	0	0	0	0	0	0	1	0
C	Marios	22	131	2	1	3_____	28680	1	0	0	0	0	1	0	0	0	0	0
C	Marios	22	131	2	1	3_____	28697	1	0	0	0	0	0	0	0	0	1	0
C	Marios	22	131	2	1	3_____	29077	1	0	0	0	0	1	0	0	0	0	0
C	Marios	22	131	2	1	3_____	29115	1	0	0	0	0	0	0	0	0	1	0
C	Marios	22	131	2	1	3_____	29500	1	2	0	0	0	0	0	0	0	0	0
C	Marios	22	131	2	1	3_____	29920	2	0	0	0	0	1	0	0	0	0	0
C	Marios	22	131	2	1	3_____	29981	2	0	0	0	0	0	0	0	0	1	0
C	Marios	22	131	2	1	3_____	30000	2	13	0	0	0	0	0	0	0	0	0
C	Marios	22	131	2	1	3_____	30500	13	15	0	0	0	0	0	0	0	0	0
C	Marios	22	131	2	1	3_____	30673	15	0	0	0	0	1	0	0	0	0	0
C	Marios	22	131	2	1	3_____	30721	15	0	0	0	0	0	0	0	0	1	0
C	Marios	22	131	2	1	3_____	30787	15	0	0	0	0	1	0	0	0	0	0
C	Marios	22	131	2	1	3_____	30821	15	0	0	0	0	0	0	0	0	1	0
C	Marios	22	131	2	1	3_____	31000	15	1	0	0	0	0	0	0	0	0	0
C	Marios	22	131	2	1	3_____	31809	1	0	0	0	0	1	0	0	0	0	0
C	Marios	22	131	2	1	3_____	31877	1	0	0	0	0	0	0	0	0	1	0
C	Marios	22	131	2	1	3_____	32036	1	0	0	0	0	1	0	0	0	0	0
C	Marios	22	131	2	1	3_____	32071	1	0	0	0	0	0	0	0	0	1	0
C	Marios	22	131	2	1	3_____	32217	1	0	0	0	0	1	0	0	0	0	0
C	Marios	22	131	2	1	3_____	32295	1	0	0	0	0	0	0	0	0	1	0
C	Marios	22	131	2	1	3_____	32990	1	0	0	0	0	1	0	0	0	0	0
C	Marios	22	131	2	1	3_____	33090	1	0	0	0	0	0	0	0	0	1	0
C	Marios	22	131	2	1	3_____	33194	1	0	0	0	0	1	0	0	0	0	0
C	Marios	22	131	2	1	3_____	33277	1	0	0	0	0	0	0	0	0	1	0
C	Marios	22	131	2	1	3_____	33746	1	0	0	0	0	1	0	0	0	0	0
C	Marios	22	131	2	1	3_____	33825	1	0	0	0	0	0	0	0	0	1	0
C	Marios	22	131	2	1	3_____	34231	1	0	0	0	0	1	0	0	0	0	0
C	Marios	22	131	2	1	3_____	34288	1	0	0	0	0	0	0	0	0	1	0
C	Marios	22	131	2	1	3_____	34369	1	0	0	0	0	1	0	0	0	0	0
C	Marios	22	131	2	1	3_____	34418	1	0	0	0	0	0	0	0	0	1	0
C	Marios	22	131	2	1	3_____	36774	1	0	0	0	0	1	0	0	0	0	0
C	Marios	22	131	2	1	3_____	36793	1	0	0	0	0	0	0	0	0	1	0
C	Marios	22	131	2	1	3_____	37762	1	0	0	0	0	1	0	0	0	0	0
C	Marios	22	131	2	1	3_____	37874	1	0	0	0	0	0	0	0	0	1	0
C	Marios	22	131	2	1	3_____	38000	1	0	0	0	0	1	0	0	0	0	0
C	Marios	22	131	2	1	3_____	38074	1	0	0	0	0	0	0	0	0	1	0
C	Marios	22	131	2	1	3_____	38500	1	2	0	0	0	0	0	0	0	0	0
C	Marios	22	131	2	1	3_____	38597	2	0	0	0	0	1	0	0	0	0	0
C	Marios	22	131	2	1	3_____	38728	2	0	0	0	0	0	0	0	0	1	0
C	Marios	22	131	2	1	3_____	38942	2	0	0	0	0	1	0	0	0	0	0
C	Marios	22	131	2	1	3_____	39000	2	12	0	0	0	0	0	0	0	0	0
C	Marios	22	131	2	1	3_____	39005	12	0	0	0	0	0	0	0	0	1	0
C	Marios	22	131	2	1	3_____	39095	12	0	0	0	0	1	0	0	0	0	0
C	Marios	22	131	2	1	3_____	39153	12	0	0	0	0	0	0	0	0	1	0
C	Marios	22	131	2	1	3_____	39387	12	0	0	0	0	1	0	0	0	0	0
C	Marios	22	131	2	1	3_____	39433	12	0	0	0	0	0	0	0	0	1	0
C	Marios	22	131	2	1	3_____	39500	12	15	0	0	0	0	0	0	0	0	0
C	Marios	22	131	2	1	3_____	39649	15	0	0	0	0	1	0	0	0	0	0
C	Marios	22	131	2	1	3_____	39710	15	0	0	0	0	0	0	0	0	1	0
C	Marios	22	131	2	1	3_____	39963	15	0	0	0	0	1	0	0	0	0	0
C	Marios	22	131	2	1	3_____	40000	15	1	0	0	0	0	0	0	0	0	0
C	Marios	22	131	2	1	3_____	40010	1	0	0	0	0	0	0	0	0	1	0
C	Marios	22	131	2	1	3_____	40818	1	0	0	0	0	1	0	0	0	0	0
C	Marios	22	131	2	1	3_____	41128	1	0	0	0	0	0	0	0	0	1	0
C	Marios	22	131	2	1	3_____	42127	1	0	0	0	0	1	0	0	0	0	0
C	Marios	22	131	2	1	3_____	42420	1	0	0	0	0	0	0	0	0	1	0
C	Marios	22	131	2	1	3_____	43500	1	2	0	0	0	0	0	0	0	0	0
C	Marios	22	131	2	1	3_____	44000	2	7	0	0	0	0	0	0	0	0	0
C	Marios	22	131	2	1	3_____	44172	7	0	0	0	0	1	0	0	0	0	0
C	Marios	22	131	2	1	3_____	44224	7	0	0	0	0	0	0	0	0	1	0
C	Marios	22	131	2	1	3_____	44500	7	10	0	0	0	0	0	0	0	0	0
C	Marios	22	131	2	1	3_____	44502	10	0	0	0	0	1	0	0	0	0	0
C	Marios	22	131	2	1	3_____	44671	10	0	0	0	0	0	0	0	0	1	0
C	Marios	22	131	2	1	3_____	44830	10	0	0	0	0	1	0	0	0	0	0
C	Marios	22	131	2	1	3_____	44836	10	0	0	0	0	0	0	0	0	1	0
C	Marios	22	131	2	1	3_____	44973	10	0	0	0	0	1	0	0	0	0	0
C	Marios	22	131	2	1	3_____	44994	10	0	0	0	0	0	0	0	0	1	0
C	Marios	22	131	2	1	3_____	45000	10	1	0	0	0	0	0	0	0	0	0
C	Marios	22	131	2	1	3_____	46501	1	0	0	0	0	1	0	0	0	0	0
C	Marios	22	131	2	1	3_____	46577	1	0	0	0	0	0	0	0	0	1	0
C	Marios	22	131	2	1	3_____	46583	1	0	0	0	0	1	0	0	0	0	0
C	Marios	22	131	2	1	3_____	46614	1	0	0	0	0	0	0	0	0	1	0
C	Marios	22	131	2	1	3_____	46617	1	0	0	0	0	1	0	0	0	0	0
C	Marios	22	131	2	1	3_____	46624	1	0	0	0	0	0	0	0	0	1	0
C	Marios	22	131	2	1	3_____	48409	1	0	0	0	0	1	0	0	0	0	0
C	Marios	22	131	2	1	3_____	48433	1	0	0	0	0	0	0	0	0	1	0
C	Marios	22	131	2	1	3_____	49917	1	0	0	0	0	1	0	0	0	0	0
C	Marios	22	131	2	1	3_____	50005	1	0	0	0	0	0	0	0	0	1	0
C	Marios	22	131	2	1	3_____	50185	1	0	0	0	0	1	0	0	0	0	0
C	Marios	22	131	2	1	3_____	50300	1	0	0	0	0	0	0	0	0	1	0
C	Marios	22	131	2	1	3_____	51000	1	2	0	0	0	0	0	0	0	0	0
C	Marios	22	131	2	1	3_____	51353	2	0	0	0	0	1	0	0	0	0	0
C	Marios	22	131	2	1	3_____	51449	2	0	0	0	0	0	0	0	0	1	0
C	Marios	22	131	2	1	3_____	51500	2	12	0	0	0	0	0	0	0	0	0
C	Marios	22	131	2	1	3_____	51547	12	0	0	0	0	1	0	0	0	0	0
C	Marios	22	131	2	1	3_____	51612	12	0	0	0	0	0	0	0	0	1	0
C	Marios	22	131	2	1	3_____	51843	12	0	0	0	0	1	0	0	0	0	0
C	Marios	22	131	2	1	3_____	51912	12	0	0	0	0	0	0	0	0	1	0
C	Marios	22	131	2	1	3_____	52000	12	15	0	0	0	0	0	0	0	0	0
C	Marios	22	131	2	1	3_____	52122	15	0	0	0	0	1	0	0	0	0	0
C	Marios	22	131	2	1	3_____	52203	15	0	0	0	0	0	0	0	0	1	0
C	Marios	22	131	2	1	3_____	52354	15	0	0	0	0	1	0	0	0	0	0
C	Marios	22	131	2	1	3_____	52418	15	0	0	0	0	0	0	0	0	1	0
C	Marios	22	131	2	1	3_____	52500	15	1	0	0	0	0	0	0	0	0	0
C	Marios	22	131	2	1	3_____	52708	1	0	0	0	0	1	0	0	0	0	0
C	Marios	22	131	2	1	3_____	52728	1	0	0	0	0	0	0	0	0	1	0
C	Marios	22	131	2	1	3_____	52736	1	0	0	0	0	1	0	0	0	0	0
C	Marios	22	131	2	1	3_____	52844	1	0	0	0	0	0	0	0	0	1	0
C	Marios	22	131	2	1	3_____	52849	1	0	0	0	0	1	0	0	0	0	0
C	Marios	22	131	2	1	3_____	52862	1	0	0	0	0	0	0	0	0	1	0
C	Marios	22	131	2	1	3_____	52880	1	0	0	0	0	1	0	0	0	0	0
C	Marios	22	131	2	1	3_____	52886	1	0	0	0	0	0	0	0	0	1	0
C	Marios	22	131	2	1	3_____	54411	1	0	0	0	0	1	0	0	0	0	0
C	Marios	22	131	2	1	3_____	54437	1	0	0	0	0	0	0	0	0	1	0
C	Marios	22	131	2	1	3_____	54468	1	0	0	0	0	1	0	0	0	0	0
C	Marios	22	131	2	1	3_____	54476	1	0	0	0	0	0	0	0	0	1	0
C	Marios	22	131	2	1	3_____	54495	1	0	0	0	0	1	0	0	0	0	0
C	Marios	22	131	2	1	3_____	54497	1	0	0	0	0	0	0	0	0	1	0
C	Marios	22	131	2	1	3_____	54503	1	0	0	0	0	1	0	0	0	0	0
C	Marios	22	131	2	1	3_____	54884	1	0	0	0	0	0	0	0	0	1	0
C	Marios	22	131	2	1	3_____	55940	1	0	0	0	0	1	0	0	0	0	0
C	Marios	22	131	2	1	3_____	56086	1	0	0	0	0	0	0	0	0	1	0
C	Marios	22	131	2	1	3_____	56250	1	2	0	0	0	0	0	0	0	0	0
C	Marios	22	131	2	1	3_____	56750	2	13	0	0	0	0	0	0	0	0	0
C	Marios	22	131	2	1	3_____	57135	13	0	0	0	0	1	0	0	0	0	0
C	Marios	22	131	2	1	3_____	57192	13	0	0	0	0	0	0	0	0	1	0
C	Marios	22	131	2	1	3_____	57238	13	0	0	0	0	1	0	0	0	0	0
C	Marios	22	131	2	1	3_____	57250	13	15	0	0	0	0	0	0	0	0	0
C	Marios	22	131	2	1	3_____	57278	15	0	0	0	0	0	0	0	0	1	0
C	Marios	22	131	2	1	3_____	57411	15	0	0	0	0	1	0	0	0	0	0
C	Marios	22	131	2	1	3_____	57468	15	0	0	0	0	0	0	0	0	1	0
C	Marios	22	131	2	1	3_____	57750	15	1	0	0	0	0	0	0	0	0	0
C	Marios	22	131	2	1	3_____	58120	1	0	0	0	0	1	0	0	0	0	0
C	Marios	22	131	2	1	3_____	58188	1	0	0	0	0	0	0	0	0	1	0
C	Marios	22	131	2	1	3_____	58304	1	0	0	0	0	1	0	0	0	0	0
C	Marios	22	131	2	1	3_____	58356	1	0	0	0	0	0	0	0	0	1	0
C	Marios	22	131	2	1	3_____	59957	1	0	0	0	0	1	0	0	0	0	0
C	Marios	22	131	2	1	3_____	60063	1	0	0	0	0	0	0	0	0	1	0
C	Marios	22	131	2	1	3_____	60750	1	2	0	0	0	0	0	0	0	0	0
C	Marios	22	131	2	1	3_____	61250	2	13	0	0	0	0	0	0	0	0	0
C	Marios	22	131	2	1	3_____	61345	13	0	0	0	0	1	0	0	0	0	0
C	Marios	22	131	2	1	3_____	61436	13	0	0	0	0	0	0	0	0	1	0
C	Marios	22	131	2	1	3_____	61653	13	0	0	0	0	1	0	0	0	0	0
C	Marios	22	131	2	1	3_____	61736	13	0	0	0	0	0	0	0	0	1	0
C	Marios	22	131	2	1	3_____	61750	13	15	0	0	0	0	0	0	0	0	0
C	Marios	22	131	2	1	3_____	61970	15	0	0	0	0	1	0	0	0	0	0
C	Marios	22	131	2	1	3_____	61972	15	0	0	0	0	0	0	0	0	1	0
C	Marios	22	131	2	1	3_____	62028	15	0	0	0	0	1	0	0	0	0	0
C	Marios	22	131	2	1	3_____	62217	15	0	0	0	0	0	0	0	0	1	0
C	Marios	22	131	2	1	3_____	62250	15	1	0	0	0	0	0	0	0	0	0
C	Marios	22	131	2	1	3_____	63750	1	2	0	0	0	0	0	0	0	0	0
C	Marios	22	131	2	1	3_____	64250	2	12	0	0	0	0	0	0	0	0	0
C	Marios	22	131	2	1	3_____	64320	12	0	0	0	0	1	0	0	0	0	0
C	Marios	22	131	2	1	3_____	64415	12	0	0	0	0	0	0	0	0	1	0
C	Marios	22	131	2	1	3_____	64579	12	0	0	0	0	1	0	0	0	0	0
C	Marios	22	131	2	1	3_____	64648	12	0	0	0	0	0	0	0	0	1	0
C	Marios	22	131	2	1	3_____	64750	12	15	0	0	0	0	0	0	0	0	0
C	Marios	22	131	2	1	3_____	64780	15	0	0	0	0	1	0	0	0	0	0
C	Marios	22	131	2	1	3_____	64886	15	0	0	0	0	0	0	0	0	1	0
C	Marios	22	131	2	1	3_____	64946	15	0	0	0	0	1	0	0	0	0	0
C	Marios	22	131	2	1	3_____	65021	15	0	0	0	0	0	0	0	0	1	0
C	Marios	22	131	2	1	3_____	65213	15	0	0	0	0	1	0	0	0	0	0
C	Marios	22	131	2	1	3_____	65250	15	1	0	0	0	0	0	0	0	0	0
C	Marios	22	131	2	1	3_____	65253	1	0	0	0	0	0	0	0	0	1	0
C	Marios	22	131	2	1	3_____	67996	1	0	0	0	0	1	0	0	0	0	0
C	Marios	22	131	2	1	3_____	68248	1	0	0	0	0	0	0	0	0	1	0
C	Marios	22	131	2	1	3_____	70382	1	0	0	0	0	1	0	0	0	0	0
C	Marios	22	131	2	1	3_____	70391	1	0	0	0	0	0	0	0	0	1	0
C	Marios	22	131	2	1	3_____	70500	1	2	0	0	0	0	0	0	0	0	0
C	Marios	22	131	2	1	3_____	71000	2	6	0	0	0	0	0	0	0	0	0
C	Marios	22	131	2	1	3_____	71111	6	0	0	0	0	1	0	0	0	0	0
C	Marios	22	131	2	1	3_____	71176	6	0	0	0	0	0	0	0	0	1	0
C	Marios	22	131	2	1	3_____	71232	6	0	0	0	0	1	0	0	0	0	0
C	Marios	22	131	2	1	3_____	71349	6	0	0	0	0	0	0	0	0	1	0
C	Marios	22	131	2	1	3_____	71447	6	0	0	0	0	1	0	0	0	0	0
C	Marios	22	131	2	1	3_____	71482	6	0	0	0	0	0	0	0	0	1	0
C	Marios	22	131	2	1	3_____	71500	6	11	0	0	0	0	0	0	0	0	0
C	Marios	22	131	2	1	3_____	71521	11	0	0	0	0	1	0	0	0	0	0
C	Marios	22	131	2	1	3_____	71880	11	0	0	0	0	0	0	0	0	1	0
C	Marios	22	131	2	1	3_____	71890	11	0	0	0	0	1	0	0	0	0	0
C	Marios	22	131	2	1	3_____	71894	11	0	0	0	0	0	0	0	0	1	0
C	Marios	22	131	2	1	3_____	71895	11	0	0	0	0	1	0	0	0	0	0
C	Marios	22	131	2	1	3_____	71932	11	0	0	0	0	0	0	0	0	1	0
C	Marios	22	131	2	1	3_____	72000	11	1	0	0	0	0	0	0	0	0	0
C	Marios	22	131	2	1	3_____	72056	1	0	0	0	0	1	0	0	0	0	0
C	Marios	22	131	2	1	3_____	72195	1	0	0	0	0	0	0	0	0	1	0
C	Marios	22	131	2	1	3_____	74351	1	0	0	0	0	1	0	0	0	0	0
C	Marios	22	131	2	1	3_____	74419	1	0	0	0	0	0	0	0	0	1	0
C	Marios	22	131	2	1	3_____	75590	1	0	0	0	0	1	0	0	0	0	0
C	Marios	22	131	2	1	3_____	75750	1	2	0	0	0	0	0	0	0	0	0
C	Marios	22	131	2	1	3_____	75795	2	0	0	0	0	0	0	0	0	1	0
C	Marios	22	131	2	1	3_____	76250	2	7	0	0	0	0	0	0	0	0	0
C	Marios	22	131	2	1	3_____	76394	7	0	0	0	0	1	0	0	0	0	0
C	Marios	22	131	2	1	3_____	76419	7	0	0	0	0	0	0	0	0	1	0
C	Marios	22	131	2	1	3_____	76439	7	0	0	0	0	1	0	0	0	0	0
C	Marios	22	131	2	1	3_____	76466	7	0	0	0	0	0	0	0	0	1	0
C	Marios	22	131	2	1	3_____	76548	7	0	0	0	0	1	0	0	0	0	0
C	Marios	22	131	2	1	3_____	76619	7	0	0	0	0	0	0	0	0	1	0
C	Marios	22	131	2	1	3_____	76750	7	10	0	0	0	0	0	0	0	0	0
C	Marios	22	131	2	1	3_____	76770	10	0	0	0	0	1	0	0	0	0	0
C	Marios	22	131	2	1	3_____	76922	10	0	0	0	0	0	0	0	0	1	0
C	Marios	22	131	2	1	3_____	76925	10	0	0	0	0	1	0	0	0	0	0
C	Marios	22	131	2	1	3_____	76930	10	0	0	0	0	0	0	0	0	1	0
C	Marios	22	131	2	1	3_____	77250	10	1	0	0	0	0	0	0	0	0	0
C	Marios	22	131	2	1	3_____	77693	1	0	0	0	0	1	0	0	0	0	0
C	Marios	22	131	2	1	3_____	77712	1	0	0	0	0	0	0	0	0	1	0
C	Marios	22	131	2	1	3_____	79715	1	0	0	0	0	1	0	0	0	0	0
C	Marios	22	131	2	1	3_____	79913	1	0	0	0	0	0	0	0	0	1	0
C	Marios	22	131	2	1	3_____	82500	1	2	0	0	0	0	0	0	0	0	0
C	Marios	22	131	2	1	3_____	83000	2	6	0	0	0	0	0	0	0	0	0
C	Marios	22	131	2	1	3_____	83092	6	0	0	0	0	1	0	0	0	0	0
C	Marios	22	131	2	1	3_____	83171	6	0	0	0	0	0	0	0	0	1	0
C	Marios	22	131	2	1	3_____	83278	6	0	0	0	0	1	0	0	0	0	0
C	Marios	22	131	2	1	3_____	83328	6	0	0	0	0	0	0	0	0	1	0
C	Marios	22	131	2	1	3_____	83465	6	0	0	0	0	1	0	0	0	0	0
C	Marios	22	131	2	1	3_____	83500	6	11	0	0	0	0	0	0	0	0	0
C	Marios	22	131	2	1	3_____	83818	11	0	0	0	0	0	0	0	0	1	0
C	Marios	22	131	2	1	3_____	83868	11	0	0	0	0	1	0	0	0	0	0
C	Marios	22	131	2	1	3_____	83962	11	0	0	0	0	0	0	0	0	1	0
C	Marios	22	131	2	1	3_____	84000	11	1	0	0	0	0	0	0	0	0	0
C	Marios	22	131	2	1	3_____	84051	1	0	0	0	0	1	0	0	0	0	0
C	Marios	22	131	2	1	3_____	84063	1	0	0	0	0	0	0	0	0	1	0
C	Marios	22	131	2	1	3_____	84167	1	0	0	0	0	1	0	0	0	0	0
C	Marios	22	131	2	1	3_____	84386	1	0	0	0	0	0	0	0	0	1	0
C	Marios	22	131	2	1	3_____	84392	1	0	0	0	0	1	0	0	0	0	0
C	Marios	22	131	2	1	3_____	84427	1	0	0	0	0	0	0	0	0	1	0
C	Marios	22	131	2	1	3_____	84435	1	0	0	0	0	1	0	0	0	0	0
C	Marios	22	131	2	1	3_____	84439	1	0	0	0	0	0	0	0	0	1	0
C	Marios	22	131	2	1	3_____	84440	1	0	0	0	0	1	0	0	0	0	0
C	Marios	22	131	2	1	3_____	84443	1	0	0	0	0	0	0	0	0	1	0
C	Marios	22	131	2	1	3_____	84444	1	0	0	0	0	1	0	0	0	0	0
C	Marios	22	131	2	1	3_____	84578	1	0	0	0	0	0	0	0	0	1	0
C	Marios	22	131	2	1	3_____	84804	1	0	0	0	0	1	0	0	0	0	0
C	Marios	22	131	2	1	3_____	84834	1	0	0	0	0	0	0	0	0	1	0
C	Marios	22	131	2	1	3_____	84838	1	0	0	0	0	1	0	0	0	0	0
C	Marios	22	131	2	1	3_____	85059	1	0	0	0	0	1	0	0	0	1	0
C	Marios	22	131	2	1	3_____	85523	1	0	0	0	0	0	0	0	0	1	0
C	Marios	22	131	2	1	3_____	85706	1	0	0	0	0	1	0	0	0	0	0
C	Marios	22	131	2	1	3_____	85740	1	0	0	0	0	0	0	0	0	1	0
C	Marios	22	131	2	1	3_____	85746	1	0	0	0	0	1	0	0	0	0	0
C	Marios	22	131	2	1	3_____	85759	1	0	0	0	0	1	0	0	0	1	0
C	Marios	22	131	2	1	3_____	85823	1	0	0	0	0	0	0	0	0	1	0
C	Marios	22	131	2	1	3_____	85826	1	0	0	0	0	1	0	0	0	0	0
C	Marios	22	131	2	1	3_____	85829	1	0	0	0	0	0	0	0	0	1	0
C	Marios	22	131	2	1	3_____	85839	1	0	0	0	0	1	0	0	0	0	0
C	Marios	22	131	2	1	3_____	85959	1	0	0	0	0	0	0	0	0	1	0
C	Marios	22	131	2	1	3_____	86363	1	0	0	0	0	1	0	0	0	0	0
C	Marios	22	131	2	1	3_____	86419	1	0	0	0	0	0	0	0	0	1	0
C	Marios	22	131	2	1	3_____	86422	1	0	0	0	0	1	0	0	0	0	0
C	Marios	22	131	2	1	3_____	86509	1	0	0	0	0	0	0	0	0	1	0
C	Marios	22	131	2	1	3_____	86510	1	0	0	0	0	1	0	0	0	0	0
C	Marios	22	131	2	1	3_____	86514	1	0	0	0	0	0	0	0	0	1	0
C	Marios	22	131	2	1	3_____	86521	1	0	0	0	0	1	0	0	0	0	0
C	Marios	22	131	2	1	3_____	86524	1	0	0	0	0	0	0	0	0	1	0
C	Marios	22	131	2	1	3_____	86547	1	0	0	0	0	1	0	0	0	0	0
C	Marios	22	131	2	1	3_____	86551	1	0	0	0	0	0	0	0	0	1	0
C	Marios	22	131	2	1	3_____	86564	1	0	0	0	0	1	0	0	0	0	0
C	Marios	22	131	2	1	3_____	86594	1	0	0	0	0	0	0	0	0	1	0
C	Marios	22	131	2	1	3_____	86669	1	0	0	0	0	1	0	0	0	0	0
C	Marios	22	131	2	1	3_____	86834	1	0	0	0	0	0	0	0	0	1	0
C	Marios	22	131	2	1	3_____	86843	1	0	0	0	0	1	0	0	0	0	0
C	Marios	22	131	2	1	3_____	86855	1	0	0	0	0	0	0	0	0	1	0
C	Marios	22	131	2	1	3_____	86860	1	0	0	0	0	1	0	0	0	0	0
C	Marios	22	131	2	1	3_____	86909	1	0	0	0	0	0	0	0	0	1	0
C	Marios	22	131	2	1	3_____	86936	1	0	0	0	0	1	0	0	0	0	0
C	Marios	22	131	2	1	3_____	86938	1	0	0	0	0	0	0	0	0	1	0
C	Marios	22	131	2	1	3_____	86955	1	0	0	0	0	1	0	0	0	0	0
C	Marios	22	131	2	1	3_____	86967	1	0	0	0	0	0	0	0	0	1	0
C	Marios	22	131	2	1	3_____	87335	1	0	0	0	0	1	0	0	0	0	0
C	Marios	22	131	2	1	3_____	87422	1	0	0	0	0	0	0	0	0	1	0
C	Marios	22	131	2	1	3_____	87426	1	0	0	0	0	1	0	0	0	0	0
C	Marios	22	131	2	1	3_____	87646	1	0	0	0	0	0	0	0	0	1	0
C	Marios	22	131	2	1	3_____	87648	1	0	0	0	0	1	0	0	0	0	0
C	Marios	22	131	2	1	3_____	87649	1	0	0	0	0	0	0	0	0	1	0
C	Marios	22	131	2	1	3_____	87657	1	0	0	0	0	1	0	0	0	0	0
C	Marios	22	131	2	1	3_____	87658	1	0	0	0	0	0	0	0	0	1	0
C	Marios	22	131	2	1	3_____	87669	1	0	0	0	0	1	0	0	0	0	0
C	Marios	22	131	2	1	3_____	87731	1	0	0	0	0	0	0	0	0	1	0
C	Marios	22	131	2	1	3_____	88823	1	0	0	0	0	1	0	0	0	0	0
C	Marios	22	131	2	1	3_____	88950	1	0	0	0	0	0	0	0	0	1	0
C	Marios	22	131	2	1	3_____	88953	1	0	0	0	0	1	0	0	0	0	0
C	Marios	22	131	2	1	3_____	89269	1	0	0	0	0	0	0	0	0	1	0
C	Marios	22	131	2	1	3_____	89270	1	0	0	0	0	1	0	0	0	0	0
C	Marios	22	131	2	1	3_____	89275	1	0	0	0	0	0	0	0	0	1	0
C	Marios	22	131	2	1	3_____	89280	1	0	0	0	0	1	0	0	0	0	0
C	Marios	22	131	2	1	3_____	89356	1	0	0	0	0	0	0	0	0	1	0
C	Marios	22	131	2	1	3_____	89358	1	0	0	0	0	1	0	0	0	0	0
C	Marios	22	131	2	1	3_____	89412	1	0	0	0	0	0	0	0	0	1	0
C	Marios	22	131	2	1	3_____	89414	1	0	0	0	0	1	0	0	0	0	0
C	Marios	22	131	2	1	3_____	89433	1	0	0	0	0	0	0	0	0	1	0
C	Marios	22	131	2	1	3_____	89435	1	0	0	0	0	1	0	0	0	0	0
C	Marios	22	131	2	1	3_____	89441	1	0	0	0	0	0	0	0	0	1	0
C	Marios	22	131	2	1	3_____	89446	1	0	0	0	0	1	0	0	0	0	0
C	Marios	22	131	2	1	3_____	89469	1	0	0	0	0	0	0	0	0	1	0
C	Marios	22	131	2	1	3_____	89491	1	0	0	0	0	1	0	0	0	0	0
C	Marios	22	131	2	1	3_____	89500	1	2	0	0	0	0	0	0	0	0	0
C	Marios	22	131	2	1	3_____	89548	2	0	0	0	0	0	0	0	0	1	0
C	Marios	22	131	2	1	3_____	89549	2	0	0	0	0	1	0	0	0	0	0
C	Marios	22	131	2	1	3_____	89551	2	0	0	0	0	0	0	0	0	1	0
C	Marios	22	131	2	1	3_____	89556	2	0	0	0	0	1	0	0	0	0	0
C	Marios	22	131	2	1	3_____	89558	2	0	0	0	0	0	0	0	0	1	0
C	Marios	22	131	2	1	3_____	89580	2	0	0	0	0	1	0	0	0	0	0
C	Marios	22	131	2	1	3_____	89585	2	0	0	0	0	0	0	0	0	1	0
C	Marios	22	131	2	1	3_____	89595	2	0	0	0	0	1	0	0	0	0	0
C	Marios	22	131	2	1	3_____	89601	2	0	0	0	0	0	0	0	0	1	0
C	Marios	22	131	2	1	3_____	89617	2	0	0	0	0	1	0	0	0	0	0
C	Marios	22	131	2	1	3_____	89620	2	0	0	0	0	0	0	0	0	1	0
C	Marios	22	131	2	1	3_____	89625	2	0	0	0	0	1	0	0	0	0	0
C	Marios	22	131	2	1	3_____	89627	2	0	0	0	0	0	0	0	0	1	0
C	Marios	22	131	2	1	3_____	89673	2	0	0	0	0	1	0	0	0	0	0
C	Marios	22	131	2	1	3_____	89679	2	0	0	0	0	0	0	0	0	1	0
C	Marios	22	131	2	1	3_____	89684	2	0	0	0	0	1	0	0	0	0	0
C	Marios	22	131	2	1	3_____	89836	2	0	0	0	0	0	0	0	0	1	0
C	Marios	22	131	2	1	3_____	89837	2	0	0	0	0	1	0	0	0	0	0
C	Marios	22	131	2	1	3_____	89839	2	0	0	0	0	0	0	0	0	1	0
C	Marios	22	131	2	1	3_____	89853	2	0	0	0	0	1	0	0	0	0	0
C	Marios	22	131	2	1	3_____	89859	2	0	0	0	0	0	0	0	0	1	0
C	Marios	22	131	2	1	3_____	89876	2	0	0	0	0	1	0	0	0	0	0
C	Marios	22	131	2	1	3_____	89887	2	0	0	0	0	0	0	0	0	1	0
C	Marios	22	131	2	1	3_____	89894	2	0	0	0	0	1	0	0	0	0	0
C	Marios	22	131	2	1	3_____	89904	2	0	0	0	0	0	0	0	0	1	0
C	Marios	22	131	2	1	3_____	89926	2	0	0	0	0	1	0	0	0	0	0
C	Marios	22	131	2	1	3_____	89954	2	0	0	0	0	0	0	0	0	1	0
C	Marios	22	131	2	1	3_____	89961	2	0	0	0	0	1	0	0	0	0	0
C	Marios	22	131	2	1	3_____	89967	2	0	0	0	0	0	0	0	0	1	0
C	Marios	22	131	2	1	3_____	90000	2	12	0	0	0	0	0	0	0	0	0
C	Marios	22	131	2	1	3_____	90003	12	0	0	0	0	1	0	0	0	0	0
C	Marios	22	131	2	1	3_____	90005	12	0	0	0	0	0	0	0	0	1	0
C	Marios	22	131	2	1	3_____	90225	12	0	0	0	0	1	0	0	0	0	0
C	Marios	22	131	2	1	3_____	90339	12	0	0	0	0	0	0	0	0	1	0
C	Marios	22	131	2	1	3_____	90500	12	15	0	0	0	0	0	0	0	0	0
C	Marios	22	131	2	1	3_____	90741	15	0	0	0	0	1	0	0	0	0	0
C	Marios	22	131	2	1	3_____	90909	15	0	0	0	0	0	0	0	0	1	0
C	Marios	22	131	2	1	3_____	90915	15	0	0	0	0	1	0	0	0	0	0
C	Marios	22	131	2	1	3_____	90946	15	0	0	0	0	0	0	0	0	1	0
C	Marios	22	131	2	1	3_____	90947	15	0	0	0	0	1	0	0	0	0	0
C	Marios	22	131	2	1	3_____	90949	15	0	0	0	0	0	0	0	0	1	0
C	Marios	22	131	2	1	3_____	90950	15	0	0	0	0	1	0	0	0	0	0
C	Marios	22	131	2	1	3_____	90976	15	0	0	0	0	0	0	0	0	1	0
C	Marios	22	131	2	1	3_____	90977	15	0	0	0	0	1	0	0	0	0	0
C	Marios	22	131	2	1	3_____	91000	15	1	0	0	0	0	0	0	0	0	0
C	Marios	22	131	2	1	3_____	91132	1	0	0	0	0	0	0	0	0	1	0
C	Marios	22	131	2	1	3_____	91135	1	0	0	0	0	1	0	0	0	0	0
C	Marios	22	131	2	1	3_____	91181	1	0	0	0	0	0	0	0	0	1	0
C	Marios	22	131	2	1	3_____	91191	1	0	0	0	0	1	0	0	0	0	0
C	Marios	22	131	2	1	3_____	91207	1	0	0	0	0	0	0	0	0	1	0
C	Marios	22	131	2	1	3_____	91249	1	0	0	0	0	1	0	0	0	0	0
C	Marios	22	131	2	1	3_____	91518	1	0	0	0	0	0	0	0	0	1	0
C	Marios	22	131	2	1	3_____	91820	1	0	0	0	0	1	0	0	0	0	0
C	Marios	22	131	2	1	3_____	91822	1	0	0	0	0	0	0	0	0	1	0
C	Marios	22	131	2	1	3_____	91877	1	0	0	0	0	1	0	0	0	0	0
C	Marios	22	131	2	1	3_____	91970	1	0	0	0	0	0	0	0	0	1	0
C	Marios	22	131	2	1	3_____	93764	1	0	0	0	0	1	0	0	0	0	0
C	Marios	22	131	2	1	3_____	93934	1	0	0	0	0	0	0	0	0	1	0
C	Marios	22	131	2	1	3_____	94970	1	0	0	0	0	1	0	0	0	0	0
C	Marios	22	131	2	1	3_____	95340	1	0	0	0	0	0	0	0	0	1	0
C	Marios	22	131	2	1	3_____	96599	1	0	0	0	0	1	0	0	0	0	0
C	Marios	22	131	2	1	3_____	96602	1	0	0	0	0	0	0	0	0	1	0
C	Marios	22	131	2	1	3_____	96618	1	0	0	0	0	1	0	0	0	0	0
C	Marios	22	131	2	1	3_____	96673	1	0	0	0	0	0	0	0	0	1	0
C	Marios	22	131	2	1	3_____	97831	1	0	0	0	0	1	0	0	0	0	0
C	Marios	22	131	2	1	3_____	97893	1	0	0	0	0	0	0	0	0	1	0
C	Marios	22	131	2	1	3_____	98500	1	2	0	0	0	0	0	0	0	0	0
C	Marios	22	131	2	1	3_____	99000	2	13	0	0	0	0	0	0	0	0	0
C	Marios	22	131	2	1	3_____	99252	13	0	0	0	0	1	0	0	0	0	0
C	Marios	22	131	2	1	3_____	99386	13	0	0	0	0	0	0	0	0	1	0
C	Marios	22	131	2	1	3_____	99500	13	15	0	0	0	0	0	0	0	0	0
C	Marios	22	131	2	1	3_____	99515	15	0	0	0	0	1	0	0	0	0	0
C	Marios	22	131	2	1	3_____	99613	15	0	0	0	0	0	0	0	0	1	0
C	Marios	22	131	2	1	3_____	100000	15	1	0	0	0	0	0	0	0	0	0
C	Marios	22	131	2	1	3_____	101279	1	0	0	0	0	1	0	0	0	0	0
C	Marios	22	131	2	1	3_____	101533	1	0	0	0	0	0	0	0	0	1	0
C	Marios	22	131	2	1	3_____	104500	1	2	0	0	0	0	0	0	0	0	0
C	Marios	22	131	2	1	3_____	105000	2	12	0	0	0	0	0	0	0	0	0
C	Marios	22	131	2	1	3_____	105121	12	0	0	0	0	1	0	0	0	0	0
C	Marios	22	131	2	1	3_____	105216	12	0	0	0	0	0	0	0	0	1	0
C	Marios	22	131	2	1	3_____	105452	12	0	0	0	0	1	0	0	0	0	0
C	Marios	22	131	2	1	3_____	105500	12	15	0	0	0	0	0	0	0	0	0
C	Marios	22	131	2	1	3_____	105556	15	0	0	0	0	0	0	0	0	1	0
C	Marios	22	131	2	1	3_____	105914	15	0	0	0	0	1	0	0	0	0	0
C	Marios	22	131	2	1	3_____	106000	15	1	0	0	0	0	0	0	0	0	0
C	Marios	22	131	2	1	3_____	106065	1	0	0	0	0	0	0	0	0	1	0
C	Marios	22	131	2	1	3_____	107411	1	0	0	0	0	1	0	0	0	0	0
C	Marios	22	131	2	1	3_____	107848	1	0	0	0	0	0	0	0	0	1	0
C	Marios	22	131	2	1	3_____	108250	1	2	0	0	0	0	0	0	0	0	0
C	Marios	22	131	2	1	3_____	108661	2	0	0	0	0	1	0	0	0	0	0
C	Marios	22	131	2	1	3_____	108674	2	0	0	0	0	0	0	0	0	1	0
C	Marios	22	131	2	1	3_____	108750	2	13	0	0	0	0	0	0	0	0	0
C	Marios	22	131	2	1	3_____	108926	13	0	0	0	0	1	0	0	0	0	0
C	Marios	22	131	2	1	3_____	108979	13	0	0	0	0	0	0	0	0	1	0
C	Marios	22	131	2	1	3_____	109085	13	0	0	0	0	1	0	0	0	0	0
C	Marios	22	131	2	1	3_____	109145	13	0	0	0	0	0	0	0	0	1	0
C	Marios	22	131	2	1	3_____	109227	13	0	0	0	0	1	0	0	0	0	0
C	Marios	22	131	2	1	3_____	109250	13	15	0	0	0	0	0	0	0	0	0
C	Marios	22	131	2	1	3_____	109308	15	0	0	0	0	0	0	0	0	1	0
C	Marios	22	131	2	1	3_____	109499	15	0	0	0	0	1	0	0	0	0	0
C	Marios	22	131	2	1	3_____	109574	15	0	0	0	0	0	0	0	0	1	0
C	Marios	22	131	2	1	3_____	109750	15	1	0	0	0	0	0	0	0	0	0
C	Marios	22	131	2	1	3_____	110114	1	0	0	0	0	1	0	0	0	0	0
C	Marios	22	131	2	1	3_____	110199	1	0	0	0	0	0	0	0	0	1	0
C	Marios	22	131	2	1	3_____	111250	1	2	0	0	0	0	0	0	0	0	0
C	Marios	22	131	2	1	3_____	111750	2	6	0	0	0	0	0	0	0	0	0
C	Marios	22	131	2	1	3_____	111879	6	0	0	0	0	1	0	0	0	0	0
C	Marios	22	131	2	1	3_____	111916	6	0	0	0	0	0	0	0	0	1	0
C	Marios	22	131	2	1	3_____	111983	6	0	0	0	0	1	0	0	0	0	0
C	Marios	22	131	2	1	3_____	112037	6	0	0	0	0	0	0	0	0	1	0
C	Marios	22	131	2	1	3_____	112150	6	0	0	0	0	1	0	0	0	0	0
C	Marios	22	131	2	1	3_____	112198	6	0	0	0	0	0	0	0	0	1	0
C	Marios	22	131	2	1	3_____	112248	6	0	0	0	0	1	0	0	0	0	0
C	Marios	22	131	2	1	3_____	112250	6	11	0	0	0	0	0	0	0	0	0
C	Marios	22	131	2	1	3_____	112462	11	0	0	0	0	0	0	0	0	1	0
C	Marios	22	131	2	1	3_____	112592	11	0	0	0	0	1	0	0	0	0	0
C	Marios	22	131	2	1	3_____	112750	11	1	0	0	0	0	0	0	0	0	0
C	Marios	22	131	2	1	3_____	112792	1	0	0	0	0	0	0	0	0	1	0
C	Marios	22	131	2	1	3_____	112797	1	0	0	0	0	1	0	0	0	0	0
C	Marios	22	131	2	1	3_____	112812	1	0	0	0	0	0	0	0	0	1	0
C	Marios	22	131	2	1	3_____	112818	1	0	0	0	0	1	0	0	0	0	0
C	Marios	22	131	2	1	3_____	112869	1	0	0	0	0	0	0	0	0	1	0
C	Marios	22	131	2	1	3_____	112873	1	0	0	0	0	1	0	0	0	0	0
C	Marios	22	131	2	1	3_____	112877	1	0	0	0	0	0	0	0	0	1	0
C	Marios	22	131	2	1	3_____	112883	1	0	0	0	0	1	0	0	0	0	0
C	Marios	22	131	2	1	3_____	112926	1	0	0	0	0	0	0	0	0	1	0
C	Marios	22	131	2	1	3_____	113116	1	0	0	0	0	1	0	0	0	0	0
C	Marios	22	131	2	1	3_____	113169	1	0	0	0	0	0	0	0	0	1	0
C	Marios	22	131	2	1	3_____	113173	1	0	0	0	0	1	0	0	0	0	0
C	Marios	22	131	2	1	3_____	113176	1	0	0	0	0	0	0	0	0	1	0
C	Marios	22	131	2	1	3_____	113180	1	0	0	0	0	1	0	0	0	0	0
C	Marios	22	131	2	1	3_____	113230	1	0	0	0	0	0	0	0	0	1	0
C	Marios	22	131	2	1	3_____	113233	1	0	0	0	0	1	0	0	0	0	0
C	Marios	22	131	2	1	3_____	113276	1	0	0	0	0	0	0	0	0	1	0
C	Marios	22	131	2	1	3_____	113286	1	0	0	0	0	1	0	0	0	0	0
C	Marios	22	131	2	1	3_____	113325	1	0	0	0	0	0	0	0	0	1	0
C	Marios	22	131	2	1	3_____	113330	1	0	0	0	0	1	0	0	0	0	0
C	Marios	22	131	2	1	3_____	113364	1	0	0	0	0	0	0	0	0	1	0
C	Marios	22	131	2	1	3_____	113365	1	0	0	0	0	1	0	0	0	0	0
C	Marios	22	131	2	1	3_____	113379	1	0	0	0	0	1	0	0	0	1	0
C	Marios	22	131	2	1	3_____	113542	1	0	0	0	0	0	0	0	0	1	0
C	Marios	22	131	2	1	3_____	113543	1	0	0	0	0	1	0	0	0	0	0
C	Marios	22	131	2	1	3_____	113547	1	0	0	0	0	0	0	0	0	1	0
C	Marios	22	131	2	1	3_____	113548	1	0	0	0	0	1	0	0	0	0	0
C	Marios	22	131	2	1	3_____	113553	1	0	0	0	0	0	0	0	0	1	0
C	Marios	22	131	2	1	3_____	113560	1	0	0	0	0	1	0	0	0	0	0
C	Marios	22	131	2	1	3_____	113584	1	0	0	0	0	0	0	0	0	1	0
C	Marios	22	131	2	1	3_____	113588	1	0	0	0	0	1	0	0	0	0	0
C	Marios	22	131	2	1	3_____	113636	1	0	0	0	0	1	0	0	0	1	0
C	Marios	22	131	2	1	3_____	113688	1	0	0	0	0	0	0	0	0	1	0
C	Marios	22	131	2	1	3_____	114423	1	0	0	0	0	1	0	0	0	0	0
C	Marios	22	131	2	1	3_____	114692	1	0	0	0	0	0	0	0	0	1	0
C	Marios	22	131	2	1	3_____	114693	1	0	0	0	0	1	0	0	0	0	0
C	Marios	22	131	2	1	3_____	114739	1	0	0	0	0	0	0	0	0	1	0
C	Marios	22	131	2	1	3_____	114762	1	0	0	0	0	1	0	0	0	0	0
C	Marios	22	131	2	1	3_____	114793	1	0	0	0	0	0	0	0	0	1	0
C	Marios	22	131	2	1	3_____	114831	1	0	0	0	0	1	0	0	0	0	0
C	Marios	22	131	2	1	3_____	114835	1	0	0	0	0	0	0	0	0	1	0
C	Marios	22	131	2	1	3_____	114836	1	0	0	0	0	1	0	0	0	0	0
C	Marios	22	131	2	1	3_____	114857	1	0	0	0	0	0	0	0	0	1	0
C	Marios	22	131	2	1	3_____	114882	1	0	0	0	0	1	0	0	0	0	0
C	Marios	22	131	2	1	3_____	114884	1	0	0	0	0	0	0	0	0	1	0
C	Marios	22	131	2	1	3_____	114921	1	0	0	0	0	1	0	0	0	0	0
C	Marios	22	131	2	1	3_____	114925	1	0	0	0	0	0	0	0	0	1	0
C	Marios	22	131	2	1	3_____	114931	1	0	0	0	0	1	0	0	0	0	0
C	Marios	22	131	2	1	3_____	114940	1	0	0	0	0	0	0	0	0	1	0
C	Marios	22	131	2	1	3_____	114941	1	0	0	0	0	1	0	0	0	0	0
C	Marios	22	131	2	1	3_____	115037	1	0	0	0	0	0	0	0	0	1	0
C	Marios	22	131	2	1	3_____	115044	1	0	0	0	0	1	0	0	0	0	0
C	Marios	22	131	2	1	3_____	115048	1	0	0	0	0	0	0	0	0	1	0
C	Marios	22	131	2	1	3_____	115079	1	0	0	0	0	1	0	0	0	0	0
C	Marios	22	131	2	1	3_____	115124	1	0	0	0	0	0	0	0	0	1	0
C	Marios	22	131	2	1	3_____	115129	1	0	0	0	0	1	0	0	0	0	0
C	Marios	22	131	2	1	3_____	115134	1	0	0	0	0	0	0	0	0	1	0
C	Marios	22	131	2	1	3_____	115143	1	0	0	0	0	1	0	0	0	0	0
C	Marios	22	131	2	1	3_____	115157	1	0	0	0	0	0	0	0	0	1	0
C	Marios	22	131	2	1	3_____	115167	1	0	0	0	0	1	0	0	0	0	0
C	Marios	22	131	2	1	3_____	115231	1	0	0	0	0	0	0	0	0	1	0
C	Marios	22	131	2	1	3_____	115240	1	0	0	0	0	1	0	0	0	0	0
C	Marios	22	131	2	1	3_____	115247	1	0	0	0	0	0	0	0	0	1	0
C	Marios	22	131	2	1	3_____	115282	1	0	0	0	0	1	0	0	0	0	0
C	Marios	22	131	2	1	3_____	115300	1	0	0	0	0	0	0	0	0	1	0
C	Marios	22	131	2	1	3_____	115564	1	0	0	0	0	1	0	0	0	0	0
C	Marios	22	131	2	1	3_____	115571	1	0	0	0	0	0	0	0	0	1	0
C	Marios	22	131	2	1	3_____	115584	1	0	0	0	0	1	0	0	0	0	0
C	Marios	22	131	2	1	3_____	115637	1	0	0	0	0	0	0	0	0	1	0
C	Marios	22	131	2	1	3_____	115658	1	0	0	0	0	1	0	0	0	0	0
C	Marios	22	131	2	1	3_____	115788	1	0	0	0	0	1	0	0	0	1	0
C	Marios	22	131	2	1	3_____	115865	1	0	0	0	0	0	0	0	0	1	0
C	Marios	22	131	2	1	3_____	115870	1	0	0	0	0	1	0	0	0	0	0
C	Marios	22	131	2	1	3_____	116061	1	0	0	0	0	0	0	0	0	1	0
C	Marios	22	131	2	1	3_____	116062	1	0	0	0	0	1	0	0	0	0	0
C	Marios	22	131	2	1	3_____	116074	1	0	0	0	0	0	0	0	0	1	0
C	Marios	22	131	2	1	3_____	116075	1	0	0	0	0	1	0	0	0	0	0
C	Marios	22	131	2	1	3_____	116082	1	0	0	0	0	0	0	0	0	1	0
C	Marios	22	131	2	1	3_____	116085	1	0	0	0	0	1	0	0	0	0	0
C	Marios	22	131	2	1	3_____	116186	1	0	0	0	0	0	0	0	0	1	0
C	Marios	22	131	2	1	3_____	116189	1	0	0	0	0	1	0	0	0	0	0
C	Marios	22	131	2	1	3_____	116306	1	0	0	0	0	0	0	0	0	1	0
C	Marios	22	131	2	1	3_____	116323	1	0	0	0	0	1	0	0	0	0	0
C	Marios	22	131	2	1	3_____	116378	1	0	0	0	0	1	0	0	0	1	0
C	Marios	22	131	2	1	3_____	116401	1	0	0	0	0	0	0	0	0	1	0
C	Marios	22	131	2	1	3_____	116402	1	0	0	0	0	1	0	0	0	0	0
C	Marios	22	131	2	1	3_____	116404	1	0	0	0	0	1	0	0	0	1	0
C	Marios	22	131	2	1	3_____	116463	1	0	0	0	0	1	0	0	0	1	0
C	Marios	22	131	2	1	3_____	116579	1	0	0	0	0	0	0	0	0	1	0
C	Marios	22	131	2	1	3_____	118324	1	0	0	0	0	1	0	0	0	0	0
C	Marios	22	131	2	1	3_____	118335	1	0	0	0	0	0	0	0	0	1	0
C	Marios	22	131	2	1	3_____	118336	1	0	0	0	0	1	0	0	0	0	0
C	Marios	22	131	2	1	3_____	118380	1	0	0	0	0	0	0	0	0	1	0
C	Marios	22	131	2	1	3_____	118383	1	0	0	0	0	1	0	0	0	0	0
C	Marios	22	131	2	1	3_____	118899	1	0	0	0	0	0	0	0	0	1	0
C	Marios	22	131	2	1	3_____	118905	1	0	0	0	0	1	0	0	0	0	0
C	Marios	22	131	2	1	3_____	118907	1	0	0	0	0	0	0	0	0	1	0
C	Marios	22	131	2	1	3_____	118908	1	0	0	0	0	1	0	0	0	0	0
C	Marios	22	131	2	1	3_____	119062	1	0	0	0	0	1	0	0	0	1	0
C	Marios	22	131	2	1	3_____	119068	1	0	0	0	0	0	0	0	0	1	0
C	Marios	22	131	2	1	3_____	119078	1	0	0	0	0	1	0	0	0	0	0
C	Marios	22	131	2	1	3_____	119097	1	0	0	0	0	0	0	0	0	1	0
C	Marios	22	131	2	1	3_____	119100	1	0	0	0	0	1	0	0	0	0	0
C	Marios	22	131	2	1	3_____	119103	1	0	0	0	0	0	0	0	0	1	0
C	Marios	22	131	2	1	3_____	119301	1	0	0	0	0	1	0	0	0	0	0
C	Marios	22	131	2	1	3_____	119399	1	0	0	0	0	0	0	0	0	1	0
C	Marios	22	131	2	1	3_____	119500	1	2	0	0	0	0	0	0	0	0	0
C	Marios	22	131	2	1	3_____	119647	2	0	0	0	0	1	0	0	0	0	0
C	Marios	22	131	2	1	3_____	119957	2	0	0	0	0	0	0	0	0	1	0
C	Marios	22	131	2	1	3_____	119967	2	0	0	0	0	1	0	0	0	0	0
C	Marios	22	131	2	1	3_____	119996	2	0	0	0	0	0	0	0	0	1	0
C	Marios	22	131	2	1	3_____	120000	2	12	0	0	0	0	0	0	0	0	0
C	Marios	22	131	2	1	3_____	120103	12	0	0	0	0	1	0	0	0	0	0
C	Marios	22	131	2	1	3_____	120156	12	0	0	0	0	0	0	0	0	1	0
C	Marios	22	131	2	1	3_____	120500	12	15	0	0	0	0	0	0	0	0	0
C	Marios	22	131	2	1	3_____	121000	15	1	0	0	0	0	0	0	0	0	0
C	Marios	22	131	2	1	3_____	121080	1	0	0	0	0	1	0	0	0	0	0
C	Marios	22	131	2	1	3_____	121234	1	0	0	0	0	0	0	0	0	1	0
C	Marios	22	131	2	1	3_____	121763	1	0	0	0	0	1	0	0	0	0	0
C	Marios	22	131	2	1	3_____	121817	1	0	0	0	0	0	0	0	0	1	0
C	Marios	22	131	2	1	3_____	121873	1	0	0	0	0	1	0	0	0	0	0
C	Marios	22	131	2	1	3_____	121915	1	0	0	0	0	0	0	0	0	1	0
C	Marios	22	131	2	1	3_____	122248	1	0	0	0	0	1	0	0	0	0	0
C	Marios	22	131	2	1	3_____	122442	1	0	0	0	0	0	0	0	0	1	0
C	Marios	22	131	2	1	3_____	122451	1	0	0	0	0	1	0	0	0	0	0
C	Marios	22	131	2	1	3_____	122572	1	0	0	0	0	0	0	0	0	1	0
C	Marios	22	131	2	1	3_____	122576	1	0	0	0	0	1	0	0	0	0	0
C	Marios	22	131	2	1	3_____	122580	1	0	0	0	0	0	0	0	0	1	0
C	Marios	22	131	2	1	3_____	122583	1	0	0	0	0	1	0	0	0	0	0
C	Marios	22	131	2	1	3_____	122585	1	0	0	0	0	1	0	0	0	1	0
C	Marios	22	131	2	1	3_____	122889	1	0	0	0	0	0	0	0	0	1	0
C	Marios	22	131	2	1	3_____	124500	1	2	0	0	0	0	0	0	0	0	0
C	Marios	22	131	2	1	3_____	125000	2	12	0	0	0	0	0	0	0	0	0
C	Marios	22	131	2	1	3_____	125113	12	0	0	0	0	1	0	0	0	0	0
C	Marios	22	131	2	1	3_____	125271	12	0	0	0	0	0	0	0	0	1	0
C	Marios	22	131	2	1	3_____	125440	12	0	0	0	0	1	0	0	0	0	0
C	Marios	22	131	2	1	3_____	125500	12	15	0	0	0	0	0	0	0	0	0
C	Marios	22	131	2	1	3_____	125534	15	0	0	0	0	0	0	0	0	1	0
C	Marios	22	131	2	1	3_____	126000	15	1	0	0	0	0	0	0	0	0	0
C	Marios	22	131	2	1	3_____	130554	1	0	0	0	0	1	0	0	0	0	0
C	Marios	22	131	2	1	3_____	130706	1	0	0	0	0	0	0	0	0	1	0
C	Marios	22	131	2	1	3_____	131573	1	0	0	0	0	1	0	0	0	0	0
C	Marios	22	131	2	1	3_____	131582	1	0	0	0	0	0	0	0	0	1	0
C	Marios	22	131	2	1	3_____	131588	1	0	0	0	0	1	0	0	0	0	0
C	Marios	22	131	2	1	3_____	131617	1	0	0	0	0	0	0	0	0	1	0
C	Marios	22	131	2	1	3_____	132000	1	2	0	0	0	0	0	0	0	0	0
C	Marios	22	131	2	1	3_____	132500	2	13	0	0	0	0	0	0	0	0	0
C	Marios	22	131	2	1	3_____	132707	13	0	0	0	0	1	0	0	0	0	0
C	Marios	22	131	2	1	3_____	132741	13	0	0	0	0	0	0	0	0	1	0
C	Marios	22	131	2	1	3_____	132798	13	0	0	0	0	1	0	0	0	0	0
C	Marios	22	131	2	1	3_____	132924	13	0	0	0	0	0	0	0	0	1	0
C	Marios	22	131	2	1	3_____	133000	13	15	0	0	0	0	0	0	0	0	0
C	Marios	22	131	2	1	3_____	133031	15	0	0	0	0	1	0	0	0	0	0
C	Marios	22	131	2	1	3_____	133095	15	0	0	0	0	0	0	0	0	1	0
C	Marios	22	131	2	1	3_____	133269	15	0	0	0	0	1	0	0	0	0	0
C	Marios	22	131	2	1	3_____	133357	15	0	0	0	0	0	0	0	0	1	0
C	Marios	22	131	2	1	3_____	133500	15	1	0	0	0	0	0	0	0	0	0
C	Marios	22	131	2	1	3_____	133755	1	0	0	0	0	1	0	0	0	0	0
C	Marios	22	131	2	1	3_____	133799	1	0	0	0	0	0	0	0	0	1	0
C	Marios	22	131	2	1	3_____	135147	1	0	0	0	0	1	0	0	0	0	0
C	Marios	22	131	2	1	3_____	135384	1	0	0	0	0	0	0	0	0	1	0
C	Marios	22	131	2	1	3_____	136500	1	2	0	0	0	0	0	0	0	0	0
C	Marios	22	131	2	1	3_____	137000	2	13	0	0	0	0	0	0	0	0	0
C	Marios	22	131	2	1	3_____	137375	13	0	0	0	0	1	0	0	0	0	0
C	Marios	22	131	2	1	3_____	137423	13	0	0	0	0	0	0	0	0	1	0
C	Marios	22	131	2	1	3_____	137479	13	0	0	0	0	1	0	0	0	0	0
C	Marios	22	131	2	1	3_____	137500	13	15	0	0	0	0	0	0	0	0	0
C	Marios	22	131	2	1	3_____	137569	15	0	0	0	0	0	0	0	0	1	0
C	Marios	22	131	2	1	3_____	137828	15	0	0	0	0	1	0	0	0	0	0
C	Marios	22	131	2	1	3_____	137970	15	0	0	0	0	0	0	0	0	1	0
C	Marios	22	131	2	1	3_____	138000	15	1	0	0	0	0	0	0	0	0	0
C	Marios	22	131	2	1	3_____	138163	1	0	0	0	0	1	0	0	0	0	0
C	Marios	22	131	2	1	3_____	138223	1	0	0	0	0	0	0	0	0	1	0
C	Marios	22	131	2	1	3_____	138396	1	0	0	0	0	1	0	0	0	0	0
C	Marios	22	131	2	1	3_____	138412	1	0	0	0	0	0	0	0	0	1	0
C	Marios	22	131	2	1	3_____	138662	1	0	0	0	0	1	0	0	0	0	0
C	Marios	22	131	2	1	3_____	138816	1	0	0	0	0	0	0	0	0	1	0
C	Marios	22	131	2	1	3_____	141578	1	0	0	0	0	1	0	0	0	0	0
C	Marios	22	131	2	1	3_____	141599	1	0	0	0	0	0	0	0	0	1	0
C	Marios	22	131	2	1	3_____	142500	1	2	0	0	0	0	0	0	0	0	0
C	Marios	22	131	2	1	3_____	143000	2	7	0	0	0	0	0	0	0	0	0
C	Marios	22	131	2	1	3_____	143229	7	0	0	0	0	1	0	0	0	0	0
C	Marios	22	131	2	1	3_____	143287	7	0	0	0	0	0	0	0	0	1	0
C	Marios	22	131	2	1	3_____	143347	7	0	0	0	0	1	0	0	0	0	0
C	Marios	22	131	2	1	3_____	143392	7	0	0	0	0	0	0	0	0	1	0
C	Marios	22	131	2	1	3_____	143500	7	10	0	0	0	0	0	0	0	0	0
C	Marios	22	131	2	1	3_____	143517	10	0	0	0	0	1	0	0	0	0	0
C	Marios	22	131	2	1	3_____	143712	10	0	0	0	0	0	0	0	0	1	0
C	Marios	22	131	2	1	3_____	143754	10	0	0	0	0	1	0	0	0	0	0
C	Marios	22	131	2	1	3_____	143764	10	0	0	0	0	0	0	0	0	1	0
C	Marios	22	131	2	1	3_____	144000	10	14	0	0	0	0	0	0	0	0	0
C	Marios	22	131	2	1	3_____	145613	14	0	0	0	0	1	0	0	0	0	0
C	Marios	22	131	2	1	3_____	145708	14	0	0	0	0	0	0	0	0	1	0
C	Marios	22	131	2	1	3_____	147000	14	-1	0	0	0	0	0	0	0	0	0
C	Marios	22	131	6	1	28____	0	0	1	0	0	0	0	0	0	0	0	0
C	Marios	22	131	6	1	28____	1158	1	0	0	0	0	1	0	0	0	0	0
C	Marios	22	131	6	1	28____	1163	1	0	0	0	0	0	0	0	0	1	0
C	Marios	22	131	6	1	28____	1303	1	0	0	0	0	1	0	0	0	0	0
C	Marios	22	131	6	1	28____	1428	1	0	0	0	0	0	0	0	0	1	0
C	Marios	22	131	6	1	28____	2250	1	2	0	0	0	0	0	0	0	0	0
C	Marios	22	131	6	1	28____	2750	2	12	0	0	0	0	0	0	0	0	0
C	Marios	22	131	6	1	28____	2906	12	0	0	0	0	1	0	0	0	0	0
C	Marios	22	131	6	1	28____	2913	12	0	0	0	0	0	0	0	0	1	0
C	Marios	22	131	6	1	28____	3160	12	0	0	0	0	1	0	0	0	0	0
C	Marios	22	131	6	1	28____	3176	12	0	0	0	0	0	0	0	0	1	0
C	Marios	22	131	6	1	28____	3180	12	0	0	0	0	1	0	0	0	0	0
C	Marios	22	131	6	1	28____	3209	12	0	0	0	0	0	0	0	0	1	0
C	Marios	22	131	6	1	28____	3250	12	15	0	0	0	0	0	0	0	0	0
C	Marios	22	131	6	1	28____	3750	15	1	0	0	0	0	0	0	0	0	0
C	Marios	22	131	6	1	28____	5782	1	0	0	0	0	1	0	0	0	0	0
C	Marios	22	131	6	1	28____	5936	1	0	0	0	0	0	0	0	0	1	0
C	Marios	22	131	6	1	28____	7500	1	2	0	0	0	0	0	0	0	0	0
C	Marios	22	131	6	1	28____	7621	2	0	0	0	0	1	0	0	0	0	0
C	Marios	22	131	6	1	28____	7643	2	0	0	0	0	0	0	0	0	1	0
C	Marios	22	131	6	1	28____	8000	2	7	0	0	0	0	0	0	0	0	0
C	Marios	22	131	6	1	28____	8105	7	0	0	0	0	1	0	0	0	0	0
C	Marios	22	131	6	1	28____	8146	7	0	0	0	0	0	0	0	0	1	0
C	Marios	22	131	6	1	28____	8200	7	0	0	0	0	1	0	0	0	0	0
C	Marios	22	131	6	1	28____	8226	7	0	0	0	0	0	0	0	0	1	0
C	Marios	22	131	6	1	28____	8234	7	0	0	0	0	1	0	0	0	0	0
C	Marios	22	131	6	1	28____	8256	7	0	0	0	0	0	0	0	0	1	0
C	Marios	22	131	6	1	28____	8267	7	0	0	0	0	1	0	0	0	0	0
C	Marios	22	131	6	1	28____	8290	7	0	0	0	0	0	0	0	0	1	0
C	Marios	22	131	6	1	28____	8354	7	0	0	0	0	1	0	0	0	0	0
C	Marios	22	131	6	1	28____	8431	7	0	0	0	0	0	0	0	0	1	0
C	Marios	22	131	6	1	28____	8462	7	0	0	0	0	1	0	0	0	0	0
C	Marios	22	131	6	1	28____	8500	7	10	0	0	0	0	0	0	0	0	0
C	Marios	22	131	6	1	28____	8662	10	0	0	0	0	0	0	0	0	1	0
C	Marios	22	131	6	1	28____	8663	10	0	0	0	0	1	0	0	0	0	0
C	Marios	22	131	6	1	28____	8818	10	0	0	0	0	0	0	0	0	1	0
C	Marios	22	131	6	1	28____	9000	10	1	0	0	0	0	0	0	0	0	0
C	Marios	22	131	6	1	28____	9413	1	0	0	0	0	1	0	0	0	0	0
C	Marios	22	131	6	1	28____	9424	1	0	0	0	0	0	0	0	0	1	0
C	Marios	22	131	6	1	28____	9535	1	0	0	0	0	1	0	0	0	0	0
C	Marios	22	131	6	1	28____	9546	1	0	0	0	0	0	0	0	0	1	0
C	Marios	22	131	6	1	28____	10913	1	0	0	0	0	1	0	0	0	0	0
C	Marios	22	131	6	1	28____	10922	1	0	0	0	0	0	0	0	0	1	0
C	Marios	22	131	6	1	28____	10924	1	0	0	0	0	1	0	0	0	0	0
C	Marios	22	131	6	1	28____	10965	1	0	0	0	0	0	0	0	0	1	0
C	Marios	22	131	6	1	28____	12017	1	0	0	0	0	1	0	0	0	0	0
C	Marios	22	131	6	1	28____	12031	1	0	0	0	0	0	0	0	0	1	0
C	Marios	22	131	6	1	28____	12500	1	2	0	0	0	0	0	0	0	0	0
C	Marios	22	131	6	1	28____	13000	2	12	0	0	0	0	0	0	0	0	0
C	Marios	22	131	6	1	28____	13348	12	0	0	0	0	1	0	0	0	0	0
C	Marios	22	131	6	1	28____	13360	12	0	0	0	0	0	0	0	0	1	0
C	Marios	22	131	6	1	28____	13500	12	15	0	0	0	0	0	0	0	0	0
C	Marios	22	131	6	1	28____	14000	15	1	0	0	0	0	0	0	0	0	0
C	Marios	22	131	6	1	28____	14855	1	0	0	0	0	1	0	0	0	0	0
C	Marios	22	131	6	1	28____	14861	1	0	0	0	0	1	0	0	0	1	0
C	Marios	22	131	6	1	28____	14864	1	0	0	0	0	0	0	0	0	1	0
C	Marios	22	131	6	1	28____	14866	1	0	0	0	0	1	0	0	0	0	0
C	Marios	22	131	6	1	28____	14867	1	0	0	0	0	0	0	0	0	1	0
C	Marios	22	131	6	1	28____	14870	1	0	0	0	0	1	0	0	0	0	0
C	Marios	22	131	6	1	28____	14872	1	0	0	0	0	0	0	0	0	1	0
C	Marios	22	131	6	1	28____	15748	1	0	0	0	0	1	0	0	0	0	0
C	Marios	22	131	6	1	28____	15757	1	0	0	0	0	0	0	0	0	1	0
C	Marios	22	131	6	1	28____	17129	1	0	0	0	0	1	0	0	0	0	0
C	Marios	22	131	6	1	28____	17147	1	0	0	0	0	0	0	0	0	1	0
C	Marios	22	131	6	1	28____	17151	1	0	0	0	0	1	0	0	0	0	0
C	Marios	22	131	6	1	28____	17186	1	0	0	0	0	0	0	0	0	1	0
C	Marios	22	131	6	1	28____	17891	1	0	0	0	0	1	0	0	0	0	0
C	Marios	22	131	6	1	28____	17898	1	0	0	0	0	0	0	0	0	1	0
C	Marios	22	131	6	1	28____	20198	1	0	0	0	0	1	0	0	0	0	0
C	Marios	22	131	6	1	28____	20210	1	0	0	0	0	0	0	0	0	1	0
C	Marios	22	131	6	1	28____	21109	1	0	0	0	0	1	0	0	0	0	0
C	Marios	22	131	6	1	28____	21134	1	0	0	0	0	0	0	0	0	1	0
C	Marios	22	131	6	1	28____	21453	1	0	0	0	0	1	0	0	0	0	0
C	Marios	22	131	6	1	28____	21472	1	0	0	0	0	0	0	0	0	1	0
C	Marios	22	131	6	1	28____	21500	1	2	0	0	0	0	0	0	0	0	0
C	Marios	22	131	6	1	28____	22000	2	13	0	0	0	0	0	0	0	0	0
C	Marios	22	131	6	1	28____	22469	13	0	0	0	0	1	0	0	0	0	0
C	Marios	22	131	6	1	28____	22500	13	15	0	0	0	0	0	0	0	0	0
C	Marios	22	131	6	1	28____	22578	15	0	0	0	0	0	0	0	0	1	0
C	Marios	22	131	6	1	28____	22618	15	0	0	0	0	1	0	0	0	0	0
C	Marios	22	131	6	1	28____	22661	15	0	0	0	0	0	0	0	0	1	0
C	Marios	22	131	6	1	28____	22683	15	0	0	0	0	1	0	0	0	0	0
C	Marios	22	131	6	1	28____	22703	15	0	0	0	0	0	0	0	0	1	0
C	Marios	22	131	6	1	28____	22778	15	0	0	0	0	1	0	0	0	0	0
C	Marios	22	131	6	1	28____	22838	15	0	0	0	0	0	0	0	0	1	0
C	Marios	22	131	6	1	28____	22938	15	0	0	0	0	1	0	0	0	0	0
C	Marios	22	131	6	1	28____	22984	15	0	0	0	0	0	0	0	0	1	0
C	Marios	22	131	6	1	28____	22988	15	0	0	0	0	1	0	0	0	0	0
C	Marios	22	131	6	1	28____	22992	15	0	0	0	0	0	0	0	0	1	0
C	Marios	22	131	6	1	28____	23000	15	1	0	0	0	0	0	0	0	0	0
C	Marios	22	131	6	1	28____	23069	1	0	0	0	0	1	0	0	0	0	0
C	Marios	22	131	6	1	28____	23103	1	0	0	0	0	0	0	0	0	1	0
C	Marios	22	131	6	1	28____	23672	1	0	0	0	0	1	0	0	0	0	0
C	Marios	22	131	6	1	28____	23682	1	0	0	0	0	0	0	0	0	1	0
C	Marios	22	131	6	1	28____	25755	1	0	0	0	0	1	0	0	0	0	0
C	Marios	22	131	6	1	28____	25792	1	0	0	0	0	0	0	0	0	1	0
C	Marios	22	131	6	1	28____	26816	1	0	0	0	0	1	0	0	0	0	0
C	Marios	22	131	6	1	28____	26860	1	0	0	0	0	0	0	0	0	1	0
C	Marios	22	131	6	1	28____	27500	1	2	0	0	0	0	0	0	0	0	0
C	Marios	22	131	6	1	28____	28000	2	6	0	0	0	0	0	0	0	0	0
C	Marios	22	131	6	1	28____	28106	6	0	0	0	0	1	0	0	0	0	0
C	Marios	22	131	6	1	28____	28166	6	0	0	0	0	0	0	0	0	1	0
C	Marios	22	131	6	1	28____	28198	6	0	0	0	0	1	0	0	0	0	0
C	Marios	22	131	6	1	28____	28244	6	0	0	0	0	0	0	0	0	1	0
C	Marios	22	131	6	1	28____	28257	6	0	0	0	0	1	0	0	0	0	0
C	Marios	22	131	6	1	28____	28281	6	0	0	0	0	0	0	0	0	1	0
C	Marios	22	131	6	1	28____	28335	6	0	0	0	0	1	0	0	0	0	0
C	Marios	22	131	6	1	28____	28397	6	0	0	0	0	0	0	0	0	1	0
C	Marios	22	131	6	1	28____	28411	6	0	0	0	0	1	0	0	0	0	0
C	Marios	22	131	6	1	28____	28433	6	0	0	0	0	0	0	0	0	1	0
C	Marios	22	131	6	1	28____	28488	6	0	0	0	0	1	0	0	0	0	0
C	Marios	22	131	6	1	28____	28500	6	11	0	0	0	0	0	0	0	0	0
C	Marios	22	131	6	1	28____	28864	11	0	0	0	0	0	0	0	0	1	0
C	Marios	22	131	6	1	28____	29000	11	1	0	0	0	0	0	0	0	0	0
C	Marios	22	131	6	1	28____	29888	1	0	0	0	0	1	0	0	0	0	0
C	Marios	22	131	6	1	28____	29903	1	0	0	0	0	0	0	0	0	1	0
C	Marios	22	131	6	1	28____	30500	1	2	0	0	0	0	0	0	0	0	0
C	Marios	22	131	6	1	28____	30953	2	0	0	0	0	1	0	0	0	0	0
C	Marios	22	131	6	1	28____	30977	2	0	0	0	0	0	0	0	0	1	0
C	Marios	22	131	6	1	28____	31000	2	13	0	0	0	0	0	0	0	0	0
C	Marios	22	131	6	1	28____	31500	13	15	0	0	0	0	0	0	0	0	0
C	Marios	22	131	6	1	28____	32000	15	1	0	0	0	0	0	0	0	0	0
C	Marios	22	131	6	1	28____	32851	1	0	0	0	0	1	0	0	0	0	0
C	Marios	22	131	6	1	28____	33148	1	0	0	0	0	0	0	0	0	1	0
C	Marios	22	131	6	1	28____	33151	1	0	0	0	0	1	0	0	0	0	0
C	Marios	22	131	6	1	28____	33153	1	0	0	0	0	0	0	0	0	1	0
C	Marios	22	131	6	1	28____	33645	1	0	0	0	0	1	0	0	0	0	0
C	Marios	22	131	6	1	28____	33650	1	0	0	0	0	0	0	0	0	1	0
C	Marios	22	131	6	1	28____	33655	1	0	0	0	0	1	0	0	0	0	0
C	Marios	22	131	6	1	28____	33657	1	0	0	0	0	0	0	0	0	1	0
C	Marios	22	131	6	1	28____	33658	1	0	0	0	0	1	0	0	0	0	0
C	Marios	22	131	6	1	28____	33665	1	0	0	0	0	0	0	0	0	1	0
C	Marios	22	131	6	1	28____	33668	1	0	0	0	0	1	0	0	0	0	0
C	Marios	22	131	6	1	28____	33673	1	0	0	0	0	0	0	0	0	1	0
C	Marios	22	131	6	1	28____	37281	1	0	0	0	0	1	0	0	0	0	0
C	Marios	22	131	6	1	28____	37427	1	0	0	0	0	0	0	0	0	1	0
C	Marios	22	131	6	1	28____	37500	1	2	0	0	0	0	0	0	0	0	0
C	Marios	22	131	6	1	28____	38000	2	7	0	0	0	0	0	0	0	0	0
C	Marios	22	131	6	1	28____	38110	7	0	0	0	0	1	0	0	0	0	0
C	Marios	22	131	6	1	28____	38175	7	0	0	0	0	0	0	0	0	1	0
C	Marios	22	131	6	1	28____	38231	7	0	0	0	0	1	0	0	0	0	0
C	Marios	22	131	6	1	28____	38305	7	0	0	0	0	0	0	0	0	1	0
C	Marios	22	131	6	1	28____	38388	7	0	0	0	0	1	0	0	0	0	0
C	Marios	22	131	6	1	28____	38445	7	0	0	0	0	0	0	0	0	1	0
C	Marios	22	131	6	1	28____	38464	7	0	0	0	0	1	0	0	0	0	0
C	Marios	22	131	6	1	28____	38484	7	0	0	0	0	0	0	0	0	1	0
C	Marios	22	131	6	1	28____	38500	7	10	0	0	0	0	0	0	0	0	0
C	Marios	22	131	6	1	28____	38514	10	0	0	0	0	1	0	0	0	0	0
C	Marios	22	131	6	1	28____	38735	10	0	0	0	0	1	0	0	0	1	0
C	Marios	22	131	6	1	28____	38739	10	0	0	0	0	0	0	0	0	1	0
C	Marios	22	131	6	1	28____	39000	10	1	0	0	0	0	0	0	0	0	0
C	Marios	22	131	6	1	28____	39052	1	0	0	0	0	1	0	0	0	0	0
C	Marios	22	131	6	1	28____	39054	1	0	0	0	0	0	0	0	0	1	0
C	Marios	22	131	6	1	28____	39083	1	0	0	0	0	1	0	0	0	0	0
C	Marios	22	131	6	1	28____	39086	1	0	0	0	0	0	0	0	0	1	0
C	Marios	22	131	6	1	28____	39341	1	0	0	0	0	1	0	0	0	0	0
C	Marios	22	131	6	1	28____	39343	1	0	0	0	0	0	0	0	0	1	0
C	Marios	22	131	6	1	28____	40489	1	0	0	0	0	1	0	0	0	0	0
C	Marios	22	131	6	1	28____	40494	1	0	0	0	0	0	0	0	0	1	0
C	Marios	22	131	6	1	28____	41086	1	0	0	0	0	1	0	0	0	0	0
C	Marios	22	131	6	1	28____	41088	1	0	0	0	0	0	0	0	0	1	0
C	Marios	22	131	6	1	28____	41393	1	0	0	0	0	1	0	0	0	0	0
C	Marios	22	131	6	1	28____	41401	1	0	0	0	0	1	0	0	0	1	0
C	Marios	22	131	6	1	28____	41403	1	0	0	0	0	0	0	0	0	1	0
C	Marios	22	131	6	1	28____	42468	1	0	0	0	0	1	0	0	0	0	0
C	Marios	22	131	6	1	28____	42487	1	0	0	0	0	0	0	0	0	1	0
C	Marios	22	131	6	1	28____	43887	1	0	0	0	0	1	0	0	0	0	0
C	Marios	22	131	6	1	28____	43889	1	0	0	0	0	0	0	0	0	1	0
C	Marios	22	131	6	1	28____	44098	1	0	0	0	0	1	0	0	0	0	0
C	Marios	22	131	6	1	28____	44103	1	0	0	0	0	0	0	0	0	1	0
C	Marios	22	131	6	1	28____	44105	1	0	0	0	0	1	0	0	0	0	0
C	Marios	22	131	6	1	28____	44107	1	0	0	0	0	0	0	0	0	1	0
C	Marios	22	131	6	1	28____	45750	1	2	0	0	0	0	0	0	0	0	0
C	Marios	22	131	6	1	28____	45927	2	0	0	0	0	1	0	0	0	0	0
C	Marios	22	131	6	1	28____	45929	2	0	0	0	0	0	0	0	0	1	0
C	Marios	22	131	6	1	28____	45934	2	0	0	0	0	1	0	0	0	0	0
C	Marios	22	131	6	1	28____	45936	2	0	0	0	0	0	0	0	0	1	0
C	Marios	22	131	6	1	28____	46250	2	13	0	0	0	0	0	0	0	0	0
C	Marios	22	131	6	1	28____	46750	13	15	0	0	0	0	0	0	0	0	0
C	Marios	22	131	6	1	28____	47250	15	1	0	0	0	0	0	0	0	0	0
C	Marios	22	131	6	1	28____	48443	1	0	0	0	0	1	0	0	0	0	0
C	Marios	22	131	6	1	28____	48445	1	0	0	0	0	0	0	0	0	1	0
C	Marios	22	131	6	1	28____	48459	1	0	0	0	0	1	0	0	0	0	0
C	Marios	22	131	6	1	28____	48461	1	0	0	0	0	0	0	0	0	1	0
C	Marios	22	131	6	1	28____	49645	1	0	0	0	0	1	0	0	0	0	0
C	Marios	22	131	6	1	28____	49648	1	0	0	0	0	0	0	0	0	1	0
C	Marios	22	131	6	1	28____	49810	1	0	0	0	0	1	0	0	0	0	0
C	Marios	22	131	6	1	28____	49816	1	0	0	0	0	0	0	0	0	1	0
C	Marios	22	131	6	1	28____	49817	1	0	0	0	0	1	0	0	0	0	0
C	Marios	22	131	6	1	28____	49833	1	0	0	0	0	0	0	0	0	1	0
C	Marios	22	131	6	1	28____	49841	1	0	0	0	0	1	0	0	0	0	0
C	Marios	22	131	6	1	28____	49854	1	0	0	0	0	0	0	0	0	1	0
C	Marios	22	131	6	1	28____	49856	1	0	0	0	0	1	0	0	0	0	0
C	Marios	22	131	6	1	28____	49891	1	0	0	0	0	0	0	0	0	1	0
C	Marios	22	131	6	1	28____	49925	1	0	0	0	0	1	0	0	0	0	0
C	Marios	22	131	6	1	28____	49927	1	0	0	0	0	0	0	0	0	1	0
C	Marios	22	131	6	1	28____	49929	1	0	0	0	0	1	0	0	0	0	0
C	Marios	22	131	6	1	28____	49980	1	0	0	0	0	0	0	0	0	1	0
C	Marios	22	131	6	1	28____	50247	1	0	0	0	0	1	0	0	0	0	0
C	Marios	22	131	6	1	28____	50272	1	0	0	0	0	0	0	0	0	1	0
C	Marios	22	131	6	1	28____	50563	1	0	0	0	0	1	0	0	0	0	0
C	Marios	22	131	6	1	28____	50565	1	0	0	0	0	0	0	0	0	1	0
C	Marios	22	131	6	1	28____	51750	1	2	0	0	0	0	0	0	0	0	0
C	Marios	22	131	6	1	28____	52250	2	12	0	0	0	0	0	0	0	0	0
C	Marios	22	131	6	1	28____	52543	12	0	0	0	0	1	0	0	0	0	0
C	Marios	22	131	6	1	28____	52564	12	0	0	0	0	0	0	0	0	1	0
C	Marios	22	131	6	1	28____	52750	12	15	0	0	0	0	0	0	0	0	0
C	Marios	22	131	6	1	28____	53250	15	1	0	0	0	0	0	0	0	0	0
C	Marios	22	131	6	1	28____	53910	1	0	0	0	0	1	0	0	0	0	0
C	Marios	22	131	6	1	28____	53930	1	0	0	0	0	0	0	0	0	1	0
C	Marios	22	131	6	1	28____	55305	1	0	0	0	0	1	0	0	0	0	0
C	Marios	22	131	6	1	28____	55343	1	0	0	0	0	0	0	0	0	1	0
C	Marios	22	131	6	1	28____	55474	1	0	0	0	0	1	0	0	0	0	0
C	Marios	22	131	6	1	28____	55517	1	0	0	0	0	0	0	0	0	1	0
C	Marios	22	131	6	1	28____	58500	1	2	0	0	0	0	0	0	0	0	0
C	Marios	22	131	6	1	28____	59000	2	6	0	0	0	0	0	0	0	0	0
C	Marios	22	131	6	1	28____	59092	6	0	0	0	0	1	0	0	0	0	0
C	Marios	22	131	6	1	28____	59115	6	0	0	0	0	0	0	0	0	1	0
C	Marios	22	131	6	1	28____	59259	6	0	0	0	0	1	0	0	0	0	0
C	Marios	22	131	6	1	28____	59293	6	0	0	0	0	0	0	0	0	1	0
C	Marios	22	131	6	1	28____	59363	6	0	0	0	0	1	0	0	0	0	0
C	Marios	22	131	6	1	28____	59405	6	0	0	0	0	0	0	0	0	1	0
C	Marios	22	131	6	1	28____	59437	6	0	0	0	0	1	0	0	0	0	0
C	Marios	22	131	6	1	28____	59472	6	0	0	0	0	0	0	0	0	1	0
C	Marios	22	131	6	1	28____	59489	6	0	0	0	0	1	0	0	0	0	0
C	Marios	22	131	6	1	28____	59500	6	11	0	0	0	0	0	0	0	0	0
C	Marios	22	131	6	1	28____	59754	11	0	0	0	0	0	0	0	0	1	0
C	Marios	22	131	6	1	28____	59818	11	0	0	0	0	1	0	0	0	0	0
C	Marios	22	131	6	1	28____	59853	11	0	0	0	0	0	0	0	0	1	0
C	Marios	22	131	6	1	28____	60000	11	1	0	0	0	0	0	0	0	0	0
C	Marios	22	131	6	1	28____	63000	1	2	0	0	0	0	0	0	0	0	0
C	Marios	22	131	6	1	28____	63500	2	12	0	0	0	0	0	0	0	0	0
C	Marios	22	131	6	1	28____	64000	12	15	0	0	0	0	0	0	0	0	0
C	Marios	22	131	6	1	28____	64500	15	1	0	0	0	0	0	0	0	0	0
C	Marios	22	131	6	1	28____	68495	1	0	0	0	0	1	0	0	0	0	0
C	Marios	22	131	6	1	28____	68498	1	0	0	0	0	0	0	0	0	1	0
C	Marios	22	131	6	1	28____	68801	1	0	0	0	0	1	0	0	0	0	0
C	Marios	22	131	6	1	28____	68802	1	0	0	0	0	0	0	0	0	1	0
C	Marios	22	131	6	1	28____	68930	1	0	0	0	0	1	0	0	0	0	0
C	Marios	22	131	6	1	28____	68932	1	0	0	0	0	0	0	0	0	1	0
C	Marios	22	131	6	1	28____	68933	1	0	0	0	0	1	0	0	0	0	0
C	Marios	22	131	6	1	28____	68935	1	0	0	0	0	0	0	0	0	1	0
C	Marios	22	131	6	1	28____	69162	1	0	0	0	0	1	0	0	0	0	0
C	Marios	22	131	6	1	28____	69170	1	0	0	0	0	0	0	0	0	1	0
C	Marios	22	131	6	1	28____	69838	1	0	0	0	0	1	0	0	0	0	0
C	Marios	22	131	6	1	28____	69840	1	0	0	0	0	0	0	0	0	1	0
C	Marios	22	131	6	1	28____	69841	1	0	0	0	0	1	0	0	0	0	0
C	Marios	22	131	6	1	28____	69843	1	0	0	0	0	0	0	0	0	1	0
C	Marios	22	131	6	1	28____	70500	1	2	0	0	0	0	0	0	0	0	0
C	Marios	22	131	6	1	28____	71000	2	13	0	0	0	0	0	0	0	0	0
C	Marios	22	131	6	1	28____	71136	13	0	0	0	0	1	0	0	0	0	0
C	Marios	22	131	6	1	28____	71194	13	0	0	0	0	0	0	0	0	1	0
C	Marios	22	131	6	1	28____	71214	13	0	0	0	0	1	0	0	0	0	0
C	Marios	22	131	6	1	28____	71260	13	0	0	0	0	0	0	0	0	1	0
C	Marios	22	131	6	1	28____	71284	13	0	0	0	0	1	0	0	0	0	0
C	Marios	22	131	6	1	28____	71315	13	0	0	0	0	0	0	0	0	1	0
C	Marios	22	131	6	1	28____	71332	13	0	0	0	0	1	0	0	0	0	0
C	Marios	22	131	6	1	28____	71417	13	0	0	0	0	0	0	0	0	1	0
C	Marios	22	131	6	1	28____	71450	13	0	0	0	0	1	0	0	0	0	0
C	Marios	22	131	6	1	28____	71500	13	15	0	0	0	0	0	0	0	0	0
C	Marios	22	131	6	1	28____	71563	15	0	0	0	0	0	0	0	0	1	0
C	Marios	22	131	6	1	28____	71594	15	0	0	0	0	1	0	0	0	0	0
C	Marios	22	131	6	1	28____	71643	15	0	0	0	0	0	0	0	0	1	0
C	Marios	22	131	6	1	28____	71738	15	0	0	0	0	1	0	0	0	0	0
C	Marios	22	131	6	1	28____	71798	15	0	0	0	0	0	0	0	0	1	0
C	Marios	22	131	6	1	28____	71811	15	0	0	0	0	1	0	0	0	0	0
C	Marios	22	131	6	1	28____	71813	15	0	0	0	0	0	0	0	0	1	0
C	Marios	22	131	6	1	28____	72000	15	1	0	0	0	0	0	0	0	0	0
C	Marios	22	131	6	1	28____	73322	1	0	0	0	0	1	0	0	0	0	0
C	Marios	22	131	6	1	28____	73349	1	0	0	0	0	0	0	0	0	1	0
C	Marios	22	131	6	1	28____	76500	1	2	0	0	0	0	0	0	0	0	0
C	Marios	22	131	6	1	28____	77000	2	6	0	0	0	0	0	0	0	0	0
C	Marios	22	131	6	1	28____	77061	6	0	0	0	0	1	0	0	0	0	0
C	Marios	22	131	6	1	28____	77096	6	0	0	0	0	0	0	0	0	1	0
C	Marios	22	131	6	1	28____	77153	6	0	0	0	0	1	0	0	0	0	0
C	Marios	22	131	6	1	28____	77180	6	0	0	0	0	0	0	0	0	1	0
C	Marios	22	131	6	1	28____	77209	6	0	0	0	0	1	0	0	0	0	0
C	Marios	22	131	6	1	28____	77240	6	0	0	0	0	0	0	0	0	1	0
C	Marios	22	131	6	1	28____	77262	6	0	0	0	0	1	0	0	0	0	0
C	Marios	22	131	6	1	28____	77316	6	0	0	0	0	0	0	0	0	1	0
C	Marios	22	131	6	1	28____	77366	6	0	0	0	0	1	0	0	0	0	0
C	Marios	22	131	6	1	28____	77401	6	0	0	0	0	0	0	0	0	1	0
C	Marios	22	131	6	1	28____	77478	6	0	0	0	0	1	0	0	0	0	0
C	Marios	22	131	6	1	28____	77500	6	11	0	0	0	0	0	0	0	0	0
C	Marios	22	131	6	1	28____	77665	11	0	0	0	0	0	0	0	0	1	0
C	Marios	22	131	6	1	28____	77703	11	0	0	0	0	1	0	0	0	0	0
C	Marios	22	131	6	1	28____	77785	11	0	0	0	0	0	0	0	0	1	0
C	Marios	22	131	6	1	28____	77960	11	0	0	0	0	1	0	0	0	0	0
C	Marios	22	131	6	1	28____	78000	11	1	0	0	0	0	0	0	0	0	0
C	Marios	22	131	6	1	28____	78009	1	0	0	0	0	0	0	0	0	1	0
C	Marios	22	131	6	1	28____	78026	1	0	0	0	0	1	0	0	0	0	0
C	Marios	22	131	6	1	28____	78257	1	0	0	0	0	0	0	0	0	1	0
C	Marios	22	131	6	1	28____	78409	1	0	0	0	0	1	0	0	0	0	0
C	Marios	22	131	6	1	28____	78474	1	0	0	0	0	0	0	0	0	1	0
C	Marios	22	131	6	1	28____	78477	1	0	0	0	0	1	0	0	0	0	0
C	Marios	22	131	6	1	28____	78524	1	0	0	0	0	0	0	0	0	1	0
C	Marios	22	131	6	1	28____	78542	1	0	0	0	0	1	0	0	0	0	0
C	Marios	22	131	6	1	28____	78588	1	0	0	0	0	0	0	0	0	1	0
C	Marios	22	131	6	1	28____	79376	1	0	0	0	0	1	0	0	0	0	0
C	Marios	22	131	6	1	28____	79395	1	0	0	0	0	0	0	0	0	1	0
C	Marios	22	131	6	1	28____	81750	1	2	0	0	0	0	0	0	0	0	0
C	Marios	22	131	6	1	28____	81908	2	0	0	0	0	1	0	0	0	0	0
C	Marios	22	131	6	1	28____	81927	2	0	0	0	0	0	0	0	0	1	0
C	Marios	22	131	6	1	28____	82250	2	12	0	0	0	0	0	0	0	0	0
C	Marios	22	131	6	1	28____	82348	12	0	0	0	0	1	0	0	0	0	0
C	Marios	22	131	6	1	28____	82361	12	0	0	0	0	0	0	0	0	1	0
C	Marios	22	131	6	1	28____	82647	12	0	0	0	0	1	0	0	0	0	0
C	Marios	22	131	6	1	28____	82673	12	0	0	0	0	0	0	0	0	1	0
C	Marios	22	131	6	1	28____	82750	12	15	0	0	0	0	0	0	0	0	0
C	Marios	22	131	6	1	28____	83250	15	1	0	0	0	0	0	0	0	0	0
C	Marios	22	131	6	1	28____	84581	1	0	0	0	0	1	0	0	0	0	0
C	Marios	22	131	6	1	28____	84631	1	0	0	0	0	0	0	0	0	1	0
C	Marios	22	131	6	1	28____	86651	1	0	0	0	0	1	0	0	0	0	0
C	Marios	22	131	6	1	28____	86750	1	2	0	0	0	0	0	0	0	0	0
C	Marios	22	131	6	1	28____	86755	2	0	0	0	0	0	0	0	0	1	0
C	Marios	22	131	6	1	28____	86886	2	0	0	0	0	1	0	0	0	0	0
C	Marios	22	131	6	1	28____	86980	2	0	0	0	0	0	0	0	0	1	0
C	Marios	22	131	6	1	28____	87250	2	7	0	0	0	0	0	0	0	0	0
C	Marios	22	131	6	1	28____	87403	7	0	0	0	0	1	0	0	0	0	0
C	Marios	22	131	6	1	28____	87424	7	0	0	0	0	0	0	0	0	1	0
C	Marios	22	131	6	1	28____	87464	7	0	0	0	0	1	0	0	0	0	0
C	Marios	22	131	6	1	28____	87497	7	0	0	0	0	0	0	0	0	1	0
C	Marios	22	131	6	1	28____	87509	7	0	0	0	0	1	0	0	0	0	0
C	Marios	22	131	6	1	28____	87581	7	0	0	0	0	0	0	0	0	1	0
C	Marios	22	131	6	1	28____	87616	7	0	0	0	0	1	0	0	0	0	0
C	Marios	22	131	6	1	28____	87686	7	0	0	0	0	0	0	0	0	1	0
C	Marios	22	131	6	1	28____	87750	7	10	0	0	0	0	0	0	0	0	0
C	Marios	22	131	6	1	28____	87814	10	0	0	0	0	1	0	0	0	0	0
C	Marios	22	131	6	1	28____	87889	10	0	0	0	0	0	0	0	0	1	0
C	Marios	22	131	6	1	28____	87899	10	0	0	0	0	1	0	0	0	0	0
C	Marios	22	131	6	1	28____	88058	10	0	0	0	0	0	0	0	0	1	0
C	Marios	22	131	6	1	28____	88170	10	0	0	0	0	1	0	0	0	0	0
C	Marios	22	131	6	1	28____	88233	10	0	0	0	0	0	0	0	0	1	0
C	Marios	22	131	6	1	28____	88250	10	1	0	0	0	0	0	0	0	0	0
C	Marios	22	131	6	1	28____	90737	1	0	0	0	0	1	0	0	0	0	0
C	Marios	22	131	6	1	28____	90868	1	0	0	0	0	0	0	0	0	1	0
C	Marios	22	131	6	1	28____	91270	1	0	0	0	0	1	0	0	0	0	0
C	Marios	22	131	6	1	28____	91330	1	0	0	0	0	0	0	0	0	1	0
C	Marios	22	131	6	1	28____	92581	1	0	0	0	0	1	0	0	0	0	0
C	Marios	22	131	6	1	28____	92593	1	0	0	0	0	0	0	0	0	1	0
C	Marios	22	131	6	1	28____	92599	1	0	0	0	0	1	0	0	0	0	0
C	Marios	22	131	6	1	28____	92637	1	0	0	0	0	0	0	0	0	1	0
C	Marios	22	131	6	1	28____	92745	1	0	0	0	0	1	0	0	0	0	0
C	Marios	22	131	6	1	28____	92779	1	0	0	0	0	0	0	0	0	1	0
C	Marios	22	131	6	1	28____	93750	1	2	0	0	0	0	0	0	0	0	0
C	Marios	22	131	6	1	28____	94250	2	13	0	0	0	0	0	0	0	0	0
C	Marios	22	131	6	1	28____	94750	13	15	0	0	0	0	0	0	0	0	0
C	Marios	22	131	6	1	28____	95250	15	1	0	0	0	0	0	0	0	0	0
C	Marios	22	131	6	1	28____	96032	1	0	0	0	0	1	0	0	0	0	0
C	Marios	22	131	6	1	28____	96086	1	0	0	0	0	0	0	0	0	1	0
C	Marios	22	131	6	1	28____	101178	1	0	0	0	0	1	0	0	0	0	0
C	Marios	22	131	6	1	28____	101273	1	0	0	0	0	0	0	0	0	1	0
C	Marios	22	131	6	1	28____	102000	1	2	0	0	0	0	0	0	0	0	0
C	Marios	22	131	6	1	28____	102455	2	0	0	0	0	1	0	0	0	0	0
C	Marios	22	131	6	1	28____	102476	2	0	0	0	0	0	0	0	0	1	0
C	Marios	22	131	6	1	28____	102500	2	12	0	0	0	0	0	0	0	0	0
C	Marios	22	131	6	1	28____	102575	12	0	0	0	0	1	0	0	0	0	0
C	Marios	22	131	6	1	28____	102669	12	0	0	0	0	0	0	0	0	1	0
C	Marios	22	131	6	1	28____	103000	12	15	0	0	0	0	0	0	0	0	0
C	Marios	22	131	6	1	28____	103500	15	1	0	0	0	0	0	0	0	0	0
C	Marios	22	131	6	1	28____	103584	1	0	0	0	0	1	0	0	0	0	0
C	Marios	22	131	6	1	28____	103589	1	0	0	0	0	0	0	0	0	1	0
C	Marios	22	131	6	1	28____	103615	1	0	0	0	0	1	0	0	0	0	0
C	Marios	22	131	6	1	28____	103617	1	0	0	0	0	0	0	0	0	1	0
C	Marios	22	131	6	1	28____	103625	1	0	0	0	0	1	0	0	0	0	0
C	Marios	22	131	6	1	28____	103676	1	0	0	0	0	0	0	0	0	1	0
C	Marios	22	131	6	1	28____	103755	1	0	0	0	0	1	0	0	0	0	0
C	Marios	22	131	6	1	28____	103758	1	0	0	0	0	0	0	0	0	1	0
C	Marios	22	131	6	1	28____	103873	1	0	0	0	0	1	0	0	0	0	0
C	Marios	22	131	6	1	28____	103878	1	0	0	0	0	0	0	0	0	1	0
C	Marios	22	131	6	1	28____	103889	1	0	0	0	0	1	0	0	0	0	0
C	Marios	22	131	6	1	28____	103902	1	0	0	0	0	0	0	0	0	1	0
C	Marios	22	131	6	1	28____	103905	1	0	0	0	0	1	0	0	0	0	0
C	Marios	22	131	6	1	28____	103913	1	0	0	0	0	0	0	0	0	1	0
C	Marios	22	131	6	1	28____	103942	1	0	0	0	0	1	0	0	0	0	0
C	Marios	22	131	6	1	28____	103963	1	0	0	0	0	0	0	0	0	1	0
C	Marios	22	131	6	1	28____	104070	1	0	0	0	0	1	0	0	0	0	0
C	Marios	22	131	6	1	28____	104451	1	0	0	0	0	0	0	0	0	1	0
C	Marios	22	131	6	1	28____	104876	1	0	0	0	0	1	0	0	0	0	0
C	Marios	22	131	6	1	28____	104901	1	0	0	0	0	0	0	0	0	1	0
C	Marios	22	131	6	1	28____	104951	1	0	0	0	0	1	0	0	0	0	0
C	Marios	22	131	6	1	28____	105000	1	2	0	0	0	0	0	0	0	0	0
C	Marios	22	131	6	1	28____	105045	2	0	0	0	0	0	0	0	0	1	0
C	Marios	22	131	6	1	28____	105500	2	13	0	0	0	0	0	0	0	0	0
C	Marios	22	131	6	1	28____	106000	13	15	0	0	0	0	0	0	0	0	0
C	Marios	22	131	6	1	28____	106500	15	1	0	0	0	0	0	0	0	0	0
C	Marios	22	131	6	1	28____	108513	1	0	0	0	0	1	0	0	0	0	0
C	Marios	22	131	6	1	28____	108528	1	0	0	0	0	0	0	0	0	1	0
C	Marios	22	131	6	1	28____	108532	1	0	0	0	0	1	0	0	0	0	0
C	Marios	22	131	6	1	28____	108605	1	0	0	0	0	0	0	0	0	1	0
C	Marios	22	131	6	1	28____	108750	1	2	0	0	0	0	0	0	0	0	0
C	Marios	22	131	6	1	28____	108932	2	0	0	0	0	1	0	0	0	0	0
C	Marios	22	131	6	1	28____	108948	2	0	0	0	0	0	0	0	0	1	0
C	Marios	22	131	6	1	28____	109250	2	6	0	0	0	0	0	0	0	0	0
C	Marios	22	131	6	1	28____	109642	6	0	0	0	0	1	0	0	0	0	0
C	Marios	22	131	6	1	28____	109695	6	0	0	0	0	0	0	0	0	1	0
C	Marios	22	131	6	1	28____	109727	6	0	0	0	0	1	0	0	0	0	0
C	Marios	22	131	6	1	28____	109750	6	11	0	0	0	0	0	0	0	0	0
C	Marios	22	131	6	1	28____	110250	11	1	0	0	0	0	0	0	0	0	0
C	Marios	22	131	6	1	28____	110701	1	0	0	0	0	0	0	0	0	1	0
C	Marios	22	131	6	1	28____	110708	1	0	0	0	0	1	0	0	0	0	0
C	Marios	22	131	6	1	28____	110712	1	0	0	0	0	0	0	0	0	1	0
C	Marios	22	131	6	1	28____	110764	1	0	0	0	0	1	0	0	0	0	0
C	Marios	22	131	6	1	28____	110809	1	0	0	0	0	0	0	0	0	1	0
C	Marios	22	131	6	1	28____	110906	1	0	0	0	0	1	0	0	0	0	0
C	Marios	22	131	6	1	28____	110951	1	0	0	0	0	0	0	0	0	1	0
C	Marios	22	131	6	1	28____	111080	1	0	0	0	0	1	0	0	0	0	0
C	Marios	22	131	6	1	28____	111132	1	0	0	0	0	0	0	0	0	1	0
C	Marios	22	131	6	1	28____	111147	1	0	0	0	0	1	0	0	0	0	0
C	Marios	22	131	6	1	28____	111441	1	0	0	0	0	0	0	0	0	1	0
C	Marios	22	131	6	1	28____	112291	1	0	0	0	0	1	0	0	0	0	0
C	Marios	22	131	6	1	28____	112296	1	0	0	0	0	0	0	0	0	1	0
C	Marios	22	131	6	1	28____	113605	1	0	0	0	0	1	0	0	0	0	0
C	Marios	22	131	6	1	28____	113607	1	0	0	0	0	0	0	0	0	1	0
C	Marios	22	131	6	1	28____	113630	1	0	0	0	0	1	0	0	0	0	0
C	Marios	22	131	6	1	28____	113795	1	0	0	0	0	0	0	0	0	1	0
C	Marios	22	131	6	1	28____	113868	1	0	0	0	0	1	0	0	0	0	0
C	Marios	22	131	6	1	28____	114063	1	0	0	0	0	0	0	0	0	1	0
C	Marios	22	131	6	1	28____	114068	1	0	0	0	0	1	0	0	0	0	0
C	Marios	22	131	6	1	28____	114168	1	0	0	0	0	0	0	0	0	1	0
C	Marios	22	131	6	1	28____	114170	1	0	0	0	0	1	0	0	0	0	0
C	Marios	22	131	6	1	28____	114178	1	0	0	0	0	0	0	0	0	1	0
C	Marios	22	131	6	1	28____	114403	1	0	0	0	0	1	0	0	0	0	0
C	Marios	22	131	6	1	28____	114608	1	0	0	0	0	0	0	0	0	1	0
C	Marios	22	131	6	1	28____	114758	1	0	0	0	0	1	0	0	0	0	0
C	Marios	22	131	6	1	28____	114811	1	0	0	0	0	0	0	0	0	1	0
C	Marios	22	131	6	1	28____	115800	1	0	0	0	0	1	0	0	0	0	0
C	Marios	22	131	6	1	28____	115877	1	0	0	0	0	0	0	0	0	1	0
C	Marios	22	131	6	1	28____	116250	1	2	0	0	0	0	0	0	0	0	0
C	Marios	22	131	6	1	28____	116750	2	12	0	0	0	0	0	0	0	0	0
C	Marios	22	131	6	1	28____	116974	12	0	0	0	0	1	0	0	0	0	0
C	Marios	22	131	6	1	28____	117199	12	0	0	0	0	0	0	0	0	1	0
C	Marios	22	131	6	1	28____	117250	12	15	0	0	0	0	0	0	0	0	0
C	Marios	22	131	6	1	28____	117258	15	0	0	0	0	1	0	0	0	0	0
C	Marios	22	131	6	1	28____	117361	15	0	0	0	0	0	0	0	0	1	0
C	Marios	22	131	6	1	28____	117398	15	0	0	0	0	1	0	0	0	0	0
C	Marios	22	131	6	1	28____	117440	15	0	0	0	0	0	0	0	0	1	0
C	Marios	22	131	6	1	28____	117454	15	0	0	0	0	1	0	0	0	0	0
C	Marios	22	131	6	1	28____	117487	15	0	0	0	0	0	0	0	0	1	0
C	Marios	22	131	6	1	28____	117601	15	0	0	0	0	1	0	0	0	0	0
C	Marios	22	131	6	1	28____	117707	15	0	0	0	0	0	0	0	0	1	0
C	Marios	22	131	6	1	28____	117750	15	1	0	0	0	0	0	0	0	0	0
C	Marios	22	131	6	1	28____	117753	1	0	0	0	0	1	0	0	0	0	0
C	Marios	22	131	6	1	28____	117759	1	0	0	0	0	0	0	0	0	1	0
C	Marios	22	131	6	1	28____	118126	1	0	0	0	0	1	0	0	0	0	0
C	Marios	22	131	6	1	28____	118167	1	0	0	0	0	0	0	0	0	1	0
C	Marios	22	131	6	1	28____	120416	1	0	0	0	0	1	0	0	0	0	0
C	Marios	22	131	6	1	28____	120522	1	0	0	0	0	0	0	0	0	1	0
C	Marios	22	131	6	1	28____	121762	1	0	0	0	0	1	0	0	0	0	0
C	Marios	22	131	6	1	28____	121819	1	0	0	0	0	0	0	0	0	1	0
C	Marios	22	131	6	1	28____	123052	1	0	0	0	0	1	0	0	0	0	0
C	Marios	22	131	6	1	28____	123071	1	0	0	0	0	0	0	0	0	1	0
C	Marios	22	131	6	1	28____	123132	1	0	0	0	0	1	0	0	0	0	0
C	Marios	22	131	6	1	28____	123180	1	0	0	0	0	0	0	0	0	1	0
C	Marios	22	131	6	1	28____	124414	1	0	0	0	0	1	0	0	0	0	0
C	Marios	22	131	6	1	28____	124448	1	0	0	0	0	0	0	0	0	1	0
C	Marios	22	131	6	1	28____	125250	1	2	0	0	0	0	0	0	0	0	0
C	Marios	22	131	6	1	28____	125750	2	13	0	0	0	0	0	0	0	0	0
C	Marios	22	131	6	1	28____	126250	13	15	0	0	0	0	0	0	0	0	0
C	Marios	22	131	6	1	28____	126750	15	1	0	0	0	0	0	0	0	0	0
C	Marios	22	131	6	1	28____	128565	1	0	0	0	0	1	0	0	0	0	0
C	Marios	22	131	6	1	28____	128689	1	0	0	0	0	0	0	0	0	1	0
C	Marios	22	131	6	1	28____	128798	1	0	0	0	0	1	0	0	0	0	0
C	Marios	22	131	6	1	28____	128800	1	0	0	0	0	0	0	0	0	1	0
C	Marios	22	131	6	1	28____	128815	1	0	0	0	0	1	0	0	0	0	0
C	Marios	22	131	6	1	28____	128919	1	0	0	0	0	0	0	0	0	1	0
C	Marios	22	131	6	1	28____	129016	1	0	0	0	0	1	0	0	0	0	0
C	Marios	22	131	6	1	28____	129065	1	0	0	0	0	0	0	0	0	1	0
C	Marios	22	131	6	1	28____	129750	1	2	0	0	0	0	0	0	0	0	0
C	Marios	22	131	6	1	28____	130250	2	7	0	0	0	0	0	0	0	0	0
C	Marios	22	131	6	1	28____	130335	7	0	0	0	0	1	0	0	0	0	0
C	Marios	22	131	6	1	28____	130369	7	0	0	0	0	0	0	0	0	1	0
C	Marios	22	131	6	1	28____	130383	7	0	0	0	0	1	0	0	0	0	0
C	Marios	22	131	6	1	28____	130426	7	0	0	0	0	0	0	0	0	1	0
C	Marios	22	131	6	1	28____	130440	7	0	0	0	0	1	0	0	0	0	0
C	Marios	22	131	6	1	28____	130498	7	0	0	0	0	0	0	0	0	1	0
C	Marios	22	131	6	1	28____	130515	7	0	0	0	0	1	0	0	0	0	0
C	Marios	22	131	6	1	28____	130606	7	0	0	0	0	0	0	0	0	1	0
C	Marios	22	131	6	1	28____	130658	7	0	0	0	0	1	0	0	0	0	0
C	Marios	22	131	6	1	28____	130708	7	0	0	0	0	0	0	0	0	1	0
C	Marios	22	131	6	1	28____	130711	7	0	0	0	0	1	0	0	0	0	0
C	Marios	22	131	6	1	28____	130737	7	0	0	0	0	0	0	0	0	1	0
C	Marios	22	131	6	1	28____	130750	7	10	0	0	0	0	0	0	0	0	0
C	Marios	22	131	6	1	28____	130771	10	0	0	0	0	1	0	0	0	0	0
C	Marios	22	131	6	1	28____	131094	10	0	0	0	0	0	0	0	0	1	0
C	Marios	22	131	6	1	28____	131114	10	0	0	0	0	1	0	0	0	0	0
C	Marios	22	131	6	1	28____	131151	10	0	0	0	0	0	0	0	0	1	0
C	Marios	22	131	6	1	28____	131250	10	1	0	0	0	0	0	0	0	0	0
C	Marios	22	131	6	1	28____	131279	1	0	0	0	0	1	0	0	0	0	0
C	Marios	22	131	6	1	28____	131282	1	0	0	0	0	0	0	0	0	1	0
C	Marios	22	131	6	1	28____	131284	1	0	0	0	0	1	0	0	0	0	0
C	Marios	22	131	6	1	28____	131319	1	0	0	0	0	0	0	0	0	1	0
C	Marios	22	131	6	1	28____	133671	1	0	0	0	0	1	0	0	0	0	0
C	Marios	22	131	6	1	28____	133729	1	0	0	0	0	0	0	0	0	1	0
C	Marios	22	131	6	1	28____	136500	1	2	0	0	0	0	0	0	0	0	0
C	Marios	22	131	6	1	28____	137000	2	13	0	0	0	0	0	0	0	0	0
C	Marios	22	131	6	1	28____	137490	13	0	0	0	0	1	0	0	0	0	0
C	Marios	22	131	6	1	28____	137500	13	15	0	0	0	0	0	0	0	0	0
C	Marios	22	131	6	1	28____	137529	15	0	0	0	0	0	0	0	0	1	0
C	Marios	22	131	6	1	28____	137553	15	0	0	0	0	1	0	0	0	0	0
C	Marios	22	131	6	1	28____	137577	15	0	0	0	0	0	0	0	0	1	0
C	Marios	22	131	6	1	28____	138000	15	1	0	0	0	0	0	0	0	0	0
C	Marios	22	131	6	1	28____	138735	1	0	0	0	0	1	0	0	0	0	0
C	Marios	22	131	6	1	28____	138758	1	0	0	0	0	0	0	0	0	1	0
C	Marios	22	131	6	1	28____	138765	1	0	0	0	0	1	0	0	0	0	0
C	Marios	22	131	6	1	28____	138790	1	0	0	0	0	0	0	0	0	1	0
C	Marios	22	131	6	1	28____	140473	1	0	0	0	0	1	0	0	0	0	0
C	Marios	22	131	6	1	28____	140491	1	0	0	0	0	0	0	0	0	1	0
C	Marios	22	131	6	1	28____	142500	1	2	0	0	0	0	0	0	0	0	0
C	Marios	22	131	6	1	28____	143000	2	12	0	0	0	0	0	0	0	0	0
C	Marios	22	131	6	1	28____	143070	12	0	0	0	0	1	0	0	0	0	0
C	Marios	22	131	6	1	28____	143155	12	0	0	0	0	0	0	0	0	1	0
C	Marios	22	131	6	1	28____	143266	12	0	0	0	0	1	0	0	0	0	0
C	Marios	22	131	6	1	28____	143324	12	0	0	0	0	0	0	0	0	1	0
C	Marios	22	131	6	1	28____	143348	12	0	0	0	0	1	0	0	0	0	0
C	Marios	22	131	6	1	28____	143370	12	0	0	0	0	0	0	0	0	1	0
C	Marios	22	131	6	1	28____	143405	12	0	0	0	0	1	0	0	0	0	0
C	Marios	22	131	6	1	28____	143481	12	0	0	0	0	0	0	0	0	1	0
C	Marios	22	131	6	1	28____	143500	12	15	0	0	0	0	0	0	0	0	0
C	Marios	22	131	6	1	28____	143549	15	0	0	0	0	1	0	0	0	0	0
C	Marios	22	131	6	1	28____	143600	15	0	0	0	0	0	0	0	0	1	0
C	Marios	22	131	6	1	28____	143781	15	0	0	0	0	1	0	0	0	0	0
C	Marios	22	131	6	1	28____	143820	15	0	0	0	0	0	0	0	0	1	0
C	Marios	22	131	6	1	28____	143838	15	0	0	0	0	1	0	0	0	0	0
C	Marios	22	131	6	1	28____	143874	15	0	0	0	0	0	0	0	0	1	0
C	Marios	22	131	6	1	28____	144000	15	14	0	0	0	0	0	0	0	0	0
C	Marios	22	131	6	1	28____	146101	14	0	0	0	0	1	0	0	0	0	0
C	Marios	22	131	6	1	28____	146115	14	0	0	0	0	0	0	0	0	1	0
C	Marios	22	131	6	1	28____	147000	14	-1	0	0	0	0	0	0	0	0	0
