Project	UserID	Protocol	Session	Station	Run	Subject	Time	Current State	Transition State	Transition Event	A1 - LLR	A2 - RLR	A3 - MAG	A4 - 	A[1] LLR_OFF	A[2] RLR_OFF	A[3] MAG_OFF	A[4] 
C	Marios	24	131	10	1	4_____	0	0	1	0	0	0	0	0	0	0	0	0
C	Marios	24	131	10	1	4_____	2202	1	0	0	0	0	1	0	0	0	0	0
C	Marios	24	131	10	1	4_____	2204	1	0	0	0	0	0	0	0	0	1	0
C	Marios	24	131	10	1	4_____	2250	1	2	0	0	0	0	0	0	0	0	0
C	Marios	24	131	10	1	4_____	2646	2	0	0	0	0	1	0	0	0	0	0
C	Marios	24	131	10	1	4_____	2674	2	0	0	0	0	0	0	0	0	1	0
C	Marios	24	131	10	1	4_____	2750	2	7	0	0	0	0	0	0	0	0	0
C	Marios	24	131	10	1	4_____	3250	7	10	0	0	0	0	0	0	0	0	0
C	Marios	24	131	10	1	4_____	3750	10	1	0	0	0	0	0	0	0	0	0
C	Marios	24	131	10	1	4_____	4326	1	0	0	0	0	1	0	0	0	0	0
C	Marios	24	131	10	1	4_____	4341	1	0	0	0	0	0	0	0	0	1	0
C	Marios	24	131	10	1	4_____	4348	1	0	0	0	0	1	0	0	0	0	0
C	Marios	24	131	10	1	4_____	4463	1	0	0	0	0	0	0	0	0	1	0
C	Marios	24	131	10	1	4_____	4552	1	0	0	0	0	1	0	0	0	0	0
C	Marios	24	131	10	1	4_____	4611	1	0	0	0	0	0	0	0	0	1	0
C	Marios	24	131	10	1	4_____	5250	1	2	0	0	0	0	0	0	0	0	0
C	Marios	24	131	10	1	4_____	5750	2	13	0	0	0	0	0	0	0	0	0
C	Marios	24	131	10	1	4_____	6250	13	15	0	0	0	0	0	0	0	0	0
C	Marios	24	131	10	1	4_____	6398	15	0	0	0	0	1	0	0	0	0	0
C	Marios	24	131	10	1	4_____	6464	15	0	0	0	0	0	0	0	0	1	0
C	Marios	24	131	10	1	4_____	6750	15	1	0	0	0	0	0	0	0	0	0
C	Marios	24	131	10	1	4_____	7625	1	0	0	0	0	1	0	0	0	0	0
C	Marios	24	131	10	1	4_____	7715	1	0	0	0	0	0	0	0	0	1	0
C	Marios	24	131	10	1	4_____	7716	1	0	0	0	0	1	0	0	0	0	0
C	Marios	24	131	10	1	4_____	7721	1	0	0	0	0	0	0	0	0	1	0
C	Marios	24	131	10	1	4_____	7730	1	0	0	0	0	1	0	0	0	0	0
C	Marios	24	131	10	1	4_____	7751	1	0	0	0	0	0	0	0	0	1	0
C	Marios	24	131	10	1	4_____	7949	1	0	0	0	0	1	0	0	0	0	0
C	Marios	24	131	10	1	4_____	7951	1	0	0	0	0	0	0	0	0	1	0
C	Marios	24	131	10	1	4_____	7953	1	0	0	0	0	1	0	0	0	0	0
C	Marios	24	131	10	1	4_____	7998	1	0	0	0	0	0	0	0	0	1	0
C	Marios	24	131	10	1	4_____	8090	1	0	0	0	0	1	0	0	0	0	0
C	Marios	24	131	10	1	4_____	8232	1	0	0	0	0	0	0	0	0	1	0
C	Marios	24	131	10	1	4_____	8498	1	0	0	0	0	1	0	0	0	0	0
C	Marios	24	131	10	1	4_____	8565	1	0	0	0	0	0	0	0	0	1	0
C	Marios	24	131	10	1	4_____	8675	1	0	0	0	0	1	0	0	0	0	0
C	Marios	24	131	10	1	4_____	8785	1	0	0	0	0	0	0	0	0	1	0
C	Marios	24	131	10	1	4_____	8874	1	0	0	0	0	1	0	0	0	0	0
C	Marios	24	131	10	1	4_____	8937	1	0	0	0	0	0	0	0	0	1	0
C	Marios	24	131	10	1	4_____	8989	1	0	0	0	0	1	0	0	0	0	0
C	Marios	24	131	10	1	4_____	9043	1	0	0	0	0	0	0	0	0	1	0
C	Marios	24	131	10	1	4_____	9045	1	0	0	0	0	1	0	0	0	0	0
C	Marios	24	131	10	1	4_____	9064	1	0	0	0	0	0	0	0	0	1	0
C	Marios	24	131	10	1	4_____	9219	1	0	0	0	0	1	0	0	0	0	0
C	Marios	24	131	10	1	4_____	9321	1	0	0	0	0	0	0	0	0	1	0
C	Marios	24	131	10	1	4_____	9354	1	0	0	0	0	1	0	0	0	0	0
C	Marios	24	131	10	1	4_____	9381	1	0	0	0	0	0	0	0	0	1	0
C	Marios	24	131	10	1	4_____	9460	1	0	0	0	0	1	0	0	0	0	0
C	Marios	24	131	10	1	4_____	9558	1	0	0	0	0	0	0	0	0	1	0
C	Marios	24	131	10	1	4_____	10185	1	0	0	0	0	1	0	0	0	0	0
C	Marios	24	131	10	1	4_____	10209	1	0	0	0	0	0	0	0	0	1	0
C	Marios	24	131	10	1	4_____	10731	1	0	0	0	0	1	0	0	0	0	0
C	Marios	24	131	10	1	4_____	10865	1	0	0	0	0	0	0	0	0	1	0
C	Marios	24	131	10	1	4_____	10932	1	0	0	0	0	1	0	0	0	0	0
C	Marios	24	131	10	1	4_____	10965	1	0	0	0	0	0	0	0	0	1	0
C	Marios	24	131	10	1	4_____	11032	1	0	0	0	0	1	0	0	0	0	0
C	Marios	24	131	10	1	4_____	11114	1	0	0	0	0	0	0	0	0	1	0
C	Marios	24	131	10	1	4_____	11467	1	0	0	0	0	1	0	0	0	0	0
C	Marios	24	131	10	1	4_____	11481	1	0	0	0	0	0	0	0	0	1	0
C	Marios	24	131	10	1	4_____	12000	1	2	0	0	0	0	0	0	0	0	0
C	Marios	24	131	10	1	4_____	12324	2	0	0	0	0	1	0	0	0	0	0
C	Marios	24	131	10	1	4_____	12367	2	0	0	0	0	0	0	0	0	1	0
C	Marios	24	131	10	1	4_____	12500	2	12	0	0	0	0	0	0	0	0	0
C	Marios	24	131	10	1	4_____	12984	12	0	0	0	0	1	0	0	0	0	0
C	Marios	24	131	10	1	4_____	13000	12	15	0	0	0	0	0	0	0	0	0
C	Marios	24	131	10	1	4_____	13105	15	0	0	0	0	0	0	0	0	1	0
C	Marios	24	131	10	1	4_____	13130	15	0	0	0	0	1	0	0	0	0	0
C	Marios	24	131	10	1	4_____	13185	15	0	0	0	0	0	0	0	0	1	0
C	Marios	24	131	10	1	4_____	13284	15	0	0	0	0	1	0	0	0	0	0
C	Marios	24	131	10	1	4_____	13385	15	0	0	0	0	0	0	0	0	1	0
C	Marios	24	131	10	1	4_____	13397	15	0	0	0	0	1	0	0	0	0	0
C	Marios	24	131	10	1	4_____	13417	15	0	0	0	0	0	0	0	0	1	0
C	Marios	24	131	10	1	4_____	13500	15	1	0	0	0	0	0	0	0	0	0
C	Marios	24	131	10	1	4_____	13682	1	0	0	0	0	1	0	0	0	0	0
C	Marios	24	131	10	1	4_____	13763	1	0	0	0	0	0	0	0	0	1	0
C	Marios	24	131	10	1	4_____	14279	1	0	0	0	0	1	0	0	0	0	0
C	Marios	24	131	10	1	4_____	14289	1	0	0	0	0	1	0	0	0	1	0
C	Marios	24	131	10	1	4_____	14300	1	0	0	0	0	0	0	0	0	1	0
C	Marios	24	131	10	1	4_____	14303	1	0	0	0	0	1	0	0	0	0	0
C	Marios	24	131	10	1	4_____	14308	1	0	0	0	0	0	0	0	0	1	0
C	Marios	24	131	10	1	4_____	14357	1	0	0	0	0	1	0	0	0	0	0
C	Marios	24	131	10	1	4_____	14377	1	0	0	0	0	0	0	0	0	1	0
C	Marios	24	131	10	1	4_____	14739	1	0	0	0	0	1	0	0	0	0	0
C	Marios	24	131	10	1	4_____	14767	1	0	0	0	0	0	0	0	0	1	0
C	Marios	24	131	10	1	4_____	15763	1	0	0	0	0	1	0	0	0	0	0
C	Marios	24	131	10	1	4_____	15821	1	0	0	0	0	0	0	0	0	1	0
C	Marios	24	131	10	1	4_____	15861	1	0	0	0	0	1	0	0	0	0	0
C	Marios	24	131	10	1	4_____	15906	1	0	0	0	0	0	0	0	0	1	0
C	Marios	24	131	10	1	4_____	17103	1	0	0	0	0	1	0	0	0	0	0
C	Marios	24	131	10	1	4_____	17171	1	0	0	0	0	0	0	0	0	1	0
C	Marios	24	131	10	1	4_____	17325	1	0	0	0	0	1	0	0	0	0	0
C	Marios	24	131	10	1	4_____	17493	1	0	0	0	0	0	0	0	0	1	0
C	Marios	24	131	10	1	4_____	17502	1	0	0	0	0	1	0	0	0	0	0
C	Marios	24	131	10	1	4_____	17513	1	0	0	0	0	0	0	0	0	1	0
C	Marios	24	131	10	1	4_____	17589	1	0	0	0	0	1	0	0	0	0	0
C	Marios	24	131	10	1	4_____	17639	1	0	0	0	0	0	0	0	0	1	0
C	Marios	24	131	10	1	4_____	18000	1	2	0	0	0	0	0	0	0	0	0
C	Marios	24	131	10	1	4_____	18309	2	0	0	0	0	1	0	0	0	0	0
C	Marios	24	131	10	1	4_____	18343	2	0	0	0	0	0	0	0	0	1	0
C	Marios	24	131	10	1	4_____	18500	2	12	0	0	0	0	0	0	0	0	0
C	Marios	24	131	10	1	4_____	19000	12	15	0	0	0	0	0	0	0	0	0
C	Marios	24	131	10	1	4_____	19500	15	1	0	0	0	0	0	0	0	0	0
C	Marios	24	131	10	1	4_____	19741	1	0	0	0	0	1	0	0	0	0	0
C	Marios	24	131	10	1	4_____	19757	1	0	0	0	0	0	0	0	0	1	0
C	Marios	24	131	10	1	4_____	20348	1	0	0	0	0	1	0	0	0	0	0
C	Marios	24	131	10	1	4_____	20359	1	0	0	0	0	0	0	0	0	1	0
C	Marios	24	131	10	1	4_____	21163	1	0	0	0	0	1	0	0	0	0	0
C	Marios	24	131	10	1	4_____	21172	1	0	0	0	0	0	0	0	0	1	0
C	Marios	24	131	10	1	4_____	21174	1	0	0	0	0	1	0	0	0	0	0
C	Marios	24	131	10	1	4_____	21193	1	0	0	0	0	0	0	0	0	1	0
C	Marios	24	131	10	1	4_____	22508	1	0	0	0	0	1	0	0	0	0	0
C	Marios	24	131	10	1	4_____	22524	1	0	0	0	0	0	0	0	0	1	0
C	Marios	24	131	10	1	4_____	22553	1	0	0	0	0	1	0	0	0	0	0
C	Marios	24	131	10	1	4_____	22626	1	0	0	0	0	0	0	0	0	1	0
C	Marios	24	131	10	1	4_____	22919	1	0	0	0	0	1	0	0	0	0	0
C	Marios	24	131	10	1	4_____	22932	1	0	0	0	0	0	0	0	0	1	0
C	Marios	24	131	10	1	4_____	23424	1	0	0	0	0	1	0	0	0	0	0
C	Marios	24	131	10	1	4_____	23572	1	0	0	0	0	0	0	0	0	1	0
C	Marios	24	131	10	1	4_____	24160	1	0	0	0	0	1	0	0	0	0	0
C	Marios	24	131	10	1	4_____	24368	1	0	0	0	0	0	0	0	0	1	0
C	Marios	24	131	10	1	4_____	24413	1	0	0	0	0	1	0	0	0	0	0
C	Marios	24	131	10	1	4_____	24528	1	0	0	0	0	0	0	0	0	1	0
C	Marios	24	131	10	1	4_____	25000	1	2	0	0	0	0	0	0	0	0	0
C	Marios	24	131	10	1	4_____	25245	2	0	0	0	0	1	0	0	0	0	0
C	Marios	24	131	10	1	4_____	25248	2	0	0	0	0	0	0	0	0	1	0
C	Marios	24	131	10	1	4_____	25500	2	6	0	0	0	0	0	0	0	0	0
C	Marios	24	131	10	1	4_____	25701	6	0	0	0	0	1	0	0	0	0	0
C	Marios	24	131	10	1	4_____	25822	6	0	0	0	0	0	0	0	0	1	0
C	Marios	24	131	10	1	4_____	25897	6	0	0	0	0	1	0	0	0	0	0
C	Marios	24	131	10	1	4_____	25963	6	0	0	0	0	0	0	0	0	1	0
C	Marios	24	131	10	1	4_____	25966	6	0	0	0	0	1	0	0	0	0	0
C	Marios	24	131	10	1	4_____	25993	6	0	0	0	0	0	0	0	0	1	0
C	Marios	24	131	10	1	4_____	26000	6	11	0	0	0	0	0	0	0	0	0
C	Marios	24	131	10	1	4_____	26012	11	0	0	0	0	1	0	0	0	0	0
C	Marios	24	131	10	1	4_____	26348	11	0	0	0	0	1	0	0	0	1	0
C	Marios	24	131	10	1	4_____	26394	11	0	0	0	0	0	0	0	0	1	0
C	Marios	24	131	10	1	4_____	26500	11	1	0	0	0	0	0	0	0	0	0
C	Marios	24	131	10	1	4_____	26786	1	0	0	0	0	1	0	0	0	0	0
C	Marios	24	131	10	1	4_____	26798	1	0	0	0	0	0	0	0	0	1	0
C	Marios	24	131	10	1	4_____	27803	1	0	0	0	0	1	0	0	0	0	0
C	Marios	24	131	10	1	4_____	27809	1	0	0	0	0	0	0	0	0	1	0
C	Marios	24	131	10	1	4_____	27816	1	0	0	0	0	1	0	0	0	0	0
C	Marios	24	131	10	1	4_____	27906	1	0	0	0	0	0	0	0	0	1	0
C	Marios	24	131	10	1	4_____	29135	1	0	0	0	0	1	0	0	0	0	0
C	Marios	24	131	10	1	4_____	29167	1	0	0	0	0	0	0	0	0	1	0
C	Marios	24	131	10	1	4_____	30100	1	0	0	0	0	1	0	0	0	0	0
C	Marios	24	131	10	1	4_____	30109	1	0	0	0	0	0	0	0	0	1	0
C	Marios	24	131	10	1	4_____	31000	1	2	0	0	0	0	0	0	0	0	0
C	Marios	24	131	10	1	4_____	31500	2	13	0	0	0	0	0	0	0	0	0
C	Marios	24	131	10	1	4_____	31627	13	0	0	0	0	1	0	0	0	0	0
C	Marios	24	131	10	1	4_____	31694	13	0	0	0	0	0	0	0	0	1	0
C	Marios	24	131	10	1	4_____	31802	13	0	0	0	0	1	0	0	0	0	0
C	Marios	24	131	10	1	4_____	31969	13	0	0	0	0	0	0	0	0	1	0
C	Marios	24	131	10	1	4_____	31970	13	0	0	0	0	1	0	0	0	0	0
C	Marios	24	131	10	1	4_____	31987	13	0	0	0	0	0	0	0	0	1	0
C	Marios	24	131	10	1	4_____	31997	13	0	0	0	0	1	0	0	0	0	0
C	Marios	24	131	10	1	4_____	32000	13	15	0	0	0	0	0	0	0	0	0
C	Marios	24	131	10	1	4_____	32086	15	0	0	0	0	0	0	0	0	1	0
C	Marios	24	131	10	1	4_____	32087	15	0	0	0	0	1	0	0	0	0	0
C	Marios	24	131	10	1	4_____	32089	15	0	0	0	0	0	0	0	0	1	0
C	Marios	24	131	10	1	4_____	32184	15	0	0	0	0	1	0	0	0	0	0
C	Marios	24	131	10	1	4_____	32383	15	0	0	0	0	0	0	0	0	1	0
C	Marios	24	131	10	1	4_____	32500	15	1	0	0	0	0	0	0	0	0	0
C	Marios	24	131	10	1	4_____	32591	1	0	0	0	0	1	0	0	0	0	0
C	Marios	24	131	10	1	4_____	32608	1	0	0	0	0	0	0	0	0	1	0
C	Marios	24	131	10	1	4_____	34536	1	0	0	0	0	1	0	0	0	0	0
C	Marios	24	131	10	1	4_____	34564	1	0	0	0	0	0	0	0	0	1	0
C	Marios	24	131	10	1	4_____	35060	1	0	0	0	0	1	0	0	0	0	0
C	Marios	24	131	10	1	4_____	35141	1	0	0	0	0	0	0	0	0	1	0
C	Marios	24	131	10	1	4_____	37095	1	0	0	0	0	1	0	0	0	0	0
C	Marios	24	131	10	1	4_____	37136	1	0	0	0	0	0	0	0	0	1	0
C	Marios	24	131	10	1	4_____	38020	1	0	0	0	0	1	0	0	0	0	0
C	Marios	24	131	10	1	4_____	38051	1	0	0	0	0	0	0	0	0	1	0
C	Marios	24	131	10	1	4_____	39413	1	0	0	0	0	1	0	0	0	0	0
C	Marios	24	131	10	1	4_____	39423	1	0	0	0	0	0	0	0	0	1	0
C	Marios	24	131	10	1	4_____	39523	1	0	0	0	0	1	0	0	0	0	0
C	Marios	24	131	10	1	4_____	39572	1	0	0	0	0	0	0	0	0	1	0
C	Marios	24	131	10	1	4_____	39612	1	0	0	0	0	1	0	0	0	0	0
C	Marios	24	131	10	1	4_____	39614	1	0	0	0	0	0	0	0	0	1	0
C	Marios	24	131	10	1	4_____	39718	1	0	0	0	0	1	0	0	0	0	0
C	Marios	24	131	10	1	4_____	39758	1	0	0	0	0	0	0	0	0	1	0
C	Marios	24	131	10	1	4_____	40000	1	2	0	0	0	0	0	0	0	0	0
C	Marios	24	131	10	1	4_____	40500	2	12	0	0	0	0	0	0	0	0	0
C	Marios	24	131	10	1	4_____	41000	12	15	0	0	0	0	0	0	0	0	0
C	Marios	24	131	10	1	4_____	41013	15	0	0	0	0	1	0	0	0	0	0
C	Marios	24	131	10	1	4_____	41035	15	0	0	0	0	0	0	0	0	1	0
C	Marios	24	131	10	1	4_____	41092	15	0	0	0	0	1	0	0	0	0	0
C	Marios	24	131	10	1	4_____	41137	15	0	0	0	0	0	0	0	0	1	0
C	Marios	24	131	10	1	4_____	41500	15	1	0	0	0	0	0	0	0	0	0
C	Marios	24	131	10	1	4_____	43013	1	0	0	0	0	1	0	0	0	0	0
C	Marios	24	131	10	1	4_____	43015	1	0	0	0	0	0	0	0	0	1	0
C	Marios	24	131	10	1	4_____	43068	1	0	0	0	0	1	0	0	0	0	0
C	Marios	24	131	10	1	4_____	43069	1	0	0	0	0	0	0	0	0	1	0
C	Marios	24	131	10	1	4_____	43072	1	0	0	0	0	1	0	0	0	0	0
C	Marios	24	131	10	1	4_____	43075	1	0	0	0	0	0	0	0	0	1	0
C	Marios	24	131	10	1	4_____	43125	1	0	0	0	0	1	0	0	0	0	0
C	Marios	24	131	10	1	4_____	43127	1	0	0	0	0	0	0	0	0	1	0
C	Marios	24	131	10	1	4_____	43211	1	0	0	0	0	1	0	0	0	0	0
C	Marios	24	131	10	1	4_____	43215	1	0	0	0	0	0	0	0	0	1	0
C	Marios	24	131	10	1	4_____	43218	1	0	0	0	0	1	0	0	0	0	0
C	Marios	24	131	10	1	4_____	43258	1	0	0	0	0	0	0	0	0	1	0
C	Marios	24	131	10	1	4_____	44327	1	0	0	0	0	1	0	0	0	0	0
C	Marios	24	131	10	1	4_____	44328	1	0	0	0	0	0	0	0	0	1	0
C	Marios	24	131	10	1	4_____	44333	1	0	0	0	0	1	0	0	0	0	0
C	Marios	24	131	10	1	4_____	44404	1	0	0	0	0	0	0	0	0	1	0
C	Marios	24	131	10	1	4_____	45742	1	0	0	0	0	1	0	0	0	0	0
C	Marios	24	131	10	1	4_____	45784	1	0	0	0	0	0	0	0	0	1	0
C	Marios	24	131	10	1	4_____	47097	1	0	0	0	0	1	0	0	0	0	0
C	Marios	24	131	10	1	4_____	47189	1	0	0	0	0	0	0	0	0	1	0
C	Marios	24	131	10	1	4_____	47500	1	2	0	0	0	0	0	0	0	0	0
C	Marios	24	131	10	1	4_____	48000	2	13	0	0	0	0	0	0	0	0	0
C	Marios	24	131	10	1	4_____	48500	13	15	0	0	0	0	0	0	0	0	0
C	Marios	24	131	10	1	4_____	48909	15	0	0	0	0	1	0	0	0	0	0
C	Marios	24	131	10	1	4_____	49000	15	1	0	0	0	0	0	0	0	0	0
C	Marios	24	131	10	1	4_____	49032	1	0	0	0	0	0	0	0	0	1	0
C	Marios	24	131	10	1	4_____	49033	1	0	0	0	0	1	0	0	0	0	0
C	Marios	24	131	10	1	4_____	49035	1	0	0	0	0	0	0	0	0	1	0
C	Marios	24	131	10	1	4_____	49048	1	0	0	0	0	1	0	0	0	0	0
C	Marios	24	131	10	1	4_____	49112	1	0	0	0	0	0	0	0	0	1	0
C	Marios	24	131	10	1	4_____	49144	1	0	0	0	0	1	0	0	0	0	0
C	Marios	24	131	10	1	4_____	49181	1	0	0	0	0	0	0	0	0	1	0
C	Marios	24	131	10	1	4_____	49276	1	0	0	0	0	1	0	0	0	0	0
C	Marios	24	131	10	1	4_____	49299	1	0	0	0	0	0	0	0	0	1	0
C	Marios	24	131	10	1	4_____	49872	1	0	0	0	0	1	0	0	0	0	0
C	Marios	24	131	10	1	4_____	49889	1	0	0	0	0	0	0	0	0	1	0
C	Marios	24	131	10	1	4_____	50901	1	0	0	0	0	1	0	0	0	0	0
C	Marios	24	131	10	1	4_____	50904	1	0	0	0	0	0	0	0	0	1	0
C	Marios	24	131	10	1	4_____	50953	1	0	0	0	0	1	0	0	0	0	0
C	Marios	24	131	10	1	4_____	50955	1	0	0	0	0	0	0	0	0	1	0
C	Marios	24	131	10	1	4_____	50965	1	0	0	0	0	1	0	0	0	0	0
C	Marios	24	131	10	1	4_____	51150	1	0	0	0	0	0	0	0	0	1	0
C	Marios	24	131	10	1	4_____	53223	1	0	0	0	0	1	0	0	0	0	0
C	Marios	24	131	10	1	4_____	53252	1	0	0	0	0	0	0	0	0	1	0
C	Marios	24	131	10	1	4_____	53345	1	0	0	0	0	1	0	0	0	0	0
C	Marios	24	131	10	1	4_____	53423	1	0	0	0	0	0	0	0	0	1	0
C	Marios	24	131	10	1	4_____	54301	1	0	0	0	0	1	0	0	0	0	0
C	Marios	24	131	10	1	4_____	54667	1	0	0	0	0	0	0	0	0	1	0
C	Marios	24	131	10	1	4_____	55750	1	2	0	0	0	0	0	0	0	0	0
C	Marios	24	131	10	1	4_____	56250	2	7	0	0	0	0	0	0	0	0	0
C	Marios	24	131	10	1	4_____	56297	7	0	0	0	0	1	0	0	0	0	0
C	Marios	24	131	10	1	4_____	56382	7	0	0	0	0	0	0	0	0	1	0
C	Marios	24	131	10	1	4_____	56449	7	0	0	0	0	1	0	0	0	0	0
C	Marios	24	131	10	1	4_____	56575	7	0	0	0	0	0	0	0	0	1	0
C	Marios	24	131	10	1	4_____	56639	7	0	0	0	0	1	0	0	0	0	0
C	Marios	24	131	10	1	4_____	56750	7	10	0	0	0	0	0	0	0	0	0
C	Marios	24	131	10	1	4_____	57000	10	0	0	0	0	0	0	0	0	1	0
C	Marios	24	131	10	1	4_____	57250	10	1	0	0	0	0	0	0	0	0	0
C	Marios	24	131	10	1	4_____	57289	1	0	0	0	0	1	0	0	0	0	0
C	Marios	24	131	10	1	4_____	57331	1	0	0	0	0	0	0	0	0	1	0
C	Marios	24	131	10	1	4_____	60578	1	0	0	0	0	1	0	0	0	0	0
C	Marios	24	131	10	1	4_____	60580	1	0	0	0	0	0	0	0	0	1	0
C	Marios	24	131	10	1	4_____	60592	1	0	0	0	0	1	0	0	0	0	0
C	Marios	24	131	10	1	4_____	60618	1	0	0	0	0	0	0	0	0	1	0
C	Marios	24	131	10	1	4_____	60750	1	2	0	0	0	0	0	0	0	0	0
C	Marios	24	131	10	1	4_____	61250	2	13	0	0	0	0	0	0	0	0	0
C	Marios	24	131	10	1	4_____	61334	13	0	0	0	0	1	0	0	0	0	0
C	Marios	24	131	10	1	4_____	61343	13	0	0	0	0	0	0	0	0	1	0
C	Marios	24	131	10	1	4_____	61344	13	0	0	0	0	1	0	0	0	0	0
C	Marios	24	131	10	1	4_____	61386	13	0	0	0	0	0	0	0	0	1	0
C	Marios	24	131	10	1	4_____	61414	13	0	0	0	0	1	0	0	0	0	0
C	Marios	24	131	10	1	4_____	61555	13	0	0	0	0	0	0	0	0	1	0
C	Marios	24	131	10	1	4_____	61664	13	0	0	0	0	1	0	0	0	0	0
C	Marios	24	131	10	1	4_____	61704	13	0	0	0	0	0	0	0	0	1	0
C	Marios	24	131	10	1	4_____	61705	13	0	0	0	0	1	0	0	0	0	0
C	Marios	24	131	10	1	4_____	61741	13	0	0	0	0	0	0	0	0	1	0
C	Marios	24	131	10	1	4_____	61745	13	0	0	0	0	1	0	0	0	0	0
C	Marios	24	131	10	1	4_____	61750	13	15	0	0	0	0	0	0	0	0	0
C	Marios	24	131	10	1	4_____	61863	15	0	0	0	0	0	0	0	0	1	0
C	Marios	24	131	10	1	4_____	61964	15	0	0	0	0	1	0	0	0	0	0
C	Marios	24	131	10	1	4_____	62024	15	0	0	0	0	0	0	0	0	1	0
C	Marios	24	131	10	1	4_____	62077	15	0	0	0	0	1	0	0	0	0	0
C	Marios	24	131	10	1	4_____	62134	15	0	0	0	0	0	0	0	0	1	0
C	Marios	24	131	10	1	4_____	62250	15	1	0	0	0	0	0	0	0	0	0
C	Marios	24	131	10	1	4_____	64804	1	0	0	0	0	1	0	0	0	0	0
C	Marios	24	131	10	1	4_____	64945	1	0	0	0	0	0	0	0	0	1	0
C	Marios	24	131	10	1	4_____	66000	1	2	0	0	0	0	0	0	0	0	0
C	Marios	24	131	10	1	4_____	66500	2	12	0	0	0	0	0	0	0	0	0
C	Marios	24	131	10	1	4_____	66615	12	0	0	0	0	1	0	0	0	0	0
C	Marios	24	131	10	1	4_____	66764	12	0	0	0	0	0	0	0	0	1	0
C	Marios	24	131	10	1	4_____	66890	12	0	0	0	0	1	0	0	0	0	0
C	Marios	24	131	10	1	4_____	67000	12	15	0	0	0	0	0	0	0	0	0
C	Marios	24	131	10	1	4_____	67010	15	0	0	0	0	0	0	0	0	1	0
C	Marios	24	131	10	1	4_____	67023	15	0	0	0	0	1	0	0	0	0	0
C	Marios	24	131	10	1	4_____	67049	15	0	0	0	0	0	0	0	0	1	0
C	Marios	24	131	10	1	4_____	67068	15	0	0	0	0	1	0	0	0	0	0
C	Marios	24	131	10	1	4_____	67169	15	0	0	0	0	0	0	0	0	1	0
C	Marios	24	131	10	1	4_____	67183	15	0	0	0	0	1	0	0	0	0	0
C	Marios	24	131	10	1	4_____	67241	15	0	0	0	0	0	0	0	0	1	0
C	Marios	24	131	10	1	4_____	67310	15	0	0	0	0	1	0	0	0	0	0
C	Marios	24	131	10	1	4_____	67331	15	0	0	0	0	0	0	0	0	1	0
C	Marios	24	131	10	1	4_____	67500	15	1	0	0	0	0	0	0	0	0	0
C	Marios	24	131	10	1	4_____	67611	1	0	0	0	0	1	0	0	0	0	0
C	Marios	24	131	10	1	4_____	67634	1	0	0	0	0	0	0	0	0	1	0
C	Marios	24	131	10	1	4_____	67638	1	0	0	0	0	1	0	0	0	0	0
C	Marios	24	131	10	1	4_____	67670	1	0	0	0	0	0	0	0	0	1	0
C	Marios	24	131	10	1	4_____	68870	1	0	0	0	0	1	0	0	0	0	0
C	Marios	24	131	10	1	4_____	68872	1	0	0	0	0	0	0	0	0	1	0
C	Marios	24	131	10	1	4_____	68873	1	0	0	0	0	1	0	0	0	0	0
C	Marios	24	131	10	1	4_____	68878	1	0	0	0	0	0	0	0	0	1	0
C	Marios	24	131	10	1	4_____	70418	1	0	0	0	0	1	0	0	0	0	0
C	Marios	24	131	10	1	4_____	70446	1	0	0	0	0	0	0	0	0	1	0
C	Marios	24	131	10	1	4_____	70500	1	2	0	0	0	0	0	0	0	0	0
C	Marios	24	131	10	1	4_____	71000	2	6	0	0	0	0	0	0	0	0	0
C	Marios	24	131	10	1	4_____	71091	6	0	0	0	0	1	0	0	0	0	0
C	Marios	24	131	10	1	4_____	71180	6	0	0	0	0	0	0	0	0	1	0
C	Marios	24	131	10	1	4_____	71203	6	0	0	0	0	1	0	0	0	0	0
C	Marios	24	131	10	1	4_____	71395	6	0	0	0	0	0	0	0	0	1	0
C	Marios	24	131	10	1	4_____	71397	6	0	0	0	0	1	0	0	0	0	0
C	Marios	24	131	10	1	4_____	71408	6	0	0	0	0	0	0	0	0	1	0
C	Marios	24	131	10	1	4_____	71427	6	0	0	0	0	1	0	0	0	0	0
C	Marios	24	131	10	1	4_____	71500	6	11	0	0	0	0	0	0	0	0	0
C	Marios	24	131	10	1	4_____	71802	11	0	0	0	0	0	0	0	0	1	0
C	Marios	24	131	10	1	4_____	71807	11	0	0	0	0	1	0	0	0	0	0
C	Marios	24	131	10	1	4_____	71838	11	0	0	0	0	0	0	0	0	1	0
C	Marios	24	131	10	1	4_____	72000	11	1	0	0	0	0	0	0	0	0	0
C	Marios	24	131	10	1	4_____	72037	1	0	0	0	0	1	0	0	0	0	0
C	Marios	24	131	10	1	4_____	72052	1	0	0	0	0	0	0	0	0	1	0
C	Marios	24	131	10	1	4_____	72847	1	0	0	0	0	1	0	0	0	0	0
C	Marios	24	131	10	1	4_____	72866	1	0	0	0	0	0	0	0	0	1	0
C	Marios	24	131	10	1	4_____	76003	1	0	0	0	0	1	0	0	0	0	0
C	Marios	24	131	10	1	4_____	76155	1	0	0	0	0	0	0	0	0	1	0
C	Marios	24	131	10	1	4_____	76164	1	0	0	0	0	1	0	0	0	0	0
C	Marios	24	131	10	1	4_____	76176	1	0	0	0	0	0	0	0	0	1	0
C	Marios	24	131	10	1	4_____	76178	1	0	0	0	0	1	0	0	0	0	0
C	Marios	24	131	10	1	4_____	76236	1	0	0	0	0	0	0	0	0	1	0
C	Marios	24	131	10	1	4_____	78750	1	2	0	0	0	0	0	0	0	0	0
C	Marios	24	131	10	1	4_____	79049	2	0	0	0	0	1	0	0	0	0	0
C	Marios	24	131	10	1	4_____	79051	2	0	0	0	0	0	0	0	0	1	0
C	Marios	24	131	10	1	4_____	79169	2	0	0	0	0	1	0	0	0	0	0
C	Marios	24	131	10	1	4_____	79177	2	0	0	0	0	0	0	0	0	1	0
C	Marios	24	131	10	1	4_____	79250	2	12	0	0	0	0	0	0	0	0	0
C	Marios	24	131	10	1	4_____	79285	12	0	0	0	0	1	0	0	0	0	0
C	Marios	24	131	10	1	4_____	79362	12	0	0	0	0	0	0	0	0	1	0
C	Marios	24	131	10	1	4_____	79380	12	0	0	0	0	1	0	0	0	0	0
C	Marios	24	131	10	1	4_____	79425	12	0	0	0	0	0	0	0	0	1	0
C	Marios	24	131	10	1	4_____	79431	12	0	0	0	0	1	0	0	0	0	0
C	Marios	24	131	10	1	4_____	79540	12	0	0	0	0	0	0	0	0	1	0
C	Marios	24	131	10	1	4_____	79550	12	0	0	0	0	1	0	0	0	0	0
C	Marios	24	131	10	1	4_____	79692	12	0	0	0	0	0	0	0	0	1	0
C	Marios	24	131	10	1	4_____	79750	12	15	0	0	0	0	0	0	0	0	0
C	Marios	24	131	10	1	4_____	79787	15	0	0	0	0	1	0	0	0	0	0
C	Marios	24	131	10	1	4_____	79895	15	0	0	0	0	0	0	0	0	1	0
C	Marios	24	131	10	1	4_____	79963	15	0	0	0	0	1	0	0	0	0	0
C	Marios	24	131	10	1	4_____	79986	15	0	0	0	0	0	0	0	0	1	0
C	Marios	24	131	10	1	4_____	80250	15	1	0	0	0	0	0	0	0	0	0
C	Marios	24	131	10	1	4_____	83750	1	2	0	0	0	0	0	0	0	0	0
C	Marios	24	131	10	1	4_____	84029	2	0	0	0	0	1	0	0	0	0	0
C	Marios	24	131	10	1	4_____	84178	2	0	0	0	0	0	0	0	0	1	0
C	Marios	24	131	10	1	4_____	84250	2	6	0	0	0	0	0	0	0	0	0
C	Marios	24	131	10	1	4_____	84282	6	0	0	0	0	1	0	0	0	0	0
C	Marios	24	131	10	1	4_____	84321	6	0	0	0	0	0	0	0	0	1	0
C	Marios	24	131	10	1	4_____	84351	6	0	0	0	0	1	0	0	0	0	0
C	Marios	24	131	10	1	4_____	84447	6	0	0	0	0	0	0	0	0	1	0
C	Marios	24	131	10	1	4_____	84496	6	0	0	0	0	1	0	0	0	0	0
C	Marios	24	131	10	1	4_____	84605	6	0	0	0	0	0	0	0	0	1	0
C	Marios	24	131	10	1	4_____	84651	6	0	0	0	0	1	0	0	0	0	0
C	Marios	24	131	10	1	4_____	84750	6	11	0	0	0	0	0	0	0	0	0
C	Marios	24	131	10	1	4_____	85114	11	0	0	0	0	0	0	0	0	1	0
C	Marios	24	131	10	1	4_____	85250	11	1	0	0	0	0	0	0	0	0	0
C	Marios	24	131	10	1	4_____	85351	1	0	0	0	0	1	0	0	0	0	0
C	Marios	24	131	10	1	4_____	85377	1	0	0	0	0	0	0	0	0	1	0
C	Marios	24	131	10	1	4_____	85384	1	0	0	0	0	1	0	0	0	0	0
C	Marios	24	131	10	1	4_____	85465	1	0	0	0	0	0	0	0	0	1	0
C	Marios	24	131	10	1	4_____	88123	1	0	0	0	0	1	0	0	0	0	0
C	Marios	24	131	10	1	4_____	88468	1	0	0	0	0	0	0	0	0	1	0
C	Marios	24	131	10	1	4_____	89072	1	0	0	0	0	1	0	0	0	0	0
C	Marios	24	131	10	1	4_____	89383	1	0	0	0	0	0	0	0	0	1	0
C	Marios	24	131	10	1	4_____	89462	1	0	0	0	0	1	0	0	0	0	0
C	Marios	24	131	10	1	4_____	89750	1	2	0	0	0	0	0	0	0	0	0
C	Marios	24	131	10	1	4_____	89871	2	0	0	0	0	0	0	0	0	1	0
C	Marios	24	131	10	1	4_____	90250	2	13	0	0	0	0	0	0	0	0	0
C	Marios	24	131	10	1	4_____	90750	13	15	0	0	0	0	0	0	0	0	0
C	Marios	24	131	10	1	4_____	90799	15	0	0	0	0	1	0	0	0	0	0
C	Marios	24	131	10	1	4_____	90839	15	0	0	0	0	0	0	0	0	1	0
C	Marios	24	131	10	1	4_____	91008	15	0	0	0	0	1	0	0	0	0	0
C	Marios	24	131	10	1	4_____	91057	15	0	0	0	0	0	0	0	0	1	0
C	Marios	24	131	10	1	4_____	91250	15	1	0	0	0	0	0	0	0	0	0
C	Marios	24	131	10	1	4_____	93325	1	0	0	0	0	1	0	0	0	0	0
C	Marios	24	131	10	1	4_____	93389	1	0	0	0	0	0	0	0	0	1	0
C	Marios	24	131	10	1	4_____	95750	1	2	0	0	0	0	0	0	0	0	0
C	Marios	24	131	10	1	4_____	96250	2	12	0	0	0	0	0	0	0	0	0
C	Marios	24	131	10	1	4_____	96282	12	0	0	0	0	1	0	0	0	0	0
C	Marios	24	131	10	1	4_____	96313	12	0	0	0	0	0	0	0	0	1	0
C	Marios	24	131	10	1	4_____	96419	12	0	0	0	0	1	0	0	0	0	0
C	Marios	24	131	10	1	4_____	96573	12	0	0	0	0	0	0	0	0	1	0
C	Marios	24	131	10	1	4_____	96583	12	0	0	0	0	1	0	0	0	0	0
C	Marios	24	131	10	1	4_____	96597	12	0	0	0	0	0	0	0	0	1	0
C	Marios	24	131	10	1	4_____	96665	12	0	0	0	0	1	0	0	0	0	0
C	Marios	24	131	10	1	4_____	96750	12	15	0	0	0	0	0	0	0	0	0
C	Marios	24	131	10	1	4_____	96825	15	0	0	0	0	0	0	0	0	1	0
C	Marios	24	131	10	1	4_____	96842	15	0	0	0	0	1	0	0	0	0	0
C	Marios	24	131	10	1	4_____	96890	15	0	0	0	0	0	0	0	0	1	0
C	Marios	24	131	10	1	4_____	97250	15	1	0	0	0	0	0	0	0	0	0
C	Marios	24	131	10	1	4_____	99445	1	0	0	0	0	1	0	0	0	0	0
C	Marios	24	131	10	1	4_____	99448	1	0	0	0	0	0	0	0	0	1	0
C	Marios	24	131	10	1	4_____	99930	1	0	0	0	0	1	0	0	0	0	0
C	Marios	24	131	10	1	4_____	100023	1	0	0	0	0	0	0	0	0	1	0
C	Marios	24	131	10	1	4_____	100250	1	2	0	0	0	0	0	0	0	0	0
C	Marios	24	131	10	1	4_____	100750	2	13	0	0	0	0	0	0	0	0	0
C	Marios	24	131	10	1	4_____	101250	13	15	0	0	0	0	0	0	0	0	0
C	Marios	24	131	10	1	4_____	101750	15	1	0	0	0	0	0	0	0	0	0
C	Marios	24	131	10	1	4_____	101810	1	0	0	0	0	1	0	0	0	0	0
C	Marios	24	131	10	1	4_____	101819	1	0	0	0	0	0	0	0	0	1	0
C	Marios	24	131	10	1	4_____	101825	1	0	0	0	0	1	0	0	0	0	0
C	Marios	24	131	10	1	4_____	101881	1	0	0	0	0	0	0	0	0	1	0
C	Marios	24	131	10	1	4_____	102471	1	0	0	0	0	1	0	0	0	0	0
C	Marios	24	131	10	1	4_____	102517	1	0	0	0	0	0	0	0	0	1	0
C	Marios	24	131	10	1	4_____	105451	1	0	0	0	0	1	0	0	0	0	0
C	Marios	24	131	10	1	4_____	105731	1	0	0	0	0	0	0	0	0	1	0
C	Marios	24	131	10	1	4_____	105986	1	0	0	0	0	1	0	0	0	0	0
C	Marios	24	131	10	1	4_____	105989	1	0	0	0	0	0	0	0	0	1	0
C	Marios	24	131	10	1	4_____	106153	1	0	0	0	0	1	0	0	0	0	0
C	Marios	24	131	10	1	4_____	106301	1	0	0	0	0	0	0	0	0	1	0
C	Marios	24	131	10	1	4_____	107750	1	2	0	0	0	0	0	0	0	0	0
C	Marios	24	131	10	1	4_____	108250	2	7	0	0	0	0	0	0	0	0	0
C	Marios	24	131	10	1	4_____	108409	7	0	0	0	0	1	0	0	0	0	0
C	Marios	24	131	10	1	4_____	108623	7	0	0	0	0	0	0	0	0	1	0
C	Marios	24	131	10	1	4_____	108632	7	0	0	0	0	1	0	0	0	0	0
C	Marios	24	131	10	1	4_____	108669	7	0	0	0	0	0	0	0	0	1	0
C	Marios	24	131	10	1	4_____	108675	7	0	0	0	0	1	0	0	0	0	0
C	Marios	24	131	10	1	4_____	108681	7	0	0	0	0	0	0	0	0	1	0
C	Marios	24	131	10	1	4_____	108705	7	0	0	0	0	1	0	0	0	0	0
C	Marios	24	131	10	1	4_____	108750	7	10	0	0	0	0	0	0	0	0	0
C	Marios	24	131	10	1	4_____	108990	10	0	0	0	0	0	0	0	0	1	0
C	Marios	24	131	10	1	4_____	109250	10	1	0	0	0	0	0	0	0	0	0
C	Marios	24	131	10	1	4_____	111500	1	2	0	0	0	0	0	0	0	0	0
C	Marios	24	131	10	1	4_____	112000	2	13	0	0	0	0	0	0	0	0	0
C	Marios	24	131	10	1	4_____	112500	13	15	0	0	0	0	0	0	0	0	0
C	Marios	24	131	10	1	4_____	113000	15	1	0	0	0	0	0	0	0	0	0
C	Marios	24	131	10	1	4_____	113854	1	0	0	0	0	1	0	0	0	0	0
C	Marios	24	131	10	1	4_____	113941	1	0	0	0	0	0	0	0	0	1	0
C	Marios	24	131	10	1	4_____	118250	1	2	0	0	0	0	0	0	0	0	0
C	Marios	24	131	10	1	4_____	118750	2	12	0	0	0	0	0	0	0	0	0
C	Marios	24	131	10	1	4_____	118863	12	0	0	0	0	1	0	0	0	0	0
C	Marios	24	131	10	1	4_____	118918	12	0	0	0	0	0	0	0	0	1	0
C	Marios	24	131	10	1	4_____	119019	12	0	0	0	0	1	0	0	0	0	0
C	Marios	24	131	10	1	4_____	119212	12	0	0	0	0	0	0	0	0	1	0
C	Marios	24	131	10	1	4_____	119250	12	15	0	0	0	0	0	0	0	0	0
C	Marios	24	131	10	1	4_____	119253	15	0	0	0	0	1	0	0	0	0	0
C	Marios	24	131	10	1	4_____	119349	15	0	0	0	0	0	0	0	0	1	0
C	Marios	24	131	10	1	4_____	119365	15	0	0	0	0	1	0	0	0	0	0
C	Marios	24	131	10	1	4_____	119439	15	0	0	0	0	0	0	0	0	1	0
C	Marios	24	131	10	1	4_____	119543	15	0	0	0	0	1	0	0	0	0	0
C	Marios	24	131	10	1	4_____	119615	15	0	0	0	0	0	0	0	0	1	0
C	Marios	24	131	10	1	4_____	119750	15	1	0	0	0	0	0	0	0	0	0
C	Marios	24	131	10	1	4_____	120508	1	0	0	0	0	1	0	0	0	0	0
C	Marios	24	131	10	1	4_____	120591	1	0	0	0	0	0	0	0	0	1	0
C	Marios	24	131	10	1	4_____	123877	1	0	0	0	0	1	0	0	0	0	0
C	Marios	24	131	10	1	4_____	123907	1	0	0	0	0	0	0	0	0	1	0
C	Marios	24	131	10	1	4_____	123908	1	0	0	0	0	1	0	0	0	0	0
C	Marios	24	131	10	1	4_____	123909	1	0	0	0	0	0	0	0	0	1	0
C	Marios	24	131	10	1	4_____	125250	1	2	0	0	0	0	0	0	0	0	0
C	Marios	24	131	10	1	4_____	125712	2	0	0	0	0	1	0	0	0	0	0
C	Marios	24	131	10	1	4_____	125750	2	7	0	0	0	0	0	0	0	0	0
C	Marios	24	131	10	1	4_____	125755	7	0	0	0	0	0	0	0	0	1	0
C	Marios	24	131	10	1	4_____	125845	7	0	0	0	0	1	0	0	0	0	0
C	Marios	24	131	10	1	4_____	126000	7	0	0	0	0	0	0	0	0	1	0
C	Marios	24	131	10	1	4_____	126007	7	0	0	0	0	1	0	0	0	0	0
C	Marios	24	131	10	1	4_____	126105	7	0	0	0	0	0	0	0	0	1	0
C	Marios	24	131	10	1	4_____	126111	7	0	0	0	0	1	0	0	0	0	0
C	Marios	24	131	10	1	4_____	126196	7	0	0	0	0	0	0	0	0	1	0
C	Marios	24	131	10	1	4_____	126205	7	0	0	0	0	1	0	0	0	0	0
C	Marios	24	131	10	1	4_____	126208	7	0	0	0	0	0	0	0	0	1	0
C	Marios	24	131	10	1	4_____	126219	7	0	0	0	0	1	0	0	0	0	0
C	Marios	24	131	10	1	4_____	126250	7	10	0	0	0	0	0	0	0	0	0
C	Marios	24	131	10	1	4_____	126480	10	0	0	0	0	0	0	0	0	1	0
C	Marios	24	131	10	1	4_____	126750	10	1	0	0	0	0	0	0	0	0	0
C	Marios	24	131	10	1	4_____	128250	1	2	0	0	0	0	0	0	0	0	0
C	Marios	24	131	10	1	4_____	128750	2	6	0	0	0	0	0	0	0	0	0
C	Marios	24	131	10	1	4_____	128887	6	0	0	0	0	1	0	0	0	0	0
C	Marios	24	131	10	1	4_____	129024	6	0	0	0	0	0	0	0	0	1	0
C	Marios	24	131	10	1	4_____	129027	6	0	0	0	0	1	0	0	0	0	0
C	Marios	24	131	10	1	4_____	129086	6	0	0	0	0	0	0	0	0	1	0
C	Marios	24	131	10	1	4_____	129096	6	0	0	0	0	1	0	0	0	0	0
C	Marios	24	131	10	1	4_____	129129	6	0	0	0	0	0	0	0	0	1	0
C	Marios	24	131	10	1	4_____	129148	6	0	0	0	0	1	0	0	0	0	0
C	Marios	24	131	10	1	4_____	129195	6	0	0	0	0	0	0	0	0	1	0
C	Marios	24	131	10	1	4_____	129198	6	0	0	0	0	1	0	0	0	0	0
C	Marios	24	131	10	1	4_____	129223	6	0	0	0	0	0	0	0	0	1	0
C	Marios	24	131	10	1	4_____	129228	6	0	0	0	0	1	0	0	0	0	0
C	Marios	24	131	10	1	4_____	129250	6	11	0	0	0	0	0	0	0	0	0
C	Marios	24	131	10	1	4_____	129530	11	0	0	0	0	0	0	0	0	1	0
C	Marios	24	131	10	1	4_____	129552	11	0	0	0	0	1	0	0	0	0	0
C	Marios	24	131	10	1	4_____	129584	11	0	0	0	0	0	0	0	0	1	0
C	Marios	24	131	10	1	4_____	129625	11	0	0	0	0	1	0	0	0	0	0
C	Marios	24	131	10	1	4_____	129660	11	0	0	0	0	0	0	0	0	1	0
C	Marios	24	131	10	1	4_____	129750	11	1	0	0	0	0	0	0	0	0	0
C	Marios	24	131	10	1	4_____	129896	1	0	0	0	0	1	0	0	0	0	0
C	Marios	24	131	10	1	4_____	130014	1	0	0	0	0	0	0	0	0	1	0
C	Marios	24	131	10	1	4_____	130676	1	0	0	0	0	1	0	0	0	0	0
C	Marios	24	131	10	1	4_____	130728	1	0	0	0	0	0	0	0	0	1	0
C	Marios	24	131	10	1	4_____	137250	1	2	0	0	0	0	0	0	0	0	0
C	Marios	24	131	10	1	4_____	137750	2	12	0	0	0	0	0	0	0	0	0
C	Marios	24	131	10	1	4_____	137851	12	0	0	0	0	1	0	0	0	0	0
C	Marios	24	131	10	1	4_____	138009	12	0	0	0	0	0	0	0	0	1	0
C	Marios	24	131	10	1	4_____	138015	12	0	0	0	0	1	0	0	0	0	0
C	Marios	24	131	10	1	4_____	138122	12	0	0	0	0	0	0	0	0	1	0
C	Marios	24	131	10	1	4_____	138130	12	0	0	0	0	1	0	0	0	0	0
C	Marios	24	131	10	1	4_____	138161	12	0	0	0	0	0	0	0	0	1	0
C	Marios	24	131	10	1	4_____	138171	12	0	0	0	0	1	0	0	0	0	0
C	Marios	24	131	10	1	4_____	138188	12	0	0	0	0	0	0	0	0	1	0
C	Marios	24	131	10	1	4_____	138189	12	0	0	0	0	1	0	0	0	0	0
C	Marios	24	131	10	1	4_____	138250	12	15	0	0	0	0	0	0	0	0	0
C	Marios	24	131	10	1	4_____	138325	15	0	0	0	0	0	0	0	0	1	0
C	Marios	24	131	10	1	4_____	138331	15	0	0	0	0	1	0	0	0	0	0
C	Marios	24	131	10	1	4_____	138337	15	0	0	0	0	0	0	0	0	1	0
C	Marios	24	131	10	1	4_____	138356	15	0	0	0	0	1	0	0	0	0	0
C	Marios	24	131	10	1	4_____	138417	15	0	0	0	0	0	0	0	0	1	0
C	Marios	24	131	10	1	4_____	138549	15	0	0	0	0	1	0	0	0	0	0
C	Marios	24	131	10	1	4_____	138633	15	0	0	0	0	0	0	0	0	1	0
C	Marios	24	131	10	1	4_____	138750	15	1	0	0	0	0	0	0	0	0	0
C	Marios	24	131	10	1	4_____	142500	1	2	0	0	0	0	0	0	0	0	0
C	Marios	24	131	10	1	4_____	143000	2	13	0	0	0	0	0	0	0	0	0
C	Marios	24	131	10	1	4_____	143337	13	0	0	0	0	1	0	0	0	0	0
C	Marios	24	131	10	1	4_____	143500	13	15	0	0	0	0	0	0	0	0	0
C	Marios	24	131	10	1	4_____	143618	15	0	0	0	0	0	0	0	0	1	0
C	Marios	24	131	10	1	4_____	144000	15	14	0	0	0	0	0	0	0	0	0
C	Marios	24	131	10	1	4_____	147000	14	-1	0	0	0	0	0	0	0	0	0
C	Marios	24	131	14	1	29____	0	0	1	0	0	0	0	0	0	0	0	0
C	Marios	24	131	14	1	29____	2250	1	2	0	0	0	0	0	0	0	0	0
C	Marios	24	131	14	1	29____	2681	2	0	0	0	0	1	0	0	0	0	0
C	Marios	24	131	14	1	29____	2687	2	0	0	0	0	1	0	0	0	1	0
C	Marios	24	131	14	1	29____	2689	2	0	0	0	0	0	0	0	0	1	0
C	Marios	24	131	14	1	29____	2699	2	0	0	0	0	1	0	0	0	0	0
C	Marios	24	131	14	1	29____	2722	2	0	0	0	0	0	0	0	0	1	0
C	Marios	24	131	14	1	29____	2750	2	6	0	0	0	0	0	0	0	0	0
C	Marios	24	131	14	1	29____	2828	6	0	0	0	0	1	0	0	0	0	0
C	Marios	24	131	14	1	29____	2991	6	0	0	0	0	0	0	0	0	1	0
C	Marios	24	131	14	1	29____	3021	6	0	0	0	0	1	0	0	0	0	0
C	Marios	24	131	14	1	29____	3168	6	0	0	0	0	0	0	0	0	1	0
C	Marios	24	131	14	1	29____	3180	6	0	0	0	0	1	0	0	0	0	0
C	Marios	24	131	14	1	29____	3213	6	0	0	0	0	0	0	0	0	1	0
C	Marios	24	131	14	1	29____	3231	6	0	0	0	0	1	0	0	0	0	0
C	Marios	24	131	14	1	29____	3250	6	11	0	0	0	0	0	0	0	0	0
C	Marios	24	131	14	1	29____	3469	11	0	0	0	0	0	0	0	0	1	0
C	Marios	24	131	14	1	29____	3560	11	0	0	0	0	1	0	0	0	0	0
C	Marios	24	131	14	1	29____	3576	11	0	0	0	0	0	0	0	0	1	0
C	Marios	24	131	14	1	29____	3679	11	0	0	0	0	1	0	0	0	0	0
C	Marios	24	131	14	1	29____	3681	11	0	0	0	0	0	0	0	0	1	0
C	Marios	24	131	14	1	29____	3750	11	1	0	0	0	0	0	0	0	0	0
C	Marios	24	131	14	1	29____	3941	1	0	0	0	0	1	0	0	0	0	0
C	Marios	24	131	14	1	29____	3964	1	0	0	0	0	0	0	0	0	1	0
C	Marios	24	131	14	1	29____	6228	1	0	0	0	0	1	0	0	0	0	0
C	Marios	24	131	14	1	29____	6230	1	0	0	0	0	0	0	0	0	1	0
C	Marios	24	131	14	1	29____	7616	1	0	0	0	0	1	0	0	0	0	0
C	Marios	24	131	14	1	29____	7634	1	0	0	0	0	0	0	0	0	1	0
C	Marios	24	131	14	1	29____	8250	1	2	0	0	0	0	0	0	0	0	0
C	Marios	24	131	14	1	29____	8750	2	12	0	0	0	0	0	0	0	0	0
C	Marios	24	131	14	1	29____	9250	12	15	0	0	0	0	0	0	0	0	0
C	Marios	24	131	14	1	29____	9610	15	0	0	0	0	1	0	0	0	0	0
C	Marios	24	131	14	1	29____	9613	15	0	0	0	0	1	0	0	0	1	0
C	Marios	24	131	14	1	29____	9636	15	0	0	0	0	0	0	0	0	1	0
C	Marios	24	131	14	1	29____	9750	15	1	0	0	0	0	0	0	0	0	0
C	Marios	24	131	14	1	29____	10484	1	0	0	0	0	1	0	0	0	0	0
C	Marios	24	131	14	1	29____	10495	1	0	0	0	0	0	0	0	0	1	0
C	Marios	24	131	14	1	29____	11667	1	0	0	0	0	1	0	0	0	0	0
C	Marios	24	131	14	1	29____	11671	1	0	0	0	0	0	0	0	0	1	0
C	Marios	24	131	14	1	29____	11688	1	0	0	0	0	1	0	0	0	0	0
C	Marios	24	131	14	1	29____	11702	1	0	0	0	0	0	0	0	0	1	0
C	Marios	24	131	14	1	29____	11709	1	0	0	0	0	1	0	0	0	0	0
C	Marios	24	131	14	1	29____	11722	1	0	0	0	0	0	0	0	0	1	0
C	Marios	24	131	14	1	29____	11790	1	0	0	0	0	1	0	0	0	0	0
C	Marios	24	131	14	1	29____	11845	1	0	0	0	0	0	0	0	0	1	0
C	Marios	24	131	14	1	29____	13386	1	0	0	0	0	1	0	0	0	0	0
C	Marios	24	131	14	1	29____	13421	1	0	0	0	0	0	0	0	0	1	0
C	Marios	24	131	14	1	29____	13581	1	0	0	0	0	1	0	0	0	0	0
C	Marios	24	131	14	1	29____	13646	1	0	0	0	0	0	0	0	0	1	0
C	Marios	24	131	14	1	29____	13907	1	0	0	0	0	1	0	0	0	0	0
C	Marios	24	131	14	1	29____	13922	1	0	0	0	0	0	0	0	0	1	0
C	Marios	24	131	14	1	29____	14557	1	0	0	0	0	1	0	0	0	0	0
C	Marios	24	131	14	1	29____	14559	1	0	0	0	0	0	0	0	0	1	0
C	Marios	24	131	14	1	29____	14587	1	0	0	0	0	1	0	0	0	0	0
C	Marios	24	131	14	1	29____	14588	1	0	0	0	0	0	0	0	0	1	0
C	Marios	24	131	14	1	29____	15250	1	2	0	0	0	0	0	0	0	0	0
C	Marios	24	131	14	1	29____	15750	2	12	0	0	0	0	0	0	0	0	0
C	Marios	24	131	14	1	29____	16250	12	15	0	0	0	0	0	0	0	0	0
C	Marios	24	131	14	1	29____	16506	15	0	0	0	0	1	0	0	0	0	0
C	Marios	24	131	14	1	29____	16512	15	0	0	0	0	0	0	0	0	1	0
C	Marios	24	131	14	1	29____	16750	15	1	0	0	0	0	0	0	0	0	0
C	Marios	24	131	14	1	29____	17113	1	0	0	0	0	1	0	0	0	0	0
C	Marios	24	131	14	1	29____	17120	1	0	0	0	0	0	0	0	0	1	0
C	Marios	24	131	14	1	29____	17655	1	0	0	0	0	1	0	0	0	0	0
C	Marios	24	131	14	1	29____	17657	1	0	0	0	0	0	0	0	0	1	0
C	Marios	24	131	14	1	29____	21021	1	0	0	0	0	1	0	0	0	0	0
C	Marios	24	131	14	1	29____	21117	1	0	0	0	0	0	0	0	0	1	0
C	Marios	24	131	14	1	29____	21305	1	0	0	0	0	1	0	0	0	0	0
C	Marios	24	131	14	1	29____	21324	1	0	0	0	0	0	0	0	0	1	0
C	Marios	24	131	14	1	29____	21354	1	0	0	0	0	1	0	0	0	0	0
C	Marios	24	131	14	1	29____	21448	1	0	0	0	0	0	0	0	0	1	0
C	Marios	24	131	14	1	29____	21639	1	0	0	0	0	1	0	0	0	0	0
C	Marios	24	131	14	1	29____	21663	1	0	0	0	0	0	0	0	0	1	0
C	Marios	24	131	14	1	29____	21704	1	0	0	0	0	1	0	0	0	0	0
C	Marios	24	131	14	1	29____	21718	1	0	0	0	0	0	0	0	0	1	0
C	Marios	24	131	14	1	29____	21794	1	0	0	0	0	1	0	0	0	0	0
C	Marios	24	131	14	1	29____	21862	1	0	0	0	0	0	0	0	0	1	0
C	Marios	24	131	14	1	29____	23500	1	2	0	0	0	0	0	0	0	0	0
C	Marios	24	131	14	1	29____	24000	2	13	0	0	0	0	0	0	0	0	0
C	Marios	24	131	14	1	29____	24500	13	15	0	0	0	0	0	0	0	0	0
C	Marios	24	131	14	1	29____	24504	15	0	0	0	0	1	0	0	0	0	0
C	Marios	24	131	14	1	29____	24554	15	0	0	0	0	0	0	0	0	1	0
C	Marios	24	131	14	1	29____	24592	15	0	0	0	0	1	0	0	0	0	0
C	Marios	24	131	14	1	29____	24615	15	0	0	0	0	0	0	0	0	1	0
C	Marios	24	131	14	1	29____	25000	15	1	0	0	0	0	0	0	0	0	0
C	Marios	24	131	14	1	29____	26897	1	0	0	0	0	1	0	0	0	0	0
C	Marios	24	131	14	1	29____	26905	1	0	0	0	0	0	0	0	0	1	0
C	Marios	24	131	14	1	29____	26938	1	0	0	0	0	1	0	0	0	0	0
C	Marios	24	131	14	1	29____	26988	1	0	0	0	0	0	0	0	0	1	0
C	Marios	24	131	14	1	29____	27036	1	0	0	0	0	1	0	0	0	0	0
C	Marios	24	131	14	1	29____	27078	1	0	0	0	0	0	0	0	0	1	0
C	Marios	24	131	14	1	29____	30159	1	0	0	0	0	1	0	0	0	0	0
C	Marios	24	131	14	1	29____	30171	1	0	0	0	0	0	0	0	0	1	0
C	Marios	24	131	14	1	29____	30363	1	0	0	0	0	1	0	0	0	0	0
C	Marios	24	131	14	1	29____	30370	1	0	0	0	0	0	0	0	0	1	0
C	Marios	24	131	14	1	29____	30379	1	0	0	0	0	1	0	0	0	0	0
C	Marios	24	131	14	1	29____	30421	1	0	0	0	0	0	0	0	0	1	0
C	Marios	24	131	14	1	29____	30488	1	0	0	0	0	1	0	0	0	0	0
C	Marios	24	131	14	1	29____	30529	1	0	0	0	0	0	0	0	0	1	0
C	Marios	24	131	14	1	29____	31531	1	0	0	0	0	1	0	0	0	0	0
C	Marios	24	131	14	1	29____	31554	1	0	0	0	0	0	0	0	0	1	0
C	Marios	24	131	14	1	29____	32161	1	0	0	0	0	1	0	0	0	0	0
C	Marios	24	131	14	1	29____	32167	1	0	0	0	0	0	0	0	0	1	0
C	Marios	24	131	14	1	29____	32500	1	2	0	0	0	0	0	0	0	0	0
C	Marios	24	131	14	1	29____	33000	2	13	0	0	0	0	0	0	0	0	0
C	Marios	24	131	14	1	29____	33500	13	15	0	0	0	0	0	0	0	0	0
C	Marios	24	131	14	1	29____	34000	15	1	0	0	0	0	0	0	0	0	0
C	Marios	24	131	14	1	29____	35332	1	0	0	0	0	1	0	0	0	0	0
C	Marios	24	131	14	1	29____	35405	1	0	0	0	0	0	0	0	0	1	0
C	Marios	24	131	14	1	29____	35406	1	0	0	0	0	1	0	0	0	0	0
C	Marios	24	131	14	1	29____	35426	1	0	0	0	0	0	0	0	0	1	0
C	Marios	24	131	14	1	29____	35481	1	0	0	0	0	1	0	0	0	0	0
C	Marios	24	131	14	1	29____	35483	1	0	0	0	0	0	0	0	0	1	0
C	Marios	24	131	14	1	29____	35500	1	2	0	0	0	0	0	0	0	0	0
C	Marios	24	131	14	1	29____	36000	2	7	0	0	0	0	0	0	0	0	0
C	Marios	24	131	14	1	29____	36165	7	0	0	0	0	1	0	0	0	0	0
C	Marios	24	131	14	1	29____	36205	7	0	0	0	0	0	0	0	0	1	0
C	Marios	24	131	14	1	29____	36209	7	0	0	0	0	1	0	0	0	0	0
C	Marios	24	131	14	1	29____	36344	7	0	0	0	0	0	0	0	0	1	0
C	Marios	24	131	14	1	29____	36405	7	0	0	0	0	1	0	0	0	0	0
C	Marios	24	131	14	1	29____	36424	7	0	0	0	0	0	0	0	0	1	0
C	Marios	24	131	14	1	29____	36428	7	0	0	0	0	1	0	0	0	0	0
C	Marios	24	131	14	1	29____	36430	7	0	0	0	0	0	0	0	0	1	0
C	Marios	24	131	14	1	29____	36433	7	0	0	0	0	1	0	0	0	0	0
C	Marios	24	131	14	1	29____	36435	7	0	0	0	0	0	0	0	0	1	0
C	Marios	24	131	14	1	29____	36483	7	0	0	0	0	1	0	0	0	0	0
C	Marios	24	131	14	1	29____	36495	7	0	0	0	0	0	0	0	0	1	0
C	Marios	24	131	14	1	29____	36500	7	10	0	0	0	0	0	0	0	0	0
C	Marios	24	131	14	1	29____	36503	10	0	0	0	0	1	0	0	0	0	0
C	Marios	24	131	14	1	29____	36792	10	0	0	0	0	0	0	0	0	1	0
C	Marios	24	131	14	1	29____	37000	10	1	0	0	0	0	0	0	0	0	0
C	Marios	24	131	14	1	29____	38425	1	0	0	0	0	1	0	0	0	0	0
C	Marios	24	131	14	1	29____	38524	1	0	0	0	0	0	0	0	0	1	0
C	Marios	24	131	14	1	29____	38675	1	0	0	0	0	1	0	0	0	0	0
C	Marios	24	131	14	1	29____	38692	1	0	0	0	0	0	0	0	0	1	0
C	Marios	24	131	14	1	29____	41142	1	0	0	0	0	1	0	0	0	0	0
C	Marios	24	131	14	1	29____	41150	1	0	0	0	0	0	0	0	0	1	0
C	Marios	24	131	14	1	29____	41757	1	0	0	0	0	1	0	0	0	0	0
C	Marios	24	131	14	1	29____	41767	1	0	0	0	0	0	0	0	0	1	0
C	Marios	24	131	14	1	29____	42250	1	2	0	0	0	0	0	0	0	0	0
C	Marios	24	131	14	1	29____	42556	2	0	0	0	0	1	0	0	0	0	0
C	Marios	24	131	14	1	29____	42583	2	0	0	0	0	0	0	0	0	1	0
C	Marios	24	131	14	1	29____	42593	2	0	0	0	0	1	0	0	0	0	0
C	Marios	24	131	14	1	29____	42601	2	0	0	0	0	0	0	0	0	1	0
C	Marios	24	131	14	1	29____	42602	2	0	0	0	0	1	0	0	0	0	0
C	Marios	24	131	14	1	29____	42750	2	7	0	0	0	0	0	0	0	0	0
C	Marios	24	131	14	1	29____	42757	7	0	0	0	0	0	0	0	0	1	0
C	Marios	24	131	14	1	29____	42779	7	0	0	0	0	1	0	0	0	0	0
C	Marios	24	131	14	1	29____	42861	7	0	0	0	0	0	0	0	0	1	0
C	Marios	24	131	14	1	29____	42915	7	0	0	0	0	1	0	0	0	0	0
C	Marios	24	131	14	1	29____	42945	7	0	0	0	0	0	0	0	0	1	0
C	Marios	24	131	14	1	29____	42995	7	0	0	0	0	1	0	0	0	0	0
C	Marios	24	131	14	1	29____	43062	7	0	0	0	0	0	0	0	0	1	0
C	Marios	24	131	14	1	29____	43101	7	0	0	0	0	1	0	0	0	0	0
C	Marios	24	131	14	1	29____	43116	7	0	0	0	0	0	0	0	0	1	0
C	Marios	24	131	14	1	29____	43180	7	0	0	0	0	1	0	0	0	0	0
C	Marios	24	131	14	1	29____	43194	7	0	0	0	0	0	0	0	0	1	0
C	Marios	24	131	14	1	29____	43250	7	10	0	0	0	0	0	0	0	0	0
C	Marios	24	131	14	1	29____	43272	10	0	0	0	0	1	0	0	0	0	0
C	Marios	24	131	14	1	29____	43509	10	0	0	0	0	0	0	0	0	1	0
C	Marios	24	131	14	1	29____	43750	10	1	0	0	0	0	0	0	0	0	0
C	Marios	24	131	14	1	29____	43987	1	0	0	0	0	1	0	0	0	0	0
C	Marios	24	131	14	1	29____	44016	1	0	0	0	0	0	0	0	0	1	0
C	Marios	24	131	14	1	29____	45307	1	0	0	0	0	1	0	0	0	0	0
C	Marios	24	131	14	1	29____	45420	1	0	0	0	0	0	0	0	0	1	0
C	Marios	24	131	14	1	29____	45640	1	0	0	0	0	1	0	0	0	0	0
C	Marios	24	131	14	1	29____	45701	1	0	0	0	0	0	0	0	0	1	0
C	Marios	24	131	14	1	29____	45774	1	0	0	0	0	1	0	0	0	0	0
C	Marios	24	131	14	1	29____	45811	1	0	0	0	0	0	0	0	0	1	0
C	Marios	24	131	14	1	29____	46153	1	0	0	0	0	1	0	0	0	0	0
C	Marios	24	131	14	1	29____	46155	1	0	0	0	0	0	0	0	0	1	0
C	Marios	24	131	14	1	29____	46175	1	0	0	0	0	1	0	0	0	0	0
C	Marios	24	131	14	1	29____	46177	1	0	0	0	0	0	0	0	0	1	0
C	Marios	24	131	14	1	29____	48113	1	0	0	0	0	1	0	0	0	0	0
C	Marios	24	131	14	1	29____	48122	1	0	0	0	0	0	0	0	0	1	0
C	Marios	24	131	14	1	29____	49064	1	0	0	0	0	1	0	0	0	0	0
C	Marios	24	131	14	1	29____	49264	1	0	0	0	0	0	0	0	0	1	0
C	Marios	24	131	14	1	29____	49491	1	0	0	0	0	1	0	0	0	0	0
C	Marios	24	131	14	1	29____	49618	1	0	0	0	0	0	0	0	0	1	0
C	Marios	24	131	14	1	29____	49649	1	0	0	0	0	1	0	0	0	0	0
C	Marios	24	131	14	1	29____	49734	1	0	0	0	0	0	0	0	0	1	0
C	Marios	24	131	14	1	29____	49750	1	2	0	0	0	0	0	0	0	0	0
C	Marios	24	131	14	1	29____	49907	2	0	0	0	0	1	0	0	0	0	0
C	Marios	24	131	14	1	29____	49928	2	0	0	0	0	0	0	0	0	1	0
C	Marios	24	131	14	1	29____	49941	2	0	0	0	0	1	0	0	0	0	0
C	Marios	24	131	14	1	29____	49989	2	0	0	0	0	0	0	0	0	1	0
C	Marios	24	131	14	1	29____	49990	2	0	0	0	0	1	0	0	0	0	0
C	Marios	24	131	14	1	29____	50011	2	0	0	0	0	0	0	0	0	1	0
C	Marios	24	131	14	1	29____	50017	2	0	0	0	0	1	0	0	0	0	0
C	Marios	24	131	14	1	29____	50057	2	0	0	0	0	1	0	0	0	1	0
C	Marios	24	131	14	1	29____	50066	2	0	0	0	0	0	0	0	0	1	0
C	Marios	24	131	14	1	29____	50076	2	0	0	0	0	1	0	0	0	0	0
C	Marios	24	131	14	1	29____	50086	2	0	0	0	0	0	0	0	0	1	0
C	Marios	24	131	14	1	29____	50102	2	0	0	0	0	1	0	0	0	0	0
C	Marios	24	131	14	1	29____	50242	2	0	0	0	0	0	0	0	0	1	0
C	Marios	24	131	14	1	29____	50250	2	13	0	0	0	0	0	0	0	0	0
C	Marios	24	131	14	1	29____	50301	13	0	0	0	0	1	0	0	0	0	0
C	Marios	24	131	14	1	29____	50321	13	0	0	0	0	0	0	0	0	1	0
C	Marios	24	131	14	1	29____	50381	13	0	0	0	0	1	0	0	0	0	0
C	Marios	24	131	14	1	29____	50386	13	0	0	0	0	0	0	0	0	1	0
C	Marios	24	131	14	1	29____	50425	13	0	0	0	0	1	0	0	0	0	0
C	Marios	24	131	14	1	29____	50445	13	0	0	0	0	0	0	0	0	1	0
C	Marios	24	131	14	1	29____	50502	13	0	0	0	0	1	0	0	0	0	0
C	Marios	24	131	14	1	29____	50542	13	0	0	0	0	0	0	0	0	1	0
C	Marios	24	131	14	1	29____	50601	13	0	0	0	0	1	0	0	0	0	0
C	Marios	24	131	14	1	29____	50616	13	0	0	0	0	0	0	0	0	1	0
C	Marios	24	131	14	1	29____	50750	13	15	0	0	0	0	0	0	0	0	0
C	Marios	24	131	14	1	29____	50764	15	0	0	0	0	1	0	0	0	0	0
C	Marios	24	131	14	1	29____	50825	15	0	0	0	0	0	0	0	0	1	0
C	Marios	24	131	14	1	29____	50870	15	0	0	0	0	1	0	0	0	0	0
C	Marios	24	131	14	1	29____	50875	15	0	0	0	0	0	0	0	0	1	0
C	Marios	24	131	14	1	29____	51250	15	1	0	0	0	0	0	0	0	0	0
C	Marios	24	131	14	1	29____	51554	1	0	0	0	0	1	0	0	0	0	0
C	Marios	24	131	14	1	29____	51567	1	0	0	0	0	0	0	0	0	1	0
C	Marios	24	131	14	1	29____	51585	1	0	0	0	0	1	0	0	0	0	0
C	Marios	24	131	14	1	29____	51727	1	0	0	0	0	0	0	0	0	1	0
C	Marios	24	131	14	1	29____	52216	1	0	0	0	0	1	0	0	0	0	0
C	Marios	24	131	14	1	29____	52834	1	0	0	0	0	0	0	0	0	1	0
C	Marios	24	131	14	1	29____	54497	1	0	0	0	0	1	0	0	0	0	0
C	Marios	24	131	14	1	29____	54672	1	0	0	0	0	0	0	0	0	1	0
C	Marios	24	131	14	1	29____	54908	1	0	0	0	0	1	0	0	0	0	0
C	Marios	24	131	14	1	29____	54963	1	0	0	0	0	0	0	0	0	1	0
C	Marios	24	131	14	1	29____	55079	1	0	0	0	0	1	0	0	0	0	0
C	Marios	24	131	14	1	29____	55101	1	0	0	0	0	0	0	0	0	1	0
C	Marios	24	131	14	1	29____	55313	1	0	0	0	0	1	0	0	0	0	0
C	Marios	24	131	14	1	29____	55437	1	0	0	0	0	0	0	0	0	1	0
C	Marios	24	131	14	1	29____	55750	1	2	0	0	0	0	0	0	0	0	0
C	Marios	24	131	14	1	29____	56250	2	13	0	0	0	0	0	0	0	0	0
C	Marios	24	131	14	1	29____	56341	13	0	0	0	0	1	0	0	0	0	0
C	Marios	24	131	14	1	29____	56357	13	0	0	0	0	0	0	0	0	1	0
C	Marios	24	131	14	1	29____	56630	13	0	0	0	0	1	0	0	0	0	0
C	Marios	24	131	14	1	29____	56750	13	15	0	0	0	0	0	0	0	0	0
C	Marios	24	131	14	1	29____	56818	15	0	0	0	0	0	0	0	0	1	0
C	Marios	24	131	14	1	29____	56849	15	0	0	0	0	1	0	0	0	0	0
C	Marios	24	131	14	1	29____	56881	15	0	0	0	0	0	0	0	0	1	0
C	Marios	24	131	14	1	29____	56988	15	0	0	0	0	1	0	0	0	0	0
C	Marios	24	131	14	1	29____	57001	15	0	0	0	0	0	0	0	0	1	0
C	Marios	24	131	14	1	29____	57183	15	0	0	0	0	1	0	0	0	0	0
C	Marios	24	131	14	1	29____	57250	15	1	0	0	0	0	0	0	0	0	0
C	Marios	24	131	14	1	29____	57300	1	0	0	0	0	0	0	0	0	1	0
C	Marios	24	131	14	1	29____	57421	1	0	0	0	0	1	0	0	0	0	0
C	Marios	24	131	14	1	29____	57479	1	0	0	0	0	0	0	0	0	1	0
C	Marios	24	131	14	1	29____	58515	1	0	0	0	0	1	0	0	0	0	0
C	Marios	24	131	14	1	29____	58527	1	0	0	0	0	0	0	0	0	1	0
C	Marios	24	131	14	1	29____	58540	1	0	0	0	0	1	0	0	0	0	0
C	Marios	24	131	14	1	29____	58653	1	0	0	0	0	0	0	0	0	1	0
C	Marios	24	131	14	1	29____	58654	1	0	0	0	0	1	0	0	0	0	0
C	Marios	24	131	14	1	29____	58721	1	0	0	0	0	0	0	0	0	1	0
C	Marios	24	131	14	1	29____	59785	1	0	0	0	0	1	0	0	0	0	0
C	Marios	24	131	14	1	29____	59797	1	0	0	0	0	0	0	0	0	1	0
C	Marios	24	131	14	1	29____	59883	1	0	0	0	0	1	0	0	0	0	0
C	Marios	24	131	14	1	29____	59931	1	0	0	0	0	0	0	0	0	1	0
C	Marios	24	131	14	1	29____	59983	1	0	0	0	0	1	0	0	0	0	0
C	Marios	24	131	14	1	29____	59988	1	0	0	0	0	0	0	0	0	1	0
C	Marios	24	131	14	1	29____	60036	1	0	0	0	0	1	0	0	0	0	0
C	Marios	24	131	14	1	29____	60098	1	0	0	0	0	0	0	0	0	1	0
C	Marios	24	131	14	1	29____	60241	1	0	0	0	0	1	0	0	0	0	0
C	Marios	24	131	14	1	29____	60319	1	0	0	0	0	0	0	0	0	1	0
C	Marios	24	131	14	1	29____	60399	1	0	0	0	0	1	0	0	0	0	0
C	Marios	24	131	14	1	29____	60646	1	0	0	0	0	0	0	0	0	1	0
C	Marios	24	131	14	1	29____	60721	1	0	0	0	0	1	0	0	0	0	0
C	Marios	24	131	14	1	29____	60750	1	2	0	0	0	0	0	0	0	0	0
C	Marios	24	131	14	1	29____	60752	2	0	0	0	0	0	0	0	0	1	0
C	Marios	24	131	14	1	29____	60915	2	0	0	0	0	1	0	0	0	0	0
C	Marios	24	131	14	1	29____	60918	2	0	0	0	0	0	0	0	0	1	0
C	Marios	24	131	14	1	29____	61217	2	0	0	0	0	1	0	0	0	0	0
C	Marios	24	131	14	1	29____	61250	2	6	0	0	0	0	0	0	0	0	0
C	Marios	24	131	14	1	29____	61253	6	0	0	0	0	0	0	0	0	1	0
C	Marios	24	131	14	1	29____	61310	6	0	0	0	0	1	0	0	0	0	0
C	Marios	24	131	14	1	29____	61519	6	0	0	0	0	0	0	0	0	1	0
C	Marios	24	131	14	1	29____	61554	6	0	0	0	0	1	0	0	0	0	0
C	Marios	24	131	14	1	29____	61567	6	0	0	0	0	0	0	0	0	1	0
C	Marios	24	131	14	1	29____	61607	6	0	0	0	0	1	0	0	0	0	0
C	Marios	24	131	14	1	29____	61750	6	11	0	0	0	0	0	0	0	0	0
C	Marios	24	131	14	1	29____	62084	11	0	0	0	0	0	0	0	0	1	0
C	Marios	24	131	14	1	29____	62096	11	0	0	0	0	1	0	0	0	0	0
C	Marios	24	131	14	1	29____	62101	11	0	0	0	0	0	0	0	0	1	0
C	Marios	24	131	14	1	29____	62103	11	0	0	0	0	1	0	0	0	0	0
C	Marios	24	131	14	1	29____	62108	11	0	0	0	0	0	0	0	0	1	0
C	Marios	24	131	14	1	29____	62112	11	0	0	0	0	1	0	0	0	0	0
C	Marios	24	131	14	1	29____	62116	11	0	0	0	0	0	0	0	0	1	0
C	Marios	24	131	14	1	29____	62119	11	0	0	0	0	1	0	0	0	0	0
C	Marios	24	131	14	1	29____	62123	11	0	0	0	0	0	0	0	0	1	0
C	Marios	24	131	14	1	29____	62125	11	0	0	0	0	1	0	0	0	0	0
C	Marios	24	131	14	1	29____	62133	11	0	0	0	0	0	0	0	0	1	0
C	Marios	24	131	14	1	29____	62135	11	0	0	0	0	1	0	0	0	0	0
C	Marios	24	131	14	1	29____	62138	11	0	0	0	0	0	0	0	0	1	0
C	Marios	24	131	14	1	29____	62142	11	0	0	0	0	1	0	0	0	0	0
C	Marios	24	131	14	1	29____	62145	11	0	0	0	0	0	0	0	0	1	0
C	Marios	24	131	14	1	29____	62250	11	1	0	0	0	0	0	0	0	0	0
C	Marios	24	131	14	1	29____	63716	1	0	0	0	0	1	0	0	0	0	0
C	Marios	24	131	14	1	29____	63734	1	0	0	0	0	0	0	0	0	1	0
C	Marios	24	131	14	1	29____	63738	1	0	0	0	0	1	0	0	0	0	0
C	Marios	24	131	14	1	29____	63740	1	0	0	0	0	0	0	0	0	1	0
C	Marios	24	131	14	1	29____	63852	1	0	0	0	0	1	0	0	0	0	0
C	Marios	24	131	14	1	29____	63959	1	0	0	0	0	0	0	0	0	1	0
C	Marios	24	131	14	1	29____	66000	1	2	0	0	0	0	0	0	0	0	0
C	Marios	24	131	14	1	29____	66500	2	12	0	0	0	0	0	0	0	0	0
C	Marios	24	131	14	1	29____	66569	12	0	0	0	0	1	0	0	0	0	0
C	Marios	24	131	14	1	29____	66576	12	0	0	0	0	0	0	0	0	1	0
C	Marios	24	131	14	1	29____	66709	12	0	0	0	0	1	0	0	0	0	0
C	Marios	24	131	14	1	29____	66754	12	0	0	0	0	0	0	0	0	1	0
C	Marios	24	131	14	1	29____	66902	12	0	0	0	0	1	0	0	0	0	0
C	Marios	24	131	14	1	29____	67000	12	15	0	0	0	0	0	0	0	0	0
C	Marios	24	131	14	1	29____	67058	15	0	0	0	0	0	0	0	0	1	0
C	Marios	24	131	14	1	29____	67103	15	0	0	0	0	1	0	0	0	0	0
C	Marios	24	131	14	1	29____	67107	15	0	0	0	0	0	0	0	0	1	0
C	Marios	24	131	14	1	29____	67114	15	0	0	0	0	1	0	0	0	0	0
C	Marios	24	131	14	1	29____	67183	15	0	0	0	0	0	0	0	0	1	0
C	Marios	24	131	14	1	29____	67231	15	0	0	0	0	1	0	0	0	0	0
C	Marios	24	131	14	1	29____	67254	15	0	0	0	0	0	0	0	0	1	0
C	Marios	24	131	14	1	29____	67362	15	0	0	0	0	1	0	0	0	0	0
C	Marios	24	131	14	1	29____	67369	15	0	0	0	0	0	0	0	0	1	0
C	Marios	24	131	14	1	29____	67417	15	0	0	0	0	1	0	0	0	0	0
C	Marios	24	131	14	1	29____	67500	15	1	0	0	0	0	0	0	0	0	0
C	Marios	24	131	14	1	29____	67683	1	0	0	0	0	0	0	0	0	1	0
C	Marios	24	131	14	1	29____	67746	1	0	0	0	0	1	0	0	0	0	0
C	Marios	24	131	14	1	29____	67968	1	0	0	0	0	0	0	0	0	1	0
C	Marios	24	131	14	1	29____	67969	1	0	0	0	0	1	0	0	0	0	0
C	Marios	24	131	14	1	29____	67971	1	0	0	0	0	0	0	0	0	1	0
C	Marios	24	131	14	1	29____	68001	1	0	0	0	0	1	0	0	0	0	0
C	Marios	24	131	14	1	29____	68071	1	0	0	0	0	0	0	0	0	1	0
C	Marios	24	131	14	1	29____	68144	1	0	0	0	0	1	0	0	0	0	0
C	Marios	24	131	14	1	29____	68219	1	0	0	0	0	0	0	0	0	1	0
C	Marios	24	131	14	1	29____	68272	1	0	0	0	0	1	0	0	0	0	0
C	Marios	24	131	14	1	29____	68521	1	0	0	0	0	0	0	0	0	1	0
C	Marios	24	131	14	1	29____	69209	1	0	0	0	0	1	0	0	0	0	0
C	Marios	24	131	14	1	29____	69329	1	0	0	0	0	0	0	0	0	1	0
C	Marios	24	131	14	1	29____	69423	1	0	0	0	0	1	0	0	0	0	0
C	Marios	24	131	14	1	29____	69647	1	0	0	0	0	0	0	0	0	1	0
C	Marios	24	131	14	1	29____	69736	1	0	0	0	0	1	0	0	0	0	0
C	Marios	24	131	14	1	29____	69849	1	0	0	0	0	0	0	0	0	1	0
C	Marios	24	131	14	1	29____	70500	1	2	0	0	0	0	0	0	0	0	0
C	Marios	24	131	14	1	29____	70970	2	0	0	0	0	1	0	0	0	0	0
C	Marios	24	131	14	1	29____	71000	2	12	0	0	0	0	0	0	0	0	0
C	Marios	24	131	14	1	29____	71003	12	0	0	0	0	0	0	0	0	1	0
C	Marios	24	131	14	1	29____	71093	12	0	0	0	0	1	0	0	0	0	0
C	Marios	24	131	14	1	29____	71194	12	0	0	0	0	0	0	0	0	1	0
C	Marios	24	131	14	1	29____	71235	12	0	0	0	0	1	0	0	0	0	0
C	Marios	24	131	14	1	29____	71422	12	0	0	0	0	0	0	0	0	1	0
C	Marios	24	131	14	1	29____	71500	12	15	0	0	0	0	0	0	0	0	0
C	Marios	24	131	14	1	29____	71504	15	0	0	0	0	1	0	0	0	0	0
C	Marios	24	131	14	1	29____	71554	15	0	0	0	0	0	0	0	0	1	0
C	Marios	24	131	14	1	29____	71607	15	0	0	0	0	1	0	0	0	0	0
C	Marios	24	131	14	1	29____	71660	15	0	0	0	0	0	0	0	0	1	0
C	Marios	24	131	14	1	29____	71672	15	0	0	0	0	1	0	0	0	0	0
C	Marios	24	131	14	1	29____	71721	15	0	0	0	0	0	0	0	0	1	0
C	Marios	24	131	14	1	29____	71762	15	0	0	0	0	1	0	0	0	0	0
C	Marios	24	131	14	1	29____	71767	15	0	0	0	0	0	0	0	0	1	0
C	Marios	24	131	14	1	29____	71858	15	0	0	0	0	1	0	0	0	0	0
C	Marios	24	131	14	1	29____	71878	15	0	0	0	0	0	0	0	0	1	0
C	Marios	24	131	14	1	29____	71899	15	0	0	0	0	1	0	0	0	0	0
C	Marios	24	131	14	1	29____	71971	15	0	0	0	0	0	0	0	0	1	0
C	Marios	24	131	14	1	29____	72000	15	1	0	0	0	0	0	0	0	0	0
C	Marios	24	131	14	1	29____	72070	1	0	0	0	0	1	0	0	0	0	0
C	Marios	24	131	14	1	29____	72156	1	0	0	0	0	0	0	0	0	1	0
C	Marios	24	131	14	1	29____	73797	1	0	0	0	0	1	0	0	0	0	0
C	Marios	24	131	14	1	29____	74067	1	0	0	0	0	0	0	0	0	1	0
C	Marios	24	131	14	1	29____	77250	1	2	0	0	0	0	0	0	0	0	0
C	Marios	24	131	14	1	29____	77666	2	0	0	0	0	1	0	0	0	0	0
C	Marios	24	131	14	1	29____	77675	2	0	0	0	0	0	0	0	0	1	0
C	Marios	24	131	14	1	29____	77715	2	0	0	0	0	1	0	0	0	0	0
C	Marios	24	131	14	1	29____	77750	2	7	0	0	0	0	0	0	0	0	0
C	Marios	24	131	14	1	29____	77755	7	0	0	0	0	0	0	0	0	1	0
C	Marios	24	131	14	1	29____	77765	7	0	0	0	0	1	0	0	0	0	0
C	Marios	24	131	14	1	29____	77808	7	0	0	0	0	0	0	0	0	1	0
C	Marios	24	131	14	1	29____	77821	7	0	0	0	0	1	0	0	0	0	0
C	Marios	24	131	14	1	29____	77843	7	0	0	0	0	0	0	0	0	1	0
C	Marios	24	131	14	1	29____	77855	7	0	0	0	0	1	0	0	0	0	0
C	Marios	24	131	14	1	29____	78032	7	0	0	0	0	0	0	0	0	1	0
C	Marios	24	131	14	1	29____	78104	7	0	0	0	0	1	0	0	0	0	0
C	Marios	24	131	14	1	29____	78250	7	10	0	0	0	0	0	0	0	0	0
C	Marios	24	131	14	1	29____	78571	10	0	0	0	0	0	0	0	0	1	0
C	Marios	24	131	14	1	29____	78577	10	0	0	0	0	1	0	0	0	0	0
C	Marios	24	131	14	1	29____	78579	10	0	0	0	0	0	0	0	0	1	0
C	Marios	24	131	14	1	29____	78586	10	0	0	0	0	1	0	0	0	0	0
C	Marios	24	131	14	1	29____	78588	10	0	0	0	0	0	0	0	0	1	0
C	Marios	24	131	14	1	29____	78592	10	0	0	0	0	1	0	0	0	0	0
C	Marios	24	131	14	1	29____	78596	10	0	0	0	0	0	0	0	0	1	0
C	Marios	24	131	14	1	29____	78600	10	0	0	0	0	1	0	0	0	0	0
C	Marios	24	131	14	1	29____	78699	10	0	0	0	0	0	0	0	0	1	0
C	Marios	24	131	14	1	29____	78750	10	1	0	0	0	0	0	0	0	0	0
C	Marios	24	131	14	1	29____	81000	1	2	0	0	0	0	0	0	0	0	0
C	Marios	24	131	14	1	29____	81500	2	12	0	0	0	0	0	0	0	0	0
C	Marios	24	131	14	1	29____	82000	12	15	0	0	0	0	0	0	0	0	0
C	Marios	24	131	14	1	29____	82500	15	1	0	0	0	0	0	0	0	0	0
C	Marios	24	131	14	1	29____	83934	1	0	0	0	0	1	0	0	0	0	0
C	Marios	24	131	14	1	29____	83952	1	0	0	0	0	0	0	0	0	1	0
C	Marios	24	131	14	1	29____	83953	1	0	0	0	0	1	0	0	0	0	0
C	Marios	24	131	14	1	29____	84000	1	2	0	0	0	0	0	0	0	0	0
C	Marios	24	131	14	1	29____	84045	2	0	0	0	0	0	0	0	0	1	0
C	Marios	24	131	14	1	29____	84500	2	13	0	0	0	0	0	0	0	0	0
C	Marios	24	131	14	1	29____	85000	13	15	0	0	0	0	0	0	0	0	0
C	Marios	24	131	14	1	29____	85203	15	0	0	0	0	1	0	0	0	0	0
C	Marios	24	131	14	1	29____	85211	15	0	0	0	0	0	0	0	0	1	0
C	Marios	24	131	14	1	29____	85219	15	0	0	0	0	1	0	0	0	0	0
C	Marios	24	131	14	1	29____	85229	15	0	0	0	0	0	0	0	0	1	0
C	Marios	24	131	14	1	29____	85251	15	0	0	0	0	1	0	0	0	0	0
C	Marios	24	131	14	1	29____	85285	15	0	0	0	0	0	0	0	0	1	0
C	Marios	24	131	14	1	29____	85289	15	0	0	0	0	1	0	0	0	0	0
C	Marios	24	131	14	1	29____	85303	15	0	0	0	0	0	0	0	0	1	0
C	Marios	24	131	14	1	29____	85308	15	0	0	0	0	1	0	0	0	0	0
C	Marios	24	131	14	1	29____	85312	15	0	0	0	0	1	0	0	0	1	0
C	Marios	24	131	14	1	29____	85316	15	0	0	0	0	0	0	0	0	1	0
C	Marios	24	131	14	1	29____	85317	15	0	0	0	0	1	0	0	0	0	0
C	Marios	24	131	14	1	29____	85324	15	0	0	0	0	0	0	0	0	1	0
C	Marios	24	131	14	1	29____	85326	15	0	0	0	0	1	0	0	0	0	0
C	Marios	24	131	14	1	29____	85330	15	0	0	0	0	0	0	0	0	1	0
C	Marios	24	131	14	1	29____	85333	15	0	0	0	0	1	0	0	0	0	0
C	Marios	24	131	14	1	29____	85377	15	0	0	0	0	0	0	0	0	1	0
C	Marios	24	131	14	1	29____	85454	15	0	0	0	0	1	0	0	0	0	0
C	Marios	24	131	14	1	29____	85500	15	1	0	0	0	0	0	0	0	0	0
C	Marios	24	131	14	1	29____	85551	1	0	0	0	0	0	0	0	0	1	0
C	Marios	24	131	14	1	29____	85680	1	0	0	0	0	1	0	0	0	0	0
C	Marios	24	131	14	1	29____	85804	1	0	0	0	0	0	0	0	0	1	0
C	Marios	24	131	14	1	29____	89150	1	0	0	0	0	1	0	0	0	0	0
C	Marios	24	131	14	1	29____	89155	1	0	0	0	0	0	0	0	0	1	0
C	Marios	24	131	14	1	29____	89156	1	0	0	0	0	1	0	0	0	0	0
C	Marios	24	131	14	1	29____	89158	1	0	0	0	0	0	0	0	0	1	0
C	Marios	24	131	14	1	29____	89383	1	0	0	0	0	1	0	0	0	0	0
C	Marios	24	131	14	1	29____	89516	1	0	0	0	0	0	0	0	0	1	0
C	Marios	24	131	14	1	29____	89674	1	0	0	0	0	1	0	0	0	0	0
C	Marios	24	131	14	1	29____	89932	1	0	0	0	0	0	0	0	0	1	0
C	Marios	24	131	14	1	29____	90000	1	2	0	0	0	0	0	0	0	0	0
C	Marios	24	131	14	1	29____	90500	2	6	0	0	0	0	0	0	0	0	0
C	Marios	24	131	14	1	29____	90542	6	0	0	0	0	1	0	0	0	0	0
C	Marios	24	131	14	1	29____	90637	6	0	0	0	0	0	0	0	0	1	0
C	Marios	24	131	14	1	29____	90672	6	0	0	0	0	1	0	0	0	0	0
C	Marios	24	131	14	1	29____	90878	6	0	0	0	0	0	0	0	0	1	0
C	Marios	24	131	14	1	29____	90917	6	0	0	0	0	1	0	0	0	0	0
C	Marios	24	131	14	1	29____	90920	6	0	0	0	0	0	0	0	0	1	0
C	Marios	24	131	14	1	29____	90943	6	0	0	0	0	1	0	0	0	0	0
C	Marios	24	131	14	1	29____	91000	6	11	0	0	0	0	0	0	0	0	0
C	Marios	24	131	14	1	29____	91500	11	1	0	0	0	0	0	0	0	0	0
C	Marios	24	131	14	1	29____	91519	1	0	0	0	0	0	0	0	0	1	0
C	Marios	24	131	14	1	29____	91522	1	0	0	0	0	1	0	0	0	0	0
C	Marios	24	131	14	1	29____	91535	1	0	0	0	0	0	0	0	0	1	0
C	Marios	24	131	14	1	29____	91536	1	0	0	0	0	1	0	0	0	0	0
C	Marios	24	131	14	1	29____	91542	1	0	0	0	0	1	0	0	0	1	0
C	Marios	24	131	14	1	29____	91548	1	0	0	0	0	0	0	0	0	1	0
C	Marios	24	131	14	1	29____	91554	1	0	0	0	0	1	0	0	0	0	0
C	Marios	24	131	14	1	29____	91555	1	0	0	0	0	0	0	0	0	1	0
C	Marios	24	131	14	1	29____	91560	1	0	0	0	0	1	0	0	0	0	0
C	Marios	24	131	14	1	29____	91562	1	0	0	0	0	0	0	0	0	1	0
C	Marios	24	131	14	1	29____	91565	1	0	0	0	0	1	0	0	0	0	0
C	Marios	24	131	14	1	29____	91568	1	0	0	0	0	0	0	0	0	1	0
C	Marios	24	131	14	1	29____	91624	1	0	0	0	0	1	0	0	0	0	0
C	Marios	24	131	14	1	29____	91689	1	0	0	0	0	0	0	0	0	1	0
C	Marios	24	131	14	1	29____	91769	1	0	0	0	0	1	0	0	0	0	0
C	Marios	24	131	14	1	29____	92104	1	0	0	0	0	0	0	0	0	1	0
C	Marios	24	131	14	1	29____	92108	1	0	0	0	0	1	0	0	0	0	0
C	Marios	24	131	14	1	29____	92134	1	0	0	0	0	0	0	0	0	1	0
C	Marios	24	131	14	1	29____	92141	1	0	0	0	0	1	0	0	0	0	0
C	Marios	24	131	14	1	29____	92218	1	0	0	0	0	0	0	0	0	1	0
C	Marios	24	131	14	1	29____	92220	1	0	0	0	0	1	0	0	0	0	0
C	Marios	24	131	14	1	29____	92222	1	0	0	0	0	0	0	0	0	1	0
C	Marios	24	131	14	1	29____	92225	1	0	0	0	0	1	0	0	0	0	0
C	Marios	24	131	14	1	29____	92227	1	0	0	0	0	0	0	0	0	1	0
C	Marios	24	131	14	1	29____	92298	1	0	0	0	0	1	0	0	0	0	0
C	Marios	24	131	14	1	29____	92326	1	0	0	0	0	0	0	0	0	1	0
C	Marios	24	131	14	1	29____	92349	1	0	0	0	0	1	0	0	0	0	0
C	Marios	24	131	14	1	29____	92415	1	0	0	0	0	0	0	0	0	1	0
C	Marios	24	131	14	1	29____	92497	1	0	0	0	0	1	0	0	0	0	0
C	Marios	24	131	14	1	29____	92508	1	0	0	0	0	0	0	0	0	1	0
C	Marios	24	131	14	1	29____	92547	1	0	0	0	0	1	0	0	0	0	0
C	Marios	24	131	14	1	29____	92574	1	0	0	0	0	0	0	0	0	1	0
C	Marios	24	131	14	1	29____	93045	1	0	0	0	0	1	0	0	0	0	0
C	Marios	24	131	14	1	29____	93051	1	0	0	0	0	0	0	0	0	1	0
C	Marios	24	131	14	1	29____	94856	1	0	0	0	0	1	0	0	0	0	0
C	Marios	24	131	14	1	29____	94910	1	0	0	0	0	0	0	0	0	1	0
C	Marios	24	131	14	1	29____	97422	1	0	0	0	0	1	0	0	0	0	0
C	Marios	24	131	14	1	29____	97476	1	0	0	0	0	0	0	0	0	1	0
C	Marios	24	131	14	1	29____	97500	1	2	0	0	0	0	0	0	0	0	0
C	Marios	24	131	14	1	29____	98000	2	12	0	0	0	0	0	0	0	0	0
C	Marios	24	131	14	1	29____	98100	12	0	0	0	0	1	0	0	0	0	0
C	Marios	24	131	14	1	29____	98121	12	0	0	0	0	0	0	0	0	1	0
C	Marios	24	131	14	1	29____	98212	12	0	0	0	0	1	0	0	0	0	0
C	Marios	24	131	14	1	29____	98287	12	0	0	0	0	0	0	0	0	1	0
C	Marios	24	131	14	1	29____	98443	12	0	0	0	0	1	0	0	0	0	0
C	Marios	24	131	14	1	29____	98500	12	15	0	0	0	0	0	0	0	0	0
C	Marios	24	131	14	1	29____	98532	15	0	0	0	0	0	0	0	0	1	0
C	Marios	24	131	14	1	29____	98586	15	0	0	0	0	1	0	0	0	0	0
C	Marios	24	131	14	1	29____	98888	15	0	0	0	0	0	0	0	0	1	0
C	Marios	24	131	14	1	29____	99000	15	1	0	0	0	0	0	0	0	0	0
C	Marios	24	131	14	1	29____	99116	1	0	0	0	0	1	0	0	0	0	0
C	Marios	24	131	14	1	29____	99126	1	0	0	0	0	0	0	0	0	1	0
C	Marios	24	131	14	1	29____	101267	1	0	0	0	0	1	0	0	0	0	0
C	Marios	24	131	14	1	29____	101271	1	0	0	0	0	0	0	0	0	1	0
C	Marios	24	131	14	1	29____	101296	1	0	0	0	0	1	0	0	0	0	0
C	Marios	24	131	14	1	29____	101300	1	0	0	0	0	0	0	0	0	1	0
C	Marios	24	131	14	1	29____	101327	1	0	0	0	0	1	0	0	0	0	0
C	Marios	24	131	14	1	29____	101329	1	0	0	0	0	0	0	0	0	1	0
C	Marios	24	131	14	1	29____	101370	1	0	0	0	0	1	0	0	0	0	0
C	Marios	24	131	14	1	29____	101402	1	0	0	0	0	0	0	0	0	1	0
C	Marios	24	131	14	1	29____	101404	1	0	0	0	0	1	0	0	0	0	0
C	Marios	24	131	14	1	29____	101408	1	0	0	0	0	0	0	0	0	1	0
C	Marios	24	131	14	1	29____	102000	1	2	0	0	0	0	0	0	0	0	0
C	Marios	24	131	14	1	29____	102500	2	13	0	0	0	0	0	0	0	0	0
C	Marios	24	131	14	1	29____	102736	13	0	0	0	0	1	0	0	0	0	0
C	Marios	24	131	14	1	29____	102752	13	0	0	0	0	0	0	0	0	1	0
C	Marios	24	131	14	1	29____	102822	13	0	0	0	0	1	0	0	0	0	0
C	Marios	24	131	14	1	29____	102912	13	0	0	0	0	0	0	0	0	1	0
C	Marios	24	131	14	1	29____	103000	13	15	0	0	0	0	0	0	0	0	0
C	Marios	24	131	14	1	29____	103203	15	0	0	0	0	1	0	0	0	0	0
C	Marios	24	131	14	1	29____	103224	15	0	0	0	0	0	0	0	0	1	0
C	Marios	24	131	14	1	29____	103500	15	1	0	0	0	0	0	0	0	0	0
C	Marios	24	131	14	1	29____	104788	1	0	0	0	0	1	0	0	0	0	0
C	Marios	24	131	14	1	29____	104792	1	0	0	0	0	0	0	0	0	1	0
C	Marios	24	131	14	1	29____	107000	1	2	0	0	0	0	0	0	0	0	0
C	Marios	24	131	14	1	29____	107500	2	12	0	0	0	0	0	0	0	0	0
C	Marios	24	131	14	1	29____	108000	12	15	0	0	0	0	0	0	0	0	0
C	Marios	24	131	14	1	29____	108500	15	1	0	0	0	0	0	0	0	0	0
C	Marios	24	131	14	1	29____	108917	1	0	0	0	0	1	0	0	0	0	0
C	Marios	24	131	14	1	29____	108931	1	0	0	0	0	0	0	0	0	1	0
C	Marios	24	131	14	1	29____	108947	1	0	0	0	0	1	0	0	0	0	0
C	Marios	24	131	14	1	29____	108952	1	0	0	0	0	0	0	0	0	1	0
C	Marios	24	131	14	1	29____	108973	1	0	0	0	0	1	0	0	0	0	0
C	Marios	24	131	14	1	29____	108986	1	0	0	0	0	0	0	0	0	1	0
C	Marios	24	131	14	1	29____	109034	1	0	0	0	0	1	0	0	0	0	0
C	Marios	24	131	14	1	29____	109113	1	0	0	0	0	0	0	0	0	1	0
C	Marios	24	131	14	1	29____	109724	1	0	0	0	0	1	0	0	0	0	0
C	Marios	24	131	14	1	29____	109884	1	0	0	0	0	0	0	0	0	1	0
C	Marios	24	131	14	1	29____	109969	1	0	0	0	0	1	0	0	0	0	0
C	Marios	24	131	14	1	29____	110026	1	0	0	0	0	0	0	0	0	1	0
C	Marios	24	131	14	1	29____	110124	1	0	0	0	0	1	0	0	0	0	0
C	Marios	24	131	14	1	29____	110266	1	0	0	0	0	0	0	0	0	1	0
C	Marios	24	131	14	1	29____	110399	1	0	0	0	0	1	0	0	0	0	0
C	Marios	24	131	14	1	29____	110895	1	0	0	0	0	0	0	0	0	1	0
C	Marios	24	131	14	1	29____	110967	1	0	0	0	0	1	0	0	0	0	0
C	Marios	24	131	14	1	29____	111142	1	0	0	0	0	0	0	0	0	1	0
C	Marios	24	131	14	1	29____	114000	1	2	0	0	0	0	0	0	0	0	0
C	Marios	24	131	14	1	29____	114500	2	6	0	0	0	0	0	0	0	0	0
C	Marios	24	131	14	1	29____	115000	6	11	0	0	0	0	0	0	0	0	0
C	Marios	24	131	14	1	29____	115434	11	0	0	0	0	1	0	0	0	0	0
C	Marios	24	131	14	1	29____	115462	11	0	0	0	0	0	0	0	0	1	0
C	Marios	24	131	14	1	29____	115500	11	1	0	0	0	0	0	0	0	0	0
C	Marios	24	131	14	1	29____	115611	1	0	0	0	0	1	0	0	0	0	0
C	Marios	24	131	14	1	29____	115698	1	0	0	0	0	0	0	0	0	1	0
C	Marios	24	131	14	1	29____	119250	1	2	0	0	0	0	0	0	0	0	0
C	Marios	24	131	14	1	29____	119750	2	7	0	0	0	0	0	0	0	0	0
C	Marios	24	131	14	1	29____	119828	7	0	0	0	0	1	0	0	0	0	0
C	Marios	24	131	14	1	29____	119866	7	0	0	0	0	0	0	0	0	1	0
C	Marios	24	131	14	1	29____	119982	7	0	0	0	0	1	0	0	0	0	0
C	Marios	24	131	14	1	29____	120042	7	0	0	0	0	0	0	0	0	1	0
C	Marios	24	131	14	1	29____	120111	7	0	0	0	0	1	0	0	0	0	0
C	Marios	24	131	14	1	29____	120193	7	0	0	0	0	0	0	0	0	1	0
C	Marios	24	131	14	1	29____	120250	7	10	0	0	0	0	0	0	0	0	0
C	Marios	24	131	14	1	29____	120284	10	0	0	0	0	1	0	0	0	0	0
C	Marios	24	131	14	1	29____	120533	10	0	0	0	0	0	0	0	0	1	0
C	Marios	24	131	14	1	29____	120558	10	0	0	0	0	1	0	0	0	0	0
C	Marios	24	131	14	1	29____	120607	10	0	0	0	0	0	0	0	0	1	0
C	Marios	24	131	14	1	29____	120750	10	1	0	0	0	0	0	0	0	0	0
C	Marios	24	131	14	1	29____	126938	1	0	0	0	0	1	0	0	0	0	0
C	Marios	24	131	14	1	29____	126943	1	0	0	0	0	1	0	0	0	1	0
C	Marios	24	131	14	1	29____	126951	1	0	0	0	0	0	0	0	0	1	0
C	Marios	24	131	14	1	29____	126953	1	0	0	0	0	1	0	0	0	0	0
C	Marios	24	131	14	1	29____	126957	1	0	0	0	0	0	0	0	0	1	0
C	Marios	24	131	14	1	29____	126987	1	0	0	0	0	1	0	0	0	0	0
C	Marios	24	131	14	1	29____	127033	1	0	0	0	0	0	0	0	0	1	0
C	Marios	24	131	14	1	29____	127500	1	2	0	0	0	0	0	0	0	0	0
C	Marios	24	131	14	1	29____	127582	2	0	0	0	0	1	0	0	0	0	0
C	Marios	24	131	14	1	29____	127589	2	0	0	0	0	0	0	0	0	1	0
C	Marios	24	131	14	1	29____	128000	2	13	0	0	0	0	0	0	0	0	0
C	Marios	24	131	14	1	29____	128500	13	15	0	0	0	0	0	0	0	0	0
C	Marios	24	131	14	1	29____	129000	15	1	0	0	0	0	0	0	0	0	0
C	Marios	24	131	14	1	29____	133060	1	0	0	0	0	1	0	0	0	0	0
C	Marios	24	131	14	1	29____	133093	1	0	0	0	0	0	0	0	0	1	0
C	Marios	24	131	14	1	29____	133500	1	2	0	0	0	0	0	0	0	0	0
C	Marios	24	131	14	1	29____	133623	2	0	0	0	0	1	0	0	0	0	0
C	Marios	24	131	14	1	29____	133731	2	0	0	0	0	0	0	0	0	1	0
C	Marios	24	131	14	1	29____	134000	2	13	0	0	0	0	0	0	0	0	0
C	Marios	24	131	14	1	29____	134020	13	0	0	0	0	1	0	0	0	0	0
C	Marios	24	131	14	1	29____	134034	13	0	0	0	0	0	0	0	0	1	0
C	Marios	24	131	14	1	29____	134050	13	0	0	0	0	1	0	0	0	0	0
C	Marios	24	131	14	1	29____	134114	13	0	0	0	0	0	0	0	0	1	0
C	Marios	24	131	14	1	29____	134145	13	0	0	0	0	1	0	0	0	0	0
C	Marios	24	131	14	1	29____	134412	13	0	0	0	0	0	0	0	0	1	0
C	Marios	24	131	14	1	29____	134413	13	0	0	0	0	1	0	0	0	0	0
C	Marios	24	131	14	1	29____	134434	13	0	0	0	0	0	0	0	0	1	0
C	Marios	24	131	14	1	29____	134500	13	15	0	0	0	0	0	0	0	0	0
C	Marios	24	131	14	1	29____	134504	15	0	0	0	0	1	0	0	0	0	0
C	Marios	24	131	14	1	29____	134509	15	0	0	0	0	0	0	0	0	1	0
C	Marios	24	131	14	1	29____	134534	15	0	0	0	0	1	0	0	0	0	0
C	Marios	24	131	14	1	29____	134650	15	0	0	0	0	0	0	0	0	1	0
C	Marios	24	131	14	1	29____	134721	15	0	0	0	0	1	0	0	0	0	0
C	Marios	24	131	14	1	29____	134830	15	0	0	0	0	0	0	0	0	1	0
C	Marios	24	131	14	1	29____	135000	15	1	0	0	0	0	0	0	0	0	0
C	Marios	24	131	14	1	29____	135062	1	0	0	0	0	1	0	0	0	0	0
C	Marios	24	131	14	1	29____	135089	1	0	0	0	0	0	0	0	0	1	0
C	Marios	24	131	14	1	29____	139336	1	0	0	0	0	1	0	0	0	0	0
C	Marios	24	131	14	1	29____	139338	1	0	0	0	0	0	0	0	0	1	0
C	Marios	24	131	14	1	29____	139340	1	0	0	0	0	1	0	0	0	0	0
C	Marios	24	131	14	1	29____	139342	1	0	0	0	0	0	0	0	0	1	0
C	Marios	24	131	14	1	29____	140088	1	0	0	0	0	1	0	0	0	0	0
C	Marios	24	131	14	1	29____	140102	1	0	0	0	0	0	0	0	0	1	0
C	Marios	24	131	14	1	29____	140145	1	0	0	0	0	1	0	0	0	0	0
C	Marios	24	131	14	1	29____	140423	1	0	0	0	0	0	0	0	0	1	0
C	Marios	24	131	14	1	29____	140482	1	0	0	0	0	1	0	0	0	0	0
C	Marios	24	131	14	1	29____	140516	1	0	0	0	0	0	0	0	0	1	0
C	Marios	24	131	14	1	29____	140874	1	0	0	0	0	1	0	0	0	0	0
C	Marios	24	131	14	1	29____	140888	1	0	0	0	0	0	0	0	0	1	0
C	Marios	24	131	14	1	29____	140919	1	0	0	0	0	1	0	0	0	0	0
C	Marios	24	131	14	1	29____	140922	1	0	0	0	0	0	0	0	0	1	0
C	Marios	24	131	14	1	29____	141443	1	0	0	0	0	1	0	0	0	0	0
C	Marios	24	131	14	1	29____	141447	1	0	0	0	0	0	0	0	0	1	0
C	Marios	24	131	14	1	29____	142500	1	2	0	0	0	0	0	0	0	0	0
C	Marios	24	131	14	1	29____	143000	2	12	0	0	0	0	0	0	0	0	0
C	Marios	24	131	14	1	29____	143082	12	0	0	0	0	1	0	0	0	0	0
C	Marios	24	131	14	1	29____	143198	12	0	0	0	0	0	0	0	0	1	0
C	Marios	24	131	14	1	29____	143307	12	0	0	0	0	1	0	0	0	0	0
C	Marios	24	131	14	1	29____	143387	12	0	0	0	0	0	0	0	0	1	0
C	Marios	24	131	14	1	29____	143496	12	0	0	0	0	1	0	0	0	0	0
C	Marios	24	131	14	1	29____	143500	12	15	0	0	0	0	0	0	0	0	0
C	Marios	24	131	14	1	29____	143598	15	0	0	0	0	0	0	0	0	1	0
C	Marios	24	131	14	1	29____	143641	15	0	0	0	0	1	0	0	0	0	0
C	Marios	24	131	14	1	29____	143727	15	0	0	0	0	0	0	0	0	1	0
C	Marios	24	131	14	1	29____	143797	15	0	0	0	0	1	0	0	0	0	0
C	Marios	24	131	14	1	29____	143799	15	0	0	0	0	0	0	0	0	1	0
C	Marios	24	131	14	1	29____	144000	15	14	0	0	0	0	0	0	0	0	0
C	Marios	24	131	14	1	29____	146192	14	0	0	0	0	1	0	0	0	0	0
C	Marios	24	131	14	1	29____	146193	14	0	0	0	0	0	0	0	0	1	0
C	Marios	24	131	14	1	29____	147000	14	-1	0	0	0	0	0	0	0	0	0
