Project	UserID	Protocol	Session	Station	Run	Subject	Time	Current State	Transition State	Transition Event	A1 - LLR	A2 - RLR	A3 - MAG	A4 - 	A[1] LLR_OFF	A[2] RLR_OFF	A[3] MAG_OFF	A[4] 
C	Marios	19	131	4	1	5_____	0	0	1	0	0	0	0	0	0	0	0	0
C	Marios	19	131	4	1	5_____	28	1	0	0	0	0	1	0	0	0	0	0
C	Marios	19	131	4	1	5_____	29	1	0	0	0	0	0	0	0	0	1	0
C	Marios	19	131	4	1	5_____	32	1	0	0	0	0	1	0	0	0	0	0
C	Marios	19	131	4	1	5_____	46	1	0	0	0	0	0	0	0	0	1	0
C	Marios	19	131	4	1	5_____	1736	1	0	0	0	0	1	0	0	0	0	0
C	Marios	19	131	4	1	5_____	1789	1	0	0	0	0	0	0	0	0	1	0
C	Marios	19	131	4	1	5_____	2244	1	0	0	0	0	1	0	0	0	0	0
C	Marios	19	131	4	1	5_____	2250	1	2	0	0	0	0	0	0	0	0	0
C	Marios	19	131	4	1	5_____	2270	2	0	0	0	0	0	0	0	0	1	0
C	Marios	19	131	4	1	5_____	2309	2	0	0	0	0	1	0	0	0	0	0
C	Marios	19	131	4	1	5_____	2350	2	0	0	0	0	0	0	0	0	1	0
C	Marios	19	131	4	1	5_____	2375	2	0	0	0	0	1	0	0	0	0	0
C	Marios	19	131	4	1	5_____	2396	2	0	0	0	0	0	0	0	0	1	0
C	Marios	19	131	4	1	5_____	2397	2	0	0	0	0	1	0	0	0	0	0
C	Marios	19	131	4	1	5_____	2399	2	0	0	0	0	0	0	0	0	1	0
C	Marios	19	131	4	1	5_____	2401	2	0	0	0	0	1	0	0	0	0	0
C	Marios	19	131	4	1	5_____	2404	2	0	0	0	0	0	0	0	0	1	0
C	Marios	19	131	4	1	5_____	2419	2	0	0	0	0	1	0	0	0	0	0
C	Marios	19	131	4	1	5_____	2447	2	0	0	0	0	0	0	0	0	1	0
C	Marios	19	131	4	1	5_____	2750	2	16	0	0	0	0	0	0	0	0	0
C	Marios	19	131	4	1	5_____	2971	16	0	0	0	0	1	0	0	0	0	0
C	Marios	19	131	4	1	5_____	3034	16	0	0	0	0	0	0	0	0	1	0
C	Marios	19	131	4	1	5_____	3250	16	15	0	0	0	0	0	0	0	0	0
C	Marios	19	131	4	1	5_____	3745	15	0	0	0	0	1	0	0	0	0	0
C	Marios	19	131	4	1	5_____	3750	15	1	0	0	0	0	0	0	0	0	0
C	Marios	19	131	4	1	5_____	3751	1	0	0	0	0	0	0	0	0	1	0
C	Marios	19	131	4	1	5_____	5935	1	0	0	0	0	1	0	0	0	0	0
C	Marios	19	131	4	1	5_____	5945	1	0	0	0	0	0	0	0	0	1	0
C	Marios	19	131	4	1	5_____	6015	1	0	0	0	0	1	0	0	0	0	0
C	Marios	19	131	4	1	5_____	6064	1	0	0	0	0	0	0	0	0	1	0
C	Marios	19	131	4	1	5_____	6088	1	0	0	0	0	1	0	0	0	0	0
C	Marios	19	131	4	1	5_____	6090	1	0	0	0	0	0	0	0	0	1	0
C	Marios	19	131	4	1	5_____	6130	1	0	0	0	0	1	0	0	0	0	0
C	Marios	19	131	4	1	5_____	6225	1	0	0	0	0	0	0	0	0	1	0
C	Marios	19	131	4	1	5_____	6538	1	0	0	0	0	1	0	0	0	0	0
C	Marios	19	131	4	1	5_____	6556	1	0	0	0	0	0	0	0	0	1	0
C	Marios	19	131	4	1	5_____	6640	1	0	0	0	0	1	0	0	0	0	0
C	Marios	19	131	4	1	5_____	6662	1	0	0	0	0	0	0	0	0	1	0
C	Marios	19	131	4	1	5_____	6673	1	0	0	0	0	1	0	0	0	0	0
C	Marios	19	131	4	1	5_____	6679	1	0	0	0	0	0	0	0	0	1	0
C	Marios	19	131	4	1	5_____	6699	1	0	0	0	0	1	0	0	0	0	0
C	Marios	19	131	4	1	5_____	6704	1	0	0	0	0	0	0	0	0	1	0
C	Marios	19	131	4	1	5_____	6719	1	0	0	0	0	1	0	0	0	0	0
C	Marios	19	131	4	1	5_____	6723	1	0	0	0	0	0	0	0	0	1	0
C	Marios	19	131	4	1	5_____	6776	1	0	0	0	0	1	0	0	0	0	0
C	Marios	19	131	4	1	5_____	6779	1	0	0	0	0	0	0	0	0	1	0
C	Marios	19	131	4	1	5_____	6780	1	0	0	0	0	1	0	0	0	0	0
C	Marios	19	131	4	1	5_____	6787	1	0	0	0	0	0	0	0	0	1	0
C	Marios	19	131	4	1	5_____	6788	1	0	0	0	0	1	0	0	0	0	0
C	Marios	19	131	4	1	5_____	6802	1	0	0	0	0	0	0	0	0	1	0
C	Marios	19	131	4	1	5_____	6813	1	0	0	0	0	1	0	0	0	0	0
C	Marios	19	131	4	1	5_____	6827	1	0	0	0	0	0	0	0	0	1	0
C	Marios	19	131	4	1	5_____	6840	1	0	0	0	0	1	0	0	0	0	0
C	Marios	19	131	4	1	5_____	6842	1	0	0	0	0	0	0	0	0	1	0
C	Marios	19	131	4	1	5_____	6894	1	0	0	0	0	1	0	0	0	0	0
C	Marios	19	131	4	1	5_____	6956	1	0	0	0	0	0	0	0	0	1	0
C	Marios	19	131	4	1	5_____	6999	1	0	0	0	0	1	0	0	0	0	0
C	Marios	19	131	4	1	5_____	7016	1	0	0	0	0	0	0	0	0	1	0
C	Marios	19	131	4	1	5_____	7500	1	2	0	0	0	0	0	0	0	0	0
C	Marios	19	131	4	1	5_____	7974	2	0	0	0	0	1	0	0	0	0	0
C	Marios	19	131	4	1	5_____	8000	2	6	0	0	0	0	0	0	0	0	0
C	Marios	19	131	4	1	5_____	8004	6	0	0	0	0	0	0	0	0	1	0
C	Marios	19	131	4	1	5_____	8052	6	0	0	0	0	1	0	0	0	0	0
C	Marios	19	131	4	1	5_____	8082	6	0	0	0	0	0	0	0	0	1	0
C	Marios	19	131	4	1	5_____	8124	6	0	0	0	0	1	0	0	0	0	0
C	Marios	19	131	4	1	5_____	8170	6	0	0	0	0	0	0	0	0	1	0
C	Marios	19	131	4	1	5_____	8198	6	0	0	0	0	1	0	0	0	0	0
C	Marios	19	131	4	1	5_____	8215	6	0	0	0	0	0	0	0	0	1	0
C	Marios	19	131	4	1	5_____	8238	6	0	0	0	0	1	0	0	0	0	0
C	Marios	19	131	4	1	5_____	8241	6	0	0	0	0	0	0	0	0	1	0
C	Marios	19	131	4	1	5_____	8295	6	0	0	0	0	1	0	0	0	0	0
C	Marios	19	131	4	1	5_____	8388	6	0	0	0	0	0	0	0	0	1	0
C	Marios	19	131	4	1	5_____	8442	6	0	0	0	0	1	0	0	0	0	0
C	Marios	19	131	4	1	5_____	8453	6	0	0	0	0	0	0	0	0	1	0
C	Marios	19	131	4	1	5_____	8487	6	0	0	0	0	1	0	0	0	0	0
C	Marios	19	131	4	1	5_____	8500	6	10	0	0	0	0	0	0	0	0	0
C	Marios	19	131	4	1	5_____	8501	10	0	0	0	0	0	0	0	0	1	0
C	Marios	19	131	4	1	5_____	8557	10	0	0	0	0	1	0	0	0	0	0
C	Marios	19	131	4	1	5_____	8566	10	0	0	0	0	1	0	0	0	1	0
C	Marios	19	131	4	1	5_____	8754	10	0	0	0	0	0	0	0	0	1	0
C	Marios	19	131	4	1	5_____	9000	10	1	0	0	0	0	0	0	0	0	0
C	Marios	19	131	4	1	5_____	9082	1	0	0	0	0	1	0	0	0	0	0
C	Marios	19	131	4	1	5_____	9137	1	0	0	0	0	0	0	0	0	1	0
C	Marios	19	131	4	1	5_____	9282	1	0	0	0	0	1	0	0	0	0	0
C	Marios	19	131	4	1	5_____	9299	1	0	0	0	0	0	0	0	0	1	0
C	Marios	19	131	4	1	5_____	9884	1	0	0	0	0	1	0	0	0	0	0
C	Marios	19	131	4	1	5_____	9903	1	0	0	0	0	0	0	0	0	1	0
C	Marios	19	131	4	1	5_____	10319	1	0	0	0	0	1	0	0	0	0	0
C	Marios	19	131	4	1	5_____	10321	1	0	0	0	0	0	0	0	0	1	0
C	Marios	19	131	4	1	5_____	12343	1	0	0	0	0	1	0	0	0	0	0
C	Marios	19	131	4	1	5_____	12347	1	0	0	0	0	0	0	0	0	1	0
C	Marios	19	131	4	1	5_____	12348	1	0	0	0	0	1	0	0	0	0	0
C	Marios	19	131	4	1	5_____	12403	1	0	0	0	0	0	0	0	0	1	0
C	Marios	19	131	4	1	5_____	12454	1	0	0	0	0	1	0	0	0	0	0
C	Marios	19	131	4	1	5_____	12561	1	0	0	0	0	0	0	0	0	1	0
C	Marios	19	131	4	1	5_____	13092	1	0	0	0	0	1	0	0	0	0	0
C	Marios	19	131	4	1	5_____	13109	1	0	0	0	0	0	0	0	0	1	0
C	Marios	19	131	4	1	5_____	13235	1	0	0	0	0	1	0	0	0	0	0
C	Marios	19	131	4	1	5_____	13246	1	0	0	0	0	0	0	0	0	1	0
C	Marios	19	131	4	1	5_____	13266	1	0	0	0	0	1	0	0	0	0	0
C	Marios	19	131	4	1	5_____	13319	1	0	0	0	0	0	0	0	0	1	0
C	Marios	19	131	4	1	5_____	13618	1	0	0	0	0	1	0	0	0	0	0
C	Marios	19	131	4	1	5_____	13619	1	0	0	0	0	0	0	0	0	1	0
C	Marios	19	131	4	1	5_____	13624	1	0	0	0	0	1	0	0	0	0	0
C	Marios	19	131	4	1	5_____	13720	1	0	0	0	0	0	0	0	0	1	0
C	Marios	19	131	4	1	5_____	13744	1	0	0	0	0	1	0	0	0	0	0
C	Marios	19	131	4	1	5_____	13758	1	0	0	0	0	0	0	0	0	1	0
C	Marios	19	131	4	1	5_____	13767	1	0	0	0	0	1	0	0	0	0	0
C	Marios	19	131	4	1	5_____	13809	1	0	0	0	0	0	0	0	0	1	0
C	Marios	19	131	4	1	5_____	13833	1	0	0	0	0	1	0	0	0	0	0
C	Marios	19	131	4	1	5_____	13873	1	0	0	0	0	0	0	0	0	1	0
C	Marios	19	131	4	1	5_____	13878	1	0	0	0	0	1	0	0	0	0	0
C	Marios	19	131	4	1	5_____	13880	1	0	0	0	0	0	0	0	0	1	0
C	Marios	19	131	4	1	5_____	13918	1	0	0	0	0	1	0	0	0	0	0
C	Marios	19	131	4	1	5_____	13928	1	0	0	0	0	0	0	0	0	1	0
C	Marios	19	131	4	1	5_____	13989	1	0	0	0	0	1	0	0	0	0	0
C	Marios	19	131	4	1	5_____	13991	1	0	0	0	0	0	0	0	0	1	0
C	Marios	19	131	4	1	5_____	13993	1	0	0	0	0	1	0	0	0	0	0
C	Marios	19	131	4	1	5_____	13995	1	0	0	0	0	0	0	0	0	1	0
C	Marios	19	131	4	1	5_____	13998	1	0	0	0	0	1	0	0	0	0	0
C	Marios	19	131	4	1	5_____	14031	1	0	0	0	0	0	0	0	0	1	0
C	Marios	19	131	4	1	5_____	14040	1	0	0	0	0	1	0	0	0	0	0
C	Marios	19	131	4	1	5_____	14116	1	0	0	0	0	0	0	0	0	1	0
C	Marios	19	131	4	1	5_____	14222	1	0	0	0	0	1	0	0	0	0	0
C	Marios	19	131	4	1	5_____	14232	1	0	0	0	0	0	0	0	0	1	0
C	Marios	19	131	4	1	5_____	14250	1	2	0	0	0	0	0	0	0	0	0
C	Marios	19	131	4	1	5_____	14657	2	0	0	0	0	1	0	0	0	0	0
C	Marios	19	131	4	1	5_____	14750	2	17	0	0	0	0	0	0	0	0	0
C	Marios	19	131	4	1	5_____	14758	17	0	0	0	0	0	0	0	0	1	0
C	Marios	19	131	4	1	5_____	14779	17	0	0	0	0	1	0	0	0	0	0
C	Marios	19	131	4	1	5_____	14780	17	0	0	0	0	0	0	0	0	1	0
C	Marios	19	131	4	1	5_____	14925	17	0	0	0	0	1	0	0	0	0	0
C	Marios	19	131	4	1	5_____	14937	17	0	0	0	0	0	0	0	0	1	0
C	Marios	19	131	4	1	5_____	14958	17	0	0	0	0	1	0	0	0	0	0
C	Marios	19	131	4	1	5_____	15104	17	0	0	0	0	0	0	0	0	1	0
C	Marios	19	131	4	1	5_____	15250	17	15	0	0	0	0	0	0	0	0	0
C	Marios	19	131	4	1	5_____	15401	15	0	0	0	0	1	0	0	0	0	0
C	Marios	19	131	4	1	5_____	15443	15	0	0	0	0	0	0	0	0	1	0
C	Marios	19	131	4	1	5_____	15544	15	0	0	0	0	1	0	0	0	0	0
C	Marios	19	131	4	1	5_____	15558	15	0	0	0	0	0	0	0	0	1	0
C	Marios	19	131	4	1	5_____	15720	15	0	0	0	0	1	0	0	0	0	0
C	Marios	19	131	4	1	5_____	15726	15	0	0	0	0	0	0	0	0	1	0
C	Marios	19	131	4	1	5_____	15736	15	0	0	0	0	1	0	0	0	0	0
C	Marios	19	131	4	1	5_____	15750	15	1	0	0	0	0	0	0	0	0	0
C	Marios	19	131	4	1	5_____	15851	1	0	0	0	0	0	0	0	0	1	0
C	Marios	19	131	4	1	5_____	16158	1	0	0	0	0	1	0	0	0	0	0
C	Marios	19	131	4	1	5_____	16180	1	0	0	0	0	0	0	0	0	1	0
C	Marios	19	131	4	1	5_____	16205	1	0	0	0	0	1	0	0	0	0	0
C	Marios	19	131	4	1	5_____	16237	1	0	0	0	0	0	0	0	0	1	0
C	Marios	19	131	4	1	5_____	17279	1	0	0	0	0	1	0	0	0	0	0
C	Marios	19	131	4	1	5_____	17408	1	0	0	0	0	0	0	0	0	1	0
C	Marios	19	131	4	1	5_____	17415	1	0	0	0	0	1	0	0	0	0	0
C	Marios	19	131	4	1	5_____	17527	1	0	0	0	0	0	0	0	0	1	0
C	Marios	19	131	4	1	5_____	17673	1	0	0	0	0	1	0	0	0	0	0
C	Marios	19	131	4	1	5_____	17683	1	0	0	0	0	0	0	0	0	1	0
C	Marios	19	131	4	1	5_____	17703	1	0	0	0	0	1	0	0	0	0	0
C	Marios	19	131	4	1	5_____	17826	1	0	0	0	0	0	0	0	0	1	0
C	Marios	19	131	4	1	5_____	17856	1	0	0	0	0	1	0	0	0	0	0
C	Marios	19	131	4	1	5_____	17959	1	0	0	0	0	0	0	0	0	1	0
C	Marios	19	131	4	1	5_____	18188	1	0	0	0	0	1	0	0	0	0	0
C	Marios	19	131	4	1	5_____	18214	1	0	0	0	0	0	0	0	0	1	0
C	Marios	19	131	4	1	5_____	18227	1	0	0	0	0	1	0	0	0	0	0
C	Marios	19	131	4	1	5_____	18231	1	0	0	0	0	0	0	0	0	1	0
C	Marios	19	131	4	1	5_____	18245	1	0	0	0	0	1	0	0	0	0	0
C	Marios	19	131	4	1	5_____	18259	1	0	0	0	0	0	0	0	0	1	0
C	Marios	19	131	4	1	5_____	18304	1	0	0	0	0	1	0	0	0	0	0
C	Marios	19	131	4	1	5_____	18315	1	0	0	0	0	0	0	0	0	1	0
C	Marios	19	131	4	1	5_____	18317	1	0	0	0	0	1	0	0	0	0	0
C	Marios	19	131	4	1	5_____	18346	1	0	0	0	0	0	0	0	0	1	0
C	Marios	19	131	4	1	5_____	18352	1	0	0	0	0	1	0	0	0	0	0
C	Marios	19	131	4	1	5_____	18353	1	0	0	0	0	0	0	0	0	1	0
C	Marios	19	131	4	1	5_____	18357	1	0	0	0	0	1	0	0	0	0	0
C	Marios	19	131	4	1	5_____	18365	1	0	0	0	0	0	0	0	0	1	0
C	Marios	19	131	4	1	5_____	18372	1	0	0	0	0	1	0	0	0	0	0
C	Marios	19	131	4	1	5_____	18412	1	0	0	0	0	0	0	0	0	1	0
C	Marios	19	131	4	1	5_____	18694	1	0	0	0	0	1	0	0	0	0	0
C	Marios	19	131	4	1	5_____	18698	1	0	0	0	0	0	0	0	0	1	0
C	Marios	19	131	4	1	5_____	18954	1	0	0	0	0	1	0	0	0	0	0
C	Marios	19	131	4	1	5_____	19018	1	0	0	0	0	0	0	0	0	1	0
C	Marios	19	131	4	1	5_____	19030	1	0	0	0	0	1	0	0	0	0	0
C	Marios	19	131	4	1	5_____	19053	1	0	0	0	0	0	0	0	0	1	0
C	Marios	19	131	4	1	5_____	19083	1	0	0	0	0	1	0	0	0	0	0
C	Marios	19	131	4	1	5_____	19144	1	0	0	0	0	0	0	0	0	1	0
C	Marios	19	131	4	1	5_____	19250	1	2	0	0	0	0	0	0	0	0	0
C	Marios	19	131	4	1	5_____	19400	2	0	0	0	0	1	0	0	0	0	0
C	Marios	19	131	4	1	5_____	19417	2	0	0	0	0	0	0	0	0	1	0
C	Marios	19	131	4	1	5_____	19750	2	17	0	0	0	0	0	0	0	0	0
C	Marios	19	131	4	1	5_____	20075	17	0	0	0	0	1	0	0	0	0	0
C	Marios	19	131	4	1	5_____	20077	17	0	0	0	0	0	0	0	0	1	0
C	Marios	19	131	4	1	5_____	20250	17	15	0	0	0	0	0	0	0	0	0
C	Marios	19	131	4	1	5_____	20750	15	1	0	0	0	0	0	0	0	0	0
C	Marios	19	131	4	1	5_____	21644	1	0	0	0	0	1	0	0	0	0	0
C	Marios	19	131	4	1	5_____	21680	1	0	0	0	0	0	0	0	0	1	0
C	Marios	19	131	4	1	5_____	21694	1	0	0	0	0	1	0	0	0	0	0
C	Marios	19	131	4	1	5_____	21774	1	0	0	0	0	0	0	0	0	1	0
C	Marios	19	131	4	1	5_____	21937	1	0	0	0	0	1	0	0	0	0	0
C	Marios	19	131	4	1	5_____	21952	1	0	0	0	0	0	0	0	0	1	0
C	Marios	19	131	4	1	5_____	21994	1	0	0	0	0	1	0	0	0	0	0
C	Marios	19	131	4	1	5_____	22072	1	0	0	0	0	0	0	0	0	1	0
C	Marios	19	131	4	1	5_____	22386	1	0	0	0	0	1	0	0	0	0	0
C	Marios	19	131	4	1	5_____	22391	1	0	0	0	0	0	0	0	0	1	0
C	Marios	19	131	4	1	5_____	24577	1	0	0	0	0	1	0	0	0	0	0
C	Marios	19	131	4	1	5_____	24930	1	0	0	0	0	0	0	0	0	1	0
C	Marios	19	131	4	1	5_____	25250	1	2	0	0	0	0	0	0	0	0	0
C	Marios	19	131	4	1	5_____	25318	2	0	0	0	0	1	0	0	0	0	0
C	Marios	19	131	4	1	5_____	25469	2	0	0	0	0	0	0	0	0	1	0
C	Marios	19	131	4	1	5_____	25750	2	16	0	0	0	0	0	0	0	0	0
C	Marios	19	131	4	1	5_____	25854	16	0	0	0	0	1	0	0	0	0	0
C	Marios	19	131	4	1	5_____	25873	16	0	0	0	0	0	0	0	0	1	0
C	Marios	19	131	4	1	5_____	25885	16	0	0	0	0	1	0	0	0	0	0
C	Marios	19	131	4	1	5_____	26006	16	0	0	0	0	0	0	0	0	1	0
C	Marios	19	131	4	1	5_____	26144	16	0	0	0	0	1	0	0	0	0	0
C	Marios	19	131	4	1	5_____	26206	16	0	0	0	0	0	0	0	0	1	0
C	Marios	19	131	4	1	5_____	26224	16	0	0	0	0	1	0	0	0	0	0
C	Marios	19	131	4	1	5_____	26250	16	15	0	0	0	0	0	0	0	0	0
C	Marios	19	131	4	1	5_____	26290	15	0	0	0	0	0	0	0	0	1	0
C	Marios	19	131	4	1	5_____	26311	15	0	0	0	0	1	0	0	0	0	0
C	Marios	19	131	4	1	5_____	26317	15	0	0	0	0	0	0	0	0	1	0
C	Marios	19	131	4	1	5_____	26338	15	0	0	0	0	1	0	0	0	0	0
C	Marios	19	131	4	1	5_____	26488	15	0	0	0	0	0	0	0	0	1	0
C	Marios	19	131	4	1	5_____	26516	15	0	0	0	0	1	0	0	0	0	0
C	Marios	19	131	4	1	5_____	26632	15	0	0	0	0	0	0	0	0	1	0
C	Marios	19	131	4	1	5_____	26648	15	0	0	0	0	1	0	0	0	0	0
C	Marios	19	131	4	1	5_____	26657	15	0	0	0	0	0	0	0	0	1	0
C	Marios	19	131	4	1	5_____	26750	15	1	0	0	0	0	0	0	0	0	0
C	Marios	19	131	4	1	5_____	26846	1	0	0	0	0	1	0	0	0	0	0
C	Marios	19	131	4	1	5_____	27024	1	0	0	0	0	0	0	0	0	1	0
C	Marios	19	131	4	1	5_____	27030	1	0	0	0	0	1	0	0	0	0	0
C	Marios	19	131	4	1	5_____	27098	1	0	0	0	0	0	0	0	0	1	0
C	Marios	19	131	4	1	5_____	27104	1	0	0	0	0	1	0	0	0	0	0
C	Marios	19	131	4	1	5_____	27112	1	0	0	0	0	0	0	0	0	1	0
C	Marios	19	131	4	1	5_____	27127	1	0	0	0	0	1	0	0	0	0	0
C	Marios	19	131	4	1	5_____	27198	1	0	0	0	0	0	0	0	0	1	0
C	Marios	19	131	4	1	5_____	27219	1	0	0	0	0	1	0	0	0	0	0
C	Marios	19	131	4	1	5_____	27258	1	0	0	0	0	0	0	0	0	1	0
C	Marios	19	131	4	1	5_____	27281	1	0	0	0	0	1	0	0	0	0	0
C	Marios	19	131	4	1	5_____	27294	1	0	0	0	0	0	0	0	0	1	0
C	Marios	19	131	4	1	5_____	27307	1	0	0	0	0	1	0	0	0	0	0
C	Marios	19	131	4	1	5_____	27451	1	0	0	0	0	0	0	0	0	1	0
C	Marios	19	131	4	1	5_____	27491	1	0	0	0	0	1	0	0	0	0	0
C	Marios	19	131	4	1	5_____	27493	1	0	0	0	0	0	0	0	0	1	0
C	Marios	19	131	4	1	5_____	31775	1	0	0	0	0	1	0	0	0	0	0
C	Marios	19	131	4	1	5_____	31777	1	0	0	0	0	0	0	0	0	1	0
C	Marios	19	131	4	1	5_____	31787	1	0	0	0	0	1	0	0	0	0	0
C	Marios	19	131	4	1	5_____	31789	1	0	0	0	0	0	0	0	0	1	0
C	Marios	19	131	4	1	5_____	32750	1	2	0	0	0	0	0	0	0	0	0
C	Marios	19	131	4	1	5_____	33250	2	7	0	0	0	0	0	0	0	0	0
C	Marios	19	131	4	1	5_____	33424	7	0	0	0	0	1	0	0	0	0	0
C	Marios	19	131	4	1	5_____	33492	7	0	0	0	0	0	0	0	0	1	0
C	Marios	19	131	4	1	5_____	33750	7	11	0	0	0	0	0	0	0	0	0
C	Marios	19	131	4	1	5_____	33803	11	0	0	0	0	1	0	0	0	0	0
C	Marios	19	131	4	1	5_____	33822	11	0	0	0	0	0	0	0	0	1	0
C	Marios	19	131	4	1	5_____	33833	11	0	0	0	0	1	0	0	0	0	0
C	Marios	19	131	4	1	5_____	33837	11	0	0	0	0	0	0	0	0	1	0
C	Marios	19	131	4	1	5_____	33842	11	0	0	0	0	1	0	0	0	0	0
C	Marios	19	131	4	1	5_____	34064	11	0	0	0	0	0	0	0	0	1	0
C	Marios	19	131	4	1	5_____	34094	11	0	0	0	0	1	0	0	0	0	0
C	Marios	19	131	4	1	5_____	34095	11	0	0	0	0	0	0	0	0	1	0
C	Marios	19	131	4	1	5_____	34103	11	0	0	0	0	1	0	0	0	0	0
C	Marios	19	131	4	1	5_____	34105	11	0	0	0	0	0	0	0	0	1	0
C	Marios	19	131	4	1	5_____	34114	11	0	0	0	0	1	0	0	0	0	0
C	Marios	19	131	4	1	5_____	34116	11	0	0	0	0	0	0	0	0	1	0
C	Marios	19	131	4	1	5_____	34120	11	0	0	0	0	1	0	0	0	0	0
C	Marios	19	131	4	1	5_____	34126	11	0	0	0	0	0	0	0	0	1	0
C	Marios	19	131	4	1	5_____	34127	11	0	0	0	0	1	0	0	0	0	0
C	Marios	19	131	4	1	5_____	34131	11	0	0	0	0	0	0	0	0	1	0
C	Marios	19	131	4	1	5_____	34133	11	0	0	0	0	1	0	0	0	0	0
C	Marios	19	131	4	1	5_____	34140	11	0	0	0	0	0	0	0	0	1	0
C	Marios	19	131	4	1	5_____	34216	11	0	0	0	0	1	0	0	0	0	0
C	Marios	19	131	4	1	5_____	34250	11	1	0	0	0	0	0	0	0	0	0
C	Marios	19	131	4	1	5_____	34361	1	0	0	0	0	0	0	0	0	1	0
C	Marios	19	131	4	1	5_____	34379	1	0	0	0	0	1	0	0	0	0	0
C	Marios	19	131	4	1	5_____	34386	1	0	0	0	0	1	0	0	0	1	0
C	Marios	19	131	4	1	5_____	34389	1	0	0	0	0	1	0	0	0	1	0
C	Marios	19	131	4	1	5_____	34491	1	0	0	0	0	0	0	0	0	1	0
C	Marios	19	131	4	1	5_____	34503	1	0	0	0	0	1	0	0	0	0	0
C	Marios	19	131	4	1	5_____	34506	1	0	0	0	0	0	0	0	0	1	0
C	Marios	19	131	4	1	5_____	34507	1	0	0	0	0	1	0	0	0	0	0
C	Marios	19	131	4	1	5_____	34516	1	0	0	0	0	0	0	0	0	1	0
C	Marios	19	131	4	1	5_____	34522	1	0	0	0	0	1	0	0	0	0	0
C	Marios	19	131	4	1	5_____	34524	1	0	0	0	0	0	0	0	0	1	0
C	Marios	19	131	4	1	5_____	34656	1	0	0	0	0	1	0	0	0	0	0
C	Marios	19	131	4	1	5_____	34672	1	0	0	0	0	0	0	0	0	1	0
C	Marios	19	131	4	1	5_____	34675	1	0	0	0	0	1	0	0	0	0	0
C	Marios	19	131	4	1	5_____	34831	1	0	0	0	0	0	0	0	0	1	0
C	Marios	19	131	4	1	5_____	35750	1	2	0	0	0	0	0	0	0	0	0
C	Marios	19	131	4	1	5_____	36250	2	17	0	0	0	0	0	0	0	0	0
C	Marios	19	131	4	1	5_____	36251	17	0	0	0	0	1	0	0	0	0	0
C	Marios	19	131	4	1	5_____	36254	17	0	0	0	0	1	0	0	0	1	0
C	Marios	19	131	4	1	5_____	36256	17	0	0	0	0	0	0	0	0	1	0
C	Marios	19	131	4	1	5_____	36275	17	0	0	0	0	1	0	0	0	0	0
C	Marios	19	131	4	1	5_____	36334	17	0	0	0	0	0	0	0	0	1	0
C	Marios	19	131	4	1	5_____	36750	17	15	0	0	0	0	0	0	0	0	0
C	Marios	19	131	4	1	5_____	37250	15	1	0	0	0	0	0	0	0	0	0
C	Marios	19	131	4	1	5_____	38851	1	0	0	0	0	1	0	0	0	0	0
C	Marios	19	131	4	1	5_____	38853	1	0	0	0	0	0	0	0	0	1	0
C	Marios	19	131	4	1	5_____	39006	1	0	0	0	0	1	0	0	0	0	0
C	Marios	19	131	4	1	5_____	39086	1	0	0	0	0	0	0	0	0	1	0
C	Marios	19	131	4	1	5_____	39135	1	0	0	0	0	1	0	0	0	0	0
C	Marios	19	131	4	1	5_____	39146	1	0	0	0	0	0	0	0	0	1	0
C	Marios	19	131	4	1	5_____	39180	1	0	0	0	0	1	0	0	0	0	0
C	Marios	19	131	4	1	5_____	39230	1	0	0	0	0	0	0	0	0	1	0
C	Marios	19	131	4	1	5_____	39351	1	0	0	0	0	1	0	0	0	0	0
C	Marios	19	131	4	1	5_____	39353	1	0	0	0	0	0	0	0	0	1	0
C	Marios	19	131	4	1	5_____	44000	1	2	0	0	0	0	0	0	0	0	0
C	Marios	19	131	4	1	5_____	44500	2	17	0	0	0	0	0	0	0	0	0
C	Marios	19	131	4	1	5_____	45000	17	15	0	0	0	0	0	0	0	0	0
C	Marios	19	131	4	1	5_____	45500	15	1	0	0	0	0	0	0	0	0	0
C	Marios	19	131	4	1	5_____	46156	1	0	0	0	0	1	0	0	0	0	0
C	Marios	19	131	4	1	5_____	46157	1	0	0	0	0	0	0	0	0	1	0
C	Marios	19	131	4	1	5_____	46159	1	0	0	0	0	1	0	0	0	0	0
C	Marios	19	131	4	1	5_____	46161	1	0	0	0	0	0	0	0	0	1	0
C	Marios	19	131	4	1	5_____	47053	1	0	0	0	0	1	0	0	0	0	0
C	Marios	19	131	4	1	5_____	47054	1	0	0	0	0	0	0	0	0	1	0
C	Marios	19	131	4	1	5_____	47055	1	0	0	0	0	1	0	0	0	0	0
C	Marios	19	131	4	1	5_____	47059	1	0	0	0	0	0	0	0	0	1	0
C	Marios	19	131	4	1	5_____	47061	1	0	0	0	0	1	0	0	0	0	0
C	Marios	19	131	4	1	5_____	47103	1	0	0	0	0	0	0	0	0	1	0
C	Marios	19	131	4	1	5_____	47331	1	0	0	0	0	1	0	0	0	0	0
C	Marios	19	131	4	1	5_____	47364	1	0	0	0	0	0	0	0	0	1	0
C	Marios	19	131	4	1	5_____	48421	1	0	0	0	0	1	0	0	0	0	0
C	Marios	19	131	4	1	5_____	48500	1	2	0	0	0	0	0	0	0	0	0
C	Marios	19	131	4	1	5_____	48549	2	0	0	0	0	0	0	0	0	1	0
C	Marios	19	131	4	1	5_____	48570	2	0	0	0	0	1	0	0	0	0	0
C	Marios	19	131	4	1	5_____	48654	2	0	0	0	0	0	0	0	0	1	0
C	Marios	19	131	4	1	5_____	49000	2	16	0	0	0	0	0	0	0	0	0
C	Marios	19	131	4	1	5_____	49240	16	0	0	0	0	1	0	0	0	0	0
C	Marios	19	131	4	1	5_____	49258	16	0	0	0	0	0	0	0	0	1	0
C	Marios	19	131	4	1	5_____	49346	16	0	0	0	0	1	0	0	0	0	0
C	Marios	19	131	4	1	5_____	49500	16	15	0	0	0	0	0	0	0	0	0
C	Marios	19	131	4	1	5_____	49607	15	0	0	0	0	0	0	0	0	1	0
C	Marios	19	131	4	1	5_____	50000	15	1	0	0	0	0	0	0	0	0	0
C	Marios	19	131	4	1	5_____	50473	1	0	0	0	0	1	0	0	0	0	0
C	Marios	19	131	4	1	5_____	50497	1	0	0	0	0	0	0	0	0	1	0
C	Marios	19	131	4	1	5_____	53677	1	0	0	0	0	1	0	0	0	0	0
C	Marios	19	131	4	1	5_____	53693	1	0	0	0	0	0	0	0	0	1	0
C	Marios	19	131	4	1	5_____	55243	1	0	0	0	0	1	0	0	0	0	0
C	Marios	19	131	4	1	5_____	55450	1	0	0	0	0	0	0	0	0	1	0
C	Marios	19	131	4	1	5_____	55500	1	2	0	0	0	0	0	0	0	0	0
C	Marios	19	131	4	1	5_____	55772	2	0	0	0	0	1	0	0	0	0	0
C	Marios	19	131	4	1	5_____	55779	2	0	0	0	0	0	0	0	0	1	0
C	Marios	19	131	4	1	5_____	56000	2	6	0	0	0	0	0	0	0	0	0
C	Marios	19	131	4	1	5_____	56044	6	0	0	0	0	1	0	0	0	0	0
C	Marios	19	131	4	1	5_____	56190	6	0	0	0	0	0	0	0	0	1	0
C	Marios	19	131	4	1	5_____	56231	6	0	0	0	0	1	0	0	0	0	0
C	Marios	19	131	4	1	5_____	56247	6	0	0	0	0	0	0	0	0	1	0
C	Marios	19	131	4	1	5_____	56327	6	0	0	0	0	1	0	0	0	0	0
C	Marios	19	131	4	1	5_____	56399	6	0	0	0	0	0	0	0	0	1	0
C	Marios	19	131	4	1	5_____	56448	6	0	0	0	0	1	0	0	0	0	0
C	Marios	19	131	4	1	5_____	56487	6	0	0	0	0	0	0	0	0	1	0
C	Marios	19	131	4	1	5_____	56500	6	10	0	0	0	0	0	0	0	0	0
C	Marios	19	131	4	1	5_____	56566	10	0	0	0	0	1	0	0	0	0	0
C	Marios	19	131	4	1	5_____	56813	10	0	0	0	0	0	0	0	0	1	0
C	Marios	19	131	4	1	5_____	57000	10	1	0	0	0	0	0	0	0	0	0
C	Marios	19	131	4	1	5_____	57097	1	0	0	0	0	1	0	0	0	0	0
C	Marios	19	131	4	1	5_____	57186	1	0	0	0	0	0	0	0	0	1	0
C	Marios	19	131	4	1	5_____	58168	1	0	0	0	0	1	0	0	0	0	0
C	Marios	19	131	4	1	5_____	58283	1	0	0	0	0	0	0	0	0	1	0
C	Marios	19	131	4	1	5_____	58518	1	0	0	0	0	1	0	0	0	0	0
C	Marios	19	131	4	1	5_____	58608	1	0	0	0	0	0	0	0	0	1	0
C	Marios	19	131	4	1	5_____	59005	1	0	0	0	0	1	0	0	0	0	0
C	Marios	19	131	4	1	5_____	59034	1	0	0	0	0	0	0	0	0	1	0
C	Marios	19	131	4	1	5_____	59477	1	0	0	0	0	1	0	0	0	0	0
C	Marios	19	131	4	1	5_____	59686	1	0	0	0	0	0	0	0	0	1	0
C	Marios	19	131	4	1	5_____	60897	1	0	0	0	0	1	0	0	0	0	0
C	Marios	19	131	4	1	5_____	60917	1	0	0	0	0	0	0	0	0	1	0
C	Marios	19	131	4	1	5_____	61266	1	0	0	0	0	1	0	0	0	0	0
C	Marios	19	131	4	1	5_____	61298	1	0	0	0	0	0	0	0	0	1	0
C	Marios	19	131	4	1	5_____	61334	1	0	0	0	0	1	0	0	0	0	0
C	Marios	19	131	4	1	5_____	61476	1	0	0	0	0	0	0	0	0	1	0
C	Marios	19	131	4	1	5_____	64500	1	2	0	0	0	0	0	0	0	0	0
C	Marios	19	131	4	1	5_____	64678	2	0	0	0	0	1	0	0	0	0	0
C	Marios	19	131	4	1	5_____	64693	2	0	0	0	0	0	0	0	0	1	0
C	Marios	19	131	4	1	5_____	64851	2	0	0	0	0	1	0	0	0	0	0
C	Marios	19	131	4	1	5_____	64885	2	0	0	0	0	0	0	0	0	1	0
C	Marios	19	131	4	1	5_____	64891	2	0	0	0	0	1	0	0	0	0	0
C	Marios	19	131	4	1	5_____	64944	2	0	0	0	0	0	0	0	0	1	0
C	Marios	19	131	4	1	5_____	64948	2	0	0	0	0	1	0	0	0	0	0
C	Marios	19	131	4	1	5_____	64988	2	0	0	0	0	0	0	0	0	1	0
C	Marios	19	131	4	1	5_____	64990	2	0	0	0	0	1	0	0	0	0	0
C	Marios	19	131	4	1	5_____	64995	2	0	0	0	0	0	0	0	0	1	0
C	Marios	19	131	4	1	5_____	65000	2	7	0	0	0	0	0	0	0	0	0
C	Marios	19	131	4	1	5_____	65110	7	0	0	0	0	1	0	0	0	0	0
C	Marios	19	131	4	1	5_____	65119	7	0	0	0	0	0	0	0	0	1	0
C	Marios	19	131	4	1	5_____	65147	7	0	0	0	0	1	0	0	0	0	0
C	Marios	19	131	4	1	5_____	65299	7	0	0	0	0	0	0	0	0	1	0
C	Marios	19	131	4	1	5_____	65363	7	0	0	0	0	1	0	0	0	0	0
C	Marios	19	131	4	1	5_____	65500	7	11	0	0	0	0	0	0	0	0	0
C	Marios	19	131	4	1	5_____	65519	11	0	0	0	0	0	0	0	0	1	0
C	Marios	19	131	4	1	5_____	65520	11	0	0	0	0	1	0	0	0	0	0
C	Marios	19	131	4	1	5_____	65522	11	0	0	0	0	0	0	0	0	1	0
C	Marios	19	131	4	1	5_____	65539	11	0	0	0	0	1	0	0	0	0	0
C	Marios	19	131	4	1	5_____	65969	11	0	0	0	0	0	0	0	0	1	0
C	Marios	19	131	4	1	5_____	65971	11	0	0	0	0	1	0	0	0	0	0
C	Marios	19	131	4	1	5_____	66000	11	1	0	0	0	0	0	0	0	0	0
C	Marios	19	131	4	1	5_____	66087	1	0	0	0	0	1	0	0	0	1	0
C	Marios	19	131	4	1	5_____	66134	1	0	0	0	0	0	0	0	0	1	0
C	Marios	19	131	4	1	5_____	66163	1	0	0	0	0	1	0	0	0	0	0
C	Marios	19	131	4	1	5_____	66170	1	0	0	0	0	0	0	0	0	1	0
C	Marios	19	131	4	1	5_____	66173	1	0	0	0	0	1	0	0	0	0	0
C	Marios	19	131	4	1	5_____	66176	1	0	0	0	0	0	0	0	0	1	0
C	Marios	19	131	4	1	5_____	66179	1	0	0	0	0	1	0	0	0	0	0
C	Marios	19	131	4	1	5_____	66210	1	0	0	0	0	0	0	0	0	1	0
C	Marios	19	131	4	1	5_____	66233	1	0	0	0	0	1	0	0	0	0	0
C	Marios	19	131	4	1	5_____	66235	1	0	0	0	0	0	0	0	0	1	0
C	Marios	19	131	4	1	5_____	66328	1	0	0	0	0	1	0	0	0	0	0
C	Marios	19	131	4	1	5_____	66329	1	0	0	0	0	1	0	0	0	1	0
C	Marios	19	131	4	1	5_____	66415	1	0	0	0	0	0	0	0	0	1	0
C	Marios	19	131	4	1	5_____	66617	1	0	0	0	0	1	0	0	0	0	0
C	Marios	19	131	4	1	5_____	66659	1	0	0	0	0	0	0	0	0	1	0
C	Marios	19	131	4	1	5_____	66663	1	0	0	0	0	1	0	0	0	0	0
C	Marios	19	131	4	1	5_____	66664	1	0	0	0	0	0	0	0	0	1	0
C	Marios	19	131	4	1	5_____	66707	1	0	0	0	0	1	0	0	0	0	0
C	Marios	19	131	4	1	5_____	66741	1	0	0	0	0	0	0	0	0	1	0
C	Marios	19	131	4	1	5_____	66750	1	0	0	0	0	1	0	0	0	0	0
C	Marios	19	131	4	1	5_____	66752	1	0	0	0	0	0	0	0	0	1	0
C	Marios	19	131	4	1	5_____	66775	1	0	0	0	0	1	0	0	0	0	0
C	Marios	19	131	4	1	5_____	66777	1	0	0	0	0	0	0	0	0	1	0
C	Marios	19	131	4	1	5_____	66802	1	0	0	0	0	1	0	0	0	0	0
C	Marios	19	131	4	1	5_____	66860	1	0	0	0	0	0	0	0	0	1	0
C	Marios	19	131	4	1	5_____	66878	1	0	0	0	0	1	0	0	0	0	0
C	Marios	19	131	4	1	5_____	66879	1	0	0	0	0	0	0	0	0	1	0
C	Marios	19	131	4	1	5_____	66896	1	0	0	0	0	1	0	0	0	0	0
C	Marios	19	131	4	1	5_____	66926	1	0	0	0	0	0	0	0	0	1	0
C	Marios	19	131	4	1	5_____	66935	1	0	0	0	0	1	0	0	0	0	0
C	Marios	19	131	4	1	5_____	66936	1	0	0	0	0	0	0	0	0	1	0
C	Marios	19	131	4	1	5_____	66940	1	0	0	0	0	1	0	0	0	0	0
C	Marios	19	131	4	1	5_____	66941	1	0	0	0	0	0	0	0	0	1	0
C	Marios	19	131	4	1	5_____	66955	1	0	0	0	0	1	0	0	0	0	0
C	Marios	19	131	4	1	5_____	66961	1	0	0	0	0	0	0	0	0	1	0
C	Marios	19	131	4	1	5_____	66965	1	0	0	0	0	1	0	0	0	0	0
C	Marios	19	131	4	1	5_____	66967	1	0	0	0	0	0	0	0	0	1	0
C	Marios	19	131	4	1	5_____	66976	1	0	0	0	0	1	0	0	0	0	0
C	Marios	19	131	4	1	5_____	67001	1	0	0	0	0	0	0	0	0	1	0
C	Marios	19	131	4	1	5_____	67018	1	0	0	0	0	1	0	0	0	0	0
C	Marios	19	131	4	1	5_____	67035	1	0	0	0	0	0	0	0	0	1	0
C	Marios	19	131	4	1	5_____	67068	1	0	0	0	0	1	0	0	0	0	0
C	Marios	19	131	4	1	5_____	67070	1	0	0	0	0	0	0	0	0	1	0
C	Marios	19	131	4	1	5_____	67082	1	0	0	0	0	1	0	0	0	0	0
C	Marios	19	131	4	1	5_____	67101	1	0	0	0	0	0	0	0	0	1	0
C	Marios	19	131	4	1	5_____	67110	1	0	0	0	0	1	0	0	0	0	0
C	Marios	19	131	4	1	5_____	67115	1	0	0	0	0	0	0	0	0	1	0
C	Marios	19	131	4	1	5_____	67116	1	0	0	0	0	1	0	0	0	0	0
C	Marios	19	131	4	1	5_____	67118	1	0	0	0	0	0	0	0	0	1	0
C	Marios	19	131	4	1	5_____	67119	1	0	0	0	0	1	0	0	0	0	0
C	Marios	19	131	4	1	5_____	67122	1	0	0	0	0	1	0	0	0	1	0
C	Marios	19	131	4	1	5_____	67125	1	0	0	0	0	0	0	0	0	1	0
C	Marios	19	131	4	1	5_____	67129	1	0	0	0	0	1	0	0	0	0	0
C	Marios	19	131	4	1	5_____	67131	1	0	0	0	0	0	0	0	0	1	0
C	Marios	19	131	4	1	5_____	67135	1	0	0	0	0	1	0	0	0	0	0
C	Marios	19	131	4	1	5_____	67153	1	0	0	0	0	0	0	0	0	1	0
C	Marios	19	131	4	1	5_____	67163	1	0	0	0	0	1	0	0	0	0	0
C	Marios	19	131	4	1	5_____	67463	1	0	0	0	0	0	0	0	0	1	0
C	Marios	19	131	4	1	5_____	67480	1	0	0	0	0	1	0	0	0	0	0
C	Marios	19	131	4	1	5_____	67513	1	0	0	0	0	0	0	0	0	1	0
C	Marios	19	131	4	1	5_____	67521	1	0	0	0	0	1	0	0	0	0	0
C	Marios	19	131	4	1	5_____	67523	1	0	0	0	0	0	0	0	0	1	0
C	Marios	19	131	4	1	5_____	67556	1	0	0	0	0	1	0	0	0	0	0
C	Marios	19	131	4	1	5_____	67559	1	0	0	0	0	0	0	0	0	1	0
C	Marios	19	131	4	1	5_____	67581	1	0	0	0	0	1	0	0	0	0	0
C	Marios	19	131	4	1	5_____	67676	1	0	0	0	0	1	0	0	0	1	0
C	Marios	19	131	4	1	5_____	67710	1	0	0	0	0	0	0	0	0	1	0
C	Marios	19	131	4	1	5_____	68008	1	0	0	0	0	1	0	0	0	0	0
C	Marios	19	131	4	1	5_____	68059	1	0	0	0	0	0	0	0	0	1	0
C	Marios	19	131	4	1	5_____	68892	1	0	0	0	0	1	0	0	0	0	0
C	Marios	19	131	4	1	5_____	68949	1	0	0	0	0	0	0	0	0	1	0
C	Marios	19	131	4	1	5_____	69064	1	0	0	0	0	1	0	0	0	0	0
C	Marios	19	131	4	1	5_____	69073	1	0	0	0	0	0	0	0	0	1	0
C	Marios	19	131	4	1	5_____	69086	1	0	0	0	0	1	0	0	0	0	0
C	Marios	19	131	4	1	5_____	69115	1	0	0	0	0	0	0	0	0	1	0
C	Marios	19	131	4	1	5_____	69125	1	0	0	0	0	1	0	0	0	0	0
C	Marios	19	131	4	1	5_____	69361	1	0	0	0	0	0	0	0	0	1	0
C	Marios	19	131	4	1	5_____	70483	1	0	0	0	0	1	0	0	0	0	0
C	Marios	19	131	4	1	5_____	70500	1	2	0	0	0	0	0	0	0	0	0
C	Marios	19	131	4	1	5_____	70510	2	0	0	0	0	0	0	0	0	1	0
C	Marios	19	131	4	1	5_____	70664	2	0	0	0	0	1	0	0	0	0	0
C	Marios	19	131	4	1	5_____	70679	2	0	0	0	0	0	0	0	0	1	0
C	Marios	19	131	4	1	5_____	71000	2	16	0	0	0	0	0	0	0	0	0
C	Marios	19	131	4	1	5_____	71052	16	0	0	0	0	1	0	0	0	0	0
C	Marios	19	131	4	1	5_____	71060	16	0	0	0	0	0	0	0	0	1	0
C	Marios	19	131	4	1	5_____	71282	16	0	0	0	0	1	0	0	0	0	0
C	Marios	19	131	4	1	5_____	71424	16	0	0	0	0	0	0	0	0	1	0
C	Marios	19	131	4	1	5_____	71434	16	0	0	0	0	1	0	0	0	0	0
C	Marios	19	131	4	1	5_____	71500	16	15	0	0	0	0	0	0	0	0	0
C	Marios	19	131	4	1	5_____	71602	15	0	0	0	0	0	0	0	0	1	0
C	Marios	19	131	4	1	5_____	71715	15	0	0	0	0	1	0	0	0	0	0
C	Marios	19	131	4	1	5_____	71743	15	0	0	0	0	0	0	0	0	1	0
C	Marios	19	131	4	1	5_____	71894	15	0	0	0	0	1	0	0	0	0	0
C	Marios	19	131	4	1	5_____	71930	15	0	0	0	0	0	0	0	0	1	0
C	Marios	19	131	4	1	5_____	72000	15	1	0	0	0	0	0	0	0	0	0
C	Marios	19	131	4	1	5_____	72505	1	0	0	0	0	1	0	0	0	0	0
C	Marios	19	131	4	1	5_____	72519	1	0	0	0	0	0	0	0	0	1	0
C	Marios	19	131	4	1	5_____	72575	1	0	0	0	0	1	0	0	0	0	0
C	Marios	19	131	4	1	5_____	72584	1	0	0	0	0	0	0	0	0	1	0
C	Marios	19	131	4	1	5_____	72599	1	0	0	0	0	1	0	0	0	0	0
C	Marios	19	131	4	1	5_____	72601	1	0	0	0	0	0	0	0	0	1	0
C	Marios	19	131	4	1	5_____	72629	1	0	0	0	0	1	0	0	0	0	0
C	Marios	19	131	4	1	5_____	72762	1	0	0	0	0	0	0	0	0	1	0
C	Marios	19	131	4	1	5_____	72769	1	0	0	0	0	1	0	0	0	0	0
C	Marios	19	131	4	1	5_____	72773	1	0	0	0	0	0	0	0	0	1	0
C	Marios	19	131	4	1	5_____	72807	1	0	0	0	0	1	0	0	0	0	0
C	Marios	19	131	4	1	5_____	72817	1	0	0	0	0	0	0	0	0	1	0
C	Marios	19	131	4	1	5_____	72818	1	0	0	0	0	1	0	0	0	0	0
C	Marios	19	131	4	1	5_____	72851	1	0	0	0	0	0	0	0	0	1	0
C	Marios	19	131	4	1	5_____	72871	1	0	0	0	0	1	0	0	0	0	0
C	Marios	19	131	4	1	5_____	73035	1	0	0	0	0	0	0	0	0	1	0
C	Marios	19	131	4	1	5_____	75000	1	2	0	0	0	0	0	0	0	0	0
C	Marios	19	131	4	1	5_____	75217	2	0	0	0	0	1	0	0	0	0	0
C	Marios	19	131	4	1	5_____	75239	2	0	0	0	0	0	0	0	0	1	0
C	Marios	19	131	4	1	5_____	75500	2	7	0	0	0	0	0	0	0	0	0
C	Marios	19	131	4	1	5_____	75595	7	0	0	0	0	1	0	0	0	0	0
C	Marios	19	131	4	1	5_____	75746	7	0	0	0	0	0	0	0	0	1	0
C	Marios	19	131	4	1	5_____	75820	7	0	0	0	0	1	0	0	0	0	0
C	Marios	19	131	4	1	5_____	75895	7	0	0	0	0	0	0	0	0	1	0
C	Marios	19	131	4	1	5_____	76000	7	11	0	0	0	0	0	0	0	0	0
C	Marios	19	131	4	1	5_____	76132	11	0	0	0	0	1	0	0	0	0	0
C	Marios	19	131	4	1	5_____	76294	11	0	0	0	0	0	0	0	0	1	0
C	Marios	19	131	4	1	5_____	76434	11	0	0	0	0	1	0	0	0	0	0
C	Marios	19	131	4	1	5_____	76465	11	0	0	0	0	0	0	0	0	1	0
C	Marios	19	131	4	1	5_____	76480	11	0	0	0	0	1	0	0	0	0	0
C	Marios	19	131	4	1	5_____	76500	11	1	0	0	0	0	0	0	0	0	0
C	Marios	19	131	4	1	5_____	76594	1	0	0	0	0	0	0	0	0	1	0
C	Marios	19	131	4	1	5_____	76660	1	0	0	0	0	1	0	0	0	0	0
C	Marios	19	131	4	1	5_____	76679	1	0	0	0	0	0	0	0	0	1	0
C	Marios	19	131	4	1	5_____	76741	1	0	0	0	0	1	0	0	0	0	0
C	Marios	19	131	4	1	5_____	76817	1	0	0	0	0	0	0	0	0	1	0
C	Marios	19	131	4	1	5_____	76883	1	0	0	0	0	1	0	0	0	0	0
C	Marios	19	131	4	1	5_____	76896	1	0	0	0	0	0	0	0	0	1	0
C	Marios	19	131	4	1	5_____	76929	1	0	0	0	0	1	0	0	0	0	0
C	Marios	19	131	4	1	5_____	76942	1	0	0	0	0	0	0	0	0	1	0
C	Marios	19	131	4	1	5_____	76991	1	0	0	0	0	1	0	0	0	0	0
C	Marios	19	131	4	1	5_____	77011	1	0	0	0	0	0	0	0	0	1	0
C	Marios	19	131	4	1	5_____	77097	1	0	0	0	0	1	0	0	0	0	0
C	Marios	19	131	4	1	5_____	77132	1	0	0	0	0	0	0	0	0	1	0
C	Marios	19	131	4	1	5_____	77172	1	0	0	0	0	1	0	0	0	0	0
C	Marios	19	131	4	1	5_____	77218	1	0	0	0	0	0	0	0	0	1	0
C	Marios	19	131	4	1	5_____	78052	1	0	0	0	0	1	0	0	0	0	0
C	Marios	19	131	4	1	5_____	78263	1	0	0	0	0	0	0	0	0	1	0
C	Marios	19	131	4	1	5_____	79031	1	0	0	0	0	1	0	0	0	0	0
C	Marios	19	131	4	1	5_____	79385	1	0	0	0	0	0	0	0	0	1	0
C	Marios	19	131	4	1	5_____	79579	1	0	0	0	0	1	0	0	0	0	0
C	Marios	19	131	4	1	5_____	79854	1	0	0	0	0	0	0	0	0	1	0
C	Marios	19	131	4	1	5_____	81000	1	2	0	0	0	0	0	0	0	0	0
C	Marios	19	131	4	1	5_____	81500	2	17	0	0	0	0	0	0	0	0	0
C	Marios	19	131	4	1	5_____	82000	17	15	0	0	0	0	0	0	0	0	0
C	Marios	19	131	4	1	5_____	82500	15	1	0	0	0	0	0	0	0	0	0
C	Marios	19	131	4	1	5_____	89250	1	2	0	0	0	0	0	0	0	0	0
C	Marios	19	131	4	1	5_____	89750	2	17	0	0	0	0	0	0	0	0	0
C	Marios	19	131	4	1	5_____	90250	17	15	0	0	0	0	0	0	0	0	0
C	Marios	19	131	4	1	5_____	90750	15	1	0	0	0	0	0	0	0	0	0
C	Marios	19	131	4	1	5_____	91946	1	0	0	0	0	1	0	0	0	0	0
C	Marios	19	131	4	1	5_____	92015	1	0	0	0	0	0	0	0	0	1	0
C	Marios	19	131	4	1	5_____	94500	1	2	0	0	0	0	0	0	0	0	0
C	Marios	19	131	4	1	5_____	95000	2	6	0	0	0	0	0	0	0	0	0
C	Marios	19	131	4	1	5_____	95057	6	0	0	0	0	1	0	0	0	0	0
C	Marios	19	131	4	1	5_____	95141	6	0	0	0	0	0	0	0	0	1	0
C	Marios	19	131	4	1	5_____	95248	6	0	0	0	0	1	0	0	0	0	0
C	Marios	19	131	4	1	5_____	95301	6	0	0	0	0	0	0	0	0	1	0
C	Marios	19	131	4	1	5_____	95353	6	0	0	0	0	1	0	0	0	0	0
C	Marios	19	131	4	1	5_____	95396	6	0	0	0	0	0	0	0	0	1	0
C	Marios	19	131	4	1	5_____	95482	6	0	0	0	0	1	0	0	0	0	0
C	Marios	19	131	4	1	5_____	95500	6	10	0	0	0	0	0	0	0	0	0
C	Marios	19	131	4	1	5_____	95830	10	0	0	0	0	0	0	0	0	1	0
C	Marios	19	131	4	1	5_____	95835	10	0	0	0	0	1	0	0	0	0	0
C	Marios	19	131	4	1	5_____	95860	10	0	0	0	0	0	0	0	0	1	0
C	Marios	19	131	4	1	5_____	95870	10	0	0	0	0	1	0	0	0	0	0
C	Marios	19	131	4	1	5_____	96000	10	1	0	0	0	0	0	0	0	0	0
C	Marios	19	131	4	1	5_____	96163	1	0	0	0	0	0	0	0	0	1	0
C	Marios	19	131	4	1	5_____	96322	1	0	0	0	0	1	0	0	0	0	0
C	Marios	19	131	4	1	5_____	96400	1	0	0	0	0	0	0	0	0	1	0
C	Marios	19	131	4	1	5_____	97128	1	0	0	0	0	1	0	0	0	0	0
C	Marios	19	131	4	1	5_____	97140	1	0	0	0	0	0	0	0	0	1	0
C	Marios	19	131	4	1	5_____	98059	1	0	0	0	0	1	0	0	0	0	0
C	Marios	19	131	4	1	5_____	98168	1	0	0	0	0	0	0	0	0	1	0
C	Marios	19	131	4	1	5_____	98180	1	0	0	0	0	1	0	0	0	0	0
C	Marios	19	131	4	1	5_____	98407	1	0	0	0	0	0	0	0	0	1	0
C	Marios	19	131	4	1	5_____	98638	1	0	0	0	0	1	0	0	0	0	0
C	Marios	19	131	4	1	5_____	98652	1	0	0	0	0	0	0	0	0	1	0
C	Marios	19	131	4	1	5_____	98669	1	0	0	0	0	1	0	0	0	0	0
C	Marios	19	131	4	1	5_____	98700	1	0	0	0	0	0	0	0	0	1	0
C	Marios	19	131	4	1	5_____	99291	1	0	0	0	0	1	0	0	0	0	0
C	Marios	19	131	4	1	5_____	99302	1	0	0	0	0	0	0	0	0	1	0
C	Marios	19	131	4	1	5_____	99440	1	0	0	0	0	1	0	0	0	0	0
C	Marios	19	131	4	1	5_____	99458	1	0	0	0	0	0	0	0	0	1	0
C	Marios	19	131	4	1	5_____	99510	1	0	0	0	0	1	0	0	0	0	0
C	Marios	19	131	4	1	5_____	99513	1	0	0	0	0	0	0	0	0	1	0
C	Marios	19	131	4	1	5_____	99515	1	0	0	0	0	1	0	0	0	0	0
C	Marios	19	131	4	1	5_____	99520	1	0	0	0	0	0	0	0	0	1	0
C	Marios	19	131	4	1	5_____	99521	1	0	0	0	0	1	0	0	0	0	0
C	Marios	19	131	4	1	5_____	99523	1	0	0	0	0	0	0	0	0	1	0
C	Marios	19	131	4	1	5_____	100098	1	0	0	0	0	1	0	0	0	0	0
C	Marios	19	131	4	1	5_____	100105	1	0	0	0	0	0	0	0	0	1	0
C	Marios	19	131	4	1	5_____	100214	1	0	0	0	0	1	0	0	0	0	0
C	Marios	19	131	4	1	5_____	100224	1	0	0	0	0	0	0	0	0	1	0
C	Marios	19	131	4	1	5_____	100577	1	0	0	0	0	1	0	0	0	0	0
C	Marios	19	131	4	1	5_____	100583	1	0	0	0	0	0	0	0	0	1	0
C	Marios	19	131	4	1	5_____	100609	1	0	0	0	0	1	0	0	0	0	0
C	Marios	19	131	4	1	5_____	100659	1	0	0	0	0	0	0	0	0	1	0
C	Marios	19	131	4	1	5_____	100679	1	0	0	0	0	1	0	0	0	0	0
C	Marios	19	131	4	1	5_____	100682	1	0	0	0	0	0	0	0	0	1	0
C	Marios	19	131	4	1	5_____	100765	1	0	0	0	0	1	0	0	0	0	0
C	Marios	19	131	4	1	5_____	100896	1	0	0	0	0	0	0	0	0	1	0
C	Marios	19	131	4	1	5_____	100900	1	0	0	0	0	1	0	0	0	0	0
C	Marios	19	131	4	1	5_____	100968	1	0	0	0	0	0	0	0	0	1	0
C	Marios	19	131	4	1	5_____	101138	1	0	0	0	0	1	0	0	0	0	0
C	Marios	19	131	4	1	5_____	101167	1	0	0	0	0	0	0	0	0	1	0
C	Marios	19	131	4	1	5_____	101202	1	0	0	0	0	1	0	0	0	0	0
C	Marios	19	131	4	1	5_____	101390	1	0	0	0	0	0	0	0	0	1	0
C	Marios	19	131	4	1	5_____	101500	1	2	0	0	0	0	0	0	0	0	0
C	Marios	19	131	4	1	5_____	101613	2	0	0	0	0	1	0	0	0	0	0
C	Marios	19	131	4	1	5_____	101627	2	0	0	0	0	0	0	0	0	1	0
C	Marios	19	131	4	1	5_____	101996	2	0	0	0	0	1	0	0	0	0	0
C	Marios	19	131	4	1	5_____	101997	2	0	0	0	0	0	0	0	0	1	0
C	Marios	19	131	4	1	5_____	102000	2	16	0	0	0	0	0	0	0	0	0
C	Marios	19	131	4	1	5_____	102500	16	15	0	0	0	0	0	0	0	0	0
C	Marios	19	131	4	1	5_____	102637	15	0	0	0	0	1	0	0	0	0	0
C	Marios	19	131	4	1	5_____	102822	15	0	0	0	0	0	0	0	0	1	0
C	Marios	19	131	4	1	5_____	102949	15	0	0	0	0	1	0	0	0	0	0
C	Marios	19	131	4	1	5_____	102975	15	0	0	0	0	0	0	0	0	1	0
C	Marios	19	131	4	1	5_____	102992	15	0	0	0	0	1	0	0	0	0	0
C	Marios	19	131	4	1	5_____	103000	15	1	0	0	0	0	0	0	0	0	0
C	Marios	19	131	4	1	5_____	103183	1	0	0	0	0	0	0	0	0	1	0
C	Marios	19	131	4	1	5_____	103599	1	0	0	0	0	1	0	0	0	0	0
C	Marios	19	131	4	1	5_____	103604	1	0	0	0	0	0	0	0	0	1	0
C	Marios	19	131	4	1	5_____	104423	1	0	0	0	0	1	0	0	0	0	0
C	Marios	19	131	4	1	5_____	104439	1	0	0	0	0	0	0	0	0	1	0
C	Marios	19	131	4	1	5_____	104821	1	0	0	0	0	1	0	0	0	0	0
C	Marios	19	131	4	1	5_____	104823	1	0	0	0	0	0	0	0	0	1	0
C	Marios	19	131	4	1	5_____	107201	1	0	0	0	0	1	0	0	0	0	0
C	Marios	19	131	4	1	5_____	107500	1	2	0	0	0	0	0	0	0	0	0
C	Marios	19	131	4	1	5_____	107513	2	0	0	0	0	0	0	0	0	1	0
C	Marios	19	131	4	1	5_____	107900	2	0	0	0	0	1	0	0	0	0	0
C	Marios	19	131	4	1	5_____	108000	2	16	0	0	0	0	0	0	0	0	0
C	Marios	19	131	4	1	5_____	108005	16	0	0	0	0	0	0	0	0	1	0
C	Marios	19	131	4	1	5_____	108041	16	0	0	0	0	1	0	0	0	0	0
C	Marios	19	131	4	1	5_____	108176	16	0	0	0	0	0	0	0	0	1	0
C	Marios	19	131	4	1	5_____	108273	16	0	0	0	0	1	0	0	0	0	0
C	Marios	19	131	4	1	5_____	108388	16	0	0	0	0	0	0	0	0	1	0
C	Marios	19	131	4	1	5_____	108500	16	15	0	0	0	0	0	0	0	0	0
C	Marios	19	131	4	1	5_____	108554	15	0	0	0	0	1	0	0	0	0	0
C	Marios	19	131	4	1	5_____	108615	15	0	0	0	0	0	0	0	0	1	0
C	Marios	19	131	4	1	5_____	108773	15	0	0	0	0	1	0	0	0	0	0
C	Marios	19	131	4	1	5_____	108832	15	0	0	0	0	0	0	0	0	1	0
C	Marios	19	131	4	1	5_____	109000	15	1	0	0	0	0	0	0	0	0	0
C	Marios	19	131	4	1	5_____	112792	1	0	0	0	0	1	0	0	0	0	0
C	Marios	19	131	4	1	5_____	112808	1	0	0	0	0	0	0	0	0	1	0
C	Marios	19	131	4	1	5_____	113336	1	0	0	0	0	1	0	0	0	0	0
C	Marios	19	131	4	1	5_____	113398	1	0	0	0	0	0	0	0	0	1	0
C	Marios	19	131	4	1	5_____	113994	1	0	0	0	0	1	0	0	0	0	0
C	Marios	19	131	4	1	5_____	113997	1	0	0	0	0	0	0	0	0	1	0
C	Marios	19	131	4	1	5_____	115000	1	2	0	0	0	0	0	0	0	0	0
C	Marios	19	131	4	1	5_____	115500	2	17	0	0	0	0	0	0	0	0	0
C	Marios	19	131	4	1	5_____	116000	17	15	0	0	0	0	0	0	0	0	0
C	Marios	19	131	4	1	5_____	116176	15	0	0	0	0	1	0	0	0	0	0
C	Marios	19	131	4	1	5_____	116207	15	0	0	0	0	0	0	0	0	1	0
C	Marios	19	131	4	1	5_____	116500	15	1	0	0	0	0	0	0	0	0	0
C	Marios	19	131	4	1	5_____	117906	1	0	0	0	0	1	0	0	0	0	0
C	Marios	19	131	4	1	5_____	117929	1	0	0	0	0	0	0	0	0	1	0
C	Marios	19	131	4	1	5_____	121750	1	2	0	0	0	0	0	0	0	0	0
C	Marios	19	131	4	1	5_____	121896	2	0	0	0	0	1	0	0	0	0	0
C	Marios	19	131	4	1	5_____	121907	2	0	0	0	0	0	0	0	0	1	0
C	Marios	19	131	4	1	5_____	121977	2	0	0	0	0	1	0	0	0	0	0
C	Marios	19	131	4	1	5_____	122156	2	0	0	0	0	0	0	0	0	1	0
C	Marios	19	131	4	1	5_____	122160	2	0	0	0	0	1	0	0	0	0	0
C	Marios	19	131	4	1	5_____	122245	2	0	0	0	0	0	0	0	0	1	0
C	Marios	19	131	4	1	5_____	122250	2	6	0	0	0	1	0	0	0	0	0
C	Marios	19	131	4	1	5_____	122254	6	0	0	0	0	0	0	0	0	1	0
C	Marios	19	131	4	1	5_____	122285	6	0	0	0	0	1	0	0	0	0	0
C	Marios	19	131	4	1	5_____	122357	6	0	0	0	0	0	0	0	0	1	0
C	Marios	19	131	4	1	5_____	122421	6	0	0	0	0	1	0	0	0	0	0
C	Marios	19	131	4	1	5_____	122562	6	0	0	0	0	0	0	0	0	1	0
C	Marios	19	131	4	1	5_____	122634	6	0	0	0	0	1	0	0	0	0	0
C	Marios	19	131	4	1	5_____	122648	6	0	0	0	0	0	0	0	0	1	0
C	Marios	19	131	4	1	5_____	122664	6	0	0	0	0	1	0	0	0	0	0
C	Marios	19	131	4	1	5_____	122688	6	0	0	0	0	0	0	0	0	1	0
C	Marios	19	131	4	1	5_____	122712	6	0	0	0	0	1	0	0	0	0	0
C	Marios	19	131	4	1	5_____	122750	6	10	0	0	0	0	0	0	0	0	0
C	Marios	19	131	4	1	5_____	123180	10	0	0	0	0	0	0	0	0	1	0
C	Marios	19	131	4	1	5_____	123250	10	1	0	0	0	0	0	0	0	0	0
C	Marios	19	131	4	1	5_____	123384	1	0	0	0	0	1	0	0	0	0	0
C	Marios	19	131	4	1	5_____	123514	1	0	0	0	0	0	0	0	0	1	0
C	Marios	19	131	4	1	5_____	123599	1	0	0	0	0	1	0	0	0	0	0
C	Marios	19	131	4	1	5_____	123634	1	0	0	0	0	0	0	0	0	1	0
C	Marios	19	131	4	1	5_____	123640	1	0	0	0	0	1	0	0	0	0	0
C	Marios	19	131	4	1	5_____	123651	1	0	0	0	0	0	0	0	0	1	0
C	Marios	19	131	4	1	5_____	124750	1	2	0	0	0	0	0	0	0	0	0
C	Marios	19	131	4	1	5_____	125250	2	17	0	0	0	0	0	0	0	0	0
C	Marios	19	131	4	1	5_____	125750	17	15	0	0	0	0	0	0	0	0	0
C	Marios	19	131	4	1	5_____	126250	15	1	0	0	0	0	0	0	0	0	0
C	Marios	19	131	4	1	5_____	126307	1	0	0	0	0	1	0	0	0	0	0
C	Marios	19	131	4	1	5_____	126316	1	0	0	0	0	0	0	0	0	1	0
C	Marios	19	131	4	1	5_____	129357	1	0	0	0	0	1	0	0	0	0	0
C	Marios	19	131	4	1	5_____	129477	1	0	0	0	0	0	0	0	0	1	0
C	Marios	19	131	4	1	5_____	129638	1	0	0	0	0	1	0	0	0	0	0
C	Marios	19	131	4	1	5_____	129643	1	0	0	0	0	0	0	0	0	1	0
C	Marios	19	131	4	1	5_____	129647	1	0	0	0	0	1	0	0	0	0	0
C	Marios	19	131	4	1	5_____	129712	1	0	0	0	0	0	0	0	0	1	0
C	Marios	19	131	4	1	5_____	129716	1	0	0	0	0	1	0	0	0	0	0
C	Marios	19	131	4	1	5_____	129732	1	0	0	0	0	0	0	0	0	1	0
C	Marios	19	131	4	1	5_____	129733	1	0	0	0	0	1	0	0	0	0	0
C	Marios	19	131	4	1	5_____	129741	1	0	0	0	0	0	0	0	0	1	0
C	Marios	19	131	4	1	5_____	129749	1	0	0	0	0	1	0	0	0	0	0
C	Marios	19	131	4	1	5_____	129847	1	0	0	0	0	0	0	0	0	1	0
C	Marios	19	131	4	1	5_____	130245	1	0	0	0	0	1	0	0	0	0	0
C	Marios	19	131	4	1	5_____	130274	1	0	0	0	0	0	0	0	0	1	0
C	Marios	19	131	4	1	5_____	130287	1	0	0	0	0	1	0	0	0	0	0
C	Marios	19	131	4	1	5_____	130639	1	0	0	0	0	0	0	0	0	1	0
C	Marios	19	131	4	1	5_____	130703	1	0	0	0	0	1	0	0	0	0	0
C	Marios	19	131	4	1	5_____	130761	1	0	0	0	0	0	0	0	0	1	0
C	Marios	19	131	4	1	5_____	130763	1	0	0	0	0	1	0	0	0	0	0
C	Marios	19	131	4	1	5_____	130771	1	0	0	0	0	0	0	0	0	1	0
C	Marios	19	131	4	1	5_____	130803	1	0	0	0	0	1	0	0	0	0	0
C	Marios	19	131	4	1	5_____	130942	1	0	0	0	0	0	0	0	0	1	0
C	Marios	19	131	4	1	5_____	130947	1	0	0	0	0	1	0	0	0	0	0
C	Marios	19	131	4	1	5_____	131029	1	0	0	0	0	0	0	0	0	1	0
C	Marios	19	131	4	1	5_____	131048	1	0	0	0	0	1	0	0	0	0	0
C	Marios	19	131	4	1	5_____	131049	1	0	0	0	0	0	0	0	0	1	0
C	Marios	19	131	4	1	5_____	131058	1	0	0	0	0	1	0	0	0	0	0
C	Marios	19	131	4	1	5_____	131084	1	0	0	0	0	0	0	0	0	1	0
C	Marios	19	131	4	1	5_____	131090	1	0	0	0	0	1	0	0	0	0	0
C	Marios	19	131	4	1	5_____	131092	1	0	0	0	0	0	0	0	0	1	0
C	Marios	19	131	4	1	5_____	131104	1	0	0	0	0	1	0	0	0	0	0
C	Marios	19	131	4	1	5_____	131222	1	0	0	0	0	0	0	0	0	1	0
C	Marios	19	131	4	1	5_____	131311	1	0	0	0	0	1	0	0	0	0	0
C	Marios	19	131	4	1	5_____	131470	1	0	0	0	0	0	0	0	0	1	0
C	Marios	19	131	4	1	5_____	132605	1	0	0	0	0	1	0	0	0	0	0
C	Marios	19	131	4	1	5_____	132666	1	0	0	0	0	0	0	0	0	1	0
C	Marios	19	131	4	1	5_____	133750	1	2	0	0	0	0	0	0	0	0	0
C	Marios	19	131	4	1	5_____	134250	2	7	0	0	0	0	0	0	0	0	0
C	Marios	19	131	4	1	5_____	134380	7	0	0	0	0	1	0	0	0	0	0
C	Marios	19	131	4	1	5_____	134509	7	0	0	0	0	0	0	0	0	1	0
C	Marios	19	131	4	1	5_____	134552	7	0	0	0	0	1	0	0	0	0	0
C	Marios	19	131	4	1	5_____	134561	7	0	0	0	0	0	0	0	0	1	0
C	Marios	19	131	4	1	5_____	134646	7	0	0	0	0	1	0	0	0	0	0
C	Marios	19	131	4	1	5_____	134712	7	0	0	0	0	0	0	0	0	1	0
C	Marios	19	131	4	1	5_____	134731	7	0	0	0	0	1	0	0	0	0	0
C	Marios	19	131	4	1	5_____	134750	7	11	0	0	0	0	0	0	0	0	0
C	Marios	19	131	4	1	5_____	134752	11	0	0	0	0	0	0	0	0	1	0
C	Marios	19	131	4	1	5_____	134781	11	0	0	0	0	1	0	0	0	0	0
C	Marios	19	131	4	1	5_____	135236	11	0	0	0	0	0	0	0	0	1	0
C	Marios	19	131	4	1	5_____	135238	11	0	0	0	0	1	0	0	0	0	0
C	Marios	19	131	4	1	5_____	135250	11	1	0	0	0	0	0	0	0	0	0
C	Marios	19	131	4	1	5_____	135306	1	0	0	0	0	0	0	0	0	1	0
C	Marios	19	131	4	1	5_____	135318	1	0	0	0	0	1	0	0	0	0	0
C	Marios	19	131	4	1	5_____	135341	1	0	0	0	0	0	0	0	0	1	0
C	Marios	19	131	4	1	5_____	135847	1	0	0	0	0	1	0	0	0	0	0
C	Marios	19	131	4	1	5_____	135856	1	0	0	0	0	0	0	0	0	1	0
C	Marios	19	131	4	1	5_____	136014	1	0	0	0	0	1	0	0	0	0	0
C	Marios	19	131	4	1	5_____	136071	1	0	0	0	0	0	0	0	0	1	0
C	Marios	19	131	4	1	5_____	136289	1	0	0	0	0	1	0	0	0	0	0
C	Marios	19	131	4	1	5_____	136352	1	0	0	0	0	0	0	0	0	1	0
C	Marios	19	131	4	1	5_____	137949	1	0	0	0	0	1	0	0	0	0	0
C	Marios	19	131	4	1	5_____	138167	1	0	0	0	0	0	0	0	0	1	0
C	Marios	19	131	4	1	5_____	138750	1	2	0	0	0	0	0	0	0	0	0
C	Marios	19	131	4	1	5_____	139250	2	16	0	0	0	0	0	0	0	0	0
C	Marios	19	131	4	1	5_____	139750	16	15	0	0	0	0	0	0	0	0	0
C	Marios	19	131	4	1	5_____	139907	15	0	0	0	0	1	0	0	0	0	0
C	Marios	19	131	4	1	5_____	140116	15	0	0	0	0	0	0	0	0	1	0
C	Marios	19	131	4	1	5_____	140250	15	1	0	0	0	0	0	0	0	0	0
C	Marios	19	131	4	1	5_____	142500	1	2	0	0	0	0	0	0	0	0	0
C	Marios	19	131	4	1	5_____	143000	2	16	0	0	0	0	0	0	0	0	0
C	Marios	19	131	4	1	5_____	143264	16	0	0	0	0	1	0	0	0	0	0
C	Marios	19	131	4	1	5_____	143384	16	0	0	0	0	0	0	0	0	1	0
C	Marios	19	131	4	1	5_____	143410	16	0	0	0	0	1	0	0	0	0	0
C	Marios	19	131	4	1	5_____	143480	16	0	0	0	0	0	0	0	0	1	0
C	Marios	19	131	4	1	5_____	143500	16	15	0	0	0	0	0	0	0	0	0
C	Marios	19	131	4	1	5_____	143509	15	0	0	0	0	1	0	0	0	0	0
C	Marios	19	131	4	1	5_____	143514	15	0	0	0	0	0	0	0	0	1	0
C	Marios	19	131	4	1	5_____	143535	15	0	0	0	0	1	0	0	0	0	0
C	Marios	19	131	4	1	5_____	143553	15	0	0	0	0	0	0	0	0	1	0
C	Marios	19	131	4	1	5_____	143615	15	0	0	0	0	1	0	0	0	0	0
C	Marios	19	131	4	1	5_____	143682	15	0	0	0	0	0	0	0	0	1	0
C	Marios	19	131	4	1	5_____	143747	15	0	0	0	0	1	0	0	0	0	0
C	Marios	19	131	4	1	5_____	143751	15	0	0	0	0	0	0	0	0	1	0
C	Marios	19	131	4	1	5_____	143793	15	0	0	0	0	1	0	0	0	0	0
C	Marios	19	131	4	1	5_____	143801	15	0	0	0	0	0	0	0	0	1	0
C	Marios	19	131	4	1	5_____	143804	15	0	0	0	0	1	0	0	0	0	0
C	Marios	19	131	4	1	5_____	143805	15	0	0	0	0	0	0	0	0	1	0
C	Marios	19	131	4	1	5_____	143824	15	0	0	0	0	1	0	0	0	0	0
C	Marios	19	131	4	1	5_____	143897	15	0	0	0	0	0	0	0	0	1	0
C	Marios	19	131	4	1	5_____	143950	15	0	0	0	0	1	0	0	0	0	0
C	Marios	19	131	4	1	5_____	143962	15	0	0	0	0	0	0	0	0	1	0
C	Marios	19	131	4	1	5_____	144000	15	14	0	0	0	0	0	0	0	0	0
C	Marios	19	131	4	1	5_____	144094	14	0	0	0	0	1	0	0	0	0	0
C	Marios	19	131	4	1	5_____	144096	14	0	0	0	0	0	0	0	0	1	0
C	Marios	19	131	4	1	5_____	147000	14	-1	0	0	0	0	0	0	0	0	0
C	Marios	19	131	7	1	30____	0	0	1	0	0	0	0	0	0	0	0	0
C	Marios	19	131	7	1	30____	2	1	0	0	0	0	1	0	0	0	0	0
C	Marios	19	131	7	1	30____	55	1	0	0	0	0	0	0	0	0	1	0
C	Marios	19	131	7	1	30____	1331	1	0	0	0	0	1	0	0	0	0	0
C	Marios	19	131	7	1	30____	1351	1	0	0	0	0	0	0	0	0	1	0
C	Marios	19	131	7	1	30____	2083	1	0	0	0	0	1	0	0	0	0	0
C	Marios	19	131	7	1	30____	2112	1	0	0	0	0	0	0	0	0	1	0
C	Marios	19	131	7	1	30____	2250	1	2	0	0	0	0	0	0	0	0	0
C	Marios	19	131	7	1	30____	2750	2	17	0	0	0	0	0	0	0	0	0
C	Marios	19	131	7	1	30____	3250	17	15	0	0	0	0	0	0	0	0	0
C	Marios	19	131	7	1	30____	3580	15	0	0	0	0	1	0	0	0	0	0
C	Marios	19	131	7	1	30____	3584	15	0	0	0	0	0	0	0	0	1	0
C	Marios	19	131	7	1	30____	3750	15	1	0	0	0	0	0	0	0	0	0
C	Marios	19	131	7	1	30____	5311	1	0	0	0	0	1	0	0	0	0	0
C	Marios	19	131	7	1	30____	5339	1	0	0	0	0	0	0	0	0	1	0
C	Marios	19	131	7	1	30____	6750	1	2	0	0	0	0	0	0	0	0	0
C	Marios	19	131	7	1	30____	7250	2	17	0	0	0	0	0	0	0	0	0
C	Marios	19	131	7	1	30____	7695	17	0	0	0	0	1	0	0	0	0	0
C	Marios	19	131	7	1	30____	7709	17	0	0	0	0	1	0	0	0	1	0
C	Marios	19	131	7	1	30____	7734	17	0	0	0	0	0	0	0	0	1	0
C	Marios	19	131	7	1	30____	7750	17	15	0	0	0	0	0	0	0	0	0
C	Marios	19	131	7	1	30____	8250	15	1	0	0	0	0	0	0	0	0	0
C	Marios	19	131	7	1	30____	8519	1	0	0	0	0	1	0	0	0	0	0
C	Marios	19	131	7	1	30____	8521	1	0	0	0	0	0	0	0	0	1	0
C	Marios	19	131	7	1	30____	11004	1	0	0	0	0	1	0	0	0	0	0
C	Marios	19	131	7	1	30____	11028	1	0	0	0	0	0	0	0	0	1	0
C	Marios	19	131	7	1	30____	11037	1	0	0	0	0	1	0	0	0	0	0
C	Marios	19	131	7	1	30____	11040	1	0	0	0	0	0	0	0	0	1	0
C	Marios	19	131	7	1	30____	11043	1	0	0	0	0	1	0	0	0	0	0
C	Marios	19	131	7	1	30____	11046	1	0	0	0	0	0	0	0	0	1	0
C	Marios	19	131	7	1	30____	11051	1	0	0	0	0	1	0	0	0	0	0
C	Marios	19	131	7	1	30____	11053	1	0	0	0	0	0	0	0	0	1	0
C	Marios	19	131	7	1	30____	11055	1	0	0	0	0	1	0	0	0	0	0
C	Marios	19	131	7	1	30____	11063	1	0	0	0	0	0	0	0	0	1	0
C	Marios	19	131	7	1	30____	11065	1	0	0	0	0	1	0	0	0	0	0
C	Marios	19	131	7	1	30____	11071	1	0	0	0	0	0	0	0	0	1	0
C	Marios	19	131	7	1	30____	12288	1	0	0	0	0	1	0	0	0	0	0
C	Marios	19	131	7	1	30____	12312	1	0	0	0	0	0	0	0	0	1	0
C	Marios	19	131	7	1	30____	12414	1	0	0	0	0	1	0	0	0	0	0
C	Marios	19	131	7	1	30____	12425	1	0	0	0	0	0	0	0	0	1	0
C	Marios	19	131	7	1	30____	15163	1	0	0	0	0	1	0	0	0	0	0
C	Marios	19	131	7	1	30____	15191	1	0	0	0	0	0	0	0	0	1	0
C	Marios	19	131	7	1	30____	15202	1	0	0	0	0	1	0	0	0	0	0
C	Marios	19	131	7	1	30____	15221	1	0	0	0	0	0	0	0	0	1	0
C	Marios	19	131	7	1	30____	15227	1	0	0	0	0	1	0	0	0	0	0
C	Marios	19	131	7	1	30____	15245	1	0	0	0	0	0	0	0	0	1	0
C	Marios	19	131	7	1	30____	15750	1	2	0	0	0	0	0	0	0	0	0
C	Marios	19	131	7	1	30____	16250	2	16	0	0	0	0	0	0	0	0	0
C	Marios	19	131	7	1	30____	16750	16	15	0	0	0	0	0	0	0	0	0
C	Marios	19	131	7	1	30____	17250	15	1	0	0	0	0	0	0	0	0	0
C	Marios	19	131	7	1	30____	18445	1	0	0	0	0	1	0	0	0	0	0
C	Marios	19	131	7	1	30____	18446	1	0	0	0	0	0	0	0	0	1	0
C	Marios	19	131	7	1	30____	19468	1	0	0	0	0	1	0	0	0	0	0
C	Marios	19	131	7	1	30____	19481	1	0	0	0	0	0	0	0	0	1	0
C	Marios	19	131	7	1	30____	21363	1	0	0	0	0	1	0	0	0	0	0
C	Marios	19	131	7	1	30____	21378	1	0	0	0	0	0	0	0	0	1	0
C	Marios	19	131	7	1	30____	21385	1	0	0	0	0	1	0	0	0	0	0
C	Marios	19	131	7	1	30____	21493	1	0	0	0	0	0	0	0	0	1	0
C	Marios	19	131	7	1	30____	21497	1	0	0	0	0	1	0	0	0	0	0
C	Marios	19	131	7	1	30____	21663	1	0	0	0	0	0	0	0	0	1	0
C	Marios	19	131	7	1	30____	21685	1	0	0	0	0	1	0	0	0	0	0
C	Marios	19	131	7	1	30____	21924	1	0	0	0	0	0	0	0	0	1	0
C	Marios	19	131	7	1	30____	21981	1	0	0	0	0	1	0	0	0	0	0
C	Marios	19	131	7	1	30____	22039	1	0	0	0	0	1	0	0	0	1	0
C	Marios	19	131	7	1	30____	22042	1	0	0	0	0	0	0	0	0	1	0
C	Marios	19	131	7	1	30____	22044	1	0	0	0	0	1	0	0	0	0	0
C	Marios	19	131	7	1	30____	22062	1	0	0	0	0	0	0	0	0	1	0
C	Marios	19	131	7	1	30____	22257	1	0	0	0	0	1	0	0	0	0	0
C	Marios	19	131	7	1	30____	22280	1	0	0	0	0	0	0	0	0	1	0
C	Marios	19	131	7	1	30____	23250	1	2	0	0	0	0	0	0	0	0	0
C	Marios	19	131	7	1	30____	23352	2	0	0	0	0	1	0	0	0	0	0
C	Marios	19	131	7	1	30____	23357	2	0	0	0	0	0	0	0	0	1	0
C	Marios	19	131	7	1	30____	23750	2	16	0	0	0	0	0	0	0	0	0
C	Marios	19	131	7	1	30____	24250	16	15	0	0	0	0	0	0	0	0	0
C	Marios	19	131	7	1	30____	24750	15	1	0	0	0	0	0	0	0	0	0
C	Marios	19	131	7	1	30____	27579	1	0	0	0	0	1	0	0	0	0	0
C	Marios	19	131	7	1	30____	27597	1	0	0	0	0	0	0	0	0	1	0
C	Marios	19	131	7	1	30____	27701	1	0	0	0	0	1	0	0	0	0	0
C	Marios	19	131	7	1	30____	27747	1	0	0	0	0	0	0	0	0	1	0
C	Marios	19	131	7	1	30____	28250	1	2	0	0	0	0	0	0	0	0	0
C	Marios	19	131	7	1	30____	28750	2	7	0	0	0	0	0	0	0	0	0
C	Marios	19	131	7	1	30____	28921	7	0	0	0	0	1	0	0	0	0	0
C	Marios	19	131	7	1	30____	28967	7	0	0	0	0	0	0	0	0	1	0
C	Marios	19	131	7	1	30____	28969	7	0	0	0	0	1	0	0	0	0	0
C	Marios	19	131	7	1	30____	28973	7	0	0	0	0	0	0	0	0	1	0
C	Marios	19	131	7	1	30____	28974	7	0	0	0	0	1	0	0	0	0	0
C	Marios	19	131	7	1	30____	29054	7	0	0	0	0	0	0	0	0	1	0
C	Marios	19	131	7	1	30____	29055	7	0	0	0	0	1	0	0	0	0	0
C	Marios	19	131	7	1	30____	29058	7	0	0	0	0	0	0	0	0	1	0
C	Marios	19	131	7	1	30____	29060	7	0	0	0	0	1	0	0	0	0	0
C	Marios	19	131	7	1	30____	29092	7	0	0	0	0	0	0	0	0	1	0
C	Marios	19	131	7	1	30____	29094	7	0	0	0	0	1	0	0	0	0	0
C	Marios	19	131	7	1	30____	29155	7	0	0	0	0	1	0	0	0	1	0
C	Marios	19	131	7	1	30____	29234	7	0	0	0	0	0	0	0	0	1	0
C	Marios	19	131	7	1	30____	29235	7	0	0	0	0	1	0	0	0	0	0
C	Marios	19	131	7	1	30____	29250	7	11	0	0	0	0	0	0	0	0	0
C	Marios	19	131	7	1	30____	29526	11	0	0	0	0	0	0	0	0	1	0
C	Marios	19	131	7	1	30____	29532	11	0	0	0	0	1	0	0	0	0	0
C	Marios	19	131	7	1	30____	29593	11	0	0	0	0	0	0	0	0	1	0
C	Marios	19	131	7	1	30____	29750	11	1	0	0	0	0	0	0	0	0	0
C	Marios	19	131	7	1	30____	31199	1	0	0	0	0	1	0	0	0	0	0
C	Marios	19	131	7	1	30____	31321	1	0	0	0	0	0	0	0	0	1	0
C	Marios	19	131	7	1	30____	32885	1	0	0	0	0	1	0	0	0	0	0
C	Marios	19	131	7	1	30____	32922	1	0	0	0	0	0	0	0	0	1	0
C	Marios	19	131	7	1	30____	33877	1	0	0	0	0	1	0	0	0	0	0
C	Marios	19	131	7	1	30____	33902	1	0	0	0	0	0	0	0	0	1	0
C	Marios	19	131	7	1	30____	34250	1	2	0	0	0	0	0	0	0	0	0
C	Marios	19	131	7	1	30____	34720	2	0	0	0	0	1	0	0	0	0	0
C	Marios	19	131	7	1	30____	34749	2	0	0	0	0	0	0	0	0	1	0
C	Marios	19	131	7	1	30____	34750	2	6	0	0	0	0	0	0	0	0	0
C	Marios	19	131	7	1	30____	34752	6	0	0	0	0	1	0	0	0	0	0
C	Marios	19	131	7	1	30____	34754	6	0	0	0	0	0	0	0	0	1	0
C	Marios	19	131	7	1	30____	34815	6	0	0	0	0	1	0	0	0	0	0
C	Marios	19	131	7	1	30____	34819	6	0	0	0	0	0	0	0	0	1	0
C	Marios	19	131	7	1	30____	34830	6	0	0	0	0	1	0	0	0	0	0
C	Marios	19	131	7	1	30____	34856	6	0	0	0	0	0	0	0	0	1	0
C	Marios	19	131	7	1	30____	34859	6	0	0	0	0	1	0	0	0	0	0
C	Marios	19	131	7	1	30____	34863	6	0	0	0	0	0	0	0	0	1	0
C	Marios	19	131	7	1	30____	34864	6	0	0	0	0	1	0	0	0	0	0
C	Marios	19	131	7	1	30____	34951	6	0	0	0	0	0	0	0	0	1	0
C	Marios	19	131	7	1	30____	34952	6	0	0	0	0	1	0	0	0	0	0
C	Marios	19	131	7	1	30____	35051	6	0	0	0	0	0	0	0	0	1	0
C	Marios	19	131	7	1	30____	35052	6	0	0	0	0	1	0	0	0	0	0
C	Marios	19	131	7	1	30____	35250	6	10	0	0	0	0	0	0	0	0	0
C	Marios	19	131	7	1	30____	35425	10	0	0	0	0	0	0	0	0	1	0
C	Marios	19	131	7	1	30____	35506	10	0	0	0	0	1	0	0	0	0	0
C	Marios	19	131	7	1	30____	35589	10	0	0	0	0	0	0	0	0	1	0
C	Marios	19	131	7	1	30____	35592	10	0	0	0	0	1	0	0	0	0	0
C	Marios	19	131	7	1	30____	35597	10	0	0	0	0	0	0	0	0	1	0
C	Marios	19	131	7	1	30____	35632	10	0	0	0	0	1	0	0	0	0	0
C	Marios	19	131	7	1	30____	35638	10	0	0	0	0	0	0	0	0	1	0
C	Marios	19	131	7	1	30____	35645	10	0	0	0	0	1	0	0	0	0	0
C	Marios	19	131	7	1	30____	35647	10	0	0	0	0	0	0	0	0	1	0
C	Marios	19	131	7	1	30____	35750	10	1	0	0	0	0	0	0	0	0	0
C	Marios	19	131	7	1	30____	35894	1	0	0	0	0	1	0	0	0	0	0
C	Marios	19	131	7	1	30____	35913	1	0	0	0	0	0	0	0	0	1	0
C	Marios	19	131	7	1	30____	36432	1	0	0	0	0	1	0	0	0	0	0
C	Marios	19	131	7	1	30____	36433	1	0	0	0	0	0	0	0	0	1	0
C	Marios	19	131	7	1	30____	36762	1	0	0	0	0	1	0	0	0	0	0
C	Marios	19	131	7	1	30____	36807	1	0	0	0	0	0	0	0	0	1	0
C	Marios	19	131	7	1	30____	36814	1	0	0	0	0	1	0	0	0	0	0
C	Marios	19	131	7	1	30____	36822	1	0	0	0	0	0	0	0	0	1	0
C	Marios	19	131	7	1	30____	38305	1	0	0	0	0	1	0	0	0	0	0
C	Marios	19	131	7	1	30____	38353	1	0	0	0	0	0	0	0	0	1	0
C	Marios	19	131	7	1	30____	38378	1	0	0	0	0	1	0	0	0	0	0
C	Marios	19	131	7	1	30____	38398	1	0	0	0	0	0	0	0	0	1	0
C	Marios	19	131	7	1	30____	38430	1	0	0	0	0	1	0	0	0	0	0
C	Marios	19	131	7	1	30____	38477	1	0	0	0	0	0	0	0	0	1	0
C	Marios	19	131	7	1	30____	38478	1	0	0	0	0	1	0	0	0	0	0
C	Marios	19	131	7	1	30____	38482	1	0	0	0	0	0	0	0	0	1	0
C	Marios	19	131	7	1	30____	38483	1	0	0	0	0	1	0	0	0	0	0
C	Marios	19	131	7	1	30____	38629	1	0	0	0	0	0	0	0	0	1	0
C	Marios	19	131	7	1	30____	38636	1	0	0	0	0	1	0	0	0	0	0
C	Marios	19	131	7	1	30____	38655	1	0	0	0	0	0	0	0	0	1	0
C	Marios	19	131	7	1	30____	38657	1	0	0	0	0	1	0	0	0	0	0
C	Marios	19	131	7	1	30____	38662	1	0	0	0	0	0	0	0	0	1	0
C	Marios	19	131	7	1	30____	38663	1	0	0	0	0	1	0	0	0	0	0
C	Marios	19	131	7	1	30____	38929	1	0	0	0	0	0	0	0	0	1	0
C	Marios	19	131	7	1	30____	40732	1	0	0	0	0	1	0	0	0	0	0
C	Marios	19	131	7	1	30____	40806	1	0	0	0	0	0	0	0	0	1	0
C	Marios	19	131	7	1	30____	41000	1	2	0	0	0	0	0	0	0	0	0
C	Marios	19	131	7	1	30____	41430	2	0	0	0	0	1	0	0	0	0	0
C	Marios	19	131	7	1	30____	41432	2	0	0	0	0	0	0	0	0	1	0
C	Marios	19	131	7	1	30____	41500	2	16	0	0	0	0	0	0	0	0	0
C	Marios	19	131	7	1	30____	42000	16	15	0	0	0	0	0	0	0	0	0
C	Marios	19	131	7	1	30____	42500	15	1	0	0	0	0	0	0	0	0	0
C	Marios	19	131	7	1	30____	42718	1	0	0	0	0	1	0	0	0	0	0
C	Marios	19	131	7	1	30____	42850	1	0	0	0	0	0	0	0	0	1	0
C	Marios	19	131	7	1	30____	42994	1	0	0	0	0	1	0	0	0	0	0
C	Marios	19	131	7	1	30____	43002	1	0	0	0	0	0	0	0	0	1	0
C	Marios	19	131	7	1	30____	43420	1	0	0	0	0	1	0	0	0	0	0
C	Marios	19	131	7	1	30____	43505	1	0	0	0	0	0	0	0	0	1	0
C	Marios	19	131	7	1	30____	43811	1	0	0	0	0	1	0	0	0	0	0
C	Marios	19	131	7	1	30____	43823	1	0	0	0	0	0	0	0	0	1	0
C	Marios	19	131	7	1	30____	43828	1	0	0	0	0	1	0	0	0	0	0
C	Marios	19	131	7	1	30____	43844	1	0	0	0	0	0	0	0	0	1	0
C	Marios	19	131	7	1	30____	44689	1	0	0	0	0	1	0	0	0	0	0
C	Marios	19	131	7	1	30____	44732	1	0	0	0	0	0	0	0	0	1	0
C	Marios	19	131	7	1	30____	45033	1	0	0	0	0	1	0	0	0	0	0
C	Marios	19	131	7	1	30____	45103	1	0	0	0	0	0	0	0	0	1	0
C	Marios	19	131	7	1	30____	45506	1	0	0	0	0	1	0	0	0	0	0
C	Marios	19	131	7	1	30____	45556	1	0	0	0	0	0	0	0	0	1	0
C	Marios	19	131	7	1	30____	45786	1	0	0	0	0	1	0	0	0	0	0
C	Marios	19	131	7	1	30____	45792	1	0	0	0	0	0	0	0	0	1	0
C	Marios	19	131	7	1	30____	45797	1	0	0	0	0	1	0	0	0	0	0
C	Marios	19	131	7	1	30____	45828	1	0	0	0	0	0	0	0	0	1	0
C	Marios	19	131	7	1	30____	46886	1	0	0	0	0	1	0	0	0	0	0
C	Marios	19	131	7	1	30____	46888	1	0	0	0	0	0	0	0	0	1	0
C	Marios	19	131	7	1	30____	46940	1	0	0	0	0	1	0	0	0	0	0
C	Marios	19	131	7	1	30____	46957	1	0	0	0	0	0	0	0	0	1	0
C	Marios	19	131	7	1	30____	49250	1	2	0	0	0	0	0	0	0	0	0
C	Marios	19	131	7	1	30____	49750	2	17	0	0	0	0	0	0	0	0	0
C	Marios	19	131	7	1	30____	50250	17	15	0	0	0	0	0	0	0	0	0
C	Marios	19	131	7	1	30____	50750	15	1	0	0	0	0	0	0	0	0	0
C	Marios	19	131	7	1	30____	50766	1	0	0	0	0	1	0	0	0	0	0
C	Marios	19	131	7	1	30____	50792	1	0	0	0	0	0	0	0	0	1	0
C	Marios	19	131	7	1	30____	51803	1	0	0	0	0	1	0	0	0	0	0
C	Marios	19	131	7	1	30____	51834	1	0	0	0	0	0	0	0	0	1	0
C	Marios	19	131	7	1	30____	51844	1	0	0	0	0	1	0	0	0	0	0
C	Marios	19	131	7	1	30____	51849	1	0	0	0	0	0	0	0	0	1	0
C	Marios	19	131	7	1	30____	52018	1	0	0	0	0	1	0	0	0	0	0
C	Marios	19	131	7	1	30____	52109	1	0	0	0	0	0	0	0	0	1	0
C	Marios	19	131	7	1	30____	52110	1	0	0	0	0	1	0	0	0	0	0
C	Marios	19	131	7	1	30____	52112	1	0	0	0	0	0	0	0	0	1	0
C	Marios	19	131	7	1	30____	52114	1	0	0	0	0	1	0	0	0	0	0
C	Marios	19	131	7	1	30____	52117	1	0	0	0	0	0	0	0	0	1	0
C	Marios	19	131	7	1	30____	52133	1	0	0	0	0	1	0	0	0	0	0
C	Marios	19	131	7	1	30____	52137	1	0	0	0	0	0	0	0	0	1	0
C	Marios	19	131	7	1	30____	52967	1	0	0	0	0	1	0	0	0	0	0
C	Marios	19	131	7	1	30____	52987	1	0	0	0	0	0	0	0	0	1	0
C	Marios	19	131	7	1	30____	53258	1	0	0	0	0	1	0	0	0	0	0
C	Marios	19	131	7	1	30____	53291	1	0	0	0	0	0	0	0	0	1	0
C	Marios	19	131	7	1	30____	53294	1	0	0	0	0	1	0	0	0	0	0
C	Marios	19	131	7	1	30____	53320	1	0	0	0	0	0	0	0	0	1	0
C	Marios	19	131	7	1	30____	54454	1	0	0	0	0	1	0	0	0	0	0
C	Marios	19	131	7	1	30____	54492	1	0	0	0	0	0	0	0	0	1	0
C	Marios	19	131	7	1	30____	54496	1	0	0	0	0	1	0	0	0	0	0
C	Marios	19	131	7	1	30____	54607	1	0	0	0	0	0	0	0	0	1	0
C	Marios	19	131	7	1	30____	54625	1	0	0	0	0	1	0	0	0	0	0
C	Marios	19	131	7	1	30____	54666	1	0	0	0	0	0	0	0	0	1	0
C	Marios	19	131	7	1	30____	54737	1	0	0	0	0	1	0	0	0	0	0
C	Marios	19	131	7	1	30____	54825	1	0	0	0	0	0	0	0	0	1	0
C	Marios	19	131	7	1	30____	55043	1	0	0	0	0	1	0	0	0	0	0
C	Marios	19	131	7	1	30____	55058	1	0	0	0	0	0	0	0	0	1	0
C	Marios	19	131	7	1	30____	55310	1	0	0	0	0	1	0	0	0	0	0
C	Marios	19	131	7	1	30____	55312	1	0	0	0	0	0	0	0	0	1	0
C	Marios	19	131	7	1	30____	55338	1	0	0	0	0	1	0	0	0	0	0
C	Marios	19	131	7	1	30____	55356	1	0	0	0	0	0	0	0	0	1	0
C	Marios	19	131	7	1	30____	55420	1	0	0	0	0	1	0	0	0	0	0
C	Marios	19	131	7	1	30____	55453	1	0	0	0	0	0	0	0	0	1	0
C	Marios	19	131	7	1	30____	55476	1	0	0	0	0	1	0	0	0	0	0
C	Marios	19	131	7	1	30____	55530	1	0	0	0	0	0	0	0	0	1	0
C	Marios	19	131	7	1	30____	55537	1	0	0	0	0	1	0	0	0	0	0
C	Marios	19	131	7	1	30____	55633	1	0	0	0	0	0	0	0	0	1	0
C	Marios	19	131	7	1	30____	55640	1	0	0	0	0	1	0	0	0	0	0
C	Marios	19	131	7	1	30____	55652	1	0	0	0	0	0	0	0	0	1	0
C	Marios	19	131	7	1	30____	55759	1	0	0	0	0	1	0	0	0	0	0
C	Marios	19	131	7	1	30____	55769	1	0	0	0	0	0	0	0	0	1	0
C	Marios	19	131	7	1	30____	56099	1	0	0	0	0	1	0	0	0	0	0
C	Marios	19	131	7	1	30____	56180	1	0	0	0	0	0	0	0	0	1	0
C	Marios	19	131	7	1	30____	56186	1	0	0	0	0	1	0	0	0	0	0
C	Marios	19	131	7	1	30____	56188	1	0	0	0	0	0	0	0	0	1	0
C	Marios	19	131	7	1	30____	56250	1	2	0	0	0	0	0	0	0	0	0
C	Marios	19	131	7	1	30____	56299	2	0	0	0	0	1	0	0	0	0	0
C	Marios	19	131	7	1	30____	56345	2	0	0	0	0	0	0	0	0	1	0
C	Marios	19	131	7	1	30____	56750	2	16	0	0	0	0	0	0	0	0	0
C	Marios	19	131	7	1	30____	57250	16	15	0	0	0	0	0	0	0	0	0
C	Marios	19	131	7	1	30____	57376	15	0	0	0	0	1	0	0	0	0	0
C	Marios	19	131	7	1	30____	57391	15	0	0	0	0	0	0	0	0	1	0
C	Marios	19	131	7	1	30____	57455	15	0	0	0	0	1	0	0	0	0	0
C	Marios	19	131	7	1	30____	57457	15	0	0	0	0	0	0	0	0	1	0
C	Marios	19	131	7	1	30____	57479	15	0	0	0	0	1	0	0	0	0	0
C	Marios	19	131	7	1	30____	57500	15	0	0	0	0	0	0	0	0	1	0
C	Marios	19	131	7	1	30____	57707	15	0	0	0	0	1	0	0	0	0	0
C	Marios	19	131	7	1	30____	57714	15	0	0	0	0	1	0	0	0	1	0
C	Marios	19	131	7	1	30____	57726	15	0	0	0	0	0	0	0	0	1	0
C	Marios	19	131	7	1	30____	57745	15	0	0	0	0	1	0	0	0	0	0
C	Marios	19	131	7	1	30____	57750	15	1	0	0	0	0	0	0	0	0	0
C	Marios	19	131	7	1	30____	57759	1	0	0	0	0	0	0	0	0	1	0
C	Marios	19	131	7	1	30____	57768	1	0	0	0	0	1	0	0	0	0	0
C	Marios	19	131	7	1	30____	57776	1	0	0	0	0	0	0	0	0	1	0
C	Marios	19	131	7	1	30____	57778	1	0	0	0	0	1	0	0	0	0	0
C	Marios	19	131	7	1	30____	57828	1	0	0	0	0	0	0	0	0	1	0
C	Marios	19	131	7	1	30____	57987	1	0	0	0	0	1	0	0	0	0	0
C	Marios	19	131	7	1	30____	57989	1	0	0	0	0	0	0	0	0	1	0
C	Marios	19	131	7	1	30____	59250	1	2	0	0	0	0	0	0	0	0	0
C	Marios	19	131	7	1	30____	59391	2	0	0	0	0	1	0	0	0	0	0
C	Marios	19	131	7	1	30____	59496	2	0	0	0	0	0	0	0	0	1	0
C	Marios	19	131	7	1	30____	59506	2	0	0	0	0	1	0	0	0	0	0
C	Marios	19	131	7	1	30____	59750	2	7	0	0	0	0	0	0	0	0	0
C	Marios	19	131	7	1	30____	59858	7	0	0	0	0	0	0	0	0	1	0
C	Marios	19	131	7	1	30____	59859	7	0	0	0	0	1	0	0	0	0	0
C	Marios	19	131	7	1	30____	59872	7	0	0	0	0	0	0	0	0	1	0
C	Marios	19	131	7	1	30____	59882	7	0	0	0	0	1	0	0	0	0	0
C	Marios	19	131	7	1	30____	59894	7	0	0	0	0	0	0	0	0	1	0
C	Marios	19	131	7	1	30____	59904	7	0	0	0	0	1	0	0	0	0	0
C	Marios	19	131	7	1	30____	59906	7	0	0	0	0	0	0	0	0	1	0
C	Marios	19	131	7	1	30____	59908	7	0	0	0	0	1	0	0	0	0	0
C	Marios	19	131	7	1	30____	60250	7	11	0	0	0	0	0	0	0	0	0
C	Marios	19	131	7	1	30____	60648	11	0	0	0	0	0	0	0	0	1	0
C	Marios	19	131	7	1	30____	60649	11	0	0	0	0	1	0	0	0	0	0
C	Marios	19	131	7	1	30____	60656	11	0	0	0	0	0	0	0	0	1	0
C	Marios	19	131	7	1	30____	60657	11	0	0	0	0	1	0	0	0	0	0
C	Marios	19	131	7	1	30____	60668	11	0	0	0	0	0	0	0	0	1	0
C	Marios	19	131	7	1	30____	60750	11	1	0	0	0	0	0	0	0	0	0
C	Marios	19	131	7	1	30____	60925	1	0	0	0	0	1	0	0	0	0	0
C	Marios	19	131	7	1	30____	60939	1	0	0	0	0	0	0	0	0	1	0
C	Marios	19	131	7	1	30____	61030	1	0	0	0	0	1	0	0	0	0	0
C	Marios	19	131	7	1	30____	61034	1	0	0	0	0	1	0	0	0	1	0
C	Marios	19	131	7	1	30____	61062	1	0	0	0	0	0	0	0	0	1	0
C	Marios	19	131	7	1	30____	61094	1	0	0	0	0	1	0	0	0	0	0
C	Marios	19	131	7	1	30____	61098	1	0	0	0	0	0	0	0	0	1	0
C	Marios	19	131	7	1	30____	61099	1	0	0	0	0	1	0	0	0	0	0
C	Marios	19	131	7	1	30____	61162	1	0	0	0	0	0	0	0	0	1	0
C	Marios	19	131	7	1	30____	61165	1	0	0	0	0	1	0	0	0	0	0
C	Marios	19	131	7	1	30____	61256	1	0	0	0	0	0	0	0	0	1	0
C	Marios	19	131	7	1	30____	61815	1	0	0	0	0	1	0	0	0	0	0
C	Marios	19	131	7	1	30____	61988	1	0	0	0	0	0	0	0	0	1	0
C	Marios	19	131	7	1	30____	62092	1	0	0	0	0	1	0	0	0	0	0
C	Marios	19	131	7	1	30____	62266	1	0	0	0	0	0	0	0	0	1	0
C	Marios	19	131	7	1	30____	62607	1	0	0	0	0	1	0	0	0	0	0
C	Marios	19	131	7	1	30____	62615	1	0	0	0	0	0	0	0	0	1	0
C	Marios	19	131	7	1	30____	62617	1	0	0	0	0	1	0	0	0	0	0
C	Marios	19	131	7	1	30____	62620	1	0	0	0	0	0	0	0	0	1	0
C	Marios	19	131	7	1	30____	62623	1	0	0	0	0	1	0	0	0	0	0
C	Marios	19	131	7	1	30____	62648	1	0	0	0	0	0	0	0	0	1	0
C	Marios	19	131	7	1	30____	62653	1	0	0	0	0	1	0	0	0	0	0
C	Marios	19	131	7	1	30____	62657	1	0	0	0	0	0	0	0	0	1	0
C	Marios	19	131	7	1	30____	62668	1	0	0	0	0	1	0	0	0	0	0
C	Marios	19	131	7	1	30____	62731	1	0	0	0	0	0	0	0	0	1	0
C	Marios	19	131	7	1	30____	62733	1	0	0	0	0	1	0	0	0	0	0
C	Marios	19	131	7	1	30____	62737	1	0	0	0	0	0	0	0	0	1	0
C	Marios	19	131	7	1	30____	62738	1	0	0	0	0	1	0	0	0	0	0
C	Marios	19	131	7	1	30____	62963	1	0	0	0	0	0	0	0	0	1	0
C	Marios	19	131	7	1	30____	62966	1	0	0	0	0	1	0	0	0	0	0
C	Marios	19	131	7	1	30____	62967	1	0	0	0	0	0	0	0	0	1	0
C	Marios	19	131	7	1	30____	62971	1	0	0	0	0	1	0	0	0	0	0
C	Marios	19	131	7	1	30____	63068	1	0	0	0	0	0	0	0	0	1	0
C	Marios	19	131	7	1	30____	63151	1	0	0	0	0	1	0	0	0	0	0
C	Marios	19	131	7	1	30____	63152	1	0	0	0	0	0	0	0	0	1	0
C	Marios	19	131	7	1	30____	63221	1	0	0	0	0	1	0	0	0	0	0
C	Marios	19	131	7	1	30____	63224	1	0	0	0	0	0	0	0	0	1	0
C	Marios	19	131	7	1	30____	63233	1	0	0	0	0	1	0	0	0	0	0
C	Marios	19	131	7	1	30____	63266	1	0	0	0	0	0	0	0	0	1	0
C	Marios	19	131	7	1	30____	63269	1	0	0	0	0	1	0	0	0	0	0
C	Marios	19	131	7	1	30____	63414	1	0	0	0	0	0	0	0	0	1	0
C	Marios	19	131	7	1	30____	63422	1	0	0	0	0	1	0	0	0	0	0
C	Marios	19	131	7	1	30____	63424	1	0	0	0	0	0	0	0	0	1	0
C	Marios	19	131	7	1	30____	64142	1	0	0	0	0	1	0	0	0	0	0
C	Marios	19	131	7	1	30____	64152	1	0	0	0	0	0	0	0	0	1	0
C	Marios	19	131	7	1	30____	64255	1	0	0	0	0	1	0	0	0	0	0
C	Marios	19	131	7	1	30____	64269	1	0	0	0	0	0	0	0	0	1	0
C	Marios	19	131	7	1	30____	64463	1	0	0	0	0	1	0	0	0	0	0
C	Marios	19	131	7	1	30____	64466	1	0	0	0	0	0	0	0	0	1	0
C	Marios	19	131	7	1	30____	64469	1	0	0	0	0	1	0	0	0	0	0
C	Marios	19	131	7	1	30____	64478	1	0	0	0	0	0	0	0	0	1	0
C	Marios	19	131	7	1	30____	64500	1	2	0	0	0	1	0	0	0	0	0
C	Marios	19	131	7	1	30____	64518	2	0	0	0	0	0	0	0	0	1	0
C	Marios	19	131	7	1	30____	64867	2	0	0	0	0	1	0	0	0	0	0
C	Marios	19	131	7	1	30____	64923	2	0	0	0	0	0	0	0	0	1	0
C	Marios	19	131	7	1	30____	65000	2	6	0	0	0	0	0	0	0	0	0
C	Marios	19	131	7	1	30____	65056	6	0	0	0	0	1	0	0	0	0	0
C	Marios	19	131	7	1	30____	65059	6	0	0	0	0	0	0	0	0	1	0
C	Marios	19	131	7	1	30____	65062	6	0	0	0	0	1	0	0	0	0	0
C	Marios	19	131	7	1	30____	65064	6	0	0	0	0	0	0	0	0	1	0
C	Marios	19	131	7	1	30____	65070	6	0	0	0	0	1	0	0	0	0	0
C	Marios	19	131	7	1	30____	65092	6	0	0	0	0	0	0	0	0	1	0
C	Marios	19	131	7	1	30____	65102	6	0	0	0	0	1	0	0	0	0	0
C	Marios	19	131	7	1	30____	65125	6	0	0	0	0	0	0	0	0	1	0
C	Marios	19	131	7	1	30____	65134	6	0	0	0	0	1	0	0	0	0	0
C	Marios	19	131	7	1	30____	65143	6	0	0	0	0	0	0	0	0	1	0
C	Marios	19	131	7	1	30____	65144	6	0	0	0	0	1	0	0	0	0	0
C	Marios	19	131	7	1	30____	65331	6	0	0	0	0	1	0	0	0	1	0
C	Marios	19	131	7	1	30____	65333	6	0	0	0	0	0	0	0	0	1	0
C	Marios	19	131	7	1	30____	65334	6	0	0	0	0	1	0	0	0	0	0
C	Marios	19	131	7	1	30____	65478	6	0	0	0	0	1	0	0	0	1	0
C	Marios	19	131	7	1	30____	65500	6	10	0	0	0	0	0	0	0	0	0
C	Marios	19	131	7	1	30____	65935	10	0	0	0	0	0	0	0	0	1	0
C	Marios	19	131	7	1	30____	65973	10	0	0	0	0	1	0	0	0	0	0
C	Marios	19	131	7	1	30____	65974	10	0	0	0	0	0	0	0	0	1	0
C	Marios	19	131	7	1	30____	66000	10	1	0	0	0	0	0	0	0	0	0
C	Marios	19	131	7	1	30____	66026	1	0	0	0	0	1	0	0	0	0	0
C	Marios	19	131	7	1	30____	66047	1	0	0	0	0	0	0	0	0	1	0
C	Marios	19	131	7	1	30____	66051	1	0	0	0	0	1	0	0	0	0	0
C	Marios	19	131	7	1	30____	66076	1	0	0	0	0	0	0	0	0	1	0
C	Marios	19	131	7	1	30____	66078	1	0	0	0	0	1	0	0	0	0	0
C	Marios	19	131	7	1	30____	66101	1	0	0	0	0	0	0	0	0	1	0
C	Marios	19	131	7	1	30____	66115	1	0	0	0	0	1	0	0	0	0	0
C	Marios	19	131	7	1	30____	66184	1	0	0	0	0	0	0	0	0	1	0
C	Marios	19	131	7	1	30____	66187	1	0	0	0	0	1	0	0	0	0	0
C	Marios	19	131	7	1	30____	66226	1	0	0	0	0	0	0	0	0	1	0
C	Marios	19	131	7	1	30____	66229	1	0	0	0	0	1	0	0	0	0	0
C	Marios	19	131	7	1	30____	66236	1	0	0	0	0	0	0	0	0	1	0
C	Marios	19	131	7	1	30____	66256	1	0	0	0	0	1	0	0	0	0	0
C	Marios	19	131	7	1	30____	66342	1	0	0	0	0	0	0	0	0	1	0
C	Marios	19	131	7	1	30____	66563	1	0	0	0	0	1	0	0	0	0	0
C	Marios	19	131	7	1	30____	66711	1	0	0	0	0	0	0	0	0	1	0
C	Marios	19	131	7	1	30____	66742	1	0	0	0	0	1	0	0	0	0	0
C	Marios	19	131	7	1	30____	66857	1	0	0	0	0	0	0	0	0	1	0
C	Marios	19	131	7	1	30____	66860	1	0	0	0	0	1	0	0	0	0	0
C	Marios	19	131	7	1	30____	66932	1	0	0	0	0	1	0	0	0	1	0
C	Marios	19	131	7	1	30____	66956	1	0	0	0	0	0	0	0	0	1	0
C	Marios	19	131	7	1	30____	67268	1	0	0	0	0	1	0	0	0	0	0
C	Marios	19	131	7	1	30____	67339	1	0	0	0	0	0	0	0	0	1	0
C	Marios	19	131	7	1	30____	67531	1	0	0	0	0	1	0	0	0	0	0
C	Marios	19	131	7	1	30____	67601	1	0	0	0	0	0	0	0	0	1	0
C	Marios	19	131	7	1	30____	67944	1	0	0	0	0	1	0	0	0	0	0
C	Marios	19	131	7	1	30____	67962	1	0	0	0	0	0	0	0	0	1	0
C	Marios	19	131	7	1	30____	67964	1	0	0	0	0	1	0	0	0	0	0
C	Marios	19	131	7	1	30____	67967	1	0	0	0	0	0	0	0	0	1	0
C	Marios	19	131	7	1	30____	67971	1	0	0	0	0	1	0	0	0	0	0
C	Marios	19	131	7	1	30____	67975	1	0	0	0	0	0	0	0	0	1	0
C	Marios	19	131	7	1	30____	67977	1	0	0	0	0	1	0	0	0	0	0
C	Marios	19	131	7	1	30____	68229	1	0	0	0	0	0	0	0	0	1	0
C	Marios	19	131	7	1	30____	68538	1	0	0	0	0	1	0	0	0	0	0
C	Marios	19	131	7	1	30____	68550	1	0	0	0	0	0	0	0	0	1	0
C	Marios	19	131	7	1	30____	68562	1	0	0	0	0	1	0	0	0	0	0
C	Marios	19	131	7	1	30____	68581	1	0	0	0	0	0	0	0	0	1	0
C	Marios	19	131	7	1	30____	68586	1	0	0	0	0	1	0	0	0	0	0
C	Marios	19	131	7	1	30____	68588	1	0	0	0	0	0	0	0	0	1	0
C	Marios	19	131	7	1	30____	68611	1	0	0	0	0	1	0	0	0	0	0
C	Marios	19	131	7	1	30____	68686	1	0	0	0	0	0	0	0	0	1	0
C	Marios	19	131	7	1	30____	70011	1	0	0	0	0	1	0	0	0	0	0
C	Marios	19	131	7	1	30____	70019	1	0	0	0	0	0	0	0	0	1	0
C	Marios	19	131	7	1	30____	70023	1	0	0	0	0	1	0	0	0	0	0
C	Marios	19	131	7	1	30____	70073	1	0	0	0	0	0	0	0	0	1	0
C	Marios	19	131	7	1	30____	70076	1	0	0	0	0	1	0	0	0	0	0
C	Marios	19	131	7	1	30____	70081	1	0	0	0	0	0	0	0	0	1	0
C	Marios	19	131	7	1	30____	70084	1	0	0	0	0	1	0	0	0	0	0
C	Marios	19	131	7	1	30____	70091	1	0	0	0	0	0	0	0	0	1	0
C	Marios	19	131	7	1	30____	70217	1	0	0	0	0	1	0	0	0	0	0
C	Marios	19	131	7	1	30____	70246	1	0	0	0	0	0	0	0	0	1	0
C	Marios	19	131	7	1	30____	70247	1	0	0	0	0	1	0	0	0	0	0
C	Marios	19	131	7	1	30____	70251	1	0	0	0	0	0	0	0	0	1	0
C	Marios	19	131	7	1	30____	70260	1	0	0	0	0	1	0	0	0	0	0
C	Marios	19	131	7	1	30____	70320	1	0	0	0	0	0	0	0	0	1	0
C	Marios	19	131	7	1	30____	70500	1	2	0	0	0	0	0	0	0	0	0
C	Marios	19	131	7	1	30____	71000	2	17	0	0	0	0	0	0	0	0	0
C	Marios	19	131	7	1	30____	71500	17	15	0	0	0	0	0	0	0	0	0
C	Marios	19	131	7	1	30____	71742	15	0	0	0	0	1	0	0	0	0	0
C	Marios	19	131	7	1	30____	71775	15	0	0	0	0	0	0	0	0	1	0
C	Marios	19	131	7	1	30____	71796	15	0	0	0	0	1	0	0	0	0	0
C	Marios	19	131	7	1	30____	71809	15	0	0	0	0	1	0	0	0	1	0
C	Marios	19	131	7	1	30____	71816	15	0	0	0	0	0	0	0	0	1	0
C	Marios	19	131	7	1	30____	71829	15	0	0	0	0	1	0	0	0	0	0
C	Marios	19	131	7	1	30____	71925	15	0	0	0	0	0	0	0	0	1	0
C	Marios	19	131	7	1	30____	71943	15	0	0	0	0	1	0	0	0	0	0
C	Marios	19	131	7	1	30____	71948	15	0	0	0	0	0	0	0	0	1	0
C	Marios	19	131	7	1	30____	71956	15	0	0	0	0	1	0	0	0	0	0
C	Marios	19	131	7	1	30____	71958	15	0	0	0	0	0	0	0	0	1	0
C	Marios	19	131	7	1	30____	71969	15	0	0	0	0	1	0	0	0	0	0
C	Marios	19	131	7	1	30____	71973	15	0	0	0	0	0	0	0	0	1	0
C	Marios	19	131	7	1	30____	71976	15	0	0	0	0	1	0	0	0	0	0
C	Marios	19	131	7	1	30____	71979	15	0	0	0	0	0	0	0	0	1	0
C	Marios	19	131	7	1	30____	71994	15	0	0	0	0	1	0	0	0	0	0
C	Marios	19	131	7	1	30____	72000	15	1	0	0	0	0	0	0	0	0	0
C	Marios	19	131	7	1	30____	72047	1	0	0	0	0	0	0	0	0	1	0
C	Marios	19	131	7	1	30____	72058	1	0	0	0	0	1	0	0	0	0	0
C	Marios	19	131	7	1	30____	72121	1	0	0	0	0	0	0	0	0	1	0
C	Marios	19	131	7	1	30____	72194	1	0	0	0	0	1	0	0	0	0	0
C	Marios	19	131	7	1	30____	72225	1	0	0	0	0	0	0	0	0	1	0
C	Marios	19	131	7	1	30____	72250	1	0	0	0	0	1	0	0	0	0	0
C	Marios	19	131	7	1	30____	72257	1	0	0	0	0	0	0	0	0	1	0
C	Marios	19	131	7	1	30____	72260	1	0	0	0	0	1	0	0	0	0	0
C	Marios	19	131	7	1	30____	72262	1	0	0	0	0	0	0	0	0	1	0
C	Marios	19	131	7	1	30____	72268	1	0	0	0	0	1	0	0	0	0	0
C	Marios	19	131	7	1	30____	72271	1	0	0	0	0	0	0	0	0	1	0
C	Marios	19	131	7	1	30____	72298	1	0	0	0	0	1	0	0	0	0	0
C	Marios	19	131	7	1	30____	72300	1	0	0	0	0	0	0	0	0	1	0
C	Marios	19	131	7	1	30____	72330	1	0	0	0	0	1	0	0	0	0	0
C	Marios	19	131	7	1	30____	72331	1	0	0	0	0	0	0	0	0	1	0
C	Marios	19	131	7	1	30____	72562	1	0	0	0	0	1	0	0	0	0	0
C	Marios	19	131	7	1	30____	72564	1	0	0	0	0	0	0	0	0	1	0
C	Marios	19	131	7	1	30____	72565	1	0	0	0	0	1	0	0	0	0	0
C	Marios	19	131	7	1	30____	72568	1	0	0	0	0	0	0	0	0	1	0
C	Marios	19	131	7	1	30____	72583	1	0	0	0	0	1	0	0	0	0	0
C	Marios	19	131	7	1	30____	72665	1	0	0	0	0	0	0	0	0	1	0
C	Marios	19	131	7	1	30____	73056	1	0	0	0	0	1	0	0	0	0	0
C	Marios	19	131	7	1	30____	73070	1	0	0	0	0	0	0	0	0	1	0
C	Marios	19	131	7	1	30____	73078	1	0	0	0	0	1	0	0	0	0	0
C	Marios	19	131	7	1	30____	73107	1	0	0	0	0	0	0	0	0	1	0
C	Marios	19	131	7	1	30____	73111	1	0	0	0	0	1	0	0	0	0	0
C	Marios	19	131	7	1	30____	73124	1	0	0	0	0	0	0	0	0	1	0
C	Marios	19	131	7	1	30____	73126	1	0	0	0	0	1	0	0	0	0	0
C	Marios	19	131	7	1	30____	73129	1	0	0	0	0	0	0	0	0	1	0
C	Marios	19	131	7	1	30____	73132	1	0	0	0	0	1	0	0	0	0	0
C	Marios	19	131	7	1	30____	73269	1	0	0	0	0	0	0	0	0	1	0
C	Marios	19	131	7	1	30____	73270	1	0	0	0	0	1	0	0	0	0	0
C	Marios	19	131	7	1	30____	73276	1	0	0	0	0	0	0	0	0	1	0
C	Marios	19	131	7	1	30____	73400	1	0	0	0	0	1	0	0	0	0	0
C	Marios	19	131	7	1	30____	73429	1	0	0	0	0	0	0	0	0	1	0
C	Marios	19	131	7	1	30____	73430	1	0	0	0	0	1	0	0	0	0	0
C	Marios	19	131	7	1	30____	73573	1	0	0	0	0	0	0	0	0	1	0
C	Marios	19	131	7	1	30____	73589	1	0	0	0	0	1	0	0	0	0	0
C	Marios	19	131	7	1	30____	73601	1	0	0	0	0	0	0	0	0	1	0
C	Marios	19	131	7	1	30____	73602	1	0	0	0	0	1	0	0	0	0	0
C	Marios	19	131	7	1	30____	73605	1	0	0	0	0	0	0	0	0	1	0
C	Marios	19	131	7	1	30____	73609	1	0	0	0	0	1	0	0	0	0	0
C	Marios	19	131	7	1	30____	73686	1	0	0	0	0	0	0	0	0	1	0
C	Marios	19	131	7	1	30____	73687	1	0	0	0	0	1	0	0	0	0	0
C	Marios	19	131	7	1	30____	73900	1	0	0	0	0	0	0	0	0	1	0
C	Marios	19	131	7	1	30____	73915	1	0	0	0	0	1	0	0	0	0	0
C	Marios	19	131	7	1	30____	73931	1	0	0	0	0	0	0	0	0	1	0
C	Marios	19	131	7	1	30____	73933	1	0	0	0	0	1	0	0	0	0	0
C	Marios	19	131	7	1	30____	73934	1	0	0	0	0	0	0	0	0	1	0
C	Marios	19	131	7	1	30____	73936	1	0	0	0	0	1	0	0	0	0	0
C	Marios	19	131	7	1	30____	74077	1	0	0	0	0	0	0	0	0	1	0
C	Marios	19	131	7	1	30____	74078	1	0	0	0	0	1	0	0	0	0	0
C	Marios	19	131	7	1	30____	74230	1	0	0	0	0	0	0	0	0	1	0
C	Marios	19	131	7	1	30____	74239	1	0	0	0	0	1	0	0	0	0	0
C	Marios	19	131	7	1	30____	74245	1	0	0	0	0	0	0	0	0	1	0
C	Marios	19	131	7	1	30____	74247	1	0	0	0	0	1	0	0	0	0	0
C	Marios	19	131	7	1	30____	74250	1	0	0	0	0	0	0	0	0	1	0
C	Marios	19	131	7	1	30____	74253	1	0	0	0	0	1	0	0	0	0	0
C	Marios	19	131	7	1	30____	74395	1	0	0	0	0	0	0	0	0	1	0
C	Marios	19	131	7	1	30____	74672	1	0	0	0	0	1	0	0	0	0	0
C	Marios	19	131	7	1	30____	74714	1	0	0	0	0	0	0	0	0	1	0
C	Marios	19	131	7	1	30____	76812	1	0	0	0	0	1	0	0	0	0	0
C	Marios	19	131	7	1	30____	76844	1	0	0	0	0	0	0	0	0	1	0
C	Marios	19	131	7	1	30____	76957	1	0	0	0	0	1	0	0	0	0	0
C	Marios	19	131	7	1	30____	76965	1	0	0	0	0	0	0	0	0	1	0
C	Marios	19	131	7	1	30____	77050	1	0	0	0	0	1	0	0	0	0	0
C	Marios	19	131	7	1	30____	77080	1	0	0	0	0	0	0	0	0	1	0
C	Marios	19	131	7	1	30____	77560	1	0	0	0	0	1	0	0	0	0	0
C	Marios	19	131	7	1	30____	77591	1	0	0	0	0	0	0	0	0	1	0
C	Marios	19	131	7	1	30____	77604	1	0	0	0	0	1	0	0	0	0	0
C	Marios	19	131	7	1	30____	77606	1	0	0	0	0	0	0	0	0	1	0
C	Marios	19	131	7	1	30____	77625	1	0	0	0	0	1	0	0	0	0	0
C	Marios	19	131	7	1	30____	77663	1	0	0	0	0	0	0	0	0	1	0
C	Marios	19	131	7	1	30____	77762	1	0	0	0	0	1	0	0	0	0	0
C	Marios	19	131	7	1	30____	77803	1	0	0	0	0	0	0	0	0	1	0
C	Marios	19	131	7	1	30____	78750	1	2	0	0	0	0	0	0	0	0	0
C	Marios	19	131	7	1	30____	79068	2	0	0	0	0	1	0	0	0	0	0
C	Marios	19	131	7	1	30____	79183	2	0	0	0	0	0	0	0	0	1	0
C	Marios	19	131	7	1	30____	79250	2	17	0	0	0	0	0	0	0	0	0
C	Marios	19	131	7	1	30____	79750	17	15	0	0	0	0	0	0	0	0	0
C	Marios	19	131	7	1	30____	80123	15	0	0	0	0	1	0	0	0	0	0
C	Marios	19	131	7	1	30____	80188	15	0	0	0	0	0	0	0	0	1	0
C	Marios	19	131	7	1	30____	80222	15	0	0	0	0	1	0	0	0	0	0
C	Marios	19	131	7	1	30____	80249	15	0	0	0	0	0	0	0	0	1	0
C	Marios	19	131	7	1	30____	80250	15	1	0	0	0	0	0	0	0	0	0
C	Marios	19	131	7	1	30____	80294	1	0	0	0	0	1	0	0	0	0	0
C	Marios	19	131	7	1	30____	80311	1	0	0	0	0	0	0	0	0	1	0
C	Marios	19	131	7	1	30____	80340	1	0	0	0	0	1	0	0	0	0	0
C	Marios	19	131	7	1	30____	80459	1	0	0	0	0	0	0	0	0	1	0
C	Marios	19	131	7	1	30____	80460	1	0	0	0	0	1	0	0	0	0	0
C	Marios	19	131	7	1	30____	80462	1	0	0	0	0	0	0	0	0	1	0
C	Marios	19	131	7	1	30____	80463	1	0	0	0	0	1	0	0	0	0	0
C	Marios	19	131	7	1	30____	80665	1	0	0	0	0	0	0	0	0	1	0
C	Marios	19	131	7	1	30____	81931	1	0	0	0	0	1	0	0	0	0	0
C	Marios	19	131	7	1	30____	81970	1	0	0	0	0	0	0	0	0	1	0
C	Marios	19	131	7	1	30____	81971	1	0	0	0	0	1	0	0	0	0	0
C	Marios	19	131	7	1	30____	82102	1	0	0	0	0	0	0	0	0	1	0
C	Marios	19	131	7	1	30____	82334	1	0	0	0	0	1	0	0	0	0	0
C	Marios	19	131	7	1	30____	82335	1	0	0	0	0	0	0	0	0	1	0
C	Marios	19	131	7	1	30____	82432	1	0	0	0	0	1	0	0	0	0	0
C	Marios	19	131	7	1	30____	82497	1	0	0	0	0	0	0	0	0	1	0
C	Marios	19	131	7	1	30____	82501	1	0	0	0	0	1	0	0	0	0	0
C	Marios	19	131	7	1	30____	82504	1	0	0	0	0	0	0	0	0	1	0
C	Marios	19	131	7	1	30____	82544	1	0	0	0	0	1	0	0	0	0	0
C	Marios	19	131	7	1	30____	82560	1	0	0	0	0	0	0	0	0	1	0
C	Marios	19	131	7	1	30____	82863	1	0	0	0	0	1	0	0	0	0	0
C	Marios	19	131	7	1	30____	83082	1	0	0	0	0	0	0	0	0	1	0
C	Marios	19	131	7	1	30____	83299	1	0	0	0	0	1	0	0	0	0	0
C	Marios	19	131	7	1	30____	83322	1	0	0	0	0	0	0	0	0	1	0
C	Marios	19	131	7	1	30____	83347	1	0	0	0	0	1	0	0	0	0	0
C	Marios	19	131	7	1	30____	83392	1	0	0	0	0	0	0	0	0	1	0
C	Marios	19	131	7	1	30____	84033	1	0	0	0	0	1	0	0	0	0	0
C	Marios	19	131	7	1	30____	84035	1	0	0	0	0	0	0	0	0	1	0
C	Marios	19	131	7	1	30____	84445	1	0	0	0	0	1	0	0	0	0	0
C	Marios	19	131	7	1	30____	84719	1	0	0	0	0	0	0	0	0	1	0
C	Marios	19	131	7	1	30____	84949	1	0	0	0	0	1	0	0	0	0	0
C	Marios	19	131	7	1	30____	85046	1	0	0	0	0	0	0	0	0	1	0
C	Marios	19	131	7	1	30____	85048	1	0	0	0	0	1	0	0	0	0	0
C	Marios	19	131	7	1	30____	85049	1	0	0	0	0	0	0	0	0	1	0
C	Marios	19	131	7	1	30____	85067	1	0	0	0	0	1	0	0	0	0	0
C	Marios	19	131	7	1	30____	85126	1	0	0	0	0	0	0	0	0	1	0
C	Marios	19	131	7	1	30____	85499	1	0	0	0	0	1	0	0	0	0	0
C	Marios	19	131	7	1	30____	85500	1	2	0	0	0	0	0	0	0	0	0
C	Marios	19	131	7	1	30____	85684	2	0	0	0	0	0	0	0	0	1	0
C	Marios	19	131	7	1	30____	85691	2	0	0	0	0	1	0	0	0	0	0
C	Marios	19	131	7	1	30____	85692	2	0	0	0	0	0	0	0	0	1	0
C	Marios	19	131	7	1	30____	85696	2	0	0	0	0	1	0	0	0	0	0
C	Marios	19	131	7	1	30____	85822	2	0	0	0	0	0	0	0	0	1	0
C	Marios	19	131	7	1	30____	86000	2	6	0	0	0	0	0	0	0	0	0
C	Marios	19	131	7	1	30____	86060	6	0	0	0	0	1	0	0	0	0	0
C	Marios	19	131	7	1	30____	86074	6	0	0	0	0	0	0	0	0	1	0
C	Marios	19	131	7	1	30____	86079	6	0	0	0	0	1	0	0	0	0	0
C	Marios	19	131	7	1	30____	86103	6	0	0	0	0	1	0	0	0	1	0
C	Marios	19	131	7	1	30____	86124	6	0	0	0	0	0	0	0	0	1	0
C	Marios	19	131	7	1	30____	86125	6	0	0	0	0	1	0	0	0	0	0
C	Marios	19	131	7	1	30____	86128	6	0	0	0	0	0	0	0	0	1	0
C	Marios	19	131	7	1	30____	86129	6	0	0	0	0	1	0	0	0	0	0
C	Marios	19	131	7	1	30____	86210	6	0	0	0	0	0	0	0	0	1	0
C	Marios	19	131	7	1	30____	86211	6	0	0	0	0	1	0	0	0	0	0
C	Marios	19	131	7	1	30____	86213	6	0	0	0	0	0	0	0	0	1	0
C	Marios	19	131	7	1	30____	86215	6	0	0	0	0	1	0	0	0	0	0
C	Marios	19	131	7	1	30____	86500	6	10	0	0	0	0	0	0	0	0	0
C	Marios	19	131	7	1	30____	86680	10	0	0	0	0	0	0	0	0	1	0
C	Marios	19	131	7	1	30____	86681	10	0	0	0	0	1	0	0	0	0	0
C	Marios	19	131	7	1	30____	86760	10	0	0	0	0	0	0	0	0	1	0
C	Marios	19	131	7	1	30____	86762	10	0	0	0	0	1	0	0	0	0	0
C	Marios	19	131	7	1	30____	87000	10	1	0	0	0	0	0	0	0	0	0
C	Marios	19	131	7	1	30____	87063	1	0	0	0	0	0	0	0	0	1	0
C	Marios	19	131	7	1	30____	87067	1	0	0	0	0	1	0	0	0	0	0
C	Marios	19	131	7	1	30____	87085	1	0	0	0	0	0	0	0	0	1	0
C	Marios	19	131	7	1	30____	87089	1	0	0	0	0	1	0	0	0	0	0
C	Marios	19	131	7	1	30____	87190	1	0	0	0	0	0	0	0	0	1	0
C	Marios	19	131	7	1	30____	87192	1	0	0	0	0	1	0	0	0	0	0
C	Marios	19	131	7	1	30____	87262	1	0	0	0	0	0	0	0	0	1	0
C	Marios	19	131	7	1	30____	87409	1	0	0	0	0	1	0	0	0	0	0
C	Marios	19	131	7	1	30____	87475	1	0	0	0	0	0	0	0	0	1	0
C	Marios	19	131	7	1	30____	87476	1	0	0	0	0	1	0	0	0	0	0
C	Marios	19	131	7	1	30____	87483	1	0	0	0	0	0	0	0	0	1	0
C	Marios	19	131	7	1	30____	87486	1	0	0	0	0	1	0	0	0	0	0
C	Marios	19	131	7	1	30____	87622	1	0	0	0	0	0	0	0	0	1	0
C	Marios	19	131	7	1	30____	87662	1	0	0	0	0	1	0	0	0	0	0
C	Marios	19	131	7	1	30____	87920	1	0	0	0	0	0	0	0	0	1	0
C	Marios	19	131	7	1	30____	87930	1	0	0	0	0	1	0	0	0	0	0
C	Marios	19	131	7	1	30____	88033	1	0	0	0	0	0	0	0	0	1	0
C	Marios	19	131	7	1	30____	88036	1	0	0	0	0	1	0	0	0	0	0
C	Marios	19	131	7	1	30____	88108	1	0	0	0	0	0	0	0	0	1	0
C	Marios	19	131	7	1	30____	88255	1	0	0	0	0	1	0	0	0	0	0
C	Marios	19	131	7	1	30____	88445	1	0	0	0	0	0	0	0	0	1	0
C	Marios	19	131	7	1	30____	89756	1	0	0	0	0	1	0	0	0	0	0
C	Marios	19	131	7	1	30____	89758	1	0	0	0	0	0	0	0	0	1	0
C	Marios	19	131	7	1	30____	90810	1	0	0	0	0	1	0	0	0	0	0
C	Marios	19	131	7	1	30____	91018	1	0	0	0	0	0	0	0	0	1	0
C	Marios	19	131	7	1	30____	91694	1	0	0	0	0	1	0	0	0	0	0
C	Marios	19	131	7	1	30____	91699	1	0	0	0	0	0	0	0	0	1	0
C	Marios	19	131	7	1	30____	92500	1	2	0	0	0	0	0	0	0	0	0
C	Marios	19	131	7	1	30____	93000	2	16	0	0	0	0	0	0	0	0	0
C	Marios	19	131	7	1	30____	93500	16	15	0	0	0	0	0	0	0	0	0
C	Marios	19	131	7	1	30____	93767	15	0	0	0	0	1	0	0	0	0	0
C	Marios	19	131	7	1	30____	93803	15	0	0	0	0	0	0	0	0	1	0
C	Marios	19	131	7	1	30____	94000	15	1	0	0	0	0	0	0	0	0	0
C	Marios	19	131	7	1	30____	94532	1	0	0	0	0	1	0	0	0	0	0
C	Marios	19	131	7	1	30____	94541	1	0	0	0	0	0	0	0	0	1	0
C	Marios	19	131	7	1	30____	95529	1	0	0	0	0	1	0	0	0	0	0
C	Marios	19	131	7	1	30____	95582	1	0	0	0	0	0	0	0	0	1	0
C	Marios	19	131	7	1	30____	96086	1	0	0	0	0	1	0	0	0	0	0
C	Marios	19	131	7	1	30____	96134	1	0	0	0	0	0	0	0	0	1	0
C	Marios	19	131	7	1	30____	97079	1	0	0	0	0	1	0	0	0	0	0
C	Marios	19	131	7	1	30____	97101	1	0	0	0	0	0	0	0	0	1	0
C	Marios	19	131	7	1	30____	97258	1	0	0	0	0	1	0	0	0	0	0
C	Marios	19	131	7	1	30____	97265	1	0	0	0	0	0	0	0	0	1	0
C	Marios	19	131	7	1	30____	97269	1	0	0	0	0	1	0	0	0	0	0
C	Marios	19	131	7	1	30____	97301	1	0	0	0	0	0	0	0	0	1	0
C	Marios	19	131	7	1	30____	97312	1	0	0	0	0	1	0	0	0	0	0
C	Marios	19	131	7	1	30____	97319	1	0	0	0	0	0	0	0	0	1	0
C	Marios	19	131	7	1	30____	97373	1	0	0	0	0	1	0	0	0	0	0
C	Marios	19	131	7	1	30____	97438	1	0	0	0	0	0	0	0	0	1	0
C	Marios	19	131	7	1	30____	99185	1	0	0	0	0	1	0	0	0	0	0
C	Marios	19	131	7	1	30____	99206	1	0	0	0	0	0	0	0	0	1	0
C	Marios	19	131	7	1	30____	99286	1	0	0	0	0	1	0	0	0	0	0
C	Marios	19	131	7	1	30____	99395	1	0	0	0	0	0	0	0	0	1	0
C	Marios	19	131	7	1	30____	99694	1	0	0	0	0	1	0	0	0	0	0
C	Marios	19	131	7	1	30____	99700	1	0	0	0	0	0	0	0	0	1	0
C	Marios	19	131	7	1	30____	100000	1	2	0	0	0	0	0	0	0	0	0
C	Marios	19	131	7	1	30____	100500	2	7	0	0	0	0	0	0	0	0	0
C	Marios	19	131	7	1	30____	100854	7	0	0	0	0	1	0	0	0	0	0
C	Marios	19	131	7	1	30____	100870	7	0	0	0	0	0	0	0	0	1	0
C	Marios	19	131	7	1	30____	100889	7	0	0	0	0	1	0	0	0	0	0
C	Marios	19	131	7	1	30____	100907	7	0	0	0	0	0	0	0	0	1	0
C	Marios	19	131	7	1	30____	100921	7	0	0	0	0	1	0	0	0	0	0
C	Marios	19	131	7	1	30____	100930	7	0	0	0	0	0	0	0	0	1	0
C	Marios	19	131	7	1	30____	100932	7	0	0	0	0	1	0	0	0	0	0
C	Marios	19	131	7	1	30____	100992	7	0	0	0	0	1	0	0	0	1	0
C	Marios	19	131	7	1	30____	100995	7	0	0	0	0	0	0	0	0	1	0
C	Marios	19	131	7	1	30____	100998	7	0	0	0	0	1	0	0	0	0	0
C	Marios	19	131	7	1	30____	101000	7	11	0	0	0	0	0	0	0	0	0
C	Marios	19	131	7	1	30____	101137	11	0	0	0	0	0	0	0	0	1	0
C	Marios	19	131	7	1	30____	101138	11	0	0	0	0	1	0	0	0	0	0
C	Marios	19	131	7	1	30____	101140	11	0	0	0	0	0	0	0	0	1	0
C	Marios	19	131	7	1	30____	101148	11	0	0	0	0	1	0	0	0	0	0
C	Marios	19	131	7	1	30____	101193	11	0	0	0	0	1	0	0	0	1	0
C	Marios	19	131	7	1	30____	101199	11	0	0	0	0	0	0	0	0	1	0
C	Marios	19	131	7	1	30____	101205	11	0	0	0	0	1	0	0	0	0	0
C	Marios	19	131	7	1	30____	101210	11	0	0	0	0	0	0	0	0	1	0
C	Marios	19	131	7	1	30____	101500	11	1	0	0	0	0	0	0	0	0	0
C	Marios	19	131	7	1	30____	102167	1	0	0	0	0	1	0	0	0	0	0
C	Marios	19	131	7	1	30____	102174	1	0	0	0	0	0	0	0	0	1	0
C	Marios	19	131	7	1	30____	102176	1	0	0	0	0	1	0	0	0	0	0
C	Marios	19	131	7	1	30____	102413	1	0	0	0	0	0	0	0	0	1	0
C	Marios	19	131	7	1	30____	102414	1	0	0	0	0	1	0	0	0	0	0
C	Marios	19	131	7	1	30____	102419	1	0	0	0	0	0	0	0	0	1	0
C	Marios	19	131	7	1	30____	102422	1	0	0	0	0	1	0	0	0	0	0
C	Marios	19	131	7	1	30____	102554	1	0	0	0	0	1	0	0	0	1	0
C	Marios	19	131	7	1	30____	102563	1	0	0	0	0	0	0	0	0	1	0
C	Marios	19	131	7	1	30____	102577	1	0	0	0	0	1	0	0	0	0	0
C	Marios	19	131	7	1	30____	102645	1	0	0	0	0	0	0	0	0	1	0
C	Marios	19	131	7	1	30____	103408	1	0	0	0	0	1	0	0	0	0	0
C	Marios	19	131	7	1	30____	103504	1	0	0	0	0	0	0	0	0	1	0
C	Marios	19	131	7	1	30____	104500	1	2	0	0	0	0	0	0	0	0	0
C	Marios	19	131	7	1	30____	105000	2	16	0	0	0	0	0	0	0	0	0
C	Marios	19	131	7	1	30____	105500	16	15	0	0	0	0	0	0	0	0	0
C	Marios	19	131	7	1	30____	106000	15	1	0	0	0	0	0	0	0	0	0
C	Marios	19	131	7	1	30____	106006	1	0	0	0	0	1	0	0	0	0	0
C	Marios	19	131	7	1	30____	106071	1	0	0	0	0	0	0	0	0	1	0
C	Marios	19	131	7	1	30____	106082	1	0	0	0	0	1	0	0	0	0	0
C	Marios	19	131	7	1	30____	106180	1	0	0	0	0	0	0	0	0	1	0
C	Marios	19	131	7	1	30____	106181	1	0	0	0	0	1	0	0	0	0	0
C	Marios	19	131	7	1	30____	106209	1	0	0	0	0	0	0	0	0	1	0
C	Marios	19	131	7	1	30____	106449	1	0	0	0	0	1	0	0	0	0	0
C	Marios	19	131	7	1	30____	106464	1	0	0	0	0	0	0	0	0	1	0
C	Marios	19	131	7	1	30____	106474	1	0	0	0	0	1	0	0	0	0	0
C	Marios	19	131	7	1	30____	106495	1	0	0	0	0	0	0	0	0	1	0
C	Marios	19	131	7	1	30____	106554	1	0	0	0	0	1	0	0	0	0	0
C	Marios	19	131	7	1	30____	106578	1	0	0	0	0	0	0	0	0	1	0
C	Marios	19	131	7	1	30____	106593	1	0	0	0	0	1	0	0	0	0	0
C	Marios	19	131	7	1	30____	106668	1	0	0	0	0	0	0	0	0	1	0
C	Marios	19	131	7	1	30____	106693	1	0	0	0	0	1	0	0	0	0	0
C	Marios	19	131	7	1	30____	106781	1	0	0	0	0	0	0	0	0	1	0
C	Marios	19	131	7	1	30____	106785	1	0	0	0	0	1	0	0	0	0	0
C	Marios	19	131	7	1	30____	106851	1	0	0	0	0	0	0	0	0	1	0
C	Marios	19	131	7	1	30____	106955	1	0	0	0	0	1	0	0	0	0	0
C	Marios	19	131	7	1	30____	106980	1	0	0	0	0	0	0	0	0	1	0
C	Marios	19	131	7	1	30____	107206	1	0	0	0	0	1	0	0	0	0	0
C	Marios	19	131	7	1	30____	107273	1	0	0	0	0	0	0	0	0	1	0
C	Marios	19	131	7	1	30____	107331	1	0	0	0	0	1	0	0	0	0	0
C	Marios	19	131	7	1	30____	107604	1	0	0	0	0	0	0	0	0	1	0
C	Marios	19	131	7	1	30____	107796	1	0	0	0	0	1	0	0	0	0	0
C	Marios	19	131	7	1	30____	107868	1	0	0	0	0	0	0	0	0	1	0
C	Marios	19	131	7	1	30____	108806	1	0	0	0	0	1	0	0	0	0	0
C	Marios	19	131	7	1	30____	108965	1	0	0	0	0	0	0	0	0	1	0
C	Marios	19	131	7	1	30____	109174	1	0	0	0	0	1	0	0	0	0	0
C	Marios	19	131	7	1	30____	109177	1	0	0	0	0	0	0	0	0	1	0
C	Marios	19	131	7	1	30____	109263	1	0	0	0	0	1	0	0	0	0	0
C	Marios	19	131	7	1	30____	109266	1	0	0	0	0	0	0	0	0	1	0
C	Marios	19	131	7	1	30____	109267	1	0	0	0	0	1	0	0	0	0	0
C	Marios	19	131	7	1	30____	109501	1	0	0	0	0	0	0	0	0	1	0
C	Marios	19	131	7	1	30____	109750	1	2	0	0	0	0	0	0	0	0	0
C	Marios	19	131	7	1	30____	109843	2	0	0	0	0	1	0	0	0	0	0
C	Marios	19	131	7	1	30____	109861	2	0	0	0	0	0	0	0	0	1	0
C	Marios	19	131	7	1	30____	110018	2	0	0	0	0	1	0	0	0	0	0
C	Marios	19	131	7	1	30____	110060	2	0	0	0	0	0	0	0	0	1	0
C	Marios	19	131	7	1	30____	110250	2	17	0	0	0	0	0	0	0	0	0
C	Marios	19	131	7	1	30____	110383	17	0	0	0	0	1	0	0	0	0	0
C	Marios	19	131	7	1	30____	110406	17	0	0	0	0	0	0	0	0	1	0
C	Marios	19	131	7	1	30____	110411	17	0	0	0	0	1	0	0	0	0	0
C	Marios	19	131	7	1	30____	110433	17	0	0	0	0	0	0	0	0	1	0
C	Marios	19	131	7	1	30____	110437	17	0	0	0	0	1	0	0	0	0	0
C	Marios	19	131	7	1	30____	110441	17	0	0	0	0	0	0	0	0	1	0
C	Marios	19	131	7	1	30____	110443	17	0	0	0	0	1	0	0	0	0	0
C	Marios	19	131	7	1	30____	110580	17	0	0	0	0	0	0	0	0	1	0
C	Marios	19	131	7	1	30____	110582	17	0	0	0	0	1	0	0	0	0	0
C	Marios	19	131	7	1	30____	110584	17	0	0	0	0	0	0	0	0	1	0
C	Marios	19	131	7	1	30____	110586	17	0	0	0	0	1	0	0	0	0	0
C	Marios	19	131	7	1	30____	110750	17	15	0	0	0	0	0	0	0	0	0
C	Marios	19	131	7	1	30____	111250	15	1	0	0	0	0	0	0	0	0	0
C	Marios	19	131	7	1	30____	111293	1	0	0	0	0	0	0	0	0	1	0
C	Marios	19	131	7	1	30____	111538	1	0	0	0	0	1	0	0	0	0	0
C	Marios	19	131	7	1	30____	111540	1	0	0	0	0	0	0	0	0	1	0
C	Marios	19	131	7	1	30____	111548	1	0	0	0	0	1	0	0	0	0	0
C	Marios	19	131	7	1	30____	111596	1	0	0	0	0	0	0	0	0	1	0
C	Marios	19	131	7	1	30____	111773	1	0	0	0	0	1	0	0	0	0	0
C	Marios	19	131	7	1	30____	111824	1	0	0	0	0	0	0	0	0	1	0
C	Marios	19	131	7	1	30____	111829	1	0	0	0	0	1	0	0	0	0	0
C	Marios	19	131	7	1	30____	111862	1	0	0	0	0	0	0	0	0	1	0
C	Marios	19	131	7	1	30____	113295	1	0	0	0	0	1	0	0	0	0	0
C	Marios	19	131	7	1	30____	113474	1	0	0	0	0	0	0	0	0	1	0
C	Marios	19	131	7	1	30____	113500	1	2	0	0	0	0	0	0	0	0	0
C	Marios	19	131	7	1	30____	113703	2	0	0	0	0	1	0	0	0	0	0
C	Marios	19	131	7	1	30____	113753	2	0	0	0	0	0	0	0	0	1	0
C	Marios	19	131	7	1	30____	113754	2	0	0	0	0	1	0	0	0	0	0
C	Marios	19	131	7	1	30____	113803	2	0	0	0	0	0	0	0	0	1	0
C	Marios	19	131	7	1	30____	114000	2	7	0	0	0	0	0	0	0	0	0
C	Marios	19	131	7	1	30____	114073	7	0	0	0	0	1	0	0	0	0	0
C	Marios	19	131	7	1	30____	114090	7	0	0	0	0	0	0	0	0	1	0
C	Marios	19	131	7	1	30____	114095	7	0	0	0	0	1	0	0	0	0	0
C	Marios	19	131	7	1	30____	114101	7	0	0	0	0	1	0	0	0	1	0
C	Marios	19	131	7	1	30____	114126	7	0	0	0	0	0	0	0	0	1	0
C	Marios	19	131	7	1	30____	114132	7	0	0	0	0	1	0	0	0	0	0
C	Marios	19	131	7	1	30____	114142	7	0	0	0	0	0	0	0	0	1	0
C	Marios	19	131	7	1	30____	114146	7	0	0	0	0	1	0	0	0	0	0
C	Marios	19	131	7	1	30____	114150	7	0	0	0	0	0	0	0	0	1	0
C	Marios	19	131	7	1	30____	114153	7	0	0	0	0	1	0	0	0	0	0
C	Marios	19	131	7	1	30____	114336	7	0	0	0	0	0	0	0	0	1	0
C	Marios	19	131	7	1	30____	114338	7	0	0	0	0	1	0	0	0	0	0
C	Marios	19	131	7	1	30____	114500	7	11	0	0	0	0	0	0	0	0	0
C	Marios	19	131	7	1	30____	114886	11	0	0	0	0	1	0	0	0	1	0
C	Marios	19	131	7	1	30____	114966	11	0	0	0	0	0	0	0	0	1	0
C	Marios	19	131	7	1	30____	114971	11	0	0	0	0	1	0	0	0	0	0
C	Marios	19	131	7	1	30____	114991	11	0	0	0	0	0	0	0	0	1	0
C	Marios	19	131	7	1	30____	115000	11	1	0	0	0	0	0	0	0	0	0
C	Marios	19	131	7	1	30____	115007	1	0	0	0	0	1	0	0	0	0	0
C	Marios	19	131	7	1	30____	115017	1	0	0	0	0	0	0	0	0	1	0
C	Marios	19	131	7	1	30____	115018	1	0	0	0	0	1	0	0	0	0	0
C	Marios	19	131	7	1	30____	115023	1	0	0	0	0	0	0	0	0	1	0
C	Marios	19	131	7	1	30____	115028	1	0	0	0	0	1	0	0	0	0	0
C	Marios	19	131	7	1	30____	115029	1	0	0	0	0	0	0	0	0	1	0
C	Marios	19	131	7	1	30____	115030	1	0	0	0	0	1	0	0	0	0	0
C	Marios	19	131	7	1	30____	115037	1	0	0	0	0	0	0	0	0	1	0
C	Marios	19	131	7	1	30____	115039	1	0	0	0	0	1	0	0	0	0	0
C	Marios	19	131	7	1	30____	115041	1	0	0	0	0	0	0	0	0	1	0
C	Marios	19	131	7	1	30____	115044	1	0	0	0	0	1	0	0	0	0	0
C	Marios	19	131	7	1	30____	115046	1	0	0	0	0	0	0	0	0	1	0
C	Marios	19	131	7	1	30____	115054	1	0	0	0	0	1	0	0	0	0	0
C	Marios	19	131	7	1	30____	115087	1	0	0	0	0	0	0	0	0	1	0
C	Marios	19	131	7	1	30____	115095	1	0	0	0	0	1	0	0	0	0	0
C	Marios	19	131	7	1	30____	115103	1	0	0	0	0	0	0	0	0	1	0
C	Marios	19	131	7	1	30____	115104	1	0	0	0	0	1	0	0	0	0	0
C	Marios	19	131	7	1	30____	115107	1	0	0	0	0	0	0	0	0	1	0
C	Marios	19	131	7	1	30____	115161	1	0	0	0	0	1	0	0	0	0	0
C	Marios	19	131	7	1	30____	115163	1	0	0	0	0	0	0	0	0	1	0
C	Marios	19	131	7	1	30____	115171	1	0	0	0	0	1	0	0	0	0	0
C	Marios	19	131	7	1	30____	115175	1	0	0	0	0	0	0	0	0	1	0
C	Marios	19	131	7	1	30____	115200	1	0	0	0	0	1	0	0	0	0	0
C	Marios	19	131	7	1	30____	115209	1	0	0	0	0	0	0	0	0	1	0
C	Marios	19	131	7	1	30____	115226	1	0	0	0	0	1	0	0	0	0	0
C	Marios	19	131	7	1	30____	115235	1	0	0	0	0	0	0	0	0	1	0
C	Marios	19	131	7	1	30____	115270	1	0	0	0	0	1	0	0	0	0	0
C	Marios	19	131	7	1	30____	115273	1	0	0	0	0	0	0	0	0	1	0
C	Marios	19	131	7	1	30____	115277	1	0	0	0	0	1	0	0	0	0	0
C	Marios	19	131	7	1	30____	115288	1	0	0	0	0	0	0	0	0	1	0
C	Marios	19	131	7	1	30____	115290	1	0	0	0	0	1	0	0	0	0	0
C	Marios	19	131	7	1	30____	115292	1	0	0	0	0	0	0	0	0	1	0
C	Marios	19	131	7	1	30____	115305	1	0	0	0	0	1	0	0	0	0	0
C	Marios	19	131	7	1	30____	115383	1	0	0	0	0	0	0	0	0	1	0
C	Marios	19	131	7	1	30____	115760	1	0	0	0	0	1	0	0	0	0	0
C	Marios	19	131	7	1	30____	115769	1	0	0	0	0	0	0	0	0	1	0
C	Marios	19	131	7	1	30____	116026	1	0	0	0	0	1	0	0	0	0	0
C	Marios	19	131	7	1	30____	116050	1	0	0	0	0	0	0	0	0	1	0
C	Marios	19	131	7	1	30____	116840	1	0	0	0	0	1	0	0	0	0	0
C	Marios	19	131	7	1	30____	116847	1	0	0	0	0	0	0	0	0	1	0
C	Marios	19	131	7	1	30____	117195	1	0	0	0	0	1	0	0	0	0	0
C	Marios	19	131	7	1	30____	117197	1	0	0	0	0	0	0	0	0	1	0
C	Marios	19	131	7	1	30____	117199	1	0	0	0	0	1	0	0	0	0	0
C	Marios	19	131	7	1	30____	117204	1	0	0	0	0	0	0	0	0	1	0
C	Marios	19	131	7	1	30____	117683	1	0	0	0	0	1	0	0	0	0	0
C	Marios	19	131	7	1	30____	117735	1	0	0	0	0	0	0	0	0	1	0
C	Marios	19	131	7	1	30____	117739	1	0	0	0	0	1	0	0	0	0	0
C	Marios	19	131	7	1	30____	117760	1	0	0	0	0	0	0	0	0	1	0
C	Marios	19	131	7	1	30____	118415	1	0	0	0	0	1	0	0	0	0	0
C	Marios	19	131	7	1	30____	118425	1	0	0	0	0	0	0	0	0	1	0
C	Marios	19	131	7	1	30____	118823	1	0	0	0	0	1	0	0	0	0	0
C	Marios	19	131	7	1	30____	118825	1	0	0	0	0	0	0	0	0	1	0
C	Marios	19	131	7	1	30____	118879	1	0	0	0	0	1	0	0	0	0	0
C	Marios	19	131	7	1	30____	118910	1	0	0	0	0	0	0	0	0	1	0
C	Marios	19	131	7	1	30____	119500	1	2	0	0	0	0	0	0	0	0	0
C	Marios	19	131	7	1	30____	120000	2	6	0	0	0	0	0	0	0	0	0
C	Marios	19	131	7	1	30____	120066	6	0	0	0	0	1	0	0	0	0	0
C	Marios	19	131	7	1	30____	120080	6	0	0	0	0	0	0	0	0	1	0
C	Marios	19	131	7	1	30____	120099	6	0	0	0	0	1	0	0	0	0	0
C	Marios	19	131	7	1	30____	120114	6	0	0	0	0	0	0	0	0	1	0
C	Marios	19	131	7	1	30____	120132	6	0	0	0	0	1	0	0	0	0	0
C	Marios	19	131	7	1	30____	120157	6	0	0	0	0	0	0	0	0	1	0
C	Marios	19	131	7	1	30____	120169	6	0	0	0	0	1	0	0	0	0	0
C	Marios	19	131	7	1	30____	120200	6	0	0	0	0	0	0	0	0	1	0
C	Marios	19	131	7	1	30____	120201	6	0	0	0	0	1	0	0	0	0	0
C	Marios	19	131	7	1	30____	120206	6	0	0	0	0	1	0	0	0	1	0
C	Marios	19	131	7	1	30____	120251	6	0	0	0	0	0	0	0	0	1	0
C	Marios	19	131	7	1	30____	120254	6	0	0	0	0	1	0	0	0	0	0
C	Marios	19	131	7	1	30____	120345	6	0	0	0	0	0	0	0	0	1	0
C	Marios	19	131	7	1	30____	120348	6	0	0	0	0	1	0	0	0	0	0
C	Marios	19	131	7	1	30____	120356	6	0	0	0	0	1	0	0	0	1	0
C	Marios	19	131	7	1	30____	120359	6	0	0	0	0	0	0	0	0	1	0
C	Marios	19	131	7	1	30____	120364	6	0	0	0	0	1	0	0	0	0	0
C	Marios	19	131	7	1	30____	120500	6	10	0	0	0	0	0	0	0	0	0
C	Marios	19	131	7	1	30____	120973	10	0	0	0	0	0	0	0	0	1	0
C	Marios	19	131	7	1	30____	120978	10	0	0	0	0	1	0	0	0	0	0
C	Marios	19	131	7	1	30____	120983	10	0	0	0	0	0	0	0	0	1	0
C	Marios	19	131	7	1	30____	121000	10	1	0	0	0	0	0	0	0	0	0
C	Marios	19	131	7	1	30____	121222	1	0	0	0	0	1	0	0	0	0	0
C	Marios	19	131	7	1	30____	121272	1	0	0	0	0	0	0	0	0	1	0
C	Marios	19	131	7	1	30____	123176	1	0	0	0	0	1	0	0	0	0	0
C	Marios	19	131	7	1	30____	123180	1	0	0	0	0	0	0	0	0	1	0
C	Marios	19	131	7	1	30____	123181	1	0	0	0	0	1	0	0	0	0	0
C	Marios	19	131	7	1	30____	123235	1	0	0	0	0	0	0	0	0	1	0
C	Marios	19	131	7	1	30____	125500	1	2	0	0	0	0	0	0	0	0	0
C	Marios	19	131	7	1	30____	126000	2	17	0	0	0	0	0	0	0	0	0
C	Marios	19	131	7	1	30____	126500	17	15	0	0	0	0	0	0	0	0	0
C	Marios	19	131	7	1	30____	126502	15	0	0	0	0	1	0	0	0	0	0
C	Marios	19	131	7	1	30____	126594	15	0	0	0	0	0	0	0	0	1	0
C	Marios	19	131	7	1	30____	127000	15	1	0	0	0	0	0	0	0	0	0
C	Marios	19	131	7	1	30____	127018	1	0	0	0	0	1	0	0	0	0	0
C	Marios	19	131	7	1	30____	127083	1	0	0	0	0	0	0	0	0	1	0
C	Marios	19	131	7	1	30____	127087	1	0	0	0	0	1	0	0	0	0	0
C	Marios	19	131	7	1	30____	127180	1	0	0	0	0	0	0	0	0	1	0
C	Marios	19	131	7	1	30____	127186	1	0	0	0	0	1	0	0	0	0	0
C	Marios	19	131	7	1	30____	127208	1	0	0	0	0	0	0	0	0	1	0
C	Marios	19	131	7	1	30____	127214	1	0	0	0	0	1	0	0	0	0	0
C	Marios	19	131	7	1	30____	127277	1	0	0	0	0	0	0	0	0	1	0
C	Marios	19	131	7	1	30____	127377	1	0	0	0	0	1	0	0	0	0	0
C	Marios	19	131	7	1	30____	127457	1	0	0	0	0	0	0	0	0	1	0
C	Marios	19	131	7	1	30____	127458	1	0	0	0	0	1	0	0	0	0	0
C	Marios	19	131	7	1	30____	127468	1	0	0	0	0	0	0	0	0	1	0
C	Marios	19	131	7	1	30____	127494	1	0	0	0	0	1	0	0	0	0	0
C	Marios	19	131	7	1	30____	127512	1	0	0	0	0	0	0	0	0	1	0
C	Marios	19	131	7	1	30____	127857	1	0	0	0	0	1	0	0	0	0	0
C	Marios	19	131	7	1	30____	127877	1	0	0	0	0	0	0	0	0	1	0
C	Marios	19	131	7	1	30____	128070	1	0	0	0	0	1	0	0	0	0	0
C	Marios	19	131	7	1	30____	128174	1	0	0	0	0	0	0	0	0	1	0
C	Marios	19	131	7	1	30____	128178	1	0	0	0	0	1	0	0	0	0	0
C	Marios	19	131	7	1	30____	128190	1	0	0	0	0	0	0	0	0	1	0
C	Marios	19	131	7	1	30____	128676	1	0	0	0	0	1	0	0	0	0	0
C	Marios	19	131	7	1	30____	128903	1	0	0	0	0	0	0	0	0	1	0
C	Marios	19	131	7	1	30____	130470	1	0	0	0	0	1	0	0	0	0	0
C	Marios	19	131	7	1	30____	130537	1	0	0	0	0	0	0	0	0	1	0
C	Marios	19	131	7	1	30____	131525	1	0	0	0	0	1	0	0	0	0	0
C	Marios	19	131	7	1	30____	131605	1	0	0	0	0	0	0	0	0	1	0
C	Marios	19	131	7	1	30____	132460	1	0	0	0	0	1	0	0	0	0	0
C	Marios	19	131	7	1	30____	132628	1	0	0	0	0	0	0	0	0	1	0
C	Marios	19	131	7	1	30____	132642	1	0	0	0	0	1	0	0	0	0	0
C	Marios	19	131	7	1	30____	132795	1	0	0	0	0	0	0	0	0	1	0
C	Marios	19	131	7	1	30____	133411	1	0	0	0	0	1	0	0	0	0	0
C	Marios	19	131	7	1	30____	133559	1	0	0	0	0	0	0	0	0	1	0
C	Marios	19	131	7	1	30____	134339	1	0	0	0	0	1	0	0	0	0	0
C	Marios	19	131	7	1	30____	134500	1	2	0	0	0	0	0	0	0	0	0
C	Marios	19	131	7	1	30____	134658	2	0	0	0	0	0	0	0	0	1	0
C	Marios	19	131	7	1	30____	134769	2	0	0	0	0	1	0	0	0	0	0
C	Marios	19	131	7	1	30____	134773	2	0	0	0	0	0	0	0	0	1	0
C	Marios	19	131	7	1	30____	134775	2	0	0	0	0	1	0	0	0	0	0
C	Marios	19	131	7	1	30____	134784	2	0	0	0	0	1	0	0	0	1	0
C	Marios	19	131	7	1	30____	134826	2	0	0	0	0	0	0	0	0	1	0
C	Marios	19	131	7	1	30____	135000	2	16	0	0	0	0	0	0	0	0	0
C	Marios	19	131	7	1	30____	135500	16	15	0	0	0	0	0	0	0	0	0
C	Marios	19	131	7	1	30____	135532	15	0	0	0	0	1	0	0	0	0	0
C	Marios	19	131	7	1	30____	135586	15	0	0	0	0	0	0	0	0	1	0
C	Marios	19	131	7	1	30____	135922	15	0	0	0	0	1	0	0	0	0	0
C	Marios	19	131	7	1	30____	135933	15	0	0	0	0	0	0	0	0	1	0
C	Marios	19	131	7	1	30____	136000	15	1	0	0	0	0	0	0	0	0	0
C	Marios	19	131	7	1	30____	136414	1	0	0	0	0	1	0	0	0	0	0
C	Marios	19	131	7	1	30____	136506	1	0	0	0	0	0	0	0	0	1	0
C	Marios	19	131	7	1	30____	136627	1	0	0	0	0	1	0	0	0	0	0
C	Marios	19	131	7	1	30____	136666	1	0	0	0	0	0	0	0	0	1	0
C	Marios	19	131	7	1	30____	136711	1	0	0	0	0	1	0	0	0	0	0
C	Marios	19	131	7	1	30____	136726	1	0	0	0	0	0	0	0	0	1	0
C	Marios	19	131	7	1	30____	136936	1	0	0	0	0	1	0	0	0	0	0
C	Marios	19	131	7	1	30____	136943	1	0	0	0	0	0	0	0	0	1	0
C	Marios	19	131	7	1	30____	137220	1	0	0	0	0	1	0	0	0	0	0
C	Marios	19	131	7	1	30____	137300	1	0	0	0	0	0	0	0	0	1	0
C	Marios	19	131	7	1	30____	137307	1	0	0	0	0	1	0	0	0	0	0
C	Marios	19	131	7	1	30____	137358	1	0	0	0	0	0	0	0	0	1	0
C	Marios	19	131	7	1	30____	138614	1	0	0	0	0	1	0	0	0	0	0
C	Marios	19	131	7	1	30____	138723	1	0	0	0	0	0	0	0	0	1	0
C	Marios	19	131	7	1	30____	138755	1	0	0	0	0	1	0	0	0	0	0
C	Marios	19	131	7	1	30____	139438	1	0	0	0	0	0	0	0	0	1	0
C	Marios	19	131	7	1	30____	139439	1	0	0	0	0	1	0	0	0	0	0
C	Marios	19	131	7	1	30____	139472	1	0	0	0	0	0	0	0	0	1	0
C	Marios	19	131	7	1	30____	139473	1	0	0	0	0	1	0	0	0	0	0
C	Marios	19	131	7	1	30____	139475	1	0	0	0	0	0	0	0	0	1	0
C	Marios	19	131	7	1	30____	139500	1	2	0	0	0	0	0	0	0	0	0
C	Marios	19	131	7	1	30____	139545	2	0	0	0	0	1	0	0	0	0	0
C	Marios	19	131	7	1	30____	139795	2	0	0	0	0	0	0	0	0	1	0
C	Marios	19	131	7	1	30____	140000	2	17	0	0	0	0	0	0	0	0	0
C	Marios	19	131	7	1	30____	140209	17	0	0	0	0	1	0	0	0	0	0
C	Marios	19	131	7	1	30____	140222	17	0	0	0	0	0	0	0	0	1	0
C	Marios	19	131	7	1	30____	140293	17	0	0	0	0	1	0	0	0	0	0
C	Marios	19	131	7	1	30____	140305	17	0	0	0	0	0	0	0	0	1	0
C	Marios	19	131	7	1	30____	140311	17	0	0	0	0	1	0	0	0	0	0
C	Marios	19	131	7	1	30____	140350	17	0	0	0	0	0	0	0	0	1	0
C	Marios	19	131	7	1	30____	140500	17	15	0	0	0	0	0	0	0	0	0
C	Marios	19	131	7	1	30____	140570	15	0	0	0	0	1	0	0	0	0	0
C	Marios	19	131	7	1	30____	140662	15	0	0	0	0	0	0	0	0	1	0
C	Marios	19	131	7	1	30____	140689	15	0	0	0	0	1	0	0	0	0	0
C	Marios	19	131	7	1	30____	140734	15	0	0	0	0	0	0	0	0	1	0
C	Marios	19	131	7	1	30____	140826	15	0	0	0	0	1	0	0	0	0	0
C	Marios	19	131	7	1	30____	140874	15	0	0	0	0	0	0	0	0	1	0
C	Marios	19	131	7	1	30____	140880	15	0	0	0	0	1	0	0	0	0	0
C	Marios	19	131	7	1	30____	140897	15	0	0	0	0	0	0	0	0	1	0
C	Marios	19	131	7	1	30____	141000	15	1	0	0	0	0	0	0	0	0	0
C	Marios	19	131	7	1	30____	141260	1	0	0	0	0	1	0	0	0	0	0
C	Marios	19	131	7	1	30____	141394	1	0	0	0	0	0	0	0	0	1	0
C	Marios	19	131	7	1	30____	142081	1	0	0	0	0	1	0	0	0	0	0
C	Marios	19	131	7	1	30____	142163	1	0	0	0	0	0	0	0	0	1	0
C	Marios	19	131	7	1	30____	142445	1	0	0	0	0	1	0	0	0	0	0
C	Marios	19	131	7	1	30____	142449	1	0	0	0	0	0	0	0	0	1	0
C	Marios	19	131	7	1	30____	142456	1	0	0	0	0	1	0	0	0	0	0
C	Marios	19	131	7	1	30____	142470	1	0	0	0	0	0	0	0	0	1	0
C	Marios	19	131	7	1	30____	142476	1	0	0	0	0	1	0	0	0	0	0
C	Marios	19	131	7	1	30____	142500	1	2	0	0	0	0	0	0	0	0	0
C	Marios	19	131	7	1	30____	142534	2	0	0	0	0	0	0	0	0	1	0
C	Marios	19	131	7	1	30____	142563	2	0	0	0	0	1	0	0	0	0	0
C	Marios	19	131	7	1	30____	142564	2	0	0	0	0	0	0	0	0	1	0
C	Marios	19	131	7	1	30____	143000	2	16	0	0	0	0	0	0	0	0	0
C	Marios	19	131	7	1	30____	143500	16	15	0	0	0	0	0	0	0	0	0
C	Marios	19	131	7	1	30____	143574	15	0	0	0	0	1	0	0	0	0	0
C	Marios	19	131	7	1	30____	143599	15	0	0	0	0	0	0	0	0	1	0
C	Marios	19	131	7	1	30____	144000	15	14	0	0	0	0	0	0	0	0	0
C	Marios	19	131	7	1	30____	144247	14	0	0	0	0	1	0	0	0	0	0
C	Marios	19	131	7	1	30____	144362	14	0	0	0	0	0	0	0	0	1	0
C	Marios	19	131	7	1	30____	144371	14	0	0	0	0	1	0	0	0	0	0
C	Marios	19	131	7	1	30____	144387	14	0	0	0	0	0	0	0	0	1	0
C	Marios	19	131	7	1	30____	144388	14	0	0	0	0	1	0	0	0	0	0
C	Marios	19	131	7	1	30____	144391	14	0	0	0	0	0	0	0	0	1	0
C	Marios	19	131	7	1	30____	144396	14	0	0	0	0	1	0	0	0	0	0
C	Marios	19	131	7	1	30____	144406	14	0	0	0	0	0	0	0	0	1	0
C	Marios	19	131	7	1	30____	144428	14	0	0	0	0	1	0	0	0	0	0
C	Marios	19	131	7	1	30____	144430	14	0	0	0	0	0	0	0	0	1	0
C	Marios	19	131	7	1	30____	144431	14	0	0	0	0	1	0	0	0	0	0
C	Marios	19	131	7	1	30____	144464	14	0	0	0	0	0	0	0	0	1	0
C	Marios	19	131	7	1	30____	147000	14	-1	0	0	0	0	0	0	0	0	0
