Project	UserID	Protocol	Session	Station	Run	Subject	Time	Current State	Transition State	Transition Event	A1 - LLR	A2 - RLR	A3 - MAG	A4 - 	A[1] LLR_OFF	A[2] RLR_OFF	A[3] MAG_OFF	A[4] 
C	Marios	17	113	9	1	18____	0	0	1	0	0	0	0	0	0	0	0	0
C	Marios	17	113	9	1	18____	9977	1	0	0	1	0	0	0	0	0	0	0
C	Marios	17	113	9	1	18____	9980	1	0	0	0	0	0	0	1	0	0	0
C	Marios	17	113	9	1	18____	17289	1	3	1	1	0	0	0	0	0	0	0
C	Marios	17	113	9	1	18____	17300	3	0	0	0	0	0	0	1	0	0	0
C	Marios	17	113	9	1	18____	17539	3	1	0	0	0	0	0	0	0	0	0
C	Marios	17	113	9	1	18____	19845	1	3	1	1	0	0	0	0	0	0	0
C	Marios	17	113	9	1	18____	19889	3	0	0	0	0	0	0	1	0	0	0
C	Marios	17	113	9	1	18____	20095	3	1	0	0	0	0	0	0	0	0	0
C	Marios	17	113	9	1	18____	23963	1	0	0	1	0	0	0	0	0	0	0
C	Marios	17	113	9	1	18____	23967	1	0	0	0	0	0	0	1	0	0	0
C	Marios	17	113	9	1	18____	23972	1	3	1	1	0	0	0	0	0	0	0
C	Marios	17	113	9	1	18____	24157	3	0	0	0	0	0	0	1	0	0	0
C	Marios	17	113	9	1	18____	24166	3	0	0	1	0	0	0	0	0	0	0
C	Marios	17	113	9	1	18____	24191	3	0	0	0	0	0	0	1	0	0	0
C	Marios	17	113	9	1	18____	24222	3	1	0	0	0	0	0	0	0	0	0
C	Marios	17	113	9	1	18____	24224	1	3	1	1	0	0	0	0	0	0	0
C	Marios	17	113	9	1	18____	24245	3	0	0	0	0	0	0	1	0	0	0
C	Marios	17	113	9	1	18____	24257	3	0	0	1	0	0	0	0	0	0	0
C	Marios	17	113	9	1	18____	24366	3	0	0	0	0	0	0	1	0	0	0
C	Marios	17	113	9	1	18____	24368	3	0	0	1	0	0	0	0	0	0	0
C	Marios	17	113	9	1	18____	24383	3	0	0	0	0	0	0	1	0	0	0
C	Marios	17	113	9	1	18____	24474	3	1	0	0	0	0	0	0	0	0	0
C	Marios	17	113	9	1	18____	59630	1	3	1	1	0	0	0	0	0	0	0
C	Marios	17	113	9	1	18____	59638	3	0	0	0	0	0	0	1	0	0	0
C	Marios	17	113	9	1	18____	59658	3	0	0	1	0	0	0	0	0	0	0
C	Marios	17	113	9	1	18____	59880	3	1	0	0	0	0	0	0	0	0	0
C	Marios	17	113	9	1	18____	59917	1	0	0	0	0	0	0	1	0	0	0
C	Marios	17	113	9	1	18____	70388	1	0	0	1	0	0	0	0	0	0	0
C	Marios	17	113	9	1	18____	70665	1	0	0	0	0	0	0	1	0	0	0
C	Marios	17	113	9	1	18____	90000	1	4	0	0	0	0	0	0	0	0	0
C	Marios	17	113	9	1	18____	90250	4	-1	0	0	0	0	0	0	0	0	0
C	Marios	17	113	10	1	20____	0	0	1	0	0	0	0	0	0	0	0	0
C	Marios	17	113	10	1	20____	11026	1	0	0	1	0	0	0	0	0	0	0
C	Marios	17	113	10	1	20____	11031	1	0	0	0	0	0	0	1	0	0	0
C	Marios	17	113	10	1	20____	11165	1	3	1	1	0	0	0	0	0	0	0
C	Marios	17	113	10	1	20____	11177	3	0	0	0	0	0	0	1	0	0	0
C	Marios	17	113	10	1	20____	11415	3	1	0	0	0	0	0	0	0	0	0
C	Marios	17	113	10	1	20____	13141	1	0	0	1	0	0	0	0	0	0	0
C	Marios	17	113	10	1	20____	13170	1	0	0	0	0	0	0	1	0	0	0
C	Marios	17	113	10	1	20____	15357	1	3	1	1	0	0	0	0	0	0	0
C	Marios	17	113	10	1	20____	15399	3	0	0	0	0	0	0	1	0	0	0
C	Marios	17	113	10	1	20____	15607	3	1	0	0	0	0	0	0	0	0	0
C	Marios	17	113	10	1	20____	17746	1	0	0	1	0	0	0	0	0	0	0
C	Marios	17	113	10	1	20____	17785	1	0	0	0	0	0	0	1	0	0	0
C	Marios	17	113	10	1	20____	18426	1	0	0	0	1	0	0	0	0	0	0
C	Marios	17	113	10	1	20____	18456	1	0	0	0	0	0	0	0	1	0	0
C	Marios	17	113	10	1	20____	26040	1	0	0	1	0	0	0	0	0	0	0
C	Marios	17	113	10	1	20____	26113	1	0	0	0	0	0	0	1	0	0	0
C	Marios	17	113	10	1	20____	28659	1	3	1	1	0	0	0	0	0	0	0
C	Marios	17	113	10	1	20____	28675	3	0	0	0	0	0	0	1	0	0	0
C	Marios	17	113	10	1	20____	28678	3	0	0	1	0	0	0	0	0	0	0
C	Marios	17	113	10	1	20____	28683	3	0	0	0	0	0	0	1	0	0	0
C	Marios	17	113	10	1	20____	28909	3	1	0	0	0	0	0	0	0	0	0
C	Marios	17	113	10	1	20____	29610	1	3	1	1	0	0	0	0	0	0	0
C	Marios	17	113	10	1	20____	29635	3	0	0	0	0	0	0	1	0	0	0
C	Marios	17	113	10	1	20____	29860	3	1	0	0	0	0	0	0	0	0	0
C	Marios	17	113	10	1	20____	35653	1	0	0	1	0	0	0	0	0	0	0
C	Marios	17	113	10	1	20____	35716	1	0	0	0	0	0	0	1	0	0	0
C	Marios	17	113	10	1	20____	38649	1	0	0	1	0	0	0	0	0	0	0
C	Marios	17	113	10	1	20____	38733	1	0	0	0	0	0	0	1	0	0	0
C	Marios	17	113	10	1	20____	38740	1	3	1	1	0	0	0	0	0	0	0
C	Marios	17	113	10	1	20____	38743	3	0	0	0	0	0	0	1	0	0	0
C	Marios	17	113	10	1	20____	38990	3	1	0	0	0	0	0	0	0	0	0
C	Marios	17	113	10	1	20____	42319	1	0	0	1	0	0	0	0	0	0	0
C	Marios	17	113	10	1	20____	42426	1	0	0	0	0	0	0	1	0	0	0
C	Marios	17	113	10	1	20____	43282	1	0	0	1	0	0	0	0	0	0	0
C	Marios	17	113	10	1	20____	43288	1	0	0	0	0	0	0	1	0	0	0
C	Marios	17	113	10	1	20____	43600	1	3	1	1	0	0	0	0	0	0	0
C	Marios	17	113	10	1	20____	43612	3	0	0	0	0	0	0	1	0	0	0
C	Marios	17	113	10	1	20____	43850	3	1	0	0	0	0	0	0	0	0	0
C	Marios	17	113	10	1	20____	47588	1	3	1	1	0	0	0	0	0	0	0
C	Marios	17	113	10	1	20____	47604	3	0	0	0	0	0	0	1	0	0	0
C	Marios	17	113	10	1	20____	47838	3	1	0	0	0	0	0	0	0	0	0
C	Marios	17	113	10	1	20____	50957	1	0	0	1	0	0	0	0	0	0	0
C	Marios	17	113	10	1	20____	50974	1	0	0	0	0	0	0	1	0	0	0
C	Marios	17	113	10	1	20____	54359	1	3	1	1	0	0	0	0	0	0	0
C	Marios	17	113	10	1	20____	54399	3	0	0	0	0	0	0	1	0	0	0
C	Marios	17	113	10	1	20____	54609	3	1	0	0	0	0	0	0	0	0	0
C	Marios	17	113	10	1	20____	61426	1	0	0	1	0	0	0	0	0	0	0
C	Marios	17	113	10	1	20____	61459	1	0	0	0	0	0	0	1	0	0	0
C	Marios	17	113	10	1	20____	62437	1	3	1	1	0	0	0	0	0	0	0
C	Marios	17	113	10	1	20____	62459	3	0	0	0	0	0	0	1	0	0	0
C	Marios	17	113	10	1	20____	62687	3	1	0	0	0	0	0	0	0	0	0
C	Marios	17	113	10	1	20____	64155	1	0	0	1	0	0	0	0	0	0	0
C	Marios	17	113	10	1	20____	64190	1	0	0	0	0	0	0	1	0	0	0
C	Marios	17	113	10	1	20____	64193	1	0	0	1	0	0	0	0	0	0	0
C	Marios	17	113	10	1	20____	64310	1	0	0	0	0	0	0	1	0	0	0
C	Marios	17	113	10	1	20____	64493	1	3	1	1	0	0	0	0	0	0	0
C	Marios	17	113	10	1	20____	64667	3	0	0	0	0	0	0	1	0	0	0
C	Marios	17	113	10	1	20____	64743	3	1	0	0	0	0	0	0	0	0	0
C	Marios	17	113	10	1	20____	65662	1	3	1	1	0	0	0	0	0	0	0
C	Marios	17	113	10	1	20____	65696	3	0	0	0	0	0	0	1	0	0	0
C	Marios	17	113	10	1	20____	65912	3	1	0	0	0	0	0	0	0	0	0
C	Marios	17	113	10	1	20____	66244	1	0	0	1	0	0	0	0	0	0	0
C	Marios	17	113	10	1	20____	66451	1	0	0	0	0	0	0	1	0	0	0
C	Marios	17	113	10	1	20____	66502	1	3	1	1	0	0	0	0	0	0	0
C	Marios	17	113	10	1	20____	66542	3	0	0	0	0	0	0	1	0	0	0
C	Marios	17	113	10	1	20____	66752	3	1	0	0	0	0	0	0	0	0	0
C	Marios	17	113	10	1	20____	67389	1	0	0	1	0	0	0	0	0	0	0
C	Marios	17	113	10	1	20____	67482	1	0	0	0	0	0	0	1	0	0	0
C	Marios	17	113	10	1	20____	67541	1	3	1	1	0	0	0	0	0	0	0
C	Marios	17	113	10	1	20____	67592	3	0	0	0	0	0	0	1	0	0	0
C	Marios	17	113	10	1	20____	67791	3	1	0	0	0	0	0	0	0	0	0
C	Marios	17	113	10	1	20____	68405	1	3	1	1	0	0	0	0	0	0	0
C	Marios	17	113	10	1	20____	68546	3	0	0	0	0	0	0	1	0	0	0
C	Marios	17	113	10	1	20____	68655	3	1	0	0	0	0	0	0	0	0	0
C	Marios	17	113	10	1	20____	69237	1	0	0	1	0	0	0	0	0	0	0
C	Marios	17	113	10	1	20____	69271	1	0	0	0	0	0	0	1	0	0	0
C	Marios	17	113	10	1	20____	69286	1	0	0	1	0	0	0	0	0	0	0
C	Marios	17	113	10	1	20____	69591	1	0	0	0	0	0	0	1	0	0	0
C	Marios	17	113	10	1	20____	72269	1	3	1	1	0	0	0	0	0	0	0
C	Marios	17	113	10	1	20____	72313	3	0	0	0	0	0	0	1	0	0	0
C	Marios	17	113	10	1	20____	72519	3	1	0	0	0	0	0	0	0	0	0
C	Marios	17	113	10	1	20____	73216	1	0	0	1	0	0	0	0	0	0	0
C	Marios	17	113	10	1	20____	73637	1	0	0	0	0	0	0	1	0	0	0
C	Marios	17	113	10	1	20____	74038	1	0	0	1	0	0	0	0	0	0	0
C	Marios	17	113	10	1	20____	74132	1	0	0	0	0	0	0	1	0	0	0
C	Marios	17	113	10	1	20____	74313	1	3	1	1	0	0	0	0	0	0	0
C	Marios	17	113	10	1	20____	74316	3	0	0	0	0	0	0	1	0	0	0
C	Marios	17	113	10	1	20____	74352	3	0	0	1	0	0	0	0	0	0	0
C	Marios	17	113	10	1	20____	74372	3	0	0	0	0	0	0	1	0	0	0
C	Marios	17	113	10	1	20____	74563	3	1	0	0	0	0	0	0	0	0	0
C	Marios	17	113	10	1	20____	75615	1	0	0	1	0	0	0	0	0	0	0
C	Marios	17	113	10	1	20____	75621	1	0	0	0	0	0	0	1	0	0	0
C	Marios	17	113	10	1	20____	75647	1	0	0	1	0	0	0	0	0	0	0
C	Marios	17	113	10	1	20____	75702	1	0	0	0	0	0	0	1	0	0	0
C	Marios	17	113	10	1	20____	77092	1	3	1	1	0	0	0	0	0	0	0
C	Marios	17	113	10	1	20____	77095	3	0	0	0	0	0	0	1	0	0	0
C	Marios	17	113	10	1	20____	77342	3	1	0	0	0	0	0	0	0	0	0
C	Marios	17	113	10	1	20____	80309	1	0	0	1	0	0	0	0	0	0	0
C	Marios	17	113	10	1	20____	80600	1	0	0	0	0	0	0	1	0	0	0
C	Marios	17	113	10	1	20____	80715	1	0	0	1	0	0	0	0	0	0	0
C	Marios	17	113	10	1	20____	80883	1	0	0	0	0	0	0	1	0	0	0
C	Marios	17	113	10	1	20____	81031	1	3	1	1	0	0	0	0	0	0	0
C	Marios	17	113	10	1	20____	81041	3	0	0	0	0	0	0	1	0	0	0
C	Marios	17	113	10	1	20____	81281	3	1	0	0	0	0	0	0	0	0	0
C	Marios	17	113	10	1	20____	83215	1	0	0	1	0	0	0	0	0	0	0
C	Marios	17	113	10	1	20____	83367	1	0	0	0	0	0	0	1	0	0	0
C	Marios	17	113	10	1	20____	83429	1	0	0	1	0	0	0	0	0	0	0
C	Marios	17	113	10	1	20____	83688	1	0	0	0	0	0	0	1	0	0	0
C	Marios	17	113	10	1	20____	83980	1	3	1	1	0	0	0	0	0	0	0
C	Marios	17	113	10	1	20____	84022	3	0	0	0	0	0	0	1	0	0	0
C	Marios	17	113	10	1	20____	84230	3	1	0	0	0	0	0	0	0	0	0
C	Marios	17	113	10	1	20____	86263	1	3	1	1	0	0	0	0	0	0	0
C	Marios	17	113	10	1	20____	86307	3	0	0	0	0	0	0	1	0	0	0
C	Marios	17	113	10	1	20____	86371	3	0	0	1	0	0	0	0	0	0	0
C	Marios	17	113	10	1	20____	86463	3	0	0	0	0	0	0	1	0	0	0
C	Marios	17	113	10	1	20____	86513	3	1	0	0	0	0	0	0	0	0	0
C	Marios	17	113	10	1	20____	87322	1	3	1	1	0	0	0	0	0	0	0
C	Marios	17	113	10	1	20____	87361	3	0	0	0	0	0	0	1	0	0	0
C	Marios	17	113	10	1	20____	87572	3	1	0	0	0	0	0	0	0	0	0
C	Marios	17	113	10	1	20____	87594	1	0	0	1	0	0	0	0	0	0	0
C	Marios	17	113	10	1	20____	87600	1	0	0	0	0	0	0	1	0	0	0
C	Marios	17	113	10	1	20____	89590	1	0	0	1	0	0	0	0	0	0	0
C	Marios	17	113	10	1	20____	89621	1	0	0	0	0	0	0	1	0	0	0
C	Marios	17	113	10	1	20____	90000	1	4	0	0	0	0	0	0	0	0	0
C	Marios	17	113	10	1	20____	90250	4	-1	0	0	0	0	0	0	0	0	0
C	Marios	17	113	12	1	22____	0	0	1	0	0	0	0	0	0	0	0	0
C	Marios	17	113	12	1	22____	5099	1	0	0	1	0	0	0	0	0	0	0
C	Marios	17	113	12	1	22____	5118	1	0	0	0	0	0	0	1	0	0	0
C	Marios	17	113	12	1	22____	9714	1	0	0	0	1	0	0	0	0	0	0
C	Marios	17	113	12	1	22____	9824	1	0	0	0	0	0	0	0	1	0	0
C	Marios	17	113	12	1	22____	12759	1	2	2	0	1	0	0	0	0	0	0
C	Marios	17	113	12	1	22____	12767	2	0	0	0	0	0	0	0	1	0	0
C	Marios	17	113	12	1	22____	13009	2	1	0	0	0	0	0	0	0	0	0
C	Marios	17	113	12	1	22____	14634	1	2	2	0	1	0	0	0	0	0	0
C	Marios	17	113	12	1	22____	14686	2	0	0	0	0	0	0	0	1	0	0
C	Marios	17	113	12	1	22____	14884	2	1	0	0	0	0	0	0	0	0	0
C	Marios	17	113	12	1	22____	15159	1	2	2	0	1	0	0	0	0	0	0
C	Marios	17	113	12	1	22____	15172	2	0	0	0	0	0	0	0	1	0	0
C	Marios	17	113	12	1	22____	15195	2	0	0	0	1	0	0	0	0	0	0
C	Marios	17	113	12	1	22____	15199	2	0	0	0	0	0	0	0	1	0	0
C	Marios	17	113	12	1	22____	15409	2	1	0	0	0	0	0	0	0	0	0
C	Marios	17	113	12	1	22____	16870	1	0	0	1	0	0	0	1	0	0	0
C	Marios	17	113	12	1	22____	16920	1	3	1	1	0	0	0	0	0	0	0
C	Marios	17	113	12	1	22____	16978	3	0	0	0	0	0	0	1	0	0	0
C	Marios	17	113	12	1	22____	16993	3	0	0	1	0	0	0	0	0	0	0
C	Marios	17	113	12	1	22____	17017	3	0	0	0	0	0	0	1	0	0	0
C	Marios	17	113	12	1	22____	17170	3	1	0	0	0	0	0	0	0	0	0
C	Marios	17	113	12	1	22____	19049	1	0	0	0	1	0	0	0	0	0	0
C	Marios	17	113	12	1	22____	19066	1	0	0	0	0	0	0	0	1	0	0
C	Marios	17	113	12	1	22____	19077	1	2	2	0	1	0	0	0	0	0	0
C	Marios	17	113	12	1	22____	19095	2	0	0	0	0	0	0	0	1	0	0
C	Marios	17	113	12	1	22____	19327	2	1	0	0	0	0	0	0	0	0	0
C	Marios	17	113	12	1	22____	19836	1	2	2	0	1	0	0	0	0	0	0
C	Marios	17	113	12	1	22____	19857	2	0	0	0	0	0	0	0	1	0	0
C	Marios	17	113	12	1	22____	20086	2	1	0	0	0	0	0	0	0	0	0
C	Marios	17	113	12	1	22____	22547	1	0	0	1	0	0	0	0	0	0	0
C	Marios	17	113	12	1	22____	22558	1	0	0	0	0	0	0	1	0	0	0
C	Marios	17	113	12	1	22____	32361	1	3	1	1	0	0	0	0	0	0	0
C	Marios	17	113	12	1	22____	32419	3	0	0	0	0	0	0	1	0	0	0
C	Marios	17	113	12	1	22____	32611	3	1	0	0	0	0	0	0	0	0	0
C	Marios	17	113	12	1	22____	33475	1	2	2	0	1	0	0	0	0	0	0
C	Marios	17	113	12	1	22____	33514	2	0	0	0	0	0	0	0	1	0	0
C	Marios	17	113	12	1	22____	33719	2	0	0	0	1	0	0	0	0	0	0
C	Marios	17	113	12	1	22____	33725	2	1	0	0	0	0	0	0	0	0	0
C	Marios	17	113	12	1	22____	33730	1	0	0	0	0	0	0	0	1	0	0
C	Marios	17	113	12	1	22____	34547	1	2	2	0	1	0	0	0	0	0	0
C	Marios	17	113	12	1	22____	34552	2	0	0	0	0	0	0	0	1	0	0
C	Marios	17	113	12	1	22____	34704	2	0	0	0	1	0	0	0	0	0	0
C	Marios	17	113	12	1	22____	34718	2	0	0	0	0	0	0	0	1	0	0
C	Marios	17	113	12	1	22____	34797	2	1	0	0	0	0	0	0	0	0	0
C	Marios	17	113	12	1	22____	34828	1	2	2	0	1	0	0	0	0	0	0
C	Marios	17	113	12	1	22____	34838	2	0	0	0	0	0	0	0	1	0	0
C	Marios	17	113	12	1	22____	35078	2	1	0	0	0	0	0	0	0	0	0
C	Marios	17	113	12	1	22____	35303	1	0	0	0	1	0	0	0	0	0	0
C	Marios	17	113	12	1	22____	35315	1	0	0	0	0	0	0	0	1	0	0
C	Marios	17	113	12	1	22____	35651	1	0	0	0	1	0	0	0	0	0	0
C	Marios	17	113	12	1	22____	35660	1	0	0	0	0	0	0	0	1	0	0
C	Marios	17	113	12	1	22____	37104	1	2	2	0	1	0	0	0	0	0	0
C	Marios	17	113	12	1	22____	37107	2	0	0	0	0	0	0	0	1	0	0
C	Marios	17	113	12	1	22____	37354	2	1	0	0	0	0	0	0	0	0	0
C	Marios	17	113	12	1	22____	37492	1	0	0	0	1	0	0	0	0	0	0
C	Marios	17	113	12	1	22____	37650	1	0	0	0	0	0	0	0	1	0	0
C	Marios	17	113	12	1	22____	37723	1	2	2	0	1	0	0	0	0	0	0
C	Marios	17	113	12	1	22____	37764	2	0	0	0	0	0	0	0	1	0	0
C	Marios	17	113	12	1	22____	37802	2	0	0	0	1	0	0	0	0	0	0
C	Marios	17	113	12	1	22____	37809	2	0	0	0	0	0	0	0	1	0	0
C	Marios	17	113	12	1	22____	37902	2	0	0	0	1	0	0	0	0	0	0
C	Marios	17	113	12	1	22____	37905	2	0	0	0	0	0	0	0	1	0	0
C	Marios	17	113	12	1	22____	37973	2	1	0	0	0	0	0	0	0	0	0
C	Marios	17	113	12	1	22____	37992	1	0	0	0	1	0	0	0	0	0	0
C	Marios	17	113	12	1	22____	38037	1	0	0	0	0	0	0	0	1	0	0
C	Marios	17	113	12	1	22____	38338	1	2	2	0	1	0	0	0	0	0	0
C	Marios	17	113	12	1	22____	38362	2	0	0	0	0	0	0	0	1	0	0
C	Marios	17	113	12	1	22____	38366	2	0	0	0	1	0	0	0	0	0	0
C	Marios	17	113	12	1	22____	38371	2	0	0	0	0	0	0	0	1	0	0
C	Marios	17	113	12	1	22____	38377	2	0	0	0	1	0	0	0	0	0	0
C	Marios	17	113	12	1	22____	38425	2	0	0	0	0	0	0	0	1	0	0
C	Marios	17	113	12	1	22____	38588	2	1	0	0	0	0	0	0	0	0	0
C	Marios	17	113	12	1	22____	42487	1	0	0	1	0	0	0	0	0	0	0
C	Marios	17	113	12	1	22____	42493	1	0	0	0	0	0	0	1	0	0	0
C	Marios	17	113	12	1	22____	42923	1	3	1	1	0	0	0	0	0	0	0
C	Marios	17	113	12	1	22____	42925	3	0	0	0	0	0	0	1	0	0	0
C	Marios	17	113	12	1	22____	43173	3	1	0	0	0	0	0	0	0	0	0
C	Marios	17	113	12	1	22____	44949	1	3	1	1	0	0	0	0	0	0	0
C	Marios	17	113	12	1	22____	45013	3	0	0	0	0	0	0	1	0	0	0
C	Marios	17	113	12	1	22____	45199	3	1	0	0	0	0	0	0	0	0	0
C	Marios	17	113	12	1	22____	46034	1	0	0	1	0	0	0	0	0	0	0
C	Marios	17	113	12	1	22____	46052	1	0	0	0	0	0	0	1	0	0	0
C	Marios	17	113	12	1	22____	46266	1	3	1	1	0	0	0	0	0	0	0
C	Marios	17	113	12	1	22____	46273	3	0	0	0	0	0	0	1	0	0	0
C	Marios	17	113	12	1	22____	46516	3	1	0	0	0	0	0	0	0	0	0
C	Marios	17	113	12	1	22____	58461	1	0	0	1	0	0	0	0	0	0	0
C	Marios	17	113	12	1	22____	58467	1	0	0	0	0	0	0	1	0	0	0
C	Marios	17	113	12	1	22____	58576	1	3	1	1	0	0	0	0	0	0	0
C	Marios	17	113	12	1	22____	58608	3	0	0	0	0	0	0	1	0	0	0
C	Marios	17	113	12	1	22____	58826	3	1	0	0	0	0	0	0	0	0	0
C	Marios	17	113	12	1	22____	67281	1	0	0	0	1	0	0	0	0	0	0
C	Marios	17	113	12	1	22____	67284	1	0	0	0	0	0	0	0	1	0	0
C	Marios	17	113	12	1	22____	67291	1	0	0	0	1	0	0	0	0	0	0
C	Marios	17	113	12	1	22____	67303	1	0	0	0	0	0	0	0	1	0	0
C	Marios	17	113	12	1	22____	72039	1	0	0	1	0	0	0	0	0	0	0
C	Marios	17	113	12	1	22____	72040	1	0	0	0	0	0	0	1	0	0	0
C	Marios	17	113	12	1	22____	89584	1	2	2	0	1	0	0	0	0	0	0
C	Marios	17	113	12	1	22____	89588	2	0	0	0	0	0	0	0	1	0	0
C	Marios	17	113	12	1	22____	89834	2	1	0	0	0	0	0	0	0	0	0
C	Marios	17	113	12	1	22____	90000	1	4	0	0	0	0	0	0	0	0	0
C	Marios	17	113	12	1	22____	90250	4	-1	0	0	0	0	0	0	0	0	0
C	Marios	17	113	13	1	43____	0	0	1	0	0	0	0	0	0	0	0	0
C	Marios	17	113	13	1	43____	1233	1	0	0	1	0	0	0	1	0	0	0
C	Marios	17	113	13	1	43____	6368	1	0	0	0	1	0	0	0	0	0	0
C	Marios	17	113	13	1	43____	6381	1	0	0	0	0	0	0	0	1	0	0
C	Marios	17	113	13	1	43____	6384	1	2	2	0	1	0	0	0	0	0	0
C	Marios	17	113	13	1	43____	6388	2	0	0	0	0	0	0	0	1	0	0
C	Marios	17	113	13	1	43____	6401	2	0	0	0	1	0	0	0	0	0	0
C	Marios	17	113	13	1	43____	6413	2	0	0	0	0	0	0	0	1	0	0
C	Marios	17	113	13	1	43____	6416	2	0	0	0	1	0	0	0	0	0	0
C	Marios	17	113	13	1	43____	6421	2	0	0	0	0	0	0	0	1	0	0
C	Marios	17	113	13	1	43____	6434	2	0	0	0	1	0	0	0	0	0	0
C	Marios	17	113	13	1	43____	6437	2	0	0	0	0	0	0	0	1	0	0
C	Marios	17	113	13	1	43____	6634	2	1	0	0	0	0	0	0	0	0	0
C	Marios	17	113	13	1	43____	13084	1	0	0	1	0	0	0	0	0	0	0
C	Marios	17	113	13	1	43____	13118	1	0	0	0	0	0	0	1	0	0	0
C	Marios	17	113	13	1	43____	14388	1	0	0	0	1	0	0	0	0	0	0
C	Marios	17	113	13	1	43____	14400	1	0	0	0	0	0	0	0	1	0	0
C	Marios	17	113	13	1	43____	31179	1	2	2	0	1	0	0	0	0	0	0
C	Marios	17	113	13	1	43____	31181	2	0	0	0	0	0	0	0	1	0	0
C	Marios	17	113	13	1	43____	31194	2	0	0	0	1	0	0	0	0	0	0
C	Marios	17	113	13	1	43____	31198	2	0	0	0	0	0	0	0	1	0	0
C	Marios	17	113	13	1	43____	31203	2	0	0	0	1	0	0	0	0	0	0
C	Marios	17	113	13	1	43____	31208	2	0	0	0	0	0	0	0	1	0	0
C	Marios	17	113	13	1	43____	31210	2	0	0	0	1	0	0	0	0	0	0
C	Marios	17	113	13	1	43____	31215	2	0	0	0	0	0	0	0	1	0	0
C	Marios	17	113	13	1	43____	31429	2	1	0	0	0	0	0	0	0	0	0
C	Marios	17	113	13	1	43____	56849	1	2	2	0	1	0	0	0	0	0	0
C	Marios	17	113	13	1	43____	56854	2	0	0	0	0	0	0	0	1	0	0
C	Marios	17	113	13	1	43____	57099	2	1	0	0	0	0	0	0	0	0	0
C	Marios	17	113	13	1	43____	62975	1	2	2	0	1	0	0	0	0	0	0
C	Marios	17	113	13	1	43____	62979	2	0	0	0	0	0	0	0	1	0	0
C	Marios	17	113	13	1	43____	63035	2	0	0	0	1	0	0	0	0	0	0
C	Marios	17	113	13	1	43____	63037	2	0	0	0	0	0	0	0	1	0	0
C	Marios	17	113	13	1	43____	63041	2	0	0	0	1	0	0	0	0	0	0
C	Marios	17	113	13	1	43____	63044	2	0	0	0	0	0	0	0	1	0	0
C	Marios	17	113	13	1	43____	63049	2	0	0	0	1	0	0	0	0	0	0
C	Marios	17	113	13	1	43____	63050	2	0	0	0	0	0	0	0	1	0	0
C	Marios	17	113	13	1	43____	63056	2	0	0	0	1	0	0	0	0	0	0
C	Marios	17	113	13	1	43____	63058	2	0	0	0	0	0	0	0	1	0	0
C	Marios	17	113	13	1	43____	63066	2	0	0	0	1	0	0	0	0	0	0
C	Marios	17	113	13	1	43____	63067	2	0	0	0	0	0	0	0	1	0	0
C	Marios	17	113	13	1	43____	63075	2	0	0	0	1	0	0	0	0	0	0
C	Marios	17	113	13	1	43____	63078	2	0	0	0	0	0	0	0	1	0	0
C	Marios	17	113	13	1	43____	63138	2	0	0	0	1	0	0	0	0	0	0
C	Marios	17	113	13	1	43____	63152	2	0	0	0	0	0	0	0	1	0	0
C	Marios	17	113	13	1	43____	63165	2	0	0	0	1	0	0	0	0	0	0
C	Marios	17	113	13	1	43____	63204	2	0	0	0	0	0	0	0	1	0	0
C	Marios	17	113	13	1	43____	63225	2	1	0	0	0	0	0	0	0	0	0
C	Marios	17	113	13	1	43____	63243	1	0	0	0	1	0	0	0	0	0	0
C	Marios	17	113	13	1	43____	63245	1	0	0	0	0	0	0	0	1	0	0
C	Marios	17	113	13	1	43____	63278	1	0	0	0	1	0	0	0	0	0	0
C	Marios	17	113	13	1	43____	63289	1	0	0	0	0	0	0	0	1	0	0
C	Marios	17	113	13	1	43____	63292	1	2	2	0	1	0	0	0	0	0	0
C	Marios	17	113	13	1	43____	63426	2	0	0	0	0	0	0	0	1	0	0
C	Marios	17	113	13	1	43____	63542	2	1	0	0	0	0	0	0	0	0	0
C	Marios	17	113	13	1	43____	65988	1	0	0	1	0	0	0	0	0	0	0
C	Marios	17	113	13	1	43____	66098	1	0	0	0	0	0	0	1	0	0	0
C	Marios	17	113	13	1	43____	80205	1	0	0	0	1	0	0	0	0	0	0
C	Marios	17	113	13	1	43____	80217	1	0	0	0	0	0	0	0	1	0	0
C	Marios	17	113	13	1	43____	80249	1	0	0	0	1	0	0	0	0	0	0
C	Marios	17	113	13	1	43____	80253	1	0	0	0	0	0	0	0	1	0	0
C	Marios	17	113	13	1	43____	80256	1	2	2	0	1	0	0	0	0	0	0
C	Marios	17	113	13	1	43____	80261	2	0	0	0	0	0	0	0	1	0	0
C	Marios	17	113	13	1	43____	80263	2	0	0	0	1	0	0	0	0	0	0
C	Marios	17	113	13	1	43____	80269	2	0	0	0	0	0	0	0	1	0	0
C	Marios	17	113	13	1	43____	80271	2	0	0	0	1	0	0	0	0	0	0
C	Marios	17	113	13	1	43____	80276	2	0	0	0	0	0	0	0	1	0	0
C	Marios	17	113	13	1	43____	80280	2	0	0	0	1	0	0	0	0	0	0
C	Marios	17	113	13	1	43____	80284	2	0	0	0	0	0	0	0	1	0	0
C	Marios	17	113	13	1	43____	80506	2	1	0	0	0	0	0	0	0	0	0
C	Marios	17	113	13	1	43____	88985	1	2	2	0	1	0	0	0	0	0	0
C	Marios	17	113	13	1	43____	88989	2	0	0	0	0	0	0	0	1	0	0
C	Marios	17	113	13	1	43____	89007	2	0	0	0	1	0	0	0	0	0	0
C	Marios	17	113	13	1	43____	89010	2	0	0	0	0	0	0	0	1	0	0
C	Marios	17	113	13	1	43____	89235	2	1	0	0	0	0	0	0	0	0	0
C	Marios	17	113	13	1	43____	90000	1	4	0	0	0	0	0	0	0	0	0
C	Marios	17	113	13	1	43____	90250	4	-1	0	0	0	0	0	0	0	0	0
C	Marios	17	115	9	1	24____	0	0	1	0	0	0	0	0	0	0	0	0
C	Marios	17	115	9	1	24____	8403	1	2	2	0	1	0	0	0	0	0	0
C	Marios	17	115	9	1	24____	8428	2	0	0	0	0	0	0	0	1	0	0
C	Marios	17	115	9	1	24____	8653	2	1	0	0	0	0	0	0	0	0	0
C	Marios	17	115	9	1	24____	11324	1	0	0	0	1	0	0	0	0	0	0
C	Marios	17	115	9	1	24____	11353	1	0	0	0	0	0	0	0	1	0	0
C	Marios	17	115	9	1	24____	14391	1	0	0	0	1	0	0	0	0	0	0
C	Marios	17	115	9	1	24____	14453	1	0	0	0	0	0	0	0	1	0	0
C	Marios	17	115	9	1	24____	15612	1	0	0	1	0	0	0	0	0	0	0
C	Marios	17	115	9	1	24____	15733	1	0	0	0	0	0	0	1	0	0	0
C	Marios	17	115	9	1	24____	19099	1	2	2	0	1	0	0	0	0	0	0
C	Marios	17	115	9	1	24____	19144	2	0	0	0	0	0	0	0	1	0	0
C	Marios	17	115	9	1	24____	19349	2	1	0	0	0	0	0	0	0	0	0
C	Marios	17	115	9	1	24____	22945	1	0	0	0	1	0	0	0	0	0	0
C	Marios	17	115	9	1	24____	22992	1	0	0	0	0	0	0	0	1	0	0
C	Marios	17	115	9	1	24____	23038	1	2	2	0	1	0	0	0	0	0	0
C	Marios	17	115	9	1	24____	23084	2	0	0	0	0	0	0	0	1	0	0
C	Marios	17	115	9	1	24____	23288	2	1	0	0	0	0	0	0	0	0	0
C	Marios	17	115	9	1	24____	23802	1	2	2	0	1	0	0	0	0	0	0
C	Marios	17	115	9	1	24____	23843	2	0	0	0	0	0	0	0	1	0	0
C	Marios	17	115	9	1	24____	24052	2	1	0	0	0	0	0	0	0	0	0
C	Marios	17	115	9	1	24____	26092	1	0	0	0	1	0	0	0	0	0	0
C	Marios	17	115	9	1	24____	26142	1	0	0	0	0	0	0	0	1	0	0
C	Marios	17	115	9	1	24____	26266	1	0	0	0	1	0	0	0	0	0	0
C	Marios	17	115	9	1	24____	26357	1	0	0	0	0	0	0	0	1	0	0
C	Marios	17	115	9	1	24____	28400	1	2	2	0	1	0	0	0	0	0	0
C	Marios	17	115	9	1	24____	28422	2	0	0	0	0	0	0	0	1	0	0
C	Marios	17	115	9	1	24____	28650	2	1	0	0	0	0	0	0	0	0	0
C	Marios	17	115	9	1	24____	30577	1	2	2	0	1	0	0	0	0	0	0
C	Marios	17	115	9	1	24____	30628	2	0	0	0	0	0	0	0	1	0	0
C	Marios	17	115	9	1	24____	30827	2	1	0	0	0	0	0	0	0	0	0
C	Marios	17	115	9	1	24____	32414	1	0	0	0	1	0	0	0	0	0	0
C	Marios	17	115	9	1	24____	32424	1	0	0	0	0	0	0	0	1	0	0
C	Marios	17	115	9	1	24____	32437	1	0	0	0	1	0	0	0	0	0	0
C	Marios	17	115	9	1	24____	32443	1	0	0	0	0	0	0	0	1	0	0
C	Marios	17	115	9	1	24____	33721	1	0	0	1	0	0	0	0	0	0	0
C	Marios	17	115	9	1	24____	33758	1	0	0	0	0	0	0	1	0	0	0
C	Marios	17	115	9	1	24____	36008	1	2	2	0	1	0	0	0	0	0	0
C	Marios	17	115	9	1	24____	36035	2	0	0	0	0	0	0	0	1	0	0
C	Marios	17	115	9	1	24____	36258	2	1	0	0	0	0	0	0	0	0	0
C	Marios	17	115	9	1	24____	36572	1	0	0	0	1	0	0	0	0	0	0
C	Marios	17	115	9	1	24____	36693	1	0	0	0	0	0	0	0	1	0	0
C	Marios	17	115	9	1	24____	37862	1	0	0	1	0	0	0	0	0	0	0
C	Marios	17	115	9	1	24____	37892	1	0	0	0	0	0	0	1	0	0	0
C	Marios	17	115	9	1	24____	55477	1	0	0	0	1	0	0	0	0	0	0
C	Marios	17	115	9	1	24____	55530	1	0	0	0	0	0	0	0	1	0	0
C	Marios	17	115	9	1	24____	55543	1	2	2	0	1	0	0	0	0	0	0
C	Marios	17	115	9	1	24____	55568	2	0	0	0	0	0	0	0	1	0	0
C	Marios	17	115	9	1	24____	55570	2	0	0	0	1	0	0	0	0	0	0
C	Marios	17	115	9	1	24____	55572	2	0	0	0	0	0	0	0	1	0	0
C	Marios	17	115	9	1	24____	55793	2	1	0	0	0	0	0	0	0	0	0
C	Marios	17	115	9	1	24____	68153	1	2	2	0	1	0	0	0	0	0	0
C	Marios	17	115	9	1	24____	68245	2	0	0	0	0	0	0	0	1	0	0
C	Marios	17	115	9	1	24____	68403	2	1	0	0	0	0	0	0	0	0	0
C	Marios	17	115	9	1	24____	73755	1	0	0	0	1	0	0	0	0	0	0
C	Marios	17	115	9	1	24____	73761	1	0	0	0	0	0	0	0	1	0	0
C	Marios	17	115	9	1	24____	76349	1	2	2	0	1	0	0	0	0	0	0
C	Marios	17	115	9	1	24____	76389	2	0	0	0	0	0	0	0	1	0	0
C	Marios	17	115	9	1	24____	76599	2	1	0	0	0	0	0	0	0	0	0
C	Marios	17	115	9	1	24____	78327	1	0	0	1	0	0	0	0	0	0	0
C	Marios	17	115	9	1	24____	78355	1	0	0	0	0	0	0	1	0	0	0
C	Marios	17	115	9	1	24____	78835	1	0	0	1	0	0	0	0	0	0	0
C	Marios	17	115	9	1	24____	78856	1	0	0	0	0	0	0	1	0	0	0
C	Marios	17	115	9	1	24____	78857	1	3	1	1	0	0	0	0	0	0	0
C	Marios	17	115	9	1	24____	78881	3	0	0	0	0	0	0	1	0	0	0
C	Marios	17	115	9	1	24____	79107	3	1	0	0	0	0	0	0	0	0	0
C	Marios	17	115	9	1	24____	80838	1	0	0	0	1	0	0	0	0	0	0
C	Marios	17	115	9	1	24____	80853	1	0	0	0	0	0	0	0	1	0	0
C	Marios	17	115	9	1	24____	80861	1	2	2	0	1	0	0	0	0	0	0
C	Marios	17	115	9	1	24____	80882	2	0	0	0	0	0	0	0	1	0	0
C	Marios	17	115	9	1	24____	81111	2	1	0	0	0	0	0	0	0	0	0
C	Marios	17	115	9	1	24____	82479	1	0	0	1	0	0	0	0	0	0	0
C	Marios	17	115	9	1	24____	82480	1	0	0	0	0	0	0	1	0	0	0
C	Marios	17	115	9	1	24____	85141	1	0	0	0	1	0	0	0	0	0	0
C	Marios	17	115	9	1	24____	85237	1	0	0	0	0	0	0	0	1	0	0
C	Marios	17	115	9	1	24____	87213	1	2	2	0	1	0	0	0	0	0	0
C	Marios	17	115	9	1	24____	87216	2	0	0	0	0	0	0	0	1	0	0
C	Marios	17	115	9	1	24____	87463	2	1	0	0	0	0	0	0	0	0	0
C	Marios	17	115	9	1	24____	87871	1	0	0	1	0	0	0	0	0	0	0
C	Marios	17	115	9	1	24____	87877	1	0	0	0	0	0	0	1	0	0	0
C	Marios	17	115	9	1	24____	87904	1	3	1	1	0	0	0	0	0	0	0
C	Marios	17	115	9	1	24____	87911	3	0	0	0	0	0	0	1	0	0	0
C	Marios	17	115	9	1	24____	87921	3	0	0	1	0	0	0	0	0	0	0
C	Marios	17	115	9	1	24____	87938	3	0	0	0	0	0	0	1	0	0	0
C	Marios	17	115	9	1	24____	88154	3	1	0	0	0	0	0	0	0	0	0
C	Marios	17	115	9	1	24____	90000	1	4	0	0	0	0	0	0	0	0	0
C	Marios	17	115	9	1	24____	90250	4	-1	0	0	0	0	0	0	0	0	0
C	Marios	17	115	2	1	25____	0	0	1	0	0	0	0	0	0	0	0	0
C	Marios	17	115	2	1	25____	8764	1	2	2	0	1	0	0	0	0	0	0
C	Marios	17	115	2	1	25____	8788	2	0	0	0	0	0	0	0	1	0	0
C	Marios	17	115	2	1	25____	9014	2	1	0	0	0	0	0	0	0	0	0
C	Marios	17	115	2	1	25____	13199	1	0	0	1	0	0	0	0	0	0	0
C	Marios	17	115	2	1	25____	13208	1	0	0	0	0	0	0	1	0	0	0
C	Marios	17	115	2	1	25____	13251	1	0	0	1	0	0	0	0	0	0	0
C	Marios	17	115	2	1	25____	13256	1	0	0	0	0	0	0	1	0	0	0
C	Marios	17	115	2	1	25____	19084	1	2	2	0	1	0	0	0	0	0	0
C	Marios	17	115	2	1	25____	19116	2	0	0	0	0	0	0	0	1	0	0
C	Marios	17	115	2	1	25____	19334	2	1	0	0	0	0	0	0	0	0	0
C	Marios	17	115	2	1	25____	19816	1	0	0	0	1	0	0	0	0	0	0
C	Marios	17	115	2	1	25____	19843	1	0	0	0	0	0	0	0	1	0	0
C	Marios	17	115	2	1	25____	30588	1	0	0	1	0	0	0	0	0	0	0
C	Marios	17	115	2	1	25____	30592	1	0	0	0	0	0	0	1	0	0	0
C	Marios	17	115	2	1	25____	35229	1	0	0	0	1	0	0	0	0	0	0
C	Marios	17	115	2	1	25____	35237	1	0	0	0	0	0	0	0	1	0	0
C	Marios	17	115	2	1	25____	36026	1	0	0	1	0	0	0	0	0	0	0
C	Marios	17	115	2	1	25____	36054	1	0	0	0	0	0	0	1	0	0	0
C	Marios	17	115	2	1	25____	52784	1	2	2	0	1	0	0	0	0	0	0
C	Marios	17	115	2	1	25____	52867	2	0	0	0	0	0	0	0	1	0	0
C	Marios	17	115	2	1	25____	52916	2	0	0	0	1	0	0	0	0	0	0
C	Marios	17	115	2	1	25____	52942	2	0	0	0	0	0	0	0	1	0	0
C	Marios	17	115	2	1	25____	53034	2	1	0	0	0	0	0	0	0	0	0
C	Marios	17	115	2	1	25____	53483	1	2	2	0	1	0	0	0	0	0	0
C	Marios	17	115	2	1	25____	53502	2	0	0	0	0	0	0	0	1	0	0
C	Marios	17	115	2	1	25____	53631	2	0	0	0	1	0	0	0	0	0	0
C	Marios	17	115	2	1	25____	53733	2	1	0	0	0	0	0	0	0	0	0
C	Marios	17	115	2	1	25____	53766	1	0	0	0	0	0	0	0	1	0	0
C	Marios	17	115	2	1	25____	53792	1	0	0	0	1	0	0	0	0	0	0
C	Marios	17	115	2	1	25____	53820	1	0	0	0	0	0	0	0	1	0	0
C	Marios	17	115	2	1	25____	55863	1	0	0	1	0	0	0	0	0	0	0
C	Marios	17	115	2	1	25____	55909	1	0	0	0	0	0	0	1	0	0	0
C	Marios	17	115	2	1	25____	56046	1	0	0	1	0	0	0	0	0	0	0
C	Marios	17	115	2	1	25____	56055	1	0	0	0	0	0	0	1	0	0	0
C	Marios	17	115	2	1	25____	56101	1	3	1	1	0	0	0	0	0	0	0
C	Marios	17	115	2	1	25____	56122	3	0	0	0	0	0	0	1	0	0	0
C	Marios	17	115	2	1	25____	56264	3	0	0	0	1	0	0	0	0	0	0
C	Marios	17	115	2	1	25____	56324	3	0	0	0	0	0	0	0	1	0	0
C	Marios	17	115	2	1	25____	56351	3	1	0	0	0	0	0	0	0	0	0
C	Marios	17	115	2	1	25____	57483	1	3	1	1	0	0	0	0	0	0	0
C	Marios	17	115	2	1	25____	57584	3	0	0	0	0	0	0	1	0	0	0
C	Marios	17	115	2	1	25____	57633	3	0	0	1	0	0	0	0	0	0	0
C	Marios	17	115	2	1	25____	57644	3	0	0	0	0	0	0	1	0	0	0
C	Marios	17	115	2	1	25____	57733	3	1	0	0	0	0	0	0	0	0	0
C	Marios	17	115	2	1	25____	77517	1	0	0	0	1	0	0	0	0	0	0
C	Marios	17	115	2	1	25____	77557	1	0	0	0	0	0	0	0	1	0	0
C	Marios	17	115	2	1	25____	77562	1	2	2	0	1	0	0	0	0	0	0
C	Marios	17	115	2	1	25____	77665	2	0	0	0	0	0	0	0	1	0	0
C	Marios	17	115	2	1	25____	77812	2	1	0	0	0	0	0	0	0	0	0
C	Marios	17	115	2	1	25____	90000	1	4	0	0	0	0	0	0	0	0	0
C	Marios	17	115	2	1	25____	90250	4	-1	0	0	0	0	0	0	0	0	0
