Project	UserID	Protocol	Session	Station	Run	Subject	Time	Current State	Transition State	Transition Event	A1 - LLR	A2 - RLR	A3 - MAG	A4 - 	A[1] LLR_OFF	A[2] RLR_OFF	A[3] MAG_OFF	A[4] 
C	Marios	16	113	1	1	17____	0	0	1	0	0	0	0	0	0	0	0	0
C	Marios	16	113	1	1	17____	109	1	0	0	0	1	0	0	0	0	0	0
C	Marios	16	113	1	1	17____	141	1	0	0	0	0	0	0	0	1	0	0
C	Marios	16	113	1	1	17____	2072	1	0	0	1	0	0	0	0	0	0	0
C	Marios	16	113	1	1	17____	2077	1	0	0	0	0	0	0	1	0	0	0
C	Marios	16	113	1	1	17____	2090	1	0	0	1	0	0	0	0	0	0	0
C	Marios	16	113	1	1	17____	2092	1	0	0	0	0	0	0	1	0	0	0
C	Marios	16	113	1	1	17____	2094	1	2	1	1	0	0	0	0	0	0	0
C	Marios	16	113	1	1	17____	2100	2	0	0	0	0	0	0	1	0	0	0
C	Marios	16	113	1	1	17____	2344	2	1	0	0	0	0	0	0	0	0	0
C	Marios	16	113	1	1	17____	14246	1	0	0	1	0	0	0	0	0	0	0
C	Marios	16	113	1	1	17____	14251	1	0	0	0	0	0	0	1	0	0	0
C	Marios	16	113	1	1	17____	14252	1	2	1	1	0	0	0	0	0	0	0
C	Marios	16	113	1	1	17____	14254	2	0	0	0	0	0	0	1	0	0	0
C	Marios	16	113	1	1	17____	14259	2	0	0	1	0	0	0	0	0	0	0
C	Marios	16	113	1	1	17____	14262	2	0	0	0	0	0	0	1	0	0	0
C	Marios	16	113	1	1	17____	14275	2	0	0	1	0	0	0	0	0	0	0
C	Marios	16	113	1	1	17____	14283	2	0	0	0	0	0	0	1	0	0	0
C	Marios	16	113	1	1	17____	14286	2	0	0	1	0	0	0	0	0	0	0
C	Marios	16	113	1	1	17____	14292	2	0	0	0	0	0	0	1	0	0	0
C	Marios	16	113	1	1	17____	14449	2	0	0	1	0	0	0	0	0	0	0
C	Marios	16	113	1	1	17____	14468	2	0	0	0	0	0	0	1	0	0	0
C	Marios	16	113	1	1	17____	14502	2	1	0	0	0	0	0	0	0	0	0
C	Marios	16	113	1	1	17____	14823	1	0	0	1	0	0	0	0	0	0	0
C	Marios	16	113	1	1	17____	14868	1	0	0	0	0	0	0	1	0	0	0
C	Marios	16	113	1	1	17____	17277	1	2	1	1	0	0	0	0	0	0	0
C	Marios	16	113	1	1	17____	17296	2	0	0	0	0	0	0	1	0	0	0
C	Marios	16	113	1	1	17____	17527	2	1	0	0	0	0	0	0	0	0	0
C	Marios	16	113	1	1	17____	17724	1	0	0	1	0	0	0	0	0	0	0
C	Marios	16	113	1	1	17____	17738	1	0	0	0	0	0	0	1	0	0	0
C	Marios	16	113	1	1	17____	17746	1	0	0	1	0	0	0	0	0	0	0
C	Marios	16	113	1	1	17____	17754	1	0	0	0	0	0	0	1	0	0	0
C	Marios	16	113	1	1	17____	24710	1	2	1	1	0	0	0	0	0	0	0
C	Marios	16	113	1	1	17____	24733	2	0	0	0	0	0	0	1	0	0	0
C	Marios	16	113	1	1	17____	24960	2	1	0	0	0	0	0	0	0	0	0
C	Marios	16	113	1	1	17____	33721	1	0	0	0	1	0	0	0	0	0	0
C	Marios	16	113	1	1	17____	33729	1	0	0	0	0	0	0	0	1	0	0
C	Marios	16	113	1	1	17____	34484	1	0	0	0	1	0	0	0	0	0	0
C	Marios	16	113	1	1	17____	34497	1	0	0	0	0	0	0	0	1	0	0
C	Marios	16	113	1	1	17____	35249	1	2	1	1	0	0	0	0	0	0	0
C	Marios	16	113	1	1	17____	35261	2	0	0	0	0	0	0	1	0	0	0
C	Marios	16	113	1	1	17____	35271	2	0	0	1	0	0	0	0	0	0	0
C	Marios	16	113	1	1	17____	35274	2	0	0	0	0	0	0	1	0	0	0
C	Marios	16	113	1	1	17____	35280	2	0	0	1	0	0	0	0	0	0	0
C	Marios	16	113	1	1	17____	35287	2	0	0	0	0	0	0	1	0	0	0
C	Marios	16	113	1	1	17____	35289	2	0	0	1	0	0	0	0	0	0	0
C	Marios	16	113	1	1	17____	35292	2	0	0	0	0	0	0	1	0	0	0
C	Marios	16	113	1	1	17____	35296	2	0	0	1	0	0	0	0	0	0	0
C	Marios	16	113	1	1	17____	35300	2	0	0	0	0	0	0	1	0	0	0
C	Marios	16	113	1	1	17____	35305	2	0	0	1	0	0	0	0	0	0	0
C	Marios	16	113	1	1	17____	35333	2	0	0	0	0	0	0	1	0	0	0
C	Marios	16	113	1	1	17____	35337	2	0	0	1	0	0	0	0	0	0	0
C	Marios	16	113	1	1	17____	35350	2	0	0	0	0	0	0	1	0	0	0
C	Marios	16	113	1	1	17____	35499	2	1	0	0	0	0	0	0	0	0	0
C	Marios	16	113	1	1	17____	40268	1	2	1	1	0	0	0	0	0	0	0
C	Marios	16	113	1	1	17____	40358	2	0	0	0	0	0	0	1	0	0	0
C	Marios	16	113	1	1	17____	40518	2	1	0	0	0	0	0	0	0	0	0
C	Marios	16	113	1	1	17____	41462	1	0	0	1	0	0	0	0	0	0	0
C	Marios	16	113	1	1	17____	41476	1	0	0	0	0	0	0	1	0	0	0
C	Marios	16	113	1	1	17____	41596	1	2	1	1	0	0	0	0	0	0	0
C	Marios	16	113	1	1	17____	41644	2	0	0	0	0	0	0	1	0	0	0
C	Marios	16	113	1	1	17____	41647	2	0	0	1	0	0	0	0	0	0	0
C	Marios	16	113	1	1	17____	41663	2	0	0	0	0	0	0	1	0	0	0
C	Marios	16	113	1	1	17____	41846	2	1	0	0	0	0	0	0	0	0	0
C	Marios	16	113	1	1	17____	44401	1	2	1	1	0	0	0	0	0	0	0
C	Marios	16	113	1	1	17____	44462	2	0	0	0	0	0	0	1	0	0	0
C	Marios	16	113	1	1	17____	44651	2	1	0	0	0	0	0	0	0	0	0
C	Marios	16	113	1	1	17____	45075	1	0	0	1	0	0	0	0	0	0	0
C	Marios	16	113	1	1	17____	45123	1	0	0	0	0	0	0	1	0	0	0
C	Marios	16	113	1	1	17____	45125	1	2	1	1	0	0	0	0	0	0	0
C	Marios	16	113	1	1	17____	45131	2	0	0	0	0	0	0	1	0	0	0
C	Marios	16	113	1	1	17____	45132	2	0	0	1	0	0	0	0	0	0	0
C	Marios	16	113	1	1	17____	45139	2	0	0	0	0	0	0	1	0	0	0
C	Marios	16	113	1	1	17____	45141	2	0	0	1	0	0	0	0	0	0	0
C	Marios	16	113	1	1	17____	45205	2	0	0	0	0	0	0	1	0	0	0
C	Marios	16	113	1	1	17____	45208	2	0	0	1	0	0	0	0	0	0	0
C	Marios	16	113	1	1	17____	45211	2	0	0	0	0	0	0	1	0	0	0
C	Marios	16	113	1	1	17____	45225	2	0	0	1	0	0	0	0	0	0	0
C	Marios	16	113	1	1	17____	45235	2	0	0	0	0	0	0	1	0	0	0
C	Marios	16	113	1	1	17____	45268	2	0	0	1	0	0	0	0	0	0	0
C	Marios	16	113	1	1	17____	45278	2	0	0	0	0	0	0	1	0	0	0
C	Marios	16	113	1	1	17____	45375	2	1	0	0	0	0	0	0	0	0	0
C	Marios	16	113	1	1	17____	47196	1	0	0	1	0	0	0	0	0	0	0
C	Marios	16	113	1	1	17____	47201	1	0	0	0	0	0	0	1	0	0	0
C	Marios	16	113	1	1	17____	47224	1	2	1	1	0	0	0	0	0	0	0
C	Marios	16	113	1	1	17____	47231	2	0	0	0	0	0	0	1	0	0	0
C	Marios	16	113	1	1	17____	47379	2	0	0	1	0	0	0	0	0	0	0
C	Marios	16	113	1	1	17____	47384	2	0	0	0	0	0	0	1	0	0	0
C	Marios	16	113	1	1	17____	47474	2	1	0	0	0	0	0	0	0	0	0
C	Marios	16	113	1	1	17____	51464	1	0	0	1	0	0	0	0	0	0	0
C	Marios	16	113	1	1	17____	51486	1	0	0	0	0	0	0	1	0	0	0
C	Marios	16	113	1	1	17____	54434	1	0	0	0	1	0	0	0	0	0	0
C	Marios	16	113	1	1	17____	54468	1	0	0	0	0	0	0	0	1	0	0
C	Marios	16	113	1	1	17____	72841	1	2	1	1	0	0	0	0	0	0	0
C	Marios	16	113	1	1	17____	72916	2	0	0	0	0	0	0	1	0	0	0
C	Marios	16	113	1	1	17____	73091	2	1	0	0	0	0	0	0	0	0	0
C	Marios	16	113	1	1	17____	73706	1	0	0	0	1	0	0	0	0	0	0
C	Marios	16	113	1	1	17____	73782	1	0	0	0	0	0	0	0	1	0	0
C	Marios	16	113	1	1	17____	74549	1	0	0	1	0	0	0	0	0	0	0
C	Marios	16	113	1	1	17____	74597	1	0	0	0	0	0	0	1	0	0	0
C	Marios	16	113	1	1	17____	74601	1	0	0	1	0	0	0	0	0	0	0
C	Marios	16	113	1	1	17____	74637	1	0	0	0	0	0	0	1	0	0	0
C	Marios	16	113	1	1	17____	75908	1	2	1	1	0	0	0	0	0	0	0
C	Marios	16	113	1	1	17____	75911	2	0	0	0	0	0	0	1	0	0	0
C	Marios	16	113	1	1	17____	76158	2	1	0	0	0	0	0	0	0	0	0
C	Marios	16	113	1	1	17____	82314	1	2	1	1	0	0	0	0	0	0	0
C	Marios	16	113	1	1	17____	82428	2	0	0	0	0	0	0	1	0	0	0
C	Marios	16	113	1	1	17____	82558	2	0	0	1	0	0	0	0	0	0	0
C	Marios	16	113	1	1	17____	82562	2	0	0	0	0	0	0	1	0	0	0
C	Marios	16	113	1	1	17____	82564	2	1	0	0	0	0	0	0	0	0	0
C	Marios	16	113	1	1	17____	82648	1	0	0	1	0	0	0	0	0	0	0
C	Marios	16	113	1	1	17____	82658	1	0	0	0	0	0	0	1	0	0	0
C	Marios	16	113	1	1	17____	82917	1	0	0	1	0	0	0	0	0	0	0
C	Marios	16	113	1	1	17____	82919	1	0	0	0	0	0	0	1	0	0	0
C	Marios	16	113	1	1	17____	82924	1	2	1	1	0	0	0	0	0	0	0
C	Marios	16	113	1	1	17____	82927	2	0	0	0	0	0	0	1	0	0	0
C	Marios	16	113	1	1	17____	82932	2	0	0	1	0	0	0	0	0	0	0
C	Marios	16	113	1	1	17____	82944	2	0	0	0	0	0	0	1	0	0	0
C	Marios	16	113	1	1	17____	82966	2	0	0	1	0	0	0	0	0	0	0
C	Marios	16	113	1	1	17____	82968	2	0	0	0	0	0	0	1	0	0	0
C	Marios	16	113	1	1	17____	82998	2	0	0	1	0	0	0	0	0	0	0
C	Marios	16	113	1	1	17____	83002	2	0	0	0	0	0	0	1	0	0	0
C	Marios	16	113	1	1	17____	83174	2	1	0	0	0	0	0	0	0	0	0
C	Marios	16	113	1	1	17____	90000	1	4	0	0	0	0	0	0	0	0	0
C	Marios	16	113	1	1	17____	90250	4	-1	0	0	0	0	0	0	0	0	0
C	Marios	16	113	2	1	19____	0	0	1	0	0	0	0	0	0	0	0	0
C	Marios	16	113	2	1	19____	68	1	0	0	1	0	0	0	0	0	0	0
C	Marios	16	113	2	1	19____	78	1	0	0	0	0	0	0	1	0	0	0
C	Marios	16	113	2	1	19____	246	1	0	0	0	1	0	0	0	0	0	0
C	Marios	16	113	2	1	19____	482	1	0	0	0	0	0	0	0	1	0	0
C	Marios	16	113	2	1	19____	486	1	3	2	0	1	0	0	0	0	0	0
C	Marios	16	113	2	1	19____	507	3	0	0	0	0	0	0	0	1	0	0
C	Marios	16	113	2	1	19____	736	3	1	0	0	0	0	0	0	0	0	0
C	Marios	16	113	2	1	19____	806	1	0	0	1	0	0	0	0	0	0	0
C	Marios	16	113	2	1	19____	826	1	0	0	0	0	0	0	1	0	0	0
C	Marios	16	113	2	1	19____	833	1	2	1	1	0	0	0	0	0	0	0
C	Marios	16	113	2	1	19____	849	2	0	0	0	0	0	0	1	0	0	0
C	Marios	16	113	2	1	19____	1016	2	0	0	0	1	0	0	0	0	0	0
C	Marios	16	113	2	1	19____	1051	2	0	0	0	0	0	0	0	1	0	0
C	Marios	16	113	2	1	19____	1083	2	1	0	0	0	0	0	0	0	0	0
C	Marios	16	113	2	1	19____	1505	1	0	0	0	1	0	0	0	0	0	0
C	Marios	16	113	2	1	19____	1515	1	0	0	0	0	0	0	0	1	0	0
C	Marios	16	113	2	1	19____	5254	1	0	0	1	0	0	0	0	0	0	0
C	Marios	16	113	2	1	19____	5262	1	0	0	0	0	0	0	1	0	0	0
C	Marios	16	113	2	1	19____	5484	1	2	1	1	0	0	0	0	0	0	0
C	Marios	16	113	2	1	19____	5490	2	0	0	0	0	0	0	1	0	0	0
C	Marios	16	113	2	1	19____	5501	2	0	0	1	0	0	0	0	0	0	0
C	Marios	16	113	2	1	19____	5519	2	0	0	0	0	0	0	1	0	0	0
C	Marios	16	113	2	1	19____	5544	2	0	0	1	0	0	0	0	0	0	0
C	Marios	16	113	2	1	19____	5561	2	0	0	0	0	0	0	1	0	0	0
C	Marios	16	113	2	1	19____	5734	2	1	0	0	0	0	0	0	0	0	0
C	Marios	16	113	2	1	19____	5837	1	0	0	1	0	0	0	0	0	0	0
C	Marios	16	113	2	1	19____	5888	1	0	0	0	0	0	0	1	0	0	0
C	Marios	16	113	2	1	19____	6350	1	2	1	1	0	0	0	0	0	0	0
C	Marios	16	113	2	1	19____	6375	2	0	0	0	0	0	0	1	0	0	0
C	Marios	16	113	2	1	19____	6589	2	0	0	1	0	0	0	0	0	0	0
C	Marios	16	113	2	1	19____	6591	2	0	0	0	0	0	0	1	0	0	0
C	Marios	16	113	2	1	19____	6600	2	1	0	0	0	0	0	0	0	0	0
C	Marios	16	113	2	1	19____	6697	1	0	0	1	0	0	0	0	0	0	0
C	Marios	16	113	2	1	19____	6709	1	0	0	0	0	0	0	1	0	0	0
C	Marios	16	113	2	1	19____	6826	1	2	1	1	0	0	0	0	0	0	0
C	Marios	16	113	2	1	19____	6831	2	0	0	0	0	0	0	1	0	0	0
C	Marios	16	113	2	1	19____	7076	2	1	0	0	0	0	0	0	0	0	0
C	Marios	16	113	2	1	19____	8219	1	0	0	0	1	0	0	0	0	0	0
C	Marios	16	113	2	1	19____	8384	1	0	0	0	0	0	0	0	1	0	0
C	Marios	16	113	2	1	19____	14163	1	3	2	0	1	0	0	0	0	0	0
C	Marios	16	113	2	1	19____	14338	3	0	0	0	0	0	0	0	1	0	0
C	Marios	16	113	2	1	19____	14413	3	1	0	0	0	0	0	0	0	0	0
C	Marios	16	113	2	1	19____	18235	1	0	0	0	1	0	0	0	0	0	0
C	Marios	16	113	2	1	19____	18279	1	0	0	0	0	0	0	0	1	0	0
C	Marios	16	113	2	1	19____	19905	1	3	2	0	1	0	0	0	0	0	0
C	Marios	16	113	2	1	19____	20069	3	0	0	0	0	0	0	0	1	0	0
C	Marios	16	113	2	1	19____	20155	3	1	0	0	0	0	0	0	0	0	0
C	Marios	16	113	2	1	19____	47080	1	3	2	0	1	0	0	0	0	0	0
C	Marios	16	113	2	1	19____	47119	3	0	0	0	0	0	0	0	1	0	0
C	Marios	16	113	2	1	19____	47191	3	0	0	0	1	0	0	0	0	0	0
C	Marios	16	113	2	1	19____	47290	3	0	0	0	0	0	0	0	1	0	0
C	Marios	16	113	2	1	19____	47330	3	1	0	0	0	0	0	0	0	0	0
C	Marios	16	113	2	1	19____	57577	1	0	0	1	0	0	0	0	0	0	0
C	Marios	16	113	2	1	19____	57580	1	0	0	0	0	0	0	1	0	0	0
C	Marios	16	113	2	1	19____	57924	1	2	1	1	0	0	0	0	0	0	0
C	Marios	16	113	2	1	19____	57928	2	0	0	0	0	0	0	1	0	0	0
C	Marios	16	113	2	1	19____	58104	2	0	0	1	0	0	0	0	0	0	0
C	Marios	16	113	2	1	19____	58107	2	0	0	0	0	0	0	1	0	0	0
C	Marios	16	113	2	1	19____	58174	2	1	0	0	0	0	0	0	0	0	0
C	Marios	16	113	2	1	19____	58250	1	0	0	1	0	0	0	0	0	0	0
C	Marios	16	113	2	1	19____	58908	1	0	0	0	0	0	0	1	0	0	0
C	Marios	16	113	2	1	19____	58918	1	2	1	1	0	0	0	0	0	0	0
C	Marios	16	113	2	1	19____	58925	2	0	0	0	0	0	0	1	0	0	0
C	Marios	16	113	2	1	19____	58959	2	0	0	1	0	0	0	0	0	0	0
C	Marios	16	113	2	1	19____	59112	2	0	0	0	0	0	0	1	0	0	0
C	Marios	16	113	2	1	19____	59124	2	0	0	1	0	0	0	0	0	0	0
C	Marios	16	113	2	1	19____	59131	2	0	0	0	0	0	0	1	0	0	0
C	Marios	16	113	2	1	19____	59168	2	1	0	0	0	0	0	0	0	0	0
C	Marios	16	113	2	1	19____	59249	1	2	1	1	0	0	0	0	0	0	0
C	Marios	16	113	2	1	19____	59356	2	0	0	0	0	0	0	1	0	0	0
C	Marios	16	113	2	1	19____	59471	2	0	0	1	0	0	0	0	0	0	0
C	Marios	16	113	2	1	19____	59499	2	1	0	0	0	0	0	0	0	0	0
C	Marios	16	113	2	1	19____	59503	1	0	0	0	0	0	0	1	0	0	0
C	Marios	16	113	2	1	19____	59517	1	0	0	1	0	0	0	0	0	0	0
C	Marios	16	113	2	1	19____	59523	1	0	0	0	0	0	0	1	0	0	0
C	Marios	16	113	2	1	19____	59553	1	0	0	1	0	0	0	0	0	0	0
C	Marios	16	113	2	1	19____	59592	1	0	0	0	0	0	0	1	0	0	0
C	Marios	16	113	2	1	19____	59606	1	2	1	1	0	0	0	0	0	0	0
C	Marios	16	113	2	1	19____	59624	2	0	0	0	0	0	0	1	0	0	0
C	Marios	16	113	2	1	19____	59626	2	0	0	1	0	0	0	0	0	0	0
C	Marios	16	113	2	1	19____	59629	2	0	0	0	0	0	0	1	0	0	0
C	Marios	16	113	2	1	19____	59655	2	0	0	1	0	0	0	0	0	0	0
C	Marios	16	113	2	1	19____	59659	2	0	0	0	0	0	0	1	0	0	0
C	Marios	16	113	2	1	19____	59668	2	0	0	1	0	0	0	0	0	0	0
C	Marios	16	113	2	1	19____	59690	2	0	0	0	0	0	0	1	0	0	0
C	Marios	16	113	2	1	19____	59702	2	0	0	1	0	0	0	0	0	0	0
C	Marios	16	113	2	1	19____	59711	2	0	0	0	0	0	0	1	0	0	0
C	Marios	16	113	2	1	19____	59751	2	0	0	1	0	0	0	0	0	0	0
C	Marios	16	113	2	1	19____	59757	2	0	0	0	0	0	0	1	0	0	0
C	Marios	16	113	2	1	19____	59767	2	0	0	1	0	0	0	0	0	0	0
C	Marios	16	113	2	1	19____	59773	2	0	0	0	0	0	0	1	0	0	0
C	Marios	16	113	2	1	19____	59786	2	0	0	1	0	0	0	0	0	0	0
C	Marios	16	113	2	1	19____	59795	2	0	0	0	0	0	0	1	0	0	0
C	Marios	16	113	2	1	19____	59856	2	1	0	0	0	0	0	0	0	0	0
C	Marios	16	113	2	1	19____	59914	1	0	0	1	0	0	0	0	0	0	0
C	Marios	16	113	2	1	19____	59947	1	0	0	0	0	0	0	1	0	0	0
C	Marios	16	113	2	1	19____	60017	1	0	0	1	0	0	0	0	0	0	0
C	Marios	16	113	2	1	19____	60100	1	0	0	0	0	0	0	1	0	0	0
C	Marios	16	113	2	1	19____	60136	1	2	1	1	0	0	0	0	0	0	0
C	Marios	16	113	2	1	19____	60386	2	1	0	0	0	0	0	0	0	0	0
C	Marios	16	113	2	1	19____	60436	1	0	0	0	0	0	0	1	0	0	0
C	Marios	16	113	2	1	19____	60491	1	0	0	1	0	0	0	0	0	0	0
C	Marios	16	113	2	1	19____	60512	1	0	0	0	0	0	0	1	0	0	0
C	Marios	16	113	2	1	19____	60709	1	0	0	1	0	0	0	0	0	0	0
C	Marios	16	113	2	1	19____	60713	1	0	0	0	0	0	0	1	0	0	0
C	Marios	16	113	2	1	19____	60755	1	2	1	1	0	0	0	0	0	0	0
C	Marios	16	113	2	1	19____	60758	2	0	0	0	0	0	0	1	0	0	0
C	Marios	16	113	2	1	19____	60785	2	0	0	1	0	0	0	0	0	0	0
C	Marios	16	113	2	1	19____	60798	2	0	0	0	0	0	0	1	0	0	0
C	Marios	16	113	2	1	19____	61005	2	1	0	0	0	0	0	0	0	0	0
C	Marios	16	113	2	1	19____	62689	1	0	0	1	0	0	0	0	0	0	0
C	Marios	16	113	2	1	19____	62693	1	0	0	0	0	0	0	1	0	0	0
C	Marios	16	113	2	1	19____	62980	1	0	0	1	0	0	0	0	0	0	0
C	Marios	16	113	2	1	19____	62996	1	0	0	0	0	0	0	1	0	0	0
C	Marios	16	113	2	1	19____	63754	1	3	2	0	1	0	0	0	0	0	0
C	Marios	16	113	2	1	19____	63853	3	0	0	0	0	0	0	0	1	0	0
C	Marios	16	113	2	1	19____	63876	3	0	0	0	1	0	0	0	0	0	0
C	Marios	16	113	2	1	19____	64004	3	1	0	0	0	0	0	0	0	0	0
C	Marios	16	113	2	1	19____	64206	1	0	0	0	0	0	0	0	1	0	0
C	Marios	16	113	2	1	19____	64228	1	3	2	0	1	0	0	0	0	0	0
C	Marios	16	113	2	1	19____	64276	3	0	0	0	0	0	0	0	1	0	0
C	Marios	16	113	2	1	19____	64478	3	1	0	0	0	0	0	0	0	0	0
C	Marios	16	113	2	1	19____	64897	1	0	0	1	0	0	0	0	0	0	0
C	Marios	16	113	2	1	19____	64901	1	0	0	0	0	0	0	1	0	0	0
C	Marios	16	113	2	1	19____	64924	1	0	0	1	0	0	0	0	0	0	0
C	Marios	16	113	2	1	19____	64925	1	0	0	0	0	0	0	1	0	0	0
C	Marios	16	113	2	1	19____	64940	1	2	1	1	0	0	0	0	0	0	0
C	Marios	16	113	2	1	19____	64964	2	0	0	0	0	0	0	1	0	0	0
C	Marios	16	113	2	1	19____	64967	2	0	0	1	0	0	0	0	0	0	0
C	Marios	16	113	2	1	19____	64975	2	0	0	0	0	0	0	1	0	0	0
C	Marios	16	113	2	1	19____	65190	2	1	0	0	0	0	0	0	0	0	0
C	Marios	16	113	2	1	19____	66170	1	3	2	0	1	0	0	0	0	0	0
C	Marios	16	113	2	1	19____	66208	3	0	0	0	0	0	0	0	1	0	0
C	Marios	16	113	2	1	19____	66420	3	1	0	0	0	0	0	0	0	0	0
C	Marios	16	113	2	1	19____	66735	1	0	0	1	0	0	0	0	0	0	0
C	Marios	16	113	2	1	19____	66759	1	0	0	0	0	0	0	1	0	0	0
C	Marios	16	113	2	1	19____	90000	1	4	0	0	0	0	0	0	0	0	0
C	Marios	16	113	2	1	19____	90250	4	-1	0	0	0	0	0	0	0	0	0
C	Marios	16	113	4	1	21____	0	0	1	0	0	0	0	0	0	0	0	0
C	Marios	16	113	4	1	21____	50991	1	0	0	1	0	0	0	0	0	0	0
C	Marios	16	113	4	1	21____	51003	1	0	0	0	0	0	0	1	0	0	0
C	Marios	16	113	4	1	21____	90000	1	4	0	0	0	0	0	0	0	0	0
C	Marios	16	113	4	1	21____	90250	4	-1	0	0	0	0	0	0	0	0	0
C	Marios	16	113	5	1	42____	0	0	1	0	0	0	0	0	0	0	0	0
C	Marios	16	113	5	1	42____	22012	1	0	0	1	0	0	0	0	0	0	0
C	Marios	16	113	5	1	42____	22071	1	0	0	0	0	0	0	1	0	0	0
C	Marios	16	113	5	1	42____	29186	1	2	1	1	0	0	0	0	0	0	0
C	Marios	16	113	5	1	42____	29215	2	0	0	0	0	0	0	1	0	0	0
C	Marios	16	113	5	1	42____	29436	2	1	0	0	0	0	0	0	0	0	0
C	Marios	16	113	5	1	42____	74808	1	0	0	1	0	0	0	0	0	0	0
C	Marios	16	113	5	1	42____	74866	1	2	1	1	0	0	0	1	0	0	0
C	Marios	16	113	5	1	42____	74968	2	0	0	0	0	0	0	1	0	0	0
C	Marios	16	113	5	1	42____	75116	2	1	0	0	0	0	0	0	0	0	0
C	Marios	16	113	5	1	42____	90000	1	4	0	0	0	0	0	0	0	0	0
C	Marios	16	113	5	1	42____	90250	4	-1	0	0	0	0	0	0	0	0	0
C	Marios	16	113	6	1	44____	0	0	1	0	0	0	0	0	0	0	0	0
C	Marios	16	113	6	1	44____	960	1	0	0	0	1	0	0	0	0	0	0
C	Marios	16	113	6	1	44____	964	1	0	0	0	0	0	0	0	1	0	0
C	Marios	16	113	6	1	44____	967	1	3	2	0	1	0	0	0	0	0	0
C	Marios	16	113	6	1	44____	971	3	0	0	0	0	0	0	0	1	0	0
C	Marios	16	113	6	1	44____	984	3	0	0	0	1	0	0	0	0	0	0
C	Marios	16	113	6	1	44____	986	3	0	0	0	0	0	0	0	1	0	0
C	Marios	16	113	6	1	44____	1217	3	1	0	0	0	0	0	0	0	0	0
C	Marios	16	113	6	1	44____	2261	1	0	0	0	1	0	0	0	0	0	0
C	Marios	16	113	6	1	44____	2263	1	0	0	0	0	0	0	0	1	0	0
C	Marios	16	113	6	1	44____	10395	1	0	0	1	0	0	0	0	0	0	0
C	Marios	16	113	6	1	44____	10403	1	0	0	0	0	0	0	1	0	0	0
C	Marios	16	113	6	1	44____	10408	1	2	1	1	0	0	0	0	0	0	0
C	Marios	16	113	6	1	44____	10480	2	0	0	0	0	0	0	1	0	0	0
C	Marios	16	113	6	1	44____	10491	2	0	0	1	0	0	0	0	0	0	0
C	Marios	16	113	6	1	44____	10497	2	0	0	0	0	0	0	1	0	0	0
C	Marios	16	113	6	1	44____	10599	2	0	0	1	0	0	0	0	0	0	0
C	Marios	16	113	6	1	44____	10627	2	0	0	1	0	0	0	1	0	0	0
C	Marios	16	113	6	1	44____	10629	2	0	0	0	0	0	0	1	0	0	0
C	Marios	16	113	6	1	44____	10658	2	1	0	0	0	0	0	0	0	0	0
C	Marios	16	113	6	1	44____	10669	1	0	0	1	0	0	0	0	0	0	0
C	Marios	16	113	6	1	44____	10679	1	0	0	0	0	0	0	1	0	0	0
C	Marios	16	113	6	1	44____	15085	1	0	0	0	1	0	0	0	0	0	0
C	Marios	16	113	6	1	44____	15089	1	0	0	0	0	0	0	0	1	0	0
C	Marios	16	113	6	1	44____	15091	1	3	2	0	1	0	0	0	0	0	0
C	Marios	16	113	6	1	44____	15093	3	0	0	0	0	0	0	0	1	0	0
C	Marios	16	113	6	1	44____	15121	3	0	0	0	1	0	0	0	0	0	0
C	Marios	16	113	6	1	44____	15126	3	0	0	0	0	0	0	0	1	0	0
C	Marios	16	113	6	1	44____	15131	3	0	0	0	1	0	0	0	0	0	0
C	Marios	16	113	6	1	44____	15136	3	0	0	0	0	0	0	0	1	0	0
C	Marios	16	113	6	1	44____	15141	3	0	0	0	1	0	0	0	0	0	0
C	Marios	16	113	6	1	44____	15143	3	0	0	0	0	0	0	0	1	0	0
C	Marios	16	113	6	1	44____	15341	3	1	0	0	0	0	0	0	0	0	0
C	Marios	16	113	6	1	44____	16337	1	0	0	1	0	0	0	0	0	0	0
C	Marios	16	113	6	1	44____	16359	1	0	0	0	0	0	0	1	0	0	0
C	Marios	16	113	6	1	44____	16370	1	0	0	1	0	0	0	0	0	0	0
C	Marios	16	113	6	1	44____	16375	1	0	0	0	0	0	0	1	0	0	0
C	Marios	16	113	6	1	44____	20012	1	2	1	1	0	0	0	0	0	0	0
C	Marios	16	113	6	1	44____	20018	2	0	0	0	0	0	0	1	0	0	0
C	Marios	16	113	6	1	44____	20262	2	1	0	0	0	0	0	0	0	0	0
C	Marios	16	113	6	1	44____	27267	1	0	0	1	0	0	0	0	0	0	0
C	Marios	16	113	6	1	44____	27269	1	0	0	0	0	0	0	1	0	0	0
C	Marios	16	113	6	1	44____	27273	1	0	0	1	0	0	0	0	0	0	0
C	Marios	16	113	6	1	44____	27293	1	0	0	0	0	0	0	1	0	0	0
C	Marios	16	113	6	1	44____	27297	1	2	1	1	0	0	0	0	0	0	0
C	Marios	16	113	6	1	44____	27315	2	0	0	0	0	0	0	1	0	0	0
C	Marios	16	113	6	1	44____	27342	2	0	0	1	0	0	0	0	0	0	0
C	Marios	16	113	6	1	44____	27372	2	0	0	0	0	0	0	1	0	0	0
C	Marios	16	113	6	1	44____	27517	2	0	0	1	0	0	0	0	0	0	0
C	Marios	16	113	6	1	44____	27547	2	1	0	0	0	0	0	0	0	0	0
C	Marios	16	113	6	1	44____	27571	1	0	0	0	0	0	0	1	0	0	0
C	Marios	16	113	6	1	44____	28041	1	0	0	1	0	0	0	0	0	0	0
C	Marios	16	113	6	1	44____	28059	1	0	0	0	0	0	0	1	0	0	0
C	Marios	16	113	6	1	44____	28071	1	0	0	1	0	0	0	0	0	0	0
C	Marios	16	113	6	1	44____	28073	1	0	0	0	0	0	0	1	0	0	0
C	Marios	16	113	6	1	44____	28076	1	2	1	1	0	0	0	0	0	0	0
C	Marios	16	113	6	1	44____	28079	2	0	0	0	0	0	0	1	0	0	0
C	Marios	16	113	6	1	44____	28112	2	0	0	1	0	0	0	0	0	0	0
C	Marios	16	113	6	1	44____	28117	2	0	0	0	0	0	0	1	0	0	0
C	Marios	16	113	6	1	44____	28120	2	0	0	1	0	0	0	0	0	0	0
C	Marios	16	113	6	1	44____	28125	2	0	0	0	0	0	0	1	0	0	0
C	Marios	16	113	6	1	44____	28130	2	0	0	1	0	0	0	0	0	0	0
C	Marios	16	113	6	1	44____	28133	2	0	0	0	0	0	0	1	0	0	0
C	Marios	16	113	6	1	44____	28156	2	0	0	1	0	0	0	0	0	0	0
C	Marios	16	113	6	1	44____	28163	2	0	0	0	0	0	0	1	0	0	0
C	Marios	16	113	6	1	44____	28326	2	1	0	0	0	0	0	0	0	0	0
C	Marios	16	113	6	1	44____	58583	1	3	2	0	1	0	0	0	1	0	0
C	Marios	16	113	6	1	44____	58833	3	1	0	0	0	0	0	0	0	0	0
C	Marios	16	113	6	1	44____	90000	1	4	0	0	0	0	0	0	0	0	0
C	Marios	16	113	6	1	44____	90250	4	-1	0	0	0	0	0	0	0	0	0
C	Marios	16	115	1	1	23____	0	0	1	0	0	0	0	0	0	0	0	0
C	Marios	16	115	1	1	23____	2871	1	3	2	0	1	0	0	0	0	0	0
C	Marios	16	115	1	1	23____	2875	3	0	0	0	0	0	0	0	1	0	0
C	Marios	16	115	1	1	23____	3121	3	1	0	0	0	0	0	0	0	0	0
C	Marios	16	115	1	1	23____	3409	1	0	0	0	1	0	0	0	0	0	0
C	Marios	16	115	1	1	23____	3434	1	0	0	0	0	0	0	0	1	0	0
C	Marios	16	115	1	1	23____	5369	1	2	1	1	0	0	0	0	0	0	0
C	Marios	16	115	1	1	23____	5384	2	0	0	0	0	0	0	1	0	0	0
C	Marios	16	115	1	1	23____	5619	2	1	0	0	0	0	0	0	0	0	0
C	Marios	16	115	1	1	23____	7458	1	0	0	0	1	0	0	0	0	0	0
C	Marios	16	115	1	1	23____	7481	1	0	0	0	0	0	0	0	1	0	0
C	Marios	16	115	1	1	23____	8382	1	0	0	0	1	0	0	0	0	0	0
C	Marios	16	115	1	1	23____	8430	1	0	0	0	0	0	0	0	1	0	0
C	Marios	16	115	1	1	23____	9341	1	3	2	0	1	0	0	0	0	0	0
C	Marios	16	115	1	1	23____	9367	3	0	0	0	0	0	0	0	1	0	0
C	Marios	16	115	1	1	23____	9591	3	1	0	0	0	0	0	0	0	0	0
C	Marios	16	115	1	1	23____	13371	1	0	0	0	1	0	0	0	0	0	0
C	Marios	16	115	1	1	23____	13381	1	0	0	0	0	0	0	0	1	0	0
C	Marios	16	115	1	1	23____	14660	1	2	1	1	0	0	0	0	0	0	0
C	Marios	16	115	1	1	23____	14688	2	0	0	0	0	0	0	1	0	0	0
C	Marios	16	115	1	1	23____	14910	2	1	0	0	0	0	0	0	0	0	0
C	Marios	16	115	1	1	23____	18784	1	0	0	1	0	0	0	0	0	0	0
C	Marios	16	115	1	1	23____	18791	1	0	0	0	0	0	0	1	0	0	0
C	Marios	16	115	1	1	23____	18827	1	2	1	1	0	0	0	0	0	0	0
C	Marios	16	115	1	1	23____	18836	2	0	0	0	0	0	0	1	0	0	0
C	Marios	16	115	1	1	23____	19077	2	1	0	0	0	0	0	0	0	0	0
C	Marios	16	115	1	1	23____	27550	1	0	0	1	0	0	0	0	0	0	0
C	Marios	16	115	1	1	23____	27666	1	0	0	0	0	0	0	1	0	0	0
C	Marios	16	115	1	1	23____	31730	1	0	0	1	0	0	0	0	0	0	0
C	Marios	16	115	1	1	23____	31821	1	0	0	0	0	0	0	1	0	0	0
C	Marios	16	115	1	1	23____	47857	1	0	0	0	1	0	0	0	0	0	0
C	Marios	16	115	1	1	23____	47869	1	0	0	0	0	0	0	0	1	0	0
C	Marios	16	115	1	1	23____	49714	1	2	1	1	0	0	0	0	0	0	0
C	Marios	16	115	1	1	23____	49740	2	0	0	0	0	0	0	1	0	0	0
C	Marios	16	115	1	1	23____	49964	2	1	0	0	0	0	0	0	0	0	0
C	Marios	16	115	1	1	23____	51557	1	0	0	0	1	0	0	0	0	0	0
C	Marios	16	115	1	1	23____	51596	1	0	0	0	0	0	0	0	1	0	0
C	Marios	16	115	1	1	23____	51908	1	0	0	0	1	0	0	0	0	0	0
C	Marios	16	115	1	1	23____	51997	1	0	0	0	0	0	0	0	1	0	0
C	Marios	16	115	1	1	23____	52122	1	2	1	1	0	0	0	0	0	0	0
C	Marios	16	115	1	1	23____	52146	2	0	0	0	0	0	0	1	0	0	0
C	Marios	16	115	1	1	23____	52372	2	1	0	0	0	0	0	0	0	0	0
C	Marios	16	115	1	1	23____	55310	1	2	1	1	0	0	0	0	0	0	0
C	Marios	16	115	1	1	23____	55322	2	0	0	0	0	0	0	1	0	0	0
C	Marios	16	115	1	1	23____	55560	2	1	0	0	0	0	0	0	0	0	0
C	Marios	16	115	1	1	23____	77324	1	0	0	1	0	0	0	0	0	0	0
C	Marios	16	115	1	1	23____	77339	1	0	0	0	0	0	0	1	0	0	0
C	Marios	16	115	1	1	23____	90000	1	4	0	0	0	0	0	0	0	0	0
C	Marios	16	115	1	1	23____	90250	4	-1	0	0	0	0	0	0	0	0	0
