Project	UserID	Protocol	Session	Station	Run	Subject	Time	Current State	Transition State	Transition Event	A1 - LLR	A2 - RLR	A3 - MAG	A4 - 	A[1] LLR_OFF	A[2] RLR_OFF	A[3] MAG_OFF	A[4] 
C	Marios	17	81	9	1	18____	0	0	1	0	0	0	0	0	0	0	0	0
C	Marios	17	81	9	1	18____	17828	1	0	0	1	0	0	0	0	0	0	0
C	Marios	17	81	9	1	18____	17831	1	0	0	0	0	0	0	1	0	0	0
C	Marios	17	81	9	1	18____	22272	1	2	2	0	1	0	0	0	0	0	0
C	Marios	17	81	9	1	18____	22301	2	0	0	0	0	0	0	0	1	0	0
C	Marios	17	81	9	1	18____	22522	2	1	0	0	0	0	0	0	0	0	0
C	Marios	17	81	9	1	18____	23905	1	2	2	0	1	0	0	0	1	0	0
C	Marios	17	81	9	1	18____	24155	2	1	0	0	0	0	0	0	0	0	0
C	Marios	17	81	9	1	18____	29451	1	0	0	1	0	0	0	0	0	0	0
C	Marios	17	81	9	1	18____	29453	1	0	0	0	0	0	0	1	0	0	0
C	Marios	17	81	9	1	18____	90000	1	4	0	0	0	0	0	0	0	0	0
C	Marios	17	81	9	1	18____	90250	4	-1	0	0	0	0	0	0	0	0	0
C	Marios	17	81	10	1	20____	0	0	1	0	0	0	0	0	0	0	0	0
C	Marios	17	81	10	1	20____	1499	1	0	0	1	0	0	0	0	0	0	0
C	Marios	17	81	10	1	20____	1628	1	0	0	0	0	0	0	1	0	0	0
C	Marios	17	81	10	1	20____	1679	1	0	0	1	0	0	0	0	0	0	0
C	Marios	17	81	10	1	20____	1687	1	0	0	0	0	0	0	1	0	0	0
C	Marios	17	81	10	1	20____	1900	1	3	1	1	0	0	0	0	0	0	0
C	Marios	17	81	10	1	20____	1905	3	0	0	0	0	0	0	1	0	0	0
C	Marios	17	81	10	1	20____	2150	3	1	0	0	0	0	0	0	0	0	0
C	Marios	17	81	10	1	20____	2607	1	0	0	1	0	0	0	0	0	0	0
C	Marios	17	81	10	1	20____	2677	1	0	0	0	0	0	0	1	0	0	0
C	Marios	17	81	10	1	20____	3940	1	0	0	1	0	0	0	0	0	0	0
C	Marios	17	81	10	1	20____	3960	1	0	0	0	0	0	0	1	0	0	0
C	Marios	17	81	10	1	20____	24924	1	3	1	1	0	0	0	0	0	0	0
C	Marios	17	81	10	1	20____	24927	3	0	0	0	0	0	0	1	0	0	0
C	Marios	17	81	10	1	20____	25174	3	1	0	0	0	0	0	0	0	0	0
C	Marios	17	81	10	1	20____	25888	1	0	0	1	0	0	0	0	0	0	0
C	Marios	17	81	10	1	20____	26061	1	0	0	0	0	0	0	1	0	0	0
C	Marios	17	81	10	1	20____	35066	1	3	1	1	0	0	0	0	0	0	0
C	Marios	17	81	10	1	20____	35070	3	0	0	0	0	0	0	1	0	0	0
C	Marios	17	81	10	1	20____	35316	3	1	0	0	0	0	0	0	0	0	0
C	Marios	17	81	10	1	20____	35364	1	0	0	1	0	0	0	0	0	0	0
C	Marios	17	81	10	1	20____	35367	1	0	0	0	0	0	0	1	0	0	0
C	Marios	17	81	10	1	20____	41377	1	3	1	1	0	0	0	0	0	0	0
C	Marios	17	81	10	1	20____	41387	3	0	0	0	0	0	0	1	0	0	0
C	Marios	17	81	10	1	20____	41627	3	1	0	0	0	0	0	0	0	0	0
C	Marios	17	81	10	1	20____	42704	1	0	0	1	0	0	0	0	0	0	0
C	Marios	17	81	10	1	20____	42706	1	0	0	0	0	0	0	1	0	0	0
C	Marios	17	81	10	1	20____	42712	1	3	1	1	0	0	0	0	0	0	0
C	Marios	17	81	10	1	20____	42716	3	0	0	0	0	0	0	1	0	0	0
C	Marios	17	81	10	1	20____	42962	3	1	0	0	0	0	0	0	0	0	0
C	Marios	17	81	10	1	20____	50875	1	0	0	1	0	0	0	0	0	0	0
C	Marios	17	81	10	1	20____	50887	1	0	0	0	0	0	0	1	0	0	0
C	Marios	17	81	10	1	20____	51223	1	0	0	1	0	0	0	0	0	0	0
C	Marios	17	81	10	1	20____	51283	1	0	0	0	0	0	0	1	0	0	0
C	Marios	17	81	10	1	20____	52880	1	2	2	0	1	0	0	0	0	0	0
C	Marios	17	81	10	1	20____	52918	2	0	0	0	0	0	0	0	1	0	0
C	Marios	17	81	10	1	20____	53130	2	1	0	0	0	0	0	0	0	0	0
C	Marios	17	81	10	1	20____	67251	1	0	0	1	0	0	0	0	0	0	0
C	Marios	17	81	10	1	20____	67334	1	0	0	0	0	0	0	1	0	0	0
C	Marios	17	81	10	1	20____	68118	1	0	0	1	0	0	0	0	0	0	0
C	Marios	17	81	10	1	20____	68124	1	0	0	0	0	0	0	1	0	0	0
C	Marios	17	81	10	1	20____	68477	1	3	1	1	0	0	0	0	0	0	0
C	Marios	17	81	10	1	20____	68517	3	0	0	0	0	0	0	1	0	0	0
C	Marios	17	81	10	1	20____	68727	3	1	0	0	0	0	0	0	0	0	0
C	Marios	17	81	10	1	20____	77940	1	3	1	1	0	0	0	0	0	0	0
C	Marios	17	81	10	1	20____	77965	3	0	0	0	0	0	0	1	0	0	0
C	Marios	17	81	10	1	20____	78190	3	1	0	0	0	0	0	0	0	0	0
C	Marios	17	81	10	1	20____	78439	1	0	0	1	0	0	0	0	0	0	0
C	Marios	17	81	10	1	20____	78545	1	0	0	0	0	0	0	1	0	0	0
C	Marios	17	81	10	1	20____	78601	1	3	1	1	0	0	0	0	0	0	0
C	Marios	17	81	10	1	20____	78635	3	0	0	0	0	0	0	1	0	0	0
C	Marios	17	81	10	1	20____	78851	3	1	0	0	0	0	0	0	0	0	0
C	Marios	17	81	10	1	20____	90000	1	4	0	0	0	0	0	0	0	0	0
C	Marios	17	81	10	1	20____	90250	4	-1	0	0	0	0	0	0	0	0	0
C	Marios	17	81	12	1	22____	0	0	1	0	0	0	0	0	0	0	0	0
C	Marios	17	81	12	1	22____	1433	1	0	0	1	0	0	0	0	0	0	0
C	Marios	17	81	12	1	22____	1471	1	0	0	0	0	0	0	1	0	0	0
C	Marios	17	81	12	1	22____	2759	1	2	2	0	1	0	0	0	0	0	0
C	Marios	17	81	12	1	22____	2812	2	0	0	0	0	0	0	0	1	0	0
C	Marios	17	81	12	1	22____	2889	2	0	0	0	1	0	0	0	0	0	0
C	Marios	17	81	12	1	22____	2957	2	0	0	0	0	0	0	0	1	0	0
C	Marios	17	81	12	1	22____	3009	2	1	0	0	0	0	0	0	0	0	0
C	Marios	17	81	12	1	22____	13799	1	0	0	0	1	0	0	0	0	0	0
C	Marios	17	81	12	1	22____	13818	1	0	0	0	0	0	0	0	1	0	0
C	Marios	17	81	12	1	22____	13898	1	2	2	0	1	0	0	0	0	0	0
C	Marios	17	81	12	1	22____	13979	2	0	0	0	0	0	0	0	1	0	0
C	Marios	17	81	12	1	22____	14012	2	0	0	0	1	0	0	0	0	0	0
C	Marios	17	81	12	1	22____	14015	2	0	0	0	0	0	0	0	1	0	0
C	Marios	17	81	12	1	22____	14148	2	1	0	0	0	0	0	0	0	0	0
C	Marios	17	81	12	1	22____	14932	1	2	2	0	1	0	0	0	0	0	0
C	Marios	17	81	12	1	22____	15004	2	0	0	0	0	0	0	0	1	0	0
C	Marios	17	81	12	1	22____	15182	2	1	0	0	0	0	0	0	0	0	0
C	Marios	17	81	12	1	22____	15408	1	0	0	0	1	0	0	0	0	0	0
C	Marios	17	81	12	1	22____	15425	1	0	0	0	0	0	0	0	1	0	0
C	Marios	17	81	12	1	22____	15436	1	2	2	0	1	0	0	0	0	0	0
C	Marios	17	81	12	1	22____	15483	2	0	0	0	0	0	0	0	1	0	0
C	Marios	17	81	12	1	22____	15517	2	0	0	0	1	0	0	0	0	0	0
C	Marios	17	81	12	1	22____	15520	2	0	0	0	0	0	0	0	1	0	0
C	Marios	17	81	12	1	22____	15686	2	1	0	0	0	0	0	0	0	0	0
C	Marios	17	81	12	1	22____	15692	1	0	0	1	0	0	0	0	0	0	0
C	Marios	17	81	12	1	22____	15700	1	0	0	0	0	0	0	1	0	0	0
C	Marios	17	81	12	1	22____	16161	1	0	0	0	1	0	0	0	0	0	0
C	Marios	17	81	12	1	22____	16184	1	0	0	0	0	0	0	0	1	0	0
C	Marios	17	81	12	1	22____	17180	1	0	0	1	0	0	0	0	0	0	0
C	Marios	17	81	12	1	22____	17197	1	0	0	0	0	0	0	1	0	0	0
C	Marios	17	81	12	1	22____	17562	1	2	2	0	1	0	0	0	0	0	0
C	Marios	17	81	12	1	22____	17637	2	0	0	0	0	0	0	0	1	0	0
C	Marios	17	81	12	1	22____	17812	2	1	0	0	0	0	0	0	0	0	0
C	Marios	17	81	12	1	22____	20618	1	0	0	0	1	0	0	0	0	0	0
C	Marios	17	81	12	1	22____	20626	1	0	0	0	0	0	0	0	1	0	0
C	Marios	17	81	12	1	22____	23187	1	0	0	0	1	0	0	0	0	0	0
C	Marios	17	81	12	1	22____	23210	1	0	0	0	0	0	0	0	1	0	0
C	Marios	17	81	12	1	22____	25037	1	2	2	0	1	0	0	0	0	0	0
C	Marios	17	81	12	1	22____	25102	2	0	0	0	0	0	0	0	1	0	0
C	Marios	17	81	12	1	22____	25287	2	1	0	0	0	0	0	0	0	0	0
C	Marios	17	81	12	1	22____	25487	1	0	0	0	1	0	0	0	0	0	0
C	Marios	17	81	12	1	22____	25499	1	0	0	0	0	0	0	0	1	0	0
C	Marios	17	81	12	1	22____	25500	1	2	2	0	1	0	0	0	0	0	0
C	Marios	17	81	12	1	22____	25583	2	0	0	0	0	0	0	0	1	0	0
C	Marios	17	81	12	1	22____	25613	2	0	0	0	1	0	0	0	0	0	0
C	Marios	17	81	12	1	22____	25650	2	0	0	0	0	0	0	0	1	0	0
C	Marios	17	81	12	1	22____	25750	2	1	0	0	0	0	0	0	0	0	0
C	Marios	17	81	12	1	22____	26029	1	0	0	0	1	0	0	0	0	0	0
C	Marios	17	81	12	1	22____	26045	1	0	0	0	0	0	0	0	1	0	0
C	Marios	17	81	12	1	22____	26046	1	0	0	0	1	0	0	0	0	0	0
C	Marios	17	81	12	1	22____	26050	1	0	0	0	0	0	0	0	1	0	0
C	Marios	17	81	12	1	22____	28360	1	2	2	0	1	0	0	0	0	0	0
C	Marios	17	81	12	1	22____	28376	2	0	0	0	0	0	0	0	1	0	0
C	Marios	17	81	12	1	22____	28384	2	0	0	0	1	0	0	0	0	0	0
C	Marios	17	81	12	1	22____	28400	2	0	0	0	0	0	0	0	1	0	0
C	Marios	17	81	12	1	22____	28610	2	1	0	0	0	0	0	0	0	0	0
C	Marios	17	81	12	1	22____	29904	1	0	0	0	1	0	0	0	0	0	0
C	Marios	17	81	12	1	22____	29910	1	0	0	0	0	0	0	0	1	0	0
C	Marios	17	81	12	1	22____	29922	1	2	2	0	1	0	0	0	0	0	0
C	Marios	17	81	12	1	22____	29925	2	0	0	0	0	0	0	0	1	0	0
C	Marios	17	81	12	1	22____	30172	2	1	0	0	0	0	0	0	0	0	0
C	Marios	17	81	12	1	22____	30791	1	0	0	0	1	0	0	0	0	0	0
C	Marios	17	81	12	1	22____	30854	1	0	0	0	0	0	0	0	1	0	0
C	Marios	17	81	12	1	22____	63786	1	2	2	0	1	0	0	0	0	0	0
C	Marios	17	81	12	1	22____	63857	2	0	0	0	0	0	0	0	1	0	0
C	Marios	17	81	12	1	22____	64036	2	1	0	0	0	0	0	0	0	0	0
C	Marios	17	81	12	1	22____	64052	1	0	0	0	1	0	0	0	0	0	0
C	Marios	17	81	12	1	22____	64061	1	0	0	0	0	0	0	0	1	0	0
C	Marios	17	81	12	1	22____	67722	1	0	0	0	1	0	0	0	0	0	0
C	Marios	17	81	12	1	22____	67759	1	0	0	0	0	0	0	0	1	0	0
C	Marios	17	81	12	1	22____	86556	1	0	0	1	0	0	0	0	0	0	0
C	Marios	17	81	12	1	22____	86561	1	0	0	0	0	0	0	1	0	0	0
C	Marios	17	81	12	1	22____	90000	1	4	0	0	0	0	0	0	0	0	0
C	Marios	17	81	12	1	22____	90250	4	-1	0	0	0	0	0	0	0	0	0
C	Marios	17	81	13	1	43____	0	0	1	0	0	0	0	0	0	0	0	0
C	Marios	17	81	13	1	43____	1160	1	2	2	0	1	0	0	0	0	0	0
C	Marios	17	81	13	1	43____	1161	2	0	0	0	0	0	0	0	1	0	0
C	Marios	17	81	13	1	43____	1209	2	0	0	0	1	0	0	0	0	0	0
C	Marios	17	81	13	1	43____	1212	2	0	0	0	0	0	0	0	1	0	0
C	Marios	17	81	13	1	43____	1216	2	0	0	0	1	0	0	0	0	0	0
C	Marios	17	81	13	1	43____	1221	2	0	0	0	0	0	0	0	1	0	0
C	Marios	17	81	13	1	43____	1223	2	0	0	0	1	0	0	0	0	0	0
C	Marios	17	81	13	1	43____	1229	2	0	0	0	0	0	0	0	1	0	0
C	Marios	17	81	13	1	43____	1233	2	0	0	0	1	0	0	0	0	0	0
C	Marios	17	81	13	1	43____	1237	2	0	0	0	0	0	0	0	1	0	0
C	Marios	17	81	13	1	43____	1240	2	0	0	0	1	0	0	0	0	0	0
C	Marios	17	81	13	1	43____	1244	2	0	0	0	0	0	0	0	1	0	0
C	Marios	17	81	13	1	43____	1247	2	0	0	0	1	0	0	0	0	0	0
C	Marios	17	81	13	1	43____	1250	2	0	0	0	0	0	0	0	1	0	0
C	Marios	17	81	13	1	43____	1410	2	1	0	0	0	0	0	0	0	0	0
C	Marios	17	81	13	1	43____	1417	1	2	2	0	1	0	0	0	0	0	0
C	Marios	17	81	13	1	43____	1420	2	0	0	0	0	0	0	0	1	0	0
C	Marios	17	81	13	1	43____	1423	2	0	0	0	1	0	0	0	0	0	0
C	Marios	17	81	13	1	43____	1426	2	0	0	0	0	0	0	0	1	0	0
C	Marios	17	81	13	1	43____	1432	2	0	0	0	1	0	0	0	0	0	0
C	Marios	17	81	13	1	43____	1433	2	0	0	0	0	0	0	0	1	0	0
C	Marios	17	81	13	1	43____	1438	2	0	0	0	1	0	0	0	0	0	0
C	Marios	17	81	13	1	43____	1440	2	0	0	0	0	0	0	0	1	0	0
C	Marios	17	81	13	1	43____	1443	2	0	0	0	1	0	0	0	0	0	0
C	Marios	17	81	13	1	43____	1458	2	0	0	0	0	0	0	0	1	0	0
C	Marios	17	81	13	1	43____	1459	2	0	0	0	1	0	0	0	0	0	0
C	Marios	17	81	13	1	43____	1463	2	0	0	0	0	0	0	0	1	0	0
C	Marios	17	81	13	1	43____	1667	2	1	0	0	0	0	0	0	0	0	0
C	Marios	17	81	13	1	43____	1753	1	0	0	0	1	0	0	0	0	0	0
C	Marios	17	81	13	1	43____	1755	1	0	0	0	0	0	0	0	1	0	0
C	Marios	17	81	13	1	43____	1764	1	0	0	0	1	0	0	0	0	0	0
C	Marios	17	81	13	1	43____	1767	1	0	0	0	0	0	0	0	1	0	0
C	Marios	17	81	13	1	43____	1770	1	2	2	0	1	0	0	0	0	0	0
C	Marios	17	81	13	1	43____	1772	2	0	0	0	0	0	0	0	1	0	0
C	Marios	17	81	13	1	43____	1776	2	0	0	0	1	0	0	0	0	0	0
C	Marios	17	81	13	1	43____	1779	2	0	0	0	0	0	0	0	1	0	0
C	Marios	17	81	13	1	43____	1782	2	0	0	0	1	0	0	0	0	0	0
C	Marios	17	81	13	1	43____	1786	2	0	0	0	0	0	0	0	1	0	0
C	Marios	17	81	13	1	43____	1790	2	0	0	0	1	0	0	0	0	0	0
C	Marios	17	81	13	1	43____	1792	2	0	0	0	0	0	0	0	1	0	0
C	Marios	17	81	13	1	43____	2020	2	1	0	0	0	0	0	0	0	0	0
C	Marios	17	81	13	1	43____	2526	1	0	0	0	1	0	0	0	0	0	0
C	Marios	17	81	13	1	43____	2527	1	0	0	0	0	0	0	0	1	0	0
C	Marios	17	81	13	1	43____	2564	1	0	0	0	1	0	0	0	0	0	0
C	Marios	17	81	13	1	43____	2566	1	0	0	0	0	0	0	0	1	0	0
C	Marios	17	81	13	1	43____	2585	1	2	2	0	1	0	0	0	0	0	0
C	Marios	17	81	13	1	43____	2610	2	0	0	0	0	0	0	0	1	0	0
C	Marios	17	81	13	1	43____	2614	2	0	0	0	1	0	0	0	0	0	0
C	Marios	17	81	13	1	43____	2636	2	0	0	0	0	0	0	0	1	0	0
C	Marios	17	81	13	1	43____	2759	2	0	0	0	1	0	0	0	0	0	0
C	Marios	17	81	13	1	43____	2763	2	0	0	0	0	0	0	0	1	0	0
C	Marios	17	81	13	1	43____	2765	2	0	0	0	1	0	0	0	0	0	0
C	Marios	17	81	13	1	43____	2770	2	0	0	0	0	0	0	0	1	0	0
C	Marios	17	81	13	1	43____	2772	2	0	0	0	1	0	0	0	0	0	0
C	Marios	17	81	13	1	43____	2778	2	0	0	0	0	0	0	0	1	0	0
C	Marios	17	81	13	1	43____	2782	2	0	0	0	1	0	0	0	0	0	0
C	Marios	17	81	13	1	43____	2807	2	0	0	0	0	0	0	0	1	0	0
C	Marios	17	81	13	1	43____	2835	2	1	0	0	0	0	0	0	0	0	0
C	Marios	17	81	13	1	43____	2948	1	0	0	1	0	0	0	1	0	0	0
C	Marios	17	81	13	1	43____	3133	1	0	0	1	0	0	0	0	0	0	0
C	Marios	17	81	13	1	43____	3135	1	0	0	0	0	0	0	1	0	0	0
C	Marios	17	81	13	1	43____	3683	1	2	2	0	1	0	0	0	0	0	0
C	Marios	17	81	13	1	43____	3693	2	0	0	0	0	0	0	0	1	0	0
C	Marios	17	81	13	1	43____	3933	2	1	0	0	0	0	0	0	0	0	0
C	Marios	17	81	13	1	43____	4908	1	0	0	1	0	0	0	0	0	0	0
C	Marios	17	81	13	1	43____	4916	1	0	0	0	0	0	0	1	0	0	0
C	Marios	17	81	13	1	43____	5097	1	0	0	1	0	0	0	0	0	0	0
C	Marios	17	81	13	1	43____	5135	1	0	0	0	0	0	0	1	0	0	0
C	Marios	17	81	13	1	43____	5138	1	3	1	1	0	0	0	0	0	0	0
C	Marios	17	81	13	1	43____	5144	3	0	0	0	0	0	0	1	0	0	0
C	Marios	17	81	13	1	43____	5146	3	0	0	1	0	0	0	0	0	0	0
C	Marios	17	81	13	1	43____	5149	3	0	0	0	0	0	0	1	0	0	0
C	Marios	17	81	13	1	43____	5176	3	0	0	1	0	0	0	0	0	0	0
C	Marios	17	81	13	1	43____	5180	3	0	0	0	0	0	0	1	0	0	0
C	Marios	17	81	13	1	43____	5183	3	0	0	1	0	0	0	0	0	0	0
C	Marios	17	81	13	1	43____	5188	3	0	0	0	0	0	0	1	0	0	0
C	Marios	17	81	13	1	43____	5193	3	0	0	1	0	0	0	0	0	0	0
C	Marios	17	81	13	1	43____	5198	3	0	0	0	0	0	0	1	0	0	0
C	Marios	17	81	13	1	43____	5203	3	0	0	1	0	0	0	0	0	0	0
C	Marios	17	81	13	1	43____	5207	3	0	0	0	0	0	0	1	0	0	0
C	Marios	17	81	13	1	43____	5211	3	0	0	1	0	0	0	0	0	0	0
C	Marios	17	81	13	1	43____	5213	3	0	0	0	0	0	0	1	0	0	0
C	Marios	17	81	13	1	43____	5388	3	1	0	0	0	0	0	0	0	0	0
C	Marios	17	81	13	1	43____	7528	1	0	0	1	0	0	0	0	0	0	0
C	Marios	17	81	13	1	43____	7530	1	0	0	0	0	0	0	1	0	0	0
C	Marios	17	81	13	1	43____	7829	1	3	1	1	0	0	0	0	0	0	0
C	Marios	17	81	13	1	43____	7833	3	0	0	0	0	0	0	1	0	0	0
C	Marios	17	81	13	1	43____	7837	3	0	0	1	0	0	0	0	0	0	0
C	Marios	17	81	13	1	43____	7841	3	0	0	0	0	0	0	1	0	0	0
C	Marios	17	81	13	1	43____	8079	3	1	0	0	0	0	0	0	0	0	0
C	Marios	17	81	13	1	43____	10128	1	2	2	0	1	0	0	0	0	0	0
C	Marios	17	81	13	1	43____	10131	2	0	0	0	0	0	0	0	1	0	0
C	Marios	17	81	13	1	43____	10135	2	0	0	0	1	0	0	0	0	0	0
C	Marios	17	81	13	1	43____	10143	2	0	0	0	0	0	0	0	1	0	0
C	Marios	17	81	13	1	43____	10189	2	0	0	0	1	0	0	0	0	0	0
C	Marios	17	81	13	1	43____	10191	2	0	0	0	0	0	0	0	1	0	0
C	Marios	17	81	13	1	43____	10194	2	0	0	0	1	0	0	0	0	0	0
C	Marios	17	81	13	1	43____	10242	2	0	0	0	0	0	0	0	1	0	0
C	Marios	17	81	13	1	43____	10378	2	1	0	0	0	0	0	0	0	0	0
C	Marios	17	81	13	1	43____	10612	1	2	2	0	1	0	0	0	0	0	0
C	Marios	17	81	13	1	43____	10619	2	0	0	0	0	0	0	0	1	0	0
C	Marios	17	81	13	1	43____	10636	2	0	0	0	1	0	0	0	0	0	0
C	Marios	17	81	13	1	43____	10639	2	0	0	0	0	0	0	0	1	0	0
C	Marios	17	81	13	1	43____	10643	2	0	0	0	1	0	0	0	0	0	0
C	Marios	17	81	13	1	43____	10644	2	0	0	0	0	0	0	0	1	0	0
C	Marios	17	81	13	1	43____	10648	2	0	0	0	1	0	0	0	0	0	0
C	Marios	17	81	13	1	43____	10654	2	0	0	0	0	0	0	0	1	0	0
C	Marios	17	81	13	1	43____	10862	2	1	0	0	0	0	0	0	0	0	0
C	Marios	17	81	13	1	43____	11510	1	0	0	1	0	0	0	0	0	0	0
C	Marios	17	81	13	1	43____	11512	1	0	0	0	0	0	0	1	0	0	0
C	Marios	17	81	13	1	43____	11552	1	3	1	1	0	0	0	0	0	0	0
C	Marios	17	81	13	1	43____	11553	3	0	0	0	0	0	0	1	0	0	0
C	Marios	17	81	13	1	43____	11566	3	0	0	1	0	0	0	0	0	0	0
C	Marios	17	81	13	1	43____	11597	3	0	0	0	0	0	0	1	0	0	0
C	Marios	17	81	13	1	43____	11599	3	0	0	1	0	0	0	0	0	0	0
C	Marios	17	81	13	1	43____	11610	3	0	0	0	0	0	0	1	0	0	0
C	Marios	17	81	13	1	43____	11654	3	0	0	1	0	0	0	0	0	0	0
C	Marios	17	81	13	1	43____	11668	3	0	0	0	0	0	0	1	0	0	0
C	Marios	17	81	13	1	43____	11675	3	0	0	1	0	0	0	0	0	0	0
C	Marios	17	81	13	1	43____	11686	3	0	0	0	0	0	0	1	0	0	0
C	Marios	17	81	13	1	43____	11802	3	1	0	0	0	0	0	0	0	0	0
C	Marios	17	81	13	1	43____	11915	1	0	0	0	1	0	0	0	0	0	0
C	Marios	17	81	13	1	43____	11925	1	0	0	0	0	0	0	0	1	0	0
C	Marios	17	81	13	1	43____	11937	1	0	0	0	1	0	0	0	0	0	0
C	Marios	17	81	13	1	43____	11957	1	0	0	0	0	0	0	0	1	0	0
C	Marios	17	81	13	1	43____	11961	1	2	2	0	1	0	0	0	0	0	0
C	Marios	17	81	13	1	43____	11963	2	0	0	0	0	0	0	0	1	0	0
C	Marios	17	81	13	1	43____	11989	2	0	0	0	1	0	0	0	0	0	0
C	Marios	17	81	13	1	43____	11993	2	0	0	0	0	0	0	0	1	0	0
C	Marios	17	81	13	1	43____	11995	2	0	0	0	1	0	0	0	0	0	0
C	Marios	17	81	13	1	43____	12006	2	0	0	0	0	0	0	0	1	0	0
C	Marios	17	81	13	1	43____	12211	2	1	0	0	0	0	0	0	0	0	0
C	Marios	17	81	13	1	43____	13053	1	2	2	0	1	0	0	0	0	0	0
C	Marios	17	81	13	1	43____	13055	2	0	0	0	0	0	0	0	1	0	0
C	Marios	17	81	13	1	43____	13067	2	0	0	0	1	0	0	0	0	0	0
C	Marios	17	81	13	1	43____	13069	2	0	0	0	0	0	0	0	1	0	0
C	Marios	17	81	13	1	43____	13072	2	0	0	0	1	0	0	0	0	0	0
C	Marios	17	81	13	1	43____	13076	2	0	0	0	0	0	0	0	1	0	0
C	Marios	17	81	13	1	43____	13303	2	1	0	0	0	0	0	0	0	0	0
C	Marios	17	81	13	1	43____	17616	1	0	0	0	1	0	0	0	0	0	0
C	Marios	17	81	13	1	43____	17620	1	0	0	0	0	0	0	0	1	0	0
C	Marios	17	81	13	1	43____	17626	1	2	2	0	1	0	0	0	0	0	0
C	Marios	17	81	13	1	43____	17628	2	0	0	0	0	0	0	0	1	0	0
C	Marios	17	81	13	1	43____	17649	2	0	0	0	1	0	0	0	0	0	0
C	Marios	17	81	13	1	43____	17652	2	0	0	0	0	0	0	0	1	0	0
C	Marios	17	81	13	1	43____	17654	2	0	0	0	1	0	0	0	0	0	0
C	Marios	17	81	13	1	43____	17657	2	0	0	0	0	0	0	0	1	0	0
C	Marios	17	81	13	1	43____	17660	2	0	0	0	1	0	0	0	0	0	0
C	Marios	17	81	13	1	43____	17671	2	0	0	0	0	0	0	0	1	0	0
C	Marios	17	81	13	1	43____	17673	2	0	0	0	1	0	0	0	0	0	0
C	Marios	17	81	13	1	43____	17675	2	0	0	0	0	0	0	0	1	0	0
C	Marios	17	81	13	1	43____	17679	2	0	0	0	1	0	0	0	0	0	0
C	Marios	17	81	13	1	43____	17691	2	0	0	0	0	0	0	0	1	0	0
C	Marios	17	81	13	1	43____	17692	2	0	0	0	1	0	0	0	0	0	0
C	Marios	17	81	13	1	43____	17769	2	0	0	0	0	0	0	0	1	0	0
C	Marios	17	81	13	1	43____	17845	2	0	0	0	1	0	0	0	0	0	0
C	Marios	17	81	13	1	43____	17848	2	0	0	0	0	0	0	0	1	0	0
C	Marios	17	81	13	1	43____	17876	2	1	0	0	0	0	0	0	0	0	0
C	Marios	17	81	13	1	43____	17908	1	0	0	0	1	0	0	0	0	0	0
C	Marios	17	81	13	1	43____	17913	1	0	0	0	0	0	0	0	1	0	0
C	Marios	17	81	13	1	43____	17916	1	0	0	0	1	0	0	0	0	0	0
C	Marios	17	81	13	1	43____	17921	1	0	0	0	0	0	0	0	1	0	0
C	Marios	17	81	13	1	43____	17924	1	2	2	0	1	0	0	0	0	0	0
C	Marios	17	81	13	1	43____	17930	2	0	0	0	0	0	0	0	1	0	0
C	Marios	17	81	13	1	43____	17935	2	0	0	0	1	0	0	0	0	0	0
C	Marios	17	81	13	1	43____	17941	2	0	0	0	0	0	0	0	1	0	0
C	Marios	17	81	13	1	43____	17947	2	0	0	0	1	0	0	0	0	0	0
C	Marios	17	81	13	1	43____	17950	2	0	0	0	0	0	0	0	1	0	0
C	Marios	17	81	13	1	43____	17956	2	0	0	0	1	0	0	0	0	0	0
C	Marios	17	81	13	1	43____	17959	2	0	0	0	0	0	0	0	1	0	0
C	Marios	17	81	13	1	43____	17962	2	0	0	0	1	0	0	0	0	0	0
C	Marios	17	81	13	1	43____	17966	2	0	0	0	0	0	0	0	1	0	0
C	Marios	17	81	13	1	43____	17969	2	0	0	0	1	0	0	0	0	0	0
C	Marios	17	81	13	1	43____	17973	2	0	0	0	0	0	0	0	1	0	0
C	Marios	17	81	13	1	43____	18174	2	1	0	0	0	0	0	0	0	0	0
C	Marios	17	81	13	1	43____	18442	1	2	2	0	1	0	0	0	0	0	0
C	Marios	17	81	13	1	43____	18476	2	0	0	0	0	0	0	0	1	0	0
C	Marios	17	81	13	1	43____	18692	2	1	0	0	0	0	0	0	0	0	0
C	Marios	17	81	13	1	43____	19314	1	0	0	0	1	0	0	0	0	0	0
C	Marios	17	81	13	1	43____	19317	1	0	0	0	0	0	0	0	1	0	0
C	Marios	17	81	13	1	43____	19346	1	2	2	0	1	0	0	0	0	0	0
C	Marios	17	81	13	1	43____	19401	2	0	0	0	0	0	0	0	1	0	0
C	Marios	17	81	13	1	43____	19596	2	1	0	0	0	0	0	0	0	0	0
C	Marios	17	81	13	1	43____	20327	1	3	1	1	0	0	0	0	0	0	0
C	Marios	17	81	13	1	43____	20338	3	0	0	0	0	0	0	1	0	0	0
C	Marios	17	81	13	1	43____	20462	3	0	0	1	0	0	0	0	0	0	0
C	Marios	17	81	13	1	43____	20463	3	0	0	0	0	0	0	1	0	0	0
C	Marios	17	81	13	1	43____	20577	3	1	0	0	0	0	0	0	0	0	0
C	Marios	17	81	13	1	43____	25806	1	2	2	0	1	0	0	0	0	0	0
C	Marios	17	81	13	1	43____	25809	2	0	0	0	0	0	0	0	1	0	0
C	Marios	17	81	13	1	43____	26056	2	1	0	0	0	0	0	0	0	0	0
C	Marios	17	81	13	1	43____	29766	1	0	0	1	0	0	0	0	0	0	0
C	Marios	17	81	13	1	43____	29853	1	0	0	0	0	0	0	1	0	0	0
C	Marios	17	81	13	1	43____	30224	1	0	0	0	1	0	0	0	0	0	0
C	Marios	17	81	13	1	43____	30262	1	0	0	0	0	0	0	0	1	0	0
C	Marios	17	81	13	1	43____	30306	1	0	0	0	1	0	0	0	0	0	0
C	Marios	17	81	13	1	43____	30314	1	0	0	0	0	0	0	0	1	0	0
C	Marios	17	81	13	1	43____	30329	1	2	2	0	1	0	0	0	0	0	0
C	Marios	17	81	13	1	43____	30337	2	0	0	0	0	0	0	0	1	0	0
C	Marios	17	81	13	1	43____	30386	2	0	0	0	1	0	0	0	0	0	0
C	Marios	17	81	13	1	43____	30392	2	0	0	0	0	0	0	0	1	0	0
C	Marios	17	81	13	1	43____	30421	2	0	0	0	1	0	0	0	0	0	0
C	Marios	17	81	13	1	43____	30440	2	0	0	0	0	0	0	0	1	0	0
C	Marios	17	81	13	1	43____	30468	2	0	0	0	1	0	0	0	0	0	0
C	Marios	17	81	13	1	43____	30498	2	0	0	0	0	0	0	0	1	0	0
C	Marios	17	81	13	1	43____	30508	2	0	0	0	1	0	0	0	0	0	0
C	Marios	17	81	13	1	43____	30512	2	0	0	0	0	0	0	0	1	0	0
C	Marios	17	81	13	1	43____	30514	2	0	0	0	1	0	0	0	0	0	0
C	Marios	17	81	13	1	43____	30576	2	0	0	0	0	0	0	0	1	0	0
C	Marios	17	81	13	1	43____	30579	2	1	0	0	0	0	0	0	0	0	0
C	Marios	17	81	13	1	43____	30623	1	2	2	0	1	0	0	0	0	0	0
C	Marios	17	81	13	1	43____	30728	2	0	0	0	0	0	0	0	1	0	0
C	Marios	17	81	13	1	43____	30732	2	0	0	0	1	0	0	0	0	0	0
C	Marios	17	81	13	1	43____	30762	2	0	0	0	0	0	0	0	1	0	0
C	Marios	17	81	13	1	43____	30829	2	0	0	0	1	0	0	0	0	0	0
C	Marios	17	81	13	1	43____	30833	2	0	0	0	0	0	0	0	1	0	0
C	Marios	17	81	13	1	43____	30873	2	1	0	0	0	0	0	0	0	0	0
C	Marios	17	81	13	1	43____	30964	1	0	0	0	1	0	0	0	0	0	0
C	Marios	17	81	13	1	43____	30967	1	0	0	0	0	0	0	0	1	0	0
C	Marios	17	81	13	1	43____	31392	1	0	0	0	1	0	0	0	0	0	0
C	Marios	17	81	13	1	43____	31413	1	0	0	0	0	0	0	0	1	0	0
C	Marios	17	81	13	1	43____	31495	1	2	2	0	1	0	0	0	0	0	0
C	Marios	17	81	13	1	43____	31498	2	0	0	0	0	0	0	0	1	0	0
C	Marios	17	81	13	1	43____	31520	2	0	0	0	1	0	0	0	0	0	0
C	Marios	17	81	13	1	43____	31525	2	0	0	0	0	0	0	0	1	0	0
C	Marios	17	81	13	1	43____	31721	2	0	0	0	1	0	0	0	0	0	0
C	Marios	17	81	13	1	43____	31724	2	0	0	0	0	0	0	0	1	0	0
C	Marios	17	81	13	1	43____	31745	2	1	0	0	0	0	0	0	0	0	0
C	Marios	17	81	13	1	43____	31881	1	0	0	0	1	0	0	0	0	0	0
C	Marios	17	81	13	1	43____	31883	1	0	0	0	0	0	0	0	1	0	0
C	Marios	17	81	13	1	43____	31888	1	0	0	0	1	0	0	0	0	0	0
C	Marios	17	81	13	1	43____	31891	1	0	0	0	0	0	0	0	1	0	0
C	Marios	17	81	13	1	43____	31897	1	2	2	0	1	0	0	0	0	0	0
C	Marios	17	81	13	1	43____	31900	2	0	0	0	0	0	0	0	1	0	0
C	Marios	17	81	13	1	43____	32147	2	1	0	0	0	0	0	0	0	0	0
C	Marios	17	81	13	1	43____	32245	1	2	2	0	1	0	0	0	0	0	0
C	Marios	17	81	13	1	43____	32247	2	0	0	0	0	0	0	0	1	0	0
C	Marios	17	81	13	1	43____	32495	2	1	0	0	0	0	0	0	0	0	0
C	Marios	17	81	13	1	43____	33640	1	0	0	0	1	0	0	0	0	0	0
C	Marios	17	81	13	1	43____	33645	1	0	0	0	0	0	0	0	1	0	0
C	Marios	17	81	13	1	43____	33646	1	2	2	0	1	0	0	0	0	0	0
C	Marios	17	81	13	1	43____	33652	2	0	0	0	0	0	0	0	1	0	0
C	Marios	17	81	13	1	43____	33662	2	0	0	0	1	0	0	0	0	0	0
C	Marios	17	81	13	1	43____	33670	2	0	0	0	0	0	0	0	1	0	0
C	Marios	17	81	13	1	43____	33896	2	1	0	0	0	0	0	0	0	0	0
C	Marios	17	81	13	1	43____	33992	1	0	0	1	0	0	0	0	0	0	0
C	Marios	17	81	13	1	43____	34001	1	0	0	0	0	0	0	1	0	0	0
C	Marios	17	81	13	1	43____	35010	1	2	2	0	1	0	0	0	0	0	0
C	Marios	17	81	13	1	43____	35014	2	0	0	0	0	0	0	0	1	0	0
C	Marios	17	81	13	1	43____	35017	2	0	0	0	1	0	0	0	0	0	0
C	Marios	17	81	13	1	43____	35033	2	0	0	0	0	0	0	0	1	0	0
C	Marios	17	81	13	1	43____	35260	2	1	0	0	0	0	0	0	0	0	0
C	Marios	17	81	13	1	43____	35394	1	0	0	1	0	0	0	0	0	0	0
C	Marios	17	81	13	1	43____	35407	1	0	0	0	0	0	0	1	0	0	0
C	Marios	17	81	13	1	43____	35411	1	3	1	1	0	0	0	0	0	0	0
C	Marios	17	81	13	1	43____	35425	3	0	0	0	0	0	0	1	0	0	0
C	Marios	17	81	13	1	43____	35434	3	0	0	1	0	0	0	0	0	0	0
C	Marios	17	81	13	1	43____	35438	3	0	0	0	0	0	0	1	0	0	0
C	Marios	17	81	13	1	43____	35441	3	0	0	1	0	0	0	0	0	0	0
C	Marios	17	81	13	1	43____	35446	3	0	0	0	0	0	0	1	0	0	0
C	Marios	17	81	13	1	43____	35561	3	0	0	1	0	0	0	0	0	0	0
C	Marios	17	81	13	1	43____	35577	3	0	0	0	0	0	0	1	0	0	0
C	Marios	17	81	13	1	43____	35581	3	0	0	1	0	0	0	0	0	0	0
C	Marios	17	81	13	1	43____	35614	3	0	0	0	0	0	0	1	0	0	0
C	Marios	17	81	13	1	43____	35661	3	1	0	0	0	0	0	0	0	0	0
C	Marios	17	81	13	1	43____	36105	1	0	0	1	0	0	0	0	0	0	0
C	Marios	17	81	13	1	43____	36161	1	0	0	0	0	0	0	1	0	0	0
C	Marios	17	81	13	1	43____	36655	1	0	0	1	0	0	0	0	0	0	0
C	Marios	17	81	13	1	43____	36670	1	0	0	0	0	0	0	1	0	0	0
C	Marios	17	81	13	1	43____	36961	1	3	1	1	0	0	0	0	0	0	0
C	Marios	17	81	13	1	43____	36966	3	0	0	0	0	0	0	1	0	0	0
C	Marios	17	81	13	1	43____	37048	3	0	0	1	0	0	0	0	0	0	0
C	Marios	17	81	13	1	43____	37050	3	0	0	0	0	0	0	1	0	0	0
C	Marios	17	81	13	1	43____	37057	3	0	0	1	0	0	0	0	0	0	0
C	Marios	17	81	13	1	43____	37061	3	0	0	0	0	0	0	1	0	0	0
C	Marios	17	81	13	1	43____	37112	3	0	0	1	0	0	0	0	0	0	0
C	Marios	17	81	13	1	43____	37113	3	0	0	0	0	0	0	1	0	0	0
C	Marios	17	81	13	1	43____	37122	3	0	0	1	0	0	0	0	0	0	0
C	Marios	17	81	13	1	43____	37126	3	0	0	0	0	0	0	1	0	0	0
C	Marios	17	81	13	1	43____	37211	3	1	0	0	0	0	0	0	0	0	0
C	Marios	17	81	13	1	43____	37435	1	0	0	1	0	0	0	0	0	0	0
C	Marios	17	81	13	1	43____	37742	1	0	0	0	0	0	0	1	0	0	0
C	Marios	17	81	13	1	43____	37744	1	3	1	1	0	0	0	0	0	0	0
C	Marios	17	81	13	1	43____	37761	3	0	0	0	0	0	0	1	0	0	0
C	Marios	17	81	13	1	43____	37797	3	0	0	1	0	0	0	0	0	0	0
C	Marios	17	81	13	1	43____	37803	3	0	0	0	0	0	0	1	0	0	0
C	Marios	17	81	13	1	43____	37811	3	0	0	1	0	0	0	0	0	0	0
C	Marios	17	81	13	1	43____	37814	3	0	0	0	0	0	0	1	0	0	0
C	Marios	17	81	13	1	43____	37825	3	0	0	1	0	0	0	0	0	0	0
C	Marios	17	81	13	1	43____	37994	3	1	0	0	0	0	0	0	0	0	0
C	Marios	17	81	13	1	43____	38006	1	0	0	0	0	0	0	1	0	0	0
C	Marios	17	81	13	1	43____	38021	1	0	0	1	0	0	0	0	0	0	0
C	Marios	17	81	13	1	43____	38086	1	0	0	0	0	0	0	1	0	0	0
C	Marios	17	81	13	1	43____	38088	1	3	1	1	0	0	0	0	0	0	0
C	Marios	17	81	13	1	43____	38099	3	0	0	0	0	0	0	1	0	0	0
C	Marios	17	81	13	1	43____	38101	3	0	0	1	0	0	0	0	0	0	0
C	Marios	17	81	13	1	43____	38123	3	0	0	0	0	0	0	1	0	0	0
C	Marios	17	81	13	1	43____	38338	3	1	0	0	0	0	0	0	0	0	0
C	Marios	17	81	13	1	43____	38390	1	0	0	1	0	0	0	0	0	0	0
C	Marios	17	81	13	1	43____	38408	1	0	0	0	0	0	0	1	0	0	0
C	Marios	17	81	13	1	43____	38454	1	0	0	1	0	0	0	0	0	0	0
C	Marios	17	81	13	1	43____	38456	1	0	0	0	0	0	0	1	0	0	0
C	Marios	17	81	13	1	43____	39429	1	3	1	1	0	0	0	0	0	0	0
C	Marios	17	81	13	1	43____	39432	3	0	0	0	0	0	0	1	0	0	0
C	Marios	17	81	13	1	43____	39565	3	0	0	1	0	0	0	0	0	0	0
C	Marios	17	81	13	1	43____	39611	3	0	0	0	0	0	0	1	0	0	0
C	Marios	17	81	13	1	43____	39679	3	1	0	0	0	0	0	0	0	0	0
C	Marios	17	81	13	1	43____	40023	1	0	0	1	0	0	0	0	0	0	0
C	Marios	17	81	13	1	43____	40027	1	0	0	0	0	0	0	1	0	0	0
C	Marios	17	81	13	1	43____	40034	1	3	1	1	0	0	0	0	0	0	0
C	Marios	17	81	13	1	43____	40043	3	0	0	0	0	0	0	1	0	0	0
C	Marios	17	81	13	1	43____	40064	3	0	0	1	0	0	0	0	0	0	0
C	Marios	17	81	13	1	43____	40082	3	0	0	0	0	0	0	1	0	0	0
C	Marios	17	81	13	1	43____	40110	3	0	0	1	0	0	0	0	0	0	0
C	Marios	17	81	13	1	43____	40284	3	1	0	0	0	0	0	0	0	0	0
C	Marios	17	81	13	1	43____	41082	1	0	0	0	0	0	0	1	0	0	0
C	Marios	17	81	13	1	43____	44985	1	0	0	1	0	0	0	0	0	0	0
C	Marios	17	81	13	1	43____	44987	1	0	0	0	0	0	0	1	0	0	0
C	Marios	17	81	13	1	43____	45169	1	3	1	1	0	0	0	0	0	0	0
C	Marios	17	81	13	1	43____	45294	3	0	0	0	0	0	0	1	0	0	0
C	Marios	17	81	13	1	43____	45419	3	1	0	0	0	0	0	0	0	0	0
C	Marios	17	81	13	1	43____	48210	1	0	0	1	0	0	0	0	0	0	0
C	Marios	17	81	13	1	43____	48214	1	0	0	0	0	0	0	1	0	0	0
C	Marios	17	81	13	1	43____	48218	1	0	0	1	0	0	0	0	0	0	0
C	Marios	17	81	13	1	43____	48222	1	0	0	0	0	0	0	1	0	0	0
C	Marios	17	81	13	1	43____	48254	1	3	1	1	0	0	0	0	0	0	0
C	Marios	17	81	13	1	43____	48256	3	0	0	0	0	0	0	1	0	0	0
C	Marios	17	81	13	1	43____	48504	3	1	0	0	0	0	0	0	0	0	0
C	Marios	17	81	13	1	43____	49292	1	2	2	0	1	0	0	0	0	0	0
C	Marios	17	81	13	1	43____	49293	2	0	0	0	0	0	0	0	1	0	0
C	Marios	17	81	13	1	43____	49542	2	1	0	0	0	0	0	0	0	0	0
C	Marios	17	81	13	1	43____	51377	1	0	0	1	0	0	0	0	0	0	0
C	Marios	17	81	13	1	43____	51387	1	0	0	0	0	0	0	1	0	0	0
C	Marios	17	81	13	1	43____	52622	1	2	2	0	1	0	0	0	0	0	0
C	Marios	17	81	13	1	43____	52625	2	0	0	0	0	0	0	0	1	0	0
C	Marios	17	81	13	1	43____	52628	2	0	0	0	1	0	0	0	0	0	0
C	Marios	17	81	13	1	43____	52630	2	0	0	0	0	0	0	0	1	0	0
C	Marios	17	81	13	1	43____	52633	2	0	0	0	1	0	0	0	0	0	0
C	Marios	17	81	13	1	43____	52637	2	0	0	0	0	0	0	0	1	0	0
C	Marios	17	81	13	1	43____	52641	2	0	0	0	1	0	0	0	0	0	0
C	Marios	17	81	13	1	43____	52645	2	0	0	0	0	0	0	0	1	0	0
C	Marios	17	81	13	1	43____	52648	2	0	0	0	1	0	0	0	0	0	0
C	Marios	17	81	13	1	43____	52654	2	0	0	0	0	0	0	0	1	0	0
C	Marios	17	81	13	1	43____	52660	2	0	0	0	1	0	0	0	0	0	0
C	Marios	17	81	13	1	43____	52664	2	0	0	0	0	0	0	0	1	0	0
C	Marios	17	81	13	1	43____	52667	2	0	0	0	1	0	0	0	0	0	0
C	Marios	17	81	13	1	43____	52672	2	0	0	0	0	0	0	0	1	0	0
C	Marios	17	81	13	1	43____	52676	2	0	0	0	1	0	0	0	0	0	0
C	Marios	17	81	13	1	43____	52689	2	0	0	0	0	0	0	0	1	0	0
C	Marios	17	81	13	1	43____	52691	2	0	0	0	1	0	0	0	0	0	0
C	Marios	17	81	13	1	43____	52694	2	0	0	0	0	0	0	0	1	0	0
C	Marios	17	81	13	1	43____	52698	2	0	0	0	1	0	0	0	0	0	0
C	Marios	17	81	13	1	43____	52702	2	0	0	0	0	0	0	0	1	0	0
C	Marios	17	81	13	1	43____	52704	2	0	0	0	1	0	0	0	0	0	0
C	Marios	17	81	13	1	43____	52709	2	0	0	0	0	0	0	0	1	0	0
C	Marios	17	81	13	1	43____	52872	2	1	0	0	0	0	0	0	0	0	0
C	Marios	17	81	13	1	43____	53700	1	0	0	0	1	0	0	0	0	0	0
C	Marios	17	81	13	1	43____	53702	1	0	0	0	0	0	0	0	1	0	0
C	Marios	17	81	13	1	43____	53728	1	2	2	0	1	0	0	0	0	0	0
C	Marios	17	81	13	1	43____	53732	2	0	0	0	0	0	0	0	1	0	0
C	Marios	17	81	13	1	43____	53735	2	0	0	0	1	0	0	0	0	0	0
C	Marios	17	81	13	1	43____	53756	2	0	0	0	0	0	0	0	1	0	0
C	Marios	17	81	13	1	43____	53978	2	1	0	0	0	0	0	0	0	0	0
C	Marios	17	81	13	1	43____	64733	1	0	0	0	1	0	0	0	0	0	0
C	Marios	17	81	13	1	43____	64739	1	0	0	0	0	0	0	0	1	0	0
C	Marios	17	81	13	1	43____	64741	1	0	0	0	1	0	0	0	0	0	0
C	Marios	17	81	13	1	43____	64745	1	0	0	0	0	0	0	0	1	0	0
C	Marios	17	81	13	1	43____	64748	1	2	2	0	1	0	0	0	0	0	0
C	Marios	17	81	13	1	43____	64753	2	0	0	0	0	0	0	0	1	0	0
C	Marios	17	81	13	1	43____	64755	2	0	0	0	1	0	0	0	0	0	0
C	Marios	17	81	13	1	43____	64795	2	0	0	0	0	0	0	0	1	0	0
C	Marios	17	81	13	1	43____	64998	2	1	0	0	0	0	0	0	0	0	0
C	Marios	17	81	13	1	43____	66248	1	0	0	0	1	0	0	0	0	0	0
C	Marios	17	81	13	1	43____	66262	1	0	0	0	0	0	0	0	1	0	0
C	Marios	17	81	13	1	43____	66264	1	0	0	0	1	0	0	0	0	0	0
C	Marios	17	81	13	1	43____	66332	1	0	0	0	0	0	0	0	1	0	0
C	Marios	17	81	13	1	43____	77611	1	2	2	0	1	0	0	0	0	0	0
C	Marios	17	81	13	1	43____	77621	2	0	0	0	0	0	0	0	1	0	0
C	Marios	17	81	13	1	43____	77658	2	0	0	0	1	0	0	0	0	0	0
C	Marios	17	81	13	1	43____	77794	2	0	0	0	0	0	0	0	1	0	0
C	Marios	17	81	13	1	43____	77861	2	1	0	0	0	0	0	0	0	0	0
C	Marios	17	81	13	1	43____	78445	1	0	0	0	1	0	0	0	0	0	0
C	Marios	17	81	13	1	43____	78448	1	0	0	0	0	0	0	0	1	0	0
C	Marios	17	81	13	1	43____	78604	1	2	2	0	1	0	0	0	0	0	0
C	Marios	17	81	13	1	43____	78611	2	0	0	0	0	0	0	0	1	0	0
C	Marios	17	81	13	1	43____	78676	2	0	0	0	1	0	0	0	0	0	0
C	Marios	17	81	13	1	43____	78702	2	0	0	0	0	0	0	0	1	0	0
C	Marios	17	81	13	1	43____	78720	2	0	0	0	1	0	0	0	0	0	0
C	Marios	17	81	13	1	43____	78767	2	0	0	0	0	0	0	0	1	0	0
C	Marios	17	81	13	1	43____	78799	2	0	0	0	1	0	0	0	0	0	0
C	Marios	17	81	13	1	43____	78824	2	0	0	0	0	0	0	0	1	0	0
C	Marios	17	81	13	1	43____	78854	2	1	0	0	0	0	0	0	0	0	0
C	Marios	17	81	13	1	43____	90000	1	4	0	0	0	0	0	0	0	0	0
C	Marios	17	81	13	1	43____	90250	4	-1	0	0	0	0	0	0	0	0	0
C	Marios	17	82	9	1	24____	0	0	1	0	0	0	0	0	0	0	0	0
C	Marios	17	82	9	1	24____	23538	1	0	0	0	1	0	0	0	0	0	0
C	Marios	17	82	9	1	24____	23553	1	0	0	0	0	0	0	0	1	0	0
C	Marios	17	82	9	1	24____	23563	1	0	0	0	1	0	0	0	0	0	0
C	Marios	17	82	9	1	24____	23587	1	0	0	0	0	0	0	0	1	0	0
C	Marios	17	82	9	1	24____	23771	1	2	2	0	1	0	0	0	0	0	0
C	Marios	17	82	9	1	24____	23782	2	0	0	0	0	0	0	0	1	0	0
C	Marios	17	82	9	1	24____	24021	2	1	0	0	0	0	0	0	0	0	0
C	Marios	17	82	9	1	24____	26621	1	2	2	0	1	0	0	0	0	0	0
C	Marios	17	82	9	1	24____	26631	2	0	0	0	0	0	0	0	1	0	0
C	Marios	17	82	9	1	24____	26636	2	0	0	0	1	0	0	0	0	0	0
C	Marios	17	82	9	1	24____	26645	2	0	0	0	0	0	0	0	1	0	0
C	Marios	17	82	9	1	24____	26871	2	1	0	0	0	0	0	0	0	0	0
C	Marios	17	82	9	1	24____	27406	1	0	0	0	1	0	0	0	0	0	0
C	Marios	17	82	9	1	24____	27435	1	0	0	0	0	0	0	0	1	0	0
C	Marios	17	82	9	1	24____	28520	1	3	1	1	0	0	0	0	0	0	0
C	Marios	17	82	9	1	24____	28524	3	0	0	0	0	0	0	1	0	0	0
C	Marios	17	82	9	1	24____	28770	3	1	0	0	0	0	0	0	0	0	0
C	Marios	17	82	9	1	24____	28820	1	0	0	1	0	0	0	0	0	0	0
C	Marios	17	82	9	1	24____	28833	1	0	0	0	0	0	0	1	0	0	0
C	Marios	17	82	9	1	24____	30473	1	0	0	0	1	0	0	0	0	0	0
C	Marios	17	82	9	1	24____	30480	1	0	0	0	0	0	0	0	1	0	0
C	Marios	17	82	9	1	24____	30530	1	0	0	0	1	0	0	0	0	0	0
C	Marios	17	82	9	1	24____	30692	1	0	0	0	0	0	0	0	1	0	0
C	Marios	17	82	9	1	24____	30745	1	2	2	0	1	0	0	0	0	0	0
C	Marios	17	82	9	1	24____	30783	2	0	0	0	0	0	0	0	1	0	0
C	Marios	17	82	9	1	24____	30995	2	1	0	0	0	0	0	0	0	0	0
C	Marios	17	82	9	1	24____	33153	1	0	0	0	1	0	0	0	0	0	0
C	Marios	17	82	9	1	24____	33192	1	0	0	0	0	0	0	0	1	0	0
C	Marios	17	82	9	1	24____	37967	1	0	0	1	0	0	0	0	0	0	0
C	Marios	17	82	9	1	24____	37985	1	0	0	0	0	0	0	1	0	0	0
C	Marios	17	82	9	1	24____	38125	1	0	0	1	0	0	0	0	0	0	0
C	Marios	17	82	9	1	24____	38158	1	0	0	0	0	0	0	1	0	0	0
C	Marios	17	82	9	1	24____	38173	1	3	1	1	0	0	0	0	0	0	0
C	Marios	17	82	9	1	24____	38242	3	0	0	0	0	0	0	1	0	0	0
C	Marios	17	82	9	1	24____	38423	3	1	0	0	0	0	0	0	0	0	0
C	Marios	17	82	9	1	24____	44137	1	0	0	0	1	0	0	0	0	0	0
C	Marios	17	82	9	1	24____	44312	1	0	0	0	0	0	0	0	1	0	0
C	Marios	17	82	9	1	24____	44383	1	0	0	0	1	0	0	0	0	0	0
C	Marios	17	82	9	1	24____	44418	1	0	0	0	0	0	0	0	1	0	0
C	Marios	17	82	9	1	24____	44583	1	2	2	0	1	0	0	0	0	0	0
C	Marios	17	82	9	1	24____	44597	2	0	0	0	0	0	0	0	1	0	0
C	Marios	17	82	9	1	24____	44603	2	0	0	0	1	0	0	0	0	0	0
C	Marios	17	82	9	1	24____	44609	2	0	0	0	0	0	0	0	1	0	0
C	Marios	17	82	9	1	24____	44833	2	1	0	0	0	0	0	0	0	0	0
C	Marios	17	82	9	1	24____	44990	1	0	0	0	1	0	0	0	0	0	0
C	Marios	17	82	9	1	24____	45015	1	0	0	0	0	0	0	0	1	0	0
C	Marios	17	82	9	1	24____	45136	1	0	0	0	1	0	0	0	0	0	0
C	Marios	17	82	9	1	24____	45138	1	0	0	0	0	0	0	0	1	0	0
C	Marios	17	82	9	1	24____	45321	1	2	2	0	1	0	0	0	0	0	0
C	Marios	17	82	9	1	24____	45361	2	0	0	0	0	0	0	0	1	0	0
C	Marios	17	82	9	1	24____	45571	2	1	0	0	0	0	0	0	0	0	0
C	Marios	17	82	9	1	24____	46419	1	3	1	1	0	0	0	0	0	0	0
C	Marios	17	82	9	1	24____	46426	3	0	0	0	0	0	0	1	0	0	0
C	Marios	17	82	9	1	24____	46669	3	1	0	0	0	0	0	0	0	0	0
C	Marios	17	82	9	1	24____	51813	1	2	2	0	1	0	0	0	0	0	0
C	Marios	17	82	9	1	24____	51845	2	0	0	0	0	0	0	0	1	0	0
C	Marios	17	82	9	1	24____	52063	2	1	0	0	0	0	0	0	0	0	0
C	Marios	17	82	9	1	24____	52663	1	2	2	0	1	0	0	0	0	0	0
C	Marios	17	82	9	1	24____	52673	2	0	0	0	0	0	0	0	1	0	0
C	Marios	17	82	9	1	24____	52913	2	1	0	0	0	0	0	0	0	0	0
C	Marios	17	82	9	1	24____	54630	1	2	2	0	1	0	0	0	0	0	0
C	Marios	17	82	9	1	24____	54646	2	0	0	0	0	0	0	0	1	0	0
C	Marios	17	82	9	1	24____	54675	2	0	0	0	1	0	0	0	0	0	0
C	Marios	17	82	9	1	24____	54701	2	0	0	0	0	0	0	0	1	0	0
C	Marios	17	82	9	1	24____	54880	2	1	0	0	0	0	0	0	0	0	0
C	Marios	17	82	9	1	24____	57442	1	0	0	0	1	0	0	0	0	0	0
C	Marios	17	82	9	1	24____	57488	1	0	0	0	0	0	0	0	1	0	0
C	Marios	17	82	9	1	24____	57527	1	2	2	0	1	0	0	0	0	0	0
C	Marios	17	82	9	1	24____	57626	2	0	0	0	0	0	0	0	1	0	0
C	Marios	17	82	9	1	24____	57777	2	1	0	0	0	0	0	0	0	0	0
C	Marios	17	82	9	1	24____	70577	1	0	0	1	0	0	0	0	0	0	0
C	Marios	17	82	9	1	24____	70581	1	0	0	0	0	0	0	1	0	0	0
C	Marios	17	82	9	1	24____	70643	1	0	0	1	0	0	0	0	0	0	0
C	Marios	17	82	9	1	24____	70647	1	0	0	0	0	0	0	1	0	0	0
C	Marios	17	82	9	1	24____	72992	1	0	0	0	1	0	0	0	0	0	0
C	Marios	17	82	9	1	24____	73001	1	0	0	0	0	0	0	0	1	0	0
C	Marios	17	82	9	1	24____	73016	1	2	2	0	1	0	0	0	0	0	0
C	Marios	17	82	9	1	24____	73025	2	0	0	0	0	0	0	0	1	0	0
C	Marios	17	82	9	1	24____	73266	2	1	0	0	0	0	0	0	0	0	0
C	Marios	17	82	9	1	24____	74950	1	2	2	0	1	0	0	0	0	0	0
C	Marios	17	82	9	1	24____	75045	2	0	0	0	0	0	0	0	1	0	0
C	Marios	17	82	9	1	24____	75200	2	1	0	0	0	0	0	0	0	0	0
C	Marios	17	82	9	1	24____	75608	1	2	2	0	1	0	0	0	0	0	0
C	Marios	17	82	9	1	24____	75610	2	0	0	0	0	0	0	0	1	0	0
C	Marios	17	82	9	1	24____	75662	2	0	0	0	1	0	0	0	0	0	0
C	Marios	17	82	9	1	24____	75833	2	0	0	0	0	0	0	0	1	0	0
C	Marios	17	82	9	1	24____	75858	2	1	0	0	0	0	0	0	0	0	0
C	Marios	17	82	9	1	24____	76939	1	2	2	0	1	0	0	0	0	0	0
C	Marios	17	82	9	1	24____	76941	2	0	0	0	0	0	0	0	1	0	0
C	Marios	17	82	9	1	24____	77189	2	1	0	0	0	0	0	0	0	0	0
C	Marios	17	82	9	1	24____	77443	1	0	0	0	1	0	0	0	0	0	0
C	Marios	17	82	9	1	24____	77459	1	0	0	0	0	0	0	0	1	0	0
C	Marios	17	82	9	1	24____	77463	1	0	0	0	1	0	0	0	0	0	0
C	Marios	17	82	9	1	24____	77564	1	0	0	0	0	0	0	0	1	0	0
C	Marios	17	82	9	1	24____	77573	1	2	2	0	1	0	0	0	0	0	0
C	Marios	17	82	9	1	24____	77633	2	0	0	0	0	0	0	0	1	0	0
C	Marios	17	82	9	1	24____	77688	2	0	0	0	1	0	0	0	0	0	0
C	Marios	17	82	9	1	24____	77716	2	0	0	0	0	0	0	0	1	0	0
C	Marios	17	82	9	1	24____	77823	2	1	0	0	0	0	0	0	0	0	0
C	Marios	17	82	9	1	24____	78583	1	0	0	0	1	0	0	0	0	0	0
C	Marios	17	82	9	1	24____	78618	1	0	0	0	0	0	0	0	1	0	0
C	Marios	17	82	9	1	24____	79994	1	0	0	0	1	0	0	0	0	0	0
C	Marios	17	82	9	1	24____	80017	1	0	0	0	0	0	0	0	1	0	0
C	Marios	17	82	9	1	24____	80047	1	2	2	0	1	0	0	0	0	0	0
C	Marios	17	82	9	1	24____	80091	2	0	0	0	0	0	0	0	1	0	0
C	Marios	17	82	9	1	24____	80297	2	1	0	0	0	0	0	0	0	0	0
C	Marios	17	82	9	1	24____	81574	1	0	0	0	1	0	0	0	0	0	0
C	Marios	17	82	9	1	24____	81605	1	0	0	0	0	0	0	0	1	0	0
C	Marios	17	82	9	1	24____	81636	1	2	2	0	1	0	0	0	0	0	0
C	Marios	17	82	9	1	24____	81679	2	0	0	0	0	0	0	0	1	0	0
C	Marios	17	82	9	1	24____	81886	2	1	0	0	0	0	0	0	0	0	0
C	Marios	17	82	9	1	24____	85184	1	0	0	1	0	0	0	0	0	0	0
C	Marios	17	82	9	1	24____	85219	1	0	0	0	0	0	0	1	0	0	0
C	Marios	17	82	9	1	24____	85440	1	0	0	1	0	0	0	0	0	0	0
C	Marios	17	82	9	1	24____	85491	1	0	0	0	0	0	0	1	0	0	0
C	Marios	17	82	9	1	24____	85591	1	3	1	1	0	0	0	0	0	0	0
C	Marios	17	82	9	1	24____	85598	3	0	0	0	0	0	0	1	0	0	0
C	Marios	17	82	9	1	24____	85841	3	1	0	0	0	0	0	0	0	0	0
C	Marios	17	82	9	1	24____	90000	1	4	0	0	0	0	0	0	0	0	0
C	Marios	17	82	9	1	24____	90250	4	-1	0	0	0	0	0	0	0	0	0
C	Marios	17	82	2	1	25____	0	0	1	0	0	0	0	0	0	0	0	0
C	Marios	17	82	2	1	25____	1471	1	0	0	0	1	0	0	0	0	0	0
C	Marios	17	82	2	1	25____	1601	1	0	0	0	0	0	0	0	1	0	0
C	Marios	17	82	2	1	25____	8892	1	0	0	0	1	0	0	0	0	0	0
C	Marios	17	82	2	1	25____	8894	1	0	0	0	0	0	0	0	1	0	0
C	Marios	17	82	2	1	25____	20182	1	3	1	1	0	0	0	0	0	0	0
C	Marios	17	82	2	1	25____	20184	3	0	0	0	0	0	0	1	0	0	0
C	Marios	17	82	2	1	25____	20432	3	1	0	0	0	0	0	0	0	0	0
C	Marios	17	82	2	1	25____	21849	1	0	0	1	0	0	0	0	0	0	0
C	Marios	17	82	2	1	25____	21961	1	0	0	0	0	0	0	1	0	0	0
C	Marios	17	82	2	1	25____	22059	1	0	0	1	0	0	0	0	0	0	0
C	Marios	17	82	2	1	25____	22061	1	0	0	0	0	0	0	1	0	0	0
C	Marios	17	82	2	1	25____	22535	1	0	0	0	1	0	0	0	0	0	0
C	Marios	17	82	2	1	25____	22588	1	0	0	0	0	0	0	0	1	0	0
C	Marios	17	82	2	1	25____	22598	1	0	0	0	1	0	0	0	0	0	0
C	Marios	17	82	2	1	25____	22658	1	0	0	0	0	0	0	0	1	0	0
C	Marios	17	82	2	1	25____	23035	1	2	2	0	1	0	0	0	0	0	0
C	Marios	17	82	2	1	25____	23113	2	0	0	0	0	0	0	0	1	0	0
C	Marios	17	82	2	1	25____	23285	2	1	0	0	0	0	0	0	0	0	0
C	Marios	17	82	2	1	25____	25951	1	2	2	0	1	0	0	0	0	0	0
C	Marios	17	82	2	1	25____	25997	2	0	0	0	0	0	0	0	1	0	0
C	Marios	17	82	2	1	25____	26201	2	1	0	0	0	0	0	0	0	0	0
C	Marios	17	82	2	1	25____	28072	1	0	0	0	1	0	0	0	0	0	0
C	Marios	17	82	2	1	25____	28096	1	0	0	0	0	0	0	0	1	0	0
C	Marios	17	82	2	1	25____	28175	1	0	0	0	1	0	0	0	0	0	0
C	Marios	17	82	2	1	25____	28209	1	0	0	0	0	0	0	0	1	0	0
C	Marios	17	82	2	1	25____	28441	1	2	2	0	1	0	0	0	0	0	0
C	Marios	17	82	2	1	25____	28492	2	0	0	0	0	0	0	0	1	0	0
C	Marios	17	82	2	1	25____	28691	2	1	0	0	0	0	0	0	0	0	0
C	Marios	17	82	2	1	25____	29461	1	2	2	0	1	0	0	0	0	0	0
C	Marios	17	82	2	1	25____	29475	2	0	0	0	0	0	0	0	1	0	0
C	Marios	17	82	2	1	25____	29483	2	0	0	0	1	0	0	0	0	0	0
C	Marios	17	82	2	1	25____	29489	2	0	0	0	0	0	0	0	1	0	0
C	Marios	17	82	2	1	25____	29654	2	0	0	0	1	0	0	0	0	0	0
C	Marios	17	82	2	1	25____	29677	2	0	0	0	0	0	0	0	1	0	0
C	Marios	17	82	2	1	25____	29685	2	0	0	0	1	0	0	0	0	0	0
C	Marios	17	82	2	1	25____	29711	2	1	0	0	0	0	0	0	0	0	0
C	Marios	17	82	2	1	25____	29721	1	0	0	0	0	0	0	0	1	0	0
C	Marios	17	82	2	1	25____	30020	1	0	0	0	1	0	0	0	0	0	0
C	Marios	17	82	2	1	25____	30066	1	0	0	0	0	0	0	0	1	0	0
C	Marios	17	82	2	1	25____	30448	1	0	0	1	0	0	0	0	0	0	0
C	Marios	17	82	2	1	25____	30571	1	0	0	0	0	0	0	1	0	0	0
C	Marios	17	82	2	1	25____	32323	1	2	2	0	1	0	0	0	0	0	0
C	Marios	17	82	2	1	25____	32370	2	0	0	0	0	0	0	0	1	0	0
C	Marios	17	82	2	1	25____	32573	2	1	0	0	0	0	0	0	0	0	0
C	Marios	17	82	2	1	25____	33218	1	0	0	1	0	0	0	0	0	0	0
C	Marios	17	82	2	1	25____	33219	1	0	0	0	0	0	0	1	0	0	0
C	Marios	17	82	2	1	25____	33241	1	0	0	1	0	0	0	0	0	0	0
C	Marios	17	82	2	1	25____	33244	1	0	0	0	0	0	0	1	0	0	0
C	Marios	17	82	2	1	25____	33247	1	3	1	1	0	0	0	0	0	0	0
C	Marios	17	82	2	1	25____	33248	3	0	0	0	0	0	0	1	0	0	0
C	Marios	17	82	2	1	25____	33497	3	1	0	0	0	0	0	0	0	0	0
C	Marios	17	82	2	1	25____	35023	1	0	0	1	0	0	0	0	0	0	0
C	Marios	17	82	2	1	25____	35025	1	0	0	0	0	0	0	1	0	0	0
C	Marios	17	82	2	1	25____	35316	1	0	0	0	1	0	0	0	0	0	0
C	Marios	17	82	2	1	25____	35334	1	0	0	0	0	0	0	0	1	0	0
C	Marios	17	82	2	1	25____	35480	1	2	2	0	1	0	0	0	0	0	0
C	Marios	17	82	2	1	25____	35594	2	0	0	0	0	0	0	0	1	0	0
C	Marios	17	82	2	1	25____	35730	2	1	0	0	0	0	0	0	0	0	0
C	Marios	17	82	2	1	25____	36561	1	0	0	0	1	0	0	0	0	0	0
C	Marios	17	82	2	1	25____	36593	1	0	0	0	0	0	0	0	1	0	0
C	Marios	17	82	2	1	25____	38604	1	0	0	0	1	0	0	0	0	0	0
C	Marios	17	82	2	1	25____	38642	1	0	0	0	0	0	0	0	1	0	0
C	Marios	17	82	2	1	25____	49882	1	0	0	1	0	0	0	0	0	0	0
C	Marios	17	82	2	1	25____	49885	1	0	0	0	0	0	0	1	0	0	0
C	Marios	17	82	2	1	25____	49903	1	3	1	1	0	0	0	0	0	0	0
C	Marios	17	82	2	1	25____	49906	3	0	0	0	0	0	0	1	0	0	0
C	Marios	17	82	2	1	25____	50153	3	1	0	0	0	0	0	0	0	0	0
C	Marios	17	82	2	1	25____	50465	1	0	0	0	1	0	0	0	0	0	0
C	Marios	17	82	2	1	25____	50493	1	0	0	0	0	0	0	0	1	0	0
C	Marios	17	82	2	1	25____	50930	1	0	0	1	0	0	0	0	0	0	0
C	Marios	17	82	2	1	25____	50940	1	0	0	0	0	0	0	1	0	0	0
C	Marios	17	82	2	1	25____	50972	1	3	1	1	0	0	0	0	0	0	0
C	Marios	17	82	2	1	25____	51018	3	0	0	0	0	0	0	1	0	0	0
C	Marios	17	82	2	1	25____	51038	3	0	0	1	0	0	0	0	0	0	0
C	Marios	17	82	2	1	25____	51101	3	0	0	0	0	0	0	1	0	0	0
C	Marios	17	82	2	1	25____	51222	3	1	0	0	0	0	0	0	0	0	0
C	Marios	17	82	2	1	25____	53539	1	0	0	1	0	0	0	0	0	0	0
C	Marios	17	82	2	1	25____	53544	1	0	0	0	0	0	0	1	0	0	0
C	Marios	17	82	2	1	25____	57141	1	0	0	0	1	0	0	0	0	0	0
C	Marios	17	82	2	1	25____	57143	1	0	0	0	0	0	0	0	1	0	0
C	Marios	17	82	2	1	25____	64379	1	0	0	0	1	0	0	0	0	0	0
C	Marios	17	82	2	1	25____	64664	1	0	0	0	0	0	0	0	1	0	0
C	Marios	17	82	2	1	25____	80136	1	3	1	1	0	0	0	0	0	0	0
C	Marios	17	82	2	1	25____	80162	3	0	0	0	0	0	0	1	0	0	0
C	Marios	17	82	2	1	25____	80386	3	1	0	0	0	0	0	0	0	0	0
C	Marios	17	82	2	1	25____	80562	1	0	0	0	1	0	0	0	0	0	0
C	Marios	17	82	2	1	25____	80573	1	0	0	0	0	0	0	0	1	0	0
C	Marios	17	82	2	1	25____	80980	1	0	0	0	1	0	0	0	0	0	0
C	Marios	17	82	2	1	25____	80985	1	0	0	0	0	0	0	0	1	0	0
C	Marios	17	82	2	1	25____	81097	1	2	2	0	1	0	0	0	0	0	0
C	Marios	17	82	2	1	25____	81175	2	0	0	0	0	0	0	0	1	0	0
C	Marios	17	82	2	1	25____	81347	2	1	0	0	0	0	0	0	0	0	0
C	Marios	17	82	2	1	25____	82554	1	0	0	1	0	0	0	0	0	0	0
C	Marios	17	82	2	1	25____	82637	1	0	0	0	0	0	0	1	0	0	0
C	Marios	17	82	2	1	25____	82822	1	3	1	1	0	0	0	0	0	0	0
C	Marios	17	82	2	1	25____	82883	3	0	0	0	0	0	0	1	0	0	0
C	Marios	17	82	2	1	25____	83072	3	1	0	0	0	0	0	0	0	0	0
C	Marios	17	82	2	1	25____	84498	1	0	0	1	0	0	0	0	0	0	0
C	Marios	17	82	2	1	25____	84506	1	0	0	0	0	0	0	1	0	0	0
C	Marios	17	82	2	1	25____	84534	1	3	1	1	0	0	0	0	0	0	0
C	Marios	17	82	2	1	25____	84563	3	0	0	0	0	0	0	1	0	0	0
C	Marios	17	82	2	1	25____	84784	3	1	0	0	0	0	0	0	0	0	0
C	Marios	17	82	2	1	25____	89198	1	0	0	1	0	0	0	0	0	0	0
C	Marios	17	82	2	1	25____	89223	1	0	0	0	0	0	0	1	0	0	0
C	Marios	17	82	2	1	25____	89271	1	3	1	1	0	0	0	0	0	0	0
C	Marios	17	82	2	1	25____	89295	3	0	0	0	0	0	0	1	0	0	0
C	Marios	17	82	2	1	25____	89307	3	0	0	1	0	0	0	0	0	0	0
C	Marios	17	82	2	1	25____	89316	3	0	0	0	0	0	0	1	0	0	0
C	Marios	17	82	2	1	25____	89322	3	0	0	1	0	0	0	0	0	0	0
C	Marios	17	82	2	1	25____	89382	3	0	0	0	0	0	0	1	0	0	0
C	Marios	17	82	2	1	25____	89521	3	1	0	0	0	0	0	0	0	0	0
C	Marios	17	82	2	1	25____	90000	1	4	0	0	0	0	0	0	0	0	0
C	Marios	17	82	2	1	25____	90250	4	-1	0	0	0	0	0	0	0	0	0
