Project	UserID	Protocol	Session	Station	Run	Subject	Time	Current State	Transition State	Transition Event	A1 - LLR	A2 - RLR	A3 - MAG	A4 - 	A[1] LLR_OFF	A[2] RLR_OFF	A[3] MAG_OFF	A[4] 
C	Marios	16	307	1	1	17____	0	0	1	0	0	0	0	0	0	0	0	0
C	Marios	16	307	1	1	17____	1035	1	0	0	1	0	0	0	0	0	0	0
C	Marios	16	307	1	1	17____	1045	1	0	0	0	0	0	0	1	0	0	0
C	Marios	16	307	1	1	17____	4262	1	2	1	1	0	0	0	0	0	0	0
C	Marios	16	307	1	1	17____	4267	2	0	0	0	0	0	0	1	0	0	0
C	Marios	16	307	1	1	17____	4512	2	1	0	0	0	0	0	0	0	0	0
C	Marios	16	307	1	1	17____	5001	1	0	0	1	0	0	0	0	0	0	0
C	Marios	16	307	1	1	17____	5008	1	0	0	0	0	0	0	1	0	0	0
C	Marios	16	307	1	1	17____	5010	1	0	0	1	0	0	0	0	0	0	0
C	Marios	16	307	1	1	17____	5016	1	0	0	0	0	0	0	1	0	0	0
C	Marios	16	307	1	1	17____	5017	1	2	1	1	0	0	0	0	0	0	0
C	Marios	16	307	1	1	17____	5043	2	0	0	0	0	0	0	1	0	0	0
C	Marios	16	307	1	1	17____	5267	2	1	0	0	0	0	0	0	0	0	0
C	Marios	16	307	1	1	17____	5456	1	3	2	0	1	0	0	0	0	0	0
C	Marios	16	307	1	1	17____	5475	3	0	0	0	0	0	0	0	1	0	0
C	Marios	16	307	1	1	17____	5706	3	1	0	0	0	0	0	0	0	0	0
C	Marios	16	307	1	1	17____	5846	1	0	0	0	1	0	0	0	0	0	0
C	Marios	16	307	1	1	17____	5954	1	0	0	0	0	0	0	0	1	0	0
C	Marios	16	307	1	1	17____	6183	1	0	0	1	0	0	0	0	0	0	0
C	Marios	16	307	1	1	17____	6211	1	0	0	0	0	0	0	1	0	0	0
C	Marios	16	307	1	1	17____	6508	1	3	2	0	1	0	0	0	0	0	0
C	Marios	16	307	1	1	17____	6758	3	1	0	0	0	0	0	0	0	0	0
C	Marios	16	307	1	1	17____	7337	1	0	0	1	0	0	0	0	0	0	0
C	Marios	16	307	1	1	17____	7339	1	0	0	0	0	0	0	1	0	0	0
C	Marios	16	307	1	1	17____	7345	1	0	0	1	0	0	0	0	0	0	0
C	Marios	16	307	1	1	17____	7349	1	0	0	0	0	0	0	1	0	0	0
C	Marios	16	307	1	1	17____	7355	1	2	1	1	0	0	0	0	0	0	0
C	Marios	16	307	1	1	17____	7368	2	0	0	0	0	0	0	1	0	0	0
C	Marios	16	307	1	1	17____	7605	2	1	0	0	0	0	0	0	0	0	0
C	Marios	16	307	1	1	17____	7794	1	2	1	1	0	0	0	0	0	0	0
C	Marios	16	307	1	1	17____	7806	2	0	0	0	0	0	0	1	0	0	0
C	Marios	16	307	1	1	17____	8044	2	1	0	0	0	0	0	0	0	0	0
C	Marios	16	307	1	1	17____	8158	1	0	0	1	0	0	0	0	0	0	0
C	Marios	16	307	1	1	17____	8196	1	0	0	0	0	0	0	1	0	0	0
C	Marios	16	307	1	1	17____	8310	1	0	0	0	0	0	0	0	1	0	0
C	Marios	16	307	1	1	17____	8326	1	3	2	0	1	0	0	0	0	0	0
C	Marios	16	307	1	1	17____	8369	3	0	0	0	0	0	0	0	1	0	0
C	Marios	16	307	1	1	17____	8576	3	1	0	0	0	0	0	0	0	0	0
C	Marios	16	307	1	1	17____	9042	1	0	0	0	1	0	0	0	0	0	0
C	Marios	16	307	1	1	17____	9114	1	0	0	0	0	0	0	0	1	0	0
C	Marios	16	307	1	1	17____	9200	1	0	0	1	0	0	0	0	0	0	0
C	Marios	16	307	1	1	17____	9205	1	0	0	0	0	0	0	1	0	0	0
C	Marios	16	307	1	1	17____	9212	1	0	0	1	0	0	0	0	0	0	0
C	Marios	16	307	1	1	17____	9240	1	0	0	0	0	0	0	1	0	0	0
C	Marios	16	307	1	1	17____	9245	1	2	1	1	0	0	0	0	0	0	0
C	Marios	16	307	1	1	17____	9290	2	0	0	0	0	0	0	1	0	0	0
C	Marios	16	307	1	1	17____	9495	2	1	0	0	0	0	0	0	0	0	0
C	Marios	16	307	1	1	17____	10348	1	0	0	1	0	0	0	0	0	0	0
C	Marios	16	307	1	1	17____	10384	1	0	0	0	0	0	0	1	0	0	0
C	Marios	16	307	1	1	17____	11017	1	0	0	0	1	0	0	0	0	0	0
C	Marios	16	307	1	1	17____	11109	1	0	0	0	0	0	0	0	1	0	0
C	Marios	16	307	1	1	17____	11611	1	0	0	1	0	0	0	0	0	0	0
C	Marios	16	307	1	1	17____	11617	1	0	0	0	0	0	0	1	0	0	0
C	Marios	16	307	1	1	17____	11619	1	2	1	1	0	0	0	0	0	0	0
C	Marios	16	307	1	1	17____	11624	2	0	0	0	0	0	0	1	0	0	0
C	Marios	16	307	1	1	17____	11869	2	1	0	0	0	0	0	0	0	0	0
C	Marios	16	307	1	1	17____	12228	1	2	1	1	0	0	0	0	0	0	0
C	Marios	16	307	1	1	17____	12266	2	0	0	0	0	0	0	1	0	0	0
C	Marios	16	307	1	1	17____	12478	2	1	0	0	0	0	0	0	0	0	0
C	Marios	16	307	1	1	17____	12656	1	2	1	1	0	0	0	0	0	0	0
C	Marios	16	307	1	1	17____	12709	2	0	0	0	0	0	0	1	0	0	0
C	Marios	16	307	1	1	17____	12906	2	1	0	0	0	0	0	0	0	0	0
C	Marios	16	307	1	1	17____	13008	1	0	0	1	0	0	0	0	0	0	0
C	Marios	16	307	1	1	17____	13011	1	0	0	0	0	0	0	1	0	0	0
C	Marios	16	307	1	1	17____	13801	1	0	0	0	1	0	0	0	0	0	0
C	Marios	16	307	1	1	17____	13867	1	0	0	0	0	0	0	0	1	0	0
C	Marios	16	307	1	1	17____	13979	1	3	2	0	1	0	0	0	0	0	0
C	Marios	16	307	1	1	17____	14056	3	0	0	0	0	0	0	0	1	0	0
C	Marios	16	307	1	1	17____	14229	3	1	0	0	0	0	0	0	0	0	0
C	Marios	16	307	1	1	17____	15301	1	0	0	0	1	0	0	0	0	0	0
C	Marios	16	307	1	1	17____	15368	1	0	0	0	0	0	0	0	1	0	0
C	Marios	16	307	1	1	17____	15622	1	0	0	0	1	0	0	0	0	0	0
C	Marios	16	307	1	1	17____	16814	1	0	0	1	0	0	0	0	0	0	0
C	Marios	16	307	1	1	17____	16839	1	0	0	0	0	0	0	1	0	0	0
C	Marios	16	307	1	1	17____	16848	1	0	0	1	0	0	0	0	0	0	0
C	Marios	16	307	1	1	17____	16853	1	0	0	0	0	0	0	1	0	0	0
C	Marios	16	307	1	1	17____	17053	1	2	1	1	0	0	0	0	0	0	0
C	Marios	16	307	1	1	17____	17059	2	0	0	0	0	0	0	1	0	0	0
C	Marios	16	307	1	1	17____	17303	2	1	0	0	0	0	0	0	0	0	0
C	Marios	16	307	1	1	17____	18136	1	0	0	1	0	0	0	0	0	0	0
C	Marios	16	307	1	1	17____	18144	1	0	0	0	0	0	0	1	0	0	0
C	Marios	16	307	1	1	17____	18220	1	0	0	1	0	0	0	0	0	0	0
C	Marios	16	307	1	1	17____	18224	1	0	0	0	0	0	0	1	0	0	0
C	Marios	16	307	1	1	17____	18228	1	2	1	1	0	0	0	0	0	0	0
C	Marios	16	307	1	1	17____	18232	2	0	0	0	0	0	0	1	0	0	0
C	Marios	16	307	1	1	17____	18478	2	1	0	0	0	0	0	0	0	0	0
C	Marios	16	307	1	1	17____	18673	1	0	0	0	0	0	0	0	1	0	0
C	Marios	16	307	1	1	17____	19487	1	0	0	1	0	0	0	0	0	0	0
C	Marios	16	307	1	1	17____	19497	1	0	0	0	0	0	0	1	0	0	0
C	Marios	16	307	1	1	17____	19507	1	0	0	1	0	0	0	0	0	0	0
C	Marios	16	307	1	1	17____	19511	1	0	0	0	0	0	0	1	0	0	0
C	Marios	16	307	1	1	17____	19514	1	2	1	1	0	0	0	0	0	0	0
C	Marios	16	307	1	1	17____	19522	2	0	0	0	0	0	0	1	0	0	0
C	Marios	16	307	1	1	17____	19523	2	0	0	1	0	0	0	0	0	0	0
C	Marios	16	307	1	1	17____	19528	2	0	0	0	0	0	0	1	0	0	0
C	Marios	16	307	1	1	17____	19530	2	0	0	1	0	0	0	0	0	0	0
C	Marios	16	307	1	1	17____	19549	2	0	0	0	0	0	0	1	0	0	0
C	Marios	16	307	1	1	17____	19551	2	0	0	1	0	0	0	0	0	0	0
C	Marios	16	307	1	1	17____	19562	2	0	0	0	0	0	0	1	0	0	0
C	Marios	16	307	1	1	17____	19764	2	1	0	0	0	0	0	0	0	0	0
C	Marios	16	307	1	1	17____	19916	1	0	0	1	0	0	0	0	0	0	0
C	Marios	16	307	1	1	17____	19929	1	0	0	0	0	0	0	1	0	0	0
C	Marios	16	307	1	1	17____	19931	1	0	0	1	0	0	0	0	0	0	0
C	Marios	16	307	1	1	17____	19939	1	0	0	0	0	0	0	1	0	0	0
C	Marios	16	307	1	1	17____	19983	1	2	1	1	0	0	0	0	0	0	0
C	Marios	16	307	1	1	17____	20028	2	0	0	0	0	0	0	1	0	0	0
C	Marios	16	307	1	1	17____	20233	2	1	0	0	0	0	0	0	0	0	0
C	Marios	16	307	1	1	17____	21205	1	0	0	1	0	0	0	0	0	0	0
C	Marios	16	307	1	1	17____	21207	1	0	0	0	0	0	0	1	0	0	0
C	Marios	16	307	1	1	17____	21213	1	0	0	1	0	0	0	0	0	0	0
C	Marios	16	307	1	1	17____	21219	1	0	0	0	0	0	0	1	0	0	0
C	Marios	16	307	1	1	17____	21221	1	2	1	1	0	0	0	0	0	0	0
C	Marios	16	307	1	1	17____	21226	2	0	0	0	0	0	0	1	0	0	0
C	Marios	16	307	1	1	17____	21229	2	0	0	1	0	0	0	0	0	0	0
C	Marios	16	307	1	1	17____	21233	2	0	0	0	0	0	0	1	0	0	0
C	Marios	16	307	1	1	17____	21239	2	0	0	1	0	0	0	0	0	0	0
C	Marios	16	307	1	1	17____	21253	2	0	0	0	0	0	0	1	0	0	0
C	Marios	16	307	1	1	17____	21471	2	1	0	0	0	0	0	0	0	0	0
C	Marios	16	307	1	1	17____	22884	1	0	0	1	0	0	0	0	0	0	0
C	Marios	16	307	1	1	17____	22931	1	0	0	0	0	0	0	1	0	0	0
C	Marios	16	307	1	1	17____	22940	1	2	1	1	0	0	0	0	0	0	0
C	Marios	16	307	1	1	17____	22951	2	0	0	0	0	0	0	1	0	0	0
C	Marios	16	307	1	1	17____	22966	2	0	0	1	0	0	0	0	0	0	0
C	Marios	16	307	1	1	17____	22968	2	0	0	0	0	0	0	1	0	0	0
C	Marios	16	307	1	1	17____	23190	2	1	0	0	0	0	0	0	0	0	0
C	Marios	16	307	1	1	17____	25029	1	0	0	0	1	0	0	0	0	0	0
C	Marios	16	307	1	1	17____	25038	1	0	0	0	0	0	0	0	1	0	0
C	Marios	16	307	1	1	17____	25049	1	0	0	0	1	0	0	0	0	0	0
C	Marios	16	307	1	1	17____	25165	1	0	0	0	0	0	0	0	1	0	0
C	Marios	16	307	1	1	17____	26685	1	0	0	1	0	0	0	0	0	0	0
C	Marios	16	307	1	1	17____	26688	1	0	0	0	0	0	0	1	0	0	0
C	Marios	16	307	1	1	17____	28551	1	3	2	0	1	0	0	0	0	0	0
C	Marios	16	307	1	1	17____	28801	3	1	0	0	0	0	0	0	0	0	0
C	Marios	16	307	1	1	17____	29512	1	0	0	1	0	0	0	0	0	0	0
C	Marios	16	307	1	1	17____	29536	1	0	0	0	0	0	0	1	0	0	0
C	Marios	16	307	1	1	17____	30235	1	0	0	0	0	0	0	0	1	0	0
C	Marios	16	307	1	1	17____	30871	1	2	1	1	0	0	0	0	0	0	0
C	Marios	16	307	1	1	17____	30886	2	0	0	0	0	0	0	1	0	0	0
C	Marios	16	307	1	1	17____	30892	2	0	0	1	0	0	0	0	0	0	0
C	Marios	16	307	1	1	17____	30922	2	0	0	0	0	0	0	1	0	0	0
C	Marios	16	307	1	1	17____	31121	2	1	0	0	0	0	0	0	0	0	0
C	Marios	16	307	1	1	17____	31425	1	0	0	0	1	0	0	0	0	0	0
C	Marios	16	307	1	1	17____	31434	1	0	0	0	0	0	0	0	1	0	0
C	Marios	16	307	1	1	17____	31441	1	3	2	0	1	0	0	0	0	0	0
C	Marios	16	307	1	1	17____	31691	3	1	0	0	0	0	0	0	0	0	0
C	Marios	16	307	1	1	17____	32751	1	0	0	0	0	0	0	0	1	0	0
C	Marios	16	307	1	1	17____	34608	1	2	1	1	0	0	0	0	0	0	0
C	Marios	16	307	1	1	17____	34651	2	0	0	0	0	0	0	1	0	0	0
C	Marios	16	307	1	1	17____	34858	2	1	0	0	0	0	0	0	0	0	0
C	Marios	16	307	1	1	17____	35033	1	0	0	0	1	0	0	0	0	0	0
C	Marios	16	307	1	1	17____	35089	1	0	0	0	0	0	0	0	1	0	0
C	Marios	16	307	1	1	17____	39178	1	3	2	0	1	0	0	0	0	0	0
C	Marios	16	307	1	1	17____	39218	3	0	0	0	0	0	0	0	1	0	0
C	Marios	16	307	1	1	17____	39428	3	1	0	0	0	0	0	0	0	0	0
C	Marios	16	307	1	1	17____	39868	1	0	0	1	0	0	0	0	0	0	0
C	Marios	16	307	1	1	17____	39898	1	0	0	0	0	0	0	1	0	0	0
C	Marios	16	307	1	1	17____	40149	1	0	0	1	0	0	0	0	0	0	0
C	Marios	16	307	1	1	17____	40155	1	0	0	0	0	0	0	1	0	0	0
C	Marios	16	307	1	1	17____	40648	1	0	0	0	1	0	0	0	0	0	0
C	Marios	16	307	1	1	17____	40691	1	0	0	0	0	0	0	0	1	0	0
C	Marios	16	307	1	1	17____	46404	1	0	0	0	1	0	0	0	0	0	0
C	Marios	16	307	1	1	17____	47924	1	0	0	0	0	0	0	0	1	0	0
C	Marios	16	307	1	1	17____	47979	1	3	2	0	1	0	0	0	0	0	0
C	Marios	16	307	1	1	17____	48229	3	1	0	0	0	0	0	0	0	0	0
C	Marios	16	307	1	1	17____	53766	1	0	0	0	0	0	0	0	1	0	0
C	Marios	16	307	1	1	17____	53997	1	0	0	0	1	0	0	0	0	0	0
C	Marios	16	307	1	1	17____	57434	1	0	0	1	0	0	0	0	0	0	0
C	Marios	16	307	1	1	17____	57475	1	0	0	0	0	0	0	1	0	0	0
C	Marios	16	307	1	1	17____	58215	1	0	0	1	0	0	0	0	0	0	0
C	Marios	16	307	1	1	17____	58243	1	0	0	0	0	0	0	1	0	0	0
C	Marios	16	307	1	1	17____	61232	1	2	1	1	0	0	0	0	0	0	0
C	Marios	16	307	1	1	17____	61286	2	0	0	0	0	0	0	1	0	0	0
C	Marios	16	307	1	1	17____	61482	2	1	0	0	0	0	0	0	0	0	0
C	Marios	16	307	1	1	17____	62974	1	0	0	1	0	0	0	0	0	0	0
C	Marios	16	307	1	1	17____	63054	1	0	0	0	0	0	0	1	0	0	0
C	Marios	16	307	1	1	17____	63299	1	0	0	0	0	0	0	0	1	0	0
C	Marios	16	307	1	1	17____	63339	1	0	0	0	1	0	0	0	0	0	0
C	Marios	16	307	1	1	17____	63394	1	0	0	0	0	0	0	0	1	0	0
C	Marios	16	307	1	1	17____	63415	1	0	0	0	1	0	0	0	0	0	0
C	Marios	16	307	1	1	17____	63482	1	0	0	0	0	0	0	0	1	0	0
C	Marios	16	307	1	1	17____	65054	1	0	0	1	0	0	0	0	0	0	0
C	Marios	16	307	1	1	17____	65117	1	0	0	0	0	0	0	1	0	0	0
C	Marios	16	307	1	1	17____	66118	1	2	1	1	0	0	0	0	0	0	0
C	Marios	16	307	1	1	17____	66121	2	0	0	0	0	0	0	1	0	0	0
C	Marios	16	307	1	1	17____	66368	2	1	0	0	0	0	0	0	0	0	0
C	Marios	16	307	1	1	17____	67213	1	2	1	1	0	0	0	0	0	0	0
C	Marios	16	307	1	1	17____	67220	2	0	0	0	0	0	0	1	0	0	0
C	Marios	16	307	1	1	17____	67463	2	1	0	0	0	0	0	0	0	0	0
C	Marios	16	307	1	1	17____	70851	1	2	1	1	0	0	0	0	0	0	0
C	Marios	16	307	1	1	17____	70899	2	0	0	0	0	0	0	1	0	0	0
C	Marios	16	307	1	1	17____	70916	2	0	0	1	0	0	0	0	0	0	0
C	Marios	16	307	1	1	17____	71010	2	0	0	0	0	0	0	1	0	0	0
C	Marios	16	307	1	1	17____	71101	2	1	0	0	0	0	0	0	0	0	0
C	Marios	16	307	1	1	17____	71181	1	0	0	1	0	0	0	0	0	0	0
C	Marios	16	307	1	1	17____	71240	1	0	0	0	0	0	0	1	0	0	0
C	Marios	16	307	1	1	17____	71587	1	2	1	1	0	0	0	0	0	0	0
C	Marios	16	307	1	1	17____	71644	2	0	0	0	0	0	0	1	0	0	0
C	Marios	16	307	1	1	17____	71837	2	1	0	0	0	0	0	0	0	0	0
C	Marios	16	307	1	1	17____	71934	1	0	0	1	0	0	0	0	0	0	0
C	Marios	16	307	1	1	17____	71953	1	0	0	0	0	0	0	1	0	0	0
C	Marios	16	307	1	1	17____	81232	1	0	0	1	0	0	0	0	0	0	0
C	Marios	16	307	1	1	17____	81305	1	0	0	0	0	0	0	1	0	0	0
C	Marios	16	307	1	1	17____	81484	1	2	1	1	0	0	0	0	0	0	0
C	Marios	16	307	1	1	17____	81518	2	0	0	0	0	0	0	1	0	0	0
C	Marios	16	307	1	1	17____	81734	2	1	0	0	0	0	0	0	0	0	0
C	Marios	16	307	1	1	17____	83416	1	0	0	1	0	0	0	0	0	0	0
C	Marios	16	307	1	1	17____	83423	1	0	0	0	0	0	0	1	0	0	0
C	Marios	16	307	1	1	17____	83446	1	2	1	1	0	0	0	0	0	0	0
C	Marios	16	307	1	1	17____	83449	2	0	0	0	0	0	0	1	0	0	0
C	Marios	16	307	1	1	17____	83696	2	1	0	0	0	0	0	0	0	0	0
C	Marios	16	307	1	1	17____	85446	1	0	0	0	1	0	0	0	0	0	0
C	Marios	16	307	1	1	17____	85550	1	0	0	0	0	0	0	0	1	0	0
C	Marios	16	307	1	1	17____	86805	1	0	0	0	1	0	0	0	0	0	0
C	Marios	16	307	1	1	17____	90000	1	4	0	0	0	0	0	0	0	0	0
C	Marios	16	307	1	1	17____	90001	4	0	0	0	0	0	0	0	1	0	0
C	Marios	16	307	1	1	17____	90250	4	-1	0	0	0	0	0	0	0	0	0
C	Marios	16	307	2	1	19____	0	0	1	0	0	0	0	0	0	0	0	0
C	Marios	16	307	2	1	19____	381	1	2	1	1	0	0	0	0	0	0	0
C	Marios	16	307	2	1	19____	384	2	0	0	0	0	0	0	1	0	0	0
C	Marios	16	307	2	1	19____	631	2	1	0	0	0	0	0	0	0	0	0
C	Marios	16	307	2	1	19____	825	1	3	2	0	1	0	0	0	0	0	0
C	Marios	16	307	2	1	19____	828	3	0	0	0	0	0	0	0	1	0	0
C	Marios	16	307	2	1	19____	1075	3	1	0	0	0	0	0	0	0	0	0
C	Marios	16	307	2	1	19____	1200	1	2	1	1	0	0	0	0	0	0	0
C	Marios	16	307	2	1	19____	1204	2	0	0	0	0	0	0	1	0	0	0
C	Marios	16	307	2	1	19____	1257	2	0	0	1	0	0	0	0	0	0	0
C	Marios	16	307	2	1	19____	1264	2	0	0	0	0	0	0	1	0	0	0
C	Marios	16	307	2	1	19____	1265	2	0	0	1	0	0	0	0	0	0	0
C	Marios	16	307	2	1	19____	1272	2	0	0	0	0	0	0	1	0	0	0
C	Marios	16	307	2	1	19____	1276	2	0	0	1	0	0	0	0	0	0	0
C	Marios	16	307	2	1	19____	1281	2	0	0	0	0	0	0	1	0	0	0
C	Marios	16	307	2	1	19____	1450	2	1	0	0	0	0	0	0	0	0	0
C	Marios	16	307	2	1	19____	1584	1	2	1	1	0	0	0	0	0	0	0
C	Marios	16	307	2	1	19____	1587	2	0	0	0	0	0	0	1	0	0	0
C	Marios	16	307	2	1	19____	1684	2	0	0	1	0	0	0	0	0	0	0
C	Marios	16	307	2	1	19____	1688	2	0	0	0	0	0	0	1	0	0	0
C	Marios	16	307	2	1	19____	1692	2	0	0	1	0	0	0	0	0	0	0
C	Marios	16	307	2	1	19____	1695	2	0	0	0	0	0	0	1	0	0	0
C	Marios	16	307	2	1	19____	1698	2	0	0	1	0	0	0	0	0	0	0
C	Marios	16	307	2	1	19____	1703	2	0	0	0	0	0	0	1	0	0	0
C	Marios	16	307	2	1	19____	1708	2	0	0	1	0	0	0	0	0	0	0
C	Marios	16	307	2	1	19____	1712	2	0	0	0	0	0	0	1	0	0	0
C	Marios	16	307	2	1	19____	1796	2	0	0	0	1	0	0	0	0	0	0
C	Marios	16	307	2	1	19____	1834	2	1	0	0	0	0	0	0	0	0	0
C	Marios	16	307	2	1	19____	1959	1	0	0	0	0	0	0	0	1	0	0
C	Marios	16	307	2	1	19____	1973	1	0	0	0	1	0	0	0	0	0	0
C	Marios	16	307	2	1	19____	1988	1	0	0	0	0	0	0	0	1	0	0
C	Marios	16	307	2	1	19____	2025	1	3	2	0	1	0	0	0	0	0	0
C	Marios	16	307	2	1	19____	2064	3	0	0	0	0	0	0	0	1	0	0
C	Marios	16	307	2	1	19____	2275	3	1	0	0	0	0	0	0	0	0	0
C	Marios	16	307	2	1	19____	2542	1	0	0	1	0	0	0	0	0	0	0
C	Marios	16	307	2	1	19____	2544	1	0	0	0	0	0	0	1	0	0	0
C	Marios	16	307	2	1	19____	2552	1	2	1	1	0	0	0	0	0	0	0
C	Marios	16	307	2	1	19____	2555	2	0	0	0	0	0	0	1	0	0	0
C	Marios	16	307	2	1	19____	2802	2	1	0	0	0	0	0	0	0	0	0
C	Marios	16	307	2	1	19____	2966	1	3	2	0	1	0	0	0	0	0	0
C	Marios	16	307	2	1	19____	2969	3	0	0	0	0	0	0	0	1	0	0
C	Marios	16	307	2	1	19____	3216	3	1	0	0	0	0	0	0	0	0	0
C	Marios	16	307	2	1	19____	3460	1	0	0	1	0	0	0	0	0	0	0
C	Marios	16	307	2	1	19____	3464	1	0	0	0	0	0	0	1	0	0	0
C	Marios	16	307	2	1	19____	3468	1	0	0	1	0	0	0	0	0	0	0
C	Marios	16	307	2	1	19____	3472	1	0	0	0	0	0	0	1	0	0	0
C	Marios	16	307	2	1	19____	3475	1	2	1	1	0	0	0	0	0	0	0
C	Marios	16	307	2	1	19____	3479	2	0	0	0	0	0	0	1	0	0	0
C	Marios	16	307	2	1	19____	3725	2	1	0	0	0	0	0	0	0	0	0
C	Marios	16	307	2	1	19____	3976	1	0	0	0	1	0	0	0	0	0	0
C	Marios	16	307	2	1	19____	4003	1	0	0	0	0	0	0	0	1	0	0
C	Marios	16	307	2	1	19____	4309	1	0	0	1	0	0	0	0	0	0	0
C	Marios	16	307	2	1	19____	4312	1	0	0	0	0	0	0	1	0	0	0
C	Marios	16	307	2	1	19____	5105	1	2	1	1	0	0	0	0	0	0	0
C	Marios	16	307	2	1	19____	5106	2	0	0	0	0	0	0	1	0	0	0
C	Marios	16	307	2	1	19____	5355	2	1	0	0	0	0	0	0	0	0	0
C	Marios	16	307	2	1	19____	5601	1	0	0	0	1	0	0	0	0	0	0
C	Marios	16	307	2	1	19____	5609	1	0	0	0	0	0	0	0	1	0	0
C	Marios	16	307	2	1	19____	6051	1	0	0	0	1	0	0	0	0	0	0
C	Marios	16	307	2	1	19____	6060	1	0	0	0	0	0	0	0	1	0	0
C	Marios	16	307	2	1	19____	7156	1	0	0	1	0	0	0	0	0	0	0
C	Marios	16	307	2	1	19____	7158	1	0	0	0	0	0	0	1	0	0	0
C	Marios	16	307	2	1	19____	7177	1	2	1	1	0	0	0	0	0	0	0
C	Marios	16	307	2	1	19____	7185	2	0	0	0	0	0	0	1	0	0	0
C	Marios	16	307	2	1	19____	7427	2	1	0	0	0	0	0	0	0	0	0
C	Marios	16	307	2	1	19____	7611	1	0	0	0	1	0	0	0	0	0	0
C	Marios	16	307	2	1	19____	7678	1	0	0	0	0	0	0	0	1	0	0
C	Marios	16	307	2	1	19____	9051	1	0	0	1	0	0	0	0	0	0	0
C	Marios	16	307	2	1	19____	9055	1	0	0	0	0	0	0	1	0	0	0
C	Marios	16	307	2	1	19____	9073	1	2	1	1	0	0	0	0	0	0	0
C	Marios	16	307	2	1	19____	9081	2	0	0	0	0	0	0	1	0	0	0
C	Marios	16	307	2	1	19____	9323	2	1	0	0	0	0	0	0	0	0	0
C	Marios	16	307	2	1	19____	12903	1	0	0	1	0	0	0	0	0	0	0
C	Marios	16	307	2	1	19____	12907	1	0	0	0	0	0	0	1	0	0	0
C	Marios	16	307	2	1	19____	12909	1	2	1	1	0	0	0	0	0	0	0
C	Marios	16	307	2	1	19____	12914	2	0	0	0	0	0	0	1	0	0	0
C	Marios	16	307	2	1	19____	12919	2	0	0	1	0	0	0	0	0	0	0
C	Marios	16	307	2	1	19____	12923	2	0	0	0	0	0	0	1	0	0	0
C	Marios	16	307	2	1	19____	12925	2	0	0	1	0	0	0	0	0	0	0
C	Marios	16	307	2	1	19____	12929	2	0	0	0	0	0	0	1	0	0	0
C	Marios	16	307	2	1	19____	12938	2	0	0	1	0	0	0	0	0	0	0
C	Marios	16	307	2	1	19____	12942	2	0	0	0	0	0	0	1	0	0	0
C	Marios	16	307	2	1	19____	13159	2	1	0	0	0	0	0	0	0	0	0
C	Marios	16	307	2	1	19____	13329	1	0	0	1	0	0	0	0	0	0	0
C	Marios	16	307	2	1	19____	13331	1	0	0	0	0	0	0	1	0	0	0
C	Marios	16	307	2	1	19____	13336	1	0	0	1	0	0	0	0	0	0	0
C	Marios	16	307	2	1	19____	13345	1	0	0	0	0	0	0	1	0	0	0
C	Marios	16	307	2	1	19____	13455	1	2	1	1	0	0	0	0	0	0	0
C	Marios	16	307	2	1	19____	13458	2	0	0	0	0	0	0	1	0	0	0
C	Marios	16	307	2	1	19____	13469	2	0	0	1	0	0	0	0	0	0	0
C	Marios	16	307	2	1	19____	13472	2	0	0	0	0	0	0	1	0	0	0
C	Marios	16	307	2	1	19____	13705	2	1	0	0	0	0	0	0	0	0	0
C	Marios	16	307	2	1	19____	14166	1	2	1	1	0	0	0	0	0	0	0
C	Marios	16	307	2	1	19____	14178	2	0	0	0	0	0	0	1	0	0	0
C	Marios	16	307	2	1	19____	14181	2	0	0	1	0	0	0	0	0	0	0
C	Marios	16	307	2	1	19____	14184	2	0	0	0	0	0	0	1	0	0	0
C	Marios	16	307	2	1	19____	14416	2	1	0	0	0	0	0	0	0	0	0
C	Marios	16	307	2	1	19____	15516	1	0	0	1	0	0	0	0	0	0	0
C	Marios	16	307	2	1	19____	15774	1	0	0	0	0	0	0	1	0	0	0
C	Marios	16	307	2	1	19____	15779	1	2	1	1	0	0	0	0	0	0	0
C	Marios	16	307	2	1	19____	15883	2	0	0	0	0	0	0	1	0	0	0
C	Marios	16	307	2	1	19____	16029	2	1	0	0	0	0	0	0	0	0	0
C	Marios	16	307	2	1	19____	18077	1	2	1	1	0	0	0	0	0	0	0
C	Marios	16	307	2	1	19____	18081	2	0	0	0	0	0	0	1	0	0	0
C	Marios	16	307	2	1	19____	18327	2	1	0	0	0	0	0	0	0	0	0
C	Marios	16	307	2	1	19____	18427	1	0	0	0	1	0	0	0	0	0	0
C	Marios	16	307	2	1	19____	18480	1	0	0	0	0	0	0	0	1	0	0
C	Marios	16	307	2	1	19____	18521	1	0	0	0	1	0	0	0	0	0	0
C	Marios	16	307	2	1	19____	18617	1	0	0	0	0	0	0	0	1	0	0
C	Marios	16	307	2	1	19____	18716	1	3	2	0	1	0	0	0	0	0	0
C	Marios	16	307	2	1	19____	18762	3	0	0	0	0	0	0	0	1	0	0
C	Marios	16	307	2	1	19____	18966	3	1	0	0	0	0	0	0	0	0	0
C	Marios	16	307	2	1	19____	19273	1	0	0	1	0	0	0	0	0	0	0
C	Marios	16	307	2	1	19____	19277	1	0	0	0	0	0	0	1	0	0	0
C	Marios	16	307	2	1	19____	19282	1	2	1	1	0	0	0	0	0	0	0
C	Marios	16	307	2	1	19____	19285	2	0	0	0	0	0	0	1	0	0	0
C	Marios	16	307	2	1	19____	19343	2	0	0	1	0	0	0	0	0	0	0
C	Marios	16	307	2	1	19____	19347	2	0	0	0	0	0	0	1	0	0	0
C	Marios	16	307	2	1	19____	19394	2	0	0	1	0	0	0	0	0	0	0
C	Marios	16	307	2	1	19____	19404	2	0	0	0	0	0	0	1	0	0	0
C	Marios	16	307	2	1	19____	19449	2	0	0	1	0	0	0	0	0	0	0
C	Marios	16	307	2	1	19____	19451	2	0	0	0	0	0	0	1	0	0	0
C	Marios	16	307	2	1	19____	19522	2	0	0	1	0	0	0	0	0	0	0
C	Marios	16	307	2	1	19____	19527	2	0	0	0	0	0	0	1	0	0	0
C	Marios	16	307	2	1	19____	19532	2	1	0	0	0	0	0	0	0	0	0
C	Marios	16	307	2	1	19____	20284	1	0	0	0	1	0	0	0	0	0	0
C	Marios	16	307	2	1	19____	20412	1	0	0	0	0	0	0	0	1	0	0
C	Marios	16	307	2	1	19____	20793	1	2	1	1	0	0	0	0	0	0	0
C	Marios	16	307	2	1	19____	20796	2	0	0	0	0	0	0	1	0	0	0
C	Marios	16	307	2	1	19____	21043	2	1	0	0	0	0	0	0	0	0	0
C	Marios	16	307	2	1	19____	23356	1	0	0	0	1	0	0	0	0	0	0
C	Marios	16	307	2	1	19____	23400	1	0	0	0	0	0	0	0	1	0	0
C	Marios	16	307	2	1	19____	23406	1	3	2	0	1	0	0	0	0	0	0
C	Marios	16	307	2	1	19____	23445	3	0	0	0	0	0	0	0	1	0	0
C	Marios	16	307	2	1	19____	23656	3	1	0	0	0	0	0	0	0	0	0
C	Marios	16	307	2	1	19____	23908	1	0	0	1	0	0	0	0	0	0	0
C	Marios	16	307	2	1	19____	23916	1	0	0	0	0	0	0	1	0	0	0
C	Marios	16	307	2	1	19____	23931	1	2	1	1	0	0	0	0	0	0	0
C	Marios	16	307	2	1	19____	23940	2	0	0	0	0	0	0	1	0	0	0
C	Marios	16	307	2	1	19____	23944	2	0	0	1	0	0	0	0	0	0	0
C	Marios	16	307	2	1	19____	23948	2	0	0	0	0	0	0	1	0	0	0
C	Marios	16	307	2	1	19____	24181	2	1	0	0	0	0	0	0	0	0	0
C	Marios	16	307	2	1	19____	26586	1	0	0	0	1	0	0	0	0	0	0
C	Marios	16	307	2	1	19____	26813	1	0	0	0	0	0	0	0	1	0	0
C	Marios	16	307	2	1	19____	26818	1	0	0	0	1	0	0	0	0	0	0
C	Marios	16	307	2	1	19____	26893	1	0	0	0	0	0	0	0	1	0	0
C	Marios	16	307	2	1	19____	30141	1	2	1	1	0	0	0	0	0	0	0
C	Marios	16	307	2	1	19____	30143	2	0	0	0	0	0	0	1	0	0	0
C	Marios	16	307	2	1	19____	30391	2	1	0	0	0	0	0	0	0	0	0
C	Marios	16	307	2	1	19____	39736	1	0	0	1	0	0	0	0	0	0	0
C	Marios	16	307	2	1	19____	39811	1	0	0	0	0	0	0	1	0	0	0
C	Marios	16	307	2	1	19____	51301	1	0	0	0	1	0	0	0	0	0	0
C	Marios	16	307	2	1	19____	51602	1	0	0	0	0	0	0	0	1	0	0
C	Marios	16	307	2	1	19____	51655	1	0	0	0	1	0	0	0	0	0	0
C	Marios	16	307	2	1	19____	51732	1	0	0	0	0	0	0	0	1	0	0
C	Marios	16	307	2	1	19____	51759	1	3	2	0	1	0	0	0	0	0	0
C	Marios	16	307	2	1	19____	51777	3	0	0	0	0	0	0	0	1	0	0
C	Marios	16	307	2	1	19____	52009	3	1	0	0	0	0	0	0	0	0	0
C	Marios	16	307	2	1	19____	52028	1	0	0	0	1	0	0	0	0	0	0
C	Marios	16	307	2	1	19____	52085	1	0	0	0	0	0	0	0	1	0	0
C	Marios	16	307	2	1	19____	52137	1	3	2	0	1	0	0	0	0	0	0
C	Marios	16	307	2	1	19____	52171	3	0	0	0	0	0	0	0	1	0	0
C	Marios	16	307	2	1	19____	52387	3	1	0	0	0	0	0	0	0	0	0
C	Marios	16	307	2	1	19____	52687	1	0	0	1	0	0	0	0	0	0	0
C	Marios	16	307	2	1	19____	52689	1	0	0	0	0	0	0	1	0	0	0
C	Marios	16	307	2	1	19____	52692	1	2	1	1	0	0	0	0	0	0	0
C	Marios	16	307	2	1	19____	52695	2	0	0	0	0	0	0	1	0	0	0
C	Marios	16	307	2	1	19____	52942	2	1	0	0	0	0	0	0	0	0	0
C	Marios	16	307	2	1	19____	53665	1	0	0	1	0	0	0	0	0	0	0
C	Marios	16	307	2	1	19____	53668	1	0	0	0	0	0	0	1	0	0	0
C	Marios	16	307	2	1	19____	53818	1	0	0	0	1	0	0	0	0	0	0
C	Marios	16	307	2	1	19____	54006	1	0	0	0	0	0	0	0	1	0	0
C	Marios	16	307	2	1	19____	62661	1	2	1	1	0	0	0	0	0	0	0
C	Marios	16	307	2	1	19____	62663	2	0	0	0	0	0	0	1	0	0	0
C	Marios	16	307	2	1	19____	62911	2	1	0	0	0	0	0	0	0	0	0
C	Marios	16	307	2	1	19____	63368	1	0	0	0	1	0	0	0	0	0	0
C	Marios	16	307	2	1	19____	63463	1	0	0	0	0	0	0	0	1	0	0
C	Marios	16	307	2	1	19____	66333	1	3	2	0	1	0	0	0	0	0	0
C	Marios	16	307	2	1	19____	66374	3	0	0	0	0	0	0	0	1	0	0
C	Marios	16	307	2	1	19____	66386	3	0	0	0	1	0	0	0	0	0	0
C	Marios	16	307	2	1	19____	66436	3	0	0	0	0	0	0	0	1	0	0
C	Marios	16	307	2	1	19____	66583	3	1	0	0	0	0	0	0	0	0	0
C	Marios	16	307	2	1	19____	67833	1	3	2	0	1	0	0	0	0	0	0
C	Marios	16	307	2	1	19____	67925	3	0	0	0	0	0	0	0	1	0	0
C	Marios	16	307	2	1	19____	68083	3	1	0	0	0	0	0	0	0	0	0
C	Marios	16	307	2	1	19____	68412	1	0	0	1	0	0	0	0	0	0	0
C	Marios	16	307	2	1	19____	68414	1	0	0	0	0	0	0	1	0	0	0
C	Marios	16	307	2	1	19____	68419	1	0	0	1	0	0	0	0	0	0	0
C	Marios	16	307	2	1	19____	68423	1	0	0	0	0	0	0	1	0	0	0
C	Marios	16	307	2	1	19____	68434	1	2	1	1	0	0	0	0	0	0	0
C	Marios	16	307	2	1	19____	68437	2	0	0	0	0	0	0	1	0	0	0
C	Marios	16	307	2	1	19____	68684	2	1	0	0	0	0	0	0	0	0	0
C	Marios	16	307	2	1	19____	68922	1	0	0	0	1	0	0	0	0	0	0
C	Marios	16	307	2	1	19____	68976	1	0	0	0	0	0	0	0	1	0	0
C	Marios	16	307	2	1	19____	74214	1	0	0	1	0	0	0	0	0	0	0
C	Marios	16	307	2	1	19____	74216	1	0	0	0	0	0	0	1	0	0	0
C	Marios	16	307	2	1	19____	74221	1	2	1	1	0	0	0	0	0	0	0
C	Marios	16	307	2	1	19____	74224	2	0	0	0	0	0	0	1	0	0	0
C	Marios	16	307	2	1	19____	74315	2	0	0	1	0	0	0	0	0	0	0
C	Marios	16	307	2	1	19____	74318	2	0	0	0	0	0	0	1	0	0	0
C	Marios	16	307	2	1	19____	74331	2	0	0	1	0	0	0	0	0	0	0
C	Marios	16	307	2	1	19____	74333	2	0	0	0	0	0	0	1	0	0	0
C	Marios	16	307	2	1	19____	74337	2	0	0	1	0	0	0	0	0	0	0
C	Marios	16	307	2	1	19____	74340	2	0	0	0	0	0	0	1	0	0	0
C	Marios	16	307	2	1	19____	74471	2	1	0	0	0	0	0	0	0	0	0
C	Marios	16	307	2	1	19____	79859	1	0	0	0	1	0	0	0	0	0	0
C	Marios	16	307	2	1	19____	79996	1	0	0	0	0	0	0	0	1	0	0
C	Marios	16	307	2	1	19____	80185	1	0	0	0	1	0	0	0	0	0	0
C	Marios	16	307	2	1	19____	80223	1	0	0	0	0	0	0	0	1	0	0
C	Marios	16	307	2	1	19____	80319	1	3	2	0	1	0	0	0	0	0	0
C	Marios	16	307	2	1	19____	80367	3	0	0	0	0	0	0	0	1	0	0
C	Marios	16	307	2	1	19____	80569	3	1	0	0	0	0	0	0	0	0	0
C	Marios	16	307	2	1	19____	90000	1	4	0	0	0	0	0	0	0	0	0
C	Marios	16	307	2	1	19____	90250	4	-1	0	0	0	0	0	0	0	0	0
C	Marios	16	307	4	1	21____	0	0	1	0	0	0	0	0	0	0	0	0
C	Marios	16	307	4	1	21____	174	1	2	1	1	0	0	0	0	0	0	0
C	Marios	16	307	4	1	21____	189	2	0	0	0	0	0	0	1	0	0	0
C	Marios	16	307	4	1	21____	424	2	1	0	0	0	0	0	0	0	0	0
C	Marios	16	307	4	1	21____	1280	1	2	1	1	0	0	0	0	0	0	0
C	Marios	16	307	4	1	21____	1285	2	0	0	0	0	0	0	1	0	0	0
C	Marios	16	307	4	1	21____	1289	2	0	0	1	0	0	0	0	0	0	0
C	Marios	16	307	4	1	21____	1408	2	0	0	0	0	0	0	1	0	0	0
C	Marios	16	307	4	1	21____	1530	2	1	0	0	0	0	0	0	0	0	0
C	Marios	16	307	4	1	21____	1669	1	2	1	1	0	0	0	0	0	0	0
C	Marios	16	307	4	1	21____	1840	2	0	0	0	0	0	0	1	0	0	0
C	Marios	16	307	4	1	21____	1919	2	1	0	0	0	0	0	0	0	0	0
C	Marios	16	307	4	1	21____	2186	1	2	1	1	0	0	0	0	0	0	0
C	Marios	16	307	4	1	21____	2192	2	0	0	0	0	0	0	1	0	0	0
C	Marios	16	307	4	1	21____	2436	2	1	0	0	0	0	0	0	0	0	0
C	Marios	16	307	4	1	21____	2808	1	2	1	1	0	0	0	0	0	0	0
C	Marios	16	307	4	1	21____	2865	2	0	0	0	0	0	0	1	0	0	0
C	Marios	16	307	4	1	21____	2899	2	0	0	1	0	0	0	0	0	0	0
C	Marios	16	307	4	1	21____	2913	2	0	0	0	0	0	0	1	0	0	0
C	Marios	16	307	4	1	21____	2919	2	0	0	1	0	0	0	0	0	0	0
C	Marios	16	307	4	1	21____	2981	2	0	0	0	0	0	0	1	0	0	0
C	Marios	16	307	4	1	21____	3058	2	1	0	0	0	0	0	0	0	0	0
C	Marios	16	307	4	1	21____	3377	1	0	0	1	0	0	0	0	0	0	0
C	Marios	16	307	4	1	21____	3480	1	0	0	0	0	0	0	1	0	0	0
C	Marios	16	307	4	1	21____	4406	1	2	1	1	0	0	0	0	0	0	0
C	Marios	16	307	4	1	21____	4410	2	0	0	0	0	0	0	1	0	0	0
C	Marios	16	307	4	1	21____	4415	2	0	0	1	0	0	0	0	0	0	0
C	Marios	16	307	4	1	21____	4454	2	0	0	0	0	0	0	1	0	0	0
C	Marios	16	307	4	1	21____	4656	2	1	0	0	0	0	0	0	0	0	0
C	Marios	16	307	4	1	21____	5361	1	0	0	1	0	0	0	0	0	0	0
C	Marios	16	307	4	1	21____	5385	1	0	0	0	0	0	0	1	0	0	0
C	Marios	16	307	4	1	21____	5400	1	2	1	1	0	0	0	0	0	0	0
C	Marios	16	307	4	1	21____	5468	2	0	0	0	0	0	0	1	0	0	0
C	Marios	16	307	4	1	21____	5470	2	0	0	1	0	0	0	0	0	0	0
C	Marios	16	307	4	1	21____	5499	2	0	0	0	0	0	0	1	0	0	0
C	Marios	16	307	4	1	21____	5650	2	1	0	0	0	0	0	0	0	0	0
C	Marios	16	307	4	1	21____	5981	1	2	1	1	0	0	0	0	0	0	0
C	Marios	16	307	4	1	21____	6059	2	0	0	0	0	0	0	1	0	0	0
C	Marios	16	307	4	1	21____	6133	2	0	0	0	1	0	0	0	0	0	0
C	Marios	16	307	4	1	21____	6138	2	0	0	0	0	0	0	0	1	0	0
C	Marios	16	307	4	1	21____	6231	2	1	0	0	0	0	0	0	0	0	0
C	Marios	16	307	4	1	21____	6439	1	0	0	1	0	0	0	0	0	0	0
C	Marios	16	307	4	1	21____	6453	1	0	0	0	0	0	0	1	0	0	0
C	Marios	16	307	4	1	21____	8115	1	2	1	1	0	0	0	0	0	0	0
C	Marios	16	307	4	1	21____	8128	2	0	0	0	0	0	0	1	0	0	0
C	Marios	16	307	4	1	21____	8135	2	0	0	1	0	0	0	0	0	0	0
C	Marios	16	307	4	1	21____	8156	2	0	0	0	0	0	0	1	0	0	0
C	Marios	16	307	4	1	21____	8365	2	1	0	0	0	0	0	0	0	0	0
C	Marios	16	307	4	1	21____	8581	1	0	0	1	0	0	0	0	0	0	0
C	Marios	16	307	4	1	21____	8658	1	0	0	0	0	0	0	1	0	0	0
C	Marios	16	307	4	1	21____	12138	1	2	1	1	0	0	0	0	0	0	0
C	Marios	16	307	4	1	21____	12141	2	0	0	0	0	0	0	1	0	0	0
C	Marios	16	307	4	1	21____	12142	2	0	0	1	0	0	0	0	0	0	0
C	Marios	16	307	4	1	21____	12241	2	0	0	0	0	0	0	1	0	0	0
C	Marios	16	307	4	1	21____	12388	2	1	0	0	0	0	0	0	0	0	0
C	Marios	16	307	4	1	21____	12552	1	0	0	1	0	0	0	0	0	0	0
C	Marios	16	307	4	1	21____	12584	1	0	0	0	0	0	0	1	0	0	0
C	Marios	16	307	4	1	21____	14943	1	2	1	1	0	0	0	0	0	0	0
C	Marios	16	307	4	1	21____	14945	2	0	0	0	0	0	0	1	0	0	0
C	Marios	16	307	4	1	21____	14950	2	0	0	1	0	0	0	0	0	0	0
C	Marios	16	307	4	1	21____	15068	2	0	0	0	0	0	0	1	0	0	0
C	Marios	16	307	4	1	21____	15193	2	1	0	0	0	0	0	0	0	0	0
C	Marios	16	307	4	1	21____	15904	1	0	0	1	0	0	0	0	0	0	0
C	Marios	16	307	4	1	21____	16090	1	0	0	0	0	0	0	1	0	0	0
C	Marios	16	307	4	1	21____	17885	1	2	1	1	0	0	0	0	0	0	0
C	Marios	16	307	4	1	21____	17984	2	0	0	0	0	0	0	1	0	0	0
C	Marios	16	307	4	1	21____	18049	2	0	0	0	1	0	0	0	0	0	0
C	Marios	16	307	4	1	21____	18053	2	0	0	0	0	0	0	0	1	0	0
C	Marios	16	307	4	1	21____	18097	2	0	0	0	1	0	0	0	0	0	0
C	Marios	16	307	4	1	21____	18104	2	0	0	0	0	0	0	0	1	0	0
C	Marios	16	307	4	1	21____	18135	2	1	0	0	0	0	0	0	0	0	0
C	Marios	16	307	4	1	21____	18218	1	3	2	0	1	0	0	0	0	0	0
C	Marios	16	307	4	1	21____	18259	3	0	0	0	0	0	0	0	1	0	0
C	Marios	16	307	4	1	21____	18276	3	0	0	0	1	0	0	0	0	0	0
C	Marios	16	307	4	1	21____	18280	3	0	0	0	0	0	0	0	1	0	0
C	Marios	16	307	4	1	21____	18282	3	0	0	0	1	0	0	0	0	0	0
C	Marios	16	307	4	1	21____	18284	3	0	0	0	0	0	0	0	1	0	0
C	Marios	16	307	4	1	21____	18289	3	0	0	0	1	0	0	0	0	0	0
C	Marios	16	307	4	1	21____	18292	3	0	0	0	0	0	0	0	1	0	0
C	Marios	16	307	4	1	21____	18295	3	0	0	0	1	0	0	0	0	0	0
C	Marios	16	307	4	1	21____	18299	3	0	0	0	0	0	0	0	1	0	0
C	Marios	16	307	4	1	21____	18303	3	0	0	0	1	0	0	0	0	0	0
C	Marios	16	307	4	1	21____	18306	3	0	0	0	0	0	0	0	1	0	0
C	Marios	16	307	4	1	21____	18468	3	1	0	0	0	0	0	0	0	0	0
C	Marios	16	307	4	1	21____	18541	1	0	0	0	1	0	0	0	0	0	0
C	Marios	16	307	4	1	21____	18555	1	0	0	0	0	0	0	0	1	0	0
C	Marios	16	307	4	1	21____	18813	1	3	2	0	1	0	0	0	0	0	0
C	Marios	16	307	4	1	21____	18843	3	0	0	0	0	0	0	0	1	0	0
C	Marios	16	307	4	1	21____	19063	3	1	0	0	0	0	0	0	0	0	0
C	Marios	16	307	4	1	21____	19566	1	0	0	0	1	0	0	0	0	0	0
C	Marios	16	307	4	1	21____	19573	1	0	0	0	0	0	0	0	1	0	0
C	Marios	16	307	4	1	21____	19576	1	0	0	0	1	0	0	0	0	0	0
C	Marios	16	307	4	1	21____	19580	1	0	0	0	0	0	0	0	1	0	0
C	Marios	16	307	4	1	21____	19623	1	3	2	0	1	0	0	0	0	0	0
C	Marios	16	307	4	1	21____	19628	3	0	0	0	0	0	0	0	1	0	0
C	Marios	16	307	4	1	21____	19674	3	0	0	0	1	0	0	0	0	0	0
C	Marios	16	307	4	1	21____	19682	3	0	0	0	0	0	0	0	1	0	0
C	Marios	16	307	4	1	21____	19873	3	1	0	0	0	0	0	0	0	0	0
C	Marios	16	307	4	1	21____	21751	1	0	0	0	1	0	0	0	0	0	0
C	Marios	16	307	4	1	21____	21772	1	0	0	0	0	0	0	0	1	0	0
C	Marios	16	307	4	1	21____	21806	1	3	2	0	1	0	0	0	0	0	0
C	Marios	16	307	4	1	21____	21815	3	0	0	0	0	0	0	0	1	0	0
C	Marios	16	307	4	1	21____	21880	3	0	0	0	1	0	0	0	0	0	0
C	Marios	16	307	4	1	21____	21901	3	0	0	0	0	0	0	0	1	0	0
C	Marios	16	307	4	1	21____	21927	3	0	0	0	1	0	0	0	0	0	0
C	Marios	16	307	4	1	21____	21929	3	0	0	0	0	0	0	0	1	0	0
C	Marios	16	307	4	1	21____	22056	3	1	0	0	0	0	0	0	0	0	0
C	Marios	16	307	4	1	21____	22657	1	2	1	1	0	0	0	0	0	0	0
C	Marios	16	307	4	1	21____	22713	2	0	0	0	0	0	0	1	0	0	0
C	Marios	16	307	4	1	21____	22901	2	0	0	0	1	0	0	0	0	0	0
C	Marios	16	307	4	1	21____	22907	2	1	0	0	0	0	0	0	0	0	0
C	Marios	16	307	4	1	21____	22910	1	0	0	0	0	0	0	0	1	0	0
C	Marios	16	307	4	1	21____	22921	1	0	0	0	1	0	0	0	0	0	0
C	Marios	16	307	4	1	21____	22952	1	0	0	0	0	0	0	0	1	0	0
C	Marios	16	307	4	1	21____	22958	1	0	0	0	1	0	0	0	0	0	0
C	Marios	16	307	4	1	21____	22962	1	0	0	0	0	0	0	0	1	0	0
C	Marios	16	307	4	1	21____	22987	1	3	2	0	1	0	0	0	0	0	0
C	Marios	16	307	4	1	21____	22995	3	0	0	0	0	0	0	0	1	0	0
C	Marios	16	307	4	1	21____	23237	3	1	0	0	0	0	0	0	0	0	0
C	Marios	16	307	4	1	21____	26420	1	0	0	1	0	0	0	0	0	0	0
C	Marios	16	307	4	1	21____	26808	1	0	0	0	0	0	0	1	0	0	0
C	Marios	16	307	4	1	21____	27327	1	2	1	1	0	0	0	0	0	0	0
C	Marios	16	307	4	1	21____	27491	2	0	0	0	0	0	0	1	0	0	0
C	Marios	16	307	4	1	21____	27577	2	1	0	0	0	0	0	0	0	0	0
C	Marios	16	307	4	1	21____	30796	1	0	0	1	0	0	0	0	0	0	0
C	Marios	16	307	4	1	21____	30849	1	0	0	0	0	0	0	1	0	0	0
C	Marios	16	307	4	1	21____	31203	1	0	0	1	0	0	0	0	0	0	0
C	Marios	16	307	4	1	21____	31207	1	0	0	0	0	0	0	1	0	0	0
C	Marios	16	307	4	1	21____	32000	1	0	0	0	1	0	0	0	0	0	0
C	Marios	16	307	4	1	21____	32001	1	0	0	0	0	0	0	0	1	0	0
C	Marios	16	307	4	1	21____	32005	1	0	0	0	1	0	0	0	0	0	0
C	Marios	16	307	4	1	21____	32007	1	0	0	0	0	0	0	0	1	0	0
C	Marios	16	307	4	1	21____	32058	1	3	2	0	1	0	0	0	0	0	0
C	Marios	16	307	4	1	21____	32064	3	0	0	0	0	0	0	0	1	0	0
C	Marios	16	307	4	1	21____	32066	3	0	0	0	1	0	0	0	0	0	0
C	Marios	16	307	4	1	21____	32070	3	0	0	0	0	0	0	0	1	0	0
C	Marios	16	307	4	1	21____	32076	3	0	0	0	1	0	0	0	0	0	0
C	Marios	16	307	4	1	21____	32079	3	0	0	0	0	0	0	0	1	0	0
C	Marios	16	307	4	1	21____	32082	3	0	0	0	1	0	0	0	0	0	0
C	Marios	16	307	4	1	21____	32086	3	0	0	0	0	0	0	0	1	0	0
C	Marios	16	307	4	1	21____	32154	3	0	0	0	1	0	0	0	0	0	0
C	Marios	16	307	4	1	21____	32158	3	0	0	0	0	0	0	0	1	0	0
C	Marios	16	307	4	1	21____	32181	3	0	0	0	1	0	0	0	0	0	0
C	Marios	16	307	4	1	21____	32191	3	0	0	0	0	0	0	0	1	0	0
C	Marios	16	307	4	1	21____	32195	3	0	0	0	1	0	0	0	0	0	0
C	Marios	16	307	4	1	21____	32198	3	0	0	0	0	0	0	0	1	0	0
C	Marios	16	307	4	1	21____	32202	3	0	0	0	1	0	0	0	0	0	0
C	Marios	16	307	4	1	21____	32207	3	0	0	0	0	0	0	0	1	0	0
C	Marios	16	307	4	1	21____	32211	3	0	0	0	1	0	0	0	0	0	0
C	Marios	16	307	4	1	21____	32214	3	0	0	0	0	0	0	0	1	0	0
C	Marios	16	307	4	1	21____	32219	3	0	0	0	1	0	0	0	0	0	0
C	Marios	16	307	4	1	21____	32223	3	0	0	0	0	0	0	0	1	0	0
C	Marios	16	307	4	1	21____	32271	3	0	0	0	1	0	0	0	0	0	0
C	Marios	16	307	4	1	21____	32274	3	0	0	0	0	0	0	0	1	0	0
C	Marios	16	307	4	1	21____	32308	3	1	0	0	0	0	0	0	0	0	0
C	Marios	16	307	4	1	21____	32398	1	0	0	0	1	0	0	0	0	0	0
C	Marios	16	307	4	1	21____	32401	1	0	0	0	0	0	0	0	1	0	0
C	Marios	16	307	4	1	21____	32404	1	3	2	0	1	0	0	0	0	0	0
C	Marios	16	307	4	1	21____	32409	3	0	0	0	0	0	0	0	1	0	0
C	Marios	16	307	4	1	21____	32416	3	0	0	0	1	0	0	0	0	0	0
C	Marios	16	307	4	1	21____	32419	3	0	0	0	0	0	0	0	1	0	0
C	Marios	16	307	4	1	21____	32424	3	0	0	0	1	0	0	0	0	0	0
C	Marios	16	307	4	1	21____	32430	3	0	0	0	0	0	0	0	1	0	0
C	Marios	16	307	4	1	21____	32654	3	1	0	0	0	0	0	0	0	0	0
C	Marios	16	307	4	1	21____	32784	1	0	0	0	1	0	0	0	0	0	0
C	Marios	16	307	4	1	21____	32825	1	0	0	0	0	0	0	0	1	0	0
C	Marios	16	307	4	1	21____	32858	1	0	0	0	1	0	0	0	0	0	0
C	Marios	16	307	4	1	21____	32891	1	0	0	0	0	0	0	0	1	0	0
C	Marios	16	307	4	1	21____	33032	1	3	2	0	1	0	0	0	0	0	0
C	Marios	16	307	4	1	21____	33091	3	0	0	0	0	0	0	0	1	0	0
C	Marios	16	307	4	1	21____	33132	3	0	0	0	1	0	0	0	0	0	0
C	Marios	16	307	4	1	21____	33136	3	0	0	0	0	0	0	0	1	0	0
C	Marios	16	307	4	1	21____	33282	3	1	0	0	0	0	0	0	0	0	0
C	Marios	16	307	4	1	21____	33725	1	0	0	0	1	0	0	0	0	0	0
C	Marios	16	307	4	1	21____	33759	1	0	0	0	0	0	0	0	1	0	0
C	Marios	16	307	4	1	21____	35406	1	0	0	1	0	0	0	0	0	0	0
C	Marios	16	307	4	1	21____	35426	1	0	0	0	0	0	0	1	0	0	0
C	Marios	16	307	4	1	21____	36237	1	0	0	1	0	0	0	0	0	0	0
C	Marios	16	307	4	1	21____	36319	1	0	0	0	0	0	0	1	0	0	0
C	Marios	16	307	4	1	21____	36393	1	2	1	1	0	0	0	0	0	0	0
C	Marios	16	307	4	1	21____	36395	2	0	0	0	0	0	0	1	0	0	0
C	Marios	16	307	4	1	21____	36643	2	1	0	0	0	0	0	0	0	0	0
C	Marios	16	307	4	1	21____	37368	1	0	0	0	1	0	0	0	0	0	0
C	Marios	16	307	4	1	21____	37371	1	0	0	0	0	0	0	0	1	0	0
C	Marios	16	307	4	1	21____	37784	1	3	2	0	1	0	0	0	0	0	0
C	Marios	16	307	4	1	21____	37789	3	0	0	0	0	0	0	0	1	0	0
C	Marios	16	307	4	1	21____	37820	3	0	0	0	1	0	0	0	0	0	0
C	Marios	16	307	4	1	21____	37824	3	0	0	0	0	0	0	0	1	0	0
C	Marios	16	307	4	1	21____	37827	3	0	0	0	1	0	0	0	0	0	0
C	Marios	16	307	4	1	21____	37831	3	0	0	0	0	0	0	0	1	0	0
C	Marios	16	307	4	1	21____	37837	3	0	0	0	1	0	0	0	1	0	0
C	Marios	16	307	4	1	21____	37850	3	0	0	0	1	0	0	0	0	0	0
C	Marios	16	307	4	1	21____	37853	3	0	0	0	0	0	0	0	1	0	0
C	Marios	16	307	4	1	21____	38034	3	1	0	0	0	0	0	0	0	0	0
C	Marios	16	307	4	1	21____	40097	1	0	0	1	0	0	0	0	0	0	0
C	Marios	16	307	4	1	21____	40126	1	0	0	0	0	0	0	1	0	0	0
C	Marios	16	307	4	1	21____	47303	1	3	2	0	1	0	0	0	0	0	0
C	Marios	16	307	4	1	21____	47311	3	0	0	0	0	0	0	0	1	0	0
C	Marios	16	307	4	1	21____	47393	3	0	0	0	1	0	0	0	0	0	0
C	Marios	16	307	4	1	21____	47404	3	0	0	0	0	0	0	0	1	0	0
C	Marios	16	307	4	1	21____	47420	3	0	0	0	1	0	0	0	0	0	0
C	Marios	16	307	4	1	21____	47423	3	0	0	0	0	0	0	0	1	0	0
C	Marios	16	307	4	1	21____	47553	3	1	0	0	0	0	0	0	0	0	0
C	Marios	16	307	4	1	21____	61924	1	0	0	1	0	0	0	0	0	0	0
C	Marios	16	307	4	1	21____	61929	1	0	0	0	0	0	0	1	0	0	0
C	Marios	16	307	4	1	21____	88693	1	0	0	0	1	0	0	0	0	0	0
C	Marios	16	307	4	1	21____	88730	1	0	0	0	0	0	0	0	1	0	0
C	Marios	16	307	4	1	21____	90000	1	4	0	0	0	0	0	0	0	0	0
C	Marios	16	307	4	1	21____	90250	4	-1	0	0	0	0	0	0	0	0	0
C	Marios	16	307	5	1	42____	0	0	1	0	0	0	0	0	0	0	0	0
C	Marios	16	307	5	1	42____	1439	1	2	1	1	0	0	0	0	0	0	0
C	Marios	16	307	5	1	42____	1457	2	0	0	0	0	0	0	1	0	0	0
C	Marios	16	307	5	1	42____	1689	2	1	0	0	0	0	0	0	0	0	0
C	Marios	16	307	5	1	42____	1993	1	0	0	1	0	0	0	0	0	0	0
C	Marios	16	307	5	1	42____	2069	1	0	0	0	0	0	0	1	0	0	0
C	Marios	16	307	5	1	42____	2076	1	0	0	1	0	0	0	0	0	0	0
C	Marios	16	307	5	1	42____	2119	1	0	0	0	0	0	0	1	0	0	0
C	Marios	16	307	5	1	42____	3239	1	2	1	1	0	0	0	0	0	0	0
C	Marios	16	307	5	1	42____	3251	2	0	0	0	0	0	0	1	0	0	0
C	Marios	16	307	5	1	42____	3489	2	1	0	0	0	0	0	0	0	0	0
C	Marios	16	307	5	1	42____	3597	1	2	1	1	0	0	0	0	0	0	0
C	Marios	16	307	5	1	42____	3608	2	0	0	0	0	0	0	1	0	0	0
C	Marios	16	307	5	1	42____	3847	2	1	0	0	0	0	0	0	0	0	0
C	Marios	16	307	5	1	42____	3997	1	0	0	1	0	0	0	0	0	0	0
C	Marios	16	307	5	1	42____	4026	1	0	0	0	0	0	0	1	0	0	0
C	Marios	16	307	5	1	42____	5358	1	2	1	1	0	0	0	0	0	0	0
C	Marios	16	307	5	1	42____	5368	2	0	0	0	0	0	0	1	0	0	0
C	Marios	16	307	5	1	42____	5608	2	1	0	0	0	0	0	0	0	0	0
C	Marios	16	307	5	1	42____	5876	1	0	0	1	0	0	0	0	0	0	0
C	Marios	16	307	5	1	42____	5953	1	0	0	0	0	0	0	1	0	0	0
C	Marios	16	307	5	1	42____	5963	1	2	1	1	0	0	0	0	0	0	0
C	Marios	16	307	5	1	42____	5978	2	0	0	0	0	0	0	1	0	0	0
C	Marios	16	307	5	1	42____	6213	2	1	0	0	0	0	0	0	0	0	0
C	Marios	16	307	5	1	42____	8252	1	0	0	1	0	0	0	0	0	0	0
C	Marios	16	307	5	1	42____	8380	1	0	0	0	0	0	0	1	0	0	0
C	Marios	16	307	5	1	42____	13541	1	0	0	1	0	0	0	0	0	0	0
C	Marios	16	307	5	1	42____	13559	1	0	0	0	0	0	0	1	0	0	0
C	Marios	16	307	5	1	42____	13563	1	2	1	1	0	0	0	0	0	0	0
C	Marios	16	307	5	1	42____	13577	2	0	0	0	0	0	0	1	0	0	0
C	Marios	16	307	5	1	42____	13813	2	1	0	0	0	0	0	0	0	0	0
C	Marios	16	307	5	1	42____	14284	1	0	0	1	0	0	0	0	0	0	0
C	Marios	16	307	5	1	42____	14285	1	0	0	0	0	0	0	1	0	0	0
C	Marios	16	307	5	1	42____	14290	1	0	0	1	0	0	0	0	0	0	0
C	Marios	16	307	5	1	42____	14293	1	0	0	0	0	0	0	1	0	0	0
C	Marios	16	307	5	1	42____	14300	1	2	1	1	0	0	0	0	0	0	0
C	Marios	16	307	5	1	42____	14316	2	0	0	0	0	0	0	1	0	0	0
C	Marios	16	307	5	1	42____	14550	2	1	0	0	0	0	0	0	0	0	0
C	Marios	16	307	5	1	42____	14647	1	0	0	1	0	0	0	1	0	0	0
C	Marios	16	307	5	1	42____	14703	1	0	0	0	0	0	0	1	0	0	0
C	Marios	16	307	5	1	42____	18494	1	0	0	1	0	0	0	0	0	0	0
C	Marios	16	307	5	1	42____	18500	1	0	0	0	0	0	0	1	0	0	0
C	Marios	16	307	5	1	42____	18501	1	2	1	1	0	0	0	0	0	0	0
C	Marios	16	307	5	1	42____	18518	2	0	0	0	0	0	0	1	0	0	0
C	Marios	16	307	5	1	42____	18751	2	1	0	0	0	0	0	0	0	0	0
C	Marios	16	307	5	1	42____	19229	1	0	0	1	0	0	0	0	0	0	0
C	Marios	16	307	5	1	42____	19269	1	0	0	0	0	0	0	1	0	0	0
C	Marios	16	307	5	1	42____	19275	1	2	1	1	0	0	0	0	0	0	0
C	Marios	16	307	5	1	42____	19291	2	0	0	0	0	0	0	1	0	0	0
C	Marios	16	307	5	1	42____	19294	2	0	0	1	0	0	0	0	0	0	0
C	Marios	16	307	5	1	42____	19300	2	0	0	0	0	0	0	1	0	0	0
C	Marios	16	307	5	1	42____	19377	2	0	0	1	0	0	0	0	0	0	0
C	Marios	16	307	5	1	42____	19406	2	0	0	0	0	0	0	1	0	0	0
C	Marios	16	307	5	1	42____	19417	2	0	0	1	0	0	0	0	0	0	0
C	Marios	16	307	5	1	42____	19423	2	0	0	0	0	0	0	1	0	0	0
C	Marios	16	307	5	1	42____	19525	2	1	0	0	0	0	0	0	0	0	0
C	Marios	16	307	5	1	42____	19771	1	0	0	1	0	0	0	0	0	0	0
C	Marios	16	307	5	1	42____	19808	1	0	0	0	0	0	0	1	0	0	0
C	Marios	16	307	5	1	42____	19889	1	0	0	1	0	0	0	0	0	0	0
C	Marios	16	307	5	1	42____	19892	1	0	0	0	0	0	0	1	0	0	0
C	Marios	16	307	5	1	42____	19896	1	2	1	1	0	0	0	0	0	0	0
C	Marios	16	307	5	1	42____	19899	2	0	0	0	0	0	0	1	0	0	0
C	Marios	16	307	5	1	42____	19902	2	0	0	1	0	0	0	0	0	0	0
C	Marios	16	307	5	1	42____	19906	2	0	0	0	0	0	0	1	0	0	0
C	Marios	16	307	5	1	42____	20146	2	1	0	0	0	0	0	0	0	0	0
C	Marios	16	307	5	1	42____	20557	1	0	0	1	0	0	0	0	0	0	0
C	Marios	16	307	5	1	42____	20614	1	0	0	0	0	0	0	1	0	0	0
C	Marios	16	307	5	1	42____	20631	1	2	1	1	0	0	0	0	0	0	0
C	Marios	16	307	5	1	42____	20732	2	0	0	0	0	0	0	1	0	0	0
C	Marios	16	307	5	1	42____	20881	2	1	0	0	0	0	0	0	0	0	0
C	Marios	16	307	5	1	42____	22439	1	3	2	0	1	0	0	0	0	0	0
C	Marios	16	307	5	1	42____	22464	3	0	0	0	0	0	0	0	1	0	0
C	Marios	16	307	5	1	42____	22689	3	1	0	0	0	0	0	0	0	0	0
C	Marios	16	307	5	1	42____	23214	1	0	0	0	1	0	0	0	0	0	0
C	Marios	16	307	5	1	42____	23275	1	0	0	0	0	0	0	0	1	0	0
C	Marios	16	307	5	1	42____	23283	1	0	0	0	1	0	0	0	0	0	0
C	Marios	16	307	5	1	42____	23364	1	0	0	0	0	0	0	0	1	0	0
C	Marios	16	307	5	1	42____	23955	1	2	1	1	0	0	0	0	0	0	0
C	Marios	16	307	5	1	42____	24081	2	0	0	0	0	0	0	1	0	0	0
C	Marios	16	307	5	1	42____	24205	2	1	0	0	0	0	0	0	0	0	0
C	Marios	16	307	5	1	42____	25576	1	0	0	0	1	0	0	0	0	0	0
C	Marios	16	307	5	1	42____	25579	1	0	0	0	0	0	0	0	1	0	0
C	Marios	16	307	5	1	42____	25593	1	0	0	0	1	0	0	0	0	0	0
C	Marios	16	307	5	1	42____	25620	1	0	0	0	0	0	0	0	1	0	0
C	Marios	16	307	5	1	42____	25867	1	2	1	1	0	0	0	0	0	0	0
C	Marios	16	307	5	1	42____	26117	2	1	0	0	0	0	0	0	0	0	0
C	Marios	16	307	5	1	42____	26550	1	0	0	0	0	0	0	1	0	0	0
C	Marios	16	307	5	1	42____	26837	1	2	1	1	0	0	0	0	0	0	0
C	Marios	16	307	5	1	42____	26928	2	0	0	0	0	0	0	1	0	0	0
C	Marios	16	307	5	1	42____	27087	2	1	0	0	0	0	0	0	0	0	0
C	Marios	16	307	5	1	42____	30800	1	2	1	1	0	0	0	0	0	0	0
C	Marios	16	307	5	1	42____	30813	2	0	0	1	0	0	0	1	0	0	0
C	Marios	16	307	5	1	42____	30836	2	0	0	0	0	0	0	1	0	0	0
C	Marios	16	307	5	1	42____	31050	2	1	0	0	0	0	0	0	0	0	0
C	Marios	16	307	5	1	42____	32899	1	0	0	1	0	0	0	0	0	0	0
C	Marios	16	307	5	1	42____	32961	1	0	0	0	0	0	0	1	0	0	0
C	Marios	16	307	5	1	42____	32963	1	0	0	1	0	0	0	0	0	0	0
C	Marios	16	307	5	1	42____	32973	1	0	0	0	0	0	0	1	0	0	0
C	Marios	16	307	5	1	42____	32974	1	2	1	1	0	0	0	0	0	0	0
C	Marios	16	307	5	1	42____	32980	2	0	0	0	0	0	0	1	0	0	0
C	Marios	16	307	5	1	42____	32981	2	0	0	1	0	0	0	0	0	0	0
C	Marios	16	307	5	1	42____	33005	2	0	0	1	0	0	0	1	0	0	0
C	Marios	16	307	5	1	42____	33041	2	0	0	0	0	0	0	1	0	0	0
C	Marios	16	307	5	1	42____	33042	2	0	0	1	0	0	0	0	0	0	0
C	Marios	16	307	5	1	42____	33046	2	0	0	1	0	0	0	1	0	0	0
C	Marios	16	307	5	1	42____	33048	2	0	0	0	0	0	0	1	0	0	0
C	Marios	16	307	5	1	42____	33053	2	0	0	1	0	0	0	0	0	0	0
C	Marios	16	307	5	1	42____	33060	2	0	0	0	0	0	0	1	0	0	0
C	Marios	16	307	5	1	42____	33066	2	0	0	1	0	0	0	0	0	0	0
C	Marios	16	307	5	1	42____	33071	2	0	0	0	0	0	0	1	0	0	0
C	Marios	16	307	5	1	42____	33224	2	1	0	0	0	0	0	0	0	0	0
C	Marios	16	307	5	1	42____	35187	1	0	0	1	0	0	0	0	0	0	0
C	Marios	16	307	5	1	42____	35216	1	0	0	0	0	0	0	1	0	0	0
C	Marios	16	307	5	1	42____	35217	1	0	0	1	0	0	0	0	0	0	0
C	Marios	16	307	5	1	42____	35219	1	0	0	0	0	0	0	1	0	0	0
C	Marios	16	307	5	1	42____	35318	1	2	1	1	0	0	0	0	0	0	0
C	Marios	16	307	5	1	42____	35330	2	0	0	0	0	0	0	1	0	0	0
C	Marios	16	307	5	1	42____	35351	2	0	0	1	0	0	0	0	0	0	0
C	Marios	16	307	5	1	42____	35352	2	0	0	1	0	0	0	1	0	0	0
C	Marios	16	307	5	1	42____	35354	2	0	0	0	0	0	0	1	0	0	0
C	Marios	16	307	5	1	42____	35568	2	1	0	0	0	0	0	0	0	0	0
C	Marios	16	307	5	1	42____	36300	1	2	1	1	0	0	0	0	0	0	0
C	Marios	16	307	5	1	42____	36316	2	0	0	0	0	0	0	1	0	0	0
C	Marios	16	307	5	1	42____	36550	2	1	0	0	0	0	0	0	0	0	0
C	Marios	16	307	5	1	42____	39548	1	0	0	0	1	0	0	0	0	0	0
C	Marios	16	307	5	1	42____	39940	1	0	0	0	0	0	0	0	1	0	0
C	Marios	16	307	5	1	42____	41029	1	2	1	1	0	0	0	0	0	0	0
C	Marios	16	307	5	1	42____	41031	2	0	0	1	0	0	0	1	0	0	0
C	Marios	16	307	5	1	42____	41072	2	0	0	1	0	0	0	1	0	0	0
C	Marios	16	307	5	1	42____	41094	2	0	0	0	0	0	0	1	0	0	0
C	Marios	16	307	5	1	42____	41123	2	0	0	1	0	0	0	0	0	0	0
C	Marios	16	307	5	1	42____	41128	2	0	0	0	0	0	0	1	0	0	0
C	Marios	16	307	5	1	42____	41173	2	0	0	1	0	0	0	0	0	0	0
C	Marios	16	307	5	1	42____	41175	2	0	0	1	0	0	0	1	0	0	0
C	Marios	16	307	5	1	42____	41178	2	0	0	1	0	0	0	1	0	0	0
C	Marios	16	307	5	1	42____	41197	2	0	0	0	0	0	0	1	0	0	0
C	Marios	16	307	5	1	42____	41199	2	0	0	1	0	0	0	0	0	0	0
C	Marios	16	307	5	1	42____	41210	2	0	0	1	0	0	0	1	0	0	0
C	Marios	16	307	5	1	42____	41227	2	0	0	0	0	0	0	1	0	0	0
C	Marios	16	307	5	1	42____	41279	2	1	0	0	0	0	0	0	0	0	0
C	Marios	16	307	5	1	42____	42236	1	0	0	0	1	0	0	0	0	0	0
C	Marios	16	307	5	1	42____	42453	1	0	0	0	0	0	0	0	1	0	0
C	Marios	16	307	5	1	42____	43015	1	0	0	1	0	0	0	0	0	0	0
C	Marios	16	307	5	1	42____	43016	1	0	0	0	0	0	0	1	0	0	0
C	Marios	16	307	5	1	42____	43051	1	2	1	1	0	0	0	0	0	0	0
C	Marios	16	307	5	1	42____	43072	2	0	0	0	0	0	0	1	0	0	0
C	Marios	16	307	5	1	42____	43301	2	1	0	0	0	0	0	0	0	0	0
C	Marios	16	307	5	1	42____	43483	1	2	1	1	0	0	0	0	0	0	0
C	Marios	16	307	5	1	42____	43558	2	0	0	0	0	0	0	1	0	0	0
C	Marios	16	307	5	1	42____	43561	2	0	0	1	0	0	0	0	0	0	0
C	Marios	16	307	5	1	42____	43574	2	0	0	0	0	0	0	1	0	0	0
C	Marios	16	307	5	1	42____	43579	2	0	0	1	0	0	0	0	0	0	0
C	Marios	16	307	5	1	42____	43595	2	0	0	0	0	0	0	1	0	0	0
C	Marios	16	307	5	1	42____	43733	2	1	0	0	0	0	0	0	0	0	0
C	Marios	16	307	5	1	42____	45676	1	0	0	0	1	0	0	0	0	0	0
C	Marios	16	307	5	1	42____	45738	1	0	0	0	0	0	0	0	1	0	0
C	Marios	16	307	5	1	42____	45763	1	0	0	0	1	0	0	0	0	0	0
C	Marios	16	307	5	1	42____	45945	1	0	0	0	0	0	0	0	1	0	0
C	Marios	16	307	5	1	42____	48577	1	0	0	1	0	0	0	0	0	0	0
C	Marios	16	307	5	1	42____	48591	1	0	0	0	0	0	0	1	0	0	0
C	Marios	16	307	5	1	42____	48597	1	0	0	1	0	0	0	0	0	0	0
C	Marios	16	307	5	1	42____	48927	1	0	0	0	0	0	0	1	0	0	0
C	Marios	16	307	5	1	42____	50409	1	2	1	1	0	0	0	0	0	0	0
C	Marios	16	307	5	1	42____	50560	2	0	0	0	0	0	0	1	0	0	0
C	Marios	16	307	5	1	42____	50659	2	1	0	0	0	0	0	0	0	0	0
C	Marios	16	307	5	1	42____	50956	1	2	1	1	0	0	0	0	0	0	0
C	Marios	16	307	5	1	42____	51116	2	0	0	0	0	0	0	1	0	0	0
C	Marios	16	307	5	1	42____	51121	2	0	0	1	0	0	0	0	0	0	0
C	Marios	16	307	5	1	42____	51159	2	0	0	0	0	0	0	1	0	0	0
C	Marios	16	307	5	1	42____	51160	2	0	0	1	0	0	0	0	0	0	0
C	Marios	16	307	5	1	42____	51162	2	0	0	0	0	0	0	1	0	0	0
C	Marios	16	307	5	1	42____	51206	2	1	0	0	0	0	0	0	0	0	0
C	Marios	16	307	5	1	42____	52083	1	0	0	1	0	0	0	0	0	0	0
C	Marios	16	307	5	1	42____	52091	1	0	0	0	0	0	0	1	0	0	0
C	Marios	16	307	5	1	42____	52100	1	2	1	1	0	0	0	0	0	0	0
C	Marios	16	307	5	1	42____	52115	2	0	0	0	0	0	0	1	0	0	0
C	Marios	16	307	5	1	42____	52350	2	1	0	0	0	0	0	0	0	0	0
C	Marios	16	307	5	1	42____	57775	1	0	0	1	0	0	0	0	0	0	0
C	Marios	16	307	5	1	42____	58380	1	0	0	1	0	0	0	1	0	0	0
C	Marios	16	307	5	1	42____	58385	1	2	1	1	0	0	0	1	0	0	0
C	Marios	16	307	5	1	42____	58389	2	0	0	0	0	0	0	1	0	0	0
C	Marios	16	307	5	1	42____	58452	2	0	0	1	0	0	0	0	0	0	0
C	Marios	16	307	5	1	42____	58630	2	0	0	1	0	0	0	1	0	0	0
C	Marios	16	307	5	1	42____	58632	2	0	0	1	0	0	0	1	0	0	0
C	Marios	16	307	5	1	42____	58635	2	1	0	0	0	0	0	0	0	0	0
C	Marios	16	307	5	1	42____	58667	1	0	0	0	0	0	0	1	0	0	0
C	Marios	16	307	5	1	42____	58671	1	0	0	1	0	0	0	0	0	0	0
C	Marios	16	307	5	1	42____	58834	1	0	0	0	0	0	0	1	0	0	0
C	Marios	16	307	5	1	42____	58849	1	2	1	1	0	0	0	0	0	0	0
C	Marios	16	307	5	1	42____	58879	2	0	0	0	0	0	0	1	0	0	0
C	Marios	16	307	5	1	42____	58896	2	0	0	1	0	0	0	0	0	0	0
C	Marios	16	307	5	1	42____	58901	2	0	0	0	0	0	0	1	0	0	0
C	Marios	16	307	5	1	42____	59099	2	1	0	0	0	0	0	0	0	0	0
C	Marios	16	307	5	1	42____	59475	1	0	0	1	0	0	0	0	0	0	0
C	Marios	16	307	5	1	42____	59558	1	0	0	0	0	0	0	1	0	0	0
C	Marios	16	307	5	1	42____	59598	1	2	1	1	0	0	0	0	0	0	0
C	Marios	16	307	5	1	42____	59708	2	0	0	0	0	0	0	1	0	0	0
C	Marios	16	307	5	1	42____	59848	2	1	0	0	0	0	0	0	0	0	0
C	Marios	16	307	5	1	42____	60252	1	0	0	1	0	0	0	0	0	0	0
C	Marios	16	307	5	1	42____	60270	1	0	0	0	0	0	0	1	0	0	0
C	Marios	16	307	5	1	42____	60277	1	0	0	1	0	0	0	0	0	0	0
C	Marios	16	307	5	1	42____	60334	1	0	0	0	0	0	0	1	0	0	0
C	Marios	16	307	5	1	42____	60339	1	2	1	1	0	0	0	0	0	0	0
C	Marios	16	307	5	1	42____	60457	2	0	0	0	0	0	0	1	0	0	0
C	Marios	16	307	5	1	42____	60461	2	0	0	1	0	0	0	0	0	0	0
C	Marios	16	307	5	1	42____	60468	2	0	0	0	0	0	0	1	0	0	0
C	Marios	16	307	5	1	42____	60471	2	0	0	1	0	0	0	0	0	0	0
C	Marios	16	307	5	1	42____	60500	2	0	0	0	0	0	0	1	0	0	0
C	Marios	16	307	5	1	42____	60545	2	0	0	1	0	0	0	0	0	0	0
C	Marios	16	307	5	1	42____	60550	2	0	0	0	0	0	0	1	0	0	0
C	Marios	16	307	5	1	42____	60560	2	0	0	1	0	0	0	0	0	0	0
C	Marios	16	307	5	1	42____	60572	2	0	0	0	0	0	0	1	0	0	0
C	Marios	16	307	5	1	42____	60589	2	1	0	0	0	0	0	0	0	0	0
C	Marios	16	307	5	1	42____	60764	1	0	0	1	0	0	0	0	0	0	0
C	Marios	16	307	5	1	42____	60790	1	0	0	1	0	0	0	1	0	0	0
C	Marios	16	307	5	1	42____	60980	1	0	0	0	0	0	0	1	0	0	0
C	Marios	16	307	5	1	42____	61031	1	2	1	1	0	0	0	0	0	0	0
C	Marios	16	307	5	1	42____	61036	2	0	0	0	0	0	0	1	0	0	0
C	Marios	16	307	5	1	42____	61281	2	1	0	0	0	0	0	0	0	0	0
C	Marios	16	307	5	1	42____	61857	1	0	0	1	0	0	0	0	0	0	0
C	Marios	16	307	5	1	42____	61872	1	0	0	0	0	0	0	1	0	0	0
C	Marios	16	307	5	1	42____	61874	1	0	0	1	0	0	0	0	0	0	0
C	Marios	16	307	5	1	42____	61969	1	0	0	0	0	0	0	1	0	0	0
C	Marios	16	307	5	1	42____	62779	1	2	1	1	0	0	0	0	0	0	0
C	Marios	16	307	5	1	42____	62872	2	0	0	0	0	0	0	1	0	0	0
C	Marios	16	307	5	1	42____	62873	2	0	0	1	0	0	0	0	0	0	0
C	Marios	16	307	5	1	42____	62875	2	0	0	0	0	0	0	1	0	0	0
C	Marios	16	307	5	1	42____	62915	2	0	0	1	0	0	0	0	0	0	0
C	Marios	16	307	5	1	42____	62948	2	0	0	0	0	0	0	1	0	0	0
C	Marios	16	307	5	1	42____	62954	2	0	0	1	0	0	0	0	0	0	0
C	Marios	16	307	5	1	42____	62959	2	0	0	0	0	0	0	1	0	0	0
C	Marios	16	307	5	1	42____	62967	2	0	0	1	0	0	0	0	0	0	0
C	Marios	16	307	5	1	42____	62993	2	0	0	1	0	0	0	1	0	0	0
C	Marios	16	307	5	1	42____	62996	2	0	0	0	0	0	0	1	0	0	0
C	Marios	16	307	5	1	42____	63029	2	1	0	0	0	0	0	0	0	0	0
C	Marios	16	307	5	1	42____	63188	1	0	0	1	0	0	0	0	0	0	0
C	Marios	16	307	5	1	42____	63202	1	0	0	0	0	0	0	1	0	0	0
C	Marios	16	307	5	1	42____	63203	1	0	0	1	0	0	0	0	0	0	0
C	Marios	16	307	5	1	42____	63208	1	0	0	0	0	0	0	1	0	0	0
C	Marios	16	307	5	1	42____	63893	1	0	0	0	1	0	0	0	0	0	0
C	Marios	16	307	5	1	42____	63937	1	0	0	0	0	0	0	0	1	0	0
C	Marios	16	307	5	1	42____	63940	1	0	0	0	1	0	0	0	0	0	0
C	Marios	16	307	5	1	42____	63987	1	0	0	0	0	0	0	0	1	0	0
C	Marios	16	307	5	1	42____	90000	1	4	0	0	0	0	0	0	0	0	0
C	Marios	16	307	5	1	42____	90250	4	-1	0	0	0	0	0	0	0	0	0
C	Marios	16	307	6	1	44____	0	0	1	0	0	0	0	0	0	0	0	0
C	Marios	16	307	6	1	44____	480	1	2	1	1	0	0	0	0	0	0	0
C	Marios	16	307	6	1	44____	509	2	0	0	0	0	0	0	1	0	0	0
C	Marios	16	307	6	1	44____	730	2	1	0	0	0	0	0	0	0	0	0
C	Marios	16	307	6	1	44____	1005	1	0	0	1	0	0	0	0	0	0	0
C	Marios	16	307	6	1	44____	1006	1	0	0	0	0	0	0	1	0	0	0
C	Marios	16	307	6	1	44____	1106	1	0	0	1	0	0	0	0	0	0	0
C	Marios	16	307	6	1	44____	1201	1	0	0	0	0	0	0	1	0	0	0
C	Marios	16	307	6	1	44____	4599	1	2	1	1	0	0	0	0	0	0	0
C	Marios	16	307	6	1	44____	4601	2	0	0	0	0	0	0	1	0	0	0
C	Marios	16	307	6	1	44____	4606	2	0	0	1	0	0	0	0	0	0	0
C	Marios	16	307	6	1	44____	4608	2	0	0	0	0	0	0	1	0	0	0
C	Marios	16	307	6	1	44____	4849	2	1	0	0	0	0	0	0	0	0	0
C	Marios	16	307	6	1	44____	5584	1	0	0	1	0	0	0	0	0	0	0
C	Marios	16	307	6	1	44____	5589	1	0	0	0	0	0	0	1	0	0	0
C	Marios	16	307	6	1	44____	5651	1	2	1	1	0	0	0	0	0	0	0
C	Marios	16	307	6	1	44____	5660	2	0	0	0	0	0	0	1	0	0	0
C	Marios	16	307	6	1	44____	5901	2	1	0	0	0	0	0	0	0	0	0
C	Marios	16	307	6	1	44____	7524	1	0	0	1	0	0	0	0	0	0	0
C	Marios	16	307	6	1	44____	7530	1	0	0	0	0	0	0	1	0	0	0
C	Marios	16	307	6	1	44____	7558	1	0	0	1	0	0	0	0	0	0	0
C	Marios	16	307	6	1	44____	7583	1	0	0	0	0	0	0	1	0	0	0
C	Marios	16	307	6	1	44____	7605	1	2	1	1	0	0	0	0	0	0	0
C	Marios	16	307	6	1	44____	7611	2	0	0	0	0	0	0	1	0	0	0
C	Marios	16	307	6	1	44____	7623	2	0	0	1	0	0	0	0	0	0	0
C	Marios	16	307	6	1	44____	7625	2	0	0	0	0	0	0	1	0	0	0
C	Marios	16	307	6	1	44____	7797	2	0	0	1	0	0	0	0	0	0	0
C	Marios	16	307	6	1	44____	7799	2	0	0	0	0	0	0	1	0	0	0
C	Marios	16	307	6	1	44____	7855	2	1	0	0	0	0	0	0	0	0	0
C	Marios	16	307	6	1	44____	8218	1	2	1	1	0	0	0	0	0	0	0
C	Marios	16	307	6	1	44____	8236	2	0	0	0	0	0	0	1	0	0	0
C	Marios	16	307	6	1	44____	8468	2	1	0	0	0	0	0	0	0	0	0
C	Marios	16	307	6	1	44____	9018	1	3	2	0	1	0	0	0	0	0	0
C	Marios	16	307	6	1	44____	9020	3	0	0	0	0	0	0	0	1	0	0
C	Marios	16	307	6	1	44____	9268	3	1	0	0	0	0	0	0	0	0	0
C	Marios	16	307	6	1	44____	11648	1	2	1	1	0	0	0	0	0	0	0
C	Marios	16	307	6	1	44____	11653	2	0	0	0	0	0	0	1	0	0	0
C	Marios	16	307	6	1	44____	11898	2	1	0	0	0	0	0	0	0	0	0
C	Marios	16	307	6	1	44____	11934	1	0	0	1	0	0	0	0	0	0	0
C	Marios	16	307	6	1	44____	11935	1	0	0	0	0	0	0	1	0	0	0
C	Marios	16	307	6	1	44____	11948	1	2	1	1	0	0	0	0	0	0	0
C	Marios	16	307	6	1	44____	11971	2	0	0	0	0	0	0	1	0	0	0
C	Marios	16	307	6	1	44____	12198	2	1	0	0	0	0	0	0	0	0	0
C	Marios	16	307	6	1	44____	12574	1	0	0	1	0	0	0	0	0	0	0
C	Marios	16	307	6	1	44____	12606	1	0	0	0	0	0	0	1	0	0	0
C	Marios	16	307	6	1	44____	12654	1	0	0	1	0	0	0	0	0	0	0
C	Marios	16	307	6	1	44____	12658	1	0	0	0	0	0	0	1	0	0	0
C	Marios	16	307	6	1	44____	12735	1	0	0	0	1	0	0	0	0	0	0
C	Marios	16	307	6	1	44____	12736	1	0	0	0	0	0	0	0	1	0	0
C	Marios	16	307	6	1	44____	13752	1	0	0	0	1	0	0	0	0	0	0
C	Marios	16	307	6	1	44____	13755	1	0	0	0	0	0	0	0	1	0	0
C	Marios	16	307	6	1	44____	23596	1	2	1	1	0	0	0	0	0	0	0
C	Marios	16	307	6	1	44____	23597	2	0	0	0	0	0	0	1	0	0	0
C	Marios	16	307	6	1	44____	23846	2	1	0	0	0	0	0	0	0	0	0
C	Marios	16	307	6	1	44____	23991	1	2	1	1	0	0	0	0	0	0	0
C	Marios	16	307	6	1	44____	24000	2	0	0	0	0	0	0	1	0	0	0
C	Marios	16	307	6	1	44____	24241	2	1	0	0	0	0	0	0	0	0	0
C	Marios	16	307	6	1	44____	24779	1	0	0	0	1	0	0	0	0	0	0
C	Marios	16	307	6	1	44____	24785	1	0	0	0	0	0	0	0	1	0	0
C	Marios	16	307	6	1	44____	24787	1	0	0	0	1	0	0	0	0	0	0
C	Marios	16	307	6	1	44____	24792	1	0	0	0	0	0	0	0	1	0	0
C	Marios	16	307	6	1	44____	24948	1	0	0	1	0	0	0	0	0	0	0
C	Marios	16	307	6	1	44____	24960	1	0	0	0	0	0	0	1	0	0	0
C	Marios	16	307	6	1	44____	24985	1	0	0	1	0	0	0	0	0	0	0
C	Marios	16	307	6	1	44____	24991	1	0	0	0	0	0	0	1	0	0	0
C	Marios	16	307	6	1	44____	25001	1	2	1	1	0	0	0	0	0	0	0
C	Marios	16	307	6	1	44____	25006	2	0	0	0	0	0	0	1	0	0	0
C	Marios	16	307	6	1	44____	25026	2	0	0	1	0	0	0	0	0	0	0
C	Marios	16	307	6	1	44____	25030	2	0	0	0	0	0	0	1	0	0	0
C	Marios	16	307	6	1	44____	25043	2	0	0	1	0	0	0	1	0	0	0
C	Marios	16	307	6	1	44____	25251	2	1	0	0	0	0	0	0	0	0	0
C	Marios	16	307	6	1	44____	30386	1	0	0	1	0	0	0	0	0	0	0
C	Marios	16	307	6	1	44____	30404	1	0	0	0	0	0	0	1	0	0	0
C	Marios	16	307	6	1	44____	30428	1	0	0	1	0	0	0	0	0	0	0
C	Marios	16	307	6	1	44____	30431	1	0	0	0	0	0	0	1	0	0	0
C	Marios	16	307	6	1	44____	30436	1	2	1	1	0	0	0	0	0	0	0
C	Marios	16	307	6	1	44____	30439	2	0	0	0	0	0	0	1	0	0	0
C	Marios	16	307	6	1	44____	30681	2	0	0	0	1	0	0	0	0	0	0
C	Marios	16	307	6	1	44____	30684	2	0	0	0	0	0	0	0	1	0	0
C	Marios	16	307	6	1	44____	30686	2	1	0	0	0	0	0	0	0	0	0
C	Marios	16	307	6	1	44____	30692	1	0	0	0	1	0	0	0	0	0	0
C	Marios	16	307	6	1	44____	30737	1	0	0	0	0	0	0	0	1	0	0
C	Marios	16	307	6	1	44____	30829	1	0	0	1	0	0	0	0	0	0	0
C	Marios	16	307	6	1	44____	30840	1	0	0	0	0	0	0	1	0	0	0
C	Marios	16	307	6	1	44____	30847	1	2	1	1	0	0	0	0	0	0	0
C	Marios	16	307	6	1	44____	30853	2	0	0	0	0	0	0	1	0	0	0
C	Marios	16	307	6	1	44____	30968	2	0	0	1	0	0	0	0	0	0	0
C	Marios	16	307	6	1	44____	30969	2	0	0	0	0	0	0	1	0	0	0
C	Marios	16	307	6	1	44____	31006	2	0	0	1	0	0	0	0	0	0	0
C	Marios	16	307	6	1	44____	31008	2	0	0	0	0	0	0	1	0	0	0
C	Marios	16	307	6	1	44____	31097	2	1	0	0	0	0	0	0	0	0	0
C	Marios	16	307	6	1	44____	31367	1	0	0	1	0	0	0	0	0	0	0
C	Marios	16	307	6	1	44____	31368	1	0	0	0	0	0	0	1	0	0	0
C	Marios	16	307	6	1	44____	31580	1	2	1	1	0	0	0	0	0	0	0
C	Marios	16	307	6	1	44____	31586	2	0	0	0	0	0	0	1	0	0	0
C	Marios	16	307	6	1	44____	31624	2	0	0	1	0	0	0	0	0	0	0
C	Marios	16	307	6	1	44____	31638	2	0	0	0	0	0	0	1	0	0	0
C	Marios	16	307	6	1	44____	31830	2	1	0	0	0	0	0	0	0	0	0
C	Marios	16	307	6	1	44____	31913	1	0	0	1	0	0	0	0	0	0	0
C	Marios	16	307	6	1	44____	31926	1	0	0	0	0	0	0	1	0	0	0
C	Marios	16	307	6	1	44____	31974	1	0	0	1	0	0	0	0	0	0	0
C	Marios	16	307	6	1	44____	31986	1	0	0	0	0	0	0	1	0	0	0
C	Marios	16	307	6	1	44____	32020	1	2	1	1	0	0	0	0	0	0	0
C	Marios	16	307	6	1	44____	32039	2	0	0	0	0	0	0	1	0	0	0
C	Marios	16	307	6	1	44____	32270	2	1	0	0	0	0	0	0	0	0	0
C	Marios	16	307	6	1	44____	32487	1	0	0	1	0	0	0	0	0	0	0
C	Marios	16	307	6	1	44____	32537	1	0	0	0	0	0	0	1	0	0	0
C	Marios	16	307	6	1	44____	37312	1	0	0	1	0	0	0	0	0	0	0
C	Marios	16	307	6	1	44____	37347	1	0	0	0	0	0	0	1	0	0	0
C	Marios	16	307	6	1	44____	37400	1	2	1	1	0	0	0	0	0	0	0
C	Marios	16	307	6	1	44____	37402	2	0	0	0	0	0	0	1	0	0	0
C	Marios	16	307	6	1	44____	37650	2	1	0	0	0	0	0	0	0	0	0
C	Marios	16	307	6	1	44____	38046	1	2	1	1	0	0	0	0	0	0	0
C	Marios	16	307	6	1	44____	38082	2	0	0	0	0	0	0	1	0	0	0
C	Marios	16	307	6	1	44____	38296	2	1	0	0	0	0	0	0	0	0	0
C	Marios	16	307	6	1	44____	40954	1	0	0	1	0	0	0	0	0	0	0
C	Marios	16	307	6	1	44____	40998	1	0	0	0	0	0	0	1	0	0	0
C	Marios	16	307	6	1	44____	41590	1	2	1	1	0	0	0	0	0	0	0
C	Marios	16	307	6	1	44____	41629	2	0	0	0	0	0	0	1	0	0	0
C	Marios	16	307	6	1	44____	41840	2	1	0	0	0	0	0	0	0	0	0
C	Marios	16	307	6	1	44____	43329	1	0	0	0	1	0	0	0	0	0	0
C	Marios	16	307	6	1	44____	43333	1	0	0	0	0	0	0	0	1	0	0
C	Marios	16	307	6	1	44____	43337	1	0	0	0	1	0	0	0	0	0	0
C	Marios	16	307	6	1	44____	43342	1	0	0	0	0	0	0	0	1	0	0
C	Marios	16	307	6	1	44____	43347	1	3	2	0	1	0	0	0	0	0	0
C	Marios	16	307	6	1	44____	43350	3	0	0	0	0	0	0	0	1	0	0
C	Marios	16	307	6	1	44____	43597	3	1	0	0	0	0	0	0	0	0	0
C	Marios	16	307	6	1	44____	48400	1	0	0	1	0	0	0	0	0	0	0
C	Marios	16	307	6	1	44____	48477	1	0	0	0	0	0	0	1	0	0	0
C	Marios	16	307	6	1	44____	48524	1	0	0	1	0	0	0	0	0	0	0
C	Marios	16	307	6	1	44____	48547	1	0	0	0	0	0	0	1	0	0	0
C	Marios	16	307	6	1	44____	48568	1	2	1	1	0	0	0	0	0	0	0
C	Marios	16	307	6	1	44____	48605	2	0	0	0	0	0	0	1	0	0	0
C	Marios	16	307	6	1	44____	48637	2	0	0	1	0	0	0	0	0	0	0
C	Marios	16	307	6	1	44____	48651	2	0	0	0	0	0	0	1	0	0	0
C	Marios	16	307	6	1	44____	48818	2	1	0	0	0	0	0	0	0	0	0
C	Marios	16	307	6	1	44____	50552	1	0	0	0	1	0	0	0	0	0	0
C	Marios	16	307	6	1	44____	50556	1	0	0	0	0	0	0	0	1	0	0
C	Marios	16	307	6	1	44____	50643	1	3	2	0	1	0	0	0	0	0	0
C	Marios	16	307	6	1	44____	50653	3	0	0	0	0	0	0	0	1	0	0
C	Marios	16	307	6	1	44____	50673	3	0	0	0	1	0	0	0	0	0	0
C	Marios	16	307	6	1	44____	50676	3	0	0	0	0	0	0	0	1	0	0
C	Marios	16	307	6	1	44____	50679	3	0	0	0	1	0	0	0	0	0	0
C	Marios	16	307	6	1	44____	50682	3	0	0	0	0	0	0	0	1	0	0
C	Marios	16	307	6	1	44____	50864	3	0	0	0	1	0	0	0	0	0	0
C	Marios	16	307	6	1	44____	50869	3	0	0	0	0	0	0	0	1	0	0
C	Marios	16	307	6	1	44____	50880	3	0	0	0	1	0	0	0	0	0	0
C	Marios	16	307	6	1	44____	50882	3	0	0	0	0	0	0	0	1	0	0
C	Marios	16	307	6	1	44____	50893	3	1	0	0	0	0	0	0	0	0	0
C	Marios	16	307	6	1	44____	53390	1	0	0	0	1	0	0	0	0	0	0
C	Marios	16	307	6	1	44____	53391	1	0	0	0	0	0	0	0	1	0	0
C	Marios	16	307	6	1	44____	90000	1	4	0	0	0	0	0	0	0	0	0
C	Marios	16	307	6	1	44____	90250	4	-1	0	0	0	0	0	0	0	0	0
C	Marios	16	308	1	1	23____	0	0	1	0	0	0	0	0	0	0	0	0
C	Marios	16	308	1	1	23____	13854	1	0	0	1	0	0	0	0	0	0	0
C	Marios	16	308	1	1	23____	13859	1	0	0	0	0	0	0	1	0	0	0
C	Marios	16	308	1	1	23____	18311	1	3	2	0	1	0	0	0	0	0	0
C	Marios	16	308	1	1	23____	18329	3	0	0	0	0	0	0	0	1	0	0
C	Marios	16	308	1	1	23____	18561	3	1	0	0	0	0	0	0	0	0	0
C	Marios	16	308	1	1	23____	18698	1	0	0	0	1	0	0	0	0	0	0
C	Marios	16	308	1	1	23____	18747	1	0	0	0	0	0	0	0	1	0	0
C	Marios	16	308	1	1	23____	18831	1	0	0	0	1	0	0	0	0	0	0
C	Marios	16	308	1	1	23____	18898	1	0	0	0	0	0	0	0	1	0	0
C	Marios	16	308	1	1	23____	21646	1	0	0	1	0	0	0	0	0	0	0
C	Marios	16	308	1	1	23____	21652	1	0	0	0	0	0	0	1	0	0	0
C	Marios	16	308	1	1	23____	22105	1	3	2	0	1	0	0	0	0	0	0
C	Marios	16	308	1	1	23____	22126	3	0	0	0	0	0	0	0	1	0	0
C	Marios	16	308	1	1	23____	22355	3	1	0	0	0	0	0	0	0	0	0
C	Marios	16	308	1	1	23____	22508	1	0	0	0	1	0	0	0	0	0	0
C	Marios	16	308	1	1	23____	22602	1	0	0	0	0	0	0	0	1	0	0
C	Marios	16	308	1	1	23____	22957	1	0	0	1	0	0	0	0	0	0	0
C	Marios	16	308	1	1	23____	23096	1	0	0	0	0	0	0	1	0	0	0
C	Marios	16	308	1	1	23____	33867	1	0	0	0	1	0	0	0	0	0	0
C	Marios	16	308	1	1	23____	36622	1	0	0	0	0	0	0	0	1	0	0
C	Marios	16	308	1	1	23____	40614	1	3	2	0	1	0	0	0	0	0	0
C	Marios	16	308	1	1	23____	40645	3	0	0	0	0	0	0	0	1	0	0
C	Marios	16	308	1	1	23____	40864	3	1	0	0	0	0	0	0	0	0	0
C	Marios	16	308	1	1	23____	42292	1	0	0	0	1	0	0	0	0	0	0
C	Marios	16	308	1	1	23____	42407	1	0	0	0	0	0	0	0	1	0	0
C	Marios	16	308	1	1	23____	45003	1	3	2	0	1	0	0	0	0	0	0
C	Marios	16	308	1	1	23____	45253	3	1	0	0	0	0	0	0	0	0	0
C	Marios	16	308	1	1	23____	46424	1	0	0	1	0	0	0	0	0	0	0
C	Marios	16	308	1	1	23____	46585	1	0	0	0	0	0	0	1	0	0	0
C	Marios	16	308	1	1	23____	51252	1	0	0	0	0	0	0	0	1	0	0
C	Marios	16	308	1	1	23____	60132	1	3	2	0	1	0	0	0	0	0	0
C	Marios	16	308	1	1	23____	60166	3	0	0	0	0	0	0	0	1	0	0
C	Marios	16	308	1	1	23____	60382	3	1	0	0	0	0	0	0	0	0	0
C	Marios	16	308	1	1	23____	61104	1	0	0	0	1	0	0	0	0	0	0
C	Marios	16	308	1	1	23____	69358	1	0	0	0	0	0	0	0	1	0	0
C	Marios	16	308	1	1	23____	72001	1	3	2	0	1	0	0	0	0	0	0
C	Marios	16	308	1	1	23____	72022	3	0	0	0	0	0	0	0	1	0	0
C	Marios	16	308	1	1	23____	72251	3	1	0	0	0	0	0	0	0	0	0
C	Marios	16	308	1	1	23____	73631	1	0	0	1	0	0	0	0	0	0	0
C	Marios	16	308	1	1	23____	73639	1	0	0	0	0	0	0	1	0	0	0
C	Marios	16	308	1	1	23____	80978	1	0	0	0	1	0	0	0	0	0	0
C	Marios	16	308	1	1	23____	80990	1	0	0	0	0	0	0	0	1	0	0
C	Marios	16	308	1	1	23____	82822	1	0	0	0	1	0	0	0	0	0	0
C	Marios	16	308	1	1	23____	82976	1	0	0	0	0	0	0	0	1	0	0
C	Marios	16	308	1	1	23____	85895	1	3	2	0	1	0	0	0	0	0	0
C	Marios	16	308	1	1	23____	85926	3	0	0	0	0	0	0	0	1	0	0
C	Marios	16	308	1	1	23____	86145	3	1	0	0	0	0	0	0	0	0	0
C	Marios	16	308	1	1	23____	88130	1	0	0	0	1	0	0	0	0	0	0
C	Marios	16	308	1	1	23____	88337	1	0	0	0	0	0	0	0	1	0	0
C	Marios	16	308	1	1	23____	90000	1	4	0	0	0	0	0	0	0	0	0
C	Marios	16	308	1	1	23____	90250	4	-1	0	0	0	0	0	0	0	0	0
