Project	UserID	Protocol	Session	Station	Run	Subject	Time	Current State	Transition State	Transition Event	A1 - LLR	A2 - RLR	A3 - MAG	A4 - 	A[1] LLR_OFF	A[2] RLR_OFF	A[3] MAG_OFF	A[4] 
C	Marios	56	247	1	1	17____	0	0	1	0	0	0	0	0	0	0	0	0
C	Marios	56	247	1	1	17____	9705	1	0	0	0	0	1	0	0	0	0	0
C	Marios	56	247	1	1	17____	9708	1	0	0	0	0	0	0	0	0	1	0
C	Marios	56	247	1	1	17____	12860	1	0	0	0	0	1	0	0	0	0	0
C	Marios	56	247	1	1	17____	12862	1	0	0	0	0	0	0	0	0	1	0
C	Marios	56	247	1	1	17____	30386	1	0	0	0	0	1	0	0	0	0	0
C	Marios	56	247	1	1	17____	30875	1	0	0	0	0	0	0	0	0	1	0
C	Marios	56	247	1	1	17____	31072	1	0	0	0	0	1	0	0	0	0	0
C	Marios	56	247	1	1	17____	31258	1	0	0	0	0	0	0	0	0	1	0
C	Marios	56	247	1	1	17____	31314	1	0	0	0	0	1	0	0	0	0	0
C	Marios	56	247	1	1	17____	31326	1	0	0	0	0	0	0	0	0	1	0
C	Marios	56	247	1	1	17____	34214	1	0	0	0	0	1	0	0	0	0	0
C	Marios	56	247	1	1	17____	34271	1	0	0	0	0	0	0	0	0	1	0
C	Marios	56	247	1	1	17____	34290	1	0	0	0	0	1	0	0	0	0	0
C	Marios	56	247	1	1	17____	34472	1	0	0	0	0	0	0	0	0	1	0
C	Marios	56	247	1	1	17____	37375	1	0	0	0	0	1	0	0	0	0	0
C	Marios	56	247	1	1	17____	37382	1	0	0	0	0	0	0	0	0	1	0
C	Marios	56	247	1	1	17____	60671	1	0	0	0	0	1	0	0	0	0	0
C	Marios	56	247	1	1	17____	60674	1	0	0	0	0	0	0	0	0	1	0
C	Marios	56	247	1	1	17____	60677	1	0	0	0	0	1	0	0	0	0	0
C	Marios	56	247	1	1	17____	60680	1	0	0	0	0	0	0	0	0	1	0
C	Marios	56	247	1	1	17____	60686	1	0	0	0	0	1	0	0	0	0	0
C	Marios	56	247	1	1	17____	60688	1	0	0	0	0	0	0	0	0	1	0
C	Marios	56	247	1	1	17____	60693	1	0	0	0	0	1	0	0	0	0	0
C	Marios	56	247	1	1	17____	60695	1	0	0	0	0	0	0	0	0	1	0
C	Marios	56	247	1	1	17____	60719	1	0	0	0	0	1	0	0	0	0	0
C	Marios	56	247	1	1	17____	60734	1	0	0	0	0	0	0	0	0	1	0
C	Marios	56	247	1	1	17____	60761	1	0	0	0	0	1	0	0	0	0	0
C	Marios	56	247	1	1	17____	61014	1	0	0	0	0	0	0	0	0	1	0
C	Marios	56	247	1	1	17____	63037	1	0	0	0	0	1	0	0	0	0	0
C	Marios	56	247	1	1	17____	63039	1	0	0	0	0	0	0	0	0	1	0
C	Marios	56	247	1	1	17____	64596	1	0	0	0	0	1	0	0	0	0	0
C	Marios	56	247	1	1	17____	64598	1	0	0	0	0	0	0	0	0	1	0
C	Marios	56	247	1	1	17____	88020	1	0	0	0	0	1	0	0	0	0	0
C	Marios	56	247	1	1	17____	88023	1	0	0	0	0	1	0	0	0	1	0
C	Marios	56	247	1	1	17____	88027	1	0	0	0	0	0	0	0	0	1	0
C	Marios	56	247	1	1	17____	88951	1	0	0	0	0	1	0	0	0	0	0
C	Marios	56	247	1	1	17____	89003	1	0	0	0	0	0	0	0	0	1	0
C	Marios	56	247	1	1	17____	89005	1	0	0	0	0	1	0	0	0	0	0
C	Marios	56	247	1	1	17____	89144	1	0	0	0	0	0	0	0	0	1	0
C	Marios	56	247	1	1	17____	92152	1	0	0	0	0	1	0	0	0	0	0
C	Marios	56	247	1	1	17____	92241	1	0	0	0	0	0	0	0	0	1	0
C	Marios	56	247	1	1	17____	100490	1	0	0	0	0	1	0	0	0	0	0
C	Marios	56	247	1	1	17____	100505	1	0	0	0	0	0	0	0	0	1	0
C	Marios	56	247	1	1	17____	119993	1	0	0	0	0	1	0	0	0	0	0
C	Marios	56	247	1	1	17____	120007	1	0	0	0	0	0	0	0	0	1	0
C	Marios	56	247	1	1	17____	137491	1	0	0	0	0	1	0	0	0	0	0
C	Marios	56	247	1	1	17____	137493	1	0	0	0	0	0	0	0	0	1	0
C	Marios	56	247	1	1	17____	137536	1	0	0	0	0	1	0	0	0	0	0
C	Marios	56	247	1	1	17____	137582	1	0	0	0	0	0	0	0	0	1	0
C	Marios	56	247	1	1	17____	159523	1	0	0	0	0	1	0	0	0	0	0
C	Marios	56	247	1	1	17____	159532	1	0	0	0	0	0	0	0	0	1	0
C	Marios	56	247	1	1	17____	159783	1	0	0	0	0	1	0	0	0	0	0
C	Marios	56	247	1	1	17____	159793	1	0	0	0	0	0	0	0	0	1	0
C	Marios	56	247	1	1	17____	159829	1	0	0	0	0	1	0	0	0	0	0
C	Marios	56	247	1	1	17____	159833	1	0	0	0	0	0	0	0	0	1	0
C	Marios	56	247	1	1	17____	170226	1	0	0	0	0	1	0	0	0	0	0
C	Marios	56	247	1	1	17____	170292	1	0	0	0	0	0	0	0	0	1	0
C	Marios	56	247	1	1	17____	173228	1	0	0	0	0	1	0	0	0	0	0
C	Marios	56	247	1	1	17____	173307	1	0	0	0	0	0	0	0	0	1	0
C	Marios	56	247	1	1	17____	180000	1	-1	0	0	0	0	0	0	0	0	0
C	Marios	56	247	9	1	18____	0	0	1	0	0	0	0	0	0	0	0	0
C	Marios	56	247	9	1	18____	3232	1	0	0	0	0	1	0	0	0	0	0
C	Marios	56	247	9	1	18____	3331	1	0	0	0	0	0	0	0	0	1	0
C	Marios	56	247	9	1	18____	3336	1	0	0	0	0	1	0	0	0	0	0
C	Marios	56	247	9	1	18____	3391	1	0	0	0	0	0	0	0	0	1	0
C	Marios	56	247	9	1	18____	5580	1	0	0	0	0	1	0	0	0	0	0
C	Marios	56	247	9	1	18____	5669	1	0	0	0	0	0	0	0	0	1	0
C	Marios	56	247	9	1	18____	7964	1	0	0	0	0	1	0	0	0	0	0
C	Marios	56	247	9	1	18____	7966	1	0	0	0	0	0	0	0	0	1	0
C	Marios	56	247	9	1	18____	7967	1	0	0	0	0	1	0	0	0	0	0
C	Marios	56	247	9	1	18____	7984	1	0	0	0	0	0	0	0	0	1	0
C	Marios	56	247	9	1	18____	10289	1	0	0	0	0	1	0	0	0	0	0
C	Marios	56	247	9	1	18____	10295	1	0	0	0	0	0	0	0	0	1	0
C	Marios	56	247	9	1	18____	11527	1	0	0	0	0	1	0	0	0	0	0
C	Marios	56	247	9	1	18____	11547	1	0	0	0	0	0	0	0	0	1	0
C	Marios	56	247	9	1	18____	12070	1	0	0	0	0	1	0	0	0	0	0
C	Marios	56	247	9	1	18____	12099	1	0	0	0	0	0	0	0	0	1	0
C	Marios	56	247	9	1	18____	32313	1	0	0	0	0	1	0	0	0	0	0
C	Marios	56	247	9	1	18____	32344	1	0	0	0	0	0	0	0	0	1	0
C	Marios	56	247	9	1	18____	53657	1	0	0	0	0	1	0	0	0	0	0
C	Marios	56	247	9	1	18____	53726	1	0	0	0	0	0	0	0	0	1	0
C	Marios	56	247	9	1	18____	55886	1	0	0	0	0	1	0	0	0	0	0
C	Marios	56	247	9	1	18____	55896	1	0	0	0	0	0	0	0	0	1	0
C	Marios	56	247	9	1	18____	65449	1	0	0	0	0	1	0	0	0	0	0
C	Marios	56	247	9	1	18____	65459	1	0	0	0	0	0	0	0	0	1	0
C	Marios	56	247	9	1	18____	116372	1	0	0	0	0	1	0	0	0	0	0
C	Marios	56	247	9	1	18____	116473	1	0	0	0	0	0	0	0	0	1	0
C	Marios	56	247	9	1	18____	124546	1	0	0	0	0	1	0	0	0	0	0
C	Marios	56	247	9	1	18____	124632	1	0	0	0	0	0	0	0	0	1	0
C	Marios	56	247	9	1	18____	124641	1	0	0	0	0	1	0	0	0	0	0
C	Marios	56	247	9	1	18____	124717	1	0	0	0	0	0	0	0	0	1	0
C	Marios	56	247	9	1	18____	131179	1	0	0	0	0	1	0	0	0	0	0
C	Marios	56	247	9	1	18____	131215	1	0	0	0	0	0	0	0	0	1	0
C	Marios	56	247	9	1	18____	147809	1	0	0	0	0	1	0	0	0	0	0
C	Marios	56	247	9	1	18____	147820	1	0	0	0	0	0	0	0	0	1	0
C	Marios	56	247	9	1	18____	147908	1	0	0	0	0	1	0	0	0	0	0
C	Marios	56	247	9	1	18____	147941	1	0	0	0	0	0	0	0	0	1	0
C	Marios	56	247	9	1	18____	153716	1	0	0	0	0	1	0	0	0	0	0
C	Marios	56	247	9	1	18____	153765	1	0	0	0	0	0	0	0	0	1	0
C	Marios	56	247	9	1	18____	155341	1	0	0	0	0	1	0	0	0	0	0
C	Marios	56	247	9	1	18____	155343	1	0	0	0	0	0	0	0	0	1	0
C	Marios	56	247	9	1	18____	156962	1	0	0	0	0	1	0	0	0	0	0
C	Marios	56	247	9	1	18____	156980	1	0	0	0	0	0	0	0	0	1	0
C	Marios	56	247	9	1	18____	157447	1	0	0	0	0	1	0	0	0	0	0
C	Marios	56	247	9	1	18____	157464	1	0	0	0	0	0	0	0	0	1	0
C	Marios	56	247	9	1	18____	172239	1	0	0	0	0	1	0	0	0	0	0
C	Marios	56	247	9	1	18____	172335	1	0	0	0	0	0	0	0	0	1	0
C	Marios	56	247	9	1	18____	180000	1	-1	0	0	0	0	0	0	0	0	0
C	Marios	56	247	2	1	19____	0	0	1	0	0	0	0	0	0	0	0	0
C	Marios	56	247	2	1	19____	420	1	0	0	0	0	1	0	0	0	0	0
C	Marios	56	247	2	1	19____	484	1	0	0	0	0	0	0	0	0	1	0
C	Marios	56	247	2	1	19____	490	1	0	0	0	0	1	0	0	0	0	0
C	Marios	56	247	2	1	19____	494	1	0	0	0	0	0	0	0	0	1	0
C	Marios	56	247	2	1	19____	2344	1	0	0	0	0	1	0	0	0	0	0
C	Marios	56	247	2	1	19____	2354	1	0	0	0	0	0	0	0	0	1	0
C	Marios	56	247	2	1	19____	2405	1	0	0	0	0	1	0	0	0	0	0
C	Marios	56	247	2	1	19____	2417	1	0	0	0	0	0	0	0	0	1	0
C	Marios	56	247	2	1	19____	2423	1	0	0	0	0	1	0	0	0	0	0
C	Marios	56	247	2	1	19____	2430	1	0	0	0	0	0	0	0	0	1	0
C	Marios	56	247	2	1	19____	2444	1	0	0	0	0	1	0	0	0	0	0
C	Marios	56	247	2	1	19____	2450	1	0	0	0	0	0	0	0	0	1	0
C	Marios	56	247	2	1	19____	8422	1	0	0	0	0	1	0	0	0	0	0
C	Marios	56	247	2	1	19____	8500	1	0	0	0	0	0	0	0	0	1	0
C	Marios	56	247	2	1	19____	15675	1	0	0	0	0	1	0	0	0	0	0
C	Marios	56	247	2	1	19____	15728	1	0	0	0	0	1	0	0	0	1	0
C	Marios	56	247	2	1	19____	15730	1	0	0	0	0	0	0	0	0	1	0
C	Marios	56	247	2	1	19____	15735	1	0	0	0	0	1	0	0	0	0	0
C	Marios	56	247	2	1	19____	15755	1	0	0	0	0	1	0	0	0	1	0
C	Marios	56	247	2	1	19____	15803	1	0	0	0	0	0	0	0	0	1	0
C	Marios	56	247	2	1	19____	17129	1	0	0	0	0	1	0	0	0	0	0
C	Marios	56	247	2	1	19____	17153	1	0	0	0	0	0	0	0	0	1	0
C	Marios	56	247	2	1	19____	17327	1	0	0	0	0	1	0	0	0	0	0
C	Marios	56	247	2	1	19____	17481	1	0	0	0	0	0	0	0	0	1	0
C	Marios	56	247	2	1	19____	20178	1	0	0	0	0	1	0	0	0	0	0
C	Marios	56	247	2	1	19____	20186	1	0	0	0	0	0	0	0	0	1	0
C	Marios	56	247	2	1	19____	20200	1	0	0	0	0	1	0	0	0	0	0
C	Marios	56	247	2	1	19____	20211	1	0	0	0	0	0	0	0	0	1	0
C	Marios	56	247	2	1	19____	20215	1	0	0	0	0	1	0	0	0	0	0
C	Marios	56	247	2	1	19____	20281	1	0	0	0	0	0	0	0	0	1	0
C	Marios	56	247	2	1	19____	20282	1	0	0	0	0	1	0	0	0	0	0
C	Marios	56	247	2	1	19____	20285	1	0	0	0	0	0	0	0	0	1	0
C	Marios	56	247	2	1	19____	21973	1	0	0	0	0	1	0	0	0	0	0
C	Marios	56	247	2	1	19____	22121	1	0	0	0	0	0	0	0	0	1	0
C	Marios	56	247	2	1	19____	26408	1	0	0	0	0	1	0	0	0	0	0
C	Marios	56	247	2	1	19____	26444	1	0	0	0	0	0	0	0	0	1	0
C	Marios	56	247	2	1	19____	29481	1	0	0	0	0	1	0	0	0	0	0
C	Marios	56	247	2	1	19____	29741	1	0	0	0	0	0	0	0	0	1	0
C	Marios	56	247	2	1	19____	30662	1	0	0	0	0	1	0	0	0	0	0
C	Marios	56	247	2	1	19____	30772	1	0	0	0	0	0	0	0	0	1	0
C	Marios	56	247	2	1	19____	30825	1	0	0	0	0	1	0	0	0	0	0
C	Marios	56	247	2	1	19____	30852	1	0	0	0	0	0	0	0	0	1	0
C	Marios	56	247	2	1	19____	30854	1	0	0	0	0	1	0	0	0	0	0
C	Marios	56	247	2	1	19____	30931	1	0	0	0	0	0	0	0	0	1	0
C	Marios	56	247	2	1	19____	31194	1	0	0	0	0	1	0	0	0	0	0
C	Marios	56	247	2	1	19____	31198	1	0	0	0	0	0	0	0	0	1	0
C	Marios	56	247	2	1	19____	31285	1	0	0	0	0	1	0	0	0	0	0
C	Marios	56	247	2	1	19____	31288	1	0	0	0	0	0	0	0	0	1	0
C	Marios	56	247	2	1	19____	31296	1	0	0	0	0	1	0	0	0	0	0
C	Marios	56	247	2	1	19____	31438	1	0	0	0	0	0	0	0	0	1	0
C	Marios	56	247	2	1	19____	31508	1	0	0	0	0	1	0	0	0	0	0
C	Marios	56	247	2	1	19____	31510	1	0	0	0	0	0	0	0	0	1	0
C	Marios	56	247	2	1	19____	31585	1	0	0	0	0	1	0	0	0	0	0
C	Marios	56	247	2	1	19____	31623	1	0	0	0	0	0	0	0	0	1	0
C	Marios	56	247	2	1	19____	33761	1	0	0	0	0	1	0	0	0	0	0
C	Marios	56	247	2	1	19____	33799	1	0	0	0	0	0	0	0	0	1	0
C	Marios	56	247	2	1	19____	36251	1	0	0	0	0	1	0	0	0	0	0
C	Marios	56	247	2	1	19____	36303	1	0	0	0	0	0	0	0	0	1	0
C	Marios	56	247	2	1	19____	41788	1	0	0	0	0	1	0	0	0	0	0
C	Marios	56	247	2	1	19____	41797	1	0	0	0	0	0	0	0	0	1	0
C	Marios	56	247	2	1	19____	41811	1	0	0	0	0	1	0	0	0	0	0
C	Marios	56	247	2	1	19____	41820	1	0	0	0	0	0	0	0	0	1	0
C	Marios	56	247	2	1	19____	42544	1	0	0	0	0	1	0	0	0	0	0
C	Marios	56	247	2	1	19____	42571	1	0	0	0	0	0	0	0	0	1	0
C	Marios	56	247	2	1	19____	42584	1	0	0	0	0	1	0	0	0	0	0
C	Marios	56	247	2	1	19____	42586	1	0	0	0	0	0	0	0	0	1	0
C	Marios	56	247	2	1	19____	42587	1	0	0	0	0	1	0	0	0	0	0
C	Marios	56	247	2	1	19____	42596	1	0	0	0	0	0	0	0	0	1	0
C	Marios	56	247	2	1	19____	42671	1	0	0	0	0	1	0	0	0	0	0
C	Marios	56	247	2	1	19____	42768	1	0	0	0	0	0	0	0	0	1	0
C	Marios	56	247	2	1	19____	44200	1	0	0	0	0	1	0	0	0	0	0
C	Marios	56	247	2	1	19____	44265	1	0	0	0	0	0	0	0	0	1	0
C	Marios	56	247	2	1	19____	44482	1	0	0	0	0	1	0	0	0	0	0
C	Marios	56	247	2	1	19____	44511	1	0	0	0	0	0	0	0	0	1	0
C	Marios	56	247	2	1	19____	47235	1	0	0	0	0	1	0	0	0	0	0
C	Marios	56	247	2	1	19____	47318	1	0	0	0	0	0	0	0	0	1	0
C	Marios	56	247	2	1	19____	47328	1	0	0	0	0	1	0	0	0	0	0
C	Marios	56	247	2	1	19____	47330	1	0	0	0	0	0	0	0	0	1	0
C	Marios	56	247	2	1	19____	48923	1	0	0	0	0	1	0	0	0	0	0
C	Marios	56	247	2	1	19____	48949	1	0	0	0	0	0	0	0	0	1	0
C	Marios	56	247	2	1	19____	49664	1	0	0	0	0	1	0	0	0	0	0
C	Marios	56	247	2	1	19____	49738	1	0	0	0	0	0	0	0	0	1	0
C	Marios	56	247	2	1	19____	49755	1	0	0	0	0	1	0	0	0	0	0
C	Marios	56	247	2	1	19____	49762	1	0	0	0	0	0	0	0	0	1	0
C	Marios	56	247	2	1	19____	49774	1	0	0	0	0	1	0	0	0	0	0
C	Marios	56	247	2	1	19____	49812	1	0	0	0	0	0	0	0	0	1	0
C	Marios	56	247	2	1	19____	56038	1	0	0	0	0	1	0	0	0	0	0
C	Marios	56	247	2	1	19____	56045	1	0	0	0	0	0	0	0	0	1	0
C	Marios	56	247	2	1	19____	56273	1	0	0	0	0	1	0	0	0	0	0
C	Marios	56	247	2	1	19____	56277	1	0	0	0	0	0	0	0	0	1	0
C	Marios	56	247	2	1	19____	62943	1	0	0	0	0	1	0	0	0	0	0
C	Marios	56	247	2	1	19____	62945	1	0	0	0	0	0	0	0	0	1	0
C	Marios	56	247	2	1	19____	78214	1	0	0	0	0	1	0	0	0	0	0
C	Marios	56	247	2	1	19____	78241	1	0	0	0	0	0	0	0	0	1	0
C	Marios	56	247	2	1	19____	78252	1	0	0	0	0	1	0	0	0	0	0
C	Marios	56	247	2	1	19____	78296	1	0	0	0	0	1	0	0	0	1	0
C	Marios	56	247	2	1	19____	78475	1	0	0	0	0	0	0	0	0	1	0
C	Marios	56	247	2	1	19____	79651	1	0	0	0	0	1	0	0	0	0	0
C	Marios	56	247	2	1	19____	79786	1	0	0	0	0	0	0	0	0	1	0
C	Marios	56	247	2	1	19____	82397	1	0	0	0	0	1	0	0	0	0	0
C	Marios	56	247	2	1	19____	82407	1	0	0	0	0	0	0	0	0	1	0
C	Marios	56	247	2	1	19____	84263	1	0	0	0	0	1	0	0	0	0	0
C	Marios	56	247	2	1	19____	84275	1	0	0	0	0	0	0	0	0	1	0
C	Marios	56	247	2	1	19____	84521	1	0	0	0	0	1	0	0	0	0	0
C	Marios	56	247	2	1	19____	84719	1	0	0	0	0	0	0	0	0	1	0
C	Marios	56	247	2	1	19____	84722	1	0	0	0	0	1	0	0	0	0	0
C	Marios	56	247	2	1	19____	84763	1	0	0	0	0	0	0	0	0	1	0
C	Marios	56	247	2	1	19____	84780	1	0	0	0	0	1	0	0	0	0	0
C	Marios	56	247	2	1	19____	84823	1	0	0	0	0	0	0	0	0	1	0
C	Marios	56	247	2	1	19____	89160	1	0	0	0	0	1	0	0	0	0	0
C	Marios	56	247	2	1	19____	89197	1	0	0	0	0	0	0	0	0	1	0
C	Marios	56	247	2	1	19____	94396	1	0	0	0	0	1	0	0	0	0	0
C	Marios	56	247	2	1	19____	94403	1	0	0	0	0	0	0	0	0	1	0
C	Marios	56	247	2	1	19____	94816	1	0	0	0	0	1	0	0	0	0	0
C	Marios	56	247	2	1	19____	94829	1	0	0	0	0	0	0	0	0	1	0
C	Marios	56	247	2	1	19____	95818	1	0	0	0	0	1	0	0	0	0	0
C	Marios	56	247	2	1	19____	95838	1	0	0	0	0	0	0	0	0	1	0
C	Marios	56	247	2	1	19____	106983	1	0	0	0	0	1	0	0	0	0	0
C	Marios	56	247	2	1	19____	107090	1	0	0	0	0	1	0	0	0	1	0
C	Marios	56	247	2	1	19____	107092	1	0	0	0	0	0	0	0	0	1	0
C	Marios	56	247	2	1	19____	120760	1	0	0	0	0	1	0	0	0	0	0
C	Marios	56	247	2	1	19____	120787	1	0	0	0	0	0	0	0	0	1	0
C	Marios	56	247	2	1	19____	120810	1	0	0	0	0	1	0	0	0	0	0
C	Marios	56	247	2	1	19____	121033	1	0	0	0	0	0	0	0	0	1	0
C	Marios	56	247	2	1	19____	121038	1	0	0	0	0	1	0	0	0	0	0
C	Marios	56	247	2	1	19____	121040	1	0	0	0	0	0	0	0	0	1	0
C	Marios	56	247	2	1	19____	121043	1	0	0	0	0	1	0	0	0	0	0
C	Marios	56	247	2	1	19____	121046	1	0	0	0	0	0	0	0	0	1	0
C	Marios	56	247	2	1	19____	122116	1	0	0	0	0	1	0	0	0	0	0
C	Marios	56	247	2	1	19____	122134	1	0	0	0	0	0	0	0	0	1	0
C	Marios	56	247	2	1	19____	122140	1	0	0	0	0	1	0	0	0	0	0
C	Marios	56	247	2	1	19____	122143	1	0	0	0	0	0	0	0	0	1	0
C	Marios	56	247	2	1	19____	122174	1	0	0	0	0	1	0	0	0	0	0
C	Marios	56	247	2	1	19____	122176	1	0	0	0	0	0	0	0	0	1	0
C	Marios	56	247	2	1	19____	122259	1	0	0	0	0	1	0	0	0	0	0
C	Marios	56	247	2	1	19____	122261	1	0	0	0	0	0	0	0	0	1	0
C	Marios	56	247	2	1	19____	122283	1	0	0	0	0	1	0	0	0	0	0
C	Marios	56	247	2	1	19____	122284	1	0	0	0	0	0	0	0	0	1	0
C	Marios	56	247	2	1	19____	122290	1	0	0	0	0	1	0	0	0	0	0
C	Marios	56	247	2	1	19____	122293	1	0	0	0	0	0	0	0	0	1	0
C	Marios	56	247	2	1	19____	125941	1	0	0	0	0	1	0	0	0	0	0
C	Marios	56	247	2	1	19____	125972	1	0	0	0	0	0	0	0	0	1	0
C	Marios	56	247	2	1	19____	129650	1	0	0	0	0	1	0	0	0	0	0
C	Marios	56	247	2	1	19____	129761	1	0	0	0	0	0	0	0	0	1	0
C	Marios	56	247	2	1	19____	129810	1	0	0	0	0	1	0	0	0	0	0
C	Marios	56	247	2	1	19____	129930	1	0	0	0	0	0	0	0	0	1	0
C	Marios	56	247	2	1	19____	129932	1	0	0	0	0	1	0	0	0	0	0
C	Marios	56	247	2	1	19____	129947	1	0	0	0	0	0	0	0	0	1	0
C	Marios	56	247	2	1	19____	129958	1	0	0	0	0	1	0	0	0	0	0
C	Marios	56	247	2	1	19____	129972	1	0	0	0	0	0	0	0	0	1	0
C	Marios	56	247	2	1	19____	129973	1	0	0	0	0	1	0	0	0	0	0
C	Marios	56	247	2	1	19____	129987	1	0	0	0	0	0	0	0	0	1	0
C	Marios	56	247	2	1	19____	129991	1	0	0	0	0	1	0	0	0	0	0
C	Marios	56	247	2	1	19____	129993	1	0	0	0	0	0	0	0	0	1	0
C	Marios	56	247	2	1	19____	131333	1	0	0	0	0	1	0	0	0	0	0
C	Marios	56	247	2	1	19____	131339	1	0	0	0	0	0	0	0	0	1	0
C	Marios	56	247	2	1	19____	133802	1	0	0	0	0	1	0	0	0	0	0
C	Marios	56	247	2	1	19____	133876	1	0	0	0	0	0	0	0	0	1	0
C	Marios	56	247	2	1	19____	135098	1	0	0	0	0	1	0	0	0	0	0
C	Marios	56	247	2	1	19____	135214	1	0	0	0	0	0	0	0	0	1	0
C	Marios	56	247	2	1	19____	135219	1	0	0	0	0	1	0	0	0	0	0
C	Marios	56	247	2	1	19____	135224	1	0	0	0	0	0	0	0	0	1	0
C	Marios	56	247	2	1	19____	135262	1	0	0	0	0	1	0	0	0	0	0
C	Marios	56	247	2	1	19____	135264	1	0	0	0	0	0	0	0	0	1	0
C	Marios	56	247	2	1	19____	135300	1	0	0	0	0	1	0	0	0	0	0
C	Marios	56	247	2	1	19____	135302	1	0	0	0	0	0	0	0	0	1	0
C	Marios	56	247	2	1	19____	135305	1	0	0	0	0	1	0	0	0	0	0
C	Marios	56	247	2	1	19____	135306	1	0	0	0	0	0	0	0	0	1	0
C	Marios	56	247	2	1	19____	135309	1	0	0	0	0	1	0	0	0	0	0
C	Marios	56	247	2	1	19____	135420	1	0	0	0	0	0	0	0	0	1	0
C	Marios	56	247	2	1	19____	135421	1	0	0	0	0	1	0	0	0	0	0
C	Marios	56	247	2	1	19____	135450	1	0	0	0	0	0	0	0	0	1	0
C	Marios	56	247	2	1	19____	135711	1	0	0	0	0	1	0	0	0	0	0
C	Marios	56	247	2	1	19____	135733	1	0	0	0	0	0	0	0	0	1	0
C	Marios	56	247	2	1	19____	135763	1	0	0	0	0	1	0	0	0	0	0
C	Marios	56	247	2	1	19____	135775	1	0	0	0	0	0	0	0	0	1	0
C	Marios	56	247	2	1	19____	136011	1	0	0	0	0	1	0	0	0	0	0
C	Marios	56	247	2	1	19____	136017	1	0	0	0	0	0	0	0	0	1	0
C	Marios	56	247	2	1	19____	136024	1	0	0	0	0	1	0	0	0	0	0
C	Marios	56	247	2	1	19____	136051	1	0	0	0	0	0	0	0	0	1	0
C	Marios	56	247	2	1	19____	136209	1	0	0	0	0	1	0	0	0	0	0
C	Marios	56	247	2	1	19____	136247	1	0	0	0	0	0	0	0	0	1	0
C	Marios	56	247	2	1	19____	136250	1	0	0	0	0	1	0	0	0	0	0
C	Marios	56	247	2	1	19____	136253	1	0	0	0	0	0	0	0	0	1	0
C	Marios	56	247	2	1	19____	136255	1	0	0	0	0	1	0	0	0	0	0
C	Marios	56	247	2	1	19____	136258	1	0	0	0	0	0	0	0	0	1	0
C	Marios	56	247	2	1	19____	136259	1	0	0	0	0	1	0	0	0	0	0
C	Marios	56	247	2	1	19____	136338	1	0	0	0	0	0	0	0	0	1	0
C	Marios	56	247	2	1	19____	136359	1	0	0	0	0	1	0	0	0	0	0
C	Marios	56	247	2	1	19____	136362	1	0	0	0	0	0	0	0	0	1	0
C	Marios	56	247	2	1	19____	136368	1	0	0	0	0	1	0	0	0	0	0
C	Marios	56	247	2	1	19____	136371	1	0	0	0	0	0	0	0	0	1	0
C	Marios	56	247	2	1	19____	136404	1	0	0	0	0	1	0	0	0	0	0
C	Marios	56	247	2	1	19____	136407	1	0	0	0	0	0	0	0	0	1	0
C	Marios	56	247	2	1	19____	136414	1	0	0	0	0	1	0	0	0	0	0
C	Marios	56	247	2	1	19____	136420	1	0	0	0	0	0	0	0	0	1	0
C	Marios	56	247	2	1	19____	136421	1	0	0	0	0	1	0	0	0	0	0
C	Marios	56	247	2	1	19____	136451	1	0	0	0	0	0	0	0	0	1	0
C	Marios	56	247	2	1	19____	136670	1	0	0	0	0	1	0	0	0	0	0
C	Marios	56	247	2	1	19____	136697	1	0	0	0	0	0	0	0	0	1	0
C	Marios	56	247	2	1	19____	136698	1	0	0	0	0	1	0	0	0	0	0
C	Marios	56	247	2	1	19____	136723	1	0	0	0	0	0	0	0	0	1	0
C	Marios	56	247	2	1	19____	136751	1	0	0	0	0	1	0	0	0	0	0
C	Marios	56	247	2	1	19____	136804	1	0	0	0	0	0	0	0	0	1	0
C	Marios	56	247	2	1	19____	136811	1	0	0	0	0	1	0	0	0	0	0
C	Marios	56	247	2	1	19____	136812	1	0	0	0	0	0	0	0	0	1	0
C	Marios	56	247	2	1	19____	136813	1	0	0	0	0	1	0	0	0	0	0
C	Marios	56	247	2	1	19____	136820	1	0	0	0	0	0	0	0	0	1	0
C	Marios	56	247	2	1	19____	136822	1	0	0	0	0	1	0	0	0	0	0
C	Marios	56	247	2	1	19____	136827	1	0	0	0	0	0	0	0	0	1	0
C	Marios	56	247	2	1	19____	136832	1	0	0	0	0	1	0	0	0	0	0
C	Marios	56	247	2	1	19____	136855	1	0	0	0	0	0	0	0	0	1	0
C	Marios	56	247	2	1	19____	136868	1	0	0	0	0	1	0	0	0	0	0
C	Marios	56	247	2	1	19____	136871	1	0	0	0	0	0	0	0	0	1	0
C	Marios	56	247	2	1	19____	136903	1	0	0	0	0	1	0	0	0	0	0
C	Marios	56	247	2	1	19____	137059	1	0	0	0	0	0	0	0	0	1	0
C	Marios	56	247	2	1	19____	137061	1	0	0	0	0	1	0	0	0	0	0
C	Marios	56	247	2	1	19____	137097	1	0	0	0	0	0	0	0	0	1	0
C	Marios	56	247	2	1	19____	137098	1	0	0	0	0	1	0	0	0	0	0
C	Marios	56	247	2	1	19____	137186	1	0	0	0	0	0	0	0	0	1	0
C	Marios	56	247	2	1	19____	137196	1	0	0	0	0	1	0	0	0	0	0
C	Marios	56	247	2	1	19____	137204	1	0	0	0	0	0	0	0	0	1	0
C	Marios	56	247	2	1	19____	137214	1	0	0	0	0	1	0	0	0	0	0
C	Marios	56	247	2	1	19____	137229	1	0	0	0	0	0	0	0	0	1	0
C	Marios	56	247	2	1	19____	138389	1	0	0	0	0	1	0	0	0	0	0
C	Marios	56	247	2	1	19____	138408	1	0	0	0	0	0	0	0	0	1	0
C	Marios	56	247	2	1	19____	138690	1	0	0	0	0	1	0	0	0	0	0
C	Marios	56	247	2	1	19____	138860	1	0	0	0	0	0	0	0	0	1	0
C	Marios	56	247	2	1	19____	138862	1	0	0	0	0	1	0	0	0	0	0
C	Marios	56	247	2	1	19____	138884	1	0	0	0	0	1	0	0	0	1	0
C	Marios	56	247	2	1	19____	138910	1	0	0	0	0	0	0	0	0	1	0
C	Marios	56	247	2	1	19____	138916	1	0	0	0	0	1	0	0	0	0	0
C	Marios	56	247	2	1	19____	138940	1	0	0	0	0	0	0	0	0	1	0
C	Marios	56	247	2	1	19____	138948	1	0	0	0	0	1	0	0	0	0	0
C	Marios	56	247	2	1	19____	138996	1	0	0	0	0	0	0	0	0	1	0
C	Marios	56	247	2	1	19____	139009	1	0	0	0	0	1	0	0	0	0	0
C	Marios	56	247	2	1	19____	139053	1	0	0	0	0	0	0	0	0	1	0
C	Marios	56	247	2	1	19____	139415	1	0	0	0	0	1	0	0	0	0	0
C	Marios	56	247	2	1	19____	139831	1	0	0	0	0	0	0	0	0	1	0
C	Marios	56	247	2	1	19____	140686	1	0	0	0	0	1	0	0	0	0	0
C	Marios	56	247	2	1	19____	140696	1	0	0	0	0	0	0	0	0	1	0
C	Marios	56	247	2	1	19____	140707	1	0	0	0	0	1	0	0	0	0	0
C	Marios	56	247	2	1	19____	140715	1	0	0	0	0	0	0	0	0	1	0
C	Marios	56	247	2	1	19____	166605	1	0	0	0	0	1	0	0	0	0	0
C	Marios	56	247	2	1	19____	166908	1	0	0	0	0	0	0	0	0	1	0
C	Marios	56	247	2	1	19____	167610	1	0	0	0	0	1	0	0	0	0	0
C	Marios	56	247	2	1	19____	167651	1	0	0	0	0	0	0	0	0	1	0
C	Marios	56	247	2	1	19____	171111	1	0	0	0	0	1	0	0	0	0	0
C	Marios	56	247	2	1	19____	171251	1	0	0	0	0	0	0	0	0	1	0
C	Marios	56	247	2	1	19____	172053	1	0	0	0	0	1	0	0	0	0	0
C	Marios	56	247	2	1	19____	172202	1	0	0	0	0	0	0	0	0	1	0
C	Marios	56	247	2	1	19____	173605	1	0	0	0	0	1	0	0	0	0	0
C	Marios	56	247	2	1	19____	173711	1	0	0	0	0	0	0	0	0	1	0
C	Marios	56	247	2	1	19____	175602	1	0	0	0	0	1	0	0	0	0	0
C	Marios	56	247	2	1	19____	175710	1	0	0	0	0	0	0	0	0	1	0
C	Marios	56	247	2	1	19____	177320	1	0	0	0	0	1	0	0	0	0	0
C	Marios	56	247	2	1	19____	177329	1	0	0	0	0	0	0	0	0	1	0
C	Marios	56	247	2	1	19____	178371	1	0	0	0	0	1	0	0	0	0	0
C	Marios	56	247	2	1	19____	178373	1	0	0	0	0	0	0	0	0	1	0
C	Marios	56	247	2	1	19____	178375	1	0	0	0	0	1	0	0	0	0	0
C	Marios	56	247	2	1	19____	178378	1	0	0	0	0	0	0	0	0	1	0
C	Marios	56	247	2	1	19____	178380	1	0	0	0	0	1	0	0	0	0	0
C	Marios	56	247	2	1	19____	178390	1	0	0	0	0	0	0	0	0	1	0
C	Marios	56	247	2	1	19____	178459	1	0	0	0	0	1	0	0	0	0	0
C	Marios	56	247	2	1	19____	178461	1	0	0	0	0	0	0	0	0	1	0
C	Marios	56	247	2	1	19____	178462	1	0	0	0	0	1	0	0	0	0	0
C	Marios	56	247	2	1	19____	178464	1	0	0	0	0	0	0	0	0	1	0
C	Marios	56	247	2	1	19____	178648	1	0	0	0	0	1	0	0	0	0	0
C	Marios	56	247	2	1	19____	178681	1	0	0	0	0	0	0	0	0	1	0
C	Marios	56	247	2	1	19____	178876	1	0	0	0	0	1	0	0	0	0	0
C	Marios	56	247	2	1	19____	178878	1	0	0	0	0	0	0	0	0	1	0
C	Marios	56	247	2	1	19____	178886	1	0	0	0	0	1	0	0	0	0	0
C	Marios	56	247	2	1	19____	178976	1	0	0	0	0	0	0	0	0	1	0
C	Marios	56	247	2	1	19____	179006	1	0	0	0	0	1	0	0	0	0	0
C	Marios	56	247	2	1	19____	179022	1	0	0	0	0	0	0	0	0	1	0
C	Marios	56	247	2	1	19____	180000	1	-1	0	0	0	0	0	0	0	0	0
C	Marios	56	247	10	1	20____	0	0	1	0	0	0	0	0	0	0	0	0
C	Marios	56	247	10	1	20____	8556	1	0	0	0	0	1	0	0	0	0	0
C	Marios	56	247	10	1	20____	8559	1	0	0	0	0	0	0	0	0	1	0
C	Marios	56	247	10	1	20____	8561	1	0	0	0	0	1	0	0	0	0	0
C	Marios	56	247	10	1	20____	8596	1	0	0	0	0	0	0	0	0	1	0
C	Marios	56	247	10	1	20____	9657	1	0	0	0	0	1	0	0	0	0	0
C	Marios	56	247	10	1	20____	9669	1	0	0	0	0	0	0	0	0	1	0
C	Marios	56	247	10	1	20____	10064	1	0	0	0	0	1	0	0	0	0	0
C	Marios	56	247	10	1	20____	10081	1	0	0	0	0	0	0	0	0	1	0
C	Marios	56	247	10	1	20____	10129	1	0	0	0	0	1	0	0	0	0	0
C	Marios	56	247	10	1	20____	10130	1	0	0	0	0	0	0	0	0	1	0
C	Marios	56	247	10	1	20____	17625	1	0	0	0	0	1	0	0	0	0	0
C	Marios	56	247	10	1	20____	17627	1	0	0	0	0	0	0	0	0	1	0
C	Marios	56	247	10	1	20____	43576	1	0	0	0	0	1	0	0	0	0	0
C	Marios	56	247	10	1	20____	43615	1	0	0	0	0	0	0	0	0	1	0
C	Marios	56	247	10	1	20____	45990	1	0	0	0	0	1	0	0	0	0	0
C	Marios	56	247	10	1	20____	45994	1	0	0	0	0	0	0	0	0	1	0
C	Marios	56	247	10	1	20____	55083	1	0	0	0	0	1	0	0	0	0	0
C	Marios	56	247	10	1	20____	55119	1	0	0	0	0	0	0	0	0	1	0
C	Marios	56	247	10	1	20____	61162	1	0	0	0	0	1	0	0	0	0	0
C	Marios	56	247	10	1	20____	61167	1	0	0	0	0	0	0	0	0	1	0
C	Marios	56	247	10	1	20____	61252	1	0	0	0	0	1	0	0	0	0	0
C	Marios	56	247	10	1	20____	61254	1	0	0	0	0	0	0	0	0	1	0
C	Marios	56	247	10	1	20____	61397	1	0	0	0	0	1	0	0	0	0	0
C	Marios	56	247	10	1	20____	61402	1	0	0	0	0	0	0	0	0	1	0
C	Marios	56	247	10	1	20____	96741	1	0	0	0	0	1	0	0	0	0	0
C	Marios	56	247	10	1	20____	96821	1	0	0	0	0	0	0	0	0	1	0
C	Marios	56	247	10	1	20____	175541	1	0	0	0	0	1	0	0	0	0	0
C	Marios	56	247	10	1	20____	175589	1	0	0	0	0	0	0	0	0	1	0
C	Marios	56	247	10	1	20____	180000	1	-1	0	0	0	0	0	0	0	0	0
C	Marios	56	247	4	1	21____	0	0	1	0	0	0	0	0	0	0	0	0
C	Marios	56	247	4	1	21____	64	1	0	0	0	0	1	0	0	0	0	0
C	Marios	56	247	4	1	21____	104	1	0	0	0	0	0	0	0	0	1	0
C	Marios	56	247	4	1	21____	1446	1	0	0	0	0	1	0	0	0	0	0
C	Marios	56	247	4	1	21____	1448	1	0	0	0	0	0	0	0	0	1	0
C	Marios	56	247	4	1	21____	4699	1	0	0	0	0	1	0	0	0	0	0
C	Marios	56	247	4	1	21____	4700	1	0	0	0	0	0	0	0	0	1	0
C	Marios	56	247	4	1	21____	8152	1	0	0	0	0	1	0	0	0	0	0
C	Marios	56	247	4	1	21____	8192	1	0	0	0	0	0	0	0	0	1	0
C	Marios	56	247	4	1	21____	8775	1	0	0	0	0	1	0	0	0	0	0
C	Marios	56	247	4	1	21____	8786	1	0	0	0	0	0	0	0	0	1	0
C	Marios	56	247	4	1	21____	10461	1	0	0	0	0	1	0	0	0	0	0
C	Marios	56	247	4	1	21____	10463	1	0	0	0	0	0	0	0	0	1	0
C	Marios	56	247	4	1	21____	10468	1	0	0	0	0	1	0	0	0	0	0
C	Marios	56	247	4	1	21____	10469	1	0	0	0	0	0	0	0	0	1	0
C	Marios	56	247	4	1	21____	10655	1	0	0	0	0	1	0	0	0	0	0
C	Marios	56	247	4	1	21____	10657	1	0	0	0	0	0	0	0	0	1	0
C	Marios	56	247	4	1	21____	10664	1	0	0	0	0	1	0	0	0	0	0
C	Marios	56	247	4	1	21____	10667	1	0	0	0	0	0	0	0	0	1	0
C	Marios	56	247	4	1	21____	14297	1	0	0	0	0	1	0	0	0	0	0
C	Marios	56	247	4	1	21____	14309	1	0	0	0	0	0	0	0	0	1	0
C	Marios	56	247	4	1	21____	14657	1	0	0	0	0	1	0	0	0	0	0
C	Marios	56	247	4	1	21____	14661	1	0	0	0	0	0	0	0	0	1	0
C	Marios	56	247	4	1	21____	14670	1	0	0	0	0	1	0	0	0	0	0
C	Marios	56	247	4	1	21____	14672	1	0	0	0	0	0	0	0	0	1	0
C	Marios	56	247	4	1	21____	16760	1	0	0	0	0	1	0	0	0	0	0
C	Marios	56	247	4	1	21____	16776	1	0	0	0	0	0	0	0	0	1	0
C	Marios	56	247	4	1	21____	19107	1	0	0	0	0	1	0	0	0	0	0
C	Marios	56	247	4	1	21____	19111	1	0	0	0	0	0	0	0	0	1	0
C	Marios	56	247	4	1	21____	19176	1	0	0	0	0	1	0	0	0	0	0
C	Marios	56	247	4	1	21____	19442	1	0	0	0	0	0	0	0	0	1	0
C	Marios	56	247	4	1	21____	19445	1	0	0	0	0	1	0	0	0	0	0
C	Marios	56	247	4	1	21____	19470	1	0	0	0	0	0	0	0	0	1	0
C	Marios	56	247	4	1	21____	19575	1	0	0	0	0	1	0	0	0	0	0
C	Marios	56	247	4	1	21____	19576	1	0	0	0	0	0	0	0	0	1	0
C	Marios	56	247	4	1	21____	23750	1	0	0	0	0	1	0	0	0	0	0
C	Marios	56	247	4	1	21____	23751	1	0	0	0	0	0	0	0	0	1	0
C	Marios	56	247	4	1	21____	23752	1	0	0	0	0	1	0	0	0	0	0
C	Marios	56	247	4	1	21____	23762	1	0	0	0	0	0	0	0	0	1	0
C	Marios	56	247	4	1	21____	23769	1	0	0	0	0	1	0	0	0	0	0
C	Marios	56	247	4	1	21____	23817	1	0	0	0	0	0	0	0	0	1	0
C	Marios	56	247	4	1	21____	24212	1	0	0	0	0	1	0	0	0	0	0
C	Marios	56	247	4	1	21____	24217	1	0	0	0	0	0	0	0	0	1	0
C	Marios	56	247	4	1	21____	25371	1	0	0	0	0	1	0	0	0	0	0
C	Marios	56	247	4	1	21____	25376	1	0	0	0	0	0	0	0	0	1	0
C	Marios	56	247	4	1	21____	25451	1	0	0	0	0	1	0	0	0	0	0
C	Marios	56	247	4	1	21____	25474	1	0	0	0	0	0	0	0	0	1	0
C	Marios	56	247	4	1	21____	30414	1	0	0	0	0	1	0	0	0	0	0
C	Marios	56	247	4	1	21____	30559	1	0	0	0	0	0	0	0	0	1	0
C	Marios	56	247	4	1	21____	30726	1	0	0	0	0	1	0	0	0	0	0
C	Marios	56	247	4	1	21____	30751	1	0	0	0	0	0	0	0	0	1	0
C	Marios	56	247	4	1	21____	35830	1	0	0	0	0	1	0	0	0	0	0
C	Marios	56	247	4	1	21____	35848	1	0	0	0	0	0	0	0	0	1	0
C	Marios	56	247	4	1	21____	39950	1	0	0	0	0	1	0	0	0	0	0
C	Marios	56	247	4	1	21____	39978	1	0	0	0	0	0	0	0	0	1	0
C	Marios	56	247	4	1	21____	40083	1	0	0	0	0	1	0	0	0	0	0
C	Marios	56	247	4	1	21____	40087	1	0	0	0	0	0	0	0	0	1	0
C	Marios	56	247	4	1	21____	40089	1	0	0	0	0	1	0	0	0	0	0
C	Marios	56	247	4	1	21____	40091	1	0	0	0	0	1	0	0	0	1	0
C	Marios	56	247	4	1	21____	40093	1	0	0	0	0	0	0	0	0	1	0
C	Marios	56	247	4	1	21____	40099	1	0	0	0	0	1	0	0	0	0	0
C	Marios	56	247	4	1	21____	40101	1	0	0	0	0	0	0	0	0	1	0
C	Marios	56	247	4	1	21____	42771	1	0	0	0	0	1	0	0	0	0	0
C	Marios	56	247	4	1	21____	42783	1	0	0	0	0	0	0	0	0	1	0
C	Marios	56	247	4	1	21____	45722	1	0	0	0	0	1	0	0	0	0	0
C	Marios	56	247	4	1	21____	45736	1	0	0	0	0	0	0	0	0	1	0
C	Marios	56	247	4	1	21____	45789	1	0	0	0	0	1	0	0	0	0	0
C	Marios	56	247	4	1	21____	45918	1	0	0	0	0	0	0	0	0	1	0
C	Marios	56	247	4	1	21____	46426	1	0	0	0	0	1	0	0	0	0	0
C	Marios	56	247	4	1	21____	46433	1	0	0	0	0	0	0	0	0	1	0
C	Marios	56	247	4	1	21____	46436	1	0	0	0	0	1	0	0	0	0	0
C	Marios	56	247	4	1	21____	46440	1	0	0	0	0	0	0	0	0	1	0
C	Marios	56	247	4	1	21____	46451	1	0	0	0	0	1	0	0	0	0	0
C	Marios	56	247	4	1	21____	46501	1	0	0	0	0	0	0	0	0	1	0
C	Marios	56	247	4	1	21____	46507	1	0	0	0	0	1	0	0	0	0	0
C	Marios	56	247	4	1	21____	46509	1	0	0	0	0	0	0	0	0	1	0
C	Marios	56	247	4	1	21____	46510	1	0	0	0	0	1	0	0	0	0	0
C	Marios	56	247	4	1	21____	46512	1	0	0	0	0	0	0	0	0	1	0
C	Marios	56	247	4	1	21____	46571	1	0	0	0	0	1	0	0	0	0	0
C	Marios	56	247	4	1	21____	46573	1	0	0	0	0	0	0	0	0	1	0
C	Marios	56	247	4	1	21____	46583	1	0	0	0	0	1	0	0	0	0	0
C	Marios	56	247	4	1	21____	46659	1	0	0	0	0	0	0	0	0	1	0
C	Marios	56	247	4	1	21____	51002	1	0	0	0	0	1	0	0	0	0	0
C	Marios	56	247	4	1	21____	51017	1	0	0	0	0	0	0	0	0	1	0
C	Marios	56	247	4	1	21____	51194	1	0	0	0	0	1	0	0	0	0	0
C	Marios	56	247	4	1	21____	51203	1	0	0	0	0	0	0	0	0	1	0
C	Marios	56	247	4	1	21____	53562	1	0	0	0	0	1	0	0	0	0	0
C	Marios	56	247	4	1	21____	53574	1	0	0	0	0	0	0	0	0	1	0
C	Marios	56	247	4	1	21____	54516	1	0	0	0	0	1	0	0	0	0	0
C	Marios	56	247	4	1	21____	54525	1	0	0	0	0	0	0	0	0	1	0
C	Marios	56	247	4	1	21____	54827	1	0	0	0	0	1	0	0	0	0	0
C	Marios	56	247	4	1	21____	54828	1	0	0	0	0	0	0	0	0	1	0
C	Marios	56	247	4	1	21____	54912	1	0	0	0	0	1	0	0	0	0	0
C	Marios	56	247	4	1	21____	54915	1	0	0	0	0	0	0	0	0	1	0
C	Marios	56	247	4	1	21____	54920	1	0	0	0	0	1	0	0	0	0	0
C	Marios	56	247	4	1	21____	54921	1	0	0	0	0	0	0	0	0	1	0
C	Marios	56	247	4	1	21____	54970	1	0	0	0	0	1	0	0	0	0	0
C	Marios	56	247	4	1	21____	54972	1	0	0	0	0	0	0	0	0	1	0
C	Marios	56	247	4	1	21____	54973	1	0	0	0	0	1	0	0	0	0	0
C	Marios	56	247	4	1	21____	55024	1	0	0	0	0	0	0	0	0	1	0
C	Marios	56	247	4	1	21____	55070	1	0	0	0	0	1	0	0	0	0	0
C	Marios	56	247	4	1	21____	55155	1	0	0	0	0	0	0	0	0	1	0
C	Marios	56	247	4	1	21____	55160	1	0	0	0	0	1	0	0	0	0	0
C	Marios	56	247	4	1	21____	55178	1	0	0	0	0	0	0	0	0	1	0
C	Marios	56	247	4	1	21____	55205	1	0	0	0	0	1	0	0	0	0	0
C	Marios	56	247	4	1	21____	55209	1	0	0	0	0	0	0	0	0	1	0
C	Marios	56	247	4	1	21____	56291	1	0	0	0	0	1	0	0	0	0	0
C	Marios	56	247	4	1	21____	56336	1	0	0	0	0	0	0	0	0	1	0
C	Marios	56	247	4	1	21____	56454	1	0	0	0	0	1	0	0	0	0	0
C	Marios	56	247	4	1	21____	56455	1	0	0	0	0	0	0	0	0	1	0
C	Marios	56	247	4	1	21____	56481	1	0	0	0	0	1	0	0	0	0	0
C	Marios	56	247	4	1	21____	56482	1	0	0	0	0	0	0	0	0	1	0
C	Marios	56	247	4	1	21____	56489	1	0	0	0	0	1	0	0	0	0	0
C	Marios	56	247	4	1	21____	56500	1	0	0	0	0	0	0	0	0	1	0
C	Marios	56	247	4	1	21____	60735	1	0	0	0	0	1	0	0	0	0	0
C	Marios	56	247	4	1	21____	60795	1	0	0	0	0	0	0	0	0	1	0
C	Marios	56	247	4	1	21____	66429	1	0	0	0	0	1	0	0	0	0	0
C	Marios	56	247	4	1	21____	66457	1	0	0	0	0	0	0	0	0	1	0
C	Marios	56	247	4	1	21____	66469	1	0	0	0	0	1	0	0	0	0	0
C	Marios	56	247	4	1	21____	66614	1	0	0	0	0	0	0	0	0	1	0
C	Marios	56	247	4	1	21____	73518	1	0	0	0	0	1	0	0	0	0	0
C	Marios	56	247	4	1	21____	73526	1	0	0	0	0	0	0	0	0	1	0
C	Marios	56	247	4	1	21____	73533	1	0	0	0	0	1	0	0	0	0	0
C	Marios	56	247	4	1	21____	73566	1	0	0	0	0	0	0	0	0	1	0
C	Marios	56	247	4	1	21____	73579	1	0	0	0	0	1	0	0	0	0	0
C	Marios	56	247	4	1	21____	73745	1	0	0	0	0	0	0	0	0	1	0
C	Marios	56	247	4	1	21____	73769	1	0	0	0	0	1	0	0	0	0	0
C	Marios	56	247	4	1	21____	73860	1	0	0	0	0	0	0	0	0	1	0
C	Marios	56	247	4	1	21____	74062	1	0	0	0	0	1	0	0	0	0	0
C	Marios	56	247	4	1	21____	74065	1	0	0	0	0	0	0	0	0	1	0
C	Marios	56	247	4	1	21____	81439	1	0	0	0	0	1	0	0	0	0	0
C	Marios	56	247	4	1	21____	81444	1	0	0	0	0	0	0	0	0	1	0
C	Marios	56	247	4	1	21____	81637	1	0	0	0	0	1	0	0	0	0	0
C	Marios	56	247	4	1	21____	81745	1	0	0	0	0	0	0	0	0	1	0
C	Marios	56	247	4	1	21____	82731	1	0	0	0	0	1	0	0	0	0	0
C	Marios	56	247	4	1	21____	82744	1	0	0	0	0	0	0	0	0	1	0
C	Marios	56	247	4	1	21____	99813	1	0	0	0	0	1	0	0	0	0	0
C	Marios	56	247	4	1	21____	99815	1	0	0	0	0	0	0	0	0	1	0
C	Marios	56	247	4	1	21____	100580	1	0	0	0	0	1	0	0	0	0	0
C	Marios	56	247	4	1	21____	100585	1	0	0	0	0	0	0	0	0	1	0
C	Marios	56	247	4	1	21____	102700	1	0	0	0	0	1	0	0	0	0	0
C	Marios	56	247	4	1	21____	102753	1	0	0	0	0	0	0	0	0	1	0
C	Marios	56	247	4	1	21____	102785	1	0	0	0	0	1	0	0	0	0	0
C	Marios	56	247	4	1	21____	102787	1	0	0	0	0	0	0	0	0	1	0
C	Marios	56	247	4	1	21____	103216	1	0	0	0	0	1	0	0	0	0	0
C	Marios	56	247	4	1	21____	103293	1	0	0	0	0	0	0	0	0	1	0
C	Marios	56	247	4	1	21____	108336	1	0	0	0	0	1	0	0	0	0	0
C	Marios	56	247	4	1	21____	108344	1	0	0	0	0	0	0	0	0	1	0
C	Marios	56	247	4	1	21____	108345	1	0	0	0	0	1	0	0	0	0	0
C	Marios	56	247	4	1	21____	108348	1	0	0	0	0	0	0	0	0	1	0
C	Marios	56	247	4	1	21____	108369	1	0	0	0	0	1	0	0	0	0	0
C	Marios	56	247	4	1	21____	108501	1	0	0	0	0	0	0	0	0	1	0
C	Marios	56	247	4	1	21____	108519	1	0	0	0	0	1	0	0	0	0	0
C	Marios	56	247	4	1	21____	108555	1	0	0	0	0	0	0	0	0	1	0
C	Marios	56	247	4	1	21____	109505	1	0	0	0	0	1	0	0	0	0	0
C	Marios	56	247	4	1	21____	109521	1	0	0	0	0	0	0	0	0	1	0
C	Marios	56	247	4	1	21____	110234	1	0	0	0	0	1	0	0	0	0	0
C	Marios	56	247	4	1	21____	110240	1	0	0	0	0	0	0	0	0	1	0
C	Marios	56	247	4	1	21____	110829	1	0	0	0	0	1	0	0	0	0	0
C	Marios	56	247	4	1	21____	110831	1	0	0	0	0	0	0	0	0	1	0
C	Marios	56	247	4	1	21____	112784	1	0	0	0	0	1	0	0	0	0	0
C	Marios	56	247	4	1	21____	112966	1	0	0	0	0	0	0	0	0	1	0
C	Marios	56	247	4	1	21____	113054	1	0	0	0	0	1	0	0	0	0	0
C	Marios	56	247	4	1	21____	113056	1	0	0	0	0	0	0	0	0	1	0
C	Marios	56	247	4	1	21____	114175	1	0	0	0	0	1	0	0	0	0	0
C	Marios	56	247	4	1	21____	114388	1	0	0	0	0	0	0	0	0	1	0
C	Marios	56	247	4	1	21____	114392	1	0	0	0	0	1	0	0	0	0	0
C	Marios	56	247	4	1	21____	114423	1	0	0	0	0	0	0	0	0	1	0
C	Marios	56	247	4	1	21____	163664	1	0	0	0	0	1	0	0	0	0	0
C	Marios	56	247	4	1	21____	163714	1	0	0	0	0	0	0	0	0	1	0
C	Marios	56	247	4	1	21____	163719	1	0	0	0	0	1	0	0	0	0	0
C	Marios	56	247	4	1	21____	163723	1	0	0	0	0	0	0	0	0	1	0
C	Marios	56	247	4	1	21____	163726	1	0	0	0	0	1	0	0	0	0	0
C	Marios	56	247	4	1	21____	163736	1	0	0	0	0	0	0	0	0	1	0
C	Marios	56	247	4	1	21____	163738	1	0	0	0	0	1	0	0	0	0	0
C	Marios	56	247	4	1	21____	163751	1	0	0	0	0	0	0	0	0	1	0
C	Marios	56	247	4	1	21____	163756	1	0	0	0	0	1	0	0	0	0	0
C	Marios	56	247	4	1	21____	163775	1	0	0	0	0	0	0	0	0	1	0
C	Marios	56	247	4	1	21____	165839	1	0	0	0	0	1	0	0	0	0	0
C	Marios	56	247	4	1	21____	165912	1	0	0	0	0	0	0	0	0	1	0
C	Marios	56	247	4	1	21____	177722	1	0	0	0	0	1	0	0	0	0	0
C	Marios	56	247	4	1	21____	177777	1	0	0	0	0	0	0	0	0	1	0
C	Marios	56	247	4	1	21____	180000	1	-1	0	0	0	0	0	0	0	0	0
C	Marios	56	247	12	1	22____	0	0	1	0	0	0	0	0	0	0	0	0
C	Marios	56	247	12	1	22____	6002	1	0	0	0	0	1	0	0	0	0	0
C	Marios	56	247	12	1	22____	6134	1	0	0	0	0	0	0	0	0	1	0
C	Marios	56	247	12	1	22____	17492	1	0	0	0	0	1	0	0	0	0	0
C	Marios	56	247	12	1	22____	17512	1	0	0	0	0	0	0	0	0	1	0
C	Marios	56	247	12	1	22____	17587	1	0	0	0	0	1	0	0	0	0	0
C	Marios	56	247	12	1	22____	17762	1	0	0	0	0	0	0	0	0	1	0
C	Marios	56	247	12	1	22____	25545	1	0	0	0	0	1	0	0	0	0	0
C	Marios	56	247	12	1	22____	25547	1	0	0	0	0	0	0	0	0	1	0
C	Marios	56	247	12	1	22____	30145	1	0	0	0	0	1	0	0	0	0	0
C	Marios	56	247	12	1	22____	30276	1	0	0	0	0	0	0	0	0	1	0
C	Marios	56	247	12	1	22____	71947	1	0	0	0	0	1	0	0	0	0	0
C	Marios	56	247	12	1	22____	71949	1	0	0	0	0	0	0	0	0	1	0
C	Marios	56	247	12	1	22____	71952	1	0	0	0	0	1	0	0	0	0	0
C	Marios	56	247	12	1	22____	72133	1	0	0	0	0	0	0	0	0	1	0
C	Marios	56	247	12	1	22____	72332	1	0	0	0	0	1	0	0	0	0	0
C	Marios	56	247	12	1	22____	72335	1	0	0	0	0	0	0	0	0	1	0
C	Marios	56	247	12	1	22____	74491	1	0	0	0	0	1	0	0	0	0	0
C	Marios	56	247	12	1	22____	74606	1	0	0	0	0	0	0	0	0	1	0
C	Marios	56	247	12	1	22____	98608	1	0	0	0	0	1	0	0	0	0	0
C	Marios	56	247	12	1	22____	98621	1	0	0	0	0	0	0	0	0	1	0
C	Marios	56	247	12	1	22____	101105	1	0	0	0	0	1	0	0	0	0	0
C	Marios	56	247	12	1	22____	101139	1	0	0	0	0	0	0	0	0	1	0
C	Marios	56	247	12	1	22____	103440	1	0	0	0	0	1	0	0	0	0	0
C	Marios	56	247	12	1	22____	103447	1	0	0	0	0	0	0	0	0	1	0
C	Marios	56	247	12	1	22____	103459	1	0	0	0	0	1	0	0	0	0	0
C	Marios	56	247	12	1	22____	103462	1	0	0	0	0	0	0	0	0	1	0
C	Marios	56	247	12	1	22____	103505	1	0	0	0	0	1	0	0	0	0	0
C	Marios	56	247	12	1	22____	103510	1	0	0	0	0	0	0	0	0	1	0
C	Marios	56	247	12	1	22____	103515	1	0	0	0	0	1	0	0	0	0	0
C	Marios	56	247	12	1	22____	103550	1	0	0	0	0	0	0	0	0	1	0
C	Marios	56	247	12	1	22____	104870	1	0	0	0	0	1	0	0	0	0	0
C	Marios	56	247	12	1	22____	105045	1	0	0	0	0	0	0	0	0	1	0
C	Marios	56	247	12	1	22____	106888	1	0	0	0	0	1	0	0	0	0	0
C	Marios	56	247	12	1	22____	106903	1	0	0	0	0	0	0	0	0	1	0
C	Marios	56	247	12	1	22____	139408	1	0	0	0	0	1	0	0	0	0	0
C	Marios	56	247	12	1	22____	139556	1	0	0	0	0	0	0	0	0	1	0
C	Marios	56	247	12	1	22____	142721	1	0	0	0	0	1	0	0	0	0	0
C	Marios	56	247	12	1	22____	142874	1	0	0	0	0	0	0	0	0	1	0
C	Marios	56	247	12	1	22____	142878	1	0	0	0	0	1	0	0	0	0	0
C	Marios	56	247	12	1	22____	142880	1	0	0	0	0	0	0	0	0	1	0
C	Marios	56	247	12	1	22____	151456	1	0	0	0	0	1	0	0	0	0	0
C	Marios	56	247	12	1	22____	151541	1	0	0	0	0	0	0	0	0	1	0
C	Marios	56	247	12	1	22____	180000	1	-1	0	0	0	0	0	0	0	0	0
C	Marios	56	247	5	1	42____	0	0	1	0	0	0	0	0	0	0	0	0
C	Marios	56	247	5	1	42____	30404	1	0	0	0	0	1	0	0	0	0	0
C	Marios	56	247	5	1	42____	30461	1	0	0	0	0	0	0	0	0	1	0
C	Marios	56	247	5	1	42____	34223	1	0	0	0	0	1	0	0	0	0	0
C	Marios	56	247	5	1	42____	34225	1	0	0	0	0	0	0	0	0	1	0
C	Marios	56	247	5	1	42____	36355	1	0	0	0	0	1	0	0	0	0	0
C	Marios	56	247	5	1	42____	36380	1	0	0	0	0	0	0	0	0	1	0
C	Marios	56	247	5	1	42____	60890	1	0	0	0	0	1	0	0	0	0	0
C	Marios	56	247	5	1	42____	60911	1	0	0	0	0	0	0	0	0	1	0
C	Marios	56	247	5	1	42____	80847	1	0	0	0	0	1	0	0	0	0	0
C	Marios	56	247	5	1	42____	80962	1	0	0	0	0	0	0	0	0	1	0
C	Marios	56	247	5	1	42____	87298	1	0	0	0	0	1	0	0	0	0	0
C	Marios	56	247	5	1	42____	87303	1	0	0	0	0	0	0	0	0	1	0
C	Marios	56	247	5	1	42____	150457	1	0	0	0	0	1	0	0	0	0	0
C	Marios	56	247	5	1	42____	150461	1	0	0	0	0	0	0	0	0	1	0
C	Marios	56	247	5	1	42____	150468	1	0	0	0	0	1	0	0	0	0	0
C	Marios	56	247	5	1	42____	150475	1	0	0	0	0	0	0	0	0	1	0
C	Marios	56	247	5	1	42____	150638	1	0	0	0	0	1	0	0	0	0	0
C	Marios	56	247	5	1	42____	150663	1	0	0	0	0	0	0	0	0	1	0
C	Marios	56	247	5	1	42____	152970	1	0	0	0	0	1	0	0	0	0	0
C	Marios	56	247	5	1	42____	153013	1	0	0	0	0	0	0	0	0	1	0
C	Marios	56	247	5	1	42____	162043	1	0	0	0	0	1	0	0	0	0	0
C	Marios	56	247	5	1	42____	162046	1	0	0	0	0	0	0	0	0	1	0
C	Marios	56	247	5	1	42____	165196	1	0	0	0	0	1	0	0	0	0	0
C	Marios	56	247	5	1	42____	165198	1	0	0	0	0	0	0	0	0	1	0
C	Marios	56	247	5	1	42____	165201	1	0	0	0	0	1	0	0	0	0	0
C	Marios	56	247	5	1	42____	165203	1	0	0	0	0	0	0	0	0	1	0
C	Marios	56	247	5	1	42____	177869	1	0	0	0	0	1	0	0	0	0	0
C	Marios	56	247	5	1	42____	177897	1	0	0	0	0	0	0	0	0	1	0
C	Marios	56	247	5	1	42____	179593	1	0	0	0	0	1	0	0	0	0	0
C	Marios	56	247	5	1	42____	179626	1	0	0	0	0	0	0	0	0	1	0
C	Marios	56	247	5	1	42____	179628	1	0	0	0	0	1	0	0	0	0	0
C	Marios	56	247	5	1	42____	179735	1	0	0	0	0	0	0	0	0	1	0
C	Marios	56	247	5	1	42____	179748	1	0	0	0	0	1	0	0	0	0	0
C	Marios	56	247	5	1	42____	179759	1	0	0	0	0	0	0	0	0	1	0
C	Marios	56	247	5	1	42____	179788	1	0	0	0	0	1	0	0	0	0	0
C	Marios	56	247	5	1	42____	179883	1	0	0	0	0	0	0	0	0	1	0
C	Marios	56	247	5	1	42____	180000	1	-1	0	0	0	0	0	0	0	0	0
C	Marios	56	247	13	1	43____	0	0	1	0	0	0	0	0	0	0	0	0
C	Marios	56	247	13	1	43____	2679	1	0	0	0	0	1	0	0	0	0	0
C	Marios	56	247	13	1	43____	2681	1	0	0	0	0	0	0	0	0	1	0
C	Marios	56	247	13	1	43____	6492	1	0	0	0	0	1	0	0	0	0	0
C	Marios	56	247	13	1	43____	6497	1	0	0	0	0	0	0	0	0	1	0
C	Marios	56	247	13	1	43____	6507	1	0	0	0	0	1	0	0	0	0	0
C	Marios	56	247	13	1	43____	6513	1	0	0	0	0	0	0	0	0	1	0
C	Marios	56	247	13	1	43____	22621	1	0	0	0	0	1	0	0	0	0	0
C	Marios	56	247	13	1	43____	22624	1	0	0	0	0	0	0	0	0	1	0
C	Marios	56	247	13	1	43____	46876	1	0	0	0	0	1	0	0	0	0	0
C	Marios	56	247	13	1	43____	46984	1	0	0	0	0	0	0	0	0	1	0
C	Marios	56	247	13	1	43____	52653	1	0	0	0	0	1	0	0	0	0	0
C	Marios	56	247	13	1	43____	52658	1	0	0	0	0	0	0	0	0	1	0
C	Marios	56	247	13	1	43____	52674	1	0	0	0	0	1	0	0	0	0	0
C	Marios	56	247	13	1	43____	52700	1	0	0	0	0	0	0	0	0	1	0
C	Marios	56	247	13	1	43____	55194	1	0	0	0	0	1	0	0	0	0	0
C	Marios	56	247	13	1	43____	55206	1	0	0	0	0	0	0	0	0	1	0
C	Marios	56	247	13	1	43____	55207	1	0	0	0	0	1	0	0	0	0	0
C	Marios	56	247	13	1	43____	55210	1	0	0	0	0	0	0	0	0	1	0
C	Marios	56	247	13	1	43____	55213	1	0	0	0	0	1	0	0	0	0	0
C	Marios	56	247	13	1	43____	55287	1	0	0	0	0	0	0	0	0	1	0
C	Marios	56	247	13	1	43____	60470	1	0	0	0	0	1	0	0	0	0	0
C	Marios	56	247	13	1	43____	60472	1	0	0	0	0	0	0	0	0	1	0
C	Marios	56	247	13	1	43____	60479	1	0	0	0	0	1	0	0	0	0	0
C	Marios	56	247	13	1	43____	60483	1	0	0	0	0	0	0	0	0	1	0
C	Marios	56	247	13	1	43____	77273	1	0	0	0	0	1	0	0	0	0	0
C	Marios	56	247	13	1	43____	77286	1	0	0	0	0	0	0	0	0	1	0
C	Marios	56	247	13	1	43____	77521	1	0	0	0	0	1	0	0	0	0	0
C	Marios	56	247	13	1	43____	77526	1	0	0	0	0	0	0	0	0	1	0
C	Marios	56	247	13	1	43____	99517	1	0	0	0	0	1	0	0	0	0	0
C	Marios	56	247	13	1	43____	99520	1	0	0	0	0	0	0	0	0	1	0
C	Marios	56	247	13	1	43____	99521	1	0	0	0	0	1	0	0	0	0	0
C	Marios	56	247	13	1	43____	99686	1	0	0	0	0	0	0	0	0	1	0
C	Marios	56	247	13	1	43____	99907	1	0	0	0	0	1	0	0	0	0	0
C	Marios	56	247	13	1	43____	99916	1	0	0	0	0	0	0	0	0	1	0
C	Marios	56	247	13	1	43____	101803	1	0	0	0	0	1	0	0	0	0	0
C	Marios	56	247	13	1	43____	101807	1	0	0	0	0	0	0	0	0	1	0
C	Marios	56	247	13	1	43____	101835	1	0	0	0	0	1	0	0	0	0	0
C	Marios	56	247	13	1	43____	101947	1	0	0	0	0	0	0	0	0	1	0
C	Marios	56	247	13	1	43____	104034	1	0	0	0	0	1	0	0	0	0	0
C	Marios	56	247	13	1	43____	104036	1	0	0	0	0	0	0	0	0	1	0
C	Marios	56	247	13	1	43____	107054	1	0	0	0	0	1	0	0	0	0	0
C	Marios	56	247	13	1	43____	107065	1	0	0	0	0	0	0	0	0	1	0
C	Marios	56	247	13	1	43____	108893	1	0	0	0	0	1	0	0	0	0	0
C	Marios	56	247	13	1	43____	108896	1	0	0	0	0	0	0	0	0	1	0
C	Marios	56	247	13	1	43____	180000	1	-1	0	0	0	0	0	0	0	0	0
C	Marios	56	247	6	1	44____	0	0	1	0	0	0	0	0	0	0	0	0
C	Marios	56	247	6	1	44____	6323	1	0	0	0	0	1	0	0	0	0	0
C	Marios	56	247	6	1	44____	6328	1	0	0	0	0	0	0	0	0	1	0
C	Marios	56	247	6	1	44____	6340	1	0	0	0	0	1	0	0	0	0	0
C	Marios	56	247	6	1	44____	6365	1	0	0	0	0	0	0	0	0	1	0
C	Marios	56	247	6	1	44____	22808	1	0	0	0	0	1	0	0	0	0	0
C	Marios	56	247	6	1	44____	22813	1	0	0	0	0	0	0	0	0	1	0
C	Marios	56	247	6	1	44____	31021	1	0	0	0	0	1	0	0	0	0	0
C	Marios	56	247	6	1	44____	31029	1	0	0	0	0	0	0	0	0	1	0
C	Marios	56	247	6	1	44____	32937	1	0	0	0	0	1	0	0	0	0	0
C	Marios	56	247	6	1	44____	32942	1	0	0	0	0	0	0	0	0	1	0
C	Marios	56	247	6	1	44____	39417	1	0	0	0	0	1	0	0	0	0	0
C	Marios	56	247	6	1	44____	39474	1	0	0	0	0	0	0	0	0	1	0
C	Marios	56	247	6	1	44____	51999	1	0	0	0	0	1	0	0	0	0	0
C	Marios	56	247	6	1	44____	52004	1	0	0	0	0	0	0	0	0	1	0
C	Marios	56	247	6	1	44____	52006	1	0	0	0	0	1	0	0	0	0	0
C	Marios	56	247	6	1	44____	52089	1	0	0	0	0	0	0	0	0	1	0
C	Marios	56	247	6	1	44____	55555	1	0	0	0	0	1	0	0	0	0	0
C	Marios	56	247	6	1	44____	55574	1	0	0	0	0	0	0	0	0	1	0
C	Marios	56	247	6	1	44____	74015	1	0	0	0	0	1	0	0	0	0	0
C	Marios	56	247	6	1	44____	74031	1	0	0	0	0	0	0	0	0	1	0
C	Marios	56	247	6	1	44____	95041	1	0	0	0	0	1	0	0	0	0	0
C	Marios	56	247	6	1	44____	95044	1	0	0	0	0	0	0	0	0	1	0
C	Marios	56	247	6	1	44____	95365	1	0	0	0	0	1	0	0	0	0	0
C	Marios	56	247	6	1	44____	95391	1	0	0	0	0	0	0	0	0	1	0
C	Marios	56	247	6	1	44____	95405	1	0	0	0	0	1	0	0	0	0	0
C	Marios	56	247	6	1	44____	95479	1	0	0	0	0	0	0	0	0	1	0
C	Marios	56	247	6	1	44____	97329	1	0	0	0	0	1	0	0	0	0	0
C	Marios	56	247	6	1	44____	97335	1	0	0	0	0	0	0	0	0	1	0
C	Marios	56	247	6	1	44____	97337	1	0	0	0	0	1	0	0	0	0	0
C	Marios	56	247	6	1	44____	97422	1	0	0	0	0	0	0	0	0	1	0
C	Marios	56	247	6	1	44____	99079	1	0	0	0	0	1	0	0	0	0	0
C	Marios	56	247	6	1	44____	99110	1	0	0	0	0	0	0	0	0	1	0
C	Marios	56	247	6	1	44____	119853	1	0	0	0	0	1	0	0	0	0	0
C	Marios	56	247	6	1	44____	119857	1	0	0	0	0	0	0	0	0	1	0
C	Marios	56	247	6	1	44____	119858	1	0	0	0	0	1	0	0	0	0	0
C	Marios	56	247	6	1	44____	119860	1	0	0	0	0	0	0	0	0	1	0
C	Marios	56	247	6	1	44____	122419	1	0	0	0	0	1	0	0	0	0	0
C	Marios	56	247	6	1	44____	122431	1	0	0	0	0	0	0	0	0	1	0
C	Marios	56	247	6	1	44____	122958	1	0	0	0	0	1	0	0	0	0	0
C	Marios	56	247	6	1	44____	122972	1	0	0	0	0	0	0	0	0	1	0
C	Marios	56	247	6	1	44____	126069	1	0	0	0	0	1	0	0	0	0	0
C	Marios	56	247	6	1	44____	126091	1	0	0	0	0	0	0	0	0	1	0
C	Marios	56	247	6	1	44____	126098	1	0	0	0	0	1	0	0	0	0	0
C	Marios	56	247	6	1	44____	126103	1	0	0	0	0	0	0	0	0	1	0
C	Marios	56	247	6	1	44____	130069	1	0	0	0	0	1	0	0	0	0	0
C	Marios	56	247	6	1	44____	130074	1	0	0	0	0	0	0	0	0	1	0
C	Marios	56	247	6	1	44____	169255	1	0	0	0	0	1	0	0	0	0	0
C	Marios	56	247	6	1	44____	169259	1	0	0	0	0	0	0	0	0	1	0
C	Marios	56	247	6	1	44____	169320	1	0	0	0	0	1	0	0	0	0	0
C	Marios	56	247	6	1	44____	169374	1	0	0	0	0	0	0	0	0	1	0
C	Marios	56	247	6	1	44____	175613	1	0	0	0	0	1	0	0	0	0	0
C	Marios	56	247	6	1	44____	175615	1	0	0	0	0	0	0	0	0	1	0
C	Marios	56	247	6	1	44____	175621	1	0	0	0	0	1	0	0	0	0	0
C	Marios	56	247	6	1	44____	175651	1	0	0	0	0	0	0	0	0	1	0
C	Marios	56	247	6	1	44____	180000	1	-1	0	0	0	0	0	0	0	0	0
C	Marios	56	249	1	1	23____	0	0	1	0	0	0	0	0	0	0	0	0
C	Marios	56	249	1	1	23____	6631	1	0	0	0	0	1	0	0	0	0	0
C	Marios	56	249	1	1	23____	6633	1	0	0	0	0	0	0	0	0	1	0
C	Marios	56	249	1	1	23____	6952	1	0	0	0	0	1	0	0	0	0	0
C	Marios	56	249	1	1	23____	6954	1	0	0	0	0	0	0	0	0	1	0
C	Marios	56	249	1	1	23____	6967	1	0	0	0	0	1	0	0	0	0	0
C	Marios	56	249	1	1	23____	6970	1	0	0	0	0	0	0	0	0	1	0
C	Marios	56	249	1	1	23____	7111	1	0	0	0	0	1	0	0	0	0	0
C	Marios	56	249	1	1	23____	7115	1	0	0	0	0	1	0	0	0	1	0
C	Marios	56	249	1	1	23____	7117	1	0	0	0	0	0	0	0	0	1	0
C	Marios	56	249	1	1	23____	14531	1	0	0	0	0	1	0	0	0	0	0
C	Marios	56	249	1	1	23____	14533	1	0	0	0	0	0	0	0	0	1	0
C	Marios	56	249	1	1	23____	14589	1	0	0	0	0	1	0	0	0	0	0
C	Marios	56	249	1	1	23____	14594	1	0	0	0	0	0	0	0	0	1	0
C	Marios	56	249	1	1	23____	14605	1	0	0	0	0	1	0	0	0	0	0
C	Marios	56	249	1	1	23____	14615	1	0	0	0	0	0	0	0	0	1	0
C	Marios	56	249	1	1	23____	14755	1	0	0	0	0	1	0	0	0	0	0
C	Marios	56	249	1	1	23____	14757	1	0	0	0	0	0	0	0	0	1	0
C	Marios	56	249	1	1	23____	16757	1	0	0	0	0	1	0	0	0	0	0
C	Marios	56	249	1	1	23____	16759	1	0	0	0	0	0	0	0	0	1	0
C	Marios	56	249	1	1	23____	16784	1	0	0	0	0	1	0	0	0	0	0
C	Marios	56	249	1	1	23____	16791	1	0	0	0	0	0	0	0	0	1	0
C	Marios	56	249	1	1	23____	24165	1	0	0	0	0	1	0	0	0	0	0
C	Marios	56	249	1	1	23____	24170	1	0	0	0	0	0	0	0	0	1	0
C	Marios	56	249	1	1	23____	25633	1	0	0	0	0	1	0	0	0	0	0
C	Marios	56	249	1	1	23____	25636	1	0	0	0	0	0	0	0	0	1	0
C	Marios	56	249	1	1	23____	27374	1	0	0	0	0	1	0	0	0	0	0
C	Marios	56	249	1	1	23____	27609	1	0	0	0	0	0	0	0	0	1	0
C	Marios	56	249	1	1	23____	30406	1	0	0	0	0	1	0	0	0	0	0
C	Marios	56	249	1	1	23____	30438	1	0	0	0	0	0	0	0	0	1	0
C	Marios	56	249	1	1	23____	43333	1	0	0	0	0	1	0	0	0	0	0
C	Marios	56	249	1	1	23____	43340	1	0	0	0	0	0	0	0	0	1	0
C	Marios	56	249	1	1	23____	59027	1	0	0	0	0	1	0	0	0	0	0
C	Marios	56	249	1	1	23____	59031	1	0	0	0	0	0	0	0	0	1	0
C	Marios	56	249	1	1	23____	59086	1	0	0	0	0	1	0	0	0	0	0
C	Marios	56	249	1	1	23____	59099	1	0	0	0	0	0	0	0	0	1	0
C	Marios	56	249	1	1	23____	67882	1	0	0	0	0	1	0	0	0	0	0
C	Marios	56	249	1	1	23____	67885	1	0	0	0	0	0	0	0	0	1	0
C	Marios	56	249	1	1	23____	67918	1	0	0	0	0	1	0	0	0	0	0
C	Marios	56	249	1	1	23____	67920	1	0	0	0	0	0	0	0	0	1	0
C	Marios	56	249	1	1	23____	67924	1	0	0	0	0	1	0	0	0	0	0
C	Marios	56	249	1	1	23____	67935	1	0	0	0	0	0	0	0	0	1	0
C	Marios	56	249	1	1	23____	70416	1	0	0	0	0	1	0	0	0	0	0
C	Marios	56	249	1	1	23____	70421	1	0	0	0	0	0	0	0	0	1	0
C	Marios	56	249	1	1	23____	70423	1	0	0	0	0	1	0	0	0	0	0
C	Marios	56	249	1	1	23____	70515	1	0	0	0	0	0	0	0	0	1	0
C	Marios	56	249	1	1	23____	70641	1	0	0	0	0	1	0	0	0	0	0
C	Marios	56	249	1	1	23____	70667	1	0	0	0	0	0	0	0	0	1	0
C	Marios	56	249	1	1	23____	70675	1	0	0	0	0	1	0	0	0	0	0
C	Marios	56	249	1	1	23____	70691	1	0	0	0	0	0	0	0	0	1	0
C	Marios	56	249	1	1	23____	70697	1	0	0	0	0	1	0	0	0	0	0
C	Marios	56	249	1	1	23____	70699	1	0	0	0	0	0	0	0	0	1	0
C	Marios	56	249	1	1	23____	70700	1	0	0	0	0	1	0	0	0	0	0
C	Marios	56	249	1	1	23____	70701	1	0	0	0	0	0	0	0	0	1	0
C	Marios	56	249	1	1	23____	70704	1	0	0	0	0	1	0	0	0	0	0
C	Marios	56	249	1	1	23____	70706	1	0	0	0	0	0	0	0	0	1	0
C	Marios	56	249	1	1	23____	70711	1	0	0	0	0	1	0	0	0	0	0
C	Marios	56	249	1	1	23____	70724	1	0	0	0	0	0	0	0	0	1	0
C	Marios	56	249	1	1	23____	70734	1	0	0	0	0	1	0	0	0	0	0
C	Marios	56	249	1	1	23____	70739	1	0	0	0	0	0	0	0	0	1	0
C	Marios	56	249	1	1	23____	70747	1	0	0	0	0	1	0	0	0	0	0
C	Marios	56	249	1	1	23____	70773	1	0	0	0	0	0	0	0	0	1	0
C	Marios	56	249	1	1	23____	71265	1	0	0	0	0	1	0	0	0	0	0
C	Marios	56	249	1	1	23____	71271	1	0	0	0	0	0	0	0	0	1	0
C	Marios	56	249	1	1	23____	74482	1	0	0	0	0	1	0	0	0	0	0
C	Marios	56	249	1	1	23____	74484	1	0	0	0	0	1	0	0	0	1	0
C	Marios	56	249	1	1	23____	74486	1	0	0	0	0	0	0	0	0	1	0
C	Marios	56	249	1	1	23____	82679	1	0	0	0	0	1	0	0	0	0	0
C	Marios	56	249	1	1	23____	82696	1	0	0	0	0	0	0	0	0	1	0
C	Marios	56	249	1	1	23____	90929	1	0	0	0	0	1	0	0	0	0	0
C	Marios	56	249	1	1	23____	90931	1	0	0	0	0	0	0	0	0	1	0
C	Marios	56	249	1	1	23____	92260	1	0	0	0	0	1	0	0	0	0	0
C	Marios	56	249	1	1	23____	92267	1	0	0	0	0	0	0	0	0	1	0
C	Marios	56	249	1	1	23____	109135	1	0	0	0	0	1	0	0	0	0	0
C	Marios	56	249	1	1	23____	109213	1	0	0	0	0	0	0	0	0	1	0
C	Marios	56	249	1	1	23____	109235	1	0	0	0	0	1	0	0	0	0	0
C	Marios	56	249	1	1	23____	109265	1	0	0	0	0	0	0	0	0	1	0
C	Marios	56	249	1	1	23____	109280	1	0	0	0	0	1	0	0	0	0	0
C	Marios	56	249	1	1	23____	109523	1	0	0	0	0	0	0	0	0	1	0
C	Marios	56	249	1	1	23____	111109	1	0	0	0	0	1	0	0	0	0	0
C	Marios	56	249	1	1	23____	111112	1	0	0	0	0	0	0	0	0	1	0
C	Marios	56	249	1	1	23____	111116	1	0	0	0	0	1	0	0	0	0	0
C	Marios	56	249	1	1	23____	111178	1	0	0	0	0	0	0	0	0	1	0
C	Marios	56	249	1	1	23____	175750	1	0	0	0	0	1	0	0	0	0	0
C	Marios	56	249	1	1	23____	175752	1	0	0	0	0	0	0	0	0	1	0
C	Marios	56	249	1	1	23____	180000	1	-1	0	0	0	0	0	0	0	0	0
C	Marios	56	249	9	1	24____	0	0	1	0	0	0	0	0	0	0	0	0
C	Marios	56	249	9	1	24____	6110	1	0	0	0	0	1	0	0	0	0	0
C	Marios	56	249	9	1	24____	6123	1	0	0	0	0	0	0	0	0	1	0
C	Marios	56	249	9	1	24____	11887	1	0	0	0	0	1	0	0	0	0	0
C	Marios	56	249	9	1	24____	11909	1	0	0	0	0	0	0	0	0	1	0
C	Marios	56	249	9	1	24____	17823	1	0	0	0	0	1	0	0	0	0	0
C	Marios	56	249	9	1	24____	17829	1	0	0	0	0	0	0	0	0	1	0
C	Marios	56	249	9	1	24____	17831	1	0	0	0	0	1	0	0	0	0	0
C	Marios	56	249	9	1	24____	17841	1	0	0	0	0	0	0	0	0	1	0
C	Marios	56	249	9	1	24____	25110	1	0	0	0	0	1	0	0	0	0	0
C	Marios	56	249	9	1	24____	25125	1	0	0	0	0	0	0	0	0	1	0
C	Marios	56	249	9	1	24____	37025	1	0	0	0	0	1	0	0	0	0	0
C	Marios	56	249	9	1	24____	37028	1	0	0	0	0	0	0	0	0	1	0
C	Marios	56	249	9	1	24____	55715	1	0	0	0	0	1	0	0	0	0	0
C	Marios	56	249	9	1	24____	55871	1	0	0	0	0	0	0	0	0	1	0
C	Marios	56	249	9	1	24____	58537	1	0	0	0	0	1	0	0	0	0	0
C	Marios	56	249	9	1	24____	58550	1	0	0	0	0	0	0	0	0	1	0
C	Marios	56	249	9	1	24____	73738	1	0	0	0	0	1	0	0	0	0	0
C	Marios	56	249	9	1	24____	73760	1	0	0	0	0	0	0	0	0	1	0
C	Marios	56	249	9	1	24____	73761	1	0	0	0	0	1	0	0	0	0	0
C	Marios	56	249	9	1	24____	73802	1	0	0	0	0	0	0	0	0	1	0
C	Marios	56	249	9	1	24____	75869	1	0	0	0	0	1	0	0	0	0	0
C	Marios	56	249	9	1	24____	75876	1	0	0	0	0	0	0	0	0	1	0
C	Marios	56	249	9	1	24____	89389	1	0	0	0	0	1	0	0	0	0	0
C	Marios	56	249	9	1	24____	89393	1	0	0	0	0	0	0	0	0	1	0
C	Marios	56	249	9	1	24____	91248	1	0	0	0	0	1	0	0	0	0	0
C	Marios	56	249	9	1	24____	91254	1	0	0	0	0	0	0	0	0	1	0
C	Marios	56	249	9	1	24____	91255	1	0	0	0	0	1	0	0	0	0	0
C	Marios	56	249	9	1	24____	91287	1	0	0	0	0	0	0	0	0	1	0
C	Marios	56	249	9	1	24____	115538	1	0	0	0	0	1	0	0	0	0	0
C	Marios	56	249	9	1	24____	115542	1	0	0	0	0	0	0	0	0	1	0
C	Marios	56	249	9	1	24____	139631	1	0	0	0	0	1	0	0	0	0	0
C	Marios	56	249	9	1	24____	139634	1	0	0	0	0	1	0	0	0	1	0
C	Marios	56	249	9	1	24____	139996	1	0	0	0	0	0	0	0	0	1	0
C	Marios	56	249	9	1	24____	140030	1	0	0	0	0	1	0	0	0	0	0
C	Marios	56	249	9	1	24____	140035	1	0	0	0	0	0	0	0	0	1	0
C	Marios	56	249	9	1	24____	140037	1	0	0	0	0	1	0	0	0	0	0
C	Marios	56	249	9	1	24____	140300	1	0	0	0	0	0	0	0	0	1	0
C	Marios	56	249	9	1	24____	140312	1	0	0	0	0	1	0	0	0	0	0
C	Marios	56	249	9	1	24____	140355	1	0	0	0	0	0	0	0	0	1	0
C	Marios	56	249	9	1	24____	140356	1	0	0	0	0	1	0	0	0	0	0
C	Marios	56	249	9	1	24____	140407	1	0	0	0	0	0	0	0	0	1	0
C	Marios	56	249	9	1	24____	140413	1	0	0	0	0	1	0	0	0	0	0
C	Marios	56	249	9	1	24____	140415	1	0	0	0	0	0	0	0	0	1	0
C	Marios	56	249	9	1	24____	140417	1	0	0	0	0	1	0	0	0	0	0
C	Marios	56	249	9	1	24____	140443	1	0	0	0	0	0	0	0	0	1	0
C	Marios	56	249	9	1	24____	140446	1	0	0	0	0	1	0	0	0	0	0
C	Marios	56	249	9	1	24____	140559	1	0	0	0	0	0	0	0	0	1	0
C	Marios	56	249	9	1	24____	140576	1	0	0	0	0	1	0	0	0	0	0
C	Marios	56	249	9	1	24____	140660	1	0	0	0	0	0	0	0	0	1	0
C	Marios	56	249	9	1	24____	140662	1	0	0	0	0	1	0	0	0	0	0
C	Marios	56	249	9	1	24____	140666	1	0	0	0	0	0	0	0	0	1	0
C	Marios	56	249	9	1	24____	140671	1	0	0	0	0	1	0	0	0	0	0
C	Marios	56	249	9	1	24____	140674	1	0	0	0	0	0	0	0	0	1	0
C	Marios	56	249	9	1	24____	140680	1	0	0	0	0	1	0	0	0	0	0
C	Marios	56	249	9	1	24____	140692	1	0	0	0	0	0	0	0	0	1	0
C	Marios	56	249	9	1	24____	140738	1	0	0	0	0	1	0	0	0	0	0
C	Marios	56	249	9	1	24____	140807	1	0	0	0	0	0	0	0	0	1	0
C	Marios	56	249	9	1	24____	140809	1	0	0	0	0	1	0	0	0	0	0
C	Marios	56	249	9	1	24____	140813	1	0	0	0	0	0	0	0	0	1	0
C	Marios	56	249	9	1	24____	141237	1	0	0	0	0	1	0	0	0	0	0
C	Marios	56	249	9	1	24____	141274	1	0	0	0	0	0	0	0	0	1	0
C	Marios	56	249	9	1	24____	141303	1	0	0	0	0	1	0	0	0	0	0
C	Marios	56	249	9	1	24____	141305	1	0	0	0	0	0	0	0	0	1	0
C	Marios	56	249	9	1	24____	145576	1	0	0	0	0	1	0	0	0	0	0
C	Marios	56	249	9	1	24____	145586	1	0	0	0	0	0	0	0	0	1	0
C	Marios	56	249	9	1	24____	145587	1	0	0	0	0	1	0	0	0	0	0
C	Marios	56	249	9	1	24____	145590	1	0	0	0	0	0	0	0	0	1	0
C	Marios	56	249	9	1	24____	145676	1	0	0	0	0	1	0	0	0	0	0
C	Marios	56	249	9	1	24____	145678	1	0	0	0	0	0	0	0	0	1	0
C	Marios	56	249	9	1	24____	180000	1	-1	0	0	0	0	0	0	0	0	0
C	Marios	56	249	2	1	25____	0	0	1	0	0	0	0	0	0	0	0	0
C	Marios	56	249	2	1	25____	57	1	0	0	0	0	1	0	0	0	0	0
C	Marios	56	249	2	1	25____	74	1	0	0	0	0	0	0	0	0	1	0
C	Marios	56	249	2	1	25____	4246	1	0	0	0	0	1	0	0	0	0	0
C	Marios	56	249	2	1	25____	4327	1	0	0	0	0	0	0	0	0	1	0
C	Marios	56	249	2	1	25____	7545	1	0	0	0	0	1	0	0	0	0	0
C	Marios	56	249	2	1	25____	7597	1	0	0	0	0	0	0	0	0	1	0
C	Marios	56	249	2	1	25____	7603	1	0	0	0	0	1	0	0	0	0	0
C	Marios	56	249	2	1	25____	7605	1	0	0	0	0	0	0	0	0	1	0
C	Marios	56	249	2	1	25____	9687	1	0	0	0	0	1	0	0	0	0	0
C	Marios	56	249	2	1	25____	9695	1	0	0	0	0	0	0	0	0	1	0
C	Marios	56	249	2	1	25____	12640	1	0	0	0	0	1	0	0	0	0	0
C	Marios	56	249	2	1	25____	12676	1	0	0	0	0	0	0	0	0	1	0
C	Marios	56	249	2	1	25____	12760	1	0	0	0	0	1	0	0	0	0	0
C	Marios	56	249	2	1	25____	12764	1	0	0	0	0	0	0	0	0	1	0
C	Marios	56	249	2	1	25____	20644	1	0	0	0	0	1	0	0	0	0	0
C	Marios	56	249	2	1	25____	20649	1	0	0	0	0	0	0	0	0	1	0
C	Marios	56	249	2	1	25____	22965	1	0	0	0	0	1	0	0	0	0	0
C	Marios	56	249	2	1	25____	22981	1	0	0	0	0	0	0	0	0	1	0
C	Marios	56	249	2	1	25____	22983	1	0	0	0	0	1	0	0	0	0	0
C	Marios	56	249	2	1	25____	23043	1	0	0	0	0	0	0	0	0	1	0
C	Marios	56	249	2	1	25____	23050	1	0	0	0	0	1	0	0	0	0	0
C	Marios	56	249	2	1	25____	23053	1	0	0	0	0	1	0	0	0	1	0
C	Marios	56	249	2	1	25____	23120	1	0	0	0	0	0	0	0	0	1	0
C	Marios	56	249	2	1	25____	23122	1	0	0	0	0	1	0	0	0	0	0
C	Marios	56	249	2	1	25____	23160	1	0	0	0	0	0	0	0	0	1	0
C	Marios	56	249	2	1	25____	25156	1	0	0	0	0	1	0	0	0	0	0
C	Marios	56	249	2	1	25____	25200	1	0	0	0	0	0	0	0	0	1	0
C	Marios	56	249	2	1	25____	25225	1	0	0	0	0	1	0	0	0	0	0
C	Marios	56	249	2	1	25____	25275	1	0	0	0	0	0	0	0	0	1	0
C	Marios	56	249	2	1	25____	25287	1	0	0	0	0	1	0	0	0	0	0
C	Marios	56	249	2	1	25____	25398	1	0	0	0	0	0	0	0	0	1	0
C	Marios	56	249	2	1	25____	25400	1	0	0	0	0	1	0	0	0	0	0
C	Marios	56	249	2	1	25____	25433	1	0	0	0	0	0	0	0	0	1	0
C	Marios	56	249	2	1	25____	25911	1	0	0	0	0	1	0	0	0	0	0
C	Marios	56	249	2	1	25____	25919	1	0	0	0	0	0	0	0	0	1	0
C	Marios	56	249	2	1	25____	28684	1	0	0	0	0	1	0	0	0	0	0
C	Marios	56	249	2	1	25____	28708	1	0	0	0	0	0	0	0	0	1	0
C	Marios	56	249	2	1	25____	30266	1	0	0	0	0	1	0	0	0	0	0
C	Marios	56	249	2	1	25____	30269	1	0	0	0	0	0	0	0	0	1	0
C	Marios	56	249	2	1	25____	30273	1	0	0	0	0	1	0	0	0	0	0
C	Marios	56	249	2	1	25____	30281	1	0	0	0	0	0	0	0	0	1	0
C	Marios	56	249	2	1	25____	30303	1	0	0	0	0	1	0	0	0	0	0
C	Marios	56	249	2	1	25____	30321	1	0	0	0	0	0	0	0	0	1	0
C	Marios	56	249	2	1	25____	30337	1	0	0	0	0	1	0	0	0	0	0
C	Marios	56	249	2	1	25____	30361	1	0	0	0	0	0	0	0	0	1	0
C	Marios	56	249	2	1	25____	30373	1	0	0	0	0	1	0	0	0	0	0
C	Marios	56	249	2	1	25____	30440	1	0	0	0	0	0	0	0	0	1	0
C	Marios	56	249	2	1	25____	32439	1	0	0	0	0	1	0	0	0	0	0
C	Marios	56	249	2	1	25____	32442	1	0	0	0	0	1	0	0	0	1	0
C	Marios	56	249	2	1	25____	32449	1	0	0	0	0	0	0	0	0	1	0
C	Marios	56	249	2	1	25____	32451	1	0	0	0	0	1	0	0	0	0	0
C	Marios	56	249	2	1	25____	32464	1	0	0	0	0	0	0	0	0	1	0
C	Marios	56	249	2	1	25____	35263	1	0	0	0	0	1	0	0	0	0	0
C	Marios	56	249	2	1	25____	35271	1	0	0	0	0	0	0	0	0	1	0
C	Marios	56	249	2	1	25____	35282	1	0	0	0	0	1	0	0	0	0	0
C	Marios	56	249	2	1	25____	35284	1	0	0	0	0	0	0	0	0	1	0
C	Marios	56	249	2	1	25____	35304	1	0	0	0	0	1	0	0	0	0	0
C	Marios	56	249	2	1	25____	35402	1	0	0	0	0	0	0	0	0	1	0
C	Marios	56	249	2	1	25____	40183	1	0	0	0	0	1	0	0	0	0	0
C	Marios	56	249	2	1	25____	40321	1	0	0	0	0	0	0	0	0	1	0
C	Marios	56	249	2	1	25____	42633	1	0	0	0	0	1	0	0	0	0	0
C	Marios	56	249	2	1	25____	42692	1	0	0	0	0	0	0	0	0	1	0
C	Marios	56	249	2	1	25____	42797	1	0	0	0	0	1	0	0	0	0	0
C	Marios	56	249	2	1	25____	42935	1	0	0	0	0	0	0	0	0	1	0
C	Marios	56	249	2	1	25____	42960	1	0	0	0	0	1	0	0	0	0	0
C	Marios	56	249	2	1	25____	43050	1	0	0	0	0	0	0	0	0	1	0
C	Marios	56	249	2	1	25____	49700	1	0	0	0	0	1	0	0	0	0	0
C	Marios	56	249	2	1	25____	49711	1	0	0	0	0	0	0	0	0	1	0
C	Marios	56	249	2	1	25____	49863	1	0	0	0	0	1	0	0	0	0	0
C	Marios	56	249	2	1	25____	49865	1	0	0	0	0	0	0	0	0	1	0
C	Marios	56	249	2	1	25____	49868	1	0	0	0	0	1	0	0	0	0	0
C	Marios	56	249	2	1	25____	50008	1	0	0	0	0	0	0	0	0	1	0
C	Marios	56	249	2	1	25____	50992	1	0	0	0	0	1	0	0	0	0	0
C	Marios	56	249	2	1	25____	51040	1	0	0	0	0	0	0	0	0	1	0
C	Marios	56	249	2	1	25____	55716	1	0	0	0	0	1	0	0	0	0	0
C	Marios	56	249	2	1	25____	55792	1	0	0	0	0	0	0	0	0	1	0
C	Marios	56	249	2	1	25____	58467	1	0	0	0	0	1	0	0	0	0	0
C	Marios	56	249	2	1	25____	58599	1	0	0	0	0	0	0	0	0	1	0
C	Marios	56	249	2	1	25____	70614	1	0	0	0	0	1	0	0	0	0	0
C	Marios	56	249	2	1	25____	70683	1	0	0	0	0	0	0	0	0	1	0
C	Marios	56	249	2	1	25____	70913	1	0	0	0	0	1	0	0	0	0	0
C	Marios	56	249	2	1	25____	70962	1	0	0	0	0	0	0	0	0	1	0
C	Marios	56	249	2	1	25____	75337	1	0	0	0	0	1	0	0	0	0	0
C	Marios	56	249	2	1	25____	75367	1	0	0	0	0	0	0	0	0	1	0
C	Marios	56	249	2	1	25____	78184	1	0	0	0	0	1	0	0	0	0	0
C	Marios	56	249	2	1	25____	78189	1	0	0	0	0	0	0	0	0	1	0
C	Marios	56	249	2	1	25____	99077	1	0	0	0	0	1	0	0	0	0	0
C	Marios	56	249	2	1	25____	99080	1	0	0	0	0	0	0	0	0	1	0
C	Marios	56	249	2	1	25____	99088	1	0	0	0	0	1	0	0	0	0	0
C	Marios	56	249	2	1	25____	99188	1	0	0	0	0	0	0	0	0	1	0
C	Marios	56	249	2	1	25____	100617	1	0	0	0	0	1	0	0	0	0	0
C	Marios	56	249	2	1	25____	100625	1	0	0	0	0	0	0	0	0	1	0
C	Marios	56	249	2	1	25____	100770	1	0	0	0	0	1	0	0	0	0	0
C	Marios	56	249	2	1	25____	100773	1	0	0	0	0	0	0	0	0	1	0
C	Marios	56	249	2	1	25____	100777	1	0	0	0	0	1	0	0	0	0	0
C	Marios	56	249	2	1	25____	100886	1	0	0	0	0	0	0	0	0	1	0
C	Marios	56	249	2	1	25____	101390	1	0	0	0	0	1	0	0	0	0	0
C	Marios	56	249	2	1	25____	101393	1	0	0	0	0	0	0	0	0	1	0
C	Marios	56	249	2	1	25____	101420	1	0	0	0	0	1	0	0	0	0	0
C	Marios	56	249	2	1	25____	101429	1	0	0	0	0	0	0	0	0	1	0
C	Marios	56	249	2	1	25____	101480	1	0	0	0	0	1	0	0	0	0	0
C	Marios	56	249	2	1	25____	101509	1	0	0	0	0	0	0	0	0	1	0
C	Marios	56	249	2	1	25____	102204	1	0	0	0	0	1	0	0	0	0	0
C	Marios	56	249	2	1	25____	102214	1	0	0	0	0	0	0	0	0	1	0
C	Marios	56	249	2	1	25____	110064	1	0	0	0	0	1	0	0	0	0	0
C	Marios	56	249	2	1	25____	110232	1	0	0	0	0	0	0	0	0	1	0
C	Marios	56	249	2	1	25____	110234	1	0	0	0	0	1	0	0	0	0	0
C	Marios	56	249	2	1	25____	110260	1	0	0	0	0	0	0	0	0	1	0
C	Marios	56	249	2	1	25____	110261	1	0	0	0	0	1	0	0	0	0	0
C	Marios	56	249	2	1	25____	110491	1	0	0	0	0	0	0	0	0	1	0
C	Marios	56	249	2	1	25____	110497	1	0	0	0	0	1	0	0	0	0	0
C	Marios	56	249	2	1	25____	110516	1	0	0	0	0	0	0	0	0	1	0
C	Marios	56	249	2	1	25____	144376	1	0	0	0	0	1	0	0	0	0	0
C	Marios	56	249	2	1	25____	144385	1	0	0	0	0	0	0	0	0	1	0
C	Marios	56	249	2	1	25____	161992	1	0	0	0	0	1	0	0	0	0	0
C	Marios	56	249	2	1	25____	162007	1	0	0	0	0	0	0	0	0	1	0
C	Marios	56	249	2	1	25____	173827	1	0	0	0	0	1	0	0	0	0	0
C	Marios	56	249	2	1	25____	173866	1	0	0	0	0	0	0	0	0	1	0
C	Marios	56	249	2	1	25____	174811	1	0	0	0	0	1	0	0	0	0	0
C	Marios	56	249	2	1	25____	174820	1	0	0	0	0	0	0	0	0	1	0
C	Marios	56	249	2	1	25____	174930	1	0	0	0	0	1	0	0	0	0	0
C	Marios	56	249	2	1	25____	175066	1	0	0	0	0	0	0	0	0	1	0
C	Marios	56	249	2	1	25____	175129	1	0	0	0	0	1	0	0	0	0	0
C	Marios	56	249	2	1	25____	175140	1	0	0	0	0	0	0	0	0	1	0
C	Marios	56	249	2	1	25____	175152	1	0	0	0	0	1	0	0	0	0	0
C	Marios	56	249	2	1	25____	175163	1	0	0	0	0	0	0	0	0	1	0
C	Marios	56	249	2	1	25____	175166	1	0	0	0	0	1	0	0	0	0	0
C	Marios	56	249	2	1	25____	175168	1	0	0	0	0	0	0	0	0	1	0
C	Marios	56	249	2	1	25____	175178	1	0	0	0	0	1	0	0	0	0	0
C	Marios	56	249	2	1	25____	175328	1	0	0	0	0	0	0	0	0	1	0
C	Marios	56	249	2	1	25____	180000	1	-1	0	0	0	0	0	0	0	0	0
